<ticker>,<date>,<open>,<high>,<low>,<close>,<vol>
A,20100409,34.04,34.23,33.87,34.23,2795800
AA,20100409,44.1,44.22,42.57,43.17,56211600
AAN,20100409,22.78,22.84,22.5267,22.84,360600
AAP,20100409,42.34,42.38,41.84,42.13,1338500
AAV,20100409,7.08,7.15,6.95,7.02,653900
AB,20100409,32.09,32.26,31.68,31.95,310800
ABB,20100409,21.97,22.35,21.96,22.33,2896800
ABC,20100409,29.26,29.48,29.18,29.47,2018600
ABG,20100409,13.57,13.75,13.48,13.59,205600
ABM,20100409,20.68,20.85,20.26,20.81,174100
ABR,20100409,4.26,4.78,4.03,4.4,853700
ABT,20100409,52.35,52.85,52.28,52.73,5583600
ABX,20100409,41.21,41.85,40.87,41.29,9274700
ACC,20100409,28.79,28.95,28.38,28.66,714000
ACH,20100409,28.53,28.83,28.45,28.64,904400
ACM,20100409,28.63,28.78,28.52,28.75,543000
ACN,20100409,42.06,42.9,42.03,42.83,5265000
ACV,20100409,26.68,27.13,26.63,27.12,573000
ADC,20100409,24.01,24.78,24,24.35,12000
ADM,20100409,28.09,28.3,28.04,28.26,4140700
ADS,20100409,64.73,65.72,64.41,64.96,916300
ADX,20100409,10.73,10.87,10.73,10.85,85400
AEB,20100409,20.31,20.4,20.31,20.4,26400
AED,20100409,19.76,19.99,19.76,19.95,47100
AEE,20100409,26.26,26.51,26.18,26.51,959000
AEG,20100409,7.07,7.15,7.04,7.15,470200
AEH,20100409,19.75,19.82,19.63,19.81,82100
AEL,20100409,10.8,10.9,10.63,10.73,327500
AEM,20100409,60.48,61.44,59.75,61.12,2419100
AEO,20100409,17.6,17.84,17.19,17.77,7480900
AEP,20100409,34.2,34.28,33.75,34.27,2303800
AER,20100409,13.05,13.17,12.93,13.01,487500
AES,20100409,11.31,11.39,11.2,11.28,7910300
AES-C,20100409,45.55,45.55,45.48,45.5,10200
AET,20100409,33.23,33.58,32.4,33.03,7097000
AF,20100409,15.48,15.48,14.9,15.01,854600
AFB,20100409,13.95,14.03,13.94,13.94,24800
AFC,20100409,19.84,19.99,19.84,19.94,16300
AFG,20100409,29.12,29.27,28.88,29.01,246700
AFL,20100409,55.54,55.76,55.05,55.76,1863400
AGC,20100409,9.12,9.25,9.09,9.24,224500
AGCO,20100409,37.86,38.72,37.79,38.63,1067500
AGD,20100409,22.58,23.22,22.46,23.14,240700
AGM,20100409,15.82,16.08,13.92,14.57,980700
AGM.A,20100409,14.4,14.4,12.7,13.2,5100
AGN,20100409,63.61,63.74,63.11,63.33,1682600
AGO,20100409,23.06,23.77,22.59,22.9,2338300
AGO-B,20100409,22.2,22.45,22.18,22.25,4300
AGO-E,20100409,20.17,20.48,20.17,20.26,21200
AGO-F,20100409,18.37,18.45,17.87,18.4,11200
AGU,20100409,68.99,69.02,68.29,68.85,761800
AHC,20100409,7.52,7.64,7.38,7.61,88400
AHL,20100409,28.61,28.8,28.48,28.66,544800
AHL-A,20100409,23.1,23.21,22.93,23.15,10100
AHT,20100409,7.99,8,7.89,7.99,277400
AHT-A,20100409,22.15,22.23,22.15,22.2,2200
AHT-D,20100409,21.94,22.05,21.88,22,1800
AI,20100409,19.22,19.25,18.91,19.19,14100
AIB,20100409,21.2,21.7,20.2,20.45,10523100
AIG,20100409,38.16,39.3,37.75,38.14,22286100
AIN,20100409,21.8,22.13,21.44,22.11,126300
AIR,20100409,24.83,24.93,24.57,24.88,187300
AIT,20100409,25.72,26.05,25.42,25.93,296700
AIV,20100409,19.54,20.05,19.43,19.92,1677700
AIZ,20100409,34.78,34.78,34.38,34.63,967400
AJG,20100409,24.51,24.62,24.29,24.61,398800
AKO.A,20100409,17.72,17.72,17.37,17.5,7200
AKO.B,20100409,20.5,21.12,20.34,21.1,8400
AKP,20100409,13.04,13.07,13.01,13.07,13700
AKR,20100409,18.1,18.34,17.92,18.33,126800
AKS,20100409,23.53,23.76,22.75,23.01,11685500
ALB,20100409,43.76,44.31,43.44,44.31,333000
ALE,20100409,34.82,35.06,34.81,34.99,130600
ALEX,20100409,33.09,34.3,32.91,34.29,330100
ALG,20100409,20.53,20.55,20.17,20.37,18500
ALJ,20100409,7.39,7.42,7.28,7.33,59600
ALK,20100409,10.5275,10.55,10.2925,10.54,285900
ALL,20100409,33.16,33.33,32.8,32.97,3045500
ALP-O,20100409,24.8,24.9,24.8,24.9,1200
ALV,20100409,52.37,53.89,52.37,53.77,1166100
ALX,20100409,313.17,316.35,311.2,314.37,3100
AM,20100409,21.61,22.32,21.6,22.31,288500
AME,20100409,18.8445,18.8889,18.7378,18.8622,281000
AMG,20100409,81.3,81.44,80.27,81.29,459700
AMN,20100409,63.15,63.8,62.83,63.05,77800
AMP,20100409,46.32,46.32,45.85,46.16,1471300
AMT,20100409,42.07,42.78,42.02,42.62,4284900
AMX,20100409,25.26,25.625,25.175,25.605,4250900
AN,20100409,18.52,18.63,18.24,18.36,1976500
ANF,20100409,47.6,50.1,47.28,49.98,7713700
ANH,20100409,6.87,6.89,6.85,6.88,1053200
ANH-A,20100409,24.45,24.46,24.22,24.45,7400
ANH-B,20100409,22.2,22.5,22.2,22.45,9300
ANW,20100409,28.48,29.39,27.75,28.03,958500
AOD,20100409,18.3,18.46,18.26,18.4,722100
AOI,20100409,53.7,53.7,52.2,53.1,279100
AON,20100409,43.23,43.37,43.06,43.14,1012900
AOS,20100409,9.0334,9.1417,9.0067,9.115,200100
AP,20100409,25.92,25.92,25.55,25.79,17400
APA,20100409,106.63,107.38,106.08,106.76,2944200
APB,20100409,10.35,10.43,10.34,10.39,23900
APC,20100409,73.62,74.15,72.77,73.3,2882200
APD,20100409,74.3,75.43,73.9,75.36,1279800
APF,20100409,15.47,15.54,15.47,15.52,107400
APH,20100409,21.415,21.665,21.235,21.65,958800
APU,20100409,41.11,41.25,40.75,41.19,46400
ARE,20100409,71.25,72.66,71.2,72.56,410100
ARI,20100409,18.31,18.39,18.18,18.37,39900
ARL,20100409,10.83,10.83,10.8,10.8,1200
ARW,20100409,29.94,30.01,29.49,30,901700
ASA,20100409,26.8333,27.38,26.8333,27.2367,25200
ASG,20100409,3.8,3.82,3.78,3.82,39500
ASH,20100409,59.47,60.22,58.77,60.22,1483300
ASR,20100409,52.99,53.56,52.83,53.48,49900
ASX,20100409,4.78,4.79,4.73,4.79,1219000
AT,20100409,11.77,11.97,11.77,11.82,77900
ATI,20100409,55.58,56.47,55.03,55.69,1761500
ATO,20100409,29.05,29.34,28.87,29.33,303400
ATR,20100409,40.35,40.93,40.01,40.92,172600
ATU,20100409,20.36,20.36,19.96,20.04,521500
ATV,20100409,4.98,5,4.92,4.94,57600
ATW,20100409,35.7,35.93,35.33,35.9,478400
AU,20100409,41.08,41.55,40.76,41.2,1267200
AUO,20100409,11.35,11.47,11.31,11.47,2361200
AUY,20100409,10.6,10.72,10.5,10.57,9739600
AV,20100409,11.87,12.07,11.87,11.98,13300
AVA,20100409,20.65,20.71,20.4,20.57,218800
AVB,20100409,91.3,93.54,91.22,92.88,1007100
AVD,20100409,8.16,8.25,8.14,8.24,35600
AVK,20100409,17.15,17.27,17.13,17.2,95500
AVP,20100409,33.96,34.59,33.79,34.33,4266100
AVT,20100409,30.53,31.07,30.2,31.07,1197700
AVX,20100409,14.66,14.76,14.52,14.7,242300
AVY,20100409,37.25,37.45,36.84,37.39,1036800
AWF,20100409,14.36,14.44,14.31,14.35,147900
AWH,20100409,14.9067,14.9067,14.7333,14.8933,186900
AWI,20100409,38.65,39.43,38.52,39.29,150700
AWK,20100409,21.46,21.66,21.25,21.62,994500
AWP,20100409,6.7,6.7,6.54,6.61,752200
AWR,20100409,18.445,18.975,18.37,18.91,198500
AXE,20100409,47.64,47.85,46.71,47.81,346400
AXL,20100409,10.28,10.39,10.06,10.09,1642000
AXP,20100409,43.69,44.09,43.54,43.88,6614100
AXR,20100409,13.92,14.6,13.92,13.92,1800
AXS,20100409,31.65,31.82,31.36,31.39,1135800
AYI,20100409,45.28,45.5,44.74,45.19,237500
AYR,20100409,10.65,10.94,10.55,10.92,349900
AZN,20100409,44.94,45.19,44.91,45.13,1498500
AZO,20100409,175.33,175.6,174.2,175.29,232500
AZZ,20100409,20.07,20.245,19.885,20.015,70300
B,20100409,20.25,20.27,19.89,20.11,147100
BA,20100409,72.26,72.66,71.81,72.42,3345700
BAC,20100409,18.82,18.85,18.5,18.59,135480500
BAC-C,20100409,23.23,23.28,23.16,23.28,33400
BAC-D,20100409,20.5,20.54,20.42,20.49,30900
BAC-E,20100409,19.62,19.68,19.52,19.59,53800
BAC-I,20100409,22.48,22.48,22.34,22.35,11100
BAC-L,20100409,981,985,981,981.05,2100
BAC-W,20100409,23.32,23.35,23.26,23.35,26300
BAC-Y,20100409,20.83,20.83,20.73,20.77,28400
BAC.A,20100409,10.63,10.63,10.18,10.34,1588200
BAC.B,20100409,4.26,4.36,4.04,4.1,1087400
BAF,20100409,14.29,14.43,14.29,14.42,13100
BAK,20100409,14.9,14.97,14.63,14.73,76900
BAM,20100409,16.9,16.9467,16.8067,16.8933,560500
BAP,20100409,88.4,89.05,87.74,87.91,201800
BAS,20100409,8.97,9.43,8.82,9.41,520800
BAX,20100409,57.81,58.25,57.66,57.99,3582100
BBD,20100409,14.4924,14.6363,14.3939,14.5758,7390200
BBF,20100409,13.8,13.89,13.78,13.83,3700
BBG,20100409,31.12,31.39,30.97,31.24,391200
BBK,20100409,14.83,14.83,14.7,14.78,20000
BBL,20100409,70.2,70.59,69.92,70.4,1592200
BBT,20100409,33.81,33.96,33.51,33.85,4564000
BBVA,20100409,14.47,14.94,14.45,14.93,1549600
BBW,20100409,7.46,7.46,7.3,7.34,62500
BBX,20100409,10.15,10.25,9.55,9.8,918500
BBY,20100409,44.74,44.9,44.21,44.89,6528400
BC,20100409,16.63,16.72,16.26,16.31,1471800
BCE,20100409,29.8,30,29.62,29.86,572000
BCH,20100409,62.18,62.48,61.43,62.07,8500
BCO,20100409,28.81,28.81,28.42,28.7,124500
BCR,20100409,84.1,85.21,83.96,85.21,398300
BCS,20100409,21.73,22.05,21.71,22,1513800
BCS-A,20100409,24.16,24.19,24.07,24.12,57300
BCS-D,20100409,25.77,25.77,25.69,25.72,127300
BDC,20100409,27.9,28.22,27.61,28.19,122000
BDJ,20100409,8.91,8.99,8.89,8.95,161200
BDN,20100409,12.57,12.76,12.49,12.6,2011600
BDX,20100409,78.76,78.97,78.37,78.91,768900
BEN,20100409,37.85,38.3633,37.85,38.2733,837100
BF.A,20100409,20.76,20.78,20.6634,20.67,12700
BF.B,20100409,19.7534,19.9867,19.7534,19.9534,227700
BFK,20100409,13.57,13.57,13.52,13.54,49700
BFO,20100409,13.9,13.96,13.8,13.92,12100
BFR,20100409,7.39,7.79,7.39,7.75,188300
BFS,20100409,42,42,41.46,41.94,39800
BFZ,20100409,13.09,13.15,13.03,13.15,100000
BG,20100409,59.76,60.48,59.26,60.35,1715900
BGC,20100409,29.5,30.14,29.46,29.95,1253900
BGE-B,20100409,24.2,24.39,24.2,24.34,11800
BGG,20100409,22.11,22.11,21.85,22.03,554400
BGH,20100409,34.65,34.65,33.75,34.1,39400
BGR,20100409,26.12,26.5,26.12,26.42,66000
BGS,20100409,10.39,10.39,10.26,10.31,127700
BGT,20100409,15.51,15.58,15.33,15.45,74600
BGY,20100409,11.22,11.34,11.2,11.33,257900
BH,20100409,401.45,418,393.75,407,10700
BHE,20100409,21.47,21.47,21.01,21.38,161000
BHI,20100409,49.13,49.22,48.19,48.84,3453900
BHK,20100409,12.18,12.18,12.14,12.16,47400
BHL,20100409,12.87,12.94,12.86,12.9,43100
BHP,20100409,81.84,82.43,81.56,82.3,2569100
BID,20100409,33.51,33.92,32.83,33.91,981500
BIF,20100409,6.28,6.37,6.28,6.31,58400
BIG,20100409,38.87,39.37,38.4,39.22,1778400
BIO,20100409,105.15,107.13,105.11,107.13,41900
BIO.B,20100409,106.03,106.03,106.03,106.03,100
BIP,20100409,11.7333,11.8867,11.6333,11.8467,65500
BJZ,20100409,15.28,15.28,15.21,15.22,2800
BK,20100409,31.87,32.07,31.69,31.95,4430200
BKD,20100409,21.38,21.86,21.38,21.49,199300
BKE,20100409,38.33,38.69,37.56,37.68,705600
BKH,20100409,31.65,31.89,31.3,31.87,527000
BKK,20100409,14.91,14.92,14.74,14.82,56200
BKN,20100409,14.18,14.23,14.14,14.16,5000
BKS,20100409,22.44,22.77,22.11,22.77,500900
BKT,20100409,6.51,6.53,6.49,6.49,245300
BLH,20100409,16.61,16.7,16.61,16.7,2300
BLK,20100409,203.98,208.9,203.98,206.11,774600
BLL,20100409,26.975,27.19,26.895,27.185,327800
BLW,20100409,16.3,16.5,16.25,16.38,212200
BLX,20100409,15.53,15.55,15.28,15.37,155800
BMA,20100409,31.06,31.76,30.75,31.7,29400
BME,20100409,27.44,27.59,27.29,27.5,22500
BMI,20100409,39.59,39.61,39.1,39.27,59500
BML-G,20100409,17.92,17.95,17.8,17.91,17100
BML-H,20100409,17.74,17.83,17.7,17.83,22500
BML-I,20100409,20.61,20.69,20.53,20.66,21100
BML-J,20100409,21.57,21.63,21.56,21.6,14400
BML-L,20100409,18.82,19.13,18.82,19.1,292400
BMO,20100409,60.88,61.4,60.72,60.95,324800
BMS,20100409,29.34,29.88,29.31,29.88,1200800
BMY,20100409,26.2,26.36,26.1,26.25,11263900
BNJ,20100409,14.98,15.14,14.98,15.14,7200
BNS,20100409,50.04,50.66,49.94,50.34,214600
BNY,20100409,14.94,14.97,14.9,14.9,14800
BOE,20100409,19.89,20.06,19.89,20.02,135300
BOH,20100409,46.82,47.34,46.25,47.34,363800
BP,20100409,59.12,59.5,59.03,59.46,6551200
BPI,20100409,24.04,24.22,23.53,23.6,164300
BPK,20100409,15.63,15.63,15.55,15.6,5700
BPL,20100409,61.8,61.95,61.34,61.67,67400
BPT,20100409,103,104.99,103,104.99,329300
BQH,20100409,15.1,15.1,15.05,15.05,400
BR,20100409,21.33,21.86,21.26,21.85,960400
BRC,20100409,31.84,32.21,31.55,32.07,193400
BRFS,20100409,13.85,13.99,13.5,13.72,1292200
BRK.A,20100409,119455,121050,119366,121050,600
BRK.B,20100409,79.82,80.55,79.51,80.49,3131900
BRO,20100409,18.09,18.3,18.02,18.3,489700
BRS,20100409,37.94,38.04,37.49,37.95,192000
BRT,20100409,6.63,6.66,6.5,6.61,33500
BSBR,20100409,12.48,12.66,12.34,12.42,2877400
BSD,20100409,12.66,12.66,12.6,12.65,10200
BSE,20100409,14.13,14.18,14.06,14.18,12000
BSX,20100409,6.99,7.02,6.89,6.97,39585400
BT,20100409,9.39,9.46,9.38,9.435,59800
BTA,20100409,10.58,10.61,10.56,10.58,26400
BTE,20100409,34.88,35.24,34.16,34.55,239300
BTO,20100409,17.35,17.4,17.29,17.33,24300
BTZ,20100409,12.39,12.41,12.34,12.39,103700
BUD,20100409,51.2,52.02,51.19,51.95,466900
BVN,20100409,34.64,35.13,34.28,34.43,840400
BW,20100409,26.06,26.33,25.84,25.98,87500
BWA,20100409,18.98,19.24,18.805,19.095,2708300
BWP,20100409,29.91,29.92,29.65,29.78,276900
BX,20100409,14.69,14.75,14.57,14.73,2572900
BXC,20100409,46,49.3,45.5,49.2,128000
BXP,20100409,77.13,78.43,76.95,78.35,1022200
BXS,20100409,22.15,22.23,22,22.19,246800
BYD,20100409,12.29,12.37,11.75,12.33,4002100
BYM,20100409,14.47,14.48,14.34,14.36,51900
BZH,20100409,24.05,24.65,23.95,24.05,2249700
C,20100409,45.4,45.7,45.2,45.5,66445990
C-J,20100409,25.77,25.85,25.72,25.8,467900
C-P,20100409,15.91,20.79,15.91,20.79,4900
C-S,20100409,19.33,19.41,19.28,19.37,32400
CAB,20100409,17.79,17.83,17.54,17.68,303000
CACI,20100409,48.55,48.79,48.08,48.6,193100
CAE,20100409,10.17,10.18,9.97,10.04,45900
CAF,20100409,29.89,29.98,29.72,29.76,83400
CAG,20100409,25.16,25.35,25.13,25.23,2725700
CAH,20100409,35.98,36.47,35.93,36.45,2240600
CAJ,20100409,46.11,46.26,45.76,46.05,665600
CAL,20100409,21.26,21.53,21.01,21.53,4897700
CALX,20100409,13.7,13.95,13.52,13.77,71200
CAS,20100409,14.12,14.31,14.02,14.25,110300
CAT,20100409,64.9,65.52,64.82,65.27,6023200
CATO,20100409,23.84,23.91,23.28,23.6,103700
CB,20100409,51.69,51.87,51.41,51.61,1595200
CBB,20100409,16.7,17,16.5,17,1028200
CBB-B,20100409,39.25,39.4,39.1,39.15,5700
CBD,20100409,36.345,36.575,35.74,36.335,275200
CBG,20100409,16.69,16.96,16.64,16.96,3839400
CBI,20100409,23.87,24,23.38,23.95,1459800
CBK,20100409,9.17,9.21,8.81,9.15,297600
CBL,20100409,14.83,15.21,14.65,15.08,1187700
CBL-D,20100409,21.06,21.09,21,21,5100
CBM,20100409,4.45,4.65,4.33,4.37,141500
CBR,20100409,4.2,4.2,4.1,4.14,196100
CBS,20100409,14.99,15.31,14.94,15.18,8838900
CBS.A,20100409,15,15.31,15,15.12,2400
CBT,20100409,32.16,32.22,31.65,32.22,275800
CBU,20100409,23.75,24.22,23.67,23.95,117900
CBZ,20100409,6.59,6.63,6.55,6.61,127100
CCC,20100409,17.99,18.21,17.89,18.17,329200
CCE,20100409,28,28.31,27.71,28.26,4733400
CCI,20100409,37.75,37.9,37.25,37.57,1438300
CCJ,20100409,27.09,27.57,26.97,27.5,1310300
CCK,20100409,27.27,27.57,27.24,27.55,1057400
CCL,20100409,38.86,38.98,38.48,38.98,2954100
CCM,20100409,6.88,7.1,6.88,6.99,82900
CCO,20100409,11.14,11.58,11.11,11.4,119500
CCS,20100409,24.57,24.57,24.45,24.55,68300
CCU,20100409,15.496,15.712,15.38,15.696,146200
CCZ,20100409,30,30,30,30,0
CDE,20100409,17.26,17.59,17,17.44,4016500
CDI,20100409,15.74,15.82,15.44,15.51,59800
CDR,20100409,7.91,7.99,7.83,7.97,295800
CE,20100409,33.06,33.6,32.73,33.46,882000
CEA,20100409,26.595,26.595,26.14,26.42,13800
CEE,20100409,37.5,37.69,37.4,37.58,38500
CEL,20100409,34.1,34.16,33.9,34.15,136700
CEO,20100409,179.32,180.88,178.55,179.78,177300
CF,20100409,18.428,18.6,18.33,18.58,2967700
CFC-B,20100409,22.59,22.62,22.52,22.55,60700
CFI,20100409,12.32,12.65,12.12,12.6,56700
CFR,20100409,56.93,57.02,56.53,57,206500
CFX,20100409,12.03,12.09,11.81,12.07,266000
CGA,20100409,13.96,13.96,13.25,13.77,665500
CGI,20100409,14.24,14.62,14.14,14.52,129000
CHA,20100409,51.1,51.71,51.01,51.65,115300
CHD,20100409,16.9475,17.0475,16.905,17.0175,179300
CHE,20100409,55.19,55.27,54.37,55.19,62600
CHH,20100409,36.34,36.34,35.81,35.91,79900
CHK,20100409,24.54,24.63,24.23,24.56,15957100
CHK-D,20100409,85,85.5,84.95,85.23,3300
CHL,20100409,50.92,51.44,50.92,51.26,1806200
CHN,20100409,28.96,29.08,28.9,29.08,44400
CHS,20100409,14.4,14.63,14.17,14.57,2704900
CHSP,20100409,19.51,19.59,19.34,19.38,37000
CHT,20100409,19.61,19.71,19.56,19.68,367600
CHU,20100409,11.92,12.05,11.92,12.05,2756200
CI,20100409,36.55,36.7,36.15,36.63,3976600
CIA,20100409,7.05,7.1,6.9,7.06,64400
CIB,20100409,48.37,48.93,47.75,47.98,260500
CIE,20100409,13.88,14.22,13.66,13.86,317500
CIF,20100409,2.86,2.87,2.81,2.84,72000
CIG,20100409,10.6752,10.7904,10.656,10.72,1485500
CIG.C,20100409,12.77,13,12.77,13,1200
CII,20100409,15.84,15.95,15.67,15.75,139900
CIM,20100409,3.95,3.97,3.9,3.96,14097900
CIR,20100409,32.95,33.3,32.64,33.24,45500
CIT,20100409,39.41,39.96,39.28,39.74,646400
CKH,20100409,82.6,83.55,82.37,83.55,41000
CL,20100409,42.275,42.375,42.005,42.135,2672900
CLB,20100409,67.905,68.08,67.22,67.735,175900
CLC,20100409,35.5,35.55,35.23,35.4,108800
CLD,20100409,16.33,16.67,16.33,16.57,207600
CLF,20100409,74.98,75.58,73.99,74.83,5841300
CLH,20100409,27.84,28.11,27.58,28.065,144800
CLI,20100409,36.97,37.73,36.89,37.65,1207700
CLNY,20100409,20.01,20.11,19.75,19.8,73600
CLR,20100409,22.99,23.39,22.88,22.965,701800
CLS,20100409,10.97,11.03,10.9,10.95,452600
CLW,20100409,25.64,26.21,25.39,25.8,100300
CLX,20100409,63.62,63.7,63.02,63.52,886900
CM,20100409,72.59,73.33,72.5,73.21,167100
CMA,20100409,41.05,41.62,41.01,41.56,2229800
CMC,20100409,16.01,16.15,15.72,15.88,2154200
CMG,20100409,123.31,123.43,120.78,122.52,527900
CMI,20100409,66.73,66.73,65.61,66.07,3111200
CMO,20100409,11.69,11.7,11.61,11.69,698400
CMP,20100409,79.01,79.37,78.41,79.03,209300
CMS,20100409,15.77,15.91,15.65,15.9,1898700
CMS-B,20100409,79.55,79.59,79.55,79.59,100
CMU,20100409,4.69,4.69,4.66,4.67,28800
CNA,20100409,27.85,27.9,27.59,27.69,137500
CNC,20100409,12.095,12.16,11.96,12.1,776000
CNI,20100409,30.695,30.765,30.325,30.465,727400
CNK,20100409,18.52,18.71,18.02,18.46,1345700
CNO,20100409,6.54,6.66,6.52,6.57,3042700
CNP,20100409,14.46,14.56,14.31,14.5,2459600
CNQ,20100409,39.445,39.66,39.12,39.425,1549800
CNS,20100409,26.91,27.38,26.69,27.26,81800
CNX,20100409,45.99,46.5,45.43,45.91,7442700
CO,20100409,5.8,6,5.8,6,38500
COF,20100409,44.09,44.42,43.44,43.86,3445700
COF.W,20100409,17.65,17.65,17.27,17.45,9200
COG,20100409,9.8825,10.0575,9.87,9.99,2418900
COH,20100409,40.72,41.59,40.49,41.34,3475200
COL,20100409,63.27,63.57,62.9,63.51,527100
COO,20100409,38.35,38.76,38.22,38.76,206200
COP,20100409,54.22,55.47,54.21,55.32,14952100
COT,20100409,8.02,8.1,7.98,7.99,243300
CP,20100409,57.41,57.98,57.15,57.51,410900
CPA,20100409,60,62.17,59.84,62.03,352000
CPB,20100409,35.09,35.4,35.09,35.36,2619500
CPE,20100409,7.19,7.87,7.16,7.53,2651800
CPF,20100409,53.2,53.2,43,45,2868900
CPK,20100409,20.0533,20.0667,19.9133,19.96,11400
CPL,20100409,20.8533,20.9867,20.7133,20.7967,99800
CPN,20100409,12.17,12.34,12.01,12.14,2054200
CPT,20100409,44,45.06,43.83,45.05,714500
CR,20100409,36.11,36.71,36.11,36.71,136100
CRD.A,20100409,3.05,3.05,2.92,2.94,1400
CRD.B,20100409,4.11,4.11,3.92,4.03,65300
CRH,20100409,25.09,25.92,25.07,25.77,117900
CRI,20100409,31.85,32.07,31.59,31.64,787500
CRK,20100409,173,174.85,172.3,174.65,522300
CRL,20100409,39.65,41.65,39.34,41.56,2907900
CRM,20100409,19.64,19.9725,19.3525,19.9425,1920700
CRR,20100409,64.9,66.46,64.77,66.42,276700
CRS,20100409,38.61,39.1,38.07,38.63,304100
CRT,20100409,33.5,34.42,33.42,34.08,29300
CRY,20100409,6.19,6.28,6.1,6.11,139500
CS,20100409,50.09,51,50.07,50.72,1329800
CSC,20100409,53.83,54.54,53.61,54.51,1039300
CSL,20100409,38.38,38.53,37.93,38.16,308500
CSS,20100409,20.97,21.47,20.87,21.26,18300
CSU,20100409,5.16,5.18,5.09,5.15,45500
CSV,20100409,4.89,4.96,4.56,4.89,54800
CTB,20100409,18.75,19.12,18.56,19.03,756600
CTL,20100409,35.69,36.04,35.5,36.02,2362300
CTS,20100409,9.77,9.79,9.52,9.76,174900
CTV,20100409,31.15,31.28,30.77,31.25,684700
CUB,20100409,35.69,35.96,34.85,35.88,90000
CUK,20100409,40.91,41.06,40.61,40.99,338600
CUZ,20100409,8.31,8.4,8.2,8.38,673900
CVA,20100409,16.78,16.86,16.63,16.78,2118500
CVB,20100409,10.5,10.6,10.47,10.6,400
CVE,20100409,28.35,29.3,28.17,28.89,605800
CVG,20100409,12.82,12.83,12.71,12.82,598300
CVI,20100409,8.66,8.73,8.26,8.34,476100
CVO,20100409,78.72,79.44,77.76,78,247800
CVS,20100409,36.35,37.26,36.35,37.23,11278600
CVX,20100409,78.04,79.62,78,79.5,9805000
CW,20100409,34.48,34.65,34.11,34.57,70200
CWT,20100409,18.865,19.04,18.71,19.04,94700
CX,20100409,10.72,10.86,10.52,10.85,6917800
CXE,20100409,5.05,5.09,5.04,5.09,44900
CXH,20100409,9.51,9.56,9.51,9.56,11100
CXO,20100409,53.99,54.67,53.73,54.64,629500
CXW,20100409,19.65,19.7,19.41,19.66,592100
CYD,20100409,18.1,18.56,18.1,18.5,196200
CYH,20100409,38.75,39.4,38.59,39.03,1335300
CYS,20100409,13.47,13.49,13.43,13.44,218900
CZZ,20100409,9.87,10.15,9.79,9.9,2045300
D,20100409,40.99,41.64,40.71,41.59,4652300
DAC,20100409,4.87,4.87,4.63,4.73,86300
DAL,20100409,14.76,14.86,14.49,14.58,11695500
DAN,20100409,12.75,12.96,12.63,12.89,2666900
DAR,20100409,9.01,9.1,8.91,9.01,340300
DB,20100409,76.5,78.42,76.43,78.25,880600
DBD,20100409,32.7,32.75,32.12,32.7,248000
DCA,20100409,2.82,2.9,2.82,2.84,72000
DCI,20100409,22.98,23.245,22.86,23.24,235400
DCM,20100409,15.89,16.01,15.88,16.01,212400
DCO,20100409,21.97,22.15,21.77,22.08,20800
DCT,20100409,21.44,21.92,21.12,21.84,1854200
DD,20100409,39.12,39.21,38.8,39.19,4968000
DD-A,20100409,69.35,69.35,69.35,69.35,200
DD-B,20100409,85.12,85.6,85.12,85.6,1700
DDD,20100409,4.6767,4.6767,4.5767,4.65,17800
DDE,20100409,3.92,3.98,3.82,3.88,38100
DDF,20100409,7.57,7.67,7.53,7.67,7200
DDR,20100409,13.23,13.71,13.12,13.68,4915500
DDS,20100409,25.78,27.03,25.7,26.92,1065600
DDT,20100409,22.11,22.7,22.1,22.7,33900
DE,20100409,60.86,61.68,60.74,61.68,2807500
DECK,20100409,46.9767,47.4667,46.07,47.4667,586200
DEI,20100409,16.44,16.71,16.38,16.65,1409300
DEL,20100409,48.75,49.1,46.9,47.82,62000
DEO,20100409,69.87,70.38,69.87,70.38,635800
DEX,20100409,12.69,12.69,12.62,12.65,18500
DF,20100409,33.3,33.86,33.24,33.7,2846900
DFP,20100409,20.54,20.6,20.38,20.38,4800
DFS,20100409,15.47,15.66,15.38,15.5,6542200
DFT,20100409,22.39,22.98,22.1,22.85,388200
DG,20100409,26.6,26.64,26.25,26.47,305200
DGI,20100409,27.52,27.93,27.5,27.7,139300
DGX,20100409,58.04,58.18,57.84,58.15,1250800
DHF,20100409,4.35,4.36,4.3,4.34,313600
DHG,20100409,13.2,13.35,13.19,13.34,66600
DHI,20100409,12.04,12.18,11.98,12.14,3870100
DHR,20100409,39.905,40.175,39.835,40.16,1210600
DHT,20100409,48.36,50.04,48,49.92,404300
DHX,20100409,7.75,7.84,7.74,7.82,56100
DIN,20100409,42.03,43.04,41.2,42.9,279800
DIS,20100409,35.82,36.88,35.64,36.22,21346000
DK,20100409,7.49,8,7.46,7.68,501300
DKL,20100409,23.49,23.87,23.49,23.87,12700
DKS,20100409,27.03,27.81,26.89,27.76,1464400
DKT,20100409,25.54,25.54,25.41,25.54,109300
DL,20100409,5.77,5.79,5.73,5.73,5000
DLB,20100409,58.9,59.42,58.55,59.37,164300
DLR,20100409,55.6,56.68,55.14,56.57,620300
DLX,20100409,19.63,19.68,19.36,19.42,217300
DM,20100409,10.81,10.87,10.72,10.79,597000
DMO,20100409,20.03,20.03,20,20,82000
DNB,20100409,74.09,74.5,73.99,74.49,173800
DNP,20100409,9.26,9.42,9.25,9.42,342300
DNR,20100409,18.12,18.3,17.95,18.28,4695800
DO,20100409,90.42,91.37,89.8,90.72,1285100
DOV,20100409,47.2,48.06,47.01,48.02,1111500
DOW,20100409,30.72,30.9,30.56,30.78,5684400
DPM,20100409,33.3,33.3,32.96,33.11,56700
DPS,20100409,35.23,35.23,34.89,35.15,1775500
DPZ,20100409,14.8,14.83,14.32,14.46,1307200
DRE,20100409,13.07,13.4,12.91,13.37,3185400
DRH,20100409,10.21,10.26,10.06,10.14,1136900
DRI,20100409,46.37,46.8,45.96,46.8,1885500
DRQ,20100409,64.88,64.88,63.8,64.83,124500
DSM,20100409,8.01,8.06,7.98,8.05,119500
DST,20100409,41.79,41.85,41.54,41.78,172800
DSU,20100409,12.96,13.05,12.84,13.02,239300
DSW,20100409,13.035,13.115,12.93,13.04,202800
DSX,20100409,15.31,15.31,14.84,15.13,1747000
DTE,20100409,45.99,46.13,45.51,46.12,688800
DTF,20100409,14.86,14.93,14.85,14.93,5200
DTK,20100409,25.06,25.06,24.85,24.9,471700
DUC,20100409,12.15,12.16,12.08,12.13,88800
DUK,20100409,48.81,48.99,48.39,48.99,9276400
DV,20100409,64.74,65.24,64.11,64.86,495500
DVA,20100409,32.225,33.075,32.12,33.03,1306600
DVD,20100409,2.13,2.25,2.1,2.25,5200
DVN,20100409,66.13,67.34,65.93,67.26,4518400
DW,20100409,24.44,25.84,24.44,25.15,273800
DX,20100409,9.09,9.1,9.07,9.08,45900
DXB,20100409,22.74,22.97,22.74,22.92,61400
DY,20100409,9.62,9.9,9.62,9.85,174500
DYN,20100409,6.05,6.1,5.95,6,8882300
E,20100409,46.82,47.72,46.82,47.51,343500
EAT,20100409,20.22,20.26,19.96,20.14,1173400
EBF,20100409,16.81,16.93,16.48,16.68,48800
EBR,20100409,14.63,14.81,14.6,14.76,565900
EBR.B,20100409,18.02,18.24,17.93,18.07,34000
EBS,20100409,16.45,16.48,16.22,16.37,75400
EC,20100409,28.6,28.6,28.1,28.14,59200
ECA,20100409,32.28,32.56,32.09,32.17,2237700
ECL,20100409,44.55,45.02,44.44,45.02,1507300
ED,20100409,44.61,44.87,44.2,44.85,1163700
EDD,20100409,15.01,15.18,15.01,15.08,204700
EDE,20100409,18.2,18.27,18.05,18.26,216000
EDN,20100409,7.77,8,7.77,7.9,14400
EDR,20100409,18.87,19.38,18.81,19.32,475600
EDU,20100409,22.265,22.3,22.0025,22.1,105400
EE,20100409,20.84,20.88,20.5,20.84,212800
EEA,20100409,6.71,6.76,6.62,6.66,64100
EEP,20100409,26.05,26.315,25.79,26.22,145600
EEQ,20100409,26.065,26.24,25.855,26.22,13000
EFR,20100409,15.6,15.74,15.56,15.73,111200
EFT,20100409,15.82,15.85,15.76,15.85,153500
EFX,20100409,35.44,35.64,35.44,35.57,641200
EGF,20100409,16.39,16.52,16.39,16.52,125100
EGN,20100409,47.83,48.53,47.62,48.4,313000
EGO,20100409,13.91,14.43,13.82,14.15,6473400
EGP,20100409,39.14,39.54,38.78,39.47,89600
EGY,20100409,5.28,5.35,5.24,5.32,246600
EHI,20100409,11.72,11.72,11.6,11.63,123500
EIG,20100409,15.29,15.3,14.89,14.92,136100
EIX,20100409,34.29,34.29,33.97,34.22,1133200
EL,20100409,32.12,32.785,32.055,32.73,1348400
ELP,20100409,20.77,20.77,20.49,20.67,201100
ELS,20100409,28.125,28.48,28.065,28.385,177700
ELY,20100409,9.52,10.04,9.48,9.99,2870900
EMD,20100409,12.74,12.77,12.68,12.71,65900
EME,20100409,25.86,26.1,25.59,26.09,408700
EMF,20100409,20.8,20.81,20.63,20.81,74400
EMN,20100409,32.99,33.45,32.885,33.45,517000
EMO,20100409,25.45,25.6,25.3,25.35,35100
EMR,20100409,50.99,51.22,50.52,50.8,2535600
ENB,20100409,24.545,24.83,24.455,24.68,151300
ENH,20100409,38.35,38.35,37.56,37.63,311800
ENR,20100409,62.18,63.13,62.14,62.63,525300
ENS,20100409,25.58,25.82,25.39,25.7,594000
ENZ,20100409,6.19,6.26,6.16,6.19,72500
EOD,20100409,10.79,10.85,10.78,10.82,111300
EOG,20100409,53.665,54.095,52.335,52.385,3152000
EOI,20100409,14.2,14.22,14.15,14.19,92300
EOS,20100409,13.79,13.82,13.7,13.8,75000
EOT,20100409,20.31,20.33,20.28,20.28,11800
EP-C,20100409,37.27,37.39,37.15,37.15,3400
EPD,20100409,18.05,18.195,17.9,18.14,1224300
EPE,20100409,46.78,47.5,46.75,47.16,75200
EPR,20100409,43.23,44.1,43.08,43.92,445100
EPR-C,20100409,18.9,19,18.9,19,2400
EPR-E,20100409,26.4,26.58,26.4,26.5,22300
EQR,20100409,40.71,41.96,40.69,41.95,3562400
EQS,20100409,3.02,3.1,2.93,3.02,29700
EQT,20100409,44.85,44.98,43.91,44.81,2368200
EQY,20100409,18.85,19.07,18.63,19.07,273100
ERF,20100409,23.9,24.01,23.79,23.82,399700
ERJ,20100409,24.01,24.07,23.84,24,1168100
ES,20100409,7.13,7.13,6.93,6.95,1188000
ESD,20100409,18.07,18.13,18.02,18.05,159700
ESE,20100409,32.02,32.23,31.74,32.02,329800
ESL,20100409,49.21,50.24,48.74,50.23,261100
ESS,20100409,95.64,98.16,95.64,97.72,525600
ESV,20100409,47.36,47.74,46.76,46.98,2053800
ETB,20100409,16.51,16.65,16.51,16.58,94100
ETE,20100409,17.5,17.58,17.495,17.565,161200
ETG,20100409,14.38,14.5,14.35,14.5,154700
ETH,20100409,21.44,22,21.32,21.99,485200
ETJ,20100409,16.76,16.79,16.67,16.71,225700
ETM,20100409,12.47,13.3,12.47,13.13,194500
ETN,20100409,39.35,40.335,39.35,40.105,2631400
ETO,20100409,20.67,20.86,20.66,20.81,54200
ETP,20100409,47.81,47.96,47.65,47.83,312200
ETR,20100409,81.94,82.37,81.08,82.26,873900
ETV,20100409,14.25,14.26,14.12,14.19,264800
ETW,20100409,13.48,13.53,13.46,13.51,193100
ETY,20100409,13.45,13.48,13.39,13.44,323700
EV,20100409,34.24,34.49,34.1,34.36,407900
EVC,20100409,3.11,3.2,3.11,3.2,49000
EVF,20100409,7.11,7.11,7.06,7.09,96000
EVG,20100409,17.14,17.23,17.11,17.17,138900
EVN,20100409,12.51,12.59,12.5,12.52,27800
EVR,20100409,31.03,32.79,31.03,32.37,338300
EVT,20100409,16.67,16.67,16.5,16.6,124900
EW,20100409,25.94,26.005,25.625,26.005,325100
EXC,20100409,44.41,44.41,43.95,44.26,3092200
EXG,20100409,12.35,12.37,12.28,12.33,591600
EXP,20100409,27.96,29.16,27.76,29.07,593800
EXR,20100409,13.42,13.84,13.31,13.79,542500
F,20100409,12.73,12.84,12.61,12.72,60408500
FAC,20100409,2.17,2.17,2.07,2.07,65600
FAF,20100409,34.15,34.43,33.98,34.43,554100
FAM,20100409,16.39,16.39,16.32,16.37,37500
FBC,20100409,65,67,64,67,7380500
FBP,20100409,47.85,48.45,39.9,40.35,8735100
FBR,20100409,21.92,22.07,21.68,21.92,2349300
FC,20100409,7.99,8.11,7.87,8.06,45000
FCE.A,20100409,15.48,15.6,15.37,15.6,1273800
FCE.B,20100409,15.53,15.53,15.36,15.36,400
FCF,20100409,7.41,7.62,7.25,7.26,277800
FCH,20100409,7.6,7.95,7.46,7.83,1123600
FCH-A,20100409,18.56,19.05,18.3,18.81,10600
FCN,20100409,39.14,39.25,38.83,39.09,614400
FCT,20100409,13.33,13.55,13.31,13.45,207100
FCX,20100409,43.335,43.47,42.25,42.835,9755400
FDP,20100409,20.49,20.74,20.43,20.74,120700
FDS,20100409,74.7,74.96,74.13,74.95,268900
FDX,20100409,90.48,91.64,90.28,91.26,1875900
FE,20100409,39.54,39.58,39.21,39.57,2349200
FEO,20100409,19.31,19.37,19.28,19.29,9300
FF,20100409,7.29,7.29,7.12,7.25,31500
FFA,20100409,12,12.05,11.96,11.98,43700
FFC,20100409,15.25,15.35,15.21,15.35,78900
FFG,20100409,26.31,26.67,26,26.21,55500
FGB,20100409,7.18,7.45,7.18,7.33,46700
FGP,20100409,23.1,23.2,23.05,23.11,62700
FHN,20100409,14.85,15.05,14.81,15.02,2156900
FHY,20100409,13.35,13.47,13.35,13.47,42400
FICO,20100409,25.31,25.31,24.76,25.24,188700
FIG,20100409,4.68,4.7,4.56,4.66,1076000
FII,20100409,26.47,26.57,26.31,26.48,788400
FIS,20100409,24.3,24.55,24.22,24.52,1685700
FIX,20100409,12.89,13.02,12.89,12.93,75200
FL,20100409,15.33,15.38,14.99,15.3,2542300
FLC,20100409,16.24,16.25,16.14,16.25,79700
FLO,20100409,11.0045,11.1378,10.9245,11.12,494500
FLR,20100409,49.87,51.28,49.81,50.77,2735600
FLS,20100409,38.38,38.5333,38.16,38.3567,410300
FLY,20100409,11.75,12.08,11.6,11.75,115400
FMC,20100409,31.835,32.145,31.835,32.13,415700
FMN,20100409,14.81,14.86,14.74,14.86,10700
FMO,20100409,20.6,20.64,20.45,20.57,132400
FMS,20100409,27.8,27.955,27.765,27.95,48300
FMX,20100409,48.16,48.66,48.04,48.56,364400
FMY,20100409,18.28,18.38,18.23,18.36,57200
FNB,20100409,8.75,8.89,8.71,8.78,376400
FNF,20100409,14.51,14.67,14.37,14.63,1465400
FOE,20100409,9.15,9.48,8.98,9.4,766900
FOF,20100409,12.8,12.85,12.8,12.8,19500
FOR,20100409,19.17,19.41,19.15,19.33,191000
FPL,20100409,49.1,49.72,48.66,49.71,3473200
FPO,20100409,15.72,16.01,15.55,15.97,173600
FPT,20100409,13.34,13.41,13.34,13.41,1200
FR,20100409,8.56,8.76,8.4,8.66,2677600
FRA,20100409,15.86,16.02,15.82,16.02,41100
FRO,20100409,172.8,181.55,172.65,181.55,2787900
FRT,20100409,74.03,75.37,73.77,75.15,505600
FSS,20100409,9.19,9.28,9.01,9.19,135300
FT,20100409,6.07,6.09,6.02,6.08,13900
FTI,20100409,33.97,34.07,33.34,33.68,1064500
FTK,20100409,1.5,1.55,1.47,1.5,192600
FUL,20100409,23.7,23.88,23.38,23.8,167000
FUN,20100409,12.84,14.11,12.72,14.11,857200
G,20100409,17.76,17.92,17.49,17.63,742300
GAB,20100409,5.19,5.2,5.17,5.2,355500
GAB-D,20100409,24.84,24.98,24.84,24.98,2000
GAM,20100409,25.24,25.32,25.2,25.27,49500
GAM-B,20100409,24.75,24.75,24.61,24.74,5800
GBL,20100409,46.25,46.48,45.58,45.76,12900
GBX,20100409,13.62,13.68,12.94,13.38,217600
GCH,20100409,12.51,12.59,12.47,12.59,123700
GCI,20100409,17.77,18.02,17.67,17.79,3403200
GCO,20100409,31.83,32.06,31.15,32,165100
GCV,20100409,6.58,6.68,6.48,6.68,24100
GCV-B,20100409,24.86,24.86,24.62,24.64,14900
GD,20100409,77.08,77.58,76.68,77.54,1093900
GDL,20100409,14.32,14.44,14.24,14.33,80700
GDO,20100409,19.03,19.06,18.86,18.88,21600
GDV,20100409,14.23,14.26,14.13,14.26,155400
GDV-A,20100409,24.73,24.73,24.72,24.72,1300
GDV-D,20100409,25.54,25.54,25.54,25.54,0
GE,20100409,18.59,18.67,18.4,18.52,54612600
GEF,20100409,55.08,55.29,54.43,55.13,237100
GEF.B,20100409,52.51,53.01,52.5,52.59,5000
GEO,20100409,19.96,19.98,19.84,19.93,159800
GER,20100409,25.17,25.23,25.08,25.15,19500
GES,20100409,46.64,47.1,46.18,47,872000
GF,20100409,12.9,13.08,12.9,13.07,23900
GFA,20100409,14.32,14.43,13.99,14.07,1290800
GFF,20100409,13.19,13.19,12.96,13.09,120800
GFI,20100409,13.24,13.36,13.12,13.27,4627300
GFY,20100409,15.24,15.29,15.22,15.29,39700
GG,20100409,40.54,40.6,39.81,40.19,7368300
GGB,20100409,17.87,17.99,17.73,17.95,6168100
GGG,20100409,31.99,32.08,31.79,32,719100
GGP,20100409,16.36,16.75,16.35,16.73,1528200
GGT,20100409,7.68,7.76,7.68,7.76,10200
GGT-B,20100409,24.8,24.8,24.8,24.8,0
GHL,20100409,83.06,84.02,82.48,83.71,129300
GIB,20100409,14.82,15.08,14.76,14.95,164900
GIL,20100409,13.835,13.935,13.715,13.755,208100
GIM,20100409,10.13,10.21,10.09,10.21,215800
GIS,20100409,35.13,35.435,35.105,35.41,2438500
GJH,20100409,8.45,8.45,8.39,8.39,2300
GJO,20100409,18.94,18.94,18.88,18.88,200
GJP,20100409,22.49,22.49,22.36,22.36,2000
GJR,20100409,19.78,19.78,19.78,19.78,0
GJS,20100409,17.11,17.18,17.11,17.18,500
GJT,20100409,17.15,17.41,17.13,17.25,4000
GJV,20100409,24.46,24.87,24.29,24.87,5600
GLF,20100409,27.26,27.26,26.73,27.2,96900
GLP,20100409,22.66,22.66,22.25,22.55,54500
GLT,20100409,14.39,14.39,14.08,14.26,183500
GLW,20100409,19.86,19.93,19.63,19.67,12740900
GME,20100409,23.21,23.38,22.79,23.3,3534100
GNK,20100409,207,217.4,207,216,1622300
GNRC,20100409,15.25,15.38,15.2,15.31,95900
GNW,20100409,18.42,18.59,18.08,18.31,4606600
GOF,20100409,18.68,18.81,18.6,18.76,59100
GOL,20100409,133,135.8,131.9,135.4,1085300
GPC,20100409,43,43.41,42.85,43.25,617500
GPE-A,20100409,25.2,25.2,25.08,25.12,2300
GPI,20100409,32.26,32.26,30.69,31.08,445500
GPK,20100409,3.67,3.72,3.66,3.68,166400
GPN,20100409,21.775,21.805,21.45,21.635,946700
GPS,20100409,24.62,24.86,24.5,24.85,6917800
GPX,20100409,8.24,8.24,7.86,7.89,47500
GRA,20100409,28.28,28.54,27.75,28.53,341100
GRR,20100409,19.53,19.64,19.47,19.64,4300
GRX,20100409,6.98,7.12,6.94,7.03,28900
GS,20100409,180.28,181,177.5,179.12,8465200
GS-A,20100409,22.89,22.89,22.72,22.84,51900
GS-B,20100409,25.05,25.05,24.97,24.97,149400
GS-C,20100409,24.39,24.39,24.12,24.25,33200
GS-D,20100409,22.96,23.17,22.9,22.9,106400
GSH,20100409,20.2,20.33,20.1,20.33,21600
GSK,20100409,39.3,39.34,39.08,39.2,1738400
GSL,20100409,2.54,2.57,2.49,2.55,29900
GTN,20100409,2.76,2.79,2.71,2.75,244300
GTN.A,20100409,2.84,2.98,2.75,2.98,5500
GTS,20100409,18.35,18.42,17.82,18.12,51100
GTY,20100409,23.98,24,23.73,24,60600
GUT,20100409,7.94,7.97,7.88,7.97,53600
GUT-A,20100409,24.9,24.99,24.9,24.99,1500
GVA,20100409,31.27,31.36,30.96,31.08,334600
GWR,20100409,34.74,34.82,34.35,34.61,92100
GWW,20100409,114.64,114.91,113.42,114.77,610500
GXP,20100409,18.73,19.07,18.69,19.03,885400
GYB,20100409,18.88,18.9,18.67,18.67,6100
GYC,20100409,21.99,21.99,21.9,21.99,3700
H,20100409,39.39,40.15,39.3,39.49,205400
HAE,20100409,28.08,28.34,27.78,28.315,150100
HAL,20100409,31.83,32,31.19,31.57,8299200
HAR,20100409,48.56,49.37,48.56,49.18,579000
HBI,20100409,7.3175,7.385,7.2975,7.3825,277300
HCN,20100409,45.26,45.86,45.09,45.63,1774100
HCP,20100409,32.89,33.26,32.8,33.26,2921800
HD,20100409,33.03,33.4,32.84,33.25,13064600
HDB,20100409,29.138,29.574,29.138,29.544,181900
HE,20100409,22.67,22.73,22.4,22.63,397500
HE-U,20100409,24.78,25.52,24.78,25.49,400
HEI,20100409,20.9224,20.9346,20.521,20.6725,43000
HEI.A,20100409,19.9373,19.9526,19.5174,19.5226,15200
HEP,20100409,21.96,21.96,21.605,21.735,44700
HES,20100409,64.77,65.15,64.31,64.75,3072800
HF,20100409,8.14,8.25,8.14,8.24,36000
HFC,20100409,13.52,13.75,13.325,13.55,538400
HGG,20100409,26.23,26.41,25.6,26.31,239800
HGT,20100409,17.65,17.75,17.48,17.74,202000
HHS,20100409,13.17,13.2,12.89,13.18,169600
HI,20100409,23.58,23.76,23.4,23.69,173400
HIG,20100409,28.71,28.83,27.86,28,7790200
HIL,20100409,6.03,6.03,5.9,5.99,255200
HIO,20100409,6.35,6.38,6.33,6.34,202400
HIW,20100409,31.31,32.02,31.2,31.84,671900
HIX,20100409,9.95,9.96,9.9,9.95,258700
HJV,20100409,22.02,22.09,21.69,21.75,3700
HK,20100409,22.45,22.75,22.16,22.72,7107900
HL,20100409,6.11,6.2,6.07,6.12,9505600
HL-B,20100409,52.65,52.65,52.65,52.65,0
HLF,20100409,22.995,23.12,22.785,23.06,429900
HLS,20100409,19.21,19.24,18.98,19.14,969800
HLX,20100409,14.64,14.72,14.42,14.59,1169300
HMC,20100409,35.19,35.44,35.02,35.3,240100
HMN,20100409,15.59,15.64,15.4,15.51,338600
HMY,20100409,10.13,10.32,10.06,10.19,2648900
HNI,20100409,27.02,27.17,26.67,27.1,109900
HNP,20100409,23.36,23.69,23.36,23.69,140600
HNR,20100409,31.2,31.72,30.96,31.24,181500
HOG,20100409,31.84,33.02,31.78,32.92,6994900
HON,20100409,45.67,45.98,45.37,45.77,3769300
HOS,20100409,21.49,21.49,20.95,21.06,456700
HOV,20100409,4.62,4.83,4.56,4.81,3191400
HP,20100409,38.91,39.05,38.34,39,1287100
HPF,20100409,18.21,18.22,18.05,18.06,36000
HPI,20100409,18.48,18.49,18.16,18.23,101000
HPQ,20100409,24.3818,24.4864,24.2727,24.4864,7485500
HPS,20100409,16.24,16.24,15.9,16,91000
HQH,20100409,13.06,13.18,13.04,13.17,110600
HQL,20100409,10.6,10.72,10.54,10.69,40000
HR,20100409,23.86,24.11,23.5,24.09,491900
HRB,20100409,18.3,18.35,18.13,18.33,2546000
HRC,20100409,28.6,28.91,28.52,28.91,297500
HRG,20100409,6.7,6.79,6.7,6.76,7500
HRL,20100409,10.38,10.44,10.3625,10.44,293200
HRS,20100409,48.44,48.88,48.25,48.88,343100
HSC,20100409,33.03,33.37,32.72,33.26,285500
HST,20100409,15,15.18,14.99,15.12,7313100
HSY,20100409,43.42,44.12,43.27,44.12,1227200
HT,20100409,5.42,5.52,5.28,5.49,1472600
HTD,20100409,14.17,14.17,14.04,14.06,99900
HTH,20100409,11.63,11.71,11.54,11.7,342200
HTY,20100409,13.05,13.18,12.93,13.04,15700
HTZ,20100409,48.08,48.4,47,47.8,3647100
HUM,20100409,46.32,46.36,44.58,45.13,3478600
HUN,20100409,12.66,12.77,12.52,12.63,2335600
HVT,20100409,16.63,16.92,16.43,16.84,58200
HVT.A,20100409,16.84,16.84,16.8,16.8,400
HW,20100409,4.83,5,4.81,4.85,444700
HXL,20100409,14.05,14.16,13.94,14.13,782700
HYB,20100409,9.68,9.68,9.64,9.68,41600
HYH,20100409,23,23,22.9,22.9,1200
HYT,20100409,11.18,11.26,11.14,11.25,81400
HZO,20100409,10.7,10.75,10.5,10.51,106700
IAE,20100409,18.42,18.55,18.42,18.51,24100
IAG,20100409,15.5,15.83,15.41,15.74,3017200
IBA,20100409,21.2,22,21.12,22,10500
IBM,20100409,127.88,128.87,127.12,128.76,5186500
IBN,20100409,8.892,9,8.832,9,1602500
ICB,20100409,16.98,16.98,16.82,16.87,9900
ICE,20100409,21.416,21.602,21.324,21.408,597700
IDA,20100409,35.16,35.26,34.7,35.06,166500
IDE,20100409,19.75,19.8,19.62,19.8,39400
IDT,20100409,6.85,6.85,6.65,6.69,38100
IEX,20100409,33.5,33.7,33.11,33.68,351200
IFF,20100409,48.98,49.91,48.98,49.86,508400
IFN,20100409,32.77,32.91,32.65,32.83,122300
IGA,20100409,14.22,14.32,14.18,14.2,42100
IGD,20100409,12.81,12.85,12.75,12.79,277200
IGI,20100409,20.4,20.69,20.3,20.59,54200
IGR,20100409,7.5,7.6,7.44,7.6,425800
IGT,20100409,20.03,20.03,19.71,19.89,3158900
IHC,20100409,9.69,9.83,9.2,9.26,27100
IHG,20100409,19.584,19.704,19.536,19.68,119900
IID,20100409,13.08,13.1,13,13.01,27200
IIF,20100409,24.12,24.18,24.08,24.15,45800
IIM,20100409,14.06,14.14,14.06,14.09,18700
IMAX,20100409,17.63,17.63,16.56,17.11,2876100
IMN,20100409,11.46,11.48,11.2,11.45,105000
INB,20100409,11.37,11.5,11.36,11.42,72000
ING,20100409,10.1,10.26,10.09,10.25,7144200
INT,20100409,29.01,29.23,28.42,28.58,469600
INZ,20100409,21.65,21.8,21.65,21.77,62900
IO,20100409,85.05,86.25,84.3,84.9,1794400
IOC,20100409,73.8,73.8,72.04,72.87,706200
IP,20100409,27.42,27.7,27.04,27.47,5240700
IPG,20100409,8.49,8.82,8.41,8.72,6470100
IPI,20100409,28.68,28.94,28,28.43,973200
IQI,20100409,12.67,12.67,12.61,12.61,17600
IR,20100409,36.95,37.37,36.67,37.33,3952500
IRL,20100409,7.5,7.62,7.41,7.62,8200
IRM,20100409,26.58,26.72,26.45,26.51,952700
IRR,20100409,16.8,16.94,16.8,16.93,92100
IRS,20100409,11.79,12.12,11.7,11.92,66500
ISF,20100409,19.02,19.2,19,19.2,89900
ISG,20100409,18.64,18.85,18.64,18.85,25600
ISP,20100409,18.94,19.08,18.89,19.02,27100
IT,20100409,22.5,22.6,22.26,22.42,315800
ITG,20100409,18.16,18.16,17.26,17.26,1271500
ITT,20100409,27.07,27.215,26.95,27.19,805300
ITUB,20100409,22.48,22.8,22.45,22.74,9028800
ITW,20100409,47.22,47.76,47.18,47.73,2250300
IVC,20100409,26.27,26.34,25.85,26.15,227200
IVR,20100409,22.72,22.81,22.57,22.69,101700
IVZ,20100409,22.1,22.55,22.04,22.5,3190500
IX,20100409,44.07,44.76,44.06,44.69,7300
JBK,20100409,20.4,20.42,20.4,20.42,400
JBL,20100409,16.73,16.85,16.67,16.8,2632900
JBN,20100409,21.9,21.91,21.9,21.91,200
JBR,20100409,21.75,21.94,21.75,21.9,500
JBT,20100409,18.02,18.02,17.68,17.82,70900
JCE,20100409,12.6,12.71,12.59,12.62,106800
JCI,20100409,32.24,32.47,32,32.11,6673300
JCP,20100409,32.17,32.17,31.32,31.52,12371100
JDD,20100409,10.86,10.93,10.85,10.91,20800
JEC,20100409,44.36,48.28,44.18,47.61,9765700
JEQ,20100409,5.93,5.95,5.89,5.9,30900
JFC,20100409,13.76,13.87,13.76,13.86,12600
JFR,20100409,12.15,12.2,12.04,12.09,244000
JHI,20100409,20,20.1,19.9,20,18100
JHS,20100409,13.79,13.79,13.58,13.72,36300
JHX,20100409,33.79,34,33.7,34,5600
JLL,20100409,73.96,77.46,73.9,77.43,598400
JLS,20100409,25.1,25.19,24.84,25.12,68800
JMP,20100409,8.1,8.19,7.91,7.92,43400
JMT,20100409,25,25.01,25,25,28300
JNJ,20100409,64.88,65.17,64.78,65.14,6973100
JNPR,20100409,31.3,31.74,31.25,31.65,3581200
JNS,20100409,14.7,14.8,14.52,14.59,3782900
JOE,20100409,33.31,34.28,33.31,34.27,492200
JOF,20100409,9.17,9.32,9.16,9.3,176700
JOY,20100409,59.7,60.57,59.12,60.51,1732200
JPC,20100409,8,8.04,7.95,8,186100
JPM,20100409,45.88,46.22,45.45,45.98,22889900
JPM-B,20100409,26.53,26.56,26.37,26.45,112500
JPM-E,20100409,49.74,49.75,49.7,49.7,800
JPM-F,20100409,48,48.84,48,48.84,1100
JPM-G,20100409,48.39,48.39,48.39,48.39,0
JPM.W,20100409,16,16.12,15.8,16,776300
JPS,20100409,7.97,7.97,7.88,7.95,259400
JQC,20100409,8.37,8.39,8.31,8.37,269200
JRO,20100409,12.72,12.9,12.72,12.77,307200
JTA,20100409,11.98,12.07,11.96,12.01,33100
JTD,20100409,12.18,12.23,12.17,12.2,69500
JW.A,20100409,43.48,43.86,42.96,43.37,312600
JW.B,20100409,43.55,43.92,42.91,42.91,2800
JWN,20100409,41.75,42.61,41.44,42.55,2528300
K,20100409,52.32,52.97,52.03,52.81,3031500
KAI,20100409,15.88,16.15,15.43,15.56,18300
KAR,20100409,15.33,15.45,15.33,15.41,62300
KB,20100409,46.79,47.35,46.7,47.25,327600
KBH,20100409,16.33,16.64,16.33,16.42,3363300
KBR,20100409,22.13,22.92,22.13,22.92,1316700
KCC,20100409,25.1,25.25,25.05,25.25,1500
KED,20100409,16.91,16.94,16.54,16.7,55100
KEF,20100409,9.77,9.83,9.74,9.82,6400
KEG,20100409,10.44,10.69,10.33,10.66,1753100
KEM,20100409,5.04,5.25,5.04,5.04,89800
KEP,20100409,16.09,16.25,16,16.25,1008400
KEX,20100409,38.51,39.18,38.42,39.16,181500
KEY,20100409,8.42,8.44,8.25,8.35,13400700
KEY-G,20100409,98.5,99.51,98,99.12,3100
KF,20100409,38.25,38.25,37.81,38.05,14000
KFS,20100409,2.44,2.49,2.33,2.45,470100
KFY,20100409,17.54,17.67,17.41,17.6,545400
KGC,20100409,18.49,18.7,18.35,18.55,4942200
KIM,20100409,16.15,16.47,16.09,16.4,5508700
KMB,20100409,58.7919,59.1371,58.581,59.1371,1869900
KMM,20100409,9.39,9.43,9.34,9.43,92700
KMT,20100409,30.36,30.75,29.96,30.72,608700
KMX,20100409,24.75,24.75,24.3,24.63,1532300
KND,20100409,18.01,18.06,17.74,17.98,343200
KNL,20100409,11.37,11.39,11.14,11.34,142500
KNX,20100409,20.83,20.94,20.61,20.75,543500
KO,20100409,26.955,27.305,26.925,27.295,10320800
KOF,20100409,65.38,66.95,65.24,66.82,421000
KOP,20100409,27.4,27.51,26.88,27.17,93600
KOS,20100409,25.37,25.4,25.36,25.38,1900
KR,20100409,11.16,11.27,11.1,11.27,5646000
KRA,20100409,19.19,19.38,18.79,18.9,173300
KRC,20100409,33.14,34.08,32.83,33.95,800000
KRG,20100409,20.24,20.64,20,20.56,253400
KRO,20100409,7.925,8.04,7.925,7.925,4600
KS,20100409,5.915,6.025,5.915,6.005,163100
KSM,20100409,13.19,13.32,13.19,13.32,15000
KSS,20100409,56.93,57.06,56.41,56.84,3207800
KST,20100409,12.29,12.42,12.28,12.36,34600
KSU,20100409,38.39,38.45,37.89,38.37,972300
KSU.P,20100409,20.65,20.65,20.65,20.65,0
KT,20100409,20.93,21.1,20.85,21.1,247800
KTF,20100409,12.25,12.28,12.2,12.22,106600
KTH,20100409,28.4,28.8,28.3,28.3,2300
KTN,20100409,25.61,25.61,25.27,25.45,3200
KTP,20100409,22.86,23,22.86,23,4200
KW,20100409,10.45,10.55,10.36,10.47,57800
KWR,20100409,28.62,28.76,28.13,28.36,31400
KYE,20100409,24.95,25.17,24.8,25.02,124200
KYN,20100409,27.02,27.2,26.78,27.12,162600
KYO,20100409,50.34,50.34,50.055,50.325,600
L,20100409,38.07,38.48,38,38.44,2032600
LAD,20100409,7.42,7.75,7.36,7.6,439800
LAZ,20100409,37.08,38.25,36.86,38.13,1128700
LBF,20100409,7.35,7.42,7.35,7.4,31300
LCM,20100409,11.79,11.9,11.71,11.76,38600
LDF,20100409,17.75,17.75,17.61,17.74,13100
LDL,20100409,8.17,8.24,7.98,8.2,37500
LDR,20100409,66.67,66.96,65.52,66.15,24300
LEA,20100409,40.395,40.8,40.03,40.355,201500
LEE,20100409,3.48,3.55,3.45,3.54,104800
LEG,20100409,21.59,21.93,21.51,21.9,843500
LEN,20100409,17.38,17.6,17.27,17.52,4021700
LEN.B,20100409,14.09,14.39,14.09,14.37,7200
LEO,20100409,8.6,8.6,8.58,8.59,62000
LFC,20100409,24.59,24.6633,24.48,24.66,354700
LFL,20100409,18,18.31,17.93,18.28,177500
LGF,20100409,6.1,6.27,6.1,6.24,595100
LGI,20100409,15.74,15.8,15.71,15.74,37100
LH,20100409,76.03,76.25,75.72,76.16,767700
LHO,20100409,23.87,24,23.5,23.94,532100
LII,20100409,45.75,46.51,45.42,46.38,501000
LL,20100409,27.12,27.88,26.82,27.88,280100
LLL,20100409,92.72,93.99,92.35,93.91,742800
LLY,20100409,36.69,36.92,36.54,36.84,4587100
LM,20100409,30.92,31.28,30.77,31.13,1052800
LMT,20100409,82.44,82.82,81.88,82.79,1077000
LNC,20100409,31.95,31.99,31.25,31.66,2765300
LNN,20100409,39.25,40.47,38.91,39.5,187600
LNT,20100409,16.855,16.855,16.54,16.805,554400
LOR,20100409,12,12.13,12,12.06,22600
LOW,20100409,25.63,25.67,25.28,25.63,8599500
LPL,20100409,19.14,19.25,19.01,19.06,1263900
LPX,20100409,10.64,11.33,10.62,11.12,7691700
LRN,20100409,23.35,23.7,23.1,23.23,99600
LSI,20100409,6.16,6.21,6.07,6.21,5299800
LTC,20100409,28.02,28.21,27.94,28.12,213400
LUB,20100409,3.76,3.76,3.68,3.69,33400
LUK,20100409,25.54,25.65,25.4,25.58,444500
LUV,20100409,13.44,13.44,13.21,13.3,10548000
LUX,20100409,27.22,27.6,27.22,27.5,75200
LVLT,20100409,24.75,25.35,24.6,25.2,5088600
LVS,20100409,24.38,24.42,23.93,24.12,35188500
LXP,20100409,7.07,7.5,7.04,7.37,2518500
LXP-C,20100409,38.22,38.5,38.21,38.5,900
LXU,20100409,15.8,15.9,15.72,15.81,68900
LYG,20100409,3.93,4,3.93,3.98,4984500
LYV,20100409,15.52,15.82,15.38,15.8,1608800
LZB,20100409,13.95,14.06,13.57,14,368600
M,20100409,22.61,23.53,22.51,23.51,9924800
MA,20100409,25.875,25.999,25.682,25.888,496500
MAA,20100409,51.28,52.25,50.89,52.22,331400
MAC,20100409,41.05,42.18,40.95,41.99,1857300
MAIN,20100409,15.95,16,15.86,15.89,61600
MAN,20100409,58.78,59.24,58.21,58.72,941500
MAS,20100409,15.9,16.12,15.81,16.1,2906800
MAV,20100409,13.56,13.6,13.51,13.6,36100
MBI,20100409,8.05,8.29,7.65,7.69,21099900
MBT,20100409,23.076,23.144,22.632,22.904,1330100
MCA,20100409,12.92,13,12.92,12.98,59100
MCD,20100409,68.66,68.77,68.14,68.68,5623100
MCI,20100409,13.375,13.625,13.375,13.625,500
MCK,20100409,66.49,66.9,66.09,66.56,1763400
MCN,20100409,9.41,9.52,9.41,9.44,70500
MCO,20100409,28.98,29.09,28.72,28.87,2288800
MCR,20100409,9.43,9.43,9.38,9.42,128500
MCS,20100409,13.56,13.56,13.27,13.51,62800
MCY,20100409,44.6,44.89,44.18,44.6,108400
MD,20100409,29.245,29.36,28.89,29.35,260500
MDC,20100409,33.4,33.67,33.13,33.67,347500
MDP,20100409,34.67,35.22,34.34,34.92,588500
MDR,20100409,27.35,27.94,27.08,27.76,2350900
MDT,20100409,44.79,45.61,44.79,45.43,5608300
MDU,20100409,21.76,21.94,21.57,21.93,829600
MED,20100409,27.63,27.65,27.1,27.65,421300
MEG,20100409,8.88,9.66,8.84,9.66,123000
MEI,20100409,10.4,10.5,10.3,10.47,224800
MEN,20100409,10.54,10.64,10.54,10.63,40300
MER-K,20100409,20.4,20.45,20.35,20.37,68300
MER-P,20100409,23.3,23.32,23.24,23.25,48700
MET,20100409,45.73,45.95,44.84,45.27,4738300
MET-A,20100409,24.14,24.18,23.96,24.09,27500
MFA,20100409,7.22,7.29,7.22,7.24,4202000
MFC,20100409,19.95,20.13,19.84,20,1203600
MFD,20100409,12.74,12.97,12.74,12.97,34600
MFG,20100409,4.07,4.09,4.01,4.06,195000
MFL,20100409,13.66,13.74,13.63,13.73,58700
MFM,20100409,6.97,7.02,6.97,6.97,67600
MFT,20100409,13.71,13.71,13.53,13.59,8800
MFV,20100409,7.26,7.43,7.25,7.29,26500
MG,20100409,10.69,10.77,10.51,10.75,78700
MGA,20100409,15.6825,15.845,15.6825,15.8025,387600
MGF,20100409,7.38,7.44,7.38,7.4,56200
MGM,20100409,14.66,14.88,14.25,14.8,44078400
MGU,20100409,16.12,16.23,16.07,16.23,51900
MHD,20100409,15.59,15.62,15.5,15.53,13000
MHF,20100409,7.52,7.54,7.48,7.51,27000
MHI,20100409,14.77,14.8,14.65,14.78,71000
MHK,20100409,54.15,55.22,53.37,55.12,419500
MHN,20100409,13.94,14.06,13.94,14.05,89400
MHO,20100409,14.81,15.02,14.69,14.88,74500
MHO-A,20100409,16,16.3,16,16.3,300
MIC,20100409,15.03,15.16,14.61,15.09,181200
MIN,20100409,6.72,6.77,6.71,6.73,452700
MIY,20100409,13.43,13.49,13.43,13.48,13700
MJN,20100409,51.98,52.15,51.75,52.09,854000
MKC,20100409,38.25,38.43,38.09,38.43,379400
MKC.V,20100409,38.24,38.24,38.24,38.24,200
MKL,20100409,379.75,382.8,377.88,382.8,8600
MLI,20100409,13.71,13.83,13.67,13.82,125700
MLM,20100409,85.35,88.32,83.53,87.51,830400
MLP,20100409,5.57,5.65,5.52,5.56,16200
MLR,20100409,12.66,13.49,12.58,13.06,41300
MMC,20100409,24.23,24.36,24.13,24.34,2348500
MMM,20100409,82.97,83.67,82.79,83.49,2884800
MMP,20100409,23.935,24.19,23.75,24.165,225800
MMS,20100409,15.415,15.595,15.38,15.58,56200
MMT,20100409,6.67,6.68,6.66,6.68,198800
MMU,20100409,12.74,12.89,12.73,12.82,50300
MNE,20100409,12.79,12.79,12.79,12.79,800
MNI,20100409,55.4,56.7,55,55.8,778500
MNP,20100409,13.81,13.81,13.73,13.8,4600
MO,20100409,20.95,20.96,20.7,20.93,8719900
MOD,20100409,12.85,12.88,12.51,12.61,404200
MOG.A,20100409,35.44,35.75,35.06,35.63,83200
MOG.B,20100409,35.87,35.87,35.87,35.87,0
MOH,20100409,17.2,17.5733,17.12,17.5667,313100
MON,20100409,69.11,69.71,68.55,68.85,5790300
MOS,20100409,58.22,58.22,56.33,56.65,5012400
MOV,20100409,13.41,13.59,13.21,13.46,84100
MP-D,20100409,24.54,24.7,24.15,24.7,1300
MPA,20100409,13.88,13.89,13.87,13.88,18900
MPG,20100409,4.48,4.6,3.96,4.13,7542200
MPV,20100409,12.6,12.6,12.2,12.26,13500
MPW,20100409,10.83,10.94,10.73,10.94,395100
MPX,20100409,6.77,6.87,6.64,6.78,32900
MQT,20100409,12.54,12.54,12.27,12.29,40500
MQY,20100409,13.9,13.97,13.9,13.97,38100
MRK,20100409,36.8,37.25,36.78,36.97,10069500
MRO,20100409,32.14,32.21,31.71,32.19,7012700
MRT,20100409,7.24,7.44,7.12,7.3,89400
MS,20100409,31.1,31.45,30.75,30.98,18781400
MS-A,20100409,21.52,21.61,21.45,21.54,47700
MSA,20100409,28.69,28.74,28.42,28.59,102100
MSB,20100409,25.59,25.79,22.14,24.55,884800
MSCI,20100409,36.39,36.65,35.79,36.62,613900
MSD,20100409,10.54,10.58,10.48,10.54,70700
MSF,20100409,14.32,14.59,14.32,14.39,26400
MSI,20100409,51.94,52.01,51.38,51.73,14935600
MSM,20100409,57.15,57.15,54.98,55.4,485900
MSP,20100409,12.8,12.89,12.75,12.86,34100
MT,20100409,45.76,46.13,45.51,45.78,3873600
MTB,20100409,84.22,85.45,83.95,85.34,740200
MTD,20100409,112.33,113.48,111.95,113.48,97100
MTG,20100409,12.15,12.52,11.65,12.11,5350600
MTH,20100409,20,20.1,19.82,20.05,1117800
MTL,20100409,60.38,60.58,59.02,59.54,1608500
MTN,20100409,42.29,43.15,41.36,43.11,200000
MTR,20100409,42.96,43.5,42.96,43.5,3700
MTRN,20100409,26.06,26.33,25.84,25.98,87500
MTT,20100409,21.29,21.49,21.22,21.41,49600
MTU,20100409,5.44,5.48,5.42,5.44,1061500
MTW,20100409,13.65,14.34,13.62,14.33,4352900
MTX,20100409,28.23,28.55,28.17,28.52,94500
MTZ,20100409,12.97,13.24,12.85,13.03,575400
MUA,20100409,12.51,12.53,12.48,12.48,8200
MUC,20100409,13.37,13.44,13.33,13.41,91100
MUE,20100409,13.2,13.25,13.18,13.19,54600
MUH,20100409,14.23,14.24,14.13,14.21,21400
MUI,20100409,13.92,14.05,13.92,13.98,94200
MUJ,20100409,14.35,14.43,14.33,14.43,40100
MUR,20100409,60.06,60.46,59.66,60.4,1833900
MUS,20100409,13.35,13.36,13.34,13.36,17200
MUSA,20100409,20.05,21.52,19.07,19.2,11864900
MVC,20100409,13.7,13.82,13.65,13.7,45100
MVO,20100409,26.89,27.14,26.62,27.01,137300
MVT,20100409,14.48,14.5,14.45,14.5,35800
MWA,20100409,4.95,5.04,4.9,4.99,1649000
MXE,20100409,9.67,9.73,9.64,9.71,13200
MXF,20100409,25.39,25.73,25.39,25.72,14600
MXL,20100409,16.95,17.63,16.88,17.23,173400
MYC,20100409,13.21,13.26,13.17,13.23,41900
MYD,20100409,13.69,13.69,13.64,13.68,41500
MYE,20100409,10.69,10.77,10.65,10.74,71700
MYF,20100409,13.2,13.25,13.2,13.23,26400
MYI,20100409,13.11,13.15,13.09,13.11,73400
MYJ,20100409,14.22,14.38,14.21,14.29,21900
MYN,20100409,12.5,12.53,12.47,12.51,88600
MZF,20100409,13.5,13.56,13.47,13.53,49700
NAC,20100409,12.7,12.76,12.66,12.73,16000
NAD,20100409,13.98,14.01,13.94,14.01,44100
NAN,20100409,13.57,13.57,13.54,13.57,4300
NAT,20100409,31.37,31.82,31.1,31.6,612300
NAV,20100409,48.55,49.5,48.24,49.2,1526400
NAV-D,20100409,16,16,16,16,0
NAZ,20100409,13.2,13.25,13.2,13.25,600
NBL,20100409,38.29,38.59,38.105,38.44,1306500
NBR,20100409,20.14,20.23,19.56,19.87,6687400
NC,20100409,80.16,81.75,79.18,80.99,21100
NCA,20100409,9.12,9.2,9.12,9.16,15500
NCI,20100409,12.06,12.15,12.05,12.12,206100
NCR,20100409,15.27,15.34,15.08,15.34,1918200
NCS,20100409,11.61,11.79,11.45,11.77,193500
NCT,20100409,23.58,25.08,22.86,23.58,1728300
NCT-B,20100409,19.98,20,19.77,19.82,4000
NCT-C,20100409,16.01,16.16,15.91,16.05,1300
NCT-D,20100409,15.94,15.97,15.87,15.87,1000
NCV,20100409,9.89,9.95,9.86,9.95,167600
NCZ,20100409,9.35,9.37,9.3,9.34,115100
NE,20100409,41.85,41.98,41.09,41.64,4132900
NEE,20100409,49.1,49.72,48.66,49.71,3473200
NEM,20100409,54.24,54.48,53.55,54.21,7150800
NEU,20100409,108.86,109.82,108.39,109.09,110800
NEV,20100409,13.9,13.92,13.84,13.86,16300
NFG,20100409,51.66,53.44,51.62,53.3,621000
NFJ,20100409,16.05,16.12,16.02,16.07,287000
NFX,20100409,56.16,57,55,55.21,2051200
NGG,20100409,50.2,50.63,50.2,50.51,72000
NGS,20100409,17.29,17.5,17.01,17.31,68100
NHI,20100409,39.81,39.99,39.36,39.64,50600
NI,20100409,16.24,16.25,16.12,16.25,5631700
NIE,20100409,17.18,17.3,17.18,17.29,42500
NIM,20100409,10.41,10.45,10.4,10.43,10800
NJR,20100409,19.18,19.245,19.015,19.245,112800
NKE,20100409,18.545,18.82,18.4125,18.795,3125500
NL,20100409,8.41,8.48,8.32,8.34,17100
NLS,20100409,3.46,3.48,3.28,3.35,98900
NLY,20100409,17.27,17.27,17.2,17.23,6020800
NLY-A,20100409,25.08,25.08,25,25.02,8000
NM,20100409,6.78,6.93,6.78,6.93,681400
NMI,20100409,11.19,11.19,11.13,11.18,2900
NMK-B,20100409,82,82,82,82,0
NMK-C,20100409,84.85,84.85,84.85,84.85,0
NMM,20100409,18.65,19.31,18.65,19.27,402100
NMR,20100409,7.6,7.64,7.49,7.62,431100
NMT,20100409,14.62,14.65,14.52,14.52,7200
NMY,20100409,14.37,14.47,14.37,14.41,13900
NNA,20100409,9.85,9.9,9.85,9.9,662200
NNC,20100409,15.41,15.43,15.01,15.38,18200
NNI,20100409,19.09,19.4,18.92,19.17,81400
NNN,20100409,23.89,24.05,23.69,23.88,1180200
NNY,20100409,9.62,9.65,9.58,9.64,23200
NOA,20100409,10.5,10.74,10.43,10.53,107400
NOC,20100409,65.08,66.19,65.07,66.15,1813700
NOK,20100409,15.04,15.3,14.93,15.01,35336700
NOV,20100409,42.63,42.94,42.19,42.93,3708300
NP,20100409,16.86,17.29,16.7,17.28,96600
NPK,20100409,109.81,112.2,108.35,111.5,41800
NPO,20100409,29.55,29.72,29.21,29.59,76100
NPV,20100409,15.85,15.95,15.8,15.95,15600
NQP,20100409,13.54,13.6,13.54,13.59,15300
NR,20100409,6.14,6.2,5.91,6.09,562100
NRF,20100409,9.28,9.46,9.02,9.1,853300
NRF-A,20100409,19.97,19.97,19.82,19.89,6800
NRF-B,20100409,18.82,19,18.8,18.9,11700
NRG,20100409,21.51,21.84,21.29,21.8,3709800
NRP,20100409,252.6,252.9,247.8,251.5,276400
NRT,20100409,28.03,30.04,28.01,29.84,7400
NS,20100409,62.94,62.95,62.39,62.49,83900
NSC,20100409,58.46,58.62,57.3,57.91,2643900
NSH,20100409,30.51,30.71,30.26,30.52,43300
NSL,20100409,7.64,7.67,7.61,7.64,84400
NSM,20100409,14.6,14.73,14.5,14.71,5125600
NSR,20100409,25.81,26.01,25.61,26,313500
NTC,20100409,14.14,14.14,14,14,12400
NTL,20100409,20.99,21.5,20.99,21.5,8600
NTT,20100409,21.39,21.6,21.39,21.55,337600
NTX,20100409,15.9,15.96,15.84,15.96,3300
NTZ,20100409,4.76,4.9,4.49,4.53,43900
NUE,20100409,47.71,47.81,46.96,47.4,4397600
NUM,20100409,13.1,13.1,13,13.04,12300
NUO,20100409,15.74,15.8,15.74,15.74,4600
NUS,20100409,28.84,29.1,28.63,29.04,319000
NUV,20100409,9.89,9.9,9.86,9.89,143500
NUW,20100409,16.26,16.32,16.21,16.22,35600
NVO,20100409,15.61,15.768,15.61,15.722,403500
NVR,20100409,710.35,715.08,709.04,712.67,57300
NVS,20100409,52.97,53.29,52.83,53.11,4454100
NW-C,20100409,21.15,21.32,21,21.07,27200
NWE,20100409,27.5,27.58,27.21,27.5,5427600
NWL,20100409,16.16,16.37,16.04,16.29,2743000
NWN,20100409,46.24,47.22,46.07,46.88,141000
NWY,20100409,4.81,4.94,4.73,4.9,88100
NX,20100409,17.34,17.76,17.17,17.65,241000
NXC,20100409,13.12,13.13,13.03,13.13,9200
NXN,20100409,13.76,13.81,13.75,13.8,6100
NXP,20100409,15.05,15.05,14.85,14.85,16600
NXQ,20100409,13.79,13.85,13.78,13.78,15900
NXR,20100409,14.28,14.3,14.26,14.27,6700
NYT,20100409,11.41,11.82,11.34,11.75,1811700
O,20100409,31.73,31.92,31.5,31.75,782800
OB,20100409,16.54,16.65,16.26,16.58,103900
OC,20100409,26.81,27.15,26.49,27.15,1399100
OCN,20100409,12.32,12.41,12.26,12.3,734300
ODC,20100409,19.88,20.02,19.8,19.97,5500
OFC,20100409,41.41,41.72,41.02,41.58,566400
OFG,20100409,14.88,14.94,14.22,14.36,620700
OFG-A,20100409,21.2,21.2,21.2,21.2,0
OFG-B,20100409,21.7,21.7,21.7,21.7,0
OGE,20100409,19.71,19.835,19.545,19.825,201700
OHI,20100409,20.25,20.29,20.03,20.1,1211900
OI,20100409,37.53,37.97,37.41,37.63,1809100
OIA,20100409,6.39,6.44,6.3,6.39,32000
OII,20100409,31.78,31.78,31.265,31.59,861100
OIS,20100409,46.52,46.99,46,46.97,437000
OKE,20100409,23.57,23.8,23.42,23.79,380700
OKS,20100409,31.48,31.8,31.285,31.7,187900
OLN,20100409,20.6,20.8,20.33,20.79,674400
OLP,20100409,17.57,18.5,17.5,18.44,99300
OMC,20100409,39.26,39.72,38.95,39.45,3313900
OME,20100409,5.75,5.8,5.61,5.77,38800
OMI,20100409,31.44,31.57,31.15,31.38,377000
OMN,20100409,7.88,7.9,7.7,7.85,242100
OPY,20100409,26.96,26.96,26.35,26.51,19500
ORA,20100409,29.61,30.45,29.55,30,316000
ORCL,20100409,25.8,26.14,25.65,26.13,19663700
ORI,20100409,13.26,13.35,13.18,13.3,1759900
ORN,20100409,18.62,18.9,18.62,18.81,184200
OSG,20100409,43.9,47.66,43.9,46.84,3265500
OSK,20100409,41.34,41.41,40.34,40.95,1200100
OXM,20100409,21.4,21.68,21.22,21.6,69200
OXY,20100409,86.61,87.08,85.59,86.56,4527100
OZM,20100409,17.19,17.95,17.14,17.9,696200
PAA,20100409,29.13,29.5,29.075,29.445,190700
PAC,20100409,35.85,36,35.45,35.68,97900
PAG,20100409,15.18,15.27,14.87,14.97,2390400
PAI,20100409,13.15,13.16,13.07,13.08,9500
PAM,20100409,11.6,11.71,11.45,11.5,55800
PAR,20100409,9.6,10.14,9.53,9.95,652400
PAY,20100409,20.78,20.81,20.42,20.61,630100
PBH,20100409,9.05,9.1,8.99,9.01,88300
PBI,20100409,24.68,24.8,24.53,24.72,1528100
PBR,20100409,45.65,45.85,44.89,45.22,9934900
PBR.A,20100409,40.52,40.79,39.9,40.07,4634200
PBT,20100409,18.28,18.5,18.25,18.5,181100
PCF,20100409,7.96,8.1,7.96,8.1,22600
PCG,20100409,42.48,42.94,42.12,42.93,2141900
PCK,20100409,8.86,8.86,8.74,8.75,36200
PCM,20100409,9.7,9.7,9.46,9.61,23600
PCN,20100409,15.15,15.27,15.07,15.1,56500
PCQ,20100409,13.1,13.17,13.09,13.17,20900
PDM,20100409,19.89,20.2,19.6,20.14,154600
PDS,20100409,8.05,8.09,7.83,7.88,1028700
PDT,20100409,10.71,10.71,10.64,10.7,45500
PEB,20100409,20.25,20.29,20,20.29,100700
PEG,20100409,30.52,30.71,30.22,30.69,2686500
PEI,20100409,13.61,14.17,13.47,14.07,423300
PEO,20100409,24.69,24.79,24.63,24.79,25300
PEP,20100409,65.93,66.43,65.86,66.36,4757600
PFD,20100409,11.92,11.96,11.85,11.9,10900
PFE,20100409,17.2,17.31,17.17,17.25,44002000
PFG,20100409,29.58,29.67,28.86,29.3,3543300
PFH,20100409,22.69,22.97,22.67,22.97,900
PFK,20100409,24.86,24.89,24.63,24.81,13100
PFL,20100409,11.23,11.23,11.01,11.13,179200
PFN,20100409,9.53,9.57,9.47,9.55,239000
PFO,20100409,10.24,10.24,10.04,10.04,57600
PFS,20100409,12.09,12.25,11.91,12.14,202900
PG,20100409,62.57,63,62.51,62.73,9146600
PGH,20100409,11.72,11.79,11.51,11.66,752200
PGP,20100409,19.46,19.62,19.45,19.55,48900
PGR,20100409,19.36,19.45,19.33,19.4,3366500
PH,20100409,67.77,68.67,67.51,68.48,1124600
PHD,20100409,12.84,12.9,12.78,12.86,249600
PHG,20100409,32.71,33.09,32.7,33.02,1179900
PHH,20100409,24.25,24.25,23.7,23.8,519800
PHI,20100409,56.04,57,55.92,56.93,124500
PHK,20100409,12.5,12.67,12.5,12.62,538500
PHM,20100409,10.93,11.18,10.91,11.17,5967200
PHT,20100409,16.33,16.4,16.19,16.31,104700
PHX,20100409,22.06,23.91,22.02,23.91,24200
PII,20100409,26.5,27.38,26.36,27.32,426000
PIM,20100409,6.26,6.32,6.22,6.32,138300
PIR,20100409,8.47,8.78,8.03,8.64,9177000
PIY,20100409,24.19,24.2,23.65,24.1,3300
PJC,20100409,42.76,42.76,42.1,42.38,139200
PJT,20100409,23.41,23.48,23.31,23.41,7600
PKD,20100409,5.5,5.58,5.38,5.58,986800
PKE,20100409,28.81,28.89,28.36,28.49,67200
PKG,20100409,24.68,24.99,24.24,24.89,1034200
PKI,20100409,23.66,23.87,23.66,23.8,2262400
PKO,20100409,24.16,24.28,24.16,24.18,32600
PKX,20100409,124,124,121.01,122.1,450500
PKY,20100409,18.61,18.92,18.37,18.87,76000
PLD,20100409,27.6,27.91,27.29,27.9,3068100
PLT,20100409,31.71,31.77,31.27,31.62,175900
PM,20100409,52.76,52.81,52.03,52.75,4844300
PMC,20100409,19.15,19.46,18.91,19.23,122000
PMF,20100409,14.18,14.25,14.12,14.19,85400
PML,20100409,10.94,10.99,10.88,10.92,91500
PMM,20100409,7.36,7.4,7.33,7.39,249600
PMO,20100409,11.43,11.47,11.39,11.47,55800
PMT,20100409,17.55,17.74,17.47,17.74,59400
PMX,20100409,10.99,11.04,10.96,11.04,55600
PNC,20100409,64.36,64.8,63.49,64.8,4953800
PNF,20100409,11.35,11.36,11.24,11.31,5700
PNI,20100409,11.54,11.61,11.54,11.58,10800
PNM,20100409,12.71,12.77,12.47,12.77,464800
PNR,20100409,36.14,36.73,35.89,36.6,642900
PNW,20100409,38.45,38.52,37.84,38,5946600
POL,20100409,10.93,11.09,10.88,11.06,433400
POR,20100409,19.66,19.66,19.45,19.62,483200
POT,20100409,38.6333,38.79,38.1833,38.3967,4814400
PPG,20100409,34.03,34.34,33.92,34.34,1494100
PPL,20100409,28.04,28.04,27.73,27.98,1812800
PPR,20100409,6.27,6.27,6.02,6.08,898400
PPT,20100409,6.53,6.57,6.5,6.54,444000
PQ,20100409,22.96,23.04,22.52,22.88,1273300
PRA,20100409,29.54,29.565,29.345,29.45,59000
PRI,20100409,21.84,23.35,21.75,23.34,3062000
PRO,20100409,9.92,9.92,9.46,9.63,71300
PRU,20100409,63.73,64,62.86,63.52,2198800
PSA,20100409,93.26,94.74,92.97,94.63,951800
PSA-A,20100409,23.13,23.27,23.13,23.21,2500
PSA-B,20100409,25.02,25.12,25.02,25.12,1300
PSA-C,20100409,23.67,23.79,23.67,23.71,4800
PSA-D,20100409,22.41,22.51,22.4,22.49,9900
PSA-E,20100409,23.92,23.99,23.88,23.96,4700
PSA-V,20100409,25.26,25.33,25.26,25.33,4900
PSA-W,20100409,23.33,23.36,23.26,23.26,2400
PSA-X,20100409,23.09,23.12,23.02,23.09,2700
PSA-Z,20100409,23.34,23.34,23.1,23.2,4500
PSB,20100409,55.89,56.87,55.5,56.85,61900
PSO,20100409,15.36,15.47,15.33,15.43,125500
PTR,20100409,122.47,123.18,121.93,122.67,473500
PTY,20100409,16.3,16.4,16.28,16.28,119500
PUK,20100409,17.44,17.66,17.44,17.62,288600
PUK-A,20100409,23.86,24.23,23.86,24.01,16000
PUK.P,20100409,24.35,24.44,24.29,24.39,12300
PVG,20100409,18.45,18.45,18.35,18.39,324100
PVH,20100409,61.68,62.67,61.68,62.67,1218500
PWE,20100409,21.6,21.6,21.02,21.16,1823300
PWR,20100409,19.89,20.34,19.82,20.34,3297300
PX,20100409,84.56,85.24,84.46,84.95,2555700
PXD,20100409,60.91,61.62,60.24,60.99,1470100
PYN,20100409,9.32,9.39,9.11,9.23,9000
PYS,20100409,20.93,20.98,20.75,20.75,5700
PYT,20100409,17.8,18.06,17.79,18.06,3700
PZC,20100409,9.31,9.36,9.3,9.31,41700
PZE,20100409,8.795,8.795,8.595,8.63,48000
PZN,20100409,7.37,7.43,7.15,7.18,46200
Q,20100409,5.45,5.45,5.38,5.42,14697200
QTM,20100409,2.77,2.85,2.68,2.77,1644100
R,20100409,41.71,42.45,41.66,42.44,498200
RA,20100409,12.2,12.47,12.11,12.31,104100
RAD,20100409,1.35,1.37,1.34,1.36,14272800
RAI,20100409,26.965,27.255,26.815,27.235,884000
RAS,20100409,7.35,8.01,7.26,7.95,6283600
RAS-A,20100409,16.26,16.29,15.99,16.02,11500
RAS-B,20100409,17.5,17.5,17.31,17.4,3400
RAS-C,20100409,17.53,17.6,17.47,17.55,4000
RBA,20100409,21.58,21.95,21.5,21.67,155500
RBC,20100409,62.49,62.83,62.14,62.81,170800
RBS,20100409,13.7,13.76,13.65,13.72,211100
RBS-F,20100409,21.01,21.73,21.01,21.14,61800
RBS-H,20100409,19.85,20.38,19.66,19.88,110200
RBS-L,20100409,16.19,16.65,16.19,16.3,235600
RBS-S,20100409,14.01,14.06,13.98,14.05,406500
RCI,20100409,33.68,33.77,33.33,33.74,653400
RCL,20100409,33.82,33.89,33.21,33.77,2547300
RCS,20100409,10,10.16,9.99,10.1,126900
RDC,20100409,30.12,30.2,29.82,29.99,2828400
RDN,20100409,17.02,17.15,16.36,16.66,2989200
RDS.A,20100409,59.95,60.74,59.94,60.7,1448700
RDS.B,20100409,57.75,58.53,57.74,58.46,525100
RDY,20100409,28.41,28.48,28.06,28.07,341900
RE,20100409,81.62,81.79,80.88,81.77,258800
REG,20100409,37.94,38.39,37.74,38.3,1121300
REN,20100409,65.95,66,65.05,65.75,211800
RES,20100409,5.1778,5.2267,5.1467,5.1778,147600
REV,20100409,15.07,15.19,14.94,15.05,47200
RF,20100409,8.65,8.71,8.5,8.59,17760000
RFI,20100409,11.67,11.87,11.67,11.83,14200
RGA,20100409,52.84,53.17,52.6,53.09,310400
RGC,20100409,18.29,18.29,17.64,17.84,1699300
RGR,20100409,13.41,13.52,13.15,13.47,225600
RGS,20100409,18.19,18.56,17.96,18.53,492900
RHI,20100409,30.98,31.17,30.76,31.11,1147300
RHT,20100409,30.47,30.84,30.28,30.81,2243600
RIG,20100409,87.77,87.86,84.6,85.65,8930000
RIO,20100409,60.6,61.0325,60.3225,60.685,488400
RJF,20100409,28.67,28.98,28.56,28.91,516100
RL,20100409,89.02,89.76,88.4,89.73,430600
RLH,20100409,7.15,7.42,7.1,7.31,64300
RLI,20100409,28.665,28.825,28.585,28.74,44100
RMD,20100409,30.63,30.81,30.57,30.79,482800
RMT,20100409,8.48,8.55,8.48,8.54,102300
RNP,20100409,12.6,12.67,12.5,12.54,134000
RNR,20100409,57.04,57.34,56.76,57.27,228800
RNR-C,20100409,21.01,21.04,20.85,20.85,10000
ROG,20100409,32.82,33.11,32.37,33.01,75500
ROK,20100409,59,59.35,58.86,59.14,842200
ROL,20100409,9.7377,9.7377,9.5739,9.6226,124900
ROP,20100409,60.1,60.47,59.83,60.38,398900
RPM,20100409,21.25,21.45,20.98,21.45,845200
RPT,20100409,11.75,12.16,11.72,12.14,167800
RQI,20100409,7.43,7.51,7.43,7.47,420300
RRC,20100409,51.4,51.5,49.78,50.28,5291400
RS,20100409,52.97,53.77,52.79,53.6,1182900
RSG,20100409,29.89,29.95,29.69,29.95,1709500
RSO,20100409,7.22,7.4,7.16,7.4,667900
RST,20100409,25.49,25.52,24.81,24.98,198200
RT,20100409,12.48,12.48,11.61,11.71,1077900
RTN,20100409,56.88,57.58,56.79,57.53,1629800
RVT,20100409,12.26,12.37,12.22,12.37,127800
RWT,20100409,15.91,16.07,15.81,16.03,482000
RY,20100409,58.66,59.05,58.42,59.04,565900
RYN,20100409,31.3333,31.5,31.0533,31.44,561700
S,20100409,4.05,4.12,4.01,4.04,55347100
SAB,20100409,16.3,16.95,16.18,16.29,3600
SAH,20100409,12.22,12.26,12,12.16,504100
SAM,20100409,53.24,53.57,52.75,53.37,54000
SAN,20100409,71.9,72.03,71.5,71.88,70100
SAP,20100409,48.12,48.93,48.12,48.9,1928300
SAR,20100409,23.9,24.5,23.3,24.3,21500
SB,20100409,7.81,7.85,7.54,7.67,468300
SBH,20100409,8.82,8.93,8.73,8.91,284700
SBR,20100409,49.33,50.47,49.33,50.47,34800
SBS,20100409,6.63,6.7417,6.5767,6.6133,317500
SBW,20100409,13.18,13.3,13.14,13.14,40300
SCCO,20100409,34.81,34.97,34.57,34.89,2092800
SCD,20100409,10.82,10.84,10.8,10.82,40200
SCG,20100409,38.04,38.17,37.73,38.13,477000
SCHW,20100409,19.13,19.28,19.06,19.23,6708200
SCI,20100409,9.5,9.6,9.46,9.55,808600
SCL,20100409,29.315,29.93,28.985,29.93,42100
SCS,20100409,6.8,7,6.72,6.95,1234000
SCX,20100409,10.36,10.55,10.19,10.55,7300
SD,20100409,7.76,7.77,7.58,7.64,9671500
SE,20100409,23.12,23.32,22.9,23.29,2011500
SEE,20100409,21.7,21.75,21.55,21.7,842500
SEM,20100409,8.22,8.29,8.05,8.16,255800
SEP,20100409,32.3,32.81,32.16,32.66,69700
SF,20100409,34.9133,35.22,34.7733,35.18,379700
SFE,20100409,13.68,13.75,13.48,13.59,58200
SFL,20100409,19.6,20.36,19.6,20.22,756500
SGF,20100409,13.43,13.51,13.39,13.48,14900
SGU,20100409,4.33,4.33,4.27,4.32,77800
SGY,20100409,191.5,195,190.8,194.6,543600
SHG,20100409,41.315,41.86,41.315,41.835,81200
SHI,20100409,26.5,26.52,26.2333,26.52,27600
SHO,20100409,11.49,11.61,11.3,11.43,2537100
SHW,20100409,70.91,71.32,70.2,71.21,1382200
SID,20100409,20.43,20.43,20.02,20.19,5778800
SIG,20100409,32.83,33.08,32.4,33.02,360800
SJI,20100409,21.335,21.455,21.065,21.45,53600
SJM,20100409,61.06,61.93,61.06,61.84,690100
SJR,20100409,20.07,20.07,19.49,19.79,263400
SJT,20100409,23.1,23.85,23.1,23.74,494600
SJW,20100409,26.59,26.82,26.5,26.74,23000
SKM,20100409,17.65,17.88,17.65,17.84,892200
SKT,20100409,21.615,21.755,21.3,21.66,828500
SKX,20100409,12.8467,12.99,12.6933,12.92,645000
SLB,20100409,67.07,67.35,66.23,66.53,7648400
SLF,20100409,32.43,32.95,32.36,32.77,253700
SLG,20100409,60.92,62,60.48,61.8,1114500
SLW,20100409,17.42,17.58,17.25,17.49,4030900
SM,20100409,37.92,38.31,37.34,37.76,558600
SMG,20100409,46.33,46.55,45.66,46.52,437400
SMI,20100409,6.43,6.44,6.33,6.44,378600
SMP,20100409,10.63,10.73,10.38,10.58,53100
SNA,20100409,44.61,44.91,44.38,44.9,247000
SNE,20100409,36.71,36.91,36.5,36.81,622600
SNN,20100409,20.86,20.884,20.692,20.816,62200
SNP,20100409,65.3154,66.0462,64.7692,66.0462,364200
SNV,20100409,24.15,24.43,23.52,23.73,8138500
SNX,20100409,29.1,29.49,28.84,29.45,352400
SNY,20100409,37.14,37.46,37.08,37.37,1676400
SO,20100409,33.61,33.93,33.32,33.93,3197100
SOL,20100409,6.89,7,6.32,6.42,3326200
SON,20100409,31.71,31.98,31.55,31.98,399900
SOR,20100409,47.49,47.5,47.24,47.43,11900
SOV-C,20100409,26.49,26.5,26.39,26.39,600
SPA,20100409,5.98,6,5.97,6,6300
SPB,20100409,30.23,30.69,29.27,30.34,17900
SPG,20100409,85.01,86.19,84.23,86.09,2033600
SPG-J,20100409,61.49,61.49,58.24,61.35,600
SPH,20100409,48.25,48.5,48,48.28,76500
SPN,20100409,22.92,23.15,22.51,23.11,826000
SPR,20100409,23.24,23.6,23.05,23.44,633800
SQM,20100409,38.27,38.27,37.9,38.11,1547700
SR,20100409,27,27.6,27,27.25,33900
SRE,20100409,50.23,50.54,49.85,50.49,1611500
SRI,20100409,10.65,10.91,10.65,10.83,25200
SRT,20100409,7.62,7.65,7.38,7.39,17900
SRV,20100409,9.19,9.26,9.07,9.23,53700
SSD,20100409,28.62,29.78,28.58,29.72,234400
SSI,20100409,15.44,15.5,15.13,15.49,101600
SSL,20100409,42.55,42.97,42.51,42.55,241100
SSP,20100409,9.18,9.31,9.07,9.24,167000
SSW,20100409,10.33,10.6,10.28,10.6,251100
ST,20100409,18.5,19,18.38,19,556900
STC,20100409,14.62,14.86,14.56,14.76,145300
STE,20100409,34.68,35.11,34.25,35.11,694200
STI,20100409,28.7,28.82,28.24,28.65,4002800
STI-A,20100409,22.35,22.35,21.44,21.5,30200
STJ,20100409,40.76,41.37,40.59,41.24,1729300
STK,20100409,19.91,20.07,19.82,19.93,52300
STL,20100409,10.33,10.43,10.23,10.37,201100
STM,20100409,9.97,10.07,9.94,10.06,1117700
STN,20100409,13.285,13.345,13.22,13.31,14200
STNG,20100409,12.25,12.44,12.15,12.35,594100
STO,20100409,24.31,24.54,24.3,24.51,1170200
STT,20100409,46.6,47.32,46.26,46.96,4852900
STV,20100409,7.45,7.45,7.26,7.35,79800
STWD,20100409,2.7411,2.7481,2.6849,2.7004,197800
STZ,20100409,15.98,16.54,15.95,16.43,4917500
STZ.B,20100409,16.54,16.54,16.23,16.23,200
SU,20100409,35.28,35.7,34.96,35.3,10300200
SUI,20100409,26.27,26.78,26.07,26.61,234700
SUN,20100409,30.29,30.69,30.2,30.65,2997400
SUP,20100409,15.98,16.3,15.95,16.24,71300
SVU,20100409,16.38,16.6,16.28,16.4,3261500
SWC,20100409,15.17,15.9,15.17,15.69,2658000
SWK,20100409,59.5,60.73,59.44,60.42,2001200
SWM,20100409,25.99,26.295,25.85,26.25,307200
SWN,20100409,41.27,41.65,40.94,41.3,4197000
SWX,20100409,30.72,30.99,30.21,30.97,268200
SWZ,20100409,11.77,11.94,11.77,11.92,45500
SXE,20100409,30.34,30.68,29.94,30.58,94900
SXI,20100409,27.14,27.14,25.9,26.13,41500
SXL,20100409,11.5434,11.7134,11.4967,11.6817,157900
SXT,20100409,29.66,29.75,29.34,29.73,129800
SYK,20100409,57.01,57.64,57.01,57.64,618700
SYT,20100409,53.3,53.72,53.27,53.66,208300
SYX,20100409,23.25,23.25,22.72,22.75,65000
SYY,20100409,29.65,29.88,29.5,29.88,3158400
T,20100409,26.11,26.51,26.06,26.44,39747600
TAC,20100409,22.11,22.11,21.76,21.86,23400
TAL,20100409,20.65,20.65,20.43,20.51,107100
TAP,20100409,43.08,43.63,43.03,43.58,781400
TAP.A,20100409,42.15,42.25,42.15,42.25,200
TBI,20100409,15.26,15.26,14.87,15.04,119300
TCAP,20100409,15.18,15.5,15.12,15.43,98500
TCB,20100409,17.15,17.18,16.88,16.97,1244500
TCB.W,20100409,5.2,5.2,5.01,5.04,6300
TCI,20100409,10.96,11.02,10.8,11,3400
TCO,20100409,41.45,42.64,41.25,42.57,529600
TD,20100409,36.825,37.14,36.725,36.94,575900
TDA,20100409,24.47,24.47,24.3,24.34,20100
TDC,20100409,28.35,28.38,28.13,28.25,1303800
TDF,20100409,27.05,27.35,27.05,27.28,47800
TDG,20100409,54.97,54.97,54.42,54.7,201100
TDI,20100409,23.71,23.77,23.57,23.57,1200
TDS,20100409,34.41,34.87,34.37,34.82,196300
TDW,20100409,48.96,49.54,48.75,49.53,517600
TDY,20100409,40.67,40.98,40.08,40.97,176800
TEF,20100409,23.65,24.1833,23.65,24.1267,451100
TEI,20100409,14.81,14.88,14.76,14.8,132500
TEL,20100409,28.78,29.14,28.73,29.05,2312400
TEN,20100409,24.38,24.7,24.1,24.33,611000
TEO,20100409,19.58,20.09,19.4,20.03,137300
TER,20100409,11.2,11.25,10.85,11.08,6393900
TEVA,20100409,63.19,63.21,62.86,63.15,4890300
TEX,20100409,25.29,26.41,25.29,26.16,5072300
TFX,20100409,63.63,63.99,63.49,63.97,119700
TG,20100409,17.28,17.28,17.06,17.2,71400
TGH,20100409,21.7,21.94,21.45,21.93,59800
TGI,20100409,34.595,35.295,34.595,35.2,316800
TGP,20100409,29.98,29.99,29.56,29.9,57400
TGS,20100409,3.4,3.46,3.4,3.46,16900
TGT,20100409,55.93,56.13,54.79,55.67,7134500
THC,20100409,23.76,24.24,23.76,23.96,7764000
THG,20100409,43.5,43.52,43.11,43.39,504400
THO,20100409,31.41,32.84,31.22,32.82,799600
THS,20100409,43.3,43.48,42.93,43.4,156300
TI,20100409,14.25,14.43,14.25,14.32,223500
TI.A,20100409,11.24,11.47,11.24,11.44,73200
TIF,20100409,49.51,49.82,49.02,49.79,884200
TJX,20100409,22.3,22.48,22.07,22.415,4907000
TK,20100409,24.73,25.58,24.73,25.5,761400
TKC,20100409,15.74,15.9,15.74,15.87,710700
TKF,20100409,14.87,15,14.8,15,29900
TKR,20100409,30.64,31,30.48,31,418500
TLI,20100409,11.41,11.54,11.4,11.49,63900
TLK,20100409,18.095,18.095,17.88,18.02,102900
TLP,20100409,27.92,28.23,27.92,28.21,95400
TM,20100409,79.48,80.2,79.19,79.92,579400
TMH,20100409,16.26,16.62,16.24,16.56,57900
TMK,20100409,23.9289,23.9645,23.7333,23.9467,372000
TMO,20100409,51.4,52.28,51.24,52.28,1707600
TNC,20100409,28.3,28.52,27.84,28.49,31400
TNH,20100409,86.21,86.21,83.75,84.13,48800
TNK,20100409,12.26,12.3,12.1,12.29,830600
TNP,20100409,15.22,15.72,15.17,15.72,213800
TOL,20100409,20.37,20.47,20.18,20.33,1858700
TOO,20100409,20.2,20.2,19.97,20.04,113100
TOT,20100409,58.88,59.85,58.86,59.81,1655100
TPC,20100409,21.87,22.17,21.58,22.15,85100
TPL,20100409,28.75,28.85,28.65,28.85,1100
TPX,20100409,30.6,30.82,30.04,30.74,575300
TPZ,20100409,21.75,21.93,21.74,21.86,43900
TR,20100409,27.27,27.27,26.83,27.13,62400
TRC,20100409,29.31,29.43,29.1,29.25,20300
TREX,20100409,10.845,11.485,10.755,11.405,296600
TRI,20100409,36.15,36.55,35.99,36.45,213300
TRK,20100409,15.47,16.02,15.27,15.95,81600
TRN,20100409,10.87,11.125,10.76,11.105,1112700
TRNO,20100409,19.63,19.8,19.55,19.65,50100
TRP,20100409,37.49,37.97,37.42,37.73,115900
TRR,20100409,2.75,2.81,2.75,2.75,2400
TRU,20100409,5.06,5.27,5.06,5.11,4400
TRV,20100409,52.36,52.46,52.14,52.4,3406300
TS,20100409,44.55,44.89,44.41,44.65,1814800
TSI,20100409,4.71,4.74,4.7,4.71,118400
TSL,20100409,26.17,26.3,24.73,24.75,2960300
TSM,20100409,10.71,10.75,10.51,10.62,13105800
TSN,20100409,19.59,19.7,19.35,19.67,6190200
TSO,20100409,13.33,13.46,13.07,13.2,6714000
TSS,20100409,16.1,16.34,16.03,16.33,848700
TSU,20100409,27.61,28.07,27.52,27.93,319700
TTC,20100409,12.8525,12.96,12.735,12.8925,135600
TTF,20100409,9.72,9.74,9.68,9.74,34900
TTI,20100409,13.12,13.25,13,13.1,346200
TTM,20100409,19.25,19.4,19.05,19.34,1058300
TU,20100409,18.21,18.305,17.92,18.15,118400
TUP,20100409,47.81,47.88,47.26,47.85,621800
TV,20100409,21.09,21.39,21.09,21.35,1056500
TVC,20100409,26.36,26.39,26.34,26.34,7900
TVE,20100409,25.93,26.04,25.91,25.95,12100
TWI,20100409,9.55,9.88,9.46,9.88,569800
TWN,20100409,14.29,14.39,14.29,14.39,6700
TWX,20100409,32.33,32.93,32.13,32.63,7433200
TX,20100409,41.46,41.86,40.74,41.72,209200
TXT,20100409,22.23,22.3,21.67,22.09,3119300
TY,20100409,12.49,12.62,12.49,12.62,69500
TY.P,20100409,45.19,45.55,45.19,45.55,500
TYG,20100409,32.97,33.65,32.93,33.6,90000
TYL,20100409,18.53,18.89,18.5,18.86,121100
UA,20100409,3.9663,4.0413,3.91,4.035,652700
UAL,20100409,20.32,20.55,19.76,20.5,8816300
UAM,20100409,15.48,15.56,15.36,15.51,167800
UBA,20100409,16.57,16.57,16.34,16.39,84800
UBP,20100409,14.79,14.79,14.65,14.65,2800
UBS,20100409,16.31,16.59,16.3,16.52,6296800
UDR,20100409,18.4,18.96,18.37,18.96,2289900
UFI,20100409,3.87,3.9,3.8,3.87,124200
UFS,20100409,35.445,36.53,35.39,36.515,801400
UGI,20100409,17.6533,17.9,17.5333,17.8933,696000
UGP,20100409,12.25,12.26,12.0625,12.1625,70800
UHS,20100409,37.05,37.1,36.29,36.32,1126200
UHT,20100409,35.6,35.75,35.33,35.66,32100
UIS,20100409,37.24,37.46,37.05,37.39,309000
UL,20100409,30.01,30.21,30,30.18,861200
UMC,20100409,3.86,3.9,3.84,3.87,1349600
UN,20100409,30.83,31.11,30.8,31.06,1392300
UNF,20100409,51.21,51.71,50.81,51.69,72600
UNH,20100409,32.66,32.71,31.61,32.26,12831400
UNM,20100409,25.43,25.53,25.31,25.53,2333100
UNP,20100409,37.875,37.99,37.585,37.875,2653300
UNT,20100409,44.6,44.69,43.88,44.65,352300
UPS,20100409,64.28,64.6,63.99,64.44,2790600
URI,20100409,9.83,10.48,9.76,10.46,3694600
USA,20100409,4.8,4.8,4.77,4.78,415300
USB,20100409,27.15,27.27,26.88,27.16,7430000
USB-H,20100409,22.92,23.18,22.65,22.65,38400
USG,20100409,17.91,18.64,17.89,18.62,1297900
USM,20100409,41.69,42.25,41.69,42.16,67700
USPH,20100409,17.25,17.41,16.61,17.05,34000
UTF,20100409,15.21,15.3,15.08,15.25,175400
UTI,20100409,23.13,23.26,22.96,23.05,64400
UTL,20100409,23.41,23.53,23.18,23.48,28900
UTX,20100409,73.71,74,73.41,73.99,2818200
UVV,20100409,54.92,54.98,54.1,54.8,107700
V,20100409,22.985,23.1525,22.9125,23.13,2391700
VAL,20100409,29.48,29.75,29.18,29.75,258200
VAL.P,20100409,28.94,28.96,28.64,28.96,8520200
VALE,20100409,33.79,33.99,33.48,33.95,30469800
VAR,20100409,54.99,55.66,54.83,55.37,1053700
VBF,20100409,19.66,19.66,19.37,19.66,20300
VCO,20100409,46.52,47.17,46.5,47,700
VCV,20100409,12.17,12.25,12.17,12.24,17300
VFC,20100409,20.8925,20.9325,20.51,20.915,1110100
VG,20100409,1.46,1.5,1.44,1.44,2076500
VGM,20100409,14.28,14.3,14.26,14.3,59600
VGR,20100409,15.61,15.66,15.5,15.63,441500
VHI,20100409,8.91,8.9133,8.7433,8.7833,9200
VIV,20100409,20.65,20.77,20.23,20.42,173400
VKQ,20100409,13.89,13.95,13.89,13.94,41500
VLO,20100409,20.22,20.45,19.85,20.01,8650100
VLT,20100409,16.92,17.51,16.92,17.05,26600
VLY,20100409,15.85,16.04,15.55,16.04,709900
VLY-A,20100409,25.3,25.3,25.2,25.3,4100
VMC,20100409,48.11,48.85,47.76,48.42,879000
VMI,20100409,83.79,85.76,83.46,85.12,217500
VMO,20100409,13.94,13.97,13.92,13.95,39700
VMW,20100409,54.08,54.81,53.7,54.71,1224900
VNO,20100409,77.27,79.22,77.21,79.2,1385800
VNO-G,20100409,22.14,22.14,21.98,21.98,4600
VNO-I,20100409,22.03,22.18,22.03,22.18,7800
VPV,20100409,13.73,13.75,13.67,13.75,21500
VR,20100409,27.14,27.19,26.94,27.08,336900
VRS,20100409,3.6,3.72,3.38,3.65,201900
VRX,20100409,43.3,43.3,42.8,43.09,654500
VSH,20100409,10.49,10.55,10.3,10.35,1983500
VSI,20100409,22.35,22.47,22.25,22.41,25500
VTA,20100409,13.1,13.24,13.06,13.08,263400
VTN,20100409,14.29,14.43,14.26,14.28,39400
VTR,20100409,47.5,47.63,46.82,47,2521200
VVC,20100409,25,25.33,24.91,25.32,441100
VVI,20100409,21.06,21.25,20.61,21.14,113800
VVR,20100409,5.22,5.24,5.12,5.14,696400
VZ,20100409,30.19,30.24,29.93,30.08,19718300
WAB,20100409,21.17,21.345,20.96,21.3,460400
WAL,20100409,6.52,6.65,6.3,6.34,553000
WAT,20100409,67.67,69.57,67.39,69.23,1307400
WBC,20100409,30.32,30.56,30.03,30.56,271900
WBK,20100409,26.002,26.046,25.796,25.932,5000
WBS,20100409,18.78,18.98,18.46,18.62,309000
WCC,20100409,36.16,36.16,35.64,35.84,320200
WCG,20100409,29.74,29.74,28.91,29.08,732200
WCN,20100409,23.4467,23.5,23.2,23.4867,232800
WDR,20100409,37.36,37.72,37.31,37.71,475000
WEA,20100409,14.02,14.08,13.97,14.03,17600
WEC,20100409,25.07,25.25,24.835,25.24,395600
WES,20100409,23.61,23.72,23.39,23.65,72600
WF,20100409,44.85,44.89,44.26,44.89,5100
WFC,20100409,32.4,32.65,31.92,32.3,27108600
WFC-J,20100409,27.3,27.38,27.26,27.34,111000
WFC-L,20100409,981.59,982.95,977.5,977.5,2600
WFT,20100409,16.6,16.64,16.21,16.54,9244900
WG,20100409,12.6,12.7,12.39,12.64,822400
WGL,20100409,34.62,35.22,34.33,35.19,304100
WGO,20100409,14.39,14.66,14.15,14.59,193200
WHG,20100409,37.15,37.15,36.28,36.45,4000
WHR,20100409,92.13,93.54,91.12,93.31,1588700
WIA,20100409,12.18,12.35,12.16,12.34,104100
WIT,20100409,14.058,14.172,14.016,14.166,334200
WIW,20100409,11.85,11.94,11.83,11.94,188500
WLK,20100409,13.66,14.035,13.63,13.925,161400
WLL,20100409,42.8,43.055,42.07,42.31,1286700
WM,20100409,34.68,34.8,34.31,34.77,1767000
WMB,20100409,24.03,24.23,23.98,24.12,3729900
WMK,20100409,36.85,37.1,36.7,36.79,23600
WMS,20100409,44.6,44.85,44.19,44.85,677400
WMT,20100409,55.38,55.38,54.64,55.07,12535300
WNC,20100409,8.23,8.55,8,8.13,977000
WNR,20100409,5.62,5.71,5.47,5.61,2603400
WNS,20100409,11.71,11.96,11.71,11.87,28500
WOR,20100409,16.02,16.07,15.59,15.78,1092700
WPC,20100409,28.55,28.89,28.38,28.82,38300
WPZ,20100409,41.13,41.5,40.77,41.36,143500
WR,20100409,22.7,22.7,22.4,22.59,856200
WRB,20100409,26.16,26.19,25.99,26.1,428100
WRD,20100409,22.32,22.33,22.17,22.28,10700
WRE,20100409,31.26,31.91,31.06,31.9,606800
WRI,20100409,23.11,23.55,22.8,23.53,1261200
WSM,20100409,29.35,29.68,28.88,29.43,3307400
WSO,20100409,57.79,58.26,57.16,58.24,249400
WST,20100409,21.28,21.34,21.04,21.305,126400
WTI,20100409,10.44,10.62,10.16,10.56,949300
WTM,20100409,358.67,359.6,356.68,356.68,8300
WTR,20100409,14.208,14.336,14.128,14.336,549800
WTS,20100409,32.76,33.04,32.6,32.84,184700
WTW,20100409,27.06,27.08,26.93,27.03,186600
WU,20100409,17.4,17.55,17.34,17.49,5383900
WWE,20100409,17.12,17.24,17.11,17.2,163800
WWW,20100409,14.955,15.21,14.885,15.2,226900
WY,20100409,46.12,47.28,45.57,47.19,2157700
WYN,20100409,27,27.01,26.57,26.88,1648100
X,20100409,67.12,67.38,63.92,64.62,20309700
XCO,20100409,20.61,21.34,20.28,20.57,4525800
XEC,20100409,61.61,62.97,61.48,62.89,888500
XEL,20100409,21.5,21.63,21.29,21.63,1640300
XIN,20100409,4,4,3.92,3.92,168300
XKE,20100409,8.75,8.75,8.75,8.75,0
XL,20100409,19.34,19.38,18.85,19.09,5021400
XOM,20100409,68.11,68.98,68.07,68.76,21099700
XRM,20100409,18.4,19.2,17.2,18.6,204200
XRX,20100409,10.42,10.5,10.34,10.44,14624400
Y,20100409,296.55,298.92,295.97,298.23,5700
YGE,20100409,129,130.5,125.7,126,4632400
YPF,20100409,43.65,43.98,43.64,43.87,1800
YUM,20100409,40.22,40.7,40.02,40.7,3933200
YZC,20100409,25.06,25.11,24.91,25.05,149500
ZB-A,20100409,17.21,17.35,17.15,17.3,3300
ZF,20100409,13.72,13.84,13.68,13.76,410500
ZNH,20100409,24.48,24.85,24.44,24.59,31000
ZTR,20100409,15.6,15.68,15.56,15.64,224700
