<ticker>,<date>,<open>,<high>,<low>,<close>,<vol>
A,20100322,33.26,33.83,33.09,33.72,2823000
AA,20100322,42.18,43.35,41.7,43.02,31078700
AAN,20100322,21.42,22.12,21.1733,22.0067,435400
AAP,20100322,43.17,43.85,43.02,43.64,1125600
AAV,20100322,7.04,7.15,6.95,7.05,853800
AB,20100322,28.76,29.1,28.29,29.1,318900
ABB,20100322,20.88,21.42,20.87,21.35,2588000
ABC,20100322,28.62,29.31,28.5,29.29,4848700
ABG,20100322,13.83,14.05,13.74,14.02,199100
ABM,20100322,20.15,20.8,20.15,20.66,227700
ABR,20100322,2.59,2.76,2.56,2.69,184900
ABT,20100322,53.4,54.23,53.3,53.87,7517000
ABX,20100322,38.9,39.42,38.5,39.41,8868000
ACC,20100322,27.47,27.93,27.21,27.86,237600
ACH,20100322,25.96,26.24,25.68,26.14,532500
ACM,20100322,29.21,29.69,28.9,29.51,891600
ACN,20100322,41.87,42.52,41.79,42.43,2346100
ACV,20100322,27.18,27.33,27.01,27.15,536200
ADC,20100322,23.16,23.46,23.09,23.46,45200
ADM,20100322,28.88,29.33,28.76,29.33,4084700
ADS,20100322,63.41,64.53,62.97,64.28,1508300
ADX,20100322,10.46,10.58,10.41,10.55,130800
AEB,20100322,20.2,20.41,20.03,20.19,43400
AED,20100322,20.24,20.35,20.05,20.28,26600
AEE,20100322,25.95,25.97,25.65,25.82,1865800
AEG,20100322,6.38,6.55,6.38,6.55,1320400
AEH,20100322,20,20.2,19.9,20.2,49500
AEL,20100322,10.75,10.9,10.63,10.76,403600
AEM,20100322,56.91,57.65,55.84,57.49,2521000
AEO,20100322,18.72,19.24,18.61,19.19,2545900
AEP,20100322,34.4,34.52,34.07,34.08,2323200
AER,20100322,11.02,11.07,10.84,10.98,227000
AES,20100322,11.41,11.42,11.18,11.27,13087900
AES-C,20100322,45.4,45.5,45.12,45.5,10700
AET,20100322,34.57,35.24,34.01,34.64,12434500
AF,20100322,14.14,14.36,14.09,14.2,951900
AFB,20100322,14.04,14.1,14.01,14.1,77200
AFC,20100322,19.88,20,19.66,19.82,22700
AFG,20100322,27.77,28.25,27.64,28.05,310800
AFL,20100322,53.5,53.86,53.06,53.86,2146400
AGC,20100322,8.56,8.65,8.52,8.57,114500
AGCO,20100322,34.29,35.03,33.95,34.8,692300
AGD,20100322,20.9,21.54,20.8,21.5,230800
AGM,20100322,8.43,8.8,8.24,8.77,157200
AGM.A,20100322,7.88,8.32,7.72,8.32,1500
AGN,20100322,63.88,64.69,63.76,64.36,1068100
AGO,20100322,20.27,20.52,19.96,20.24,2956400
AGU,20100322,69.45,70.87,69.19,70.63,1487300
AHC,20100322,7.03,7.72,6.76,7.08,179100
AHL,20100322,27.98,28.4,27.93,28.05,500000
AHL-A,20100322,23.1,23.1,22.9,23.1,4500
AHT,20100322,6.02,6.24,5.95,6.2,656100
AHT-A,20100322,22.8,22.8,22.61,22.7,6500
AHT-D,20100322,22.1,22.26,22.1,22.15,7400
AI,20100322,18.63,18.79,18,18.05,17200
AIB,20100322,20.15,20.5,19.6,20.45,3124900
AIG,20100322,33.82,34.18,33.1,33.39,14772200
AIN,20100322,21.86,22.6,21.66,22.04,205700
AIR,20100322,23.52,24.15,23.4,24.04,264300
AIT,20100322,24.09,24.67,23.96,24.6,134900
AIV,20100322,17.76,18.16,17.69,18.11,1686600
AIZ,20100322,33,33.35,32.81,33.35,911800
AJG,20100322,25.5,25.5,24.92,24.97,2011000
AKO.A,20100322,17.1,17.26,16.91,17.1,9500
AKO.B,20100322,20.26,20.26,19.95,20,11000
AKP,20100322,13,13.09,13,13.09,23000
AKR,20100322,17.84,18.12,17.83,18.09,279800
AKS,20100322,21.55,22.63,21.39,22.53,7087700
ALB,20100322,41.97,43.2,41.8,43.05,430900
ALE,20100322,33.46,33.56,33.25,33.54,110900
ALEX,20100322,33.03,33.25,32.68,33.15,137400
ALG,20100322,18.47,19.11,18.09,18.8,54700
ALJ,20100322,7.34,7.5,7.21,7.5,130900
ALK,20100322,9.9525,10.3575,9.875,10.3225,471800
ALL,20100322,31.02,31.24,30.91,31.08,5241300
ALP-O,20100322,25.15,25.15,25.15,25.15,800
ALV,20100322,52.39,52.6,51.46,51.94,2981700
ALX,20100322,295,299.76,295,299.76,2900
AM,20100322,21.02,21.59,20.76,21.52,195300
AME,20100322,17.44,17.8045,17.44,17.6889,729900
AMG,20100322,78.01,79.69,77.78,79.61,512700
AMN,20100322,64.72,68.44,64.4,67.74,166500
AMP,20100322,43.75,44.45,43.16,44.39,1705600
AMT,20100322,43.97,44.46,43.81,44.25,2887200
AMX,20100322,24.3,24.69,24.3,24.595,3352000
AN,20100322,18.41,18.99,18.36,18.92,1483900
ANF,20100322,43.82,45,43.73,44.73,2524500
ANH,20100322,6.94,7.03,6.93,7.03,1471000
ANH-A,20100322,24.7,24.8,24.7,24.8,300
ANH-B,20100322,22.65,22.95,22.65,22.95,5700
ANW,20100322,26.89,27.76,26.6,27.2,402100
AOD,20100322,17.9,18.16,17.82,18.04,1164900
AOI,20100322,50.7,52,49.7,51.4,331100
AON,20100322,41.84,42.8,41.62,42.69,1786000
AOS,20100322,8.1484,8.32,8.1067,8.3134,224200
AP,20100322,26.11,26.11,25.31,26.02,58300
APA,20100322,100.63,102.11,100.11,101.6,2894300
APB,20100322,9.84,9.93,9.79,9.89,32800
APC,20100322,69.15,70.75,68.5,70.52,4776000
APD,20100322,73.98,75.27,73.98,75.01,1072900
APF,20100322,15.03,15.03,14.98,14.99,131200
APH,20100322,21.55,21.58,21.44,21.48,2708200
APU,20100322,39.99,40.21,39.5,40.04,77400
ARE,20100322,66.03,67.79,65.72,67.5,226800
ARI,20100322,18.06,18.18,17.9,18.08,27600
ARL,20100322,10.65,10.85,10.5,10.63,2600
ARW,20100322,29.59,30.17,29.55,29.93,1059800
ASA,20100322,24.46,25.0933,24.4533,24.88,28100
ASG,20100322,3.7,3.73,3.69,3.71,94300
ASH,20100322,50.43,52.87,50,52.51,1163200
ASR,20100322,50.89,51.4,50.82,50.98,116800
ASX,20100322,4.45,4.48,4.35,4.44,847200
AT,20100322,13.19,13.35,12.56,12.66,276300
ATI,20100322,50.4,53.05,50,52.38,2201500
ATO,20100322,28.85,29.04,28.72,28.95,225400
ATR,20100322,39.51,39.94,39.51,39.69,168400
ATU,20100322,19.73,20.25,19.47,20.17,612100
ATV,20100322,5.2,5.2,5.01,5.05,226100
ATW,20100322,33.78,34.64,33.74,34.3,639000
AU,20100322,38.09,38.5,37.78,38.45,1063600
AUO,20100322,11.41,11.55,11.34,11.5,3752700
AUY,20100322,10.01,10.2,9.96,10.18,13180900
AV,20100322,11.93,12.17,11.93,12.17,42500
AVA,20100322,21.17,21.32,21.03,21.26,189100
AVB,20100322,87.47,88.32,87.13,88.05,946300
AVD,20100322,8.17,8.37,8.08,8.34,84100
AVK,20100322,16.51,16.61,16.48,16.59,167100
AVP,20100322,31.97,32.73,31.95,32.61,1963000
AVT,20100322,28.79,29.59,28.79,29.35,1052200
AVX,20100322,14.01,14.27,13.91,14.25,337400
AVY,20100322,34.91,35.46,34.91,35.39,2005500
AWF,20100322,14.01,14.12,14,14.04,449000
AWH,20100322,14.8567,14.9367,14.71,14.8,297500
AWI,20100322,35.35,36.59,34.68,36.5,327700
AWK,20100322,21.14,21.19,20.89,21.11,841600
AWP,20100322,6.46,6.58,6.43,6.53,228600
AWR,20100322,16.995,17.125,16.91,17.035,82800
AXE,20100322,45.75,46.8,45.68,46.79,264300
AXL,20100322,10.48,11,10.21,10.98,2690200
AXP,20100322,39.9,41.24,39.83,41.08,9194300
AXR,20100322,14.27,14.98,14.27,14.9,14500
AXS,20100322,31.14,31.87,31.14,31.27,1102600
AYI,20100322,41.21,41.89,41.11,41.83,209200
AYR,20100322,9.43,10,9.43,9.86,372500
AZN,20100322,44.62,45.05,44.55,44.93,1223800
AZO,20100322,172.65,174.82,171.62,174.19,518400
AZZ,20100322,17.355,17.685,17.25,17.645,109200
B,20100322,17.97,18.32,17.84,18.29,406100
BA,20100322,71.66,72.64,71.51,71.91,9014800
BAC,20100322,16.62,16.97,16.6,16.96,113667700
BAC-C,20100322,23.2,23.2,22.72,23.12,91900
BAC-D,20100322,21.11,21.19,21.09,21.13,29900
BAC-E,20100322,19.92,19.95,19.86,19.95,22800
BAC-I,20100322,22.2,22.27,22.17,22.2,42400
BAC-L,20100322,960,971,954.07,971,9700
BAC-W,20100322,23.27,23.3,23.15,23.25,31200
BAC-Y,20100322,20.65,20.7,20.57,20.65,29500
BAC.A,20100322,8.65,8.94,8.62,8.93,233000
BAC.B,20100322,2.89,3.01,2.87,3.01,366500
BAF,20100322,13.99,14.03,13.96,14.03,43200
BAK,20100322,14.57,14.91,14.23,14.84,140300
BAM,20100322,16.2933,16.72,16.1733,16.6867,521200
BAP,20100322,85.61,86.31,85.24,85.97,511900
BAS,20100322,8.56,8.83,8.42,8.79,258000
BAX,20100322,59.21,60.24,58.98,59.67,4401800
BBD,20100322,13.1439,13.3939,13.1137,13.3637,9171500
BBF,20100322,13.12,13.23,13.12,13.23,13500
BBG,20100322,31.25,31.43,30.57,31.31,726800
BBK,20100322,14.74,14.79,14.67,14.68,20800
BBL,20100322,64.91,66.74,64.83,66.71,1310100
BBT,20100322,31.57,32.09,31.44,32,4084300
BBVA,20100322,13.4,13.9,13.4,13.86,1672200
BBW,20100322,6.51,6.65,6.38,6.62,114100
BBX,20100322,8.5,10.95,8.25,10.3,5527700
BBY,20100322,40.59,41.29,40.54,41.2,8233700
BC,20100322,15.41,15.95,15.02,15.89,1452900
BCE,20100322,29.6,30.06,29.56,29.99,943800
BCH,20100322,58.15,59.93,57.51,58.67,29100
BCO,20100322,27.66,28.51,27.64,28.45,419300
BCR,20100322,83.79,85.04,83.64,84.67,377300
BCS,20100322,21.01,21.57,20.96,21.53,1423800
BCS-A,20100322,24.2,24.31,24.1,24.1,118800
BCS-D,20100322,25.6,25.77,25.6,25.75,198800
BDC,20100322,23.87,24.5,23.67,24.4,121100
BDJ,20100322,8.73,8.9,8.66,8.89,203300
BDN,20100322,12.19,12.68,12.09,12.62,1365300
BDX,20100322,79.08,80.56,79,80.14,1433100
BEN,20100322,36.4833,37.1867,36.48,37.14,1055500
BF.A,20100322,20.1334,20.2867,19.8934,20.24,9700
BF.B,20100322,19.15,19.3234,18.9667,19.22,215200
BFK,20100322,13.51,13.68,13.5,13.59,194000
BFO,20100322,13.66,13.92,13.66,13.9,28600
BFR,20100322,7,7.19,7,7.15,56600
BFS,20100322,38.48,40.28,38.42,40.25,35500
BFZ,20100322,12.91,13.01,12.91,13,127900
BG,20100322,61.86,63.21,61.2,63.16,1096800
BGC,20100322,28.22,28.48,27.62,28.21,1136600
BGE-B,20100322,24.13,24.2,23.88,24.1,14900
BGG,20100322,19.5,19.78,19.44,19.73,198300
BGH,20100322,34.1,34.77,34.1,34.6,53900
BGR,20100322,24.6,24.88,24.35,24.78,115700
BGS,20100322,9.64,9.94,9.64,9.82,320500
BGT,20100322,14.6,14.75,14.56,14.75,87800
BGY,20100322,11.03,11.16,10.72,11.07,505600
BHE,20100322,21.02,21.69,21.01,21.66,207100
BHI,20100322,46.93,48.35,46.3,47.49,7502200
BHK,20100322,12.14,12.24,12.14,12.23,99700
BHL,20100322,12.85,12.9,12.83,12.84,14300
BHP,20100322,76.74,78.82,76.67,78.69,3013000
BID,20100322,29.44,31.21,28.94,30.94,1157800
BIF,20100322,6.3,6.36,6.28,6.35,35100
BIG,20100322,36.21,37.74,35.81,37.65,1377300
BIO,20100322,98.92,100.94,98.92,100.64,26800
BIO.B,20100322,99.51,99.51,99.51,99.51,100
BIP,20100322,11.96,12.2667,11.9067,12.26,149400
BJZ,20100322,15.16,15.29,15.16,15.29,42400
BK,20100322,30.44,30.94,30.41,30.83,4298700
BKD,20100322,20.17,20.5,19.95,20.43,737700
BKE,20100322,36.03,37,36.03,37,331100
BKH,20100322,29.17,29.63,29.06,29.63,223200
BKK,20100322,14.85,14.96,14.85,14.94,30800
BKN,20100322,13.84,14,13.84,13.94,43200
BKS,20100322,22.67,24.71,22.66,23.9,1787800
BKT,20100322,6.58,6.59,6.55,6.55,117200
BLH,20100322,16.73,16.88,16.7,16.88,5800
BLK,20100322,223,225.8,222.01,225.7,296800
BLL,20100322,26.995,27.22,26.835,27.075,583100
BLW,20100322,16.13,16.25,16.07,16.12,453600
BLX,20100322,14.85,14.88,14.63,14.81,116900
BMA,20100322,29.3,30.5,29.29,30.35,40600
BME,20100322,26.26,26.82,26.26,26.71,32400
BMI,20100322,38.51,39.19,38.4,39.04,53700
BML-G,20100322,18,18,17.86,17.95,6800
BML-H,20100322,17.7,17.77,17.64,17.7,32800
BML-I,20100322,20.72,20.92,20.71,20.9,37900
BML-J,20100322,21.83,21.83,21.3,21.3,13600
BML-L,20100322,19.08,19.09,18.98,19,93800
BMO,20100322,59.3,60.71,59.16,60.54,418200
BMS,20100322,29.07,29.85,29.01,29.85,714300
BMY,20100322,25.93,26.6,25.9,26.48,15307200
BNJ,20100322,14.49,14.59,14.49,14.58,8700
BNS,20100322,49,49.87,48.82,49.79,381500
BNY,20100322,14.74,14.77,14.68,14.72,42700
BOE,20100322,19.33,19.58,19.29,19.55,144100
BOH,20100322,44.63,45.21,44.42,45.04,233800
BP,20100322,56.63,57.45,56.56,57.35,5870100
BPI,20100322,23.67,24.5,23.67,24.49,376200
BPK,20100322,15.52,15.56,15.45,15.48,24900
BPL,20100322,59.5,59.79,59.01,59.71,137200
BPT,20100322,86.79,91.95,86.37,91.65,538700
BQH,20100322,14.99,15,14.87,14.87,8100
BR,20100322,21.91,22.16,21.87,22.13,592900
BRC,20100322,30.22,31.65,30.16,31.51,255200
BRFS,20100322,12.2575,12.47,12.145,12.4525,231500
BRK.A,20100322,122000,123515.1,121650,123500,800
BRK.B,20100322,81.55,82.38,81.2,82.37,4108100
BRO,20100322,17.93,18.06,17.81,17.91,340500
BRS,20100322,39.01,39.8,38.7,39.25,246700
BRT,20100322,5.62,6.57,5.61,6.5,66100
BSBR,20100322,12.12,12.34,12.05,12.29,3713400
BSD,20100322,12.68,12.71,12.47,12.58,25900
BSE,20100322,14.16,14.29,14.1,14.17,6800
BSX,20100322,7.17,7.17,6.94,6.95,32793000
BT,20100322,9.06,9.255,9.05,9.215,110700
BTA,20100322,10.55,10.55,10.47,10.47,13400
BTE,20100322,34.88,35.25,34.32,35.06,193500
BTO,20100322,15.95,16.22,15.9,16.16,103500
BTZ,20100322,11.99,12.09,11.97,12.05,167200
BUD,20100322,50.57,51.84,50.57,51.66,349100
BVN,20100322,31.11,31.29,30.45,31.06,1271900
BW,20100322,20.61,21.6,20.61,21.51,132000
BWA,20100322,18.15,19.085,18.15,18.965,2076000
BWP,20100322,29.95,30.06,29.66,29.8,516000
BX,20100322,13.9,14.17,13.89,14.12,2920400
BXC,20100322,35.8,36.8,34.6,36.2,114500
BXP,20100322,75.04,76.52,75.04,76.26,1347900
BXS,20100322,20.49,21.04,20.49,20.88,508200
BYD,20100322,8.94,9.61,8.58,9.55,1363800
BYM,20100322,14,14.07,13.8,13.83,93900
BZH,20100322,22.85,23.55,22.1,22.95,3160500
C,20100322,38.9,41,38.8,40.4,50007880
C-J,20100322,25.7,25.8,25.66,25.75,1669200
C-P,20100322,19.25,19.27,18.65,18.65,34300
C-S,20100322,19.39,19.72,19.38,19.67,55300
CAB,20100322,17.21,18.08,17.05,17.93,603400
CACI,20100322,52,52.63,51.45,51.76,150400
CAE,20100322,9.2,9.38,9.16,9.36,27500
CAF,20100322,27.89,28.25,27.81,28.23,194000
CAG,20100322,25.54,26.25,25.54,26.12,5033800
CAH,20100322,35.55,36.35,35.53,36.19,2730300
CAJ,20100322,44.92,45.79,44.92,45.77,290800
CAL,20100322,21.64,22.43,21.25,22.27,4640900
CAS,20100322,12.09,12.8,11.99,12.73,161700
CAT,20100322,58.7,60.27,58.66,59.95,7512800
CATO,20100322,21,21.78,20.88,21.68,70900
CB,20100322,51.34,51.83,51.18,51.7,2706600
CBB,20100322,16.9,17.15,16.65,17.05,898500
CBB-B,20100322,39,39.25,38.6,39.25,3800
CBD,20100322,32.665,33.11,32.575,32.815,252500
CBG,20100322,14.57,14.69,14.43,14.51,6084200
CBI,20100322,23.58,23.75,23.3,23.35,1478400
CBK,20100322,7.92,8.17,7.92,8.08,113200
CBL,20100322,14.8,15.28,14.6,14.98,2370300
CBL-D,20100322,21.84,22.1,21.57,22.05,10100
CBM,20100322,4.2,4.32,4.18,4.3,207200
CBR,20100322,4.09,4.2,3.97,4.18,289900
CBS,20100322,13.96,14.14,13.7,14.07,5845600
CBS.A,20100322,13.8,14.14,13.77,14.06,12100
CBT,20100322,30.61,31.2,30.24,30.95,287500
CBU,20100322,23.2,23.62,22.97,23.57,133500
CBZ,20100322,6.54,6.67,6.53,6.65,92800
CCC,20100322,16.46,17.36,16.41,17.25,673200
CCE,20100322,27.1,27.51,27.04,27.48,4335800
CCI,20100322,38.18,38.79,37.89,38.62,1795400
CCJ,20100322,27.24,27.6,26.99,27.57,982300
CCK,20100322,27.09,27.46,26.93,27.44,804700
CCL,20100322,37.01,38.09,36.89,37.91,3230400
CCM,20100322,8.31,8.4,7.81,7.82,92200
CCO,20100322,11.2,11.45,10.95,11.25,134900
CCS,20100322,24.51,24.6,24.51,24.6,96800
CCU,20100322,14.852,15.052,14.752,15.02,99100
CCZ,20100322,30.22,30.28,30.22,30.25,2800
CDE,20100322,15.32,15.59,15.04,15.54,3000700
CDI,20100322,14.95,15.31,14.91,15.31,78400
CDR,20100322,7.78,8.08,7.74,8.03,236100
CE,20100322,31.33,31.95,30.69,31.87,1009600
CEA,20100322,24.53,25.14,24.49,25.07,26500
CEE,20100322,34.25,34.87,34.23,34.79,35800
CEL,20100322,34.11,34.45,34.06,34.44,91400
CEO,20100322,157.9,161.25,157.51,161.08,226600
CF,20100322,18.056,18.616,18.056,18.51,3017700
CFC-B,20100322,22.55,22.61,22.02,22.51,308400
CFI,20100322,11.51,11.57,11.3,11.48,120900
CFR,20100322,55.58,56.59,55.58,56.49,240400
CFX,20100322,11.06,11.26,10.97,11.25,122200
CGA,20100322,14.23,14.35,13.86,13.92,487000
CGI,20100322,13.15,13.37,13.11,13.35,260800
CHA,20100322,45.39,46.84,45.36,46.35,197800
CHD,20100322,16.8875,17.2475,16.8875,17.1975,352400
CHE,20100322,56.29,57.3,55.5,57.18,83600
CHH,20100322,33.98,34.64,33.36,34.44,225700
CHK,20100322,23.74,23.75,23.18,23.24,36727300
CHK-D,20100322,82.14,84,82.14,82.96,5400
CHL,20100322,48.49,49.05,48.41,48.81,853000
CHN,20100322,27.89,27.89,27.56,27.83,124000
CHS,20100322,14.06,14.57,14,14.53,2392700
CHSP,20100322,19.7,19.88,19.46,19.73,40300
CHT,20100322,19.11,19.28,19.04,19.18,421400
CHU,20100322,11.84,11.99,11.75,11.93,1548600
CI,20100322,37.39,37.97,36.81,37.28,4975300
CIA,20100322,6.94,7.2,6.9,7.19,99500
CIB,20100322,45.54,46.66,45.01,45.72,174200
CIE,20100322,14.3,14.32,13.91,14.2,278700
CIF,20100322,2.73,2.77,2.73,2.77,11100
CIG,20100322,10.3424,10.4896,10.2208,10.4768,2830900
CIG.C,20100322,12.74,13,12.63,12.75,5600
CII,20100322,15.29,15.62,15.23,15.52,210800
CIM,20100322,4.08,4.11,4.04,4.1,8391700
CIR,20100322,32.7,33.74,32.56,33.38,88600
CIT,20100322,38.11,38.73,37.89,38.16,2738600
CKH,20100322,80.4,80.4,79.64,79.87,62600
CL,20100322,42.185,42.805,42.185,42.475,2286800
CLB,20100322,64.315,65.81,64.04,65.575,159400
CLC,20100322,34.09,34.84,33.99,34.66,195400
CLD,20100322,15.82,15.85,15.17,15.67,756700
CLF,20100322,62.85,65.45,61.87,65.24,5011500
CLH,20100322,27.72,28.295,27.72,28.275,80400
CLI,20100322,34.48,35.08,34.33,35.04,1063000
CLNY,20100322,19.37,19.54,19.25,19.45,33500
CLR,20100322,19.47,19.945,19.315,19.9,582300
CLS,20100322,10.53,10.76,10.46,10.73,923700
CLW,20100322,25.315,25.765,25.31,25.635,91600
CLX,20100322,64.62,64.98,64.3,64.92,1087800
CM,20100322,73.5,75.26,73.21,75.18,209900
CMA,20100322,37.8,38.23,37.36,38.11,2471100
CMC,20100322,15.97,16.46,15.7,16.42,2134400
CMG,20100322,113.02,114.5,110.71,114.44,332500
CMI,20100322,57.9,60.27,57.65,59.95,1820500
CMO,20100322,13.01,13.12,13.01,13.1,758300
CMP,20100322,79.94,81.64,79.71,80.99,626500
CMS,20100322,15.74,15.75,15.61,15.67,2246700
CMS-B,20100322,79,79,79,79,100
CMU,20100322,4.42,4.46,4.42,4.46,25700
CNA,20100322,26.3,26.69,26.11,26.58,190900
CNC,20100322,11.04,12.11,9.89,12.07,3295400
CNI,20100322,29.075,29.785,29.05,29.635,887400
CNK,20100322,17.18,17.67,17.03,17.5,886600
CNO,20100322,5.97,6.22,5.73,6.08,5741800
CNP,20100322,14.38,14.44,14.27,14.28,3552500
CNQ,20100322,35.485,35.8,35.25,35.71,1177100
CNS,20100322,23.88,24.33,23.66,24.25,166900
CNX,20100322,44.73,45.05,43.19,44.69,8900200
CO,20100322,5.25,5.7,5.25,5.42,24500
COF,20100322,39.37,40.69,39.33,40.61,6350000
COF.W,20100322,14.8,15,14.42,14.95,6700
COG,20100322,9.43,9.54,9.3375,9.3875,2766300
COH,20100322,37.46,38.58,37.29,38.34,4034500
COL,20100322,62.46,63,62.46,62.59,797500
COO,20100322,39.79,41.55,39.79,41.01,283400
COP,20100322,51.44,52.26,51.34,52.1,8204500
COT,20100322,7.48,7.48,7.35,7.44,252000
CP,20100322,53.78,54.59,53.54,54.44,344000
CPA,20100322,56.8,58.55,56.28,58.04,282500
CPB,20100322,35.13,35.43,35.13,35.33,1398100
CPE,20100322,4.66,4.98,4.61,4.94,748400
CPF,20100322,36.4,37.8,33.4,34.4,857300
CPK,20100322,20.0933,20.3,19.5733,20.2667,25400
CPL,20100322,20.2233,20.8467,20.0067,20.78,108100
CPN,20100322,11.24,11.42,11.04,11.27,4170700
CPT,20100322,43.49,44.26,43.42,43.94,1613600
CR,20100322,33.83,34.76,33.78,34.67,167500
CRD.A,20100322,3.25,3.25,3.09,3.21,17300
CRD.B,20100322,4.27,4.4,4.15,4.34,20900
CRH,20100322,24.88,25.3,24.88,25.28,110200
CRI,20100322,30.15,30.76,29.95,30.57,374700
CRK,20100322,160.45,160.55,157.3,160.55,840400
CRL,20100322,38.11,39.04,38.09,38.79,584100
CRM,20100322,18.6825,19.495,18.6475,19.3775,1622800
CRR,20100322,62.19,64.59,61.74,64.17,382300
CRS,20100322,34.75,35.45,34.51,35.09,706200
CRT,20100322,29.74,30.72,28.21,30.21,84700
CRY,20100322,6.59,6.59,6.41,6.5,153600
CS,20100322,49.26,50.85,49.21,50.73,828200
CSC,20100322,54.17,55.17,54,55.03,1241000
CSL,20100322,37.27,38.12,37.03,38.07,120500
CSS,20100322,20.46,21.52,20.43,21.47,20900
CSU,20100322,5.06,5.24,5.04,5.2,78000
CSV,20100322,4.27,4.54,4.22,4.46,19900
CTB,20100322,19.86,20.75,19.79,20.67,1702400
CTL,20100322,34.78,35.3,34.75,35.18,2022100
CTS,20100322,9.27,9.69,9.2,9.65,189100
CTV,20100322,29.32,29.87,28.9,29.7,863700
CUB,20100322,35.94,36.55,35.83,36.37,66100
CUK,20100322,39.33,40.28,39.24,40.17,146400
CUZ,20100322,7.93,8.12,7.89,8.07,1117000
CVA,20100322,16.69,16.84,16.53,16.84,1064200
CVB,20100322,10.2,10.2,10.2,10.2,0
CVE,20100322,24.54,24.86,24.37,24.72,652500
CVG,20100322,12.57,12.88,12.5,12.76,713300
CVI,20100322,8.84,8.89,8.65,8.74,365000
CVO,20100322,71.28,73.84,70.24,73.76,167200
CVS,20100322,34.48,35.28,34.33,35.19,13114200
CVX,20100322,74.17,74.88,74,74.46,9317800
CW,20100322,35.32,36.12,35.24,36.04,114700
CWT,20100322,18.485,18.545,18.345,18.5,59900
CX,20100322,10.46,10.88,10.27,10.84,6020700
CXE,20100322,4.9,4.96,4.9,4.95,44000
CXH,20100322,9.37,9.43,9.35,9.42,19800
CXO,20100322,47.36,49.24,47.01,48.93,1084700
CXW,20100322,19.69,19.75,19.41,19.65,1207600
CYD,20100322,14.34,14.92,14.09,14.83,194900
CYH,20100322,38.82,40.84,38.82,40.51,3666900
CYS,20100322,13.16,13.2,13.12,13.19,59700
CZZ,20100322,9.29,9.45,9.16,9.4,1485500
D,20100322,40.66,40.66,39.92,40.13,4721500
DAC,20100322,4.66,4.84,4.62,4.69,123200
DAL,20100322,12.42,13.09,12.33,13.07,7554400
DAN,20100322,11.75,12.58,11.62,12.56,4580700
DAR,20100322,8.47,8.81,8.41,8.79,379600
DB,20100322,71.14,73.45,71.14,73.41,846100
DBD,20100322,31.07,32,31,31.78,244800
DCA,20100322,2.61,2.73,2.6,2.69,100000
DCI,20100322,22.515,22.75,22.515,22.675,155700
DCM,20100322,15.78,15.81,15.72,15.77,193300
DCO,20100322,20.75,21.1,20.75,20.95,71000
DCT,20100322,21.2,22.04,21.16,21.96,986100
DD,20100322,36.57,37.94,36.52,37.79,13004400
DD-A,20100322,69,69,67.57,67.58,1500
DD-B,20100322,87.1,87.1,85.06,85.06,500
DDD,20100322,4.8433,5,4.7567,4.9333,26400
DDE,20100322,3.91,4,3.73,3.99,86300
DDF,20100322,7.46,7.52,7.31,7.44,12000
DDR,20100322,12.48,12.5,12,12.42,5283900
DDS,20100322,22.83,23.86,22.61,23.86,567000
DDT,20100322,20.52,20.9,20.52,20.85,17000
DE,20100322,58.33,60.04,58.28,60.02,5205900
DECK,20100322,44.1167,45.99,43.3767,45.9033,1061700
DEI,20100322,15.5,15.7,15.43,15.65,1522100
DEL,20100322,49.94,50.36,49.46,50.11,33200
DEO,20100322,65.75,66.77,65.68,66.56,423200
DEX,20100322,12.2,12.31,12.04,12.17,25300
DF,20100322,30.94,31.54,30.66,31.24,2905900
DFP,20100322,20.77,20.89,20.6,20.6,3200
DFS,20100322,15.13,15.46,15.04,15.35,6830500
DFT,20100322,22.44,22.9,22.44,22.77,426100
DG,20100322,25.56,25.72,24.95,25.01,233900
DGI,20100322,25.31,25.66,25.27,25.63,179900
DGX,20100322,57.27,58.28,56.11,57.95,1419700
DHF,20100322,4.05,4.07,4.01,4.06,235100
DHG,20100322,12.7,12.89,12.7,12.82,46500
DHI,20100322,12.4,12.79,12.37,12.75,3372200
DHR,20100322,38.405,38.845,38.305,38.73,1130400
DHT,20100322,48.36,49.92,48.12,49.92,246700
DHX,20100322,7.52,7.7,7.38,7.58,182000
DIN,20100322,38.58,40.68,38.58,40.1,243400
DIS,20100322,33.47,34.19,33.42,33.95,11717500
DK,20100322,7.08,7.3,7.01,7.17,60800
DKL,20100322,23.81,23.81,23.66,23.75,6300
DKS,20100322,25.91,27,25.83,26.91,1418300
DKT,20100322,26.31,26.54,26.31,26.54,67100
DL,20100322,5.7,5.82,5.7,5.8,8100
DLB,20100322,57.62,58.84,56.55,58.76,315100
DLR,20100322,55.56,56.6,55.35,56.46,897600
DLX,20100322,19.36,19.98,19.01,19.93,259100
DM,20100322,9.92,10.05,9.87,10.03,144600
DMO,20100322,20.15,20.15,20.03,20.03,7200
DNB,20100322,73.87,74.93,73.87,74.92,322000
DNP,20100322,9.4,9.47,9.37,9.46,274700
DNR,20100322,15.24,15.67,15.1,15.5,6467600
DO,20100322,83.76,84.94,83.18,84.62,1768000
DOV,20100322,46.17,46.9,45.97,46.42,930200
DOW,20100322,28.59,29.73,28.4,29.59,10914000
DPM,20100322,31.82,32.42,30.95,32.2,107800
DPS,20100322,36.19,36.93,36.12,36.8,2465000
DPZ,20100322,13.38,13.98,13.35,13.92,1130700
DRE,20100322,12.17,12.63,12.12,12.58,1501300
DRH,20100322,9.24,9.41,9.21,9.38,1391500
DRI,20100322,43.47,44.19,43.3,44.13,1805200
DRQ,20100322,59.63,61.19,59.23,60.96,200300
DSM,20100322,7.92,8.02,7.92,8.02,49000
DST,20100322,41.24,42.1,41.24,42.01,243000
DSU,20100322,12.57,12.66,12.48,12.57,620700
DSW,20100322,12.735,12.975,12.72,12.925,477200
DSX,20100322,14.09,14.29,13.96,14.22,685000
DTE,20100322,44.92,45.08,44.74,44.96,789100
DTF,20100322,15.04,15.04,14.96,15,34400
DTK,20100322,24.85,24.9,24.79,24.9,161000
DUC,20100322,12.59,12.75,12.53,12.7,62100
DUK,20100322,49.59,49.65,49.08,49.32,7028800
DV,20100322,67.01,67.51,66.61,67.26,381300
DVA,20100322,31.675,32.27,31.615,32.095,601100
DVD,20100322,2.06,2.13,2.06,2.1,11700
DVN,20100322,63.72,64.16,62.86,64,7815700
DW,20100322,22.3,23.13,22.18,23.1,87400
DX,20100322,9.05,9.35,9.05,9.31,306200
DXB,20100322,22.8,22.87,22.77,22.84,39800
DY,20100322,9.08,9.3,9.07,9.28,205300
DYN,20100322,7,7.2,6.95,7.1,7060800
E,20100322,45.81,46.69,45.77,46.53,786800
EAT,20100322,19.65,20.6,19.62,20.48,1704300
EBF,20100322,16.28,16.84,16.26,16.79,137700
EBR,20100322,14.76,14.87,14.6,14.66,830100
EBR.B,20100322,18.21,18.38,17.95,18.12,182200
EBS,20100322,16.15,16.59,16.05,16.56,118300
EC,20100322,28.07,28.42,27.67,28.08,31500
ECA,20100322,30.49,30.58,29.84,30.45,4760400
ECL,20100322,43.07,43.49,43.03,43.39,1306300
ED,20100322,44.15,44.35,44.02,44.26,1212400
EDD,20100322,14.93,15.22,14.83,15.18,212900
EDE,20100322,18.2,18.25,18.02,18.25,246000
EDN,20100322,7.42,7.62,7.32,7.53,35200
EDR,20100322,18.12,18.3,17.91,18.3,249100
EDU,20100322,21.25,21.7925,21.205,21.725,277000
EE,20100322,20.34,20.45,20.27,20.44,120000
EEA,20100322,6.5,6.5,6.41,6.49,69300
EEP,20100322,25.25,25.485,24.98,25.45,206700
EEQ,20100322,25.3,25.425,25.02,25.375,26800
EFR,20100322,15.74,15.98,15.74,15.91,120600
EFT,20100322,16.43,16.44,16.26,16.29,172000
EFX,20100322,35.31,35.95,35.29,35.91,966500
EGF,20100322,16.62,16.71,16.61,16.68,106100
EGN,20100322,46.77,47.2,46.42,47.05,406000
EGO,20100322,12.44,12.66,12.33,12.62,5329300
EGP,20100322,38.39,38.74,38.05,38.69,141400
EGY,20100322,4.15,4.18,4.1,4.14,324200
EHI,20100322,11.69,11.69,11.52,11.6,119100
EIG,20100322,15.33,15.54,15.28,15.54,180900
EIX,20100322,34.28,34.44,34.13,34.23,2256700
EL,20100322,31.425,32.53,30.995,32.475,1477100
ELP,20100322,20.83,21.38,20.75,21.3,338300
ELS,20100322,26.655,27.11,26.655,27.095,182900
ELY,20100322,9.28,9.37,9.16,9.25,713100
EMD,20100322,12.67,12.71,12.61,12.69,63700
EME,20100322,25.9,26.76,25.88,26.54,988200
EMF,20100322,19.05,19.42,18.47,19.3,73500
EMN,20100322,30.4,31.345,30.21,31.29,752700
EMO,20100322,25.71,25.85,25.71,25.74,3900
EMR,20100322,48.27,48.92,48.2,48.82,2495000
ENB,20100322,23.605,24,23.555,23.87,137600
ENH,20100322,36.89,37.34,36.84,37.34,221800
ENR,20100322,61.88,62.93,61.88,62.68,459100
ENS,20100322,24.13,24.84,23.94,24.65,303700
ENZ,20100322,5.89,5.98,5.8,5.95,124400
EOD,20100322,10.23,10.44,10.17,10.44,161600
EOG,20100322,45.38,46.315,44.795,45.75,3065200
EOI,20100322,13.99,14.11,13.95,14.06,72800
EOS,20100322,13.46,13.53,13.43,13.48,164100
EOT,20100322,20.18,20.68,20.08,20.29,72600
EP-C,20100322,38.7,38.95,38.39,38.46,3700
EPD,20100322,16.48,16.875,16.145,16.795,1544800
EPE,20100322,42.32,43.95,42.07,43.68,149200
EPR,20100322,42.3,42.75,42.16,42.58,384000
EPR-C,20100322,18.4,19.65,18.4,18.95,24100
EPR-E,20100322,26.2,26.63,26.2,26.49,1700
EQR,20100322,39.09,39.76,38.95,39.65,2609200
EQS,20100322,2.8,2.86,2.8,2.84,3600
EQT,20100322,41.45,41.46,40.86,41.33,2171700
EQY,20100322,18.81,19.16,18.53,19.07,522400
ERF,20100322,22.77,23.34,22.75,23.23,671900
ERJ,20100322,24.21,24.48,24,24.42,1002100
ES,20100322,6,6.2,5.95,6.19,1210500
ESD,20100322,18,18.08,17.97,18.04,70500
ESE,20100322,33.99,35.21,33.83,35.17,110200
ESL,20100322,48.46,49.48,48.34,49.34,226000
ESS,20100322,91.55,92.97,91.55,92.9,352900
ESV,20100322,42.9,43.9,42.15,43.84,3051800
ETB,20100322,16.58,16.97,16.58,16.89,83200
ETE,20100322,16.425,16.51,16.365,16.5,229100
ETG,20100322,14,14.1,13.94,14.03,159200
ETH,20100322,19.94,20.63,19.84,20.53,353600
ETJ,20100322,16.59,16.76,16.56,16.73,174700
ETM,20100322,11.84,11.9,11.22,11.24,189600
ETN,20100322,36.78,37.925,36.72,37.83,1544000
ETO,20100322,20.67,20.67,20.41,20.54,64100
ETP,20100322,46.3,46.78,45.6,46.64,622800
ETR,20100322,80.4,80.87,79.85,79.91,1132900
ETV,20100322,14.22,14.34,14.2,14.32,231200
ETW,20100322,13.49,13.55,13.17,13.55,401000
ETY,20100322,13.08,13.23,13.05,13.14,299800
EV,20100322,32.37,33.23,32.17,33.12,389400
EVC,20100322,2.48,2.6,2.44,2.48,250800
EVF,20100322,6.88,6.92,6.85,6.85,103200
EVG,20100322,16.9,16.91,16.84,16.91,70600
EVN,20100322,12.4,12.45,12.4,12.45,42700
EVR,20100322,32.5,32.73,32.36,32.41,157600
EVT,20100322,15.94,16.04,15.88,15.97,128300
EW,20100322,24.9175,25.365,24.53,25.315,403300
EXC,20100322,44.55,44.97,44.23,44.32,4036000
EXG,20100322,11.98,12.03,11.92,11.98,569600
EXP,20100322,25.51,26.42,25.48,26.35,297200
EXR,20100322,12.77,12.94,12.65,12.9,1123500
F,20100322,12.98,14,12.81,13.99,170576000
FAC,20100322,2.08,2.21,2.08,2.14,8600
FAF,20100322,34.66,35,34.66,34.77,905500
FAM,20100322,15.97,16.25,15.86,16.17,59400
FBC,20100322,91,101,86,98,5176100
FBP,20100322,32.85,34.05,32.25,34.05,1336500
FBR,20100322,21.73,22.16,21.58,22.05,1511500
FC,20100322,7.07,7.34,6.84,7.34,27900
FCE.A,20100322,13.43,13.69,13.24,13.41,1022900
FCE.B,20100322,13.54,13.54,13.3,13.5,900
FCF,20100322,6.8,7,6.65,7,358400
FCH,20100322,4.64,5.04,4.4,5.01,905900
FCH-A,20100322,17.05,17.34,16.71,17.18,9600
FCN,20100322,38.97,40.1,38.96,39.86,708200
FCT,20100322,12.81,12.88,12.81,12.86,69000
FCX,20100322,38.625,39.955,38.385,39.9,14059800
FDP,20100322,20.36,20.76,20.09,20.6,229900
FDS,20100322,72.12,73.12,71.81,73.03,517800
FDX,20100322,90.5,91,89.52,89.68,3904900
FE,20100322,39.84,40.09,39.53,39.88,4265200
FEO,20100322,19.22,19.22,18.96,19.1,36300
FF,20100322,6.8,6.86,6.8,6.86,8800
FFA,20100322,11.53,11.92,11.52,11.91,128300
FFC,20100322,15.05,15.5,14.91,15.47,236100
FFG,20100322,22.86,23.91,22.65,23.33,100300
FGB,20100322,6.66,6.82,6.45,6.76,57800
FGP,20100322,22.46,22.77,22.46,22.57,120800
FHN,20100322,13.9,14.31,13.8,14.14,4256600
FHY,20100322,13.44,13.47,13.35,13.35,60300
FICO,20100322,25.34,26.57,25.34,26.46,260600
FIG,20100322,4.24,4.35,4.12,4.32,1264100
FII,20100322,25.69,26.06,25.61,26.05,571700
FIS,20100322,23.57,23.85,23.49,23.71,1487600
FIX,20100322,12.57,12.96,12.55,12.94,152900
FL,20100322,14.46,15.11,14.4,14.99,2417000
FLC,20100322,15.86,16.16,15.85,16.16,75300
FLO,20100322,11.3111,11.3111,11.2133,11.2755,415900
FLR,20100322,44.83,45.43,44.63,45.36,2204400
FLS,20100322,34.4733,34.96,34.2333,34.95,584800
FLY,20100322,10.26,10.39,10.14,10.32,72700
FMC,20100322,29.745,30.335,29.625,30.305,562800
FMN,20100322,14.77,14.85,14.66,14.85,24800
FMO,20100322,18.32,18.99,18.28,18.86,55900
FMS,20100322,27.42,28.14,27.42,28.1,65900
FMX,20100322,45.87,47.14,45.54,46.94,817900
FMY,20100322,18.14,18.27,18.14,18.26,9700
FNB,20100322,8.32,8.51,8.25,8.51,516000
FNF,20100322,14.67,14.94,14.57,14.94,2264800
FOE,20100322,8.24,8.83,8.12,8.78,977800
FOF,20100322,12.4,12.55,12.34,12.54,85000
FOR,20100322,18.98,19.35,18.79,19.29,157400
FPL,20100322,48.09,48.17,47.65,47.84,2174900
FPO,20100322,14.54,14.96,14.54,14.87,271100
FPT,20100322,13.5,13.57,13.46,13.57,35900
FR,20100322,7.16,7.49,7.1,7.44,1045500
FRA,20100322,16.01,16.01,15.49,15.56,101000
FRO,20100322,150.45,153.65,149.3,153.4,678700
FRT,20100322,72.3,73.88,72.15,73.55,434300
FSS,20100322,8.84,9.44,8.83,9.38,232100
FT,20100322,5.77,5.94,5.77,5.9,105300
FTI,20100322,29.71,30.625,29.515,30.48,869100
FTK,20100322,1.33,1.4,1.32,1.38,99600
FUL,20100322,22.5,22.99,22.27,22.79,228100
FUN,20100322,11.75,12.1,11.7,11.72,172000
G,20100322,15.4,15.55,15.23,15.45,1223500
GAB,20100322,4.9,5,4.9,4.98,342000
GAB-D,20100322,24.68,24.77,24.68,24.77,400
GAM,20100322,24.42,25.1,24.4,24.69,61300
GAM-B,20100322,24.61,24.82,24.6,24.82,3300
GBL,20100322,45.37,46.66,45.37,46.56,27000
GBX,20100322,10.49,10.92,10.44,10.8,74700
GCH,20100322,12.25,12.53,12.24,12.43,218400
GCI,20100322,16.01,16.49,15.74,16.42,3888700
GCO,20100322,28.72,29.46,28.57,29.25,254500
GCV,20100322,6.33,6.44,6.17,6.4,18300
GCV-B,20100322,25.2,25.3,25.2,25.3,1900
GD,20100322,75.23,75.82,74.59,75.66,1340100
GDL,20100322,14.06,14.17,14.05,14.15,57700
GDO,20100322,18.9,19.25,18.9,19.13,38900
GDV,20100322,13.43,13.67,13.43,13.64,212300
GDV-A,20100322,24.74,24.8,24.7,24.8,2700
GDV-D,20100322,25.15,25.2,25.07,25.2,3200
GE,20100322,17.86,18.13,17.8,18.07,64948900
GEF,20100322,52.07,53.96,51.94,53.74,136400
GEF.B,20100322,52,52.85,50.89,52.2,16700
GEO,20100322,19.13,19.34,19.01,19.12,529900
GER,20100322,25.23,25.34,25.2,25.34,47600
GES,20100322,46.67,47.94,46.24,47.85,963200
GF,20100322,12.11,12.39,12.05,12.28,20600
GFA,20100322,14.05,14.57,13.82,14.52,1606700
GFF,20100322,13.27,13.66,13.19,13.66,153600
GFI,20100322,12.13,12.46,12.05,12.45,3976300
GFY,20100322,14.55,14.65,14.55,14.59,35400
GG,20100322,38.2,38.66,37.92,38.57,8828600
GGB,20100322,14.88,15.21,14.82,15.06,10295700
GGG,20100322,30.37,30.93,30.32,30.84,134100
GGP,20100322,16.52,16.95,16.5,16.8,2063900
GGT,20100322,7.2,7.28,7.2,7.27,9100
GGT-B,20100322,24.87,24.87,24.77,24.77,400
GHL,20100322,84,85.08,83.51,84.81,192500
GIB,20100322,14.59,14.91,14.5,14.9,90000
GIL,20100322,13.21,13.335,13.03,13.26,386700
GIM,20100322,9.99,10,9.96,10,262000
GIS,20100322,36.56,36.625,36.335,36.49,3083100
GJH,20100322,8.55,8.55,8.55,8.55,400
GJO,20100322,18.31,18.69,18.31,18.69,700
GJP,20100322,21.2,21.2,21.2,21.2,400
GJR,20100322,19.77,19.77,19.77,19.77,0
GJS,20100322,16.6,16.6,16.6,16.6,0
GJT,20100322,17.05,17.1,17,17.06,4000
GJV,20100322,24.34,24.5,23.73,23.96,4700
GLF,20100322,28.13,28.84,27.86,28.57,156900
GLP,20100322,22.4,22.44,21.67,22.34,165800
GLT,20100322,14.78,15.05,14.62,14.88,265500
GLW,20100322,19.2,19.5,19.09,19.42,17277900
GME,20100322,21.64,22.01,21.4,21.6,8133900
GNK,20100322,206.8,210.6,203.4,209.9,641100
GNRC,20100322,15.24,15.45,15.04,15.11,96000
GNW,20100322,15.6,16.25,15.3,16.24,9852200
GOF,20100322,17.8,18.07,17.78,18.03,28400
GOL,20100322,120.3,125.5,120.2,124.7,844200
GPC,20100322,43.08,43.63,42.76,42.87,1436900
GPE-A,20100322,25.08,25.08,25,25.08,2900
GPI,20100322,32.94,34.09,32.45,33.9,345300
GPK,20100322,3.85,4.02,3.81,4,297600
GPN,20100322,22.945,23.38,22.88,23.37,464900
GPS,20100322,23.04,23.51,22.98,23.4,4420100
GPX,20100322,8.18,8.61,8.14,8.47,66400
GRA,20100322,27.95,28.8,27.59,28.57,382600
GRR,20100322,18.75,18.75,18.53,18.74,2300
GRX,20100322,6.99,7.08,6.87,7,37400
GS,20100322,176.21,176.95,175.23,176.16,7320300
GS-A,20100322,22.6,22.68,22.51,22.57,43100
GS-B,20100322,25.49,25.49,25.35,25.43,27300
GS-C,20100322,23.94,23.94,23.85,23.85,12200
GS-D,20100322,22.5,22.54,22.26,22.48,140200
GSH,20100322,20.03,20.31,20,20.28,38400
GSK,20100322,38.83,39.25,38.74,39.01,1827700
GSL,20100322,2.56,2.63,2.48,2.52,149000
GTN,20100322,2.05,2.2,2.02,2.18,282300
GTN.A,20100322,2.84,2.84,2.34,2.49,3700
GTS,20100322,18.2,18.7,18.15,18.45,116800
GTY,20100322,24.17,24.68,24.17,24.62,118600
GUT,20100322,7.6,7.75,7.59,7.74,79200
GUT-A,20100322,24.63,24.97,24.63,24.75,1500
GVA,20100322,30.07,30.8,30,30.75,328900
GWR,20100322,34.01,34.51,33.77,34.35,110400
GWW,20100322,107.1,108.67,107.1,108.4,466400
GXP,20100322,18.95,18.97,18.71,18.74,478400
GYB,20100322,19.97,19.97,19.02,19.06,11100
GYC,20100322,20.45,20.46,20.38,20.38,1300
H,20100322,37.22,38.82,36.73,37.91,528100
HAE,20100322,28.08,28.5,28.025,28.5,465400
HAL,20100322,30.15,30.9,29.89,30.64,11853200
HAR,20100322,43.72,45.82,43.14,45.66,1411500
HBI,20100322,6.645,7.02,6.6375,6.96,625700
HCN,20100322,45.57,46.36,45.41,46.26,1062200
HCP,20100322,32.93,34.1,32.85,33.98,4203000
HD,20100322,32.14,32.79,32.14,32.67,11739400
HDB,20100322,25.7,26.468,25.602,26.324,275100
HE,20100322,22.14,22.39,22,22.18,286800
HE-U,20100322,25.25,25.25,25.25,25.25,400
HEI,20100322,20.1114,20.8036,19.9475,20.7954,80000
HEI.A,20100322,19.3382,19.7427,18.8416,19.6915,23100
HEP,20100322,21.15,21.39,21.095,21.165,104500
HES,20100322,60.49,61.63,60.28,61.38,2496000
HF,20100322,7.44,7.69,7.4,7.46,92600
HFC,20100322,13.565,14.095,13.49,14.055,493900
HGG,20100322,22.84,24.84,22.76,24.36,432000
HGT,20100322,15.2,16.38,15.2,16.31,853000
HHS,20100322,12.32,12.5,12.1,12.47,530200
HI,20100322,21.91,22.25,21.91,22.09,127600
HIG,20100322,27.01,27.81,26.9,27.63,14975000
HIL,20100322,6,6.1,5.94,6,137000
HIO,20100322,6.35,6.39,6.27,6.39,306600
HIW,20100322,31.32,32.05,31.32,31.95,452400
HIX,20100322,9.84,9.88,9.76,9.83,195800
HJV,20100322,21.6,21.78,21.54,21.7,3200
HK,20100322,20,20,19.02,19.56,14407100
HL,20100322,5.3,5.48,5.22,5.42,10196100
HL-B,20100322,51.65,51.65,51.65,51.65,100
HLF,20100322,21.39,21.525,21.21,21.495,301700
HLS,20100322,18.64,19.53,18.55,19.48,899800
HLX,20100322,13.13,13.58,13,13.46,1442500
HMC,20100322,35.74,36.09,35.66,36.06,379400
HMN,20100322,14.16,14.77,14.16,14.73,218600
HMY,20100322,9.46,9.69,9.42,9.64,1707400
HNI,20100322,25.94,26.79,25.94,26.69,109200
HNP,20100322,23.89,24.02,23.7,24.02,224200
HNR,20100322,24.32,24.92,23.12,24.52,201300
HOG,20100322,28,28.84,27.85,28.77,2899500
HON,20100322,43.54,43.99,43.41,43.56,4772400
HOS,20100322,19.08,19.38,18.8,19.09,517800
HOV,20100322,4.44,4.61,4.35,4.57,1721100
HP,20100322,37.57,38.85,37.25,38.82,2355300
HPF,20100322,18,18.09,17.95,18.03,26700
HPI,20100322,18.17,18.23,18.05,18.17,54900
HPQ,20100322,23.6955,24.1091,23.6955,24.0682,15691100
HPS,20100322,16.08,16.2,16.07,16.13,55400
HQH,20100322,12.64,13.05,12.6,12.97,227400
HQL,20100322,10.32,10.43,10.31,10.42,87300
HR,20100322,23.65,24.38,23.56,24.38,666800
HRB,20100322,16.87,17.18,16.66,17.13,4176400
HRC,20100322,26.93,27.76,26.9,27.67,394300
HRG,20100322,6.82,6.99,6.8,6.99,5000
HRL,20100322,10.265,10.405,10.265,10.4025,374500
HRS,20100322,45.77,47.21,45.74,46.98,690200
HSC,20100322,30.39,31.07,30.32,30.99,475000
HST,20100322,13.43,14.03,13.28,13.91,11464100
HSY,20100322,42.22,42.92,42.17,42.88,1397900
HT,20100322,4.79,4.79,4.49,4.73,2108800
HTD,20100322,13.73,13.94,13.69,13.9,96600
HTH,20100322,11.5,11.64,11.4,11.55,474000
HTY,20100322,12.4,12.66,12.4,12.59,19300
HTZ,20100322,37.32,38.36,36.68,38.2,3537100
HUM,20100322,49.56,50.63,48.45,49.32,3930900
HUN,20100322,12.62,12.94,12.37,12.86,3289900
HVT,20100322,16.06,16.35,15.95,16.25,113400
HVT.A,20100322,16.1,16.24,16.1,16.24,400
HW,20100322,4.75,4.99,4.68,4.96,503700
HXL,20100322,13.77,14.1,13.71,14.02,516300
HYB,20100322,9.39,9.43,9.3,9.38,67100
HYH,20100322,22.32,22.32,22.32,22.32,100
HYT,20100322,10.77,10.85,10.76,10.78,85100
HZO,20100322,9.95,10.73,9.82,10.53,217000
IAE,20100322,18.35,18.45,18,18.42,42000
IAG,20100322,14,14.49,13.97,14.47,2598300
IBA,20100322,22.36,22.87,22.3,22.55,6700
IBM,20100322,127.11,128.39,126.57,127.98,5651800
IBN,20100322,8.058,8.264,8.058,8.226,1223700
ICB,20100322,16.8,16.9,16.52,16.9,25100
ICE,20100322,21.486,22.032,21.378,21.976,494100
IDA,20100322,34.84,35.04,34.69,34.94,141700
IDE,20100322,20,20.08,19.91,20,45600
IDT,20100322,7.5,7.95,6.8,7.32,351100
IEX,20100322,31.82,32.57,31.82,32.47,197700
IFF,20100322,44.49,45.48,44.22,45.48,426500
IFN,20100322,31.04,31.29,30.75,31.02,254200
IGA,20100322,14.23,14.5,14.19,14.44,97800
IGD,20100322,12.47,12.65,12.47,12.6,233500
IGI,20100322,20.45,20.6,20.3,20.59,47400
IGR,20100322,7.31,7.31,7.25,7.26,305500
IGT,20100322,16.82,17.91,16.66,17.86,6699000
IHC,20100322,9.22,9.74,9.22,9.4,25100
IHG,20100322,18.168,18.588,18.132,18.588,39200
IID,20100322,12.37,12.63,12.37,12.58,33000
IIF,20100322,23.12,23.19,22.94,23.12,47100
IIM,20100322,13.98,14.03,13.96,13.96,45000
IMAX,20100322,15.51,16.4,15.45,16.3,1444100
IMN,20100322,11.18,11.72,11.09,11.36,233900
INB,20100322,11.17,11.21,10.95,11.16,83800
ING,20100322,9.49,9.74,9.46,9.7,2146400
INT,20100322,26.82,28.14,26.59,27.97,706700
INZ,20100322,21.37,21.37,21.18,21.36,80600
IO,20100322,72.75,74.1,70.8,72,1376100
IOC,20100322,68.37,69.59,67.25,68.46,1237900
IP,20100322,25.81,26.16,25.55,26.05,8061500
IPG,20100322,8.53,8.79,8.43,8.73,5040700
IPI,20100322,29.59,31,29.41,30.7,1277900
IQI,20100322,12.73,12.73,12.53,12.54,71500
IR,20100322,34.53,35.66,34.41,35.61,3096500
IRL,20100322,7.24,7.26,7.18,7.26,39100
IRM,20100322,25.84,26.44,25.84,26.32,840500
IRR,20100322,16.83,17.22,16.83,17.22,53700
IRS,20100322,10.18,10.29,10.09,10.25,27800
ISF,20100322,18.77,18.87,18.7,18.84,62800
ISG,20100322,18.98,19.08,18.89,19.07,97400
ISP,20100322,19.16,19.28,19.07,19.27,37800
IT,20100322,23.02,23.51,22.94,23.49,734400
ITG,20100322,17.82,17.96,17.71,17.96,286900
ITT,20100322,26.19,26.45,25.97,26.425,1583900
ITUB,20100322,20.28,20.92,20.21,20.88,9498000
ITW,20100322,46.39,47.16,46.31,46.94,2658000
IVC,20100322,27.58,27.85,27.4,27.61,411300
IVR,20100322,23.03,23.18,22.96,23.02,186500
IVZ,20100322,20.33,20.71,20.22,20.66,4096200
IX,20100322,40.98,41.85,40.98,41.6,11000
JBK,20100322,19.55,19.55,19.55,19.55,0
JBL,20100322,17.17,17.8,17.09,17.77,2981300
JBN,20100322,22.3,22.33,21.8,21.8,1200
JBR,20100322,21.04,21.04,21.04,21.04,600
JBT,20100322,17.56,18.31,17.5,18.27,62400
JCE,20100322,12.01,12.18,12.01,12.18,60700
JCI,20100322,31.64,32.6,31.5,32.39,3757300
JCP,20100322,31.07,32.01,30.66,31.95,3842400
JDD,20100322,10.5,10.58,10.35,10.58,89500
JEC,20100322,42.94,43.61,42.73,43.4,854200
JEQ,20100322,5.78,5.84,5.78,5.82,24000
JFC,20100322,13.1,13.29,13.1,13.26,15000
JFR,20100322,12.14,12.15,12.06,12.07,194200
JHI,20100322,20.22,20.22,19.86,20.07,23500
JHS,20100322,13.86,13.89,13.69,13.69,27800
JHX,20100322,34.13,34.21,33.85,34.21,1900
JLL,20100322,68.9,70.04,68.47,69.51,339100
JLS,20100322,25.05,25.4,24.91,25.16,48000
JMP,20100322,8.59,8.97,8.43,8.96,70000
JMT,20100322,25.01,25.01,25.01,25.01,300
JNJ,20100322,65.07,65.44,64.98,65.1,8803700
JNPR,20100322,29.4,30.33,29.27,30.14,4380700
JNS,20100322,13.92,14.15,13.79,14.15,1566900
JOE,20100322,30.4,31.2,30.12,31.08,472900
JOF,20100322,8.5,8.55,8.48,8.5,91200
JOY,20100322,54.21,56.36,54.11,56.22,2833300
JPC,20100322,7.76,7.84,7.75,7.78,186700
JPM,20100322,43.07,43.79,43.04,43.74,23257200
JPM-B,20100322,26.9,26.93,26.77,26.88,171800
JPM-E,20100322,50.39,50.49,50.31,50.38,3800
JPM-F,20100322,49,49,48.65,48.65,700
JPM-G,20100322,48.5,48.8,48.5,48.6,800
JPM.W,20100322,14.1,14.42,14.1,14.35,431700
JPS,20100322,7.77,7.85,7.77,7.79,191600
JQC,20100322,8.28,8.28,8.15,8.15,272300
JRO,20100322,12.05,12.05,11.96,11.97,80500
JTA,20100322,11.25,11.32,11.17,11.32,64100
JTD,20100322,12.05,12.08,11.88,11.91,87700
JW.A,20100322,42.92,43.11,42.65,42.79,120600
JW.B,20100322,43.03,43.03,42.63,42.85,2300
JWN,20100322,40.07,41.38,40,41.29,2812100
K,20100322,53.49,54.32,53.26,54.16,3631600
KAI,20100322,14.23,14.66,14.18,14.33,61700
KAR,20100322,14.68,15.3,14.67,15.06,688200
KB,20100322,45.73,46.14,45.4,45.8,169000
KBH,20100322,17.18,17.5,16.99,17.44,3283200
KBR,20100322,21.3,21.59,21.16,21.45,1303400
KCC,20100322,24.19,24.49,24.16,24.47,6400
KED,20100322,16.12,16.33,16.12,16.28,43600
KEF,20100322,9.29,9.36,9.28,9.33,6200
KEG,20100322,10.25,10.73,10.03,10.68,1725400
KEM,20100322,4.11,4.2,3.99,4.14,60000
KEP,20100322,16.66,16.66,16.47,16.56,633400
KEX,20100322,36.08,36.78,35.9,36.75,312300
KEY,20100322,7.5,7.73,7.41,7.64,14029900
KEY-G,20100322,93.5,93.5,93.5,93.5,0
KF,20100322,36.25,36.57,36.25,36.56,8300
KFS,20100322,1.55,1.61,1.52,1.61,116900
KFY,20100322,17.19,17.78,17.19,17.75,181500
KGC,20100322,17.59,17.94,17.51,17.8,4635300
KIM,20100322,15.48,15.85,15.36,15.79,3762900
KMB,20100322,58.9262,60.4602,58.9262,60.4027,4773500
KMM,20100322,9.11,9.29,9.11,9.24,51600
KMT,20100322,28.95,29.36,28.78,29.2,582600
KMX,20100322,23.4,24.2,23.27,24.01,1425300
KND,20100322,19.12,19.76,19.06,19.59,303700
KNL,20100322,12,12.09,11.88,11.96,265300
KNX,20100322,20.17,20.65,20.08,20.48,555500
KO,20100322,27.245,27.425,27.2,27.27,9063600
KOF,20100322,62.96,64.14,62.71,64,113200
KOP,20100322,27.88,28.42,27.68,28.07,63700
KOS,20100322,25.4,25.4,25.3,25.36,6100
KR,20100322,10.85,10.85,10.625,10.665,11871300
KRA,20100322,16.39,16.74,16.3,16.5,284700
KRC,20100322,30.99,31.85,30.95,31.68,502000
KRG,20100322,18.64,19.6,18.24,19.2,314600
KRO,20100322,7.665,7.75,7.58,7.645,1600
KS,20100322,5.855,6.13,5.85,6.1,146400
KSM,20100322,12.8,12.86,12.78,12.84,9300
KSS,20100322,54.81,55.92,54.61,55.72,3144900
KST,20100322,11.9,11.96,11.82,11.9,26600
KSU,20100322,35.42,36.29,35.3,36.17,554800
KSU.P,20100322,20.81,20.81,20.81,20.81,0
KT,20100322,20.5,20.73,20.5,20.69,223500
KTF,20100322,11.86,11.91,11.86,11.88,69800
KTH,20100322,28.81,28.81,28.81,28.81,100
KTN,20100322,25.72,25.72,25.69,25.72,3600
KTP,20100322,22.7,22.95,22.69,22.81,4800
KW,20100322,9.9,9.9,9.85,9.85,4900
KWR,20100322,25.9,26.88,25.07,26.71,74000
KYE,20100322,24,24.44,23.91,24.4,107900
KYN,20100322,25.99,25.99,25.65,25.73,169600
KYO,20100322,47.575,48.12,47.5,48.095,3800
L,20100322,37.01,37.29,36.85,37.14,1676100
LAD,20100322,6.6,6.81,6.52,6.8,155300
LAZ,20100322,36.53,37.05,36.5,36.62,728500
LBF,20100322,7.27,7.38,7.1,7.34,96700
LCM,20100322,11.29,11.51,11.26,11.5,51500
LDF,20100322,16.68,16.88,16.35,16.88,18600
LDL,20100322,8.1,8.22,7.94,8.22,48600
LDR,20100322,65.25,67,65.25,67,13600
LEA,20100322,38.545,39.825,38.545,39.575,762300
LEE,20100322,2.99,3.19,2.99,3.12,879400
LEG,20100322,21.29,21.56,21.01,21.54,2166900
LEN,20100322,15.89,16.41,15.89,16.3,4565300
LEN.B,20100322,12.72,13.14,12.72,13.1,5700
LEO,20100322,8.34,8.4,8.34,8.36,58800
LFC,20100322,23.2867,23.4667,23.0833,23.4433,439600
LFL,20100322,16.77,17.05,16.62,16.91,183300
LGF,20100322,6.06,6.1,5.82,5.82,1448100
LGI,20100322,15.17,15.45,15.17,15.34,36900
LH,20100322,75.43,76.43,75.32,76.26,1115600
LHO,20100322,21.6,22.33,21.38,22.23,671800
LII,20100322,43.3,44.36,43.1,44.34,326200
LL,20100322,24.81,26.46,24.5,26.3,860500
LLL,20100322,93.62,94.22,93.21,94.17,962800
LLY,20100322,36.17,36.82,36.12,36.54,6691500
LM,20100322,29.17,29.49,29.03,29.25,1584900
LMT,20100322,85.39,86.35,85.12,85.71,3012600
LNC,20100322,28.34,28.88,27.83,28.82,3557500
LNN,20100322,41.17,42.09,40.88,42.08,109300
LNT,20100322,16.3,16.465,16.23,16.415,777200
LOR,20100322,11.6,11.68,11.58,11.67,21700
LOW,20100322,24.65,25.03,24.63,24.91,12325400
LPL,20100322,16.56,16.71,16.49,16.57,1831000
LPX,20100322,8.19,8.3,8.01,8.29,1353400
LRN,20100322,23.2,23.85,23.09,23.77,141300
LSI,20100322,6.34,6.69,6.28,6.64,16335100
LTC,20100322,26.67,27.1,26.6,27.08,93900
LUB,20100322,3.53,3.63,3.52,3.63,85600
LUK,20100322,25.24,25.63,25.11,25.61,638400
LUV,20100322,12.75,13.06,12.71,12.93,7060200
LUX,20100322,26.32,26.86,26.31,26.86,39800
LVLT,20100322,25.05,26.25,24.9,25.65,11029300
LVS,20100322,19.15,21.59,18.88,21.43,74327900
LXP,20100322,6.83,7.23,6.76,7.17,1744900
LXP-C,20100322,37.15,37.24,37,37.24,1800
LXU,20100322,14.99,15.2,14.98,15.1,98300
LYG,20100322,3.58,3.74,3.57,3.74,9527000
LYV,20100322,12.96,13.68,12.9,13.6,1204200
LZB,20100322,12.59,13.66,12.26,13.56,1207200
M,20100322,20.68,22.05,20.65,22,15856600
MA,20100322,24.279,24.824,24.225,24.708,808800
MAA,20100322,54.03,55,53.9,54.9,167300
MAC,20100322,39.15,40.31,38.95,40.02,1265400
MAIN,20100322,15.18,15.62,15.15,15.32,97000
MAN,20100322,57.5,58.97,57.17,58.67,958300
MAS,20100322,14.85,15.26,14.82,15.23,2832500
MAV,20100322,12.92,12.99,12.87,12.99,49600
MBI,20100322,5.62,5.76,5.55,5.67,3472600
MBT,20100322,21.768,22.004,21.524,21.796,1315300
MCA,20100322,12.64,12.76,12.64,12.76,55200
MCD,20100322,66.07,67.25,65.9,67.01,7386400
MCI,20100322,13.195,13.195,12.91,12.91,6500
MCK,20100322,63.8,65.66,63.77,64.63,2482900
MCN,20100322,9.18,9.35,9.18,9.28,68800
MCO,20100322,29.48,30.09,29.34,30.02,2048300
MCR,20100322,9.33,9.33,9.28,9.3,118400
MCS,20100322,12.17,13.17,12.17,13,118100
MCY,20100322,43.13,43.47,42.79,43.25,74900
MD,20100322,28.735,29.01,28.63,28.965,273300
MDC,20100322,34.6,35.34,34.22,35.28,494800
MDP,20100322,34.08,34.63,33.84,34.54,152200
MDR,20100322,24.85,25.52,24.75,25.46,2260900
MDT,20100322,45.13,46.35,45.07,45.8,6555600
MDU,20100322,21.84,22.1,21.75,21.95,521100
MED,20100322,24.36,25.08,22.93,24.88,846500
MEG,20100322,8.22,8.52,8.15,8.33,95800
MEI,20100322,9.86,10.16,9.7,10.15,313600
MEN,20100322,10.5,10.52,10.43,10.44,48900
MER-K,20100322,20.61,20.62,20.36,20.49,129400
MER-P,20100322,23.42,23.59,23.32,23.34,59800
MET,20100322,41.46,42.2,41.06,41.72,6699300
MET-A,20100322,23.44,23.83,23.4,23.75,72300
MFA,20100322,7.37,7.38,7.29,7.37,4046400
MFC,20100322,19.3,19.69,19.16,19.58,2164900
MFD,20100322,12.7,12.73,12.55,12.64,23300
MFG,20100322,4.18,4.28,4.18,4.26,130600
MFL,20100322,13.25,13.28,13.22,13.22,120400
MFM,20100322,6.68,6.75,6.68,6.75,63800
MFT,20100322,13.24,13.34,13.18,13.34,21700
MFV,20100322,6.89,6.98,6.83,6.89,6200
MG,20100322,10.62,10.62,10.2,10.25,136500
MGA,20100322,14.6275,15.4425,14.6125,15.3825,778500
MGF,20100322,7.7,7.75,7.63,7.63,113300
MGM,20100322,11.56,12.68,11.36,12.52,38350100
MGU,20100322,16,16.16,15.95,16.09,44900
MHD,20100322,14.95,15.07,14.95,15.06,13700
MHF,20100322,7.44,7.47,7.44,7.45,19700
MHI,20100322,14.14,14.18,14.07,14.17,21800
MHK,20100322,52.57,54.58,52.57,54.29,511500
MHN,20100322,13.87,13.91,13.87,13.91,36300
MHO,20100322,14.37,14.91,14.3,14.81,119600
MHO-A,20100322,15.72,16.09,15.72,16,2000
MIC,20100322,13.24,13.25,12.97,13.04,255500
MIN,20100322,6.84,6.84,6.82,6.83,330800
MIY,20100322,13.38,13.41,13.29,13.32,31200
MJN,20100322,51.08,51.54,51.08,51.47,1373500
MKC,20100322,39.06,39.4,38.84,39.4,800700
MKC.V,20100322,39.25,39.26,39.25,39.26,200
MKL,20100322,367.88,373.65,366.49,369.7,7100
MLI,20100322,12.415,12.54,12.4,12.495,120400
MLM,20100322,86.65,90.22,85.98,88.98,1138000
MLP,20100322,5.46,5.7,5.44,5.7,55200
MLR,20100322,12.64,12.96,12.64,12.92,20200
MMC,20100322,24.07,24.55,24.07,24.51,2589600
MMM,20100322,81.5,82.2,81.5,81.84,3256600
MMP,20100322,22.82,23.055,22.66,23.02,213100
MMS,20100322,15.0675,15.4075,15.035,15.365,98900
MMT,20100322,6.55,6.57,6.53,6.53,232900
MMU,20100322,12.47,12.54,12.43,12.54,57400
MNE,20100322,12.75,12.86,12.75,12.75,4400
MNI,20100322,45.2,48,44.2,47.9,1153500
MNP,20100322,13.68,13.68,13.52,13.65,14100
MO,20100322,20.31,20.48,20.23,20.44,9447500
MOD,20100322,10.65,11.01,10.51,10.97,199100
MOG.A,20100322,36.07,37.45,35.83,36.98,204200
MOG.B,20100322,36.35,37.25,36.35,37.25,300
MOH,20100322,16.4667,17.5933,16.4333,17.02,437300
MON,20100322,71.9,72.92,71.61,72.67,4178600
MOS,20100322,57.61,59.38,57.33,59.19,4736500
MOV,20100322,11.09,11.48,10.92,11.45,185800
MP-D,20100322,25.22,25.24,24.75,25.24,500
MPA,20100322,13.79,13.88,13.79,13.86,23400
MPG,20100322,2.51,2.77,2.51,2.67,2227100
MPV,20100322,12.47,12.55,12.45,12.45,10400
MPW,20100322,10.69,10.87,10.6,10.83,444500
MPX,20100322,7.22,7.25,7.08,7.25,21300
MQT,20100322,12.08,12.13,12.06,12.11,31800
MQY,20100322,13.66,13.73,13.62,13.71,80900
MRK,20100322,38.08,39.04,38.03,38.3,15474300
MRO,20100322,31.37,31.81,31.23,31.66,5967600
MRT,20100322,5.93,6.11,5.9,6.1,42600
MS,20100322,29.3,29.74,29.08,29.6,12571500
MS-A,20100322,22,22.05,21.81,21.88,42800
MSA,20100322,26.99,27.68,26.9,27.59,81700
MSB,20100322,20.83,22.29,20.12,22.2,212900
MSCI,20100322,35.01,35.81,34.25,35.72,576500
MSD,20100322,10.56,10.59,10.53,10.59,38900
MSF,20100322,13.87,13.98,13.82,13.97,21000
MSI,20100322,49.84,51.31,49.77,50.82,14900900
MSM,20100322,49.39,50.68,49.39,50.5,192900
MSP,20100322,12.43,12.54,12.21,12.53,24700
MT,20100322,40.88,42.35,40.88,42.23,4699600
MTB,20100322,82.83,83.47,81.76,83.25,543200
MTD,20100322,107.07,108.77,106.43,108.6,145800
MTG,20100322,8.33,8.81,8.3,8.78,2919700
MTH,20100322,21.25,21.53,21.05,21.37,245400
MTL,20100322,48.82,53.66,48.4,53.3,3803600
MTN,20100322,39.62,40.77,39.11,40.75,251700
MTR,20100322,36.81,39.03,36.81,39,15600
MTRN,20100322,20.61,21.6,20.61,21.51,132000
MTT,20100322,21.68,22.56,21.68,21.9,64500
MTU,20100322,5.18,5.28,5.18,5.28,1305200
MTW,20100322,12.56,12.98,12.31,12.92,2235500
MTX,20100322,26.57,26.905,26.57,26.88,92900
MTZ,20100322,12.42,12.74,12.35,12.7,755400
MUA,20100322,12.35,12.4,12.35,12.39,21800
MUC,20100322,12.72,12.96,12.72,12.87,50200
MUE,20100322,13.14,13.21,13.1,13.14,34500
MUH,20100322,14.05,14.12,13.96,14.02,35600
MUI,20100322,13.94,13.94,13.88,13.94,76200
MUJ,20100322,14.3,14.38,14.3,14.38,29800
MUR,20100322,54.3,55.27,54.04,55,1123900
MUS,20100322,13.08,13.15,13.06,13.15,33000
MVC,20100322,13.65,13.77,13.51,13.76,39300
MVO,20100322,23.27,23.74,22.64,23.74,123900
MVT,20100322,14.29,14.45,14.29,14.41,30100
MWA,20100322,4.75,4.9,4.75,4.89,1013100
MXE,20100322,8.81,9.11,8.81,9.03,23500
MXF,20100322,24.8,25.05,24.75,25.02,68400
MYC,20100322,12.8,12.93,12.8,12.9,67200
MYD,20100322,13.6,13.7,13.51,13.57,135400
MYE,20100322,10.54,10.83,10.51,10.69,122400
MYF,20100322,12.84,12.98,12.84,12.96,19800
MYI,20100322,13.01,13.07,12.92,12.95,141600
MYJ,20100322,14.3,14.42,14.3,14.39,28400
MYN,20100322,12.45,12.47,12.4,12.43,72800
MZF,20100322,13.67,13.67,13.55,13.6,58400
NAC,20100322,12.47,12.52,12.45,12.49,37700
NAD,20100322,13.82,13.93,13.82,13.92,50700
NAN,20100322,13.7,13.7,13.63,13.64,10000
NAT,20100322,29.89,29.99,29.5,29.92,506600
NAV,20100322,41.55,42.79,41.28,42.65,1069300
NAZ,20100322,13.19,13.35,13.19,13.32,5500
NBL,20100322,36.165,36.215,35.75,36.14,1989800
NBR,20100322,19.63,20.41,19.31,20.27,9141800
NC,20100322,80.53,83.97,79.63,83.97,29900
NCA,20100322,9.11,9.15,9.11,9.14,17100
NCI,20100322,12.12,12.32,12.06,12.3,243000
NCR,20100322,13.56,13.86,13.55,13.7,1873700
NCS,20100322,10.23,10.24,9.88,10.2,458900
NCT,20100322,14.28,15.18,13.62,14.1,932700
NCT-B,20100322,13.83,14.78,13.75,13.75,34300
NCT-C,20100322,13.2,13.22,13.12,13.12,6700
NCT-D,20100322,12.99,13.3,12.99,13.2,7100
NCV,20100322,9.57,9.68,9.52,9.65,156000
NCZ,20100322,8.95,9.12,8.93,9.12,190600
NE,20100322,40.93,41.18,40.53,40.88,4108200
NEE,20100322,48.09,48.17,47.65,47.84,2174900
NEM,20100322,50.07,51.44,49.87,51.4,6020200
NEU,20100322,98.14,104.6,98.14,104.53,316300
NEV,20100322,13.99,13.99,13.9,13.96,46900
NFG,20100322,50.24,51.24,50.08,51.22,323900
NFJ,20100322,15.59,15.8,15.51,15.73,263100
NFX,20100322,49.4,49.73,48.75,49.53,1959900
NGG,20100322,47.86,48.39,47.79,48.24,123400
NGS,20100322,16.4,16.45,16.1,16.45,55300
NHI,20100322,36.91,37.79,36.68,37.79,61400
NI,20100322,15.64,15.72,15.57,15.7,1169500
NIE,20100322,16.7,16.82,16.61,16.8,60900
NIM,20100322,10.41,10.49,10.38,10.42,23800
NJR,20100322,18.56,18.705,18.46,18.705,217500
NKE,20100322,18.2225,18.54,18.205,18.47,2924000
NL,20100322,8.36,8.41,8.1,8.37,35400
NLS,20100322,3.18,3.38,3.02,3.16,254400
NLY,20100322,18.68,18.73,18.52,18.6,9878000
NLY-A,20100322,24.9,25.02,24.9,25.02,10600
NM,20100322,6.1,6.27,6.03,6.25,425700
NMI,20100322,11.28,11.32,11.21,11.22,19100
NMK-B,20100322,81.55,81.55,81.55,81.55,0
NMK-C,20100322,87.25,87.25,87.25,87.25,0
NMM,20100322,16.87,17.04,16.77,16.81,258100
NMR,20100322,7.3,7.41,7.3,7.4,510100
NMT,20100322,14.42,14.44,14.3,14.35,10500
NMY,20100322,13.98,14.07,13.93,14.07,12400
NNA,20100322,9.84,9.86,9.82,9.84,666600
NNC,20100322,14.92,14.97,14.89,14.96,21300
NNI,20100322,18.49,19.5,18.21,19.28,208400
NNN,20100322,22.8,23,22.67,22.95,1350000
NNY,20100322,9.76,9.76,9.61,9.65,32800
NOA,20100322,9.11,9.78,8.93,9.39,344400
NOC,20100322,65.26,65.37,64.8,64.94,2150800
NOK,20100322,14.87,15.24,14.87,15.11,16824000
NOV,20100322,42.08,42.71,41.6,42.32,4319600
NP,20100322,17.53,18.6,17.53,18.31,91100
NPK,20100322,125.43,125.43,121.42,124.61,53500
NPO,20100322,28.6,29.12,28.5,29.02,97200
NPV,20100322,15.33,15.73,15.33,15.4,15800
NQP,20100322,13.53,13.59,13.52,13.59,30900
NR,20100322,5.39,5.53,5.28,5.48,307500
NRF,20100322,8.6,8.62,8.4,8.58,348100
NRF-A,20100322,19.24,19.68,18.8,19.68,8600
NRF-B,20100322,17.84,17.98,17.8,17.98,6700
NRG,20100322,21.98,22.03,21.59,21.62,3602400
NRP,20100322,262.6,267.5,260,266.8,90600
NRT,20100322,29.52,30.75,29.35,30.25,14200
NS,20100322,58,58.58,57.6,58.55,167500
NSC,20100322,55.03,55.71,54.55,55.4,2811500
NSH,20100322,28.79,28.91,28.48,28.81,116500
NSL,20100322,7.47,7.54,7.45,7.53,79300
NSM,20100322,14.41,14.85,14.41,14.81,4983100
NSR,20100322,25.79,26,25.69,26,337100
NTC,20100322,13.91,13.97,13.91,13.97,12800
NTL,20100322,18.63,18.85,18.57,18.63,6200
NTT,20100322,21.58,21.74,21.58,21.61,274700
NTX,20100322,15.72,15.78,15.61,15.76,18300
NTZ,20100322,5.1,5.41,4.85,5.36,151200
NUE,20100322,43.74,44.71,43.54,44.66,3256900
NUM,20100322,13.09,13.18,13.05,13.13,34400
NUO,20100322,15.68,15.76,15.65,15.76,26500
NUS,20100322,27.9,28.68,27.43,28.54,562100
NUV,20100322,9.82,9.84,9.8,9.84,257400
NUW,20100322,16.15,16.19,16.11,16.18,24700
NVO,20100322,15.408,15.55,15.398,15.45,235200
NVR,20100322,741.65,759.27,740,753,20900
NVS,20100322,54.17,54.92,54.17,54.72,1569800
NW-C,20100322,21.12,21.12,21.12,21.12,0
NWE,20100322,26.94,27.04,26.78,26.89,137700
NWL,20100322,15.21,15.54,15.21,15.5,5240900
NWN,20100322,46.69,46.99,46.56,46.95,77200
NWY,20100322,4.52,4.84,4.48,4.76,368900
NX,20100322,15.25,15.99,15.08,15.9,503800
NXC,20100322,12.97,13.1,12.97,13.09,6100
NXN,20100322,13.84,14,13.69,13.87,10500
NXP,20100322,14.65,14.73,14.65,14.72,18300
NXQ,20100322,13.8,13.91,13.8,13.89,28800
NXR,20100322,14.23,14.26,14.22,14.24,12100
NYT,20100322,10.94,11.29,10.67,11.25,1161500
O,20100322,29.78,30.48,29.78,30.43,650900
OB,20100322,16.23,16.44,16.18,16.28,135600
OC,20100322,23.49,23.88,23.34,23.79,1636100
OCN,20100322,10.97,11.17,10.87,11.05,536800
ODC,20100322,18.89,18.91,17.78,18.71,27400
OFC,20100322,40.51,41.52,40.51,41.4,331400
OFG,20100322,12.62,12.88,12.47,12.82,230500
OFG-A,20100322,21.52,22,21.5,22,900
OFG-B,20100322,20.6,21,20.6,20.79,2000
OGE,20100322,19.215,19.36,19.085,19.295,220700
OHI,20100322,20.13,20.48,20,20.41,788500
OI,20100322,33.95,34.24,33.63,34.14,3216400
OIA,20100322,6.37,6.37,6.29,6.34,56100
OII,20100322,30.395,31.2,30.325,30.97,820500
OIS,20100322,44.66,45.02,43.85,44.69,1020700
OKE,20100322,22.74,22.95,22.6,22.925,734000
OKS,20100322,29.9,30.395,29.83,30.275,229100
OLN,20100322,18.5,19,18.47,18.95,498700
OLP,20100322,14.62,15.4,14.62,15.21,110200
OMC,20100322,38.97,39.76,38.8,39.66,2090400
OME,20100322,4.74,4.91,4.64,4.78,92400
OMI,20100322,30.24,30.9067,30.2133,30.7267,238800
OMN,20100322,7.01,7.3,6.96,7.27,167900
OPY,20100322,25.34,25.83,25.14,25.45,26200
ORA,20100322,29.07,29.38,28.5,29.37,182900
ORCL,20100322,25.19,25.7,25.16,25.56,24945500
ORI,20100322,12.16,12.2,11.99,11.99,1293400
ORN,20100322,18.06,18.44,17.9,18.3,100800
OSG,20100322,41.59,42.15,41.06,42.06,670000
OSK,20100322,39.6,41.38,39.15,41.28,1295200
OXM,20100322,20.56,21.6,20.37,21.47,43400
OXY,20100322,81.54,82.84,81.26,82.57,3759600
OZM,20100322,13.89,14.6,13.86,14.49,278700
PAA,20100322,27.425,27.845,27.195,27.73,252600
PAC,20100322,35.96,36.61,35.81,36.38,179200
PAG,20100322,15.58,15.69,15.45,15.53,1357000
PAI,20100322,13.12,13.19,13.05,13.19,25200
PAM,20100322,11.23,11.75,11.19,11.54,19800
PAR,20100322,10.13,10.5,10.03,10.46,358500
PAY,20100322,20.56,21.05,20.48,20.85,1976000
PBH,20100322,8.87,8.99,8.8,8.93,159100
PBI,20100322,24.46,24.76,24.33,24.65,1607100
PBR,20100322,43.98,45.14,43.69,44.97,18541300
PBR.A,20100322,39.54,40.43,39.16,40.28,6634000
PBT,20100322,16.27,17.19,16.1,17.13,304300
PCF,20100322,7.96,8.02,7.9,7.94,29800
PCG,20100322,43.25,43.25,42.71,43,2585200
PCK,20100322,8.64,8.75,8.63,8.68,48000
PCM,20100322,8.97,9.1,8.93,9.06,14500
PCN,20100322,14.64,14.82,14.64,14.81,75900
PCQ,20100322,13.16,13.16,13.06,13.06,29600
PDM,20100322,19.47,19.67,19,19.56,251500
PDS,20100322,7.3,7.46,7.23,7.43,1954600
PDT,20100322,10.56,10.57,10.53,10.56,39400
PEB,20100322,20.02,20.8,19.9,20.45,114100
PEG,20100322,30.8,30.92,30.5,30.59,2010200
PEI,20100322,11.5,12.62,11.33,12.52,1037800
PEO,20100322,23.57,23.69,23.22,23.6,32000
PEP,20100322,66.43,66.56,66.15,66.31,6762900
PFD,20100322,11.83,11.9,11.52,11.65,35000
PFE,20100322,17,17.25,16.98,17.15,71077800
PFG,20100322,27.02,27.61,26.61,27.45,4335300
PFH,20100322,22.82,22.96,22.82,22.96,200
PFK,20100322,24.35,24.5,24.25,24.25,16400
PFL,20100322,11.45,11.48,11.13,11.42,268200
PFN,20100322,9.4,9.49,9.2,9.37,644300
PFO,20100322,9.97,9.97,9.7,9.84,95300
PFS,20100322,11.74,11.94,11.65,11.82,222900
PG,20100322,63.52,64.1,63.52,63.88,9647900
PGH,20100322,11.01,11.17,10.91,11.13,937400
PGP,20100322,18.33,18.54,18.31,18.39,52100
PGR,20100322,18.04,18.28,18.04,18.25,3395000
PH,20100322,64.53,65.62,64.21,65.55,942800
PHD,20100322,12.26,12.28,12.13,12.28,141800
PHG,20100322,32.27,33.05,32.27,33.03,528000
PHH,20100322,23.18,23.77,22.97,23.75,866600
PHI,20100322,55.05,55.72,54.88,55.06,161500
PHK,20100322,11.75,11.9,11.71,11.74,407900
PHM,20100322,11.15,11.52,11.06,11.47,6815300
PHT,20100322,15.17,15.4,15.12,15.28,71900
PHX,20100322,25.88,26.01,25.23,25.91,6800
PII,20100322,25.81,26.375,25.74,26.265,246800
PIM,20100322,6.3,6.43,6.3,6.43,167100
PIR,20100322,6.67,6.9,6.55,6.82,2873300
PIY,20100322,25.55,25.74,25.28,25.7,2100
PJC,20100322,43.55,43.55,42.11,42.34,392000
PJT,20100322,23.3,23.37,23.1,23.29,8400
PKD,20100322,5,5.08,4.94,5.01,424000
PKE,20100322,27.79,28.82,27.78,28.63,46300
PKG,20100322,24.55,25.43,24.49,25.07,679100
PKI,20100322,23.55,24.09,23.42,24.06,1017600
PKO,20100322,23.52,23.79,23.51,23.79,22500
PKX,20100322,116.45,117.98,115.67,117.5,500400
PKY,20100322,17.8,17.99,17.59,17.81,87800
PLD,20100322,27.72,28.3,27.52,28.09,1490500
PLT,20100322,30.52,31.07,30.32,31.04,399500
PM,20100322,52.39,53.07,52.23,52.89,6994400
PMC,20100322,18.7,18.98,18.55,18.91,127600
PMF,20100322,13.1,13.38,13.07,13.35,184400
PML,20100322,10.99,11.2,10.99,11.16,86400
PMM,20100322,7,7.03,6.98,6.99,100600
PMO,20100322,11.4,11.4,11.32,11.35,73200
PMT,20100322,16.71,17.1,16.49,16.89,66900
PMX,20100322,10.59,10.76,10.59,10.74,86600
PNC,20100322,58.96,60.09,58.84,59.85,3035500
PNF,20100322,10.76,10.85,10.76,10.85,4600
PNI,20100322,11.15,11.32,11.15,11.31,12800
PNM,20100322,12.95,13.05,12.8,12.98,778200
PNR,20100322,33.96,34.62,33.56,34.25,608800
PNW,20100322,37.68,37.77,37.37,37.76,812000
POL,20100322,10.29,10.57,10.11,10.4,1979600
POR,20100322,19.37,19.44,19.27,19.36,351200
POT,20100322,39.7833,41.0833,39.7067,40.9867,4925600
PPG,20100322,32.195,32.795,32.045,32.74,989200
PPL,20100322,28.41,28.46,28.19,28.26,2192300
PPR,20100322,6.22,6.23,6.05,6.05,1420900
PPT,20100322,6.53,6.53,6.44,6.48,552900
PQ,20100322,20.08,21.08,19.2,20.84,2251300
PRA,20100322,28.975,29.38,28.915,29.32,91900
PRO,20100322,9.77,9.9,9.66,9.85,51000
PRU,20100322,57.35,58.14,56.9,58.08,3403700
PSA,20100322,90.5,92.09,90.39,91.79,1188700
PSA-A,20100322,23.29,23.29,23.16,23.16,8400
PSA-B,20100322,25.14,25.14,25.08,25.08,6700
PSA-C,20100322,23.82,23.86,23.75,23.75,5200
PSA-D,20100322,22.69,22.89,22.58,22.71,11500
PSA-E,20100322,24.26,24.31,24.24,24.25,3700
PSA-V,20100322,25.32,25.33,25.25,25.25,14800
PSA-W,20100322,23.23,23.3,23.17,23.17,12300
PSA-X,20100322,23.2,23.27,23.2,23.2,7100
PSA-Z,20100322,23.31,23.49,23.24,23.41,4900
PSB,20100322,52.71,53.52,52.71,53.32,193600
PSO,20100322,14.88,15.15,14.88,15.15,67900
PTR,20100322,115.63,116.63,114.68,116.51,307100
PTY,20100322,16.2,16.42,16.05,16.22,207900
PUK,20100322,15.66,16.06,15.66,16.03,606900
PUK-A,20100322,23.95,24.12,23.65,23.88,16600
PUK.P,20100322,24.43,24.56,24.08,24.3,10600
PVG,20100322,19.81,20.08,19.44,20.04,173200
PVH,20100322,53.46,56.07,52.97,55.43,1719400
PWE,20100322,20.86,21.09,20.07,20.98,2343300
PWR,20100322,19.3,19.76,19.24,19.72,2178400
PX,20100322,81.56,82.16,81.1,82.07,990100
PXD,20100322,52.23,52.9,51.64,52.6,1299000
PYN,20100322,9.07,9.14,9.07,9.1,15900
PYS,20100322,20.95,21,20.8,21,5900
PYT,20100322,18.22,18.35,18.22,18.31,700
PZC,20100322,9.21,9.35,9.21,9.3,63000
PZE,20100322,7.98,8.16,7.95,8.115,83100
PZN,20100322,6.76,7.1,6.72,7.05,55000
Q,20100322,5.02,5.22,5,5.17,44775900
QTM,20100322,2.62,2.75,2.48,2.74,2224900
R,20100322,38.44,39.01,38.25,38.77,466400
RA,20100322,11.32,11.6,11.31,11.5,302500
RAD,20100322,1.63,1.68,1.62,1.64,10829600
RAI,20100322,26.705,26.95,26.6,26.865,702300
RAS,20100322,5.61,5.85,5.31,5.82,1565200
RAS-A,20100322,14.98,14.98,14.53,14.93,5200
RAS-B,20100322,16.1,16.1,15.8,16,5700
RAS-C,20100322,16.85,16.85,16.25,16.36,6400
RBA,20100322,21.81,21.95,21.63,21.83,225000
RBC,20100322,57.1,59.14,57.04,58.92,282200
RBS,20100322,13.11,13.42,13.09,13.4,488100
RBS-F,20100322,20.35,20.39,20.1,20.2,21900
RBS-H,20100322,19.5,19.5,19.16,19.41,15500
RBS-L,20100322,16.6,16.6,16.39,16.48,26500
RBS-S,20100322,13.75,13.91,13.68,13.8,69000
RCI,20100322,34.45,35.01,34.21,34.69,649400
RCL,20100322,30.51,31.64,30.28,31.43,2461300
RCS,20100322,11,11,10.86,10.93,156100
RDC,20100322,26.03,26.74,25.92,26.49,2471100
RDN,20100322,11.13,11.59,10.87,11.59,1821500
RDS.A,20100322,57.49,58.43,57.49,58.26,1035000
RDS.B,20100322,55.06,55.96,55.01,55.9,329400
RDY,20100322,28.38,28.76,27.9,28.3,602700
RE,20100322,80.57,80.84,79.86,80.1,611300
REG,20100322,38.03,39.13,37.99,38.89,663700
REN,20100322,57.25,59.05,56.8,58.95,123800
RES,20100322,5.0755,5.2222,5.0222,5.2045,178500
REV,20100322,14.29,14.29,13.56,14.18,327100
RF,20100322,7.29,7.64,7.16,7.62,19801200
RFI,20100322,11.05,11.15,11.02,11.14,28000
RGA,20100322,50.04,50.8,49.81,50.66,417500
RGC,20100322,17.4,17.68,17.26,17.66,704900
RGR,20100322,12.29,12.62,12.27,12.56,240300
RGS,20100322,17.26,17.77,17.22,17.63,430700
RHI,20100322,30.98,31.49,30.83,31.41,991000
RHT,20100322,29.95,30.2,29.87,30,3730800
RIG,20100322,80.57,82.21,80.09,81.53,4557600
RIO,20100322,54.6375,56.6025,54.5575,56.5375,804000
RJF,20100322,27.65,28.17,27.52,28.12,383400
RL,20100322,82.05,84.28,81.86,83.86,676000
RLH,20100322,6.41,6.6,6.33,6.6,103400
RLI,20100322,28.2,28.5,28.2,28.425,62800
RMD,20100322,30.895,31.44,30.78,31.215,331500
RMT,20100322,8.16,8.26,8.1,8.24,129900
RNP,20100322,11.94,12.02,11.76,12,142400
RNR,20100322,55.72,56.39,55.72,56.39,324100
RNR-C,20100322,21.08,21.2,21.03,21.19,14900
ROG,20100322,28.54,29.36,28.34,29.13,51000
ROK,20100322,55.07,56.17,54.86,55.86,1201400
ROL,20100322,9.8085,9.9722,9.7775,9.9501,155200
ROP,20100322,57.1,57.85,56.96,57.49,459100
RPM,20100322,20.66,21.25,20.6,21.19,340900
RPT,20100322,11.19,11.7,11.19,11.53,164000
RQI,20100322,7.1,7.13,6.88,7.12,428300
RRC,20100322,47.14,47.89,46.36,47.66,4146400
RS,20100322,45.44,48.11,45.28,47.85,938500
RSG,20100322,28.47,28.63,28.32,28.55,2848500
RSO,20100322,6.7,6.92,6.62,6.91,645200
RST,20100322,25.26,25.98,25.06,25.98,303300
RT,20100322,10.44,10.8,10.25,10.72,723200
RTN,20100322,56.7,57.09,56.5,57.09,2538900
RVT,20100322,11.69,11.84,11.67,11.84,175100
RWT,20100322,14.86,15.14,14.86,15.1,362200
RY,20100322,57.94,58.58,57.75,58.41,852700
RYN,20100322,29.7067,30.2733,29.7067,30.18,442000
S,20100322,3.7,3.73,3.65,3.71,33626800
SAB,20100322,15.87,16.5,15.87,16.13,1400
SAH,20100322,11.89,12.39,11.75,12.39,506200
SAM,20100322,48.72,51.43,48.55,51.35,190500
SAN,20100322,66.17,67.21,65.56,66.96,121400
SAP,20100322,46.47,47.31,46.46,46.98,2728100
SAR,20100322,24.5,25,23.8,24.6,60700
SB,20100322,6.89,7.13,6.8,7.13,1450200
SBH,20100322,8.39,8.54,8.23,8.5,514000
SBR,20100322,43.25,43.61,42.53,43.02,46700
SBS,20100322,5.8333,5.9367,5.8083,5.8967,131300
SBW,20100322,13.09,13.1,13.03,13.1,22500
SCCO,20100322,30.41,31.18,30.07,31.14,2189400
SCD,20100322,10.69,10.81,10.69,10.79,77600
SCG,20100322,37.73,37.89,37.59,37.74,624600
SCHW,20100322,18.51,18.66,18.4,18.54,7779600
SCI,20100322,8.93,9.13,8.88,9.11,1153100
SCL,20100322,27.005,27.36,26.685,27.35,21300
SCS,20100322,7.14,7.25,7.1,7.21,730200
SCX,20100322,9.97,10.11,9.72,10.05,5400
SD,20100322,7.59,7.72,7.37,7.7,7693700
SE,20100322,22.02,22.32,21.97,22.26,2225100
SEE,20100322,21.53,21.83,21.44,21.75,1085200
SEM,20100322,8.48,8.84,8.48,8.7,252200
SEP,20100322,30.36,30.6,29.97,30.44,103000
SF,20100322,36.82,37.1,36.8,37.02,135600
SFE,20100322,12.39,12.77,12.26,12.75,75100
SFL,20100322,17.75,18.34,17.62,18.22,465900
SGF,20100322,13.06,13.09,13.04,13.06,11300
SGU,20100322,4.3,4.33,4.3,4.3,142800
SGY,20100322,171.9,172.5,167.8,171.6,789600
SHG,20100322,37.105,37.575,36.93,37.5,50300
SHI,20100322,25.8933,26.1267,25.78,26.1067,32900
SHO,20100322,10.12,10.61,10.1,10.5,950200
SHW,20100322,65.11,66.15,64.84,65.76,1189200
SID,20100322,18.06,18.525,18.045,18.405,2525600
SIG,20100322,28.03,28.6,27.98,28.46,433900
SJI,20100322,20.855,21.025,20.785,21.015,71800
SJM,20100322,59.75,60.67,59.47,60.51,874900
SJR,20100322,19.5,19.7,19.5,19.66,125300
SJT,20100322,20.4,20.42,19.71,20.39,591400
SJW,20100322,25.34,25.48,25.05,25.46,25200
SKM,20100322,16.9,17.08,16.88,17,727900
SKT,20100322,21.32,22.365,21.27,22.27,483100
SKX,20100322,10.9167,11.3167,10.69,11.3133,685900
SLB,20100322,62.7,64.3,62.04,63.49,15691200
SLF,20100322,31.03,31.39,30.89,31.39,274100
SLG,20100322,54.83,55.9,54.33,55.51,1304900
SLW,20100322,15.03,15.42,14.88,15.38,5065500
SM,20100322,33.61,33.69,32.6,33.61,1425700
SMG,20100322,42.94,44.78,42.91,44.69,1147100
SMI,20100322,5.1,5.25,5.1,5.25,215300
SMP,20100322,9.5,10.2,9.5,10.18,151500
SNA,20100322,42.58,43.12,42.56,43.03,338000
SNE,20100322,38.39,38.95,38.32,38.84,661600
SNN,20100322,20.192,20.572,20.192,20.56,96300
SNP,20100322,61.6692,62.3615,61.1923,62.2923,194200
SNV,20100322,23.59,25.2,22.96,24.85,12338800
SNX,20100322,31.23,31.92,31.17,31.75,117800
SNY,20100322,37.2,38.26,37.2,38.19,2339400
SO,20100322,33.18,33.29,33.04,33.11,3480200
SOL,20100322,4.77,4.93,4.73,4.91,1678600
SON,20100322,30.55,31.42,30.5,31.07,435700
SOR,20100322,45.5,45.92,45.4,45.76,4100
SOV-C,20100322,26.19,26.19,26.19,26.19,200
SPA,20100322,5.82,5.83,5.62,5.67,31800
SPB,20100322,25.05,25.05,23.95,24.61,32300
SPG,20100322,83.06,85,82.91,84.97,2256000
SPG-J,20100322,59.85,60,59,60,400
SPH,20100322,45.75,46.6,45.61,46.5,84400
SPN,20100322,19.87,20.24,19.64,20.04,971400
SPR,20100322,22.27,22.69,22.22,22.63,1344200
SQM,20100322,36.94,37.48,36.93,37.4,802700
SR,20100322,26.3,27.7,25.85,27.6,120200
SRE,20100322,50.09,50.5,50,50.31,1334400
SRI,20100322,9.54,9.54,8.56,9.36,178200
SRT,20100322,7.27,7.92,7.27,7.8,84700
SRV,20100322,8.63,8.7,8.5,8.6,80700
SSD,20100322,27.1,28,27.05,27.95,203500
SSI,20100322,15.08,15.37,14.89,15.34,242200
SSL,20100322,37.53,38.63,37.53,38.46,151400
SSP,20100322,8.4,8.77,8.29,8.7,251400
SSW,20100322,10.17,10.28,9.93,10.03,297100
ST,20100322,18.26,18.35,18.06,18.29,347700
STC,20100322,13.4,13.82,13.27,13.79,125300
STE,20100322,33.35,34.06,33.08,33.8,696600
STI,20100322,26.39,27.15,26.39,27.09,7136500
STI-A,20100322,21.25,21.34,21.25,21.33,1500
STJ,20100322,39.82,40.4,39.77,39.85,3648000
STK,20100322,19.84,19.95,19.63,19.7,60600
STL,20100322,8.57,8.85,8.51,8.77,223500
STM,20100322,8.91,9.25,8.91,9.24,805900
STN,20100322,12.825,12.825,12.56,12.63,13300
STO,20100322,22.55,22.99,22.51,22.92,1344200
STT,20100322,45.78,45.95,45.35,45.69,4227600
STV,20100322,7.75,7.79,7.57,7.79,118100
STWD,20100322,2.6723,2.6947,2.6639,2.6807,141900
STZ,20100322,15.91,16.15,15.85,16.11,1286300
STZ.B,20100322,15.96,15.96,15.95,15.95,800
SU,20100322,30.58,30.91,30.32,30.69,6755200
SUI,20100322,23.55,24.37,23.16,24.37,170700
SUN,20100322,29.31,30.02,29.16,29.96,1795800
SUP,20100322,15.5,16.27,15.46,16.2,150400
SVU,20100322,16.61,16.86,16.26,16.75,3800500
SWC,20100322,13.01,13.35,12.64,13.31,1698300
SWK,20100322,57.87,59.06,57.87,59,1469800
SWM,20100322,22.415,22.605,22.05,22.485,306400
SWN,20100322,39.11,40.12,38.56,39.95,6932900
SWX,20100322,30.06,30.52,30,30.44,202500
SWZ,20100322,11.64,11.82,11.64,11.73,21000
SXE,20100322,28.36,28.76,28.16,28.76,153600
SXI,20100322,27.06,27.94,26.99,27.87,25600
SXL,20100322,11.2717,11.3817,11.2234,11.3417,90700
SXT,20100322,28.72,29.04,28.72,29.02,212100
SYK,20100322,56.21,57.25,56.21,56.85,1847400
SYT,20100322,54.98,56.13,54.97,55.96,236500
SYX,20100322,20.55,21.95,20.4,21.6,248900
SYY,20100322,28.7,29.02,28.6,28.95,2573700
T,20100322,26.19,26.54,26.08,26.4,24538500
TAC,20100322,22.07,22.37,22.01,22.33,26200
TAL,20100322,18.17,19.87,18.17,19.42,284100
TAP,20100322,43.2,43.37,43.01,43.15,1183800
TAP.A,20100322,42.3,42.3,42.3,42.3,100
TBI,20100322,15.73,15.96,15.49,15.89,249000
TCAP,20100322,14.2,14.53,14.2,14.49,156600
TCB,20100322,16.05,16.32,16,16.3,1329900
TCB.W,20100322,4.53,4.65,4.43,4.65,25100
TCI,20100322,12.14,12.14,12.14,12.14,100
TCO,20100322,40.21,41.88,40.21,41.83,523800
TD,20100322,36.325,37.16,36.3,37.08,990300
TDA,20100322,25.19,25.33,25.1,25.3,53500
TDC,20100322,28.84,29.35,28.39,29.27,1126300
TDF,20100322,25.27,25.66,25.27,25.55,25900
TDG,20100322,52.03,52.4,52,52.27,77400
TDI,20100322,24.55,24.63,24.49,24.6,35600
TDS,20100322,34.06,34.51,33.83,34.34,182100
TDW,20100322,47.33,48.4,47.22,48.26,385700
TDY,20100322,41.67,42.16,41.38,41.9,129700
TEF,20100322,23.4567,23.9433,23.4433,23.85,490100
TEI,20100322,14.73,14.85,14.66,14.7,165100
TEL,20100322,27.25,27.67,26.94,27.58,3338300
TEN,20100322,21.64,23.5,21.2,23.31,1757700
TEO,20100322,17.13,17.57,17.13,17.56,115200
TER,20100322,10.58,11.12,10.5,11.11,7822900
TEVA,20100322,63.53,64.49,63.5,64.43,10199400
TEX,20100322,21.79,22.31,21.62,22.18,1254700
TFX,20100322,62.28,63.85,62.02,63.73,145100
TG,20100322,17.15,17.61,17.15,17.43,80200
TGH,20100322,20.76,21.23,20.27,21.05,202900
TGI,20100322,30.03,30.87,30.03,30.61,93400
TGP,20100322,28.5,28.87,28.03,28.77,100300
TGS,20100322,3.25,3.3,3.13,3.2,4200
TGT,20100322,53.04,54,52.86,53.88,3767200
THC,20100322,24.44,25.52,24.04,25.08,34134000
THG,20100322,42.95,43.22,42.61,43.12,139200
THO,20100322,31.5,31.95,31.03,31.86,417800
THS,20100322,44.04,44.59,43.64,44.56,141400
TI,20100322,14.45,14.62,14.42,14.6,190800
TI.A,20100322,11.14,11.34,11.14,11.26,99600
TIF,20100322,44.83,47.49,44.75,47.41,7939100
TJX,20100322,21.415,21.93,21.415,21.81,2790900
TK,20100322,23.72,24.09,23.31,24.04,331100
TKC,20100322,14.83,14.99,14.75,14.89,788200
TKF,20100322,13.15,13.16,12.97,13.16,21900
TKR,20100322,27.44,28.02,27.1,27.89,504000
TLI,20100322,11.11,11.16,11.08,11.11,41300
TLK,20100322,17.61,17.695,17.4,17.45,483400
TLP,20100322,26.8,27.01,26.67,26.93,109200
TM,20100322,79.04,80.38,78.85,80.19,1248800
TMH,20100322,15.95,16.63,15.75,16.03,186200
TMK,20100322,23.6222,23.8311,23.3422,23.6222,550400
TMO,20100322,49.85,50.88,49.56,50.8,2178800
TNC,20100322,28.14,28.57,27.77,27.86,126800
TNH,20100322,82.51,82.51,80.76,82.37,74100
TNK,20100322,11.51,11.98,11.32,11.49,480800
TNP,20100322,15.13,15.31,14.66,15.1,370700
TOL,20100322,20.07,20.5,20.02,20.32,2304800
TOO,20100322,20.14,20.2,19.48,20.05,413900
TOT,20100322,56.39,57.47,56.36,57.31,2441300
TPC,20100322,21.09,22.55,20.47,22.18,281300
TPL,20100322,27.8,27.8,27.05,27.07,9700
TPX,20100322,28.7,29.83,28.26,29.68,641600
TPZ,20100322,20.88,21.23,20.71,21.1,78600
TR,20100322,27.34,27.7,27.21,27.67,94900
TRC,20100322,30.96,31.57,30.59,31.57,25700
TREX,20100322,10.465,10.8,10.345,10.785,56300
TRI,20100322,36.3,36.51,36.08,36.29,176300
TRK,20100322,15.71,16.01,15.59,15.9,64000
TRN,20100322,9.84,10.18,9.83,10.11,1320200
TRNO,20100322,19.59,19.63,19.25,19.25,120900
TRP,20100322,36.39,36.47,36.11,36.34,265800
TRR,20100322,2.97,3,2.93,2.97,7400
TRU,20100322,4.14,4.3,4.14,4.28,8300
TRV,20100322,53.3,53.58,53.18,53.39,3817600
TS,20100322,42.74,44.37,42.66,44.31,1977100
TSI,20100322,4.71,4.79,4.7,4.74,148600
TSL,20100322,20.83,21.3,20.5,21.06,3152400
TSM,20100322,10.09,10.24,10.04,10.18,9479100
TSN,20100322,17.65,18.11,17.57,18.11,7209600
TSO,20100322,13.67,13.85,13.33,13.77,5589100
TSS,20100322,15.12,15.65,15.1,15.54,1601200
TSU,20100322,28.02,28.05,27.53,27.97,532000
TTC,20100322,12.0875,12.365,12.0775,12.35,172100
TTF,20100322,9.56,9.67,9.56,9.66,77100
TTI,20100322,12.18,12.68,12.04,12.56,332500
TTM,20100322,17.85,18.19,17.6,18.13,498200
TU,20100322,17.415,17.545,17.25,17.52,72200
TUP,20100322,46.63,47.64,46.43,47.26,746000
TV,20100322,20.6,21.1,20.46,20.99,2648300
TVC,20100322,26.12,26.2,26.11,26.19,29000
TVE,20100322,25.89,26.14,25.89,25.92,21200
TWI,20100322,8.41,8.76,8.35,8.65,229500
TWN,20100322,13.83,13.93,13.81,13.89,28400
TWX,20100322,30.99,31.4,30.8,31.28,8647000
TX,20100322,37.18,37.82,36.75,37.66,194500
TXT,20100322,21.99,22.4,21.8,22.18,3057600
TY,20100322,12.01,12.22,12.01,12.21,85900
TY.P,20100322,45,45,45,45,100
TYG,20100322,31.35,31.86,31.28,31.62,195400
TYL,20100322,19,19.3,19,19.28,89800
UA,20100322,3.5525,3.7988,3.5225,3.7613,995400
UAL,20100322,18.48,19.54,18.16,19.43,8084900
UAM,20100322,15.55,15.89,15.38,15.45,268100
UBA,20100322,16.79,17.09,16.72,17.02,105900
UBP,20100322,15.42,15.45,15.12,15.17,7800
UBS,20100322,15.21,15.57,15.18,15.52,2297700
UDR,20100322,17.6,17.86,17.56,17.78,1855000
UFI,20100322,3.24,3.61,3.16,3.58,180800
UFS,20100322,32.805,33.425,32.635,32.995,881300
UGI,20100322,17.68,17.6933,17.48,17.5533,578100
UGP,20100322,11.54,11.81,11.4875,11.745,47900
UHS,20100322,34.75,36.71,34.75,36.59,3788100
UHT,20100322,35.17,35.96,35.17,35.96,35700
UIS,20100322,36.5,37.82,35.89,37.41,767300
UL,20100322,28.87,29.47,28.83,29.36,2711800
UMC,20100322,3.53,3.62,3.53,3.61,4410900
UN,20100322,29.67,30.29,29.66,30.19,2192300
UNF,20100322,54.08,55.72,53.92,55.28,91200
UNH,20100322,34.47,35.16,33.21,33.3,20220700
UNM,20100322,23.59,24.01,23.55,23.89,3222700
UNP,20100322,36.415,37.07,36.31,37,3191000
UNT,20100322,42.25,43.77,41.87,43.54,450300
UPS,20100322,64.01,64.65,63.85,63.96,3829500
URI,20100322,7.88,8.15,7.83,7.97,878900
USA,20100322,4.72,4.8,4.7,4.78,561600
USB,20100322,25.89,26.38,25.87,26.22,9702600
USB-H,20100322,21.38,21.4,21.14,21.38,129300
USG,20100322,15.32,16.02,15.11,15.95,784900
USM,20100322,41.35,41.92,41.16,41.72,76400
USPH,20100322,17.86,18.15,17.67,18.04,34700
UTF,20100322,14.88,15.01,14.82,14.89,269200
UTI,20100322,25.54,26,25.07,25.99,92000
UTL,20100322,23.58,23.7,22.66,23.35,38500
UTX,20100322,72.66,73.03,72.57,72.61,5176800
UVV,20100322,53.52,55.2,52.88,55.19,123600
V,20100322,22.0975,22.4375,22.045,22.31,4168600
VAL,20100322,28.58,29.24,28.47,29.2,490000
VAL.P,20100322,25.63,26.43,25.47,26.22,11268500
VALE,20100322,29.3,30.18,29.1,30.04,22304800
VAR,20100322,53.08,54.39,53.08,53.93,860900
VBF,20100322,19.51,19.63,19.42,19.54,30900
VCO,20100322,43.81,44.69,43.5,44.68,4100
VCV,20100322,12.11,12.18,12.02,12.02,62900
VFC,20100322,19.8175,20.2025,19.755,20.05,853600
VG,20100322,1.33,1.39,1.3,1.37,3981200
VGM,20100322,14.19,14.27,14.13,14.25,45200
VGR,20100322,15.44,15.55,15.24,15.54,297100
VHI,20100322,6.44,6.44,6.2233,6.3067,11000
VIV,20100322,21.66,21.97,21.62,21.89,63700
VKQ,20100322,13.61,13.67,13.57,13.67,71800
VLO,20100322,19.79,20.38,19.65,20.29,9350600
VLT,20100322,15.65,15.67,15.6,15.64,30300
VLY,20100322,15.25,15.68,15.2,15.53,492400
VLY-A,20100322,25.45,25.45,25.34,25.39,600
VMC,20100322,48.01,50.3,47.94,49.55,2105800
VMI,20100322,81.97,83.53,81.7,83.35,100700
VMO,20100322,13.82,13.87,13.75,13.82,53100
VMW,20100322,52.78,54.07,52.13,53.78,1288200
VNO,20100322,74.8,76.38,74.8,75.87,1288100
VNO-G,20100322,22.26,22.26,22.08,22.15,2500
VNO-I,20100322,22.39,22.7,22.39,22.42,6200
VPV,20100322,13.33,13.69,13.33,13.6,26100
VR,20100322,25.85,26.22,25.85,26.02,590800
VRS,20100322,2.96,2.97,2.85,2.9,160300
VRX,20100322,40.38,41.1,40.07,41.01,763600
VSH,20100322,10.38,10.54,10.24,10.45,2238200
VSI,20100322,22.02,22.37,21.64,21.82,90500
VTA,20100322,13.21,13.21,13.01,13.09,193900
VTN,20100322,14.16,14.24,14.16,14.24,14300
VTR,20100322,47.29,48.84,46.9,48.62,1571200
VVC,20100322,23.82,23.9,23.64,23.88,275500
VVI,20100322,21.42,21.87,21.42,21.75,75900
VVR,20100322,5,5.01,4.98,4.99,899700
VZ,20100322,30.28,30.72,30.28,30.65,12753200
WAB,20100322,21.2,21.685,21.135,21.57,280300
WAL,20100322,5.84,5.91,5.77,5.91,407500
WAT,20100322,64.97,65.97,64.75,65.45,727600
WBC,20100322,29.1,30.08,28.87,29.99,337100
WBK,20100322,24.602,25.076,24.584,25.076,5200
WBS,20100322,17.4,18,17.24,17.96,334300
WCC,20100322,34.1,34.47,33.85,34.44,503800
WCG,20100322,30.81,31.99,30.78,31.21,817500
WCN,20100322,22.74,23.0667,22.74,23.02,310700
WDR,20100322,35.12,35.61,34.59,35.43,1147200
WEA,20100322,14.1,14.2,13.93,14.12,43600
WEC,20100322,25.195,25.195,24.895,25.11,690800
WES,20100322,21.98,22.65,21.9,22.52,129100
WF,20100322,41.23,41.85,41.17,41.84,3700
WFC,20100322,30.09,30.59,30.05,30.41,28593900
WFC-J,20100322,27.14,27.38,27.12,27.28,333600
WFC-L,20100322,973.5,978,971.87,978,1600
WFT,20100322,15.7,15.96,15.56,15.83,19568800
WG,20100322,12.21,12.6,12,12.58,806900
WGL,20100322,34.34,34.45,34.18,34.45,160000
WGO,20100322,13.78,14.59,13.51,14.58,423200
WHG,20100322,37.94,38.03,36.77,37.36,9600
WHR,20100322,85.93,88.77,85.5,88.45,1049600
WIA,20100322,12.19,12.23,12.19,12.19,37600
WIT,20100322,13.962,14.226,13.8,14.058,204600
WIW,20100322,11.9,11.93,11.86,11.87,161300
WLK,20100322,11.57,11.99,11.48,11.91,112600
WLL,20100322,38.275,38.58,37.605,38.495,941600
WM,20100322,34.04,34.3,34,34.27,1962600
WMB,20100322,22.27,22.63,22,22.51,5271000
WMK,20100322,35.8,36.04,35.32,36.03,46700
WMS,20100322,40.22,42.1,39.91,42.04,621800
WMT,20100322,55.31,56.04,55.13,55.62,9874000
WNC,20100322,6.73,6.85,6.34,6.74,1405300
WNR,20100322,4.98,5.25,4.91,5.24,2881800
WNS,20100322,12.08,12.5,11.69,11.99,38100
WOR,20100322,16.46,16.98,16.32,16.9,441700
WPC,20100322,29.36,29.99,29.35,29.83,81700
WPZ,20100322,40.57,40.92,39.99,40.55,293300
WR,20100322,22.24,22.36,22.14,22.31,517500
WRB,20100322,25.54,25.8,25.52,25.59,359600
WRD,20100322,22.08,22.18,22.08,22.08,6600
WRE,20100322,29.87,30.2,29.77,30.09,468700
WRI,20100322,22.68,22.91,22.62,22.72,1343100
WSM,20100322,25.04,27.27,24.86,27.1,7979600
WSO,20100322,56.81,58.39,56.49,58.32,203700
WST,20100322,20.845,21.35,20.845,21.34,100000
WTI,20100322,8.65,8.98,8.58,8.94,703500
WTM,20100322,355,356.83,353.18,353.3,6200
WTR,20100322,13.992,14.024,13.888,13.984,766700
WTS,20100322,30.6,31.05,30.57,31.05,112500
WTW,20100322,25.07,25.65,25,25.57,454300
WU,20100322,16.58,16.96,16.58,16.91,6188700
WWE,20100322,17.08,17.32,17,17.22,189500
WWW,20100322,14.38,14.815,14.315,14.69,319000
WY,20100322,43.87,45.03,43.58,44.96,858200
WYN,20100322,23.77,24.82,23.41,24.62,2488300
X,20100322,57.95,60.49,57.45,60.34,13663200
XCO,20100322,17.45,17.61,17.13,17.3,3246400
XEC,20100322,57.25,58.31,56.76,58.19,638500
XEL,20100322,21.5,21.58,21.43,21.5,1789200
XIN,20100322,4.11,4.11,4.03,4.09,178400
XKE,20100322,8.48,8.49,8.34,8.49,800
XL,20100322,18.67,18.79,18.46,18.79,3534100
XOM,20100322,66.49,67.2,66.32,66.97,21393000
XRM,20100322,14.2,16.4,14.2,15,229700
XRX,20100322,9.51,9.89,9.45,9.87,14269600
Y,20100322,292,295,292,294.85,2400
YGE,20100322,117.3,120.5,115.3,120.5,3015800
YPF,20100322,42.79,43.8,42.79,43.14,1700
YUM,20100322,37.79,38.25,37.79,38.15,3066700
YZC,20100322,21.75,22.08,21.51,22.08,196900
ZB-A,20100322,17.32,17.32,17.26,17.3,24100
ZF,20100322,13.76,13.92,13.76,13.88,256700
ZNH,20100322,22.25,22.6,22.2,22.57,51100
ZTR,20100322,15.64,15.64,15.52,15.64,278500
