<ticker>,<date>,<open>,<high>,<low>,<close>,<vol>
A,20081210,18.03,18.23,17.34,18.19,8629500
AA,20081210,30.3,30.9,29.73,30.6,22593200
AAP,20081210,32.22,33.1,31.77,32.74,725900
AAV,20081210,4.33,4.33,4.15,4.27,644500
AB,20081210,20.78,21.99,19.61,21.8,862200
ABB,20081210,13.53,13.8,13.38,13.67,5503800
ABC,20081210,15.385,15.625,14.94,15.095,2406800
ABG,20081210,4.35,4.55,4.19,4.39,212800
ABM,20081210,17.97,18.54,17.81,18.32,301300
ABR,20081210,2.6,2.66,2.38,2.52,149600
ABT,20081210,51.83,52.5,51.16,51.52,6698600
ABX,20081210,29.36,30.94,29.36,30.38,17616700
ACC,20081210,22.01,23.66,22.01,23.63,477500
ACH,20081210,14.65,14.88,14.3,14.86,2113600
ACM,20081210,30,30.3,28.75,29.23,1719900
ACN,20081210,29.2,29.23,28.16,28.47,3510000
ACV,20081210,23.14,23.29,22.2,22.56,892100
ADC,20081210,16.3,16.44,14.99,15.87,47400
ADM,20081210,27.58,28.14,27.34,28.05,5439800
ADS,20081210,45.97,46.45,44.7,45.81,1165200
ADX,20081210,7.89,8.01,7.85,8,113300
AEB,20081210,6.99,7.45,6.79,7.16,38700
AED,20081210,8.83,9.61,8.7,9.22,53100
AEE,20081210,33.2,33.88,32.72,33.34,1175300
AEG,20081210,6.98,7.45,6.96,7.37,1713500
AEH,20081210,9,9.25,8.91,9.03,118000
AEL,20081210,6.93,7.44,6.77,7.19,427200
AEM,20081210,33.95,37.07,33.76,36.44,5254400
AEO,20081210,10.08,10.45,9.86,10.38,3863500
AEP,20081210,29.43,30.24,29.41,30.09,2704700
AER,20081210,3.15,3.36,3.11,3.11,752300
AES,20081210,7.24,7.52,6.93,7.03,7616900
AES-C,20081210,32,32.08,31,31.2,13000
AET,20081210,20.66,21.33,19.88,20.6,3899300
AF,20081210,17.02,17.24,16.33,16.91,1055300
AFB,20081210,8.65,8.65,8.25,8.63,125300
AFC,20081210,9.27,9.56,9.13,9.18,30300
AFG,20081210,21.37,21.71,20.6,21.12,533200
AFL,20081210,44,44.52,42.54,43.28,3730600
AG,20081210,22.65,23.91,22.26,23.32,2280500
AGC,20081210,4.53,4.65,4.39,4.65,139800
AGCO,20081210,22.65,23.91,22.26,23.32,2280500
AGD,20081210,13.82,14.18,13.82,14.16,81300
AGM,20081210,3.73,3.88,3.54,3.6,121800
AGM.A,20081210,2.46,2.46,2.2,2.34,1100
AGN,20081210,39.03,39.03,37.39,37.78,2330500
AGO,20081210,14.2,14.2,12.14,12.85,1414800
AGU,20081210,28.6,30.98,28.26,30.59,5724400
AHC,20081210,1.79,1.89,1.72,1.79,52100
AHL,20081210,20.91,21.07,20.15,20.67,1245500
AHL-A,20081210,14,14,13.01,13.05,25700
AHT,20081210,1.76,1.8,1.66,1.78,1096500
AHT-A,20081210,7.49,7.5,7.4,7.42,2100
AHT-D,20081210,7.15,7.25,7.15,7.23,29500
AIB,20081210,30.5,30.5,28.5,29.55,207100
AIG,20081210,37.4,37.8,33,35,79209300
AIN,20081210,13.8,14.14,13.55,13.82,160900
AIR,20081210,15.8,16.49,15.8,16.23,487200
AIT,20081210,18.24,18.79,18.01,18.5,351800
AIV,20081210,11.39,12.89,11.28,12.8,4290700
AIZ,20081210,23.79,23.79,22.21,22.93,1979900
AJG,20081210,23.79,23.96,23.3,23.87,929600
AKO.A,20081210,9.88,10.3,9.88,10.3,1700
AKO.B,20081210,12.31,12.48,12.1,12.45,2600
AKP,20081210,8.45,8.51,8.32,8.34,29000
AKR,20081210,13.87,15.04,13.78,14.76,313800
AKS,20081210,9.98,10.29,8.89,9.76,10785600
ALB,20081210,20.19,21.32,20.13,20.97,585200
ALE,20081210,29.75,30.44,29.32,29.69,309300
ALG,20081210,11.99,12.71,11.69,12.23,379700
ALJ,20081210,8.97,9.3,8.84,9.19,112900
ALK,20081210,6.52,6.5375,6.13,6.37,831400
ALL,20081210,26.69,27.22,26.2,26.9,5526600
ALP-O,20081210,21.48,21.63,21.48,21.63,900
ALV,20081210,23.18,23.45,22.28,22.93,985200
ALX,20081210,213.01,220.94,205.18,218.75,14300
AM,20081210,11.34,11.34,10.08,10.63,733100
AME,20081210,13.56,14.0445,13.4445,13.5822,1459000
AMG,20081210,33.67,36.87,32.86,36.7,1419000
AMN,20081210,64.59,65.9,61.76,64.2,199900
AMP,20081210,20.5,21.42,20.33,21.21,2767600
AMT,20081210,27.54,28.98,27.48,27.87,3507000
AMX,20081210,15.99,16.595,15.84,16.4,7244600
AN,20081210,10.07,10.48,9.7,10.27,2838900
ANF,20081210,20.09,21.32,19.98,21.22,2861900
ANH,20081210,6.04,6.06,5.82,5.99,791400
ANH-A,20081210,18.65,18.65,18.57,18.6,3200
ANH-B,20081210,17.35,17.35,17.1,17.1,500
ANW,20081210,12.28,13.7,12.28,13.38,634300
AOD,20081210,13.02,13.02,12.56,12.84,795000
AOI,20081210,24.5,25.8,24.5,25,493700
AON,20081210,43.02,43.02,41.32,42.4,2554600
AOS,20081210,4.2834,4.745,4.2834,4.7234,398400
AP,20081210,18.9,20.9,18.9,20.25,58400
APA,20081210,69.84,75.16,69.7,74.16,5905900
APB,20081210,10.71,11.1,10.68,10.96,86600
APC,20081210,34.66,37.07,34.66,36.45,6044900
APD,20081210,53.46,54.48,52.37,53.49,1952900
APF,20081210,10.64,10.81,10.63,10.77,151600
APH,20081210,10.675,10.99,10.505,10.62,2601500
APU,20081210,27.88,28.69,27.7,27.98,55000
ARA,20081210,7.9,8,7.49,7.71,1088400
ARE,20081210,41.07,44.99,40.75,44.23,770500
ARL,20081210,8.9,8.9,8.9,8.9,100
ARW,20081210,15.57,15.84,15.09,15.38,810700
ASA,20081210,14.3867,14.54,13.85,14.53,125600
ASG,20081210,2.33,2.4,2.33,2.35,116800
ASH,20081210,9.11,9.5,9.03,9.3,1949700
ASR,20081210,32.78,35.63,32.78,34.97,232200
ASX,20081210,1.61,1.65,1.53,1.53,2876200
ATI,20081210,25.25,25.69,23.75,25.35,2541700
ATO,20081210,22.62,22.97,22.28,22.39,767000
ATR,20081210,31.52,32.31,31.23,32.1,714200
ATU,20081210,15.49,17.15,14.89,16.58,1111300
ATV,20081210,3.89,4,3.84,3.97,83900
ATW,20081210,15.59,16.2,15.4,15.88,1202100
AU,20081210,25.6,28.12,25.56,27.99,4016100
AUO,20081210,6.81,7.24,6.81,7.19,5045700
AUY,20081210,5.27,5.75,5.15,5.68,42814200
AVA,20081210,17.93,18.49,17.93,18.3,336500
AVB,20081210,64.01,66.72,62,66.12,2245300
AVD,20081210,12.09,12.64,11.77,12.5,105200
AVK,20081210,8.48,8.75,8.48,8.71,89200
AVP,20081210,22.19,23.52,21.98,23.13,5558900
AVT,20081210,15.14,15.35,14.66,14.93,1632800
AVX,20081210,7.98,8.06,7.89,7.89,461800
AVY,20081210,30.02,31.31,29.55,30.82,1873000
AWF,20081210,6.34,6.59,6.26,6.52,544400
AWH,20081210,11.9,12.2,11.8267,12.13,251200
AWI,20081210,18.97,19.93,18.78,19.58,202800
AWK,20081210,20.61,20.93,20.08,20.67,280600
AWP,20081210,3.62,3.62,3.31,3.5,493900
AWR,20081210,14.355,15.275,14.35,14.88,153000
AXE,20081210,26.03,26.49,25.09,25.91,571900
AXL,20081210,3.09,3.23,2.66,2.79,1014500
AXP,20081210,22.27,22.55,20.46,21.56,18274400
AXR,20081210,32.5,40.27,32.5,36,42200
AXS,20081210,26.57,26.99,25.19,26.04,1382800
AYI,20081210,31.74,32.22,31.17,31.99,758500
AYR,20081210,5.2,5.56,5.03,5.26,488400
AZN,20081210,39.47,39.59,38.55,38.95,721900
AZO,20081210,124.12,129.52,123.91,128.62,1691500
AZZ,20081210,10.545,11.29,10.455,11.09,170100
B,20081210,14.23,15.08,14.04,14.58,346800
BA,20081210,41.49,42.69,40.94,41.68,5181300
BAC,20081210,17.27,17.36,16.05,16.69,88550800
BAC-C,20081210,18,18.12,17.3,17.92,146200
BAC-D,20081210,14.4,14.49,13.7,13.76,113100
BAC-E,20081210,8.16,8.5,8.14,8.44,1822000
BAC-I,20081210,14.61,14.85,14,14.17,1206100
BAC-L,20081210,612,616,590.9,600.1,210400
BAC-W,20081210,18.6,18.6,18.16,18.43,37400
BAC-Y,20081210,15.66,15.75,15.03,15.2,27100
BAF,20081210,8.24,8.63,8.18,8.53,60300
BAK,20081210,4.73,4.93,4.72,4.82,146800
BAM,20081210,10,10.4067,9.78,10.2,2312200
BAP,20081210,42.52,43.51,41.64,42.3,539200
BAS,20081210,12.34,12.82,11.09,11.64,429500
BAX,20081210,51.47,52.01,50.03,51.02,3741600
BBD,20081210,7.947,8.197,7.6439,7.9394,12016500
BBF,20081210,9.5,9.5,8.86,8.89,10100
BBG,20081210,19.78,21.5,19.38,21.29,786700
BBK,20081210,9.6,9.6,8.65,8.77,59300
BBL,20081210,36.51,37.67,35.9,37.01,1657700
BBT,20081210,29.8,30.08,28.4,29.83,5790300
BBVA,20081210,11.01,11.24,10.95,11.2,545200
BBW,20081210,4.18,4.5,4,4.34,128500
BBX,20081210,18.25,19.6,18.05,19.5,155400
BBY,20081210,23.95,25.19,23.4,24.82,7978100
BC,20081210,3.29,3.58,3.22,3.37,1179000
BCE,20081210,18.1,18.43,17.95,18.29,1113200
BCH,20081210,30.3,30.74,29.3,29.3,6600
BCO,20081210,23.05,23.8,22.66,23.21,842700
BCR,20081210,83.23,83.6,80.2,81.59,856300
BCS,20081210,9.27,9.35,9,9.19,834800
BCS-A,20081210,11.58,12,11.1,11.87,132900
BCS-D,20081210,13.32,13.64,13.13,13.6,498000
BDC,20081210,19.27,20.25,19.12,19.83,664900
BDJ,20081210,7.63,7.75,7.55,7.74,177400
BDN,20081210,5.79,6.49,5.76,6.36,2246900
BDX,20081210,63.4,63.97,62.38,63.29,1532100
BEN,20081210,20.84,21,20.0633,20.87,1072600
BEP,20081210,10.25,10.55,10.19,10.48,107600
BF.A,20081210,17.4234,17.63,17.2,17.21,1600
BF.B,20081210,16.8334,17.2267,16.6234,16.9467,488700
BFK,20081210,7.53,7.62,7.34,7.57,158000
BFO,20081210,9.9,9.9,9.05,9.66,34300
BFR,20081210,2.98,3.09,2.73,2.95,48600
BFS,20081210,34.9,37.46,34.1,37.44,140000
BFZ,20081210,8.53,9.03,8.5,8.8,54600
BG,20081210,42.52,44.88,42.43,44.59,1781000
BGC,20081210,18.83,19,16.83,17.18,2013800
BGE-B,20081210,16.65,16.65,16.5,16.61,5400
BGG,20081210,16.2,16.29,14.75,15.06,611400
BGH,20081210,12.06,12.59,12.05,12.58,93700
BGR,20081210,13.43,14.64,13.43,14.6,149000
BGS,20081210,5.3,5.39,5.07,5.23,96500
BGT,20081210,7.63,7.7,7.48,7.65,62100
BGY,20081210,7.81,8.05,7.81,7.94,267000
BHE,20081210,12.27,12.81,12.2,12.64,377600
BHI,20081210,29.68,31.49,29.68,30.89,5266300
BHK,20081210,9.55,9.89,9.52,9.62,84400
BHL,20081210,9.5,9.61,9.39,9.61,8400
BHP,20081210,41.3,42.99,41,41.77,8327700
BID,20081210,10.07,10.68,10,10.67,1723000
BIF,20081210,4.38,4.45,4.28,4.41,145800
BIG,20081210,15.99,16.03,14.9,15.87,2328800
BIO,20081210,71.37,71.37,69.09,70.54,165200
BIO.B,20081210,70.61,71.12,70.35,71.12,300
BIP,20081210,6.9267,7.5333,6.9267,7.4667,55900
BJZ,20081210,12.24,12.24,11.95,11.95,2800
BK,20081210,28.72,29.08,27.57,28.71,7575200
BKD,20081210,3.6,3.67,3.52,3.66,523500
BKE,20081210,24.14,25.94,24.04,24.95,909500
BKH,20081210,25.05,25.32,24.69,25.07,402900
BKK,20081210,10.46,10.46,10.03,10.13,46100
BKN,20081210,8.04,8.25,7.8,8.09,95700
BKS,20081210,16.24,17.32,16.16,16.85,663900
BKT,20081210,5.46,5.78,5.46,5.73,370900
BLH,20081210,13.88,13.88,13.16,13.53,6100
BLK,20081210,132.52,135.36,129.58,132.72,422900
BLL,20081210,18.525,19.35,18.515,19.24,1129400
BLW,20081210,10.05,10.4,9.71,10.13,137600
BLX,20081210,12.43,12.95,12.21,12.74,68400
BMA,20081210,9.91,10.93,9.91,10.58,98700
BME,20081210,18.39,18.39,18.24,18.32,13400
BMI,20081210,29.92,30.78,29.18,30.11,86700
BMO,20081210,27.81,27.98,26.4,27.15,606900
BMS,20081210,25.63,26.41,25.48,26.12,1095000
BMY,20081210,21.1,21.55,20.91,21.31,23340800
BNJ,20081210,10.11,10.36,10,10.05,39700
BNS,20081210,25.89,26.04,24.23,24.74,751400
BNY,20081210,9.25,9.44,9.15,9.44,25600
BOE,20081210,14.18,14.49,14,14.4,58400
BOH,20081210,41.51,42.15,40.69,41.77,291500
BP,20081210,46.28,46.71,45.42,46.17,7289800
BPK,20081210,12.13,12.6,12.13,12.2,30000
BPL,20081210,33.91,35.54,33.86,35.5,109300
BPT,20081210,67.8,69.55,67.5,68.04,163000
BQH,20081210,9.35,9.35,9.27,9.27,36600
BR,20081210,12.58,12.7,11.53,12.2,2191400
BRC,20081210,22.39,23.28,22.39,23.19,639000
BRK.A,20081210,105600,107000,102625,104590,800
BRK.B,20081210,70.4,71.08,68.24,68.9,34100
BRO,20081210,20.5,20.95,19.71,20.21,805400
BRS,20081210,19,20.72,19,20.46,255300
BRT,20081210,3.14,3.73,3.05,3.65,32500
BSD,20081210,7.77,7.77,7.32,7.6,27700
BSE,20081210,8.11,8.11,7.78,7.95,17300
BSX,20081210,7.31,7.52,7.12,7.22,10992500
BT,20081210,10.365,10.53,10.28,10.405,318300
BTA,20081210,6.3,6.55,6.26,6.27,37600
BTE,20081210,12.03,12.5,11.82,11.97,569400
BTO,20081210,15.16,15.56,14.8,15.2,226400
BTZ,20081210,7.37,7.62,7.03,7.29,198900
BUD,20081210,68.58,68.58,68.58,68.58,0
BVN,20081210,16.57,17.55,16.52,17.2,1052600
BW,20081210,12.3,13.55,12.3,13.14,183900
BWA,20081210,12.615,12.94,11.59,12.325,2130200
BWP,20081210,18.89,20.15,18.8,20,360800
BX,20081210,7.16,7.28,6.56,6.59,1700400
BXC,20081210,17.8,20,17.4,20,41200
BXP,20081210,56.75,60.48,56.46,60.1,3297700
BXS,20081210,20.92,21.24,20.19,20.89,421700
BYD,20081210,4.34,4.46,4.02,4.28,813100
BYM,20081210,9.19,9.29,8.71,9.1,62500
BZH,20081210,9.8,10.5,9,10.5,1054300
C,20081210,87.3,88.3,80.5,83,16343580
C-P,20081210,13.74,13.9,13.3,13.6,577900
C-S,20081210,13.24,13.65,12.98,13.65,79200
CAB,20081210,6.74,7.18,6.59,6.9,287800
CACI,20081210,41.64,42.13,41.07,41.24,305600
CAE,20081210,29.02,30.24,28.43,29.8,61700
CAF,20081210,27.89,27.89,26.44,27,268000
CAG,20081210,14.08,14.31,13.97,14.24,5168900
CAH,20081210,32.13,32.42,31.37,31.75,2048600
CAI,20081210,41.64,42.13,41.07,41.24,305600
CAJ,20081210,29.12,29.98,29.12,29.82,721900
CAL,20081210,15.61,16.37,15.38,15.77,7740900
CAS,20081210,10.48,11.67,10.25,11.24,198700
CAT,20081210,43.25,44.95,42.9,43.67,15430800
CB,20081210,49.51,50,47.3,48.64,3809900
CBB,20081210,8.75,10.3,8.75,9.35,677700
CBB-B,20081210,21,22.5,20.25,20.4,7800
CBD,20081210,14.365,14.755,14.115,14.31,862600
CBG,20081210,4.39,4.39,3.92,4.07,6777000
CBI,20081210,12.12,13.49,11.84,12.8,2004400
CBK,20081210,4.26,4.69,4.2,4.35,185400
CBL,20081210,5.32,5.8,5.18,5.77,1607800
CBL-D,20081210,8.33,8.8,7.74,8.5,12700
CBM,20081210,3.65,4.17,3.63,3.86,116600
CBR,20081210,4.2,4.46,4.2,4.28,116300
CBS,20081210,7.54,8.24,7.5,7.93,10596100
CBS.A,20081210,7.49,8.21,7.49,7.94,32200
CBT,20081210,20.2,20.87,19.98,20.57,515300
CBU,20081210,22.73,23.6,22.64,23.07,206200
CBZ,20081210,8.09,8.33,8.04,8.28,181900
CCC,20081210,12.38,13.24,12.29,13.15,421700
CCE,20081210,9.82,10.32,9.65,10.31,3304900
CCI,20081210,18.87,19.42,18.19,18.83,3335100
CCJ,20081210,16.97,17.52,16.47,17.49,3513500
CCK,20081210,17.7,18.35,17.59,18.25,1519400
CCL,20081210,22.19,22.85,21.72,22.74,5519600
CCO,20081210,5.98,6.35,5.89,6.14,504200
CCS,20081210,17.38,17.85,17.25,17.75,27200
CCU,20081210,9.668,9.668,9.404,9.468,17900
CCZ,20081210,26.5,26.5,26,26,1000
CDE,20081210,6.5,7,6.1,6.6,12789300
CDI,20081210,10.32,10.79,10.22,10.41,76200
CDR,20081210,5,5.36,5,5.36,352000
CE,20081210,12.22,12.59,11.19,11.74,3154100
CEA,20081210,4.28,4.28,4.28,4.28,0
CEE,20081210,15.65,16.33,15.65,15.99,48900
CEL,20081210,23.2,23.57,22.79,23.07,218300
CEM,20081210,1.37,2.2,1.27,1.34,1611500
CEO,20081210,95.83,98.27,94.45,96.17,1394300
CF,20081210,10.52,10.73,10.202,10.46,1637900
CFC-B,20081210,14.07,14.65,14.07,14.6,293900
CFI,20081210,1.8,2.43,1.8,2.26,23300
CFR,20081210,49.6,50.67,48.52,49.89,465800
CFX,20081210,8.22,8.71,8.22,8.48,183700
CHA,20081210,39.45,39.98,38.73,39.77,918800
CHD,20081210,13.065,13.2,12.5675,12.9025,1161100
CHE,20081210,41.93,43.39,41.52,42.75,191600
CHH,20081210,25.47,26.2,24.97,26.05,244600
CHK,20081210,15.19,18.05,15.12,17.83,48029400
CHK-D,20081210,51,56,51,54.75,83800
CHL,20081210,52.8,53.01,51.26,51.92,3775800
CHN,20081210,21.79,21.85,21.35,21.53,211600
CHS,20081210,3.23,3.79,3.23,3.56,5184400
CHT,20081210,16.03,16.18,15.6,16.12,2703500
CHU,20081210,12.74,13.04,12.7,13.01,2931500
CI,20081210,14.25,14.76,13.87,14.39,3565800
CIA,20081210,8.24,8.5,8.1,8.33,71300
CIB,20081210,22.81,23.93,22.81,23.69,347200
CIF,20081210,1.25,1.32,1.2,1.24,41400
CIG,20081210,7.1885,7.3626,6.9478,7.0861,1163600
CIG.C,20081210,10.6,10.6,10.6,10.6,0
CII,20081210,10.37,10.79,10.26,10.64,140000
CIM,20081210,2.75,2.77,2.58,2.7,179400
CIR,20081210,22.94,23.9,22.4,23.08,151800
CIT,20081210,4.87,4.98,4.26,4.54,8667300
CKH,20081210,62.84,65.36,62.62,64.96,423900
CL,20081210,30.315,30.365,29.265,29.585,3602500
CLB,20081210,26.97,27.435,26.55,27,714000
CLC,20081210,33.77,34.28,32.8,33.58,314800
CLF,20081210,23.73,27.65,23.73,27.29,5382400
CLI,20081210,19.89,21.84,19.69,21.64,1497200
CLR,20081210,8.515,10.175,8.46,10.12,2178800
CLS,20081210,5.11,5.35,5.09,5.28,731000
CLX,20081210,53.57,53.9,52.47,53.11,1134000
CM,20081210,40.53,40.98,38.72,39.52,1350400
CMA,20081210,21.76,22.19,20.67,21.27,2106500
CMC,20081210,12.09,13.05,11.55,13.03,3885000
CMG,20081210,54.18,59.5,54.18,58.91,669900
CMI,20081210,27.22,27.49,26.1,26.83,3633400
CMO,20081210,9.79,10.07,9.52,9.78,476700
CMP,20081210,49.5,51.5,48.93,51.3,605100
CMS,20081210,9.83,10.15,9.8,10.09,3159100
CMS-B,20081210,69.87,69.87,69.87,69.87,100
CMU,20081210,2.72,2.79,2.68,2.72,34500
CNA,20081210,14.95,15.06,14.13,14.77,307800
CNC,20081210,8.54,8.73,8.3,8.51,251000
CNI,20081210,17.07,17.655,16.875,17.495,1684600
CNK,20081210,7.68,8,7.44,7.5,351200
CNO,20081210,3.13,3.42,3.09,3.39,1100900
CNP,20081210,12.78,12.9,12.5,12.71,3834100
CNQ,20081210,16.86,17.51,16.205,16.915,6879900
CNS,20081210,11.99,12.59,11.85,12.28,100600
CNX,20081210,29.76,32.53,29.33,31.67,5622200
COF,20081210,33,33.35,30.98,32.08,6016000
COG,20081210,6.6625,7.035,6.5575,6.96,1665800
COH,20081210,20.33,21.42,19.9,21.24,7263900
COL,20081210,34.96,35.42,34.26,34.93,1174900
COO,20081210,14.3,14.44,12.66,13.21,1582700
COP,20081210,52.02,53.93,51.7,53.31,13912900
COT,20081210,0.63,0.73,0.63,0.66,181600
CP,20081210,32.15,33.47,32.04,33.04,846100
CPA,20081210,23.85,26.06,23.8,25.96,661600
CPB,20081210,29.33,29.33,27.72,28.37,4372500
CPE,20081210,2.45,2.79,2.35,2.72,4425200
CPF,20081210,237,242.6,204.6,219.8,512700
CPK,20081210,21.1267,21.8933,21.0333,21.1933,15900
CPL,20081210,13.87,14.1033,13.47,13.6033,83400
CPN,20081210,8.37,8.44,7.95,8.35,1378300
CPT,20081210,30.04,31,28.69,30.54,2168400
CR,20081210,14.76,15.62,14.76,15.4,531300
CRD.A,20081210,5.61,6.08,5.45,5.66,26300
CRD.B,20081210,11.67,12.12,11.02,11.39,92900
CRH,20081210,25.49,26.75,25.49,26.22,95300
CRI,20081210,19.35,20.4,18.98,19.79,791500
CRK,20081210,209.55,235,207.2,228.15,1565300
CRL,20081210,24.31,24.94,23.69,24.08,952200
CRM,20081210,8.38,8.7025,8.1675,8.645,2056800
CRR,20081210,40,40.7,38.88,39.37,771800
CRS,20081210,18.24,19.51,18.06,19.49,935900
CRT,20081210,26.2,26.92,25.75,26.55,25100
CRY,20081210,9.08,9.15,8.67,9.03,234900
CS,20081210,27.57,27.81,26.64,27.28,734700
CSC,20081210,30.18,31.13,29.55,30.52,831200
CSL,20081210,21.05,21.45,20.93,21.13,373000
CSS,20081210,21.55,22.5,21.42,21.48,55500
CSU,20081210,2.79,2.99,2.75,2.87,113400
CSV,20081210,2,2.05,1.98,2.04,33700
CTB,20081210,5.54,6.18,5.49,5.93,765100
CTL,20081210,26.03,27.06,25.86,26.41,1697200
CTR,20081210,14.56,15.19,14.01,14.2,231400
CTS,20081210,5.68,6.49,5.68,6.43,421100
CTV,20081210,13.24,14.27,13.24,13.77,1910800
CTX,20081210,11.28,12.04,10.59,11.66,5526200
CUB,20081210,27.51,28.87,27.21,27.9,116200
CUK,20081210,21.59,22.36,21.51,22.19,299600
CUZ,20081210,12.94,13.98,12.7,13.9,898200
CVA,20081210,21.41,21.94,20.93,21.58,1078800
CVB,20081210,8.35,8.5,8.35,8.5,1800
CVG,20081210,6.35,6.51,6.23,6.36,892600
CVI,20081210,3.31,3.75,3.27,3.48,269800
CVO,20081210,26.32,28.72,26,27.68,266100
CVS,20081210,28.43,29.27,27.95,29.09,10159500
CVX,20081210,76.8,79.4,76.43,78.44,17660400
CW,20081210,32.85,33.47,32.68,33.37,352600
CWT,20081210,19.92,20.63,19.53,19.87,198300
CX,20081210,10.2,11.35,10,10.61,18636400
CXE,20081210,2.92,2.95,2.85,2.87,23500
CXH,20081210,5.8,5.8,5.63,5.77,19800
CXO,20081210,20.06,22.47,20.06,21.63,944500
CXW,20081210,16.57,16.96,16.34,16.77,800300
CYD,20081210,4.1,4.35,4.05,4.07,54100
CYH,20081210,14.99,15.75,14.8,15.11,1360200
CZZ,20081210,2.79,2.89,2.62,2.73,201000
D,20081210,35.2,35.41,34.31,34.66,3178500
DAC,20081210,5.7,5.9,5.09,5.19,495300
DAL,20081210,10.73,11.25,10.73,11,10911500
DAN,20081210,1.06,1.15,0.99,1.08,675500
DAR,20081210,3.73,4.16,3.73,4.16,1649200
DB,20081210,36.71,37.36,35.91,36.75,1387800
DBD,20081210,26.48,27.22,26.36,26.9,343100
DCA,20081210,1.37,1.44,1.33,1.41,58900
DCI,20081210,17.035,17.035,15.915,16.345,1190000
DCM,20081210,18.75,18.96,18.63,18.84,353000
DCO,20081210,18.47,19.65,17.72,19.19,104500
DCT,20081210,17.92,19.36,16.96,17.8,4256000
DD,20081210,27.05,27.1,26.01,26.55,8753800
DD-A,20081210,61,61,61,61,0
DD-B,20081210,70.25,70.25,70.15,70.15,500
DDD,20081210,2.4933,2.8667,2.4933,2.7033,33200
DDE,20081210,2.82,2.95,2.79,2.87,53000
DDF,20081210,4.04,4.05,3.95,3.97,11800
DDR,20081210,5.91,6.44,5.56,6.31,5971500
DDS,20081210,4.04,4.29,3.96,4.13,570900
DDT,20081210,6.5,6.75,5.51,5.8,31300
DE,20081210,38.47,39.2,36.5,38.75,6744400
DECK,20081210,24.6067,25.1333,23.4567,24.11,2546700
DEI,20081210,12.14,12.7,11.7,12.49,2882300
DEL,20081210,45.14,46.61,44.01,45.62,72400
DEO,20081210,56.45,56.79,55.42,56.22,706000
DEX,20081210,5.91,6.13,5.9,6.03,42000
DF,20081210,30.9,31.26,30.16,31.02,1205200
DFP,20081210,9.25,9.67,9.25,9.41,2600
DFS,20081210,10.44,10.58,9.59,10.18,5092200
DFT,20081210,1.91,2.04,1.9,2.01,414000
DGX,20081210,47.03,47.81,46.15,46.74,1285200
DHF,20081210,1.72,1.8,1.72,1.74,136100
DHG,20081210,3.61,3.77,3.54,3.75,268900
DHI,20081210,8.06,8.41,7.51,8.34,7991500
DHR,20081210,25.245,25.81,25.24,25.6,2770400
DHT,20081210,61.68,66,60.84,65.4,462600
DHX,20081210,3.04,3.38,3.04,3.11,39300
DIN,20081210,15.12,15.94,14.5,15.15,350000
DIS,20081210,23.85,24.2,23.3,23.7,16293500
DK,20081210,4.97,5.38,4.96,5.13,142700
DKL,20081210,5.9,6.29,5.75,6.29,2900
DKS,20081210,14.76,15.08,14.27,14.47,2829700
DKT,20081210,15.03,15.98,15.03,15.63,209000
DLB,20081210,29.21,30.13,29.12,29.65,531900
DLR,20081210,29.06,29.89,27.8,29.45,2413200
DLX,20081210,10.72,11.08,10.5,10.84,427700
DM,20081210,5.27,5.6,4.99,5.6,186500
DNB,20081210,73.47,73.47,68.93,69.88,690100
DNP,20081210,6.28,6.5,6.02,6.39,592300
DNR,20081210,9.23,9.97,9.23,9.93,4160700
DO,20081210,66.17,70.61,65.91,68.76,2683100
DOV,20081210,28.63,30.11,28.63,29.34,1834800
DOW,20081210,19.41,19.56,18.97,19.52,14929600
DPM,20081210,10.48,12.13,10.2,10.73,270700
DPS,20081210,14.83,15.52,14.75,15.35,2122900
DPZ,20081210,4.02,4.28,4.02,4.24,252700
DRE,20081210,8.3,9.67,8.11,9.53,5877200
DRH,20081210,5.17,5.52,5.03,5.4,2108700
DRI,20081210,21.32,22.38,21.19,21.77,2746800
DRQ,20081210,20.81,22,20.23,20.61,860800
DSM,20081210,5.09,5.27,4.97,5.12,113900
DST,20081210,37.21,37.38,36.1,36.33,523900
DSU,20081210,6.54,6.99,6.54,6.84,308400
DSW,20081210,5.27,5.575,5.27,5.415,241800
DSX,20081210,11.33,12.3,11.1,11.3,4052300
DTE,20081210,35.19,35.78,34.73,35.17,950800
DTF,20081210,10.74,10.8,10.63,10.65,25300
DTK,20081210,14.1,14.73,14.03,14.73,210200
DUC,20081210,9.06,10.05,9.06,9.77,183300
DUK,20081210,43.8,44.28,43.68,44.16,6631300
DV,20081210,53.65,54.73,52.96,54.02,849300
DVA,20081210,24.62,24.66,23.79,24.09,688400
DVD,20081210,1.1,1.54,1.1,1.16,259700
DVN,20081210,67.64,73.11,67.27,72.56,8112900
DW,20081210,14.15,15.28,13.95,14.65,132800
DX,20081210,6.4,6.66,6.34,6.6,64200
DXB,20081210,12.3,12.52,12.19,12.39,70300
DY,20081210,7.13,7.66,6.96,7.54,416900
DYN,20081210,9.55,10.05,9.4,9.5,8182400
E,20081210,46.83,47.44,46.16,47.11,553000
EAT,20081210,7.65,9.14,7.58,8.55,3324900
EBF,20081210,10.57,11.04,10.18,10.67,67400
EBR,20081210,11.74,12.05,11.25,11.42,206300
EBR.B,20081210,10.9,11.17,10.37,10.67,155500
EBS,20081210,24.4,25.44,24.37,25.11,596500
EC,20081210,17.5,17.5,17.4,17.48,30400
ECA,20081210,45.19,47.67,44.91,46.97,4807500
ECL,20081210,36.91,37.58,35.33,35.64,2809000
ED,20081210,38.83,39.48,38.79,39.41,1981800
EDD,20081210,8.6,8.89,8.56,8.85,326200
EDE,20081210,16.37,16.9,16.28,16.72,257800
EDN,20081210,4.16,4.48,4.16,4.33,113800
EDR,20081210,12.66,13.95,12.45,13.95,141600
EDU,20081210,13.0525,13.8525,12.8875,13.8125,650300
EE,20081210,18.12,18.96,18.12,18.44,387500
EEA,20081210,4.83,4.95,4.76,4.95,38000
EEP,20081210,13.325,14.845,13.325,14.775,513300
EEQ,20081210,12.905,13.95,12.645,13.885,97200
EFR,20081210,7,7.26,6.89,7.07,304000
EFT,20081210,6.91,7.2,6.87,7.14,204900
EFX,20081210,24.51,24.75,24.07,24.44,1069800
EGF,20081210,15.87,15.88,15.71,15.84,95900
EGN,20081210,29.88,31.21,29.66,30.91,840000
EGP,20081210,32,33.99,31.35,33.98,218000
EGY,20081210,6.32,6.73,6.12,6.73,478200
EHI,20081210,5.81,6.1,5.76,6.05,81500
EIG,20081210,15.29,16.06,15.18,15.95,228500
EIX,20081210,30.29,31.62,30.25,31.37,2859100
EL,20081210,14.025,14.685,13.915,14.505,3171100
ELP,20081210,10.8,11.02,10.31,10.63,523800
ELS,20081210,18.005,19.255,17.795,19.255,662000
ELY,20081210,9.66,9.96,9.56,9.88,426200
EMD,20081210,6.7,7,6.7,6.93,74400
EME,20081210,20.97,22,20.7,21.8,1620100
EMF,20081210,9.67,10,9.54,9.81,139200
EMN,20081210,15.075,15.445,14.815,15.215,1462200
EMO,20081210,22.07,22.09,22,22.09,11000
EMR,20081210,32.63,34,32.55,33.32,5265200
ENB,20081210,15.665,15.735,15.14,15.475,776200
ENH,20081210,28.41,28.41,27.7,28.17,418600
ENR,20081210,44.7,46.66,44.2,45.29,596200
ENS,20081210,9.6,9.98,9.3,9.54,584900
ENZ,20081210,5.46,5.46,4.95,5.03,123100
EOD,20081210,9.39,9.53,9.19,9.35,207400
EOG,20081210,35.94,37.96,35.775,36.835,4990700
EOI,20081210,11.53,11.53,10.57,10.87,130800
EOS,20081210,10.25,10.43,9.89,10.15,152600
EP-C,20081210,27.3,28.54,27.3,28,11100
EPD,20081210,10.665,11.075,10.38,10.775,1157800
EPE,20081210,19.15,19.6,18.97,19.37,146400
EPR,20081210,27.34,30.31,27.25,30.24,744500
EPR-C,20081210,10.85,10.85,8.77,10.6,2200
EPR-E,20081210,15,15.75,15,15.75,1300
EQR,20081210,32.64,34.62,31.81,34.48,6454800
EQS,20081210,4.47,4.58,4.06,4.29,6500
EQT,20081210,30.99,32.69,30.73,31.94,1153300
EQY,20081210,18.4,19.95,18.4,19.66,377600
ERF,20081210,19.36,20,18.84,19.99,1472600
ERJ,20081210,16.59,16.8,16.1,16.47,760500
ES,20081210,5.73,5.93,5.66,5.88,618400
ESD,20081210,10.14,10.48,10.11,10.48,112200
ESE,20081210,35.89,37.98,35.89,37.11,247300
ESL,20081210,35.15,36.14,34.64,34.8,242800
ESS,20081210,80,83.26,78.15,82.63,872500
ESV,20081210,30.33,32.14,30.33,31.66,2685300
ETB,20081210,10.42,10.67,10.34,10.48,132600
ETE,20081210,8.335,8.695,8.12,8.565,657500
ETG,20081210,9.96,10.03,9.57,9.82,401900
ETH,20081210,15.34,16.35,15.15,16.34,429400
ETJ,20081210,17.18,17.47,17.02,17.4,254500
ETM,20081210,1.41,1.44,1.33,1.35,223300
ETN,20081210,22.78,24,22.755,23.61,2117200
ETO,20081210,13.3,13.64,13.13,13.64,173100
ETP,20081210,34.07,35.03,33.34,34.43,808500
ETR,20081210,80.96,81.36,79.08,80.89,1609300
ETV,20081210,10.04,10.15,9.6,10.02,210500
ETW,20081210,9.23,9.44,9.18,9.32,548700
ETY,20081210,10.08,10.19,9.81,9.95,672700
EV,20081210,22.35,23.1,21.92,22.77,1818500
EVC,20081210,0.57,0.65,0.57,0.65,171800
EVF,20081210,3.35,3.49,3.15,3.3,237300
EVG,20081210,10.81,10.97,10.66,10.71,96400
EVN,20081210,6.89,7.16,6.38,6.49,71600
EVR,20081210,13.04,13.8,12.96,13.23,188700
EVT,20081210,11.1,11.11,10.46,10.85,429200
EW,20081210,11.8525,11.9525,11.265,11.61,765300
EXC,20081210,54.14,56.27,53.56,55.82,3821500
EXG,20081210,8.69,8.89,8.44,8.68,1003100
EXP,20081210,20.35,20.56,19.63,20.42,933800
EXR,20081210,9.05,9.52,8.79,9.4,1253500
F,20081210,3.38,3.42,3.01,3.25,141199600
FAC,20081210,3.05,3.23,2.97,2.97,12400
FAF,20081210,25.29,25.82,24.27,25.75,903400
FAM,20081210,8.32,8.38,8.3,8.38,57400
FBC,20081210,56,60,52,57,270800
FBP,20081210,157.65,167.1,157.65,164.55,657100
FBR,20081210,0.14,0.16,0.14,0.15,569100
FC,20081210,5.02,5.29,4.92,5.1,48000
FCE.A,20081210,8.1,8.28,6.54,7.02,1527600
FCE.B,20081210,8,8,6.84,7.03,5100
FCF,20081210,10.82,10.98,10.44,10.81,654100
FCH,20081210,1.67,1.74,1.47,1.74,1447000
FCH-A,20081210,5.25,5.4,5.21,5.25,58900
FCN,20081210,50.99,51.14,45.21,46.16,2765400
FCT,20081210,5.9,6.02,5.76,5.82,163500
FCX,20081210,10.75,11.5,10.35,11.445,38712900
FDP,20081210,23.46,23.46,22.08,22.48,580900
FDS,20081210,38.63,39.91,38.16,38.36,908300
FDX,20081210,63.47,63.53,59.76,61.02,6283900
FE,20081210,54.65,56.1,54.21,54.85,1632400
FEO,20081210,9.9,9.95,9.78,9.95,21600
FF,20081210,4.37,4.41,4.21,4.33,51500
FFA,20081210,8.32,8.44,8.26,8.44,90000
FFC,20081210,6.52,6.7,6.42,6.5,110400
FFG,20081210,11.51,11.6,10.52,10.8,125600
FGB,20081210,3.87,4.02,3.65,3.71,45000
FGP,20081210,15.85,15.85,14.88,15.5,123800
FHN,20081210,10.37,10.37,9.49,9.75,2189300
FHY,20081210,15.03,15.03,14.28,14.49,32400
FIF,20081210,22.56,22.65,21.78,22.27,190300
FIG,20081210,1.68,1.8,1.4,1.48,971600
FII,20081210,22.6,23.34,22.47,23.21,1254900
FIS,20081210,16.79,16.84,16.28,16.58,2340200
FIX,20081210,9.33,9.77,9.19,9.62,336400
FL,20081210,7.22,7.29,6.63,6.83,5041600
FLC,20081210,6.42,6.72,6.28,6.54,35500
FLO,20081210,10.6533,10.7111,10.2,10.4622,1074500
FLR,20081210,50,52.5,49.43,52.14,4948000
FLS,20081210,16.96,17.2233,16.43,17.1167,1150300
FLY,20081210,5.3,5.55,5.11,5.3,75700
FMC,20081210,21.955,23.615,21.74,23.11,1336300
FMN,20081210,8.45,8.49,8.38,8.48,6400
FMO,20081210,12,12.5,11.75,12.5,80700
FMS,20081210,21.865,22.04,21.615,21.86,125800
FMX,20081210,27.23,29.47,27.23,29.45,1284900
FMY,20081210,16.49,17.1,15.7,15.96,138700
FNB,20081210,11.81,12,11.09,11.5,579400
FNF,20081210,13.32,13.89,11.52,13.31,6850500
FOE,20081210,7.71,7.88,7.36,7.7,337400
FOF,20081210,8.7,8.7,8.25,8.32,88700
FOR,20081210,4.85,5.13,4.24,5.03,706800
FPL,20081210,45.95,46.11,44.26,45.33,3544900
FPO,20081210,7.35,7.43,6.62,6.9,370800
FPT,20081210,9.01,9.02,8.84,8.9,18800
FR,20081210,7.76,8.44,7.64,8.38,990300
FRA,20081210,8.32,8.62,8.32,8.62,73900
FRO,20081210,157.5,162.5,154.3,157.05,1488000
FRT,20081210,58.05,63.47,57.92,63.1,1233800
FSB,20081210,9.49,10.45,9.01,9.5,5500
FSS,20081210,7.47,7.89,7.42,7.6,453700
FT,20081210,3.12,3.26,3.1,3.17,65500
FTI,20081210,11.73,12.525,11.73,12.175,2886200
FTK,20081210,2.71,3.19,2.71,3.05,564500
FUL,20081210,14.27,15.12,14.1,14.85,383600
FUN,20081210,13.53,14.15,13.29,13.77,116600
G,20081210,7.49,7.52,7.19,7.51,101100
GAB,20081210,3.84,3.94,3.56,3.75,365600
GAB-D,20081210,19.7,19.99,19.65,19.65,2900
GAM,20081210,16.76,17.45,16.76,17.3,68900
GAM-B,20081210,19.89,20.39,19.59,19.9,10800
GBL,20081210,26.87,28.54,26.21,27.34,55500
GBX,20081210,5.4,5.87,5.37,5.8,260100
GCH,20081210,8.3,8.35,8.13,8.34,167700
GCI,20081210,8.54,8.71,8.06,8.61,5020100
GCO,20081210,16.1,16.36,14.71,15,538600
GCV,20081210,5.49,6.2,5.49,5.75,47200
GCV-B,20081210,21,21,21,21,0
GD,20081210,55.15,55.52,53.73,54.29,2772700
GDL,20081210,12.74,12.74,12.25,12.42,83700
GDV,20081210,9.72,9.82,9.47,9.67,280300
GDV-A,20081210,19.66,19.95,19.65,19.9,3500
GDV-D,20081210,20.45,20.55,20.42,20.55,1500
GE,20081210,18.03,18.45,17.67,18,76956200
GEF,20081210,30.11,31.64,28.92,29.6,389600
GEF.B,20081210,25.96,27.55,25.5,26.3,11400
GEO,20081210,18.3,19.29,18.22,18.69,429200
GER,20081210,22.9,22.9,22.38,22.84,21800
GES,20081210,14.56,15.51,14.41,15.21,1379700
GF,20081210,6.54,6.56,6.41,6.54,66500
GFA,20081210,3.845,4.165,3.81,4.045,707900
GFF,20081210,8.95,9.12,8.84,8.94,290000
GFI,20081210,8.9,9.3,8.8,9.04,8601500
GFY,20081210,9.99,10.31,9.99,10.03,11000
GG,20081210,26.5,27.81,26.34,27.24,16720100
GGB,20081210,6.61,7.02,6.57,7,10436400
GGG,20081210,22.22,22.52,21.51,22.06,579800
GGP,20081210,1.66,1.8,1.59,1.62,7024200
GGT,20081210,3.88,3.97,3.81,3.85,23500
GGT-B,20081210,20.01,20.01,19.51,19.95,900
GHL,20081210,66.33,68.97,65.17,68.83,352500
GIB,20081210,7.6,7.68,7.23,7.46,86000
GIL,20081210,7.16,7.28,6.96,7.085,1517000
GIM,20081210,7.78,7.94,7.77,7.89,371800
GIS,20081210,30.715,30.72,30.005,30.48,4561400
GJH,20081210,5.15,5.15,5.15,5.15,0
GJO,20081210,18,18.5,18,18,2600
GJP,20081210,10.2,10.2,10.2,10.2,0
GJR,20081210,11.85,13.17,10.5,10.5,2400
GJS,20081210,9.2,9.36,9.2,9.36,1400
GJT,20081210,7,7,7,7,0
GJV,20081210,12.1,13.13,12.1,13.13,5100
GLF,20081210,24.22,24.75,23.56,24.37,383600
GLP,20081210,12.05,12.5,11.4,12.44,66600
GLT,20081210,9.41,9.81,9.31,9.57,192800
GLW,20081210,8.87,9.18,8.64,8.82,17113600
GM,20081210,4.9,5,4.35,4.6,41880400
GME,20081210,22.76,24.3,21.97,24.09,4422700
GMS,20081210,4.74,4.79,4.41,4.68,252300
GNK,20081210,115.3,135.2,111.4,113.5,5874600
GNW,20081210,2.95,3.1,2.5,2.58,30036600
GOF,20081210,9.41,9.71,9.01,9.65,78300
GOL,20081210,40.1,41.5,39.6,40.8,1534900
GPC,20081210,39.43,39.81,39.07,39.65,1216400
GPE-A,20081210,24.1,24.5,23,23.04,1000
GPI,20081210,9.97,10.26,9.45,9.73,483400
GPK,20081210,1.37,1.4,1.32,1.35,157300
GPM,20081210,5,5.1,4.35,4.6,9263600
GPN,20081210,16.315,16.69,16.065,16.47,576300
GPS,20081210,13.9,14.24,13.21,13.99,10685000
GPX,20081210,5.03,5.05,4.93,4.94,15700
GRA,20081210,6.57,6.82,5.87,6.37,1083700
GRR,20081210,11.5,12.57,11.5,12.4,48700
GRX,20081210,4.4,4.5,4.35,4.43,11000
GS,20081210,73.8,73.9,69.35,71.53,14105700
GS-A,20081210,9.66,9.8,9.3,9.3,82000
GS-B,20081210,18.9,19.15,18.77,18.8,57600
GS-C,20081210,10.5,11.5,10.24,10.6,7800
GS-D,20081210,10.2,10.49,10.07,10.07,66600
GSH,20081210,19.03,19.19,18.75,19.17,37800
GSK,20081210,36.04,36.12,35.08,35.44,1412900
GSL,20081210,2.92,3.18,2.67,3.18,1162300
GTN,20081210,0.4,0.52,0.39,0.52,207100
GTN.A,20081210,0.9,0.9,0.9,0.9,0
GTS,20081210,9.62,9.76,8.66,9.3,92500
GTY,20081210,19.78,20,19.24,19.98,72700
GUT,20081210,6.01,6.24,5.96,6.13,22300
GUT-A,20081210,21.01,21.01,20.25,20.8,3000
GVA,20081210,44.76,46.36,44.05,46.12,1501000
GWR,20081210,31.61,32.88,31.54,32.57,238600
GWW,20081210,71.19,72.19,70.23,70.94,742200
GXP,20081210,18.64,19.04,18.59,18.89,1516000
GYB,20081210,8.6,8.65,8.35,8.48,11300
GYC,20081210,11.9,14.76,11.79,12.9,2500
HAE,20081210,28.335,28.575,27.485,27.995,179200
HAL,20081210,16.25,17.17,16.2,16.71,15604600
HAR,20081210,16.31,16.99,15.83,16.51,884200
HBI,20081210,3.62,3.6775,3.5125,3.6175,655400
HCN,20081210,37.5,39.41,37.26,39.17,2537700
HCP,20081210,21.69,25.62,21.69,25.04,6431900
HD,20081210,23.39,24.43,23.01,24.29,18721200
HDB,20081210,12.5,12.87,12.272,12.624,368200
HE,20081210,22.81,23.29,22.12,22.39,1142100
HE-U,20081210,24,24.25,24,24,4300
HEI,20081210,12.1979,12.5092,12.0299,12.2552,88500
HEI.A,20081210,11.0131,11.4739,10.9824,11.3766,157500
HEP,20081210,9.25,9.93,9.25,9.62,47600
HES,20081210,44.72,46.38,43.69,44.69,6410800
HF,20081210,2.76,3.05,2.76,2.98,79100
HFC,20081210,8.84,9.43,8.71,9.165,793100
HGG,20081210,6.9,6.9,6.23,6.35,332600
HGT,20081210,16.74,17.3,16.51,17.18,255100
HHS,20081210,6.28,6.55,6.15,6.44,196700
HI,20081210,16.24,16.91,16.15,16.71,190700
HIG,20081210,15.66,16.44,15.05,15.61,24154400
HIL,20081210,6.18,6.39,6,6.26,174100
HIO,20081210,3.56,3.64,3.51,3.55,189200
HIW,20081210,24.05,25.83,23.74,25.51,1288000
HIX,20081210,4.43,4.43,4.25,4.3,273400
HJV,20081210,12.4,12.66,12.1,12.46,1600
HK,20081210,16.57,18.54,16.32,17.59,9473200
HL,20081210,2.12,2.39,2.12,2.33,4045100
HL-B,20081210,34,34,34,34,500
HLF,20081210,9.235,9.505,9.075,9.305,623600
HLS,20081210,9.47,10.11,9.42,9.97,480800
HLX,20081210,6.07,7.07,6.07,6.76,2003900
HMC,20081210,21.64,22.37,21.6,22.14,5119000
HMN,20081210,9.22,9.56,8.85,9.04,440900
HMY,20081210,9.78,10.34,9.77,10.21,3397400
HNI,20081210,14.88,15.58,14.75,15.22,252900
HNP,20081210,27.57,28,27.21,27.79,387400
HNR,20081210,21.36,22.16,20.6,21.2,243900
HOG,20081210,16.96,17.86,16.78,17.8,3453000
HON,20081210,28.05,29.78,28.02,28.91,9602700
HOS,20081210,15.67,16.44,15.04,15.84,414500
HOV,20081210,2.4,2.6,2.36,2.57,1771600
HP,20081210,21.55,23.28,21.46,22.67,2569200
HPF,20081210,11.02,11.48,11.02,11.39,52100
HPI,20081210,11.96,12.42,11.9,12.42,97400
HPQ,20081210,15.5,16.1409,15.5,15.9545,14191200
HPS,20081210,8.95,9.34,8.95,9.3,84200
HQH,20081210,10.04,10.1,9.88,9.98,40000
HQL,20081210,8.52,8.52,7.74,7.96,51200
HR,20081210,20.57,21.74,19.74,21.51,1139200
HRB,20081210,19.78,20.7,19.52,20.29,3078300
HRC,20081210,20.31,20.65,20,20.37,477100
HRL,20081210,7.015,7.19,6.97,7.14,883000
HRS,20081210,36.04,36.9,35.71,36.34,1016400
HSC,20081210,24.59,25.69,24.36,25.34,564500
HST,20081210,7.26,7.74,6.98,7.62,17287900
HSY,20081210,34.99,35.69,34.84,35.6,1163000
HT,20081210,2.85,3.05,2.85,3,647700
HTD,20081210,9.95,10.05,9.71,9.96,131100
HTH,20081210,9.16,9.28,9,9.1,347200
HTY,20081210,9.9,9.94,9.27,9.55,40700
HTZ,20081210,14.44,14.6,13.72,14.32,1612100
HUM,20081210,30.09,31.1,29.22,30.03,1749500
HUN,20081210,5.91,6.02,5.67,5.82,1028100
HVT,20081210,8.34,8.55,8.28,8.43,208300
HVT.A,20081210,8.33,8.33,8.33,8.33,0
HW,20081210,7.65,7.75,7.09,7.63,537700
HXL,20081210,7.67,7.88,7.39,7.73,969200
HYB,20081210,0.74,0.86,0.73,0.76,292300
HYH,20081210,15.85,15.85,15.5,15.84,800
HYI,20081210,2.72,2.73,2.59,2.61,44500
HYT,20081210,5.5,5.62,5.4,5.61,220900
HZO,20081210,3.55,3.97,3.53,3.81,122400
IAE,20081210,10.5,10.7,10.47,10.7,82900
IAG,20081210,4.44,4.97,4.44,4.73,2376600
IBA,20081210,15.78,15.78,15,15.7,7200
IBM,20081210,83.95,84.99,81.83,82.86,8187200
IBN,20081210,3.26,3.432,3.21,3.404,3468300
ICB,20081210,12.17,12.6,12,12.6,15600
ICE,20081210,15.744,15.79,14.65,15.494,1643500
IDA,20081210,29.49,29.51,28.63,28.99,656600
IDT,20081210,0.72,0.72,0.62,0.64,359800
IEX,20081210,22.78,23.39,22.37,22.95,448900
IFF,20081210,30.59,31.18,30.28,30.81,689900
IFN,20081210,17.52,17.99,17.34,17.96,530300
IGA,20081210,9.92,10.08,9.84,10.08,131700
IGD,20081210,8.73,8.85,8.52,8.65,332800
IGR,20081210,3.41,3.55,3.3,3.42,631700
IGT,20081210,11.1,11.21,10.69,11.09,2879800
IHC,20081210,4.97,5.14,4.39,4.54,9500
IHG,20081210,9.78,10.164,9.756,10.08,88800
IID,20081210,7.46,7.62,7.36,7.62,36000
IIF,20081210,13.99,13.99,13.32,13.6,149200
IIM,20081210,9.18,9.22,8.68,8.97,66200
IMAX,20081210,2.65,2.78,2.65,2.75,96800
IMN,20081210,13.49,14.13,12.94,13,255600
INB,20081210,7.15,7.41,6.94,7.16,90900
ING,20081210,9.34,9.6,9.3,9.51,1212300
INT,20081210,18.255,19.74,18.02,19.075,689300
INZ,20081210,11.05,11.79,11.05,11.16,87300
IO,20081210,44.25,46.95,42.3,45.45,1876300
IOC,20081210,13.05,13.5,12.25,13.5,258300
IP,20081210,12.4,13.19,12.4,12.96,4818900
IPG,20081210,3.98,3.98,3.61,3.88,6248100
IPI,20081210,17.39,18.74,17.13,18.24,1615300
IQI,20081210,7.66,7.7,7.57,7.58,77400
IR,20081210,16.32,17.03,16.21,16.67,3800600
IRL,20081210,4.41,4.5,4.4,4.4,16900
IRM,20081210,18.83,18.98,18.45,18.93,1051000
IRR,20081210,12.36,12.58,12.35,12.56,117200
IRS,20081210,3.3,3.46,3.1,3.4,164400
ISF,20081210,9.46,10,9.42,9.64,70200
ISG,20081210,10.02,10.18,9.86,9.98,78800
ISP,20081210,9.51,10,9.51,9.76,51200
IT,20081210,16.37,17.17,16.22,16.61,800300
ITG,20081210,18.32,20.16,18.08,20.05,558100
ITT,20081210,21.505,22.035,21.24,21.775,1626000
ITW,20081210,32.51,32.88,32.11,32.49,5367700
IVC,20081210,14.45,15.04,14.27,14.52,162900
IVZ,20081210,12.57,13,12.1,12.77,3106600
IX,20081210,24.26,26.58,24.26,26.09,100700
JBK,20081210,10.35,10.35,10.35,10.35,4400
JBL,20081210,6.97,7.06,6.64,6.81,2819900
JBR,20081210,10.6,10.6,10.6,10.6,1200
JBT,20081210,8.5,8.5,7.85,7.89,130100
JCE,20081210,9.13,9.39,9.01,9.28,104800
JCI,20081210,19.69,20.7,19.37,20.36,5296800
JCP,20081210,21.31,22.43,20.62,22.3,4369600
JDD,20081210,5.28,5.43,5.27,5.38,60900
JEC,20081210,52.56,53.95,50.8,53.18,4295000
JEQ,20081210,4.56,4.61,4.49,4.57,153900
JFC,20081210,9.77,9.77,9.05,9.25,59400
JFR,20081210,4.75,5.13,4.74,5.06,610400
JHI,20081210,12.85,13.11,12.56,12.86,9000
JHS,20081210,9.38,9.38,8.94,9.38,19600
JHX,20081210,14.19,14.19,14.14,14.14,1000
JLL,20081210,26.54,27.24,25.49,27.02,722500
JMP,20081210,4.45,4.69,4.41,4.68,9700
JNJ,20081210,58.82,58.82,56.84,57.8,13131900
JNPR,20081210,17.58,18.18,17.44,17.79,8712400
JNS,20081210,8.13,8.21,7.63,7.96,2572600
JOE,20081210,29.44,29.49,26.21,27.46,2035500
JOF,20081210,6.32,6.65,6.32,6.59,100400
JOY,20081210,22.26,22.69,20.9,22,4151400
JPC,20081210,3.73,3.85,3.65,3.84,365800
JPM,20081210,34.4,34.96,33.08,33.52,47933400
JPM-E,20081210,41.3,41.9,41.3,41.9,500
JPM-F,20081210,37.5,38.2,37.5,38,3500
JPM-G,20081210,40.7,48.88,39.5,41.1,34800
JPS,20081210,4.31,4.31,3.91,4.17,480400
JQC,20081210,3.9,3.98,3.85,3.96,445900
JRO,20081210,4.6,4.78,4.5,4.76,190500
JTA,20081210,6.89,7.17,6.87,7.12,85300
JTD,20081210,7.63,7.69,7.47,7.67,51200
JW.A,20081210,31.88,33.68,31.75,33.03,337100
JW.B,20081210,32.5,33.5,32.5,32.86,3300
JWN,20081210,12.65,13.95,12.57,12.99,6517300
K,20081210,42.39,43.06,41.36,42,2783300
KAI,20081210,13.88,14.59,13.74,14.4,40900
KB,20081210,25.17,26.32,25.1,26.15,632100
KBH,20081210,13.86,14.2,12.97,14.02,3322700
KBR,20081210,14.64,15.75,14.64,15.38,5183000
KCC,20081210,15.21,15.21,13.9,14.41,2500
KED,20081210,9.11,9.26,8.62,9.05,76000
KEF,20081210,4.97,5.12,4.76,5.1,87600
KEG,20081210,4.93,5.13,4.75,4.94,1064500
KEM,20081210,0.75,1.05,0.75,0.99,183500
KEP,20081210,11.19,11.73,11.12,11.63,1543200
KEX,20081210,25.57,26.96,25.36,25.78,783500
KEY,20081210,8.59,8.75,8.18,8.64,5277200
KEY-G,20081210,72.63,72.63,70,72,2100
KF,20081210,102.2,105.6,102.2,105.6,14100
KFS,20081210,4.84,4.88,4.43,4.51,70500
KFY,20081210,11.77,12.04,11.24,12.01,543200
KGC,20081210,15.65,16.81,15.65,16.31,15542900
KIM,20081210,16.49,18.7,16.22,18.2,6744300
KMB,20081210,50.0288,50.8533,49.233,49.7124,3135900
KMM,20081210,4.97,5.06,4.84,5.01,72100
KMT,20081210,19.51,20.15,19.18,19.76,670100
KMX,20081210,8.26,8.91,8.14,8.58,1749800
KND,20081210,11.38,11.95,11.23,11.85,258600
KNL,20081210,9.46,9.73,9.02,9.21,535800
KNX,20081210,14.06,14.59,13.65,14.4,1192900
KO,20081210,22.235,22.94,22.235,22.655,14683300
KOF,20081210,38.08,38.94,37.77,38.47,92000
KOP,20081210,21.5,22.81,21.08,22.23,314100
KOS,20081210,21.5,22.25,21.5,21.9,4600
KR,20081210,12.81,13.21,12.74,13.13,10826100
KRC,20081210,31.75,33.83,31.05,33.27,923300
KRG,20081210,19.64,20.76,19,19.2,407900
KRO,20081210,5.005,5.395,4.64,4.95,22200
KSM,20081210,7.45,7.5,7.27,7.34,21500
KSS,20081210,36.58,37.32,35.73,37.01,4486300
KST,20081210,6.75,6.96,6.5,6.71,23900
KSU,20081210,19.68,20.58,19.54,20.36,945200
KSU.P,20081210,21.74,21.74,21.74,21.74,0
KT,20081210,12.73,13.1,12.71,13.02,1084300
KTF,20081210,7.4,7.43,7.08,7.09,76500
KTH,20081210,22.5,25,22.5,25,4000
KTN,20081210,16.22,16.46,16.14,16.46,1000
KTP,20081210,15.3,15.3,14.89,14.89,1700
KW,20081210,9,9,9,9,0
KWR,20081210,12.72,13.45,11.84,12.11,95400
KYE,20081210,9.98,11.58,9.92,11.48,304900
KYN,20081210,13.47,14.66,13.35,14.39,320300
KYO,20081210,35.225,36,35.185,35.815,21800
L,20081210,27.08,28.5,26.69,28,2229100
LAD,20081210,3.93,4.09,3.78,3.91,157400
LAZ,20081210,28.69,30.15,27.97,29.49,1229200
LBF,20081210,4.31,4.6,4.27,4.35,47900
LCM,20081210,7.2,7.3,7.15,7.21,61800
LDF,20081210,10.55,11.16,10.55,11.16,13800
LDL,20081210,4.69,5.35,4.67,4.83,83400
LDR,20081210,62.17,64.04,61.44,62.5,58400
LEA,20081210,1.21,1.255,1.01,1.19,3139000
LEE,20081210,0.36,0.44,0.36,0.4,597100
LEG,20081210,15.04,15.42,14.83,15.25,1760300
LEN,20081210,9.05,9.78,8.71,9.69,5426500
LEN.B,20081210,6.75,7.39,6.37,7.25,56500
LEO,20081210,5.07,5.09,4.97,4.97,125900
LFC,20081210,15.6067,15.9133,15.4867,15.83,1906000
LFL,20081210,8.48,8.65,8.32,8.62,355600
LGF,20081210,6.64,6.73,6.3,6.41,585700
LGI,20081210,10.76,10.99,10.76,10.89,61300
LH,20081210,62.39,62.99,61.79,62.73,921200
LHO,20081210,9.72,11.38,9.72,11.18,1820000
LII,20081210,30.77,31.6,30.01,30.33,516900
LL,20081210,10.33,11,10.33,10.78,104700
LLL,20081210,69.88,70.89,68.45,69.7,1097600
LLY,20081210,34.93,35.58,34.64,35.01,4854100
LM,20081210,18.7,20,18.25,19.91,4367800
LMT,20081210,80.56,82,77.84,79.19,2848700
LNC,20081210,16.51,17.52,15.59,16.77,6536000
LNN,20081210,38.59,41.49,38.25,40.74,246400
LNT,20081210,14.97,15.44,14.95,15.175,929900
LOR,20081210,7.33,7.5,7.27,7.33,40700
LOW,20081210,22.21,23.13,21.82,22.79,14132900
LPL,20081210,8.26,8.68,8.26,8.61,723000
LPX,20081210,1.66,1.82,1.66,1.8,2004600
LSI,20081210,3.27,3.52,3.19,3.23,7356300
LTC,20081210,17.99,18.97,17.97,18.6,213600
LUB,20081210,5.31,5.53,5.14,5.39,38400
LUK,20081210,19.5,20.32,19.5,20.19,1589200
LUV,20081210,8.36,8.44,7.76,7.88,14645400
LUX,20081210,19.11,19.36,18.89,19,472400
LVLT,20081210,11.55,12,11.1,11.55,9333700
LVS,20081210,5.66,5.94,5.12,5.31,14118800
LXP,20081210,4.19,4.64,4.19,4.63,1098700
LXP-C,20081210,14.75,14.75,14.75,14.75,0
LXU,20081210,8.97,9.07,8.49,8.81,344700
LYG,20081210,9.81,10,9.63,9.86,786700
LYV,20081210,3.7,3.84,3.63,3.83,585800
LZB,20081210,2.73,2.94,2.69,2.9,290900
M,20081210,8.84,9.38,8.54,8.84,17194600
MA,20081210,14.177,14.517,13.817,14.5,2404500
MAA,20081210,35.92,37.8,34.81,37.78,464200
MAC,20081210,13.18,14.55,13.01,14.45,3494100
MAIN,20081210,10.12,10.49,9.26,9.63,12600
MAN,20081210,32.26,33.48,31.76,32.71,740500
MAS,20081210,10.27,10.34,10,10.25,4985700
MAV,20081210,7.85,7.9,7.39,7.47,73200
MBI,20081210,7.07,7.24,6.82,7.02,4983000
MBT,20081210,12.204,13.332,12.032,13.096,2433500
MCA,20081210,7.99,7.99,7.81,7.84,108100
MCD,20081210,60.22,61.93,59.76,61.66,11411200
MCI,20081210,10.745,10.745,10.25,10.255,2700
MCK,20081210,34.31,34.5,33.18,33.56,2138400
MCN,20081210,5.85,6,5.73,5.79,70100
MCO,20081210,22.34,23.16,21.65,22.41,1521300
MCR,20081210,6.7,6.75,6.5,6.54,115800
MCS,20081210,12.26,13.52,11.94,13.13,94500
MCY,20081210,44,44.72,43.29,44.38,220900
MDC,20081210,31.77,32.52,30.65,32.37,816200
MDP,20081210,16.53,17.05,16.12,16.35,452600
MDR,20081210,8.78,9.27,8.43,9.04,6620600
MDT,20081210,31.04,31.4,30.52,30.85,6851600
MDU,20081210,20.83,21.5,20.73,21.38,1286700
MED,20081210,4.75,4.9,4.66,4.8,54100
MEG,20081210,1.69,1.89,1.6,1.77,1036700
MEI,20081210,8.3,8.98,8.12,8.73,204200
MEN,20081210,6.85,7.05,6.65,6.66,114100
MER-K,20081210,15.49,15.49,14.55,14.55,51900
MER-P,20081210,17.55,17.75,17.07,17.28,44600
MET,20081210,32.72,33.15,30.74,31.54,9729500
MET-A,20081210,10.35,11.14,9.99,10.64,41400
MFA,20081210,5.53,6.01,5.53,5.75,2108700
MFC,20081210,16.55,16.55,15.53,15.79,2869200
MFD,20081210,8.78,8.95,8.75,8.95,50700
MFG,20081210,4.91,4.91,4.8,4.91,503600
MFL,20081210,8.01,8.22,7.81,8.07,80000
MFM,20081210,4.05,4.05,3.85,3.92,47600
MFT,20081210,7.66,7.83,7.56,7.75,32900
MFV,20081210,3.73,3.73,3.54,3.54,2400
MGA,20081210,7.7275,7.99,7.5975,7.845,639800
MGF,20081210,7.59,7.8,7.37,7.49,121300
MGM,20081210,11.15,11.3,10.76,11.05,2338100
MGU,20081210,10.53,10.65,9.66,10.5,306800
MHD,20081210,9.21,9.21,8.96,9.05,31700
MHF,20081210,6.27,6.57,6.27,6.4,63400
MHI,20081210,7.79,7.9,7.66,7.83,119800
MHK,20081210,36.44,37.51,36.08,37.36,634700
MHN,20081210,7.86,7.88,7.75,7.77,70800
MHO,20081210,10.71,11.57,10.5,11.44,135000
MHO-A,20081210,6.6,6.6,6.4,6.6,1500
MIC,20081210,3.75,3.8,3.5,3.61,526400
MIN,20081210,6.03,6.03,5.94,5.96,279200
MIY,20081210,8.75,8.75,8.51,8.61,26800
MKC,20081210,29.25,29.5,28.74,29.22,776300
MKC.V,20081210,29.24,29.25,29,29,300
MKL,20081210,303.4,311.71,303,307.34,40300
MLI,20081210,11.05,11.485,10.825,11.27,182000
MLM,20081210,98,101.44,95.51,98.35,736000
MLP,20081210,8.4,8.63,8.1,8.3,21500
MLR,20081210,5.65,5.75,5.56,5.7,29200
MMC,20081210,24.37,24.61,23.32,23.9,3582700
MMM,20081210,56.91,58.29,56.47,57.52,5391500
MMP,20081210,15.115,16.19,14.88,15.6,336700
MMS,20081210,8.445,8.68,8.325,8.59,308900
MMT,20081210,4.61,4.61,4.44,4.52,154800
MMU,20081210,8.5,8.55,8.05,8.19,106400
MNE,20081210,8.74,8.74,8.04,8.11,18900
MNI,20081210,23.8,25.1,22.5,22.7,356000
MNP,20081210,8.7,8.7,8.32,8.41,41000
MO,20081210,15.03,15.13,14.93,15.06,18440500
MOD,20081210,5.13,5.35,4.78,4.97,170800
MOG.A,20081210,32.83,33.56,31.93,32.88,156500
MOG.B,20081210,33.25,33.34,32.75,32.94,400
MOH,20081210,12.6533,12.9867,10.9067,11.7267,832300
MON,20081210,83.75,84.39,80.25,81,6237700
MOS,20081210,32.81,34.94,32.81,34.29,9190400
MOV,20081210,9.31,9.52,7.38,8.04,846400
MP-D,20081210,20.14,20.17,20.14,20.17,200
MPA,20081210,8.51,8.52,8.35,8.35,7700
MPG,20081210,2.11,2.25,2.05,2.15,636400
MPV,20081210,9.9,9.9,9.65,9.8,6100
MPW,20081210,6.62,6.97,6.55,6.84,866600
MPX,20081210,5.19,5.55,4.85,4.88,83200
MQT,20081210,7.2,7.2,7.1,7.18,69800
MQY,20081210,8.51,9.08,8.51,8.98,118300
MRK,20081210,26.41,27.41,26.41,26.98,13205200
MRO,20081210,24.99,25.61,24.54,25.44,9594400
MRT,20081210,2.4,2.6,2.29,2.6,58200
MS,20081210,15.35,15.5,14.01,14.6,21314600
MS-A,20081210,10.7,10.7,10.05,10.65,18000
MSA,20081210,24.05,24.81,23.75,24.26,144300
MSB,20081210,8.94,9.3,8.9,9.2,49700
MSCI,20081210,16.15,16.93,15.85,16.77,378700
MSD,20081210,6.22,6.45,6.2,6.28,92400
MSF,20081210,8.9,9.24,8.9,9,53900
MSI,20081210,28.84,29.89,28.84,29.54,12703600
MSM,20081210,34.3,35.85,33.88,34.75,619400
MSP,20081210,8.26,8.43,8.18,8.43,19600
MT,20081210,24.81,26.2,24.78,25.98,6524000
MTB,20081210,65.26,66.76,62.48,64.82,931900
MTD,20081210,74.7,77.22,74.1,75.16,363600
MTG,20081210,2.32,2.74,2.17,2.21,4380500
MTH,20081210,13.81,15.04,12.89,14.97,788600
MTL,20081210,12,12,11.06,11.6,4480500
MTN,20081210,20.34,21.12,19.86,20.71,200700
MTR,20081210,40.2,40.75,39.85,40.7,2400
MTRN,20081210,12.3,13.55,12.3,13.14,183900
MTU,20081210,5,5.02,4.87,5.02,10486600
MTW,20081210,9.01,10.2,9,9.88,7283300
MTX,20081210,23.19,24.14,22.995,23.545,165000
MTZ,20081210,9.59,9.73,8.51,8.84,647400
MUA,20081210,9.17,9.17,8.92,8.95,30000
MUC,20081210,7.8,7.89,7.53,7.72,189200
MUE,20081210,7.75,7.89,7.7,7.79,71300
MUH,20081210,8.35,8.35,8.16,8.24,21000
MUI,20081210,9.22,9.56,9.01,9.39,103200
MUJ,20081210,9.29,9.45,9.05,9.45,59300
MUR,20081210,42.09,44.12,41.67,43.97,2151700
MUS,20081210,7.6,7.72,7.5,7.62,72900
MVC,20081210,11.4,11.74,11.28,11.52,73700
MVO,20081210,8.45,8.45,8.25,8.36,29700
MVT,20081210,8.43,8.43,7.96,8.13,98500
MWA,20081210,6.32,6.62,6.14,6.34,1129200
MXE,20081210,11.5,12,11.5,12,1700
MXF,20081210,15.46,15.85,15.36,15.85,204300
MYC,20081210,7.75,7.99,7.64,7.89,132000
MYD,20081210,8.46,9.25,8.45,8.6,189400
MYE,20081210,6.79,7.3,6.74,7.1,80800
MYF,20081210,8.04,8.34,7.82,7.85,47200
MYI,20081210,7.91,8.8,7.64,8.8,370100
MYJ,20081210,9.48,9.51,9.1,9.35,36100
MYN,20081210,7.67,7.69,7.31,7.5,103400
MZF,20081210,7.33,7.54,7.32,7.34,22000
NAC,20081210,8.39,8.48,8.24,8.35,45300
NAD,20081210,8.75,8.94,8.66,8.67,136200
NAN,20081210,9.02,9.17,9,9,191500
NAT,20081210,33.16,34.49,32.65,34.12,1081200
NAV,20081210,23.66,24.95,23.1,24.04,910900
NAV-D,20081210,13.1,13.1,13.1,13.1,0
NAZ,20081210,9.58,9.58,9.1,9.49,6200
NBL,20081210,24.4,26.74,23.99,26.5,3325800
NBR,20081210,13,13.42,12.48,12.9,7344700
NC,20081210,37.66,39.22,37.5,38.47,34500
NCA,20081210,7.73,8.13,7.72,8.05,67200
NCI,20081210,19.33,19.53,18.19,18.59,1018500
NCR,20081210,13.25,13.53,12.92,13.07,2105600
NCS,20081210,73.55,73.95,71.2,73,228500
NCT,20081210,10.26,10.68,8.4,10.32,1033900
NCT-B,20081210,2.9,3.2,2.89,3.2,53000
NCT-C,20081210,2.55,2.6,2.55,2.6,11500
NCT-D,20081210,2.58,2.71,2.53,2.71,4300
NCV,20081210,3.27,3.55,3.27,3.38,431300
NCZ,20081210,3.15,3.34,3.15,3.3,336300
NE,20081210,24.75,26.5,24.75,26.29,4915100
NEE,20081210,45.95,46.11,44.26,45.33,3544900
NEM,20081210,33.52,35.99,33.41,35.38,11362600
NEU,20081210,35.95,38.27,35.81,37.8,133000
NFG,20081210,30.31,31.22,30.05,31.14,747400
NFJ,20081210,12.52,12.8,12.41,12.75,339200
NFX,20081210,20.11,22.11,20.11,21.54,2286300
NGG,20081210,48.06,48.63,47.68,48.37,289100
NGS,20081210,9.24,10.27,9.1,10,84300
NHI,20081210,24.43,25.93,24.43,25.9,55500
NI,20081210,11.21,11.44,11.06,11.3,3772600
NIE,20081210,10.79,11.32,10.75,11.16,71200
NIM,20081210,9.3,9.3,8.96,9.16,25900
NJR,20081210,18.75,18.9,18.05,18.345,697000
NKE,20081210,12.8975,12.9875,12.235,12.625,6364100
NL,20081210,12.7,13.01,12.51,13.01,29800
NLS,20081210,2.25,2.36,2.14,2.33,60400
NLY,20081210,14.4,14.88,13.78,14.88,14140000
NLY-A,20081210,19,19.06,18.5,18.5,10700
NM,20081210,3.1,3.33,2.8,2.87,3172900
NMI,20081210,9.99,10,9.86,9.92,11000
NMK-B,20081210,77.5,77.5,77.5,77.5,0
NMM,20081210,5.35,5.69,5.33,5.62,67800
NMR,20081210,7.62,7.7,7.42,7.57,661300
NMT,20081210,9.45,9.58,9.15,9.34,16900
NMY,20081210,9.23,9.66,8.99,9.1,58000
NNA,20081210,8.35,8.35,8.3,8.3,333900
NNC,20081210,10.12,10.25,9.72,10.19,20200
NNI,20081210,13.61,13.78,12.61,13.09,194000
NNN,20081210,14.1,15.14,13.27,15.12,1650500
NNY,20081210,8.19,8.3,8.08,8.08,20600
NOA,20081210,2.98,3.35,2.91,3.24,737300
NOC,20081210,41.67,42.48,41.2,41.78,2129600
NOK,20081210,15.05,15.46,14.87,15.22,18867800
NOV,20081210,24.76,25.77,24.06,25.25,6518500
NP,20081210,8.65,9.37,8.65,9.37,97900
NPK,20081210,66.62,69.99,65.07,69.05,33000
NPO,20081210,17.97,19.5,17.82,19.41,247000
NPV,20081210,11.09,11.09,10.8,10.83,10400
NQP,20081210,8.9,8.97,8.52,8.87,97400
NR,20081210,3.83,4,3.69,3.84,910800
NRF,20081210,8,8.16,7.6,8.16,542900
NRF-A,20081210,8.5,8.74,8.45,8.45,9200
NRF-B,20081210,8,8.28,8,8.25,23600
NRG,20081210,22.84,24.32,22.7,24.32,2767100
NRP,20081210,173.6,185.3,170,179.4,251500
NRT,20081210,23,23.38,22,22.07,23800
NS,20081210,40.94,42.92,39.55,42.9,362200
NSC,20081210,47.42,48.59,46.73,48.39,4408700
NSH,20081210,18.32,19.15,18.02,18.41,345100
NSL,20081210,3,3.01,2.89,2.97,137200
NSM,20081210,11.74,12.17,11.33,11.73,9023400
NSR,20081210,19.02,19.69,19,19.4,817900
NTC,20081210,10.44,10.44,10.18,10.43,4500
NTG,20081210,15.24,15.65,14.62,15.3,171100
NTL,20081210,4.9,4.94,4.8,4.94,4000
NTT,20081210,24.81,24.85,24.22,24.81,953800
NTX,20081210,10.67,11.08,10.67,10.8,22200
NTZ,20081210,1.79,1.95,1.75,1.9,10500
NUE,20081210,42.14,44,41.84,43.8,9647800
NUM,20081210,8.9,8.98,8.76,8.85,44200
NUO,20081210,11.09,11.6,11,11.25,4600
NUS,20081210,10.21,10.47,10.03,10.13,280100
NUV,20081210,8.3,8.4,8.21,8.33,290800
NVO,20081210,10.124,10.18,9.984,10.114,326100
NVR,20081210,450,470.53,435.78,463.32,77600
NVS,20081210,46.51,46.78,45.44,45.69,3432900
NW-C,20081210,10.6,11.2,10.6,10.61,8900
NWE,20081210,20.88,21.59,20.87,21.13,482500
NWL,20081210,13.16,13.23,12.75,13.02,2844800
NWN,20081210,45.2,45.9,44,44.84,289500
NWY,20081210,2.01,2.08,1.92,2.03,259100
NX,20081210,9.2,9.65,8.96,9.13,258800
NXC,20081210,12.48,12.48,11.92,11.92,13200
NXN,20081210,12.1,12.1,11.45,11.45,14400
NXP,20081210,13.01,13.03,12.75,12.84,56300
NXQ,20081210,11.94,12.03,11.86,12.03,66600
NXR,20081210,12.3,12.85,12.28,12.59,11200
NYT,20081210,7.42,7.5,6.78,7.29,1520900
O,20081210,21.32,22.6,20.94,22.47,2824300
OB,20081210,8.8,9.05,8.5,8.5,76000
OC,20081210,16.89,17.31,15.86,16.17,565600
OCN,20081210,8.23,8.4,8.07,8.24,679900
ODC,20081210,16.39,18.38,15.7,18.38,25500
OFC,20081210,29.18,30.3,28.49,30.23,1039300
OFG,20081210,8.28,8.28,6.98,7.3,435500
OFG-A,20081210,20.4,20.4,20.05,20.05,600
OFG-B,20081210,17.25,17.25,17.25,17.25,0
OGE,20081210,12.37,12.55,12.215,12.33,706100
OHI,20081210,13.79,14.93,13.79,14.9,409700
OI,20081210,21.12,21.78,20.56,21.52,1664300
OIA,20081210,5,5.09,4.76,5.02,51900
OII,20081210,12.28,12.965,12.28,12.88,1203300
OIS,20081210,18.79,19.27,18.34,19.12,925900
OKE,20081210,13.675,14.325,13.55,14.285,1063500
OKS,20081210,23.925,23.925,23.1,23.565,156000
OLN,20081210,17.13,18.32,17.01,18.03,1195900
OLP,20081210,8.9,8.9,7.53,8.05,142200
OMC,20081210,27.16,28.49,27,28.24,3058300
OME,20081210,3.9,4,3.68,3.68,115800
OMI,20081210,25.4933,25.8,24.6867,25.0933,416600
OMN,20081210,1.17,1.35,1.17,1.3,563400
OPY,20081210,10,12.34,9.69,12.1,61600
ORA,20081210,30.53,32.45,29.81,31.84,248400
ORCL,20081210,17.14,17.59,16.89,17.39,36795000
ORI,20081210,9.78,9.99,9.43,9.78,1311500
OSG,20081210,40.3,43,40.2,41.57,762600
OSK,20081210,7.7,8.29,7.62,7.9,1519700
OXM,20081210,6.46,6.85,5.54,5.67,325800
OXY,20081210,52.81,57.5,52.8,57.28,11147000
OZM,20081210,5.02,5.25,5.02,5.15,317700
PAA,20081210,16.39,17.315,16.265,16.625,684900
PAC,20081210,21.72,21.72,20.52,20.73,411000
PAG,20081210,7.47,7.82,7.34,7.62,547500
PAI,20081210,9.49,9.49,9.16,9.48,101700
PAY,20081210,3.94,4.14,3.86,3.96,1332200
PBH,20081210,8.21,8.5,8.09,8.25,143400
PBI,20081210,23.75,24.14,23.45,23.79,1008500
PBR,20081210,20.32,22.33,20.25,22.08,32550500
PBR.A,20081210,16.94,18.33,16.88,18.13,20230800
PBT,20081210,13.91,14.47,13.77,14.18,389900
PCF,20081210,4.5,4.65,4.4,4.51,60000
PCG,20081210,36.04,36.88,35.97,36.77,2274800
PCK,20081210,4.26,4.75,4.25,4.69,400100
PCM,20081210,5.54,5.75,5.38,5.56,36000
PCN,20081210,8.28,8.29,7.78,8.05,187300
PCQ,20081210,8.27,8.27,7.87,8.06,142600
PDS,20081210,6.78,6.9,6.49,6.72,1501900
PDT,20081210,6.5,6.52,6.36,6.43,118100
PEG,20081210,28.57,29.14,28.01,29.06,2675500
PEI,20081210,5.37,5.48,4.34,4.56,1337300
PEO,20081210,19.2,19.98,19.19,19.7,48100
PEP,20081210,52.62,53.47,52.27,53.01,5651100
PER,20081210,12.63,12.95,12.55,12.78,380700
PFD,20081210,5.5,5.53,5.41,5.5,34400
PFE,20081210,16.65,16.8,16.37,16.57,33920600
PFG,20081210,18.9,20.13,17.82,19.15,5085500
PFH,20081210,13.95,13.95,13.95,13.95,200
PFK,20081210,16.25,19.3,16.04,17.49,8400
PFL,20081210,5.52,5.8,5.52,5.78,76800
PFN,20081210,4.99,5.04,4.93,5.01,268000
PFO,20081210,3.7,3.8,3.6,3.7,30700
PFS,20081210,14.5,14.65,13.75,14.11,649500
PG,20081210,60.27,60.66,58.51,59.12,14783300
PGH,20081210,7.74,7.99,7.67,7.82,1361900
PGP,20081210,9.2,10.33,9.2,9.7,284200
PGR,20081210,15.15,15.72,15.02,15.46,6167700
PH,20081210,38.24,38.65,37.07,38.14,2389000
PHD,20081210,6.13,6.39,6.13,6.3,165000
PHG,20081210,17.5,18.03,17.47,17.95,1102700
PHH,20081210,8.93,9.05,8.39,8.8,300400
PHI,20081210,47.21,48.09,45.4,47.55,294700
PHK,20081210,3.91,3.95,3.62,3.79,578100
PHM,20081210,10.75,11.44,10.16,11.19,7632700
PHT,20081210,7.68,7.68,7.01,7.01,116900
PHX,20081210,21.97,23.06,21.52,23.06,25900
PII,20081210,13.68,14.2,13.5,13.66,549200
PIM,20081210,3.41,3.66,3.38,3.66,254700
PIR,20081210,0.5,0.5,0.44,0.45,790400
PIY,20081210,8.75,9.1,8.75,8.8,5200
PJC,20081210,33.45,34.63,32.7,34.47,368900
PJT,20081210,18.61,19,18.61,18.98,3700
PKD,20081210,2.94,3.05,2.91,2.99,748000
PKE,20081210,18.06,19.08,18.02,18.57,70000
PKG,20081210,12.91,13.48,12.81,13.19,1311700
PKI,20081210,16.65,16.9,16.19,16.42,1237300
PKO,20081210,14.15,14.34,13.91,14.1,29600
PKX,20081210,70.58,74.03,70.32,73.57,1065400
PKY,20081210,15,16.07,14.68,15.87,117500
PLD,20081210,19.39,21.49,19.35,21.31,3451200
PLT,20081210,12.31,12.81,12.09,12.32,327100
PM,20081210,41.95,42.69,41.42,42.3,10514400
PMC,20081210,14.68,14.97,14.42,14.65,265900
PMF,20081210,7.95,7.98,7.54,7.6,163700
PML,20081210,5.9,5.98,5.81,5.9,418500
PMM,20081210,4.42,4.77,4.41,4.76,197300
PMO,20081210,8.06,8.15,7.93,8.05,106900
PMX,20081210,6.02,6.07,5.76,5.83,188800
PNC,20081210,52.8,54,51.36,52.69,5325400
PNF,20081210,6.2,6.2,5.8,5.96,32700
PNI,20081210,6.4,6.51,6.26,6.41,38900
PNM,20081210,10.23,10.74,10.16,10.49,533600
PNR,20081210,24.22,25.14,24.02,24.72,921200
PNW,20081210,30.39,31.09,30.28,30.78,544800
POL,20081210,2.92,3.06,2.89,2.97,268000
POR,20081210,18.43,18.68,18.07,18.44,357600
POT,20081210,21.3,23.17,21.0867,23.1633,15892800
PPG,20081210,22.5,22.73,21.875,22.375,1168400
PPL,20081210,30.05,30.72,29.92,30.14,2622000
PPR,20081210,2.89,2.98,2.86,2.94,359900
PPT,20081210,3.35,3.62,3.34,3.62,535500
PQ,20081210,19.92,23.4,19.92,22.92,1491500
PRA,20081210,24.14,24.725,23.435,24,211600
PRO,20081210,5.49,6.06,5.35,5.94,43100
PRU,20081210,29.76,30.14,27.36,28.29,6612500
PSA,20081210,71.61,75.85,70.82,75.59,3196900
PSA-A,20081210,17.61,17.9,17.2,17.9,2600
PSA-B,20081210,19.95,20,19.15,19.66,7900
PSA-C,20081210,17.77,17.82,17.6,17.69,8600
PSA-D,20081210,16.5,17.2,16.42,17,6600
PSA-E,20081210,18.75,18.95,18.75,18.9,5200
PSA-V,20081210,20.35,20.85,20,20.63,5000
PSA-W,20081210,17.75,17.93,17.65,17.93,5700
PSA-X,20081210,17.22,20.52,17.22,19.8,16800
PSA-Z,20081210,16.95,17,16.7,17,5100
PSB,20081210,45.03,46.64,44.32,46.35,342500
PSO,20081210,9.58,9.78,9.43,9.6,272700
PTR,20081210,90.85,94.44,90.85,93.39,1615300
PTY,20081210,8,8.46,7.96,8.43,284200
PUK,20081210,11.07,11.55,10.77,11.24,330100
PUK-A,20081210,13.16,13.41,12.05,12.45,20400
PUK.P,20081210,12.32,12.32,10.97,11.85,30100
PVG,20081210,11.17,12.6,10.52,12.2,78400
PVH,20081210,20.19,20.69,19.19,19.74,721300
PWE,20081210,11.25,11.49,10.5,11.13,5179700
PWR,20081210,19.38,19.86,18.34,19.09,3971400
PX,20081210,56.79,59.57,56.79,58.59,3743900
PXD,20081210,17.41,18.38,17.2,18.13,1720500
PYN,20081210,5.25,5.34,5.16,5.22,100700
PYS,20081210,11.5,12.28,11.27,12.28,4000
PYT,20081210,7.4,8.24,7.4,8.24,6600
PZC,20081210,4.61,4.88,4.51,4.86,407800
PZE,20081210,2.935,3.25,2.935,3.23,277900
PZN,20081210,3.13,4,3.13,3.92,48200
Q,20081210,3.4,3.46,3.29,3.35,15260700
QTM,20081210,0.28,0.31,0.22,0.28,1882600
R,20081210,35.27,37,34.77,36.65,1499000
RAD,20081210,0.45,0.47,0.44,0.47,4261300
RAI,20081210,21,21.355,20.795,20.98,1171700
RAS,20081210,9.39,9.45,8.28,9.15,1139100
RAS-A,20081210,5.43,5.52,5.4,5.4,33300
RAS-B,20081210,5.79,5.94,5.79,5.94,500
RAS-C,20081210,5.9,5.9,5.75,5.75,3600
RBA,20081210,19.55,20.53,19.38,20.32,592700
RBC,20081210,33.8,34.82,33.4,33.74,447400
RBS,20081210,20.45,20.62,19.86,20.26,246700
RBS-F,20081210,11.33,11.49,10.63,11.09,6900
RBS-H,20081210,10.23,10.48,10.05,10.45,33300
RBS-L,20081210,8.62,8.83,8.04,8.39,85300
RBS-S,20081210,9.47,9.75,9,9.11,92300
RCI,20081210,28.67,28.67,27.34,27.57,574400
RCL,20081210,11.23,11.28,10.55,11.1,3784500
RCS,20081210,8.5,8.64,7.9,8.38,118800
RDC,20081210,15.4,16.74,15.34,16.16,3997400
RDN,20081210,3.49,3.5,3.15,3.38,827400
RDS.A,20081210,52.35,52.75,51.33,52.57,3555800
RDS.B,20081210,50.81,50.9,49.61,50.54,1872200
RDY,20081210,9.82,10.07,9.76,9.85,91400
RE,20081210,77.15,78.48,75.11,77.76,459400
REG,20081210,36.46,40.24,35.83,39.54,2065900
RES,20081210,4.12,4.3911,4.0578,4.28,176100
REV,20081210,6.84,6.91,6.16,6.39,255800
RF,20081210,9.25,9.4,8.71,8.97,7694200
RFI,20081210,6.84,7.31,6.84,7.27,38100
RGA,20081210,37.53,39.06,36.68,38.46,735300
RGC,20081210,10.1,10.63,9.66,9.98,1611100
RGR,20081210,6.46,6.57,6.21,6.42,25300
RGS,20081210,11.23,11.89,11.1,11.64,541200
RHI,20081210,19.42,20.13,19.06,19.75,2554200
RHT,20081210,12.33,12.35,11.7,11.91,2250800
RIG,20081210,55.1,58.67,54.82,57.08,10162600
RIO,20081210,21.755,23.625,21.43,23.625,14659600
RJF,20081210,18.5,19.97,18.41,19.01,1853200
RL,20081210,46.54,47.67,45.59,46.44,1959100
RLH,20081210,2.64,2.91,2.64,2.77,8200
RLI,20081210,29.425,29.99,28.53,29.335,141600
RMD,20081210,18.09,18.275,17.465,17.695,570500
RMT,20081210,5.16,5.33,5.02,5.24,92000
RNP,20081210,5.31,5.55,5.27,5.5,128200
RNR,20081210,47.41,48.12,46.44,47.48,532800
RNR-C,20081210,13.39,13.4,12.9,12.9,11700
ROG,20081210,29.19,30.66,29.03,30.01,99300
ROK,20081210,29.9,30.84,29.32,29.94,887700
ROL,20081210,6.9911,7.2383,6.939,7.0951,174800
ROP,20081210,42.62,43.15,40.83,41.26,1439800
RPM,20081210,13.15,13.46,13.03,13.32,1038400
RPT,20081210,5.73,6,5.71,5.95,88300
RQI,20081210,3.47,3.6,3.4,3.49,183700
RRC,20081210,35.32,39.4,35.32,38.84,3167700
RRD,20081210,12.47,12.77,12.16,12.5,2242200
RS,20081210,21.14,23.53,20.88,23.53,2189300
RSG,20081210,23.73,24.25,23.59,23.83,5173800
RSO,20081210,3.6,3.91,3.4,3.9,109700
RT,20081210,1.85,2,1.84,1.88,312200
RTN,20081210,51.64,52.44,51.28,51.74,3718300
RVT,20081210,7.69,7.81,7.46,7.62,228300
RWT,20081210,14.1,14.92,13.17,14.81,580600
RY,20081210,28.1,28.39,27.33,27.92,1709000
RYN,20081210,19.92,21.24,19.8667,21.0533,1314800
S,20081210,2.62,2.65,2.34,2.42,26709100
SAB,20081210,21,21,21,21,0
SAH,20081210,3.75,4.24,3.75,4.03,586900
SAM,20081210,30.2,30.74,29.46,29.79,140200
SAN,20081210,33.77,33.96,32.04,33.24,176400
SAP,20081210,35.59,35.59,34.08,34.79,5393700
SAR,20081210,18,20.5,18,20.5,12300
SB,20081210,5.39,6.62,5.27,6,228200
SBH,20081210,4.75,5.25,4.73,5.01,831800
SBR,20081210,39.61,40.9,39.6,40.8,31800
SBS,20081210,3.485,3.7217,3.485,3.6333,522200
SBW,20081210,7.45,7.65,7.32,7.39,86300
SCCO,20081210,15,15.5,14.52,15.18,5918600
SCD,20081210,6.7,6.82,6.61,6.71,178400
SCG,20081210,34.13,35.35,33.96,34.73,1296300
SCI,20081210,5.19,5.43,5.12,5.38,2572100
SCL,20081210,20.24,21.345,20.115,21.035,73700
SCS,20081210,5.82,6.24,5.82,6.18,457500
SCX,20081210,16.42,16.63,14.88,15.29,19400
SD,20081210,6.26,6.95,6.03,6.72,3783700
SE,20081210,15.49,16.75,15.35,16.19,5667800
SEE,20081210,15.14,15.42,14.9,15.18,1271900
SEP,20081210,18.13,19.7,17.54,19.7,37100
SF,20081210,27.6067,28.3133,27.44,28.1333,375600
SFE,20081210,3.84,4.26,3.66,4.26,478800
SFL,20081210,11.84,12.71,11.73,12.22,1065000
SGF,20081210,7.36,7.4,7.17,7.23,63900
SGU,20081210,2.05,2.22,2.05,2.21,101800
SGY,20081210,125.9,137.3,125.5,131,1138800
SHG,20081210,24.9,26.05,24.9,25.8,151200
SHI,20081210,16.0333,16.4067,15.9933,16.32,79100
SHO,20081210,5.25,5.58,5.08,5.45,1951700
SHW,20081210,56.64,56.64,54.01,55.63,2436000
SID,20081210,5.7,6.05,5.7,5.935,5795900
SIG,20081210,8.31,8.64,8.26,8.42,229000
SIX,20081210,0.0925,0.0925,0.0825,0.085,393900
SJI,20081210,17.68,18.195,17.555,17.79,220600
SJM,20081210,41.37,41.95,40.85,41.34,1679100
SJR,20081210,17.62,17.67,16.54,16.9,411100
SJT,20081210,26.5,27.5,26,26.42,188400
SJW,20081210,25.26,26.05,24.85,25.22,54200
SKM,20081210,17.21,17.38,16.91,17.18,5382200
SKT,20081210,18.09,18.715,17.72,18.57,906600
SKX,20081210,3.7967,3.94,3.7033,3.76,428200
SLB,20081210,43.23,44.34,42.73,43.63,12758300
SLF,20081210,20.24,20.34,18.79,19.11,697500
SLG,20081210,22.61,24.82,21.67,22.72,3210100
SLW,20081210,3.87,4.15,3.77,4.04,8643400
SM,20081210,19.29,21.18,19.05,20.87,1096400
SMG,20081210,30.44,30.98,29.5,30.64,772400
SMI,20081210,1.83,1.995,1.83,1.995,442100
SMP,20081210,2.93,3.19,2.9,3.19,73300
SNA,20081210,38.73,39.14,38.25,38.74,701000
SNE,20081210,20.67,20.94,20.45,20.85,2055900
SNN,20081210,13.864,13.976,13.62,13.864,410500
SNP,20081210,53.0769,54.9385,53.0769,54.7154,780000
SNV,20081210,55.86,58.03,53.97,56.98,3675400
SNX,20081210,10.32,10.88,10.19,10.4,202200
SNY,20081210,29.37,29.53,28.8,29.18,1833500
SO,20081210,36.79,36.93,36.39,36.71,2955900
SOL,20081210,3.14,3.16,3,3.15,1406100
SON,20081210,24.6,25.46,24.36,24.84,765200
SOR,20081210,28.5,28.99,26.86,27.09,19900
SOV-C,20081210,15.12,15.37,15,15.1,5400
SPA,20081210,2.1,2.2,1.9,1.93,5300
SPG,20081210,52.39,55.8,51.53,55.66,6983500
SPG-J,20081210,48,48,47,47,700
SPH,20081210,29.81,30.44,29,30.23,132100
SPN,20081210,14.77,15.85,14.71,15.49,937000
SPR,20081210,9.6,9.81,8.88,9.21,1170500
SQM,20081210,22.5,22.99,21.89,22.89,1057200
SR,20081210,36.5,39.25,35.75,38.15,72500
SRE,20081210,43.35,44.61,43.26,44.48,1183900
SRI,20081210,3.86,4.19,3.81,4.1,87900
SRT,20081210,3.21,3.29,2.8,3.2,54700
SRV,20081210,6.73,7.4,6.71,6.93,175900
SSD,20081210,27.88,28.06,26.54,27.05,326700
SSI,20081210,6.37,7.06,6.21,6.87,308100
SSL,20081210,28.93,30.38,28.65,30.09,1297800
SSP,20081210,2.37,2.42,2.08,2.09,442800
SSW,20081210,9.76,10.1,9.01,9.57,917300
STC,20081210,15.26,15.5,14.26,14.96,104000
STE,20081210,27.08,27.23,25.75,26.19,1162500
STI,20081210,29.56,30.18,27,28.38,7290600
STI-A,20081210,11.01,11.02,10.49,10.75,5000
STJ,20081210,30.6,30.71,29.79,30.07,2591700
STL,20081210,11.74,12.38,11.6,12.27,103900
STM,20081210,6.61,6.75,6.57,6.7,1478700
STN,20081210,11.22,11.285,10.665,10.78,79400
STO,20081210,15.46,15.82,15.18,15.7,2349300
STT,20081210,42.35,43.59,40.7,41.76,4085800
STV,20081210,5.61,6.25,5.61,5.95,505800
STZ,20081210,14.38,15.04,14.32,14.96,2712800
STZ.B,20081210,14.58,15.04,14.58,14.87,1900
SU,20081210,19.82,21.25,19.37,21.1,10919000
SUI,20081210,12.31,13.11,12.31,13.06,189400
SUN,20081210,38.13,39.87,36.96,37.86,4002800
SUP,20081210,12.36,12.84,11.86,12.12,224700
SVU,20081210,11.31,12.46,11.29,12.4,2935200
SWC,20081210,3.17,3.58,3.17,3.41,1260800
SWK,20081210,33.34,34.79,33.21,34.32,969400
SWM,20081210,8.625,8.835,8.4,8.695,72800
SWN,20081210,30.6,31.64,29.91,30.68,5866200
SWX,20081210,24.08,24.31,23.43,23.77,324100
SWZ,20081210,10.25,10.31,10.06,10.3,54200
SXE,20081210,31.9,33.01,31.8,32.07,65000
SXI,20081210,19.67,20.27,19.32,19.66,79600
SXL,20081210,7.5,7.5,7.2134,7.32,67000
SXT,20081210,23.84,24.66,23.63,24.34,382700
SYK,20081210,40.32,40.89,39.89,40.54,2426700
SYT,20081210,34.67,35.14,34.36,34.84,464800
SYX,20081210,10.76,11.24,10.75,10.96,47300
SYY,20081210,22.45,22.7,21.99,22.39,6506800
T,20081210,29.36,29.68,27.63,28.08,44520200
TAC,20081210,17.49,17.55,17.08,17.49,43100
TAL,20081210,12.87,13.38,12.45,12.64,95900
TAP,20081210,41.08,44.73,41.08,44.57,1772600
TAP.A,20081210,41.42,43.5,41.42,43.5,700
TBI,20081210,8.51,8.81,8.39,8.76,252100
TCAP,20081210,10.18,10.75,10.18,10.69,10000
TCB,20081210,14.1,14.46,13.71,14.23,1505200
TCI,20081210,11.53,11.53,11.53,11.53,0
TCO,20081210,27.49,30.09,27.28,29.92,1601800
TD,20081210,17.175,17.175,16.34,16.81,1447100
TDA,20081210,13.5,13.85,13.3,13.6,31600
TDC,20081210,14.42,14.82,14.42,14.77,854900
TDF,20081210,15.72,16.08,15.72,16.07,166400
TDG,20081210,33.52,34.19,32.74,33.58,347300
TDI,20081210,12.52,12.9,12.25,12.9,2600
TDS,20081210,32.4,33.53,31.62,32.1,559200
TDW,20081210,38.94,39.75,37.94,39.46,745300
TDY,20081210,39.94,41.78,39.31,41.02,203800
TEF,20081210,20.9633,21.2667,20.84,21.1967,689800
TEI,20081210,8.01,8.43,8.01,8.36,311600
TEL,20081210,16.9,17.18,16.57,16.88,2899400
TEN,20081210,2.79,2.92,2.57,2.8,718100
TEO,20081210,8.34,8.91,8.21,8.58,415100
TER,20081210,4.09,4.35,4.05,4.2,2901800
TEVA,20081210,42.64,43.41,42.02,42.47,8950300
TEX,20081210,17.32,17.75,16.8,17.6,3581700
TFX,20081210,46,47.76,46,46.41,362000
TG,20081210,16.56,17.3,16.24,17.18,251600
TGH,20081210,9.3,9.89,8.71,9.08,68700
TGI,20081210,18.015,19.39,18,18.85,181100
TGP,20081210,10.48,11.05,10.47,10.72,165700
TGS,20081210,2.01,2.11,2.01,2.11,21300
TGT,20081210,38.47,39.13,36.81,38.85,14277000
THC,20081210,6.08,6.2,5.44,5.64,4889900
THG,20081210,38.76,39.77,38.47,39.29,233200
THO,20081210,14.06,14.28,13.84,14.2,593800
THS,20081210,22.17,22.55,21.22,21.66,404000
TI,20081210,14,14.23,13.89,14.09,264300
TI.A,20081210,8.85,8.91,8.53,8.66,270800
TIF,20081210,23.68,24.45,23.19,24.2,2022900
TJX,20081210,10.11,10.325,9.955,10.24,5155700
TK,20081210,16.64,17.49,16.34,16.7,845700
TKC,20081210,14.48,15.2,14.39,15.05,1068200
TKF,20081210,5.77,6.46,5.5,6.14,219900
TKR,20081210,16.15,17.02,15.98,16.75,1204400
TLI,20081210,5.25,5.29,5.06,5.22,72200
TLK,20081210,12.17,12.63,12.17,12.63,350300
TLP,20081210,13,13.25,12.55,12.74,51100
TM,20081210,62.63,63.45,61.78,63.4,1273700
TMK,20081210,17.1733,17.52,16.8045,17.1733,866100
TMO,20081210,35.19,35.58,33.69,34.18,4115100
TNC,20081210,23.75,24.13,23.18,24.07,131300
TNH,20081210,95.5,101,94,99.5,107800
TNK,20081210,9.66,10.53,9.66,10.45,220300
TNP,20081210,19.96,21.15,19.61,20.52,197000
TOL,20081210,20.47,21.5,19.8,21.47,4310400
TOO,20081210,9.5,9.95,9.38,9.65,80000
TOT,20081210,52.65,53.59,51.8,53.17,2561400
TPL,20081210,23.65,23.85,22,23.5,32900
TPX,20081210,7.23,8.16,7.02,7.73,1006300
TR,20081210,24.45,24.95,24.15,24.41,123300
TRC,20081210,27.58,28.66,27.35,27.95,130200
TRI,20081210,26.13,26.52,25.81,26.26,222400
TRK,20081210,14.9,15.59,14.87,15.29,104700
TRN,20081210,7.36,7.56,7.22,7.38,1590800
TRP,20081210,26.42,26.5,25.39,25.93,649300
TRR,20081210,2.05,2.05,1.9,1.93,7900
TRU,20081210,2.15,2.15,2,2,1200
TRV,20081210,42.59,42.59,39.86,40.59,4253200
TS,20081210,19.28,20.03,19.2,20.03,4104200
TSI,20081210,2.75,2.8,2.69,2.72,276700
TSL,20081210,3.98,4.125,3.885,4.05,591200
TSM,20081210,7.41,7.57,7.26,7.5,16811900
TSN,20081210,7.51,7.6,7.08,7.31,5015000
TSO,20081210,9.25,9.53,8.8,9.36,6478900
TSS,20081210,13.67,14.12,13.59,13.93,1014600
TSU,20081210,16.81,16.86,16.38,16.8,373500
TTC,20081210,7.92,7.9875,7.655,7.915,374700
TTF,20081210,5.22,5.42,5.21,5.41,75700
TTI,20081210,5.05,5.33,4.88,5.15,726900
TTM,20081210,4.49,4.56,4.3,4.56,1044800
TU,20081210,13.78,13.79,12.77,13.095,192900
TUP,20081210,18.82,19.72,18.82,19.37,981400
TV,20081210,16.11,16.45,15.92,16.39,2590700
TVC,20081210,25,25.14,24.96,25.1,11100
TVE,20081210,24.96,25.19,24.95,25.16,11600
TWI,20081210,8.31,8.58,7.87,8.21,356700
TWN,20081210,8.86,9.01,8.8,8.99,55300
TWX,20081210,28.71,30.72,28.53,30.48,34676600
TX,20081210,8.3,8.5,7.94,8.49,319800
TXT,20081210,15.05,15.26,14.36,14.95,3293000
TY,20081210,9.81,10.06,9.69,9.94,182600
TY.P,20081210,45.95,48.7,45.7,45.7,800
TYG,20081210,17.1,17.68,16.75,17.55,93500
TYL,20081210,13.99,14.47,13.85,13.89,299100
UA,20081210,3.4325,3.585,3.3725,3.4325,665600
UAL,20081210,10.69,10.84,10.03,10.36,7507500
UAM,20081210,10.86,11.25,10.74,11.14,354000
UBA,20081210,15.99,16.97,15.99,16.94,80700
UBP,20081210,14.36,15.16,14.36,15.16,1300
UBS,20081210,13.16,13.43,13.05,13.43,2002900
UDR,20081210,13.15,14.71,13.15,14.48,5701800
UFI,20081210,4.32,4.36,4.01,4.06,289600
UFS,20081210,10.3176,11.7,10.08,11.52,4925600
UGI,20081210,15.5333,15.88,15.3867,15.72,1204800
UGP,20081210,5.2125,5.36,5.1775,5.325,104200
UHS,20081210,17.185,17.57,16.91,17.005,920900
UHT,20081210,31.7,33.52,31.7,33.28,59300
UIS,20081210,6,6.5,5.8,5.8,4113800
UL,20081210,22.15,22.37,21.84,22.12,991400
UMC,20081210,1.74,1.94,1.74,1.93,6080500
UN,20081210,22.96,23.23,22.77,23.04,3300900
UNF,20081210,27.02,27.7,26.6,26.96,65700
UNH,20081210,21,21.81,20.89,21.57,7030500
UNM,20081210,15.98,16.39,15.35,16.1,4048200
UNP,20081210,23.695,24.68,23.22,24.525,7319300
UNT,20081210,26.36,27,25.62,26.43,777400
UPS,20081210,54.43,55.27,53.2,54.16,5862700
URI,20081210,7.15,7.59,6.83,7,1296600
USA,20081210,3.08,3.13,2.99,3.13,871700
USB,20081210,28.43,28.59,26.93,27.67,12888300
USB-H,20081210,12.01,12.01,11.82,12,93900
USG,20081210,9.1,9.82,8.99,9.55,1336700
USM,20081210,40.9,42.99,40.88,42.27,340000
USPH,20081210,11.29,11.96,11.15,11.4,62800
UTF,20081210,12.38,12.38,11.3,11.54,230200
UTI,20081210,18.49,19.75,18.4,19.69,340200
UTL,20081210,20.44,20.5,19.85,20.35,277500
UTX,20081210,48.45,48.97,47.21,48.01,7186800
UVV,20081210,31.92,33.5,31.63,33.35,219800
V,20081210,13.2875,13.4625,12.7375,13.29,7546600
VAL,20081210,17.16,17.56,17.05,17.24,1473900
VAR,20081210,38.18,39.16,37.77,38.23,1287700
VBF,20081210,15.59,15.6,15.35,15.52,30200
VC,20081210,0.54,0.57,0.47,0.5,852400
VCO,20081210,28.64,28.64,28.51,28.55,500
VCV,20081210,7.18,7.3,6.91,7.14,122300
VFC,20081210,13.63,13.7275,13.27,13.605,857900
VG,20081210,1.16,1.22,0.99,1.21,513400
VGM,20081210,7.91,8.08,7.72,7.77,209100
VGR,20081210,13.9,14.09,13.78,13.82,241500
VHI,20081210,4.45,4.8133,4.34,4.6667,46600
VIV,20081210,20.78,21.39,20.14,20.62,90800
VKQ,20081210,7.86,8.2,7.86,8.08,107600
VLO,20081210,19.5,20.25,18.91,19.61,11012700
VLT,20081210,6.3,6.6,6.3,6.4,33000
VLY,20081210,17.23,17.25,16.77,17.17,483200
VLY-A,20081210,20.4,20.85,20.1,20.8,2400
VMC,20081210,70.48,72.37,67.62,69.93,1808900
VMI,20081210,59.16,61.5,58.29,60.02,493900
VMO,20081210,7.64,7.84,7.5,7.75,182600
VMW,20081210,23.51,25.2,22.95,24.98,2225100
VNO,20081210,56.68,62.06,56.64,60.76,4157900
VNO-G,20081210,15.08,15.83,15.05,15.83,6300
VNO-I,20081210,16.65,16.65,15.87,16,7200
VPV,20081210,8.05,8.21,7.73,7.95,113400
VR,20081210,22.14,24,22.14,23.82,628500
VRS,20081210,1.16,1.2,1.1,1.19,54600
VRX,20081210,20.15,20.75,18.76,19.72,1887900
VSH,20081210,4.21,4.29,3.75,4.14,1794200
VTA,20081210,6.56,6.6,6.29,6.55,270600
VTN,20081210,7.92,7.96,7.75,7.85,25500
VTR,20081210,25.78,29.38,25.78,28.94,3420200
VVC,20081210,24.14,24.88,24.14,24.66,579700
VVI,20081210,26.2,27.65,26,26.91,84500
VVR,20081210,2.36,2.44,2.33,2.39,465200
VZ,20081210,33.87,34.08,32.66,32.74,26570000
WAB,20081210,20.48,21.925,20.215,21.52,977500
WAL,20081210,10.69,11.05,9.93,10.27,128400
WAT,20081210,41.02,42.69,40.66,41.2,876400
WBC,20081210,16.95,18.26,15.87,16.24,874100
WBK,20081210,11.15,11.2,10.602,10.85,46500
WBS,20081210,14.14,14.31,13.2,13.56,828600
WCC,20081210,17,17.92,16.72,17.33,682900
WCG,20081210,12.09,12.57,12.08,12.5,452100
WCN,20081210,19.7067,20.0467,19.52,19.8067,554500
WDR,20081210,12.93,13.38,12.46,13.08,914700
WEA,20081210,6.8,7.24,6.8,7.12,32100
WEC,20081210,20.55,20.995,20.285,20.815,878700
WES,20081210,12.24,13.2,11.92,13.06,100600
WF,20081210,16.38,17.25,16.29,16.9,26400
WFC,20081210,30.56,30.8,28.65,29.19,51133000
WFT,20081210,10.74,11.12,10.45,11.02,14887400
WG,20081210,8.08,9.12,8.08,9.04,949400
WGL,20081210,33.25,33.43,32.09,32.62,1015400
WGO,20081210,5.18,5.32,5.04,5.19,508100
WHG,20081210,28.68,29.23,27.5,28.62,15100
WHR,20081210,42.85,43.85,41.82,43.2,1190200
WIA,20081210,10.2,10.45,10.16,10.35,133000
WIT,20081210,4.752,4.752,4.482,4.632,487000
WIW,20081210,10.02,10.22,10.02,10.13,232800
WLK,20081210,7.58,7.69,7.4,7.605,446800
WLL,20081210,15.88,17.725,15.515,17.665,1164200
WM,20081210,30.36,30.62,29.27,30.26,5445800
WMB,20081210,14.18,15.27,14.1,14.87,7040400
WMK,20081210,30.55,32.22,30.26,30.73,70100
WMS,20081210,25.84,26.85,25.33,25.75,1016400
WMT,20081210,55.96,56.13,54.18,55.25,21339200
WNC,20081210,4.15,4.2,3.94,4.06,233300
WNR,20081210,7.08,7.49,6.93,7.32,546300
WNS,20081210,8.69,8.75,8.35,8.5,71500
WOR,20081210,13.37,14.15,13.37,13.89,1313200
WPC,20081210,21.5,22.18,21.34,22,40100
WPZ,20081210,13.1,14.41,13.1,14.02,272900
WR,20081210,18.69,19,18.4,18.69,1179300
WRB,20081210,28.01,28.46,27.57,28.17,1745400
WRE,20081210,27.16,28.83,26.66,28.66,1088300
WRI,20081210,17.71,19.14,17.35,19.12,2804700
WSM,20081210,8.11,8.75,7.88,8.59,1742100
WSO,20081210,37.05,38.11,36.3,37.4,390800
WST,20081210,18.65,19.195,18.325,18.625,152500
WTI,20081210,12.72,13.69,12.53,13.49,743500
WTM,20081210,260,260,249.98,250.1,20900
WTR,20081210,15.552,16.056,15.2,15.352,1339000
WTS,20081210,24.82,24.87,23.82,24.05,514200
WTW,20081210,28.56,29.15,28.39,29.05,308800
WU,20081210,13.18,13.74,12.96,13.51,7931300
WWE,20081210,11.97,12.4,11.9,12.34,204400
WWW,20081210,10.055,10.33,9.93,10.275,496800
WY,20081210,36.28,38.2,36.1,37.57,1479100
WYN,20081210,5.63,6.42,5.47,6.27,3801600
X,20081210,36.68,38,36.11,37.64,11509900
XCO,20081210,8.66,8.68,7.8,8.17,6953100
XEC,20081210,27,28.26,26.95,27.65,1374900
XEL,20081210,18.14,18.27,17.94,18.17,3032500
XIN,20081210,2.38,2.64,2.38,2.61,249400
XKE,20081210,2.1,2.1,2.1,2.1,100
XL,20081210,5.87,7.4,2.83,3.9,81740800
XOM,20081210,79.22,81.71,78.87,80.07,44090900
XRM,20081210,16.6,18.4,15.6,18.4,186200
XRX,20081210,7.56,7.81,7.26,7.49,6786800
Y,20081210,279,287.31,268.53,276.6,11300
YGE,20081210,49.5,53,45.2,51.8,4132400
YPF,20081210,48,48.5,47.9,48,1200
YUM,20081210,28.04,29.98,27.89,29.91,5847800
YZC,20081210,7.31,7.54,7.28,7.52,1613500
ZB-A,20081210,8.99,9,8.65,8.65,8700
ZF,20081210,10.8,10.92,10.64,10.8,213900
ZNH,20081210,6.23,6.23,6.23,6.23,0
ZTR,20081210,12.92,13,12.4,12.6,336600
