<ticker>,<date>,<open>,<high>,<low>,<close>,<vol>
A,20071115,33.71,34.95,33.56,33.7,2437000
AA,20071115,109.92,111.24,108.51,108.99,10687400
AAP,20071115,35.54,35.73,35.08,35.27,1158800
AAV,20071115,11.05,11.2,10.54,10.66,854100
AB,20071115,80.52,80.52,76.27,76.7,342300
ABB,20071115,28.06,28.17,27.43,27.75,3448400
ABC,20071115,22,22.42,22,22.185,1531700
ABG,20071115,17.79,17.79,17.33,17.53,301100
ABM,20071115,21.6,21.68,21.25,21.43,280000
ABR,20071115,17.71,18.14,17.55,17.66,350000
ABT,20071115,54.2,54.95,54.2,54.48,5746800
ABX,20071115,42.14,42.14,39.91,40.37,9241000
ACC,20071115,27.73,28.06,26.88,28.04,237100
ACH,20071115,57.62,57.62,55.11,55.73,1232100
ACM,20071115,29.85,30,29.25,29.55,357500
ACN,20071115,35.27,36.79,35,36.66,7167200
ACV,20071115,25.03,25.4,24.93,25.31,596300
ADC,20071115,33.21,33.95,32.2,33.91,83300
ADM,20071115,37.6,37.61,36.83,37.03,4496800
ADS,20071115,77.09,78.22,77.09,77.51,1592100
ADX,20071115,14.33,14.51,14.24,14.34,110100
AEB,20071115,20.2,20.2,19.85,19.98,43800
AED,20071115,21,21.4,20.87,20.9,67700
AEE,20071115,52.25,52.65,51.96,52.4,1154800
AEG,20071115,18.78,18.91,18.54,18.72,690800
AEH,20071115,20.82,20.99,20.54,20.54,86000
AEL,20071115,8.89,9.12,8.72,8.79,319500
AEM,20071115,50.5,50.5,48.77,49.49,2139500
AEO,20071115,22.85,23.25,22.15,22.46,4165400
AEP,20071115,45.98,46.64,45.98,46.24,1607700
AER,20071115,23.26,23.94,22.66,22.96,346600
AES,20071115,21.95,22.36,21.77,21.85,4304600
AES-C,20071115,49.5,49.5,48.76,49.11,4900
AET,20071115,54.81,55.62,54.73,54.85,2403900
AF,20071115,24.78,24.98,24.06,24.3,1164600
AFB,20071115,13.06,13.06,12.94,13.05,114800
AFC,20071115,19.5,19.8,19,19.3,70200
AFG,20071115,29.75,29.98,29.26,29.52,929000
AFL,20071115,58.46,58.7,56.59,57.16,3094600
AG,20071115,60.16,60.22,56.84,57.9,2722600
AGC,20071115,15.52,15.57,15.21,15.49,167000
AGCO,20071115,60.16,60.22,56.84,57.9,2722600
AGD,20071115,44.5,44.6,43.64,43.9,47500
AGM,20071115,26.85,27.7,26.75,27.47,128300
AGM.A,20071115,17.93,18.25,17.5,18.25,6300
AGN,20071115,65.02,65.64,64.13,64.21,1530200
AGO,20071115,21.82,22.04,20.45,21.22,1103700
AGU,20071115,56.39,56.48,53.3,54.52,2707300
AHL,20071115,28.14,28.38,27.81,28.18,957900
AHL-A,20071115,23,23.15,22.51,22.51,2900
AHT,20071115,8.19,8.34,8.06,8.31,1260800
AHT-A,20071115,21,21.15,20.76,20.76,15200
AHT-D,20071115,21.5,21.69,21,21.4,17100
AIB,20071115,212.2,214.45,209,210.5,535000
AIG,20071115,1181.4,1181.4,1120.4,1139,22246800
AIN,20071115,35.65,36.07,35.5,35.95,213200
AIR,20071115,30.69,30.94,30.19,30.6,275100
AIT,20071115,31.09,31.46,30.12,30.37,266200
AIV,20071115,37.99,38.65,37.8,38.46,1212200
AIZ,20071115,64.25,66.89,63.88,66.37,1621200
AJG,20071115,26.64,26.79,26.17,26.28,509400
AKO.A,20071115,17.3,17.62,16,16.49,3600
AKO.B,20071115,19.77,19.77,18.69,19.04,106900
AKP,20071115,13.69,13.69,13.54,13.59,11300
AKR,20071115,26.28,26.55,25.93,26.49,399000
AKS,20071115,44.86,44.86,42.03,42.31,3820400
ALB,20071115,42.86,43,41.61,42.06,1054000
ALE,20071115,41.65,42.28,41.48,42.08,172000
ALG,20071115,18.6,18.7,18.3,18.37,6500
ALJ,20071115,31.15,31.36,30.58,31.07,483100
ALK,20071115,6.1125,6.235,5.98,6.04,950800
ALL,20071115,53.95,54.6,52.91,53.21,5241100
ALP-O,20071115,23.45,23.45,22.89,22.89,800
ALV,20071115,60.98,61.2,59.81,60.07,590800
ALX,20071115,384.09,397.1,376.4,397.1,36500
AM,20071115,24.8,24.94,24.21,24.38,390400
AME,20071115,20.8489,20.88,20.1067,20.2445,649700
AMG,20071115,127.65,127.96,123.24,124.6,369200
AMN,20071115,101.04,103.05,97.83,98.35,57900
AMP,20071115,61.86,62.53,58.87,59.67,1645600
AMT,20071115,43.49,44.49,42.8,44.25,6380400
AMX,20071115,30,30,29.035,29.5,7157500
AN,20071115,17.05,17.17,16.76,16.84,2502200
ANF,20071115,76.44,76.92,75.04,75.9,2085100
ANH,20071115,6.94,7.12,6.64,7.1,886000
ANH-A,20071115,23.5,24,23.24,23.24,7100
ANH-B,20071115,18.25,18.75,17.35,18.15,8200
ANW,20071115,36.9,40.7,36.75,40.09,2581700
AOD,20071115,37,37,36.3,36.42,532500
AOI,20071115,44.6,45,41.7,42.4,987200
AON,20071115,47.2,47.66,46.28,46.77,1575300
AOS,20071115,5.8534,5.9984,5.655,5.705,320600
AP,20071115,37.1,37.74,35.97,36.37,144800
APA,20071115,99.12,99.72,96,97.2,3486900
APB,20071115,31.87,31.87,30.84,30.92,29800
APC,20071115,57.03,57.8,55.28,55.85,5457000
APD,20071115,96.65,97.4,94.84,95.57,1097600
APF,20071115,21.7,22.51,21.7,22.17,68600
APH,20071115,21.145,21.145,20.475,20.61,848700
APU,20071115,35.4,35.75,34.77,35,90200
ARA,20071115,73.5,74.91,71.54,72.15,483900
ARE,20071115,96.65,97.05,94.71,96.96,312900
ARL,20071115,8.7,8.76,8.67,8.76,4800
ARW,20071115,36.43,36.48,35.55,35.85,1058000
ASA,20071115,25.1933,25.4133,24.7533,24.77,118800
ASG,20071115,5.34,5.49,5.34,5.41,32900
ASH,20071115,52.96,53.2,50.72,51.11,1032700
ASR,20071115,57.93,57.93,55.69,56.29,99300
ASX,20071115,5.46,5.55,5.35,5.37,730400
ATI,20071115,94,95.7,90.86,92.15,2339900
ATO,20071115,27.07,27.21,26.8,27.21,602800
ATR,20071115,42.04,42.04,40.89,41.52,365200
ATU,20071115,33.66,34,32.35,32.54,531600
ATV,20071115,14.6,15.04,14.04,14.46,62700
ATW,20071115,40.405,40.405,37.975,38.745,753500
AU,20071115,45.12,46.19,43.96,44.3,2038800
AUO,20071115,19.99,20.23,19.54,19.62,2249200
AUY,20071115,13.1,13.28,12.76,12.94,7072700
AVA,20071115,20.22,20.45,20.07,20.45,403600
AVB,20071115,104.66,105.9,102.58,104,1168100
AVD,20071115,15.17,15.76,14.66,14.98,81400
AVK,20071115,24.4,24.4,22.59,23.49,108200
AVP,20071115,40.37,40.79,40.24,40.4,2277700
AVT,20071115,35.37,35.75,34.55,35.1,3148200
AVX,20071115,14.18,14.3,14.05,14.15,203400
AVY,20071115,51.06,53.13,50.3,52.41,5967900
AWF,20071115,12.48,12.6,12.37,12.45,319200
AWH,20071115,15.3333,15.4333,15.32,15.3667,70900
AWI,20071115,43.34,43.37,42.84,43.1,972600
AWP,20071115,14.57,14.64,14.24,14.38,509900
AWR,20071115,21.635,21.635,21.11,21.44,113300
AXE,20071115,66.79,67.2,65.24,66.21,403300
AXL,20071115,24.72,25.42,24.44,24.55,1123200
AXP,20071115,58.98,59.33,57.72,58.24,8275600
AXR,20071115,35.47,36.75,33.83,34.24,27000
AXS,20071115,36.88,37.2,36.65,36.92,1042500
AYI,20071115,36.86,37.25,36.13,37.04,1060300
AYR,20071115,28.66,29.24,28.15,28.36,384600
AZN,20071115,45.07,45.33,44.71,44.9,911700
AZO,20071115,114.52,115.87,113.5,113.97,831400
AZZ,20071115,14.31,14.585,13.715,14.085,163300
B,20071115,34.4,34.62,33.66,34.44,536700
BA,20071115,91.46,92.86,90.97,91.34,6701100
BAC,20071115,45.64,45.8,43.8,44.08,32014600
BAC-C,20071115,23.3,23.63,23.1,23.47,90100
BAC-D,20071115,22.5,23.17,22.15,22.35,153800
BAC-E,20071115,19.97,20.24,19.4,19.5,68500
BAC-I,20071115,23.67,23.67,23.05,23.05,17300
BAC-W,20071115,23.76,23.85,23.5,23.6,128700
BAC-Y,20071115,21.01,21.1,20.75,20.75,35900
BAF,20071115,12.7,12.74,12.6,12.6,18100
BAK,20071115,17.36,17.84,16.8,17.17,88200
BAM,20071115,22.7933,23.1733,22.34,22.9133,1989800
BAP,20071115,70.8,70.95,69.52,70.07,156200
BAS,20071115,18.9,19.18,18.78,19.06,263000
BAX,20071115,58.29,59,57.67,57.81,3136700
BBD,20071115,16.7629,16.9432,16.0417,16.3493,3256900
BBF,20071115,14.51,14.58,14.31,14.31,28000
BBG,20071115,41.1,41.33,39.61,40.17,502800
BBK,20071115,15.61,15.62,15.1,15.25,62300
BBL,20071115,65.07,67.25,64.9,65.98,648200
BBT,20071115,35.38,35.4,34,34.26,4063700
BBVA,20071115,24.62,24.72,24.14,24.34,1961200
BBW,20071115,16.33,16.37,15.75,16,246300
BBX,20071115,18.2,20,17.4,19.1,738900
BBY,20071115,46.54,47.4,45.88,46.34,5874800
BC,20071115,21.23,21.48,21.09,21.21,1724000
BCE,20071115,40.83,41.32,40.58,40.65,191900
BCH,20071115,49.5,49.5,48.43,48.43,3100
BCO,20071115,60.35,61.07,60.03,60.21,274800
BCR,20071115,84.73,85.54,83.96,84.27,532100
BCS,20071115,43.06,44.14,42.54,43,1313300
BCS-A,20071115,24.4,24.49,24,24.24,75700
BDC,20071115,49.64,50.49,48.86,49.41,699800
BDJ,20071115,11.61,11.74,11.5,11.5,237500
BDN,20071115,21.95,22.3,21.65,22.07,1102900
BDX,20071115,83.26,84.2,82.91,83.42,1876800
BEN,20071115,40.9533,41.2733,38.6867,39.2333,5070200
BEP,20071115,16.85,16.96,16.81,16.91,43900
BF.A,20071115,24.8334,24.8334,23.7367,23.7367,5800
BF.B,20071115,22.9267,23.07,22.59,22.6667,231300
BFK,20071115,14.58,14.59,14.27,14.31,122000
BFO,20071115,12.73,12.77,12.65,12.69,12800
BFR,20071115,8.6,9.15,8.6,9.05,43200
BFS,20071115,60.87,62.58,59.47,62.58,149900
BFZ,20071115,15.57,15.58,15.36,15.51,20900
BG,20071115,107.05,107.98,105.05,106.94,816100
BGC,20071115,75.11,75.57,72,72.64,1109600
BGE-B,20071115,21.54,21.64,21.02,21.35,11900
BGG,20071115,22.43,22.59,21.97,22.26,606700
BGH,20071115,28,29.86,28,29.49,138100
BGR,20071115,30.43,30.71,29.8,29.95,104100
BGS,20071115,11.43,11.96,11.31,11.74,139200
BGT,20071115,16.15,16.15,15.92,15.94,67600
BGY,20071115,16.5,16.53,16.04,16.2,446700
BHE,20071115,20.16,20.16,19.07,19.43,596300
BHI,20071115,81.33,82.2,77.92,78.71,6179700
BHK,20071115,12.06,12.07,11.98,12,61100
BHP,20071115,73.35,75.85,72.52,74.1,7928700
BID,20071115,38.24,39.18,37.5,38.27,7944900
BIF,20071115,9.43,9.5,9.37,9.5,18200
BIG,20071115,21.16,21.16,20.21,20.42,2244500
BJZ,20071115,14.3,14.67,14.25,14.48,47100
BK,20071115,46.61,47.06,45.39,45.73,6000700
BKD,20071115,29.58,29.77,28.44,28.79,794000
BKE,20071115,40.04,40.52,39.41,39.67,166500
BKH,20071115,40.64,41.14,40.3,40.96,254000
BKK,20071115,14.26,14.37,13.95,14.05,35900
BKN,20071115,14.6,14.69,14.53,14.6,67500
BKS,20071115,36.11,36.33,35.3,35.49,644000
BKT,20071115,5.55,5.67,5.55,5.66,169100
BLH,20071115,15.84,16.1,15.84,15.86,4800
BLK,20071115,196.01,197.34,194.61,196.5,495200
BLL,20071115,23.075,23.305,22.84,22.995,1166900
BLW,20071115,15.94,16.02,15.8,15.88,98100
BLX,20071115,18.83,19.22,18.76,19.03,99900
BMA,20071115,28.89,28.95,27.46,28.41,44400
BME,20071115,26.03,26.3,26.03,26.1,15400
BMO,20071115,59.2,59.54,57.71,58.15,273300
BMS,20071115,28.37,28.4,27.54,27.72,1122700
BMY,20071115,28,28.38,27.62,27.75,9206800
BNJ,20071115,16.93,16.93,16.42,16.5,29900
BNS,20071115,52.52,52.64,50.79,50.87,255400
BNY,20071115,15.01,15.15,14.89,15.01,41300
BOE,20071115,26.66,28.3,26.63,26.72,34300
BOH,20071115,51.59,51.91,50.59,51.02,407900
BP,20071115,72.24,72.67,70.92,71.34,4346800
BPK,20071115,15.28,15.45,15.1,15.35,20800
BPL,20071115,52.48,53.48,52.17,52.9,43600
BPT,20071115,72,72.79,71.21,71.51,131200
BQH,20071115,16.95,17.1,16.95,17.05,4700
BR,20071115,21.44,22.2,21.19,22.18,942000
BRC,20071115,35.15,35.24,34.39,34.96,170900
BRK.A,20071115,137100,138600,134550,135300,700
BRK.B,20071115,91.48,92.5,89.6,90.11,23700
BRO,20071115,24.59,24.66,24.19,24.33,381600
BRS,20071115,53.62,54,52.58,53.29,351600
BRT,20071115,16.57,16.66,15.5,15.86,32500
BSD,20071115,14.99,15,14.7,14.7,12800
BSE,20071115,13.5,13.58,13.42,13.42,25900
BSX,20071115,12.67,12.91,12.45,12.53,6649300
BT,20071115,29.2,29.475,28.835,29.005,215000
BTA,20071115,11.44,11.45,11.3,11.31,56300
BTE,20071115,19.56,19.61,18.59,18.71,356500
BTO,20071115,29.8,29.84,28.6,28.8,214000
BTZ,20071115,17.1,17.19,16.66,16.92,280800
BUD,20071115,50.74,51.18,49.73,49.81,3851200
BVN,20071115,14.113,14.385,13.59,14.033,751900
BW,20071115,44.9,45.27,43.97,44.46,365400
BWA,20071115,25.2475,25.875,24.915,24.995,740100
BWP,20071115,31.03,31.14,30.79,30.9,174100
BX,20071115,22.3,23.2,22.3,23.12,3532500
BXC,20071115,35.3,37.2,34.8,35.8,487500
BXP,20071115,99.6,100.13,96.58,98.2,1220400
BXS,20071115,23.65,23.65,22.61,22.74,327500
BYD,20071115,37.85,38.47,37.59,38,589100
BYM,20071115,13.92,14.14,13.75,13.82,41300
BZH,20071115,49.7,51.25,49.05,50.25,981200
C,20071115,357.5,358,342.1,345.8,8268440
C-S,20071115,20.25,20.25,19.81,20,71100
CAB,20071115,16.79,17.28,16.76,17.06,828300
CACI,20071115,47.26,47.82,47.12,47.59,322100
CAE,20071115,59.6,60.82,59.2,59.86,94800
CAF,20071115,52.57,53.9,51.31,52.14,262800
CAG,20071115,23.3,23.8,23.3,23.7,3859100
CAH,20071115,59.32,59.96,58.88,59.11,3140300
CAI,20071115,47.26,47.82,47.12,47.59,322100
CAJ,20071115,49.83,50.84,49.83,50.1,761200
CAL,20071115,31,32.3,30.16,30.73,3437500
CAS,20071115,25.14,25.47,24.5,24.77,141100
CAT,20071115,69.89,70.65,69.29,69.73,7699500
CB,20071115,52.6,53.03,51.98,52.28,2654400
CBB,20071115,24.95,25.2,24.85,25.15,2646400
CBB-B,20071115,44.25,44.25,43.8,43.8,500
CBD,20071115,16.5,16.985,16.48,16.655,237500
CBG,20071115,19.56,19.62,19,19.28,12206200
CBI,20071115,52.4,52.95,49.79,52.03,957700
CBK,20071115,15.86,16.36,15.61,15.84,440500
CBL,20071115,29.17,29.5,28.75,29.26,676400
CBL-D,20071115,21.79,21.79,21.5,21.66,3600
CBM,20071115,8.19,8.27,8.01,8.21,278000
CBR,20071115,7.14,7.15,7,7.09,140200
CBS,20071115,27.01,27.59,27.01,27.22,7844000
CBS.A,20071115,27.33,27.57,27.08,27.22,36200
CBT,20071115,33.35,33.49,32.87,33.09,653000
CBU,20071115,20.01,20.15,19.54,19.92,259300
CBZ,20071115,9.03,9.11,8.99,9.1,341500
CC,20071115,6.55,6.78,6.25,6.28,6629000
CCC,20071115,12.36,12.44,11.95,12.16,487000
CCE,20071115,25.51,25.74,25.16,25.27,2063700
CCI,20071115,40.16,41.11,39.75,40.62,2622900
CCJ,20071115,43.72,43.72,41.64,41.91,2976600
CCK,20071115,24,24.34,23.8,23.97,1195900
CCL,20071115,44.14,45.04,44.03,44.7,4140600
CCO,20071115,26.56,26.95,25.76,26.15,137400
CCS,20071115,21.59,21.59,21.28,21.46,52600
CCU,20071115,14.02,14.252,14.02,14.1,3168200
CCZ,20071115,40.9,40.9,40.9,40.9,25000
CDE,20071115,41.3,42.2,39.7,40.7,9167200
CDI,20071115,25.47,25.53,24.89,25.39,104200
CDR,20071115,12.18,12.23,11.86,12.05,284100
CE,20071115,38.64,39.11,37.3,37.71,1454200
CEA,20071115,39.935,41.255,38.875,38.96,38600
CEE,20071115,60,61.05,59.83,60.99,67800
CEL,20071115,28.12,29.22,28.12,29.03,212100
CEM,20071115,8.08,8.1,7.71,7.84,2132900
CEO,20071115,170,170.2,164.64,166.45,402400
CF,20071115,17.6,17.612,16.5,16.778,2036600
CFC-B,20071115,14.49,14.5,13.63,13.63,191100
CFI,20071115,8.71,8.82,8.68,8.79,5600
CFR,20071115,51.83,52.07,50.55,50.86,344700
CGI,20071115,35.89,36.17,35.89,35.95,1215800
CHA,20071115,70.18,71.4,68.9,69.56,392500
CHD,20071115,12.8875,13.2275,12.8175,13.015,418700
CHE,20071115,55.18,56.33,55,56.03,298500
CHH,20071115,36.6,37.74,36.6,37.46,662400
CHK,20071115,38.36,38.83,37.88,38.26,8347600
CHK-D,20071115,103.51,107.47,103.51,107.47,200
CHL,20071115,88.98,90.37,87.44,87.79,3089900
CHN,20071115,46.75,46.75,44.59,45.08,59600
CHS,20071115,11.22,11.25,10.64,10.86,3492000
CHT,20071115,18.51,18.51,18.14,18.31,778100
CHU,20071115,19.7,19.7,18.98,19.16,1068300
CI,20071115,49.75,50.53,49.13,49.47,1867200
CIA,20071115,7.89,8.16,7.62,7.77,60700
CIB,20071115,37.6,37.97,36.81,37.5,343900
CIF,20071115,3.02,3.02,2.92,2.92,51300
CIG,20071115,10.8749,10.9414,10.3424,10.6342,685300
CIG.C,20071115,20.75,20.75,20.75,20.75,0
CII,20071115,19.84,20.15,19.84,20.06,24600
CIR,20071115,42.08,44.14,42.08,43.75,133400
CIT,20071115,31.59,32,29.75,30,2901900
CKH,20071115,91,91.21,89.08,89.73,184500
CL,20071115,38.985,39.33,38.8,38.95,2384200
CLB,20071115,66.55,66.94,63.8,64.48,210400
CLC,20071115,36.96,37.49,36.47,37.39,280000
CLF,20071115,40.025,40.27,37.99,39.115,1601300
CLI,20071115,37.24,38.07,36.58,37.34,1073100
CLR,20071115,10.795,10.795,10.45,10.645,252300
CLS,20071115,6.44,6.53,6.29,6.52,1266400
CLX,20071115,65.6,66.57,65.6,65.85,1319100
CM,20071115,94.21,94.53,89.23,90.02,598200
CMA,20071115,46.26,46.55,44.31,44.71,2020300
CMC,20071115,29.61,29.61,28.68,29.09,1946000
CMG,20071115,130,130,127.4,129.25,406800
CMI,20071115,59.435,59.545,56.125,56.31,2318500
CMO,20071115,11.13,11.29,10.73,10.73,512800
CMP,20071115,36.51,36.76,35.72,36.17,176400
CMS,20071115,16.46,16.61,16.3,16.39,2002900
CMS-B,20071115,82.8,82.8,82.8,82.8,100
CMU,20071115,5.01,5.01,4.79,4.96,68500
CNA,20071115,36.49,36.85,35.53,35.85,1222300
CNC,20071115,11.715,11.955,11.355,11.51,537000
CNI,20071115,25,25.08,24.28,24.365,1964700
CNK,20071115,16.8,17.1,16.65,16.87,188700
CNO,20071115,14.09,14.23,13.65,14.07,1074100
CNP,20071115,17.72,17.9,17.65,17.84,3395200
CNQ,20071115,37.035,37.035,35.65,36.045,2525600
CNS,20071115,32.75,33.25,31.19,31.6,255700
CNX,20071115,52.33,52.33,49.14,50.05,2299500
COF,20071115,54.97,54.97,52.5,52.79,7111200
COG,20071115,8.75,8.9625,8.6825,8.785,798600
COH,20071115,34.82,34.85,33.72,34.26,7411400
COL,20071115,73.09,73.28,72.27,72.5,1147600
COO,20071115,44.67,44.94,43.65,43.94,537100
COP,20071115,78.78,79.79,77.06,78.04,13676100
COT,20071115,6.25,6.25,5.98,6.04,189200
CP,20071115,64.53,65.36,63.22,63.6,367500
CPA,20071115,34.43,35.1,33.1,34.44,1139000
CPB,20071115,35.2,35.63,34.91,35,2285000
CPE,20071115,15.65,15.8,15.06,15.73,273500
CPF,20071115,412.6,414,388.8,392.6,459300
CPK,20071115,23.1333,23.9667,22.8933,23.66,31600
CPL,20071115,21.5833,21.5833,20.6733,20.8933,72300
CPS,20071115,38.67,39.02,38.48,38.77,384100
CPT,20071115,53.49,53.92,53.02,53.8,692100
CR,20071115,44.92,45.36,44.51,44.55,389800
CRD.A,20071115,4.67,4.67,4.55,4.57,2100
CRD.B,20071115,5.41,5.53,5.21,5.27,19000
CRH,20071115,35.45,36.18,35.2,35.64,44300
CRI,20071115,21.88,21.95,21.15,21.45,330000
CRK,20071115,165,168,161.75,164,1014800
CRL,20071115,60.75,61.82,60.69,60.94,364500
CRM,20071115,13.1125,13.6,12.615,12.6975,2811900
CRR,20071115,41.15,41.27,39.75,40.36,287200
CRS,20071115,70.67,70.845,69.255,70.14,362200
CRT,20071115,42.5,42.5,40.18,40.5,9200
CRY,20071115,6.77,7.03,6.65,6.83,147900
CS,20071115,60.68,61.08,59.71,60.25,770600
CSC,20071115,52.52,53.22,51.77,51.89,1217200
CSL,20071115,39.28,39.54,38.94,39.15,275700
CSS,20071115,41.25,41.51,39.8,41.14,104000
CSU,20071115,8.43,8.66,8.12,8.2,43600
CSV,20071115,10.09,10.09,9.75,9.84,67300
CTB,20071115,15.55,16.2,15.1,15.36,1442000
CTL,20071115,40.96,41.64,40.9,41.35,1566400
CTR,20071115,18.9,19.22,18.7,18.84,320200
CTS,20071115,11.26,11.41,11.18,11.41,205900
CTV,20071115,42,42.16,39.78,39.94,1657100
CTX,20071115,22.93,23.39,22.33,22.4,3396700
CUB,20071115,41.09,41.4,39.36,40.09,202300
CUK,20071115,43.26,43.83,43.14,43.47,129800
CUZ,20071115,25.07,25.3,24.59,25.03,793000
CVA,20071115,26.6,26.73,26.22,26.4,401500
CVB,20071115,10.02,10.02,9.92,9.92,600
CVG,20071115,17.44,17.6,17,17.18,2368500
CVI,20071115,21.82,21.89,21.07,21.48,173200
CVO,20071115,166.64,166.64,161.12,163.2,417300
CVS,20071115,41.72,42.45,41.72,42.02,13537500
CVX,20071115,85.94,86.48,83.48,84.16,11934200
CW,20071115,54.25,54.77,53.91,54.66,283500
CWT,20071115,20.175,20.225,19.62,19.75,166400
CX,20071115,26.66,26.97,26.09,26.43,4075600
CXE,20071115,5.47,5.55,5.44,5.48,94900
CXH,20071115,9.4,9.4,9.25,9.37,17100
CXO,20071115,17.56,18.56,17.54,18.5,280200
CXP,20071115,10.02,10.03,9.75,9.94,10100
CXW,20071115,28.92,29.81,28.65,29.02,562700
CYD,20071115,10.5,10.65,10.11,10.4,251500
CYH,20071115,31.61,32.08,31.23,31.46,965100
CZZ,20071115,10.95,10.97,10.48,10.62,107100
D,20071115,45.035,45.63,45.03,45.34,1588800
DAC,20071115,30.78,31.79,30.35,30.45,50800
DAL,20071115,19.52,20.46,19.16,19.84,8292000
DAR,20071115,9.8,9.8,9.67,9.7,749500
DB,20071115,124.97,125.68,122.3,123.03,495300
DBD,20071115,35.81,36.03,35.56,35.69,387000
DCA,20071115,8.81,8.86,8.46,8.5,77000
DCI,20071115,20.04,20.315,19.96,20.04,166200
DCM,20071115,15.47,15.79,15.47,15.56,226100
DCO,20071115,41.81,42,40.63,41.18,127400
DCT,20071115,40.72,40.72,39.64,39.96,1107200
DD,20071115,45.82,46.31,45.04,45.37,6787400
DD-A,20071115,67.5,67.5,67.5,67.5,0
DD-B,20071115,77.25,79.75,77.25,79.25,1600
DDD,20071115,6.23,6.3567,6.23,6.3233,164900
DDE,20071115,11.15,11.15,10.5,10.66,124900
DDF,20071115,11.55,11.55,11.19,11.19,16600
DDR,20071115,47.05,47.11,46.05,46.7,1053600
DDS,20071115,19.39,19.44,18.08,18.28,2664300
DDT,20071115,19.21,19.35,19,19,11700
DE,20071115,73.625,73.73,70.34,70.97,3415800
DECK,20071115,41.5467,43,41.31,42.35,1039800
DEI,20071115,25.32,25.7,24.91,25.58,512900
DEL,20071115,53.8,53.8,50.83,51.86,49600
DEO,20071115,89.37,89.97,88.55,88.93,396000
DEX,20071115,15.02,15.11,14.65,14.73,60800
DF,20071115,50.04,50.04,48.36,49.08,1683900
DFP,20071115,20.25,21,20.25,20.25,6300
DFS,20071115,18.18,18.3,17.59,17.68,4739000
DFT,20071115,20.3,20.9,19.81,20,190100
DGX,20071115,55,55.34,54.27,54.48,1476000
DHF,20071115,3.67,3.67,3.62,3.64,299000
DHG,20071115,14.76,14.94,14.17,14.45,390200
DHI,20071115,12.56,12.81,12.25,12.32,4754400
DHR,20071115,41.13,41.625,40.9,41.12,2208400
DHT,20071115,169.92,171.36,165.12,165.96,342500
DHX,20071115,11.07,12.18,10.92,11.97,66200
DIS,20071115,31.8,32.84,31.75,32.4,10539400
DK,20071115,20.75,21.33,20.64,20.82,193400
DKL,20071115,18.15,18.15,17.85,17.85,9200
DKS,20071115,29.99,29.99,28.15,28.76,2273900
DKT,20071115,24.21,24.21,24.21,24.21,0
DLB,20071115,48.15,48.38,47,47.42,555200
DLR,20071115,39.13,39.67,38.55,39.66,466700
DLX,20071115,33.39,33.74,32.85,33.32,542900
DM,20071115,25.85,26,25.5,25.64,73500
DNB,20071115,88,89.71,87,89.09,575200
DNP,20071115,10.58,10.75,10.58,10.73,219700
DNR,20071115,27.275,27.275,26.13,26.565,1008300
DO,20071115,108.33,109.08,105.12,106.23,2244900
DOV,20071115,47.02,47.4,46.58,46.71,1570600
DOW,20071115,41.38,41.53,40.18,40.42,6555800
DPM,20071115,40.35,40.38,39,39.6,30400
DPZ,20071115,14.02,14.04,13.77,13.86,494000
DRE,20071115,27.91,28.33,27.64,28.06,1343600
DRH,20071115,17.6,18.05,17.34,18.05,1038200
DRI,20071115,40.11,40.57,39.73,39.95,1185400
DRQ,20071115,56.64,59.52,56.51,57.84,638800
DSL,20071115,34.03,34.32,28.37,30.76,2532800
DSM,20071115,7.77,7.77,7.61,7.66,93500
DST,20071115,83.9,84.26,82.4,82.68,518700
DSU,20071115,17.49,17.49,16.8,17.22,278500
DSW,20071115,11.46,11.54,11.21,11.27,215300
DSX,20071115,31,32.4,29.64,30.73,3651000
DTE,20071115,48.03,48.34,47.34,47.93,1780100
DTF,20071115,13.5,13.51,13.4,13.41,11100
DTV,20071115,24.53,24.74,23.86,23.98,6118300
DUC,20071115,10.28,10.3,10.22,10.23,107200
DUK,20071115,57.42,58.44,57.36,57.81,5510800
DV,20071115,54.09,54.86,53.4,53.96,556400
DVA,20071115,29.635,29.81,28.96,29.16,633100
DVD,20071115,6.44,6.48,6.43,6.48,26800
DVN,20071115,85.84,86.89,84.1,85,3749900
DW,20071115,32.39,33,31.03,31.28,377100
DX,20071115,8.38,8.41,8.36,8.39,8100
DXB,20071115,22.6,22.6,22.01,22.01,79800
DY,20071115,26.57,26.7,25.5,26.02,667900
DYN,20071115,41.85,42.1,40.3,40.75,3769200
E,20071115,69.2,69.43,67.7,68.3,848400
EAT,20071115,24.46,24.71,23.87,24.09,1438400
EBF,20071115,18.27,18.45,17.69,18.04,157000
EBS,20071115,5.24,5.24,4.4,4.78,622300
ECA,20071115,67.21,68.94,66.56,67.36,2641700
ECL,20071115,47.09,47.32,45.99,46.28,1197400
ED,20071115,46.31,47,46.31,46.74,2903800
EDD,20071115,17.61,17.77,17.3,17.54,283600
EDE,20071115,23.82,23.99,23.6,23.8,162800
EDF,20071115,12.55,12.72,12.51,12.58,59600
EDN,20071115,23.48,23.65,22.64,23.06,155600
EDR,20071115,37.71,38.34,36.9,38.34,244800
EDU,20071115,18.5275,18.785,17.6525,18.1,512300
EE,20071115,24.82,25.07,24.77,25,252900
EEA,20071115,12.95,13.01,12.75,12.84,21800
EEP,20071115,26,26.7,26,26.055,162900
EEQ,20071115,26.73,26.735,26.245,26.36,30100
EFR,20071115,15.41,15.47,15.32,15.45,199600
EFT,20071115,15.7,15.75,15.61,15.68,119900
EFX,20071115,39.5,39.5,37.6,37.85,1902800
EGF,20071115,16.2,16.4,16,16.18,46400
EGN,20071115,62.9,63.73,62.42,62.83,709400
EGP,20071115,46.28,46.78,45.54,46.61,206500
EGY,20071115,4.77,4.79,4.65,4.79,440000
EHI,20071115,11.88,11.89,11.67,11.74,138100
EIG,20071115,18.1,18.45,17.47,17.9,294000
EIX,20071115,55.18,55.45,54.3,54.56,2708200
EL,20071115,21.905,22.185,21.83,21.915,1017900
ELP,20071115,16.58,17.06,16.49,16.8,340900
ELS,20071115,23.05,23.39,22.785,23.365,182900
ELY,20071115,16.8,17.35,16.76,17.07,1066800
EMD,20071115,12.81,12.81,12.66,12.75,11200
EME,20071115,28,28.3,26.83,27.4,882700
EMF,20071115,23.5,23.5,22.7,22.82,59900
EMN,20071115,31.86,31.895,30.9,31.225,696100
EMO,20071115,25.1,25.1,25.1,25.1,0
EMR,20071115,55.47,55.68,54.78,55.03,3690700
ENB,20071115,19.355,19.355,18.755,18.85,321700
ENH,20071115,39.02,40,39.02,39.35,490300
ENR,20071115,106.22,108.27,106.16,107.21,454100
ENS,20071115,19.29,19.7,19.24,19.64,457000
ENZ,20071115,10.59,10.71,10.31,10.39,186900
EOD,20071115,17.04,17.29,16.52,16.79,197300
EOG,20071115,43.54,43.585,42.09,42.55,2794700
EOI,20071115,18.07,18.21,17.91,17.99,112400
EOS,20071115,19,19,17.42,17.46,135000
EP-C,20071115,38.2,38.2,35.9,36.58,13200
EPC,20071115,18.24,18.3,17.8,17.98,3600
EPD,20071115,15.8,16.04,15.8,15.96,462400
EPE,20071115,33.69,33.94,33.46,33.6,39000
EPR,20071115,52.75,53.78,52.51,53.78,308600
EPR-C,20071115,22.1,22.1,21.51,21.51,3300
EQR,20071115,38.43,38.56,37.82,38.11,3235700
EQS,20071115,6.37,6.37,6.21,6.21,7800
EQT,20071115,53.23,53.85,52.96,53.2,1274000
EQY,20071115,24.99,25.2,24.31,24.75,571900
ERF,20071115,42.5,42.57,41.04,41.58,585900
ERJ,20071115,47.37,48.59,47.29,47.96,697500
ES,20071115,23,29,21.82,23.01,22127900
ESD,20071115,18.02,18.05,17.84,17.88,134100
ESE,20071115,35.5,36.59,34.12,34.65,420000
ESL,20071115,52.6,52.94,51.92,52.18,309900
ESS,20071115,105.78,107.29,104.5,106.8,365900
ESV,20071115,53.9,54.12,51.8,52.21,3300200
ETB,20071115,17.06,17.24,16.86,16.86,74900
ETE,20071115,16.45,16.495,16.22,16.32,175400
ETG,20071115,26.17,26.25,25.69,25.86,107800
ETH,20071115,29.96,30.24,29.1,29.2,641200
ETJ,20071115,16.75,16.8,16.5,16.68,255900
ETM,20071115,18.24,18.58,18.01,18.43,355900
ETN,20071115,45.06,45.095,43.84,44.23,1607700
ETO,20071115,32.62,32.64,32,32.15,24400
ETP,20071115,51.58,52.11,51,51.45,135700
ETR,20071115,117.71,118.9,116,118.34,1974400
ETV,20071115,16.59,16.83,16.47,16.51,298200
ETW,20071115,17.12,17.22,16.8,16.84,390300
ETY,20071115,16.46,16.56,16.31,16.31,700800
EV,20071115,47.13,47.15,45.53,46.31,949400
EVC,20071115,6.81,6.97,6.7,6.77,441400
EVF,20071115,7.2,7.22,7.11,7.2,94000
EVG,20071115,16.2,16.2,16,16.2,134800
EVN,20071115,13.33,13.38,13.05,13.28,29300
EVR,20071115,25.68,26.21,23.92,24.81,75600
EVT,20071115,27.19,27.35,26.72,26.93,114400
EW,20071115,12.5625,12.6575,12.53,12.5725,239600
EXC,20071115,79.25,80.57,78.48,79.28,4053500
EXG,20071115,16.57,16.9,16.47,16.58,1259400
EXP,20071115,37.52,38.56,37.37,37.75,552200
EXR,20071115,14.94,15.07,14.64,15.03,568400
F,20071115,7.98,8.05,7.75,7.78,42559500
FAC,20071115,4.02,4.31,3.99,4,131100
FAF,20071115,34.25,34.31,32.97,33.22,1458900
FAM,20071115,17.45,17.45,16.26,17.12,34400
FBC,20071115,693,729,688,695,569900
FBP,20071115,104.4,105.9,99,100.35,410100
FBR,20071115,3.73,3.75,3.53,3.58,1282800
FC,20071115,7,7.25,6.76,7.14,82400
FCE.A,20071115,54.29,54.29,51.39,51.74,286400
FCE.B,20071115,52.25,53.05,51.9,51.9,4900
FCF,20071115,10.85,10.85,10.27,10.44,496300
FCH,20071115,18.92,19.06,18.18,18.5,532900
FCH-A,20071115,22.1,22.1,21.9,21.9,300
FCN,20071115,56.73,57.83,55.95,57.67,494900
FCT,20071115,15.48,15.63,15.39,15.55,82100
FCX,20071115,50.525,51.5,49.11,49.885,15670000
FDP,20071115,28.27,29,28.03,28.52,651700
FDS,20071115,64,64.97,63.64,64.01,410200
FDX,20071115,100.65,102.65,100.57,101.37,1865600
FE,20071115,66.6,67.75,66.6,67.32,1677800
FEO,20071115,19.88,19.88,18.24,18.95,20500
FF,20071115,12.45,12.45,11.87,12.06,72000
FFA,20071115,16,16.08,15.86,15.9,52300
FFC,20071115,16.61,16.79,16.61,16.75,142600
FFG,20071115,38.25,38.75,37.37,38.07,66500
FGB,20071115,14.5,14.5,13.99,14.27,54000
FGP,20071115,22.22,22.22,21.82,21.97,66000
FHN,20071115,23.22,23.39,21.75,22.02,2536500
FHY,20071115,38.55,38.82,37.5,37.8,53700
FIF,20071115,23.3,23.31,22.1,22.45,251400
FIG,20071115,17.3,17.82,16.73,17.01,1330300
FII,20071115,41.37,41.47,39.11,39.59,1992800
FIS,20071115,43.1,43.78,42.98,43.24,1213500
FIX,20071115,12.68,12.86,12.6,12.75,425300
FL,20071115,14.25,14.44,14.02,14.11,1074100
FLC,20071115,17.7,17.7,16.63,17.21,36400
FLO,20071115,10.0355,10.1422,9.8889,10.1422,602900
FLR,20071115,68.4,69.05,66.04,66.975,2116000
FLS,20071115,30.4733,30.7333,30.0267,30.3533,454100
FLY,20071115,18,18.5,17.31,17.86,105600
FMC,20071115,26.39,26.495,25.89,26.07,626300
FMN,20071115,13.71,13.72,13.4,13.43,19300
FMO,20071115,22.9,23.27,22.84,22.9,32800
FMS,20071115,25.88,25.935,25.54,25.625,87200
FMX,20071115,32.97,32.97,31.21,31.77,1041200
FMY,20071115,16.06,16.14,16.06,16.08,25200
FNB,20071115,15.81,15.83,15.24,15.4,426800
FNF,20071115,15.04,15.24,14.66,14.78,2467300
FOE,20071115,21.65,21.87,21.04,21.23,226600
FOF,20071115,16,16,15.6,15.65,161400
FPL,20071115,66.83,67.7,66.24,67.25,3012300
FPO,20071115,20.07,20.11,19.45,19.75,290500
FPT,20071115,12.25,12.43,12.25,12.35,16300
FR,20071115,38.67,39.25,38.26,39.03,562100
FRA,20071115,15.95,16.16,15.89,16.12,88500
FRO,20071115,189.75,197.7,187.45,196.1,2466400
FRT,20071115,83.16,83.73,81.76,83.37,284500
FSB,20071115,21.41,21.41,21,21,16800
FSS,20071115,12.62,12.62,12.31,12.5,339600
FT,20071115,6.72,6.75,6.7,6.7,15800
FTI,20071115,27.66,28.045,26.75,27.06,1229700
FUL,20071115,27.85,28.34,27.17,27.44,533100
FUN,20071115,22.4,23.7,22.4,23.55,160800
G,20071115,15.13,15.5,14.93,14.97,162900
GAB,20071115,9.16,9.16,8.98,8.98,181400
GAB-D,20071115,22.35,22.63,22.35,22.5,4000
GAM,20071115,35.53,35.53,34.41,34.41,57600
GAM-B,20071115,23.14,23.35,22.95,23.35,8800
GBL,20071115,58.65,59.02,55.92,56.87,52600
GBX,20071115,23.81,24.01,23.05,23.33,126300
GCH,20071115,36.87,36.87,34.8,34.95,113300
GCI,20071115,40.18,40.61,39.56,39.73,2105300
GCO,20071115,41.85,41.99,40,40.29,608900
GCV,20071115,7.89,7.93,7.63,7.89,11400
GCV-B,20071115,23.15,23.15,23.15,23.15,100
GD,20071115,88.3,89.11,87.81,88.01,1716000
GDL,20071115,16.37,16.55,16.33,16.36,69600
GDV,20071115,20.31,20.52,20.15,20.17,165900
GDV-A,20071115,21.88,22.04,21.77,22.01,3000
GDV-D,20071115,23.4,23.4,22.65,22.9,6000
GE,20071115,38.93,38.93,38.13,38.31,41590000
GEF,20071115,58,59.11,56.34,57.19,215000
GEF.B,20071115,53,53.75,52.31,52.62,1600
GEO,20071115,26.73,26.86,25.69,26.24,870900
GER,20071115,25.6,25.6,25.15,25.24,53000
GES,20071115,47.47,47.47,44.67,45.64,1306000
GF,20071115,17.65,17.68,17.35,17.41,66800
GFA,20071115,19.215,19.71,18.94,19.11,113400
GFF,20071115,14.59,14.72,14.28,14.54,246800
GFI,20071115,17.72,17.84,17.19,17.52,7206700
GFY,20071115,16.14,16.14,16.12,16.14,9600
GG,20071115,32.5,32.52,31.23,31.38,10466200
GGB,20071115,14.84,15.025,14.025,14.485,2247300
GGG,20071115,37.61,38.08,37.28,37.36,474800
GGP,20071115,49.3,50.33,48.54,49.04,2119800
GGT,20071115,12.76,12.98,12.6,12.72,29800
GGT-B,20071115,23.6,23.6,23.6,23.6,0
GHL,20071115,72.2,73.77,70.92,71.63,389100
GIB,20071115,10.67,10.94,10.54,10.88,190000
GIL,20071115,21.18,21.94,20.1,20.48,295000
GIM,20071115,9.68,9.77,9.51,9.52,232700
GIS,20071115,28.875,29.015,28.305,28.49,4033100
GJH,20071115,8.12,8.12,8.11,8.11,5500
GJO,20071115,20.95,21.1,20.95,21.01,5700
GJP,20071115,20.6,20.6,20.6,20.6,400
GJR,20071115,21.15,21.15,21.15,21.15,100
GJS,20071115,16.65,16.7,16.65,16.7,1200
GJT,20071115,18.3,18.3,18.2,18.2,10400
GJV,20071115,21.75,21.75,21.75,21.75,700
GLF,20071115,43.66,44.8,42.88,43.34,181400
GLP,20071115,28.9,29.75,28.87,29.18,56600
GLT,20071115,16.24,16.31,15.56,15.74,246600
GLW,20071115,23.7,24,23.24,23.55,16626700
GM,20071115,30.95,31.07,29.97,30.14,14801600
GME,20071115,54.64,56.56,53.87,55.93,3024200
GMS,20071115,18.58,18.65,18.38,18.42,21100
GNK,20071115,577.6,591.3,546.1,560.2,773600
GNW,20071115,26.72,26.77,25.48,25.79,3464800
GOF,20071115,16.85,16.89,16.37,16.78,106300
GOL,20071115,253,263,252,257,1083900
GPC,20071115,48.15,48.63,47.9,48.3,806900
GPE-A,20071115,26.3,26.3,26.3,26.3,0
GPI,20071115,29.69,30.37,29.01,30.07,620700
GPK,20071115,4.63,4.63,4.33,4.36,131700
GPM,20071115,22,22.21,21.78,21.85,2437800
GPN,20071115,22.15,22.15,21.72,22,540500
GPS,20071115,19.82,20.25,19.8,19.92,5710600
GPX,20071115,9.92,10.6,9.8,10.01,108800
GRA,20071115,27.38,27.75,26,26.47,574700
GRR,20071115,29.32,29.32,28.67,28.67,9500
GRX,20071115,6.85,7.05,6.85,7.01,21700
GS,20071115,230.11,233.69,223.74,227.02,10243000
GS-A,20071115,22.31,22.31,21.58,21.87,33700
GS-B,20071115,22,22.2,21.53,21.8,224400
GS-C,20071115,21.81,21.81,21.59,21.75,6800
GS-D,20071115,21.95,22,21.7,21.83,2000
GSH,20071115,36.65,36.65,34.85,35.16,93900
GSK,20071115,49.67,49.8,49.17,49.28,1265600
GTN,20071115,8.22,8.33,8.09,8.26,117700
GTN.A,20071115,8.21,8.21,8.21,8.21,0
GTY,20071115,27.09,27.45,26.49,27.29,110200
GUT,20071115,9.25,9.25,9.09,9.09,21900
GUT-A,20071115,21.27,21.33,21.21,21.33,700
GVA,20071115,36.14,36.17,34.52,35.07,700000
GWR,20071115,26.13,26.84,26.04,26.19,239000
GWW,20071115,90.56,91.57,88.91,89.19,1456400
GXP,20071115,29.8,30.08,29.76,30.05,1064700
GYB,20071115,21.21,21.21,19.56,20.35,68300
GYC,20071115,20.5,20.5,20.4,20.46,1400
HAE,20071115,27.305,27.845,27.305,27.635,246800
HAL,20071115,36.8,37.49,36.28,36.57,12550400
HAR,20071115,72.74,73.44,71.47,71.76,862000
HBI,20071115,7.8525,7.895,7.6775,7.8,611700
HCN,20071115,43.85,44.36,43.45,43.93,898300
HCP,20071115,32.58,32.8,31.6,32.08,872600
HD,20071115,29.07,29.75,28.84,28.98,17499800
HDB,20071115,25.6,25.684,23.922,24.46,526700
HE,20071115,21.58,21.82,21.5,21.74,314000
HE-U,20071115,24,24,24,24,200
HEI,20071115,20.7503,20.9715,20.1933,20.3981,144700
HEI.A,20071115,19.927,20.1728,19.5021,19.8349,17800
HEP,20071115,22.25,22.375,22.02,22.29,13300
HES,20071115,68.15,68.75,65.24,65.74,2911900
HF,20071115,6.24,6.38,6.06,6.16,139800
HFC,20071115,27.42,27.55,26.11,26.12,1460900
HGG,20071115,15.7,15.72,14.87,15.11,232500
HGT,20071115,24.06,24.06,23.75,23.85,177100
HHS,20071115,16.69,16.73,16.12,16.17,318300
HIG,20071115,94.22,95.11,92.73,93.52,2151200
HIO,20071115,6.01,6.04,5.95,6,223400
HIW,20071115,34.66,35.08,33.5,34.28,493400
HIX,20071115,9.84,9.84,9.63,9.72,172500
HJV,20071115,19.75,20.3,19.51,20,13600
HK,20071115,17.51,17.51,16.85,17.1,1238700
HL,20071115,11.16,11.16,10.63,10.9,2955300
HL-B,20071115,56.5,56.5,56.5,56.5,0
HLF,20071115,19.1,20.11,18.98,19.875,1901300
HLS,20071115,19.99,20.43,19.9,20.01,307100
HLX,20071115,41.23,41.35,39.95,40.35,926600
HMC,20071115,34.81,34.81,33.9,34.08,279100
HMN,20071115,19.73,19.92,19.22,19.5,332500
HMY,20071115,10.56,10.64,10.15,10.24,2283600
HNI,20071115,40,40.43,39.31,39.62,475400
HNP,20071115,40.5,40.73,39.64,39.97,227000
HNR,20071115,54.12,54.12,52.04,52.64,238900
HOG,20071115,48.38,49.03,48.21,48.67,1543700
HON,20071115,58.17,58.54,56.87,57.16,4153300
HOS,20071115,41.6,41.89,40.02,40.88,654200
HOV,20071115,9.61,9.85,9.27,9.39,1330000
HP,20071115,32.5,33.7,32.01,33.11,2876700
HPF,20071115,19.3,19.39,19.28,19.3,38900
HPI,20071115,19.65,19.65,19.1,19.28,110400
HPQ,20071115,22.1818,22.5455,22.0773,22.2273,13643400
HPS,20071115,18.1,18.2,17.85,17.91,72600
HQH,20071115,17.02,17.25,16.96,17.04,40300
HQL,20071115,13.34,13.44,13.3,13.31,47100
HR,20071115,24.99,25.15,24.19,24.81,391300
HRB,20071115,19.65,20,19.47,19.84,2442500
HRL,20071115,8.88,8.9775,8.88,8.9225,281800
HRS,20071115,61,62.9,61,62.9,1366500
HSC,20071115,59.61,60.37,59.61,60.17,742800
HST,20071115,18.8,19.28,18.75,19.06,7805100
HSY,20071115,40.13,40.31,39.49,39.59,2089700
HTD,20071115,18.07,18.14,17.95,18.08,109400
HTH,20071115,11.93,12.25,11.63,11.71,326800
HTY,20071115,19.5,19.9,19.01,19.67,14900
HTZ,20071115,72.16,74.96,71.88,72.48,916100
HUM,20071115,73.1,73.86,70.93,71.27,1535500
HUN,20071115,25.5,25.5,24.79,24.94,2983700
HVT,20071115,9.8,10.43,9.77,10.15,314800
HVT.A,20071115,10.1,10.4,10.04,10.18,2800
HW,20071115,13.31,13.4,13.03,13.15,973200
HXL,20071115,24.67,24.98,24.35,24.64,650300
HYB,20071115,1.77,1.81,1.75,1.77,368700
HYH,20071115,21.85,21.85,21.37,21.59,2100
HYI,20071115,4.55,4.6,4.5,4.5,36200
HYT,20071115,11.6,11.69,11.52,11.52,102700
HZO,20071115,14.99,15.1,14,14.78,255400
IAE,20071115,22.05,22.06,21.46,21.55,58400
IAG,20071115,9.14,9.14,8.76,8.81,1353700
IBA,20071115,27.75,28,27.01,27.76,20900
IBM,20071115,103.24,105.64,103.05,103.6,8380100
IBN,20071115,12.606,12.9,12.184,12.306,2214800
ICB,20071115,15.15,15.25,15.1,15.1,4300
ICE,20071115,34.368,34.74,33.71,34.5,1481400
IDA,20071115,34.03,34.1,33.59,33.75,443700
IDT,20071115,8.21,8.28,8.07,8.19,323100
IEX,20071115,36.25,36.78,35.86,36.17,413700
IFF,20071115,49.57,49.85,48.67,49.2,800100
IFN,20071115,59,59,57.42,57.75,375200
IGA,20071115,18.5,18.61,18.37,18.42,51600
IGD,20071115,17.54,17.71,17.24,17.43,239300
IGR,20071115,17.9,17.9,17.34,17.52,249300
IGT,20071115,42,42.39,41.52,41.81,2643500
IHC,20071115,15.5,17.9,15.29,17.89,58500
IHG,20071115,23.376,23.556,23.16,23.292,133000
IID,20071115,17.01,17.1,16.8,16.8,7200
IIF,20071115,55.42,56.49,54.33,55.17,141400
IIM,20071115,13.06,13.15,13.02,13.07,34100
IMAX,20071115,4.6,4.68,4.5,4.54,91800
IMN,20071115,19.77,19.94,19.58,19.84,545800
INB,20071115,19.22,19.22,18.38,18.38,45700
ING,20071115,39.4,39.48,38.55,38.88,964900
INT,20071115,16.25,16.33,15.505,15.865,549500
INZ,20071115,25,26.5,23.76,23.88,61100
IO,20071115,229.65,233.1,223.95,227.25,1304200
IOC,20071115,21.36,21.81,19.77,20.36,488500
IP,20071115,34.27,34.41,33.31,33.55,5146700
IPG,20071115,9.12,9.33,8.97,9.16,7504500
IQI,20071115,12.32,12.36,12.15,12.21,36300
IR,20071115,49.75,50.56,49.2,49.39,2222800
IRL,20071115,22.61,22.72,22.1,22.35,17900
IRM,20071115,35.77,36.01,35.3,35.8,438500
IRR,20071115,16.85,16.88,16.53,16.57,56300
IRS,20071115,16.33,16.33,16.06,16.19,110900
ISF,20071115,21.12,21.3,20.7,21,201400
ISG,20071115,20.88,20.88,20.01,20.25,123400
ISP,20071115,20.53,20.98,20.38,20.48,49200
IT,20071115,19.4,19.6,18.75,19.26,1414800
ITG,20071115,42.61,42.61,40.52,41.12,744000
ITT,20071115,31.935,32.545,31.81,31.92,2256400
ITW,20071115,55.28,55.28,54.1,54.71,3199800
IVC,20071115,25.83,25.94,25.32,25.46,444700
IVZ,20071115,26.57,26.86,26.07,26.44,1381300
IX,20071115,90.34,90.66,88.23,88.88,25200
JBK,20071115,21.12,21.12,21.12,21.12,0
JBL,20071115,18.45,18.6,18.06,18.21,2460900
JBR,20071115,20.77,20.77,20.17,20.17,500
JCE,20071115,15.64,15.92,15.53,15.55,54800
JCI,20071115,39.21,39.44,38.33,38.41,3351700
JCP,20071115,45,45.95,43.46,44.33,11635000
JDD,20071115,15,15.18,14.5,14.98,77900
JEC,20071115,81.4,81.88,76.95,78.32,2059500
JEQ,20071115,7.39,7.5,7.39,7.49,39300
JFC,20071115,29.98,30.34,29.91,29.96,17500
JFR,20071115,11.62,11.69,11.55,11.66,153600
JHI,20071115,17.01,17.12,17.01,17.01,8400
JHS,20071115,13,13.07,12.95,12.98,23100
JHX,20071115,28.4,28.4,28.06,28.16,1100
JLL,20071115,82.59,82.67,81.1,81.4,898900
JMP,20071115,6.9,7.04,6.71,7,47900
JNJ,20071115,66.76,67.3,66.54,66.88,11491700
JNPR,20071115,30.79,30.83,29.61,29.88,7746900
JNS,20071115,35.76,35.76,34.14,34.34,2697700
JOE,20071115,30.5,30.66,30.1,30.45,839000
JOF,20071115,9.6,9.7,9.48,9.51,118100
JOY,20071115,52.3,53.62,50.6,51.12,1617000
JPC,20071115,10.9,10.99,10.88,10.88,269300
JPM,20071115,44.6,45.19,43.08,43.53,23434100
JPS,20071115,10.75,10.95,10.75,10.8,588700
JQC,20071115,11.03,11.05,10.93,10.93,336400
JRO,20071115,11.74,11.8,11.68,11.71,100900
JTA,20071115,22.1,22.17,21.84,21.88,31100
JTD,20071115,15.73,15.95,15.57,15.69,63800
JW.A,20071115,40.6,41.15,40,40.8,105900
JW.B,20071115,40.96,40.98,40.92,40.95,800
JWN,20071115,33.37,34.57,33.04,33.5,6439000
K,20071115,52.09,52.76,52.09,52.27,1447600
KAI,20071115,31.62,31.75,29.9,30.56,43800
KB,20071115,77,77.69,74.28,75.2,775800
KBH,20071115,25.95,26.74,25.5,25.67,2127400
KBR,20071115,36.33,36.92,35.75,36.26,1330300
KCC,20071115,24.8,24.8,24.79,24.8,1600
KED,20071115,24.15,24.27,23.7,23.96,29300
KEF,20071115,14.1,14.1,13.27,13.56,30900
KEG,20071115,14.02,14.12,13.65,13.86,610400
KEM,20071115,19.77,19.86,19.44,19.68,274500
KEP,20071115,22.11,22.72,22.08,22.08,1659600
KEX,20071115,42.2,43.18,42.19,43.18,440200
KEY,20071115,27.1,27.13,25.66,25.88,4387900
KF,20071115,470.3,470.3,452.1,453.5,5500
KFS,20071115,16.91,17.04,16.51,16.7,16000
KFY,20071115,17.76,17.98,17.44,17.45,879500
KGC,20071115,17.5,17.54,16.83,17.03,5076300
KIM,20071115,38.72,39.12,38,38.25,1959500
KMB,20071115,65.6759,66.6251,65.6568,65.8869,2388900
KMM,20071115,8.48,8.63,8.33,8.35,59800
KMT,20071115,42.025,42.025,40.505,40.845,1327600
KMX,20071115,23.47,24.1,22.72,23.09,9052900
KND,20071115,25.35,25.46,24.93,25.13,410800
KNL,20071115,17.86,18.03,17.13,17.47,381800
KNX,20071115,14.89,14.96,14.48,14.58,621400
KO,20071115,30.495,31.205,30.495,30.975,10614800
KOF,20071115,42.83,42.83,41.39,41.65,114900
KOP,20071115,40.98,41.26,39.33,39.84,124700
KOS,20071115,23.84,23.84,23.65,23.71,1700
KR,20071115,13.975,14.395,13.75,13.845,4921600
KRC,20071115,58.28,59.22,57.56,59.12,494500
KRG,20071115,66.84,67.16,64.4,67.16,183900
KRO,20071115,8.57,8.68,8.335,8.6,15500
KSM,20071115,10.85,10.85,10.56,10.62,21500
KSS,20071115,48.06,49.61,47.78,48.92,7008000
KST,20071115,11.5,11.56,11.46,11.48,3700
KSU,20071115,34.32,35.29,34.19,34.64,658200
KSU.P,20071115,21.61,21.61,21.61,21.61,100
KT,20071115,26.33,26.7,26.3,26.41,623600
KTF,20071115,10.22,10.22,10.16,10.19,86300
KTH,20071115,28,28.19,27.25,27.3,2700
KTN,20071115,26.25,26.73,26.25,26.35,1400
KTP,20071115,24,24,23.11,23.37,6000
KWR,20071115,22.18,23.4,22.12,23.4,73300
KYE,20071115,26.52,26.76,26.32,26.69,57000
KYN,20071115,28.33,28.88,28.28,28.63,135800
KYO,20071115,43.45,43.45,42.585,42.695,10100
LAD,20071115,17.16,17.16,16.66,16.89,122600
LAZ,20071115,44.96,45.06,42.11,43.19,915900
LBF,20071115,8.23,8.38,8.23,8.34,21100
LCM,20071115,15.83,15.97,15.72,15.75,79400
LDF,20071115,33.2,33.42,32.06,32.34,49600
LDL,20071115,9.3,9.55,9.3,9.55,25800
LDR,20071115,51,51.41,50.55,51.34,28400
LEA,20071115,16.82,16.825,15.9,16.175,1068900
LEE,20071115,15.82,16.27,15.58,16.09,324300
LEG,20071115,20.01,20.1,19.93,20.03,3778900
LEN,20071115,20.73,21.34,19.88,19.99,4143200
LEN.B,20071115,19.91,19.91,18.45,18.59,11000
LEO,20071115,8.03,8.18,8.03,8.05,150700
LFC,20071115,28.3533,28.9067,27.9233,28.2033,2155600
LFL,20071115,14.4,14.44,14.01,14.3,529200
LGF,20071115,10.34,10.44,10.21,10.42,372100
LGI,20071115,21,21.75,21,21.4,20400
LH,20071115,69.79,70.87,69.39,69.7,1916000
LHO,20071115,37.86,38.48,37.4,37.9,484400
LII,20071115,35.25,36.14,35,35.98,781900
LL,20071115,9,9.5,9,9.01,249200
LLL,20071115,110.43,112.65,109.04,111.2,1414500
LLY,20071115,52.71,52.98,51.95,52.06,6006200
LM,20071115,73.61,74,71.06,71.78,1924300
LMT,20071115,111.68,112.5,110.81,112.08,2405500
LNC,20071115,61.98,62.32,59.07,59.64,3193000
LNN,20071115,48.14,48.81,47.16,48.01,136900
LNT,20071115,20.375,20.625,20.27,20.55,883400
LOR,20071115,20.32,20.49,19.92,20.11,29900
LOW,20071115,24.78,25.17,24.68,25.05,16229800
LPL,20071115,29.95,30.22,29.25,29.51,694300
LPX,20071115,16.24,16.3,15.5,15.65,1199200
LSI,20071115,6.1,6.21,5.83,6.01,24876700
LTC,20071115,22.71,23.15,22.14,23.15,147200
LUB,20071115,10.97,11.23,10.81,11.07,35600
LUK,20071115,44.84,46.25,44.57,44.57,1376100
LUV,20071115,14.29,14.43,14.07,14.14,4254000
LUX,20071115,33.31,33.46,32.93,33.09,65800
LVLT,20071115,44.55,44.85,42,42.3,30301600
LVS,20071115,113.33,116.26,111.8,114.55,1995700
LXP,20071115,18.41,18.54,18.05,18.34,755700
LXP-C,20071115,40.51,40.51,40.51,40.51,0
LYG,20071115,39.87,40.54,39.56,39.89,268300
LYV,20071115,15.81,16.34,15.34,16.33,1011600
LZB,20071115,7.1,7.22,7.01,7.22,356400
M,20071115,28.15,29.09,28,28.55,5593100
MA,20071115,18.5,18.847,18.21,18.488,2074300
MAA,20071115,49.9,50.59,49.07,50.59,275300
MAC,20071115,79.49,80.37,78.21,79.91,923000
MAIN,20071115,14.3,14.79,13.68,14.79,28600
MAN,20071115,63.69,64.86,62.2,62.5,661400
MAS,20071115,23.49,23.89,23.35,23.53,3972000
MAV,20071115,14.22,14.22,14.07,14.09,46000
MBI,20071115,39.25,39.51,37.36,38.14,5424400
MBT,20071115,35.224,35.976,34.432,34.584,1435100
MC,20071115,19.15,19.67,19.15,19.5,264000
MCA,20071115,12.63,12.63,12.54,12.55,42500
MCD,20071115,56.59,57.3,56.24,57.18,8701700
MCI,20071115,15.01,15.465,15.01,15.305,5800
MCK,20071115,63.36,65.16,63.31,64.79,3014000
MCN,20071115,11.74,11.74,11.5,11.5,109800
MCO,20071115,39.8,39.92,37.61,37.85,7155000
MCR,20071115,8.2,8.22,8.2,8.2,65600
MCS,20071115,18.94,19.35,18.85,19.13,160600
MCY,20071115,51.43,52.02,50.58,50.85,167000
MDC,20071115,38.54,39.06,37.52,37.74,688700
MDP,20071115,57.51,58.03,57.24,57.58,385900
MDR,20071115,53.39,53.39,50.5,51.45,2237900
MDT,20071115,46.46,47.02,46.16,46.25,5007800
MDU,20071115,27.14,27.25,26.79,26.98,794800
MED,20071115,4.45,4.6,4.27,4.44,72400
MEG,20071115,27.43,28.14,27.31,27.81,151000
MEI,20071115,12.1,12.97,12.1,12.57,307500
MEN,20071115,9.92,9.95,9.85,9.88,69100
MER-K,20071115,20.89,21.02,20.58,20.76,70600
MER-P,20071115,24.05,24.26,23.56,24.03,56100
MET,20071115,66,66,64.22,64.83,4960200
MET-A,20071115,23.45,23.45,23,23,108100
MFA,20071115,7.98,8.1,7.98,8.1,1410900
MFC,20071115,42.03,42.03,40.5,40.7,1295900
MFD,20071115,27.22,27.27,26.68,26.75,18500
MFG,20071115,9.8,9.84,9.51,9.65,152800
MFL,20071115,12,12.05,11.94,11.97,164100
MFM,20071115,7.09,7.13,7.03,7.06,82500
MFT,20071115,12.02,12.05,11.97,12.02,19500
MFV,20071115,8.3,8.3,8.13,8.16,13000
MGA,20071115,22.1375,22.355,21.71,22.205,351800
MGF,20071115,6.85,6.85,6.64,6.66,283800
MGM,20071115,87.95,89.1,86.5,87.6,996800
MGU,20071115,30.38,30.54,30.27,30.5,59000
MHD,20071115,14.2,14.2,13.93,14.11,51600
MHF,20071115,7.28,7.28,7.17,7.2,42900
MHI,20071115,13.92,14.11,13.8,14.05,45300
MHK,20071115,80.66,80.94,79.01,79.34,641800
MHN,20071115,12.44,12.49,12.37,12.45,100300
MHO,20071115,15.51,16.05,15.36,15.62,202100
MHO-A,20071115,17.9,17.9,16.5,16.5,16400
MIC,20071115,39.87,40.19,39.76,40.12,133600
MIN,20071115,6.08,6.09,6.05,6.07,308000
MIY,20071115,12.86,12.94,12.74,12.84,26900
MKC,20071115,37.17,37.89,37.1,37.64,1543900
MKC.V,20071115,37.59,37.75,36.45,37.67,10100
MKL,20071115,475,498.36,475,482.92,28200
MLI,20071115,15.535,15.84,15.1,15.27,165100
MLM,20071115,121.94,123.59,119.36,120,476700
MLR,20071115,12.36,12.91,12.08,12.82,50800
MMC,20071115,25.05,25.49,24.84,24.98,3877400
MMM,20071115,80.05,80.76,79.32,79.65,4203900
MMP,20071115,21.575,21.745,21.45,21.515,144300
MMS,20071115,10.2475,10.5225,9.7025,9.9775,5029500
MMT,20071115,5.76,5.76,5.72,5.74,116200
MMU,20071115,10.41,10.55,10.4,10.5,131900
MNE,20071115,12.3,12.3,12.1,12.22,35400
MNI,20071115,164.5,167.7,158.9,159.4,302700
MNP,20071115,12.69,12.93,12.64,12.73,26900
MO,20071115,71.79,72.51,71.79,72.27,11721400
MOD,20071115,21.75,22.08,21.49,22,309400
MOG.A,20071115,43.58,44.03,42.87,43.41,170100
MOG.B,20071115,43.88,43.88,43,43.5,1100
MOH,20071115,26.44,27.1133,26.2533,26.9467,162400
MON,20071115,94.18,95.2,91.2,92.75,5496800
MOS,20071115,66.69,66.69,60.07,61.98,4236300
MOV,20071115,28.31,28.67,27.88,28.39,131500
MP-D,20071115,23.63,23.63,23.63,23.63,0
MPA,20071115,12.91,12.98,12.82,12.98,36100
MPG,20071115,28.84,29.31,28.17,28.86,510500
MPV,20071115,13,13.15,12.9,13.12,10200
MPW,20071115,11.71,12.09,11.7,12.09,347500
MPX,20071115,7.7,7.8,7.5,7.55,35100
MQT,20071115,11.22,11.27,11.04,11.04,71000
MQY,20071115,12.7,12.71,12.56,12.65,93500
MRK,20071115,56.96,58.89,56.84,57.92,15786500
MRO,20071115,55.95,56.12,53.89,54.4,5833100
MRT,20071115,13.05,13.22,12.76,12.9,100000
MS,20071115,54.77,55.92,52.13,53.27,19456400
MS-A,20071115,22.64,22.65,21.71,21.71,2100
MSA,20071115,48.57,48.98,48.08,48.68,279000
MSB,20071115,20.2,20.75,19.94,20.64,33000
MSCI,20071115,23,39.95,21.03,24.97,11770300
MSD,20071115,9.64,9.72,9.63,9.71,45800
MSF,20071115,32.63,33.08,32.12,32.23,55800
MSI,20071115,115.92,117.81,114.45,115.22,14394100
MSM,20071115,43.69,44.8,43.54,44.53,729300
MSP,20071115,16.34,16.35,16.2,16.2,6900
MT,20071115,70.33,71.53,68.94,69.55,2601400
MTB,20071115,92.62,94.05,90.05,91,1052400
MTD,20071115,115.67,116.8,115,115.55,284300
MTG,20071115,23.27,23.46,21.7,22.3,4702900
MTH,20071115,14.73,15.06,14.2,14.59,474700
MTL,20071115,51.388,52.774,50.25,51.022,561200
MTN,20071115,51.57,52.4,51.19,51.29,375000
MTR,20071115,71.6,71.67,68.46,69.93,9900
MTRN,20071115,44.9,45.27,43.97,44.46,365400
MTU,20071115,8.61,8.77,8.44,8.52,3603000
MTW,20071115,40.9,41.51,38.76,39.5,16674600
MTX,20071115,34.29,34.565,33.68,33.93,145100
MTZ,20071115,9.96,10.5,9.65,9.7,966000
MUA,20071115,13.33,13.36,12.95,13.07,25600
MUC,20071115,12.32,12.36,12.27,12.3,87200
MUE,20071115,11.47,11.55,11.42,11.51,113700
MUH,20071115,13.05,13.05,12.84,12.99,40600
MUI,20071115,12.87,12.97,12.8,12.92,151600
MUJ,20071115,13.55,13.58,13.45,13.53,56100
MUR,20071115,73.3,73.46,70.44,71.32,2236900
MUS,20071115,11.55,11.55,11.46,11.46,72100
MVC,20071115,16.97,17.47,16.83,17.38,131600
MVO,20071115,23.9,23.91,23.69,23.69,20200
MVT,20071115,13.59,13.6,13.51,13.55,33200
MWA,20071115,9.95,10.05,9.86,9.96,398400
MXE,20071115,31.29,31.75,31,31.09,10400
MXF,20071115,41.26,41.46,40.09,40.28,23900
MYC,20071115,12.35,12.44,12.33,12.42,49100
MYD,20071115,13.23,13.23,12.98,13.06,92800
MYE,20071115,19.85,19.85,18.98,19.24,469300
MYF,20071115,12.23,12.33,12.17,12.17,26200
MYI,20071115,12.34,12.34,12.2,12.27,189200
MYJ,20071115,13.56,13.57,13.4,13.45,27200
MYN,20071115,12.05,12.06,11.96,12.01,117400
MZF,20071115,11.78,11.89,11.78,11.79,22000
NAC,20071115,13.35,13.44,13.21,13.4,59500
NAD,20071115,12.79,12.97,12.79,12.93,137300
NAN,20071115,13.32,13.35,13,13.18,58200
NAT,20071115,32.46,33.02,32.03,32.82,333500
NAZ,20071115,12.22,12.25,12.08,12.1,19400
NBD,20071115,22.49,22.59,22.42,22.59,12000
NBL,20071115,34.985,35.435,34.625,35.065,1580900
NBR,20071115,27.42,28.08,27.13,27.32,5907500
NC,20071115,99.75,100.2,93.09,93.84,80800
NCA,20071115,9.2,9.28,9.14,9.19,58300
NCI,20071115,13.14,13.14,12.72,12.79,377900
NCR,20071115,25.37,25.73,25.24,25.45,2100600
NCS,20071115,172.5,172.95,170,171.6,250100
NCT,20071115,90,93.24,90,91.92,935000
NCT-B,20071115,19.25,23.78,19.25,19.76,10500
NCT-C,20071115,16.7,17.15,16.7,16.93,600
NCT-D,20071115,16.15,16.92,16.15,16.5,1800
NCV,20071115,13.2,13.2,12.84,12.99,217900
NCZ,20071115,13.04,13.15,12.81,12.89,192000
NE,20071115,51.4,52.45,50.03,50.78,4245500
NEE,20071115,66.83,67.7,66.24,67.25,3012300
NEM,20071115,50.18,50.42,48.42,48.8,12433000
NEU,20071115,51.42,51.63,49.9,50.5,101700
NFG,20071115,46.18,47.05,46.11,46.82,537600
NFJ,20071115,22.46,22.77,22.31,22.4,320400
NFX,20071115,50.8,51.25,49.4,50.02,895200
NGG,20071115,80.15,80.66,79.78,79.94,68500
NHI,20071115,28.9,29.05,28.35,28.65,95500
NI,20071115,18,18.06,17.83,17.96,2672300
NIE,20071115,21.75,21.84,21.4,21.4,87800
NIM,20071115,9.16,9.19,9.09,9.12,22900
NJR,20071115,16.0945,16.4915,16.0415,16.3115,195600
NKE,20071115,15.75,15.995,15.5725,15.7625,2097200
NL,20071115,10.3,10.46,9.86,10.09,54800
NLS,20071115,5.27,5.36,5.09,5.17,471600
NLY,20071115,16.44,16.93,16.37,16.72,4922000
NLY-A,20071115,25.1,25.25,24.75,25,8200
NM,20071115,15.82,15.86,14.86,15.17,1155300
NMI,20071115,10.05,10.05,9.86,10,23800
NMK-B,20071115,72,72,72,72,0
NMK-C,20071115,75,75,75,75,0
NMM,20071115,19.21,19.25,17.99,19.17,718200
NMR,20071115,17.09,17.22,16.81,16.91,388200
NMT,20071115,13.14,13.14,12.98,13.08,6600
NMY,20071115,12.67,12.7,12.52,12.57,9700
NNC,20071115,12.75,12.95,12.7,12.8,6500
NNI,20071115,15.13,15.25,14.5,14.65,113900
NNN,20071115,24,24.36,23.89,24.35,981900
NNY,20071115,9.18,9.19,9.08,9.17,16300
NOA,20071115,16.4,16.65,15,15.21,284500
NOC,20071115,82.92,83.02,81.69,81.76,1547000
NOK,20071115,38.07,38.61,37.76,38.07,11655000
NOV,20071115,65.74,65.83,62.28,63.09,6240900
NP,20071115,32.59,32.91,32.24,32.59,162500
NPK,20071115,53,53.51,52.5,52.9,34200
NPO,20071115,32.77,33.86,32.75,33.11,221300
NPV,20071115,13.09,13.17,13,13.15,14500
NQP,20071115,12.63,12.66,12.5,12.66,26300
NR,20071115,5.48,5.57,5.32,5.36,437200
NRF,20071115,18.02,18.48,17.76,18.04,758500
NRF-A,20071115,17.9,17.9,17.9,17.9,200
NRF-B,20071115,17.3,17.3,17.13,17.13,700
NRG,20071115,40.7,40.76,39.9,40.16,2780900
NRP,20071115,324,324,307.9,313.3,99300
NRT,20071115,35.15,35.15,34.11,34.26,10800
NS,20071115,56.53,56.83,56.5,56.5,393300
NSC,20071115,49.87,50.75,49.71,50.11,2882700
NSH,20071115,31.63,31.75,31.25,31.31,182900
NSL,20071115,7.22,7.27,7.12,7.22,62700
NSM,20071115,22.8,23.24,22.42,22.59,7328700
NSR,20071115,33.42,33.86,33.17,33.52,596300
NTC,20071115,13.06,13.19,13.04,13.08,13600
NTG,20071115,50.11,52.13,48.49,49.5,221900
NTL,20071115,23.11,24.21,22.9,23.47,8200
NTT,20071115,22.61,22.9,22.5,22.64,343600
NTX,20071115,13.16,13.24,13.01,13.05,10100
NTZ,20071115,5.92,6.11,5.46,5.5,46300
NUE,20071115,53,53.61,50.28,50.98,6553200
NUM,20071115,12.81,12.81,12.57,12.65,41400
NUO,20071115,13.63,13.7,13.5,13.58,24500
NUS,20071115,17.99,18.21,17.66,17.94,366200
NUV,20071115,9.28,9.29,9.19,9.27,247400
NVO,20071115,12.374,12.476,12.315,12.363,36800
NVS,20071115,52.76,53.1,52.63,52.79,1267700
NW-C,20071115,25.15,25.16,25.15,25.15,1600
NWL,20071115,27.73,28.16,27.63,27.81,1105600
NWN,20071115,49.27,50.01,48.85,50.01,267400
NWY,20071115,7.91,7.93,7.51,7.76,687600
NX,20071115,37.31,37.6,36.08,36.56,445800
NXC,20071115,13.96,14.07,13.96,13.97,10200
NXN,20071115,13.05,13.05,12.97,12.97,400
NXP,20071115,13.64,13.71,13.38,13.6,28300
NXQ,20071115,12.99,13.03,12.91,12.95,32100
NXR,20071115,12.9,12.9,12.8,12.85,23100
NYT,20071115,19.01,20.12,18.74,18.85,1679000
O,20071115,29.33,30.03,29.11,29.64,1680700
OB,20071115,22.05,22.39,21.64,21.95,122600
OC,20071115,23.13,23.67,22.75,23.01,604600
OCN,20071115,5.78,5.85,5.66,5.69,1224000
ODC,20071115,20.28,20.91,20.15,20.78,23900
OFC,20071115,34.73,34.83,33.66,34.62,616000
OFG,20071115,11.85,12.15,11.52,11.68,295700
OFG-A,20071115,24.75,24.75,24.75,24.75,0
OFG-B,20071115,24.3,24.3,23.85,24,1600
OGE,20071115,17.52,17.825,17.415,17.725,412100
OHI,20071115,15.92,16.42,15.84,16.17,475400
OI,20071115,44.7,45.1,44.21,44.56,1053000
OIA,20071115,7.31,7.31,7.28,7.3,24100
OII,20071115,33.435,33.435,31.715,32.17,776100
OIS,20071115,33.39,33.66,31.58,31.88,1480600
OKE,20071115,24.205,24.28,23.885,24.075,661700
OKS,20071115,32.275,32.275,31.575,31.865,90100
OLN,20071115,19.78,20.04,19.12,19.34,1125400
OLP,20071115,20.26,21.97,20.26,21.97,31700
OMC,20071115,46.36,46.85,46.02,46.25,1695000
OME,20071115,7.2,7.35,7.03,7.3,100300
OMI,20071115,26.2733,26.9,26.2733,26.5867,197500
OMN,20071115,5.05,5.33,5,5.33,208300
OPY,20071115,44.5,44.73,42.75,43.06,22600
ORA,20071115,50.5,50.5,48.77,49,148500
ORCL,20071115,19.92,20.62,19.72,20.42,54927000
ORI,20071115,15.41,15.41,14.95,15.04,2463500
OSG,20071115,62.02,62.3,60.6,61.28,1093300
OSK,20071115,50,50,48.18,48.68,971100
OXM,20071115,26.31,26.74,26.1,26.33,238600
OXY,20071115,67.85,68.38,65.31,65.98,6509700
OZM,20071115,30.15,30.15,28.05,28.05,5035900
PAA,20071115,25.52,25.82,25.27,25.445,283600
PAC,20071115,49.3,49.68,47.77,48.48,99500
PAG,20071115,21,21.08,20.65,20.83,338900
PAI,20071115,13.51,13.55,13.41,13.41,17200
PAY,20071115,43.99,44.29,41.73,42.56,1135300
PBF,20071115,13.32,13.45,13.32,13.45,26700
PBH,20071115,8.49,8.73,8.24,8.69,259700
PBI,20071115,37.77,38.24,37.39,38,2880700
PBR,20071115,51.61,51.81,49.255,49.89,7133800
PBR.A,20071115,42.925,44.07,41.78,42.28,3174700
PBT,20071115,15.5,15.5,14.85,14.96,161800
PCF,20071115,8.01,8.02,7.93,7.93,30400
PCG,20071115,44.47,44.83,44.25,44.36,1589800
PCK,20071115,14.03,14.19,14.03,14.17,40000
PCM,20071115,9.93,10.17,9.93,9.98,17600
PCN,20071115,13.39,13.52,13.34,13.37,59200
PCQ,20071115,16,16.16,15.96,16.11,24600
PDS,20071115,17.13,17.13,15.9,15.95,992100
PDT,20071115,10.02,10.11,9.95,9.95,94100
PEG,20071115,45.955,46.65,45.71,46.035,2082900
PEI,20071115,36.56,36.99,36,36.71,307800
PEO,20071115,41.75,41.75,39.87,40.05,66300
PEP,20071115,73.91,74.86,73.38,73.58,5205100
PER,20071115,13.91,14.02,13.68,13.94,663000
PFD,20071115,12.55,12.8,12.55,12.75,42100
PFE,20071115,23.56,23.87,23.22,23.29,35724400
PFG,20071115,67.47,67.76,66.1,66.59,1355200
PFH,20071115,23.74,23.74,23.65,23.74,700
PFK,20071115,21.21,21.21,20.55,20.91,3100
PFL,20071115,16.5,16.72,16.5,16.6,71700
PFN,20071115,16.21,16.25,16.01,16.04,166100
PFO,20071115,9.88,10.24,9.88,10.23,22900
PFS,20071115,15.58,15.58,15.04,15.13,445700
PG,20071115,71.4,72.49,71.31,71.83,11439900
PGH,20071115,18.29,18.29,17.84,17.96,904800
PGP,20071115,23.4,23.4,22.89,22.97,41900
PGR,20071115,19.37,19.56,18.83,18.96,3629900
PH,20071115,80.99,81.4,80,80.48,1566400
PHD,20071115,16.6,16.6,16.42,16.58,103700
PHG,20071115,42.27,42.66,41.77,42.13,735700
PHH,20071115,20.97,21.54,20.73,21.2,523400
PHI,20071115,75,75,71.22,71.5,321600
PHK,20071115,12.87,12.95,12.82,12.85,336600
PHM,20071115,13.42,13.66,13.05,13.15,2796400
PHT,20071115,16,16,14.72,14.76,53700
PII,20071115,23.815,24.22,23.445,23.69,445300
PIM,20071115,6.12,6.14,6.09,6.09,114600
PIR,20071115,4.28,4.29,3.92,3.99,1310100
PIY,20071115,24.94,24.94,24.81,24.81,1100
PJC,20071115,45.5,45.95,43.78,44.71,232200
PJT,20071115,22.9,22.94,22.72,22.94,3600
PKD,20071115,8.07,8.11,7.77,7.84,1652100
PKE,20071115,30.55,31.12,29.89,30.45,130300
PKG,20071115,30.36,31.05,30.09,30.49,1532800
PKI,20071115,26.86,27.23,26.65,26.78,594100
PKX,20071115,160.29,160.94,156,156.61,469500
PKY,20071115,39.95,40.29,39.18,39.99,162900
PLD,20071115,62.97,63.67,62.3,62.84,1008300
PLT,20071115,26.1,26.75,26.01,26.68,512000
PMC,20071115,15.18,15.68,15.18,15.57,283300
PMF,20071115,15.25,15.36,15.25,15.3,44600
PML,20071115,13.21,13.52,13.21,13.43,156800
PMM,20071115,7,7.06,6.96,7.02,97200
PMO,20071115,10.89,10.92,10.85,10.92,24600
PMX,20071115,14.2,14.2,13.97,14.1,110200
PNC,20071115,71.08,71.1,68.89,69.51,3188800
PNF,20071115,12.4,12.4,12.24,12.27,8200
PNI,20071115,13.65,13.72,13.58,13.6,10900
PNM,20071115,22.89,22.89,22.12,22.23,1552800
PNR,20071115,33.95,34.08,33.54,33.73,671000
PNW,20071115,42.22,42.98,41.89,42.62,740400
POL,20071115,6.57,6.61,6.36,6.53,860100
POR,20071115,26.28,26.4,26.15,26.23,473000
POT,20071115,38.2433,38.35,35.8667,36.6033,5155300
PPG,20071115,33.9,34.45,33.425,33.68,1316600
PPL,20071115,48.43,49.52,48.43,49.23,2253400
PPR,20071115,6.38,6.43,6.38,6.4,394600
PPT,20071115,6.09,6.09,6.06,6.06,768200
PQ,20071115,56.6,57,54.24,55.24,340600
PRA,20071115,28.14,28.345,27.68,28.085,261700
PRO,20071115,17.55,18.03,16.08,16.73,76200
PRU,20071115,98.88,99.27,96.48,97.33,3222600
PSA,20071115,76.11,77.94,75.37,76.53,1179300
PSA-A,20071115,19.9,19.9,19.55,19.82,6700
PSA-B,20071115,23.44,23.64,23.44,23.6,5800
PSA-C,20071115,20.86,21.06,20.86,21.06,3800
PSA-D,20071115,19.9,19.9,19.9,19.9,5200
PSA-E,20071115,21.55,21.55,21.35,21.42,3500
PSA-V,20071115,24.25,24.25,24.15,24.22,2100
PSA-W,20071115,21.4,21.4,21.3,21.4,2600
PSA-X,20071115,20.35,20.5,20.3,20.46,8500
PSA-Z,20071115,19.76,19.95,19.75,19.75,3500
PSO,20071115,15.16,15.22,14.97,15.07,231600
PTR,20071115,195.9,195.9,188.68,192.72,951200
PTY,20071115,13.8,13.8,13.65,13.7,175300
PUK,20071115,28.06,28.12,27.3,27.55,99700
PUK-A,20071115,21.25,21.5,20.41,21.03,28400
PUK.P,20071115,22.05,22.6,21.91,22.3,19500
PVG,20071115,31.13,32.5,31.13,32.01,35800
PVH,20071115,43.12,43.32,41.28,42.2,1184300
PWE,20071115,28.56,28.62,27.5,27.81,1343400
PWR,20071115,28.09,28.73,26.93,27.28,2238100
PX,20071115,82.57,83.76,81.1,81.72,1549900
PXD,20071115,49.84,50.39,49.1,49.66,1316900
PYN,20071115,12.45,12.47,12.24,12.34,18000
PYS,20071115,18.27,20,18.26,19.5,7200
PYT,20071115,21.45,21.99,20.99,21.25,2800
PZC,20071115,13,13.07,12.92,12.96,99300
PZE,20071115,5.7,5.7,5.5,5.64,184200
PZN,20071115,15.94,16.06,14.89,15.31,318500
Q,20071115,6.9,6.9,6.6,6.71,23096500
QTM,20071115,3.41,3.47,3.36,3.4,711600
R,20071115,46.5,46.79,45.39,45.59,1061200
RAD,20071115,3.75,3.78,3.57,3.62,14121400
RAI,20071115,31.065,31.7,31.005,31.595,1212700
RAS,20071115,27.03,27.15,26.13,26.55,635900
RAS-A,20071115,12.66,12.75,12.2,12.2,4700
RAS-B,20071115,13.78,13.78,13.5,13.75,2800
RAS-C,20071115,14.38,14.38,14.25,14.35,700
RBA,20071115,24.775,24.775,23.76,23.806,114200
RBC,20071115,47.74,47.74,46.49,47,119300
RBS,20071115,9.26,9.47,9.11,9.28,1046400
RBS-F,20071115,25.51,25.51,25.25,25.35,10200
RBS-H,20071115,24.19,24.19,23.6,23.85,19400
RBS-L,20071115,19.71,19.83,19.4,19.5,60900
RBS-S,20071115,21.65,22.45,21.3,21.62,92400
RCI,20071115,46.28,46.4,45.25,45.66,571000
RCL,20071115,38.49,40.19,38.38,39.67,1493600
RCS,20071115,9.52,9.77,9.52,9.6,51500
RDC,20071115,36.46,37.03,35.55,35.75,2107700
RDN,20071115,12.76,13.2,12.36,12.6,1982500
RDS.A,20071115,79.98,80.25,79.04,79.52,1360200
RDS.B,20071115,79.22,79.45,78.23,78.69,307600
RDY,20071115,15.15,15.38,14.89,15.32,455600
RE,20071115,102.17,102.87,100.84,101.49,273600
REG,20071115,69.66,69.93,68.23,69.06,726200
RES,20071115,5.0267,5.08,4.7333,4.7867,672100
REV,20071115,1.1,1.12,1.08,1.1,770200
RF,20071115,25.47,25.57,24.52,24.68,4627600
RFI,20071115,15.84,15.87,15.6,15.66,22700
RGA,20071115,55.7,55.88,54.5,55.15,154200
RGC,20071115,20.66,21,20.56,20.81,1216600
RGR,20071115,8.79,8.79,8.43,8.54,394600
RGS,20071115,30.6,30.82,29.76,30.13,316700
RHI,20071115,26.63,26.89,26.04,26.09,1312000
RHT,20071115,19.7,19.97,19.35,19.58,2400500
RIG,20071115,118.8,118.8,113.46,114.65,10374400
RIO,20071115,110.9025,112.72,107.935,110.24,1656400
RJF,20071115,32.72,32.92,31.32,31.89,700100
RL,20071115,69,69,66.24,66.76,1472700
RLH,20071115,10.14,10.2,9.98,10.04,84700
RLI,20071115,29.25,30.03,29.25,29.86,210000
RMD,20071115,21.985,22.365,21.625,21.75,690400
RMT,20071115,12.35,12.38,12.05,12.07,98000
RNP,20071115,22.75,22.78,22.3,22.53,118200
RNR,20071115,57.34,57.68,56.49,57,607400
RNR-C,20071115,18.05,18.44,17.91,18.15,21100
ROG,20071115,44.42,45.55,43.65,44.69,101200
ROK,20071115,69.71,69.78,68.01,68.22,1358900
ROL,20071115,8.2114,8.2114,7.9351,7.9693,209700
ROP,20071115,64.19,64.45,63.05,63.66,587300
RPM,20071115,19.06,19.12,18.61,18.74,776200
RPT,20071115,26.25,26.25,25.26,26.02,183700
RQI,20071115,19.85,20.12,19.39,19.5,59000
RRC,20071115,39.68,40.41,38.76,39.17,1246400
RRD,20071115,38.32,38.7,38.09,38.18,1008500
RS,20071115,51.88,51.89,49.15,49.95,1160100
RSG,20071115,33.77,33.77,32.97,33.42,925800
RSO,20071115,9.71,9.92,9.65,9.74,225000
RT,20071115,15.3,15.5,14.95,15.03,805100
RTN,20071115,62.45,62.7,61.25,61.8,3516700
RVT,20071115,18.22,18.38,18.02,18.19,125600
RWT,20071115,36.75,36.75,33.57,34.92,467300
RY,20071115,53.24,53.53,51.48,51.84,550700
RYN,20071115,31,31,30.14,30.6333,1230500
S,20071115,15.81,15.91,15.36,15.48,19332600
SAB,20071115,37,37.37,37,37.37,200
SAH,20071115,24.49,24.85,24.05,24.48,387200
SAM,20071115,36.57,36.59,34.06,34.36,227100
SAN,20071115,47.44,47.89,46.81,47.1,88500
SAP,20071115,50.8,51.07,50.21,50.64,1699900
SAR,20071115,116.1,116.7,113.7,114,1600
SBH,20071115,9,9.21,8.91,9.17,579800
SBR,20071115,47.62,48.35,45.87,47.97,43600
SBS,20071115,7.885,8.1667,7.85,7.95,131700
SBW,20071115,13.08,13.61,12.93,12.94,38600
SCCO,20071115,37.2133,37.2133,34.8333,35.75,9037800
SCD,20071115,18.94,19.08,18.78,19,58300
SCG,20071115,41.64,41.84,41.23,41.67,808100
SCI,20071115,13.39,13.54,13.23,13.49,2334200
SCL,20071115,15.525,15.99,15.52,15.71,32300
SCS,20071115,16.26,16.46,16.16,16.25,423800
SCX,20071115,18.45,18.58,18.28,18.58,5800
SD,20071115,33.81,33.9,31.92,31.98,545800
SE,20071115,24.31,24.77,24.28,24.62,1847800
SEE,20071115,23.8,24.12,23.39,23.53,1866300
SEP,20071115,25.1,25.32,24.9,25.22,79500
SF,20071115,22.3713,22.3713,21.2593,21.5667,104900
SFE,20071115,12,12.3,11.7,11.7,417300
SFL,20071115,26.17,26.64,25.6,26.04,421200
SGF,20071115,18.35,18.35,17.88,17.88,43000
SGU,20071115,3.79,3.85,3.7,3.83,85800
SGY,20071115,421,427.2,400.4,407.9,396300
SHG,20071115,58,59.25,57.8,57.815,127400
SHI,20071115,42.6533,43.0267,40.9867,41.2733,69800
SHO,20071115,24.41,24.46,24.03,24.35,698200
SHW,20071115,63.07,63.36,61.68,61.97,828400
SID,20071115,11.9265,12.419,11.895,12.1745,1153800
SIG,20071115,16.93,17.07,16.82,16.91,152000
SIX,20071115,0.5,0.5225,0.49,0.5225,7085600
SJI,20071115,18.845,18.985,18.58,18.96,185600
SJM,20071115,52.76,52.88,52.06,52.19,134300
SJR,20071115,25.69,25.69,24.58,24.95,285200
SJT,20071115,35.23,35.53,34.45,34.5,78400
SJW,20071115,35.31,35.69,34.61,35.37,69200
SKM,20071115,32.15,33.02,30.87,31.04,1939000
SKT,20071115,21.695,22.005,21.5,22.005,495200
SKX,20071115,7.1833,7.2333,6.9133,6.9933,408000
SLB,20071115,92.73,93.76,90.12,90.84,8611500
SLF,20071115,53.88,53.88,52.69,52.9,417100
SLG,20071115,111.92,112.78,108.4,110.71,880800
SLW,20071115,15.44,15.57,14.77,14.93,3335000
SM,20071115,40.93,40.96,39.37,40.15,741700
SMG,20071115,37.3,37.8,37.01,37.52,457200
SMI,20071115,7.665,7.83,7.56,7.71,395100
SMP,20071115,7.82,7.9,7.7,7.78,104700
SNA,20071115,47.59,48.2,47.48,47.62,349900
SNE,20071115,48.5,49.02,48.17,48.38,1108600
SNN,20071115,23.348,23.472,23.2,23.224,58800
SNP,20071115,110.6308,110.6308,106.5615,107.9231,670700
SNV,20071115,179.13,180.18,170.66,172.34,3392700
SNX,20071115,21.89,22.1,21.61,21.95,117200
SNY,20071115,44.3,44.32,43.74,43.87,3327400
SO,20071115,36.33,37.06,36.33,36.83,6867100
SON,20071115,30.49,30.53,29.9,30.02,470100
SOR,20071115,63.05,64,63.05,63.99,3400
SOV-C,20071115,24.33,24.33,24.33,24.33,0
SPA,20071115,4.91,4.96,4.85,4.92,6400
SPG,20071115,96.55,98.16,94.9,96.78,1858600
SPG-J,20071115,58.26,58.26,58.26,58.26,100
SPH,20071115,43.88,44.49,40.75,43.54,389200
SPN,20071115,37.04,37.04,35.36,35.76,978000
SPR,20071115,35.64,35.64,34.8,35.1,588200
SQM,20071115,170.5,171.25,168.27,170.13,37200
SR,20071115,63.85,66,63.65,64.8,78600
SRE,20071115,58.61,59.54,58.61,58.95,986200
SRI,20071115,9.3,9.31,9.06,9.21,109000
SRT,20071115,9.34,9.38,8.92,9.04,30600
SRV,20071115,16.2,16.5,15.76,16,100400
SSD,20071115,29.39,29.5,28.36,28.92,358300
SSI,20071115,17.02,17.52,16.96,17.29,246000
SSL,20071115,50.88,51.31,49.72,50.28,454200
SSP,20071115,43.91,44.78,43.66,44.19,550800
SSW,20071115,28.98,30.16,28.98,29.44,258600
STC,20071115,30.07,30.55,29.5,29.81,108300
STE,20071115,27.4,27.71,26.95,27.05,551700
STI,20071115,70.69,70.88,67.95,68.7,2991000
STI-A,20071115,23.3,23.3,22,22,5600
STJ,20071115,38.79,39.69,38.69,39,4676100
STL,20071115,12.93,13,12.26,12.8,175000
STM,20071115,16.63,16.71,16.42,16.54,1601500
STN,20071115,45,45,45,45,0
STO,20071115,31.2,31.23,30.35,30.49,1067900
STT,20071115,77.32,77.44,74.28,75,7275600
STV,20071115,37,39.33,36.25,38.59,1951000
STZ,20071115,22.47,23.12,22.39,22.58,1593400
STZ.B,20071115,22.75,22.75,22.75,22.75,0
SU,20071115,50.9,50.94,49.16,49.885,3112100
SUI,20071115,26.23,26.41,25.85,26.06,206900
SUN,20071115,70.79,71.58,67.99,68.72,2254900
SUP,20071115,18.73,18.93,18.42,18.62,151300
SVU,20071115,39.08,40.56,39.08,39.81,3113800
SWC,20071115,9.99,10.06,9.63,9.71,732500
SWK,20071115,52.19,52.89,51.44,52.24,922800
SWM,20071115,13.58,13.72,13.295,13.545,59800
SWN,20071115,26.125,26.445,25.205,25.67,2455700
SWX,20071115,28.23,28.95,28.16,28.79,292700
SWZ,20071115,17.74,17.89,17.5,17.61,68500
SXC,20071115,33.8,33.8,32.9,32.91,26500
SXE,20071115,29.86,29.94,29.19,29.76,270900
SXI,20071115,20.49,20.74,19.86,20.27,44100
SXL,20071115,8.825,8.8467,8.75,8.81,21700
SXT,20071115,28.7,28.98,28.16,28.48,302800
SYK,20071115,70.45,71.69,70.45,70.82,1080800
SYT,20071115,47.09,47.76,47.01,47.43,419000
SYX,20071115,19.68,19.85,19.32,19.53,483300
SYY,20071115,33.21,33.56,32.95,33,3132100
T,20071115,39.26,40.04,39.24,39.37,20616200
TAC,20071115,34.17,34.35,33.45,33.66,27000
TAL,20071115,22.74,22.96,22.65,22.75,61200
TAP,20071115,52.56,53.82,52,52.35,1263300
TAP.A,20071115,53.41,53.41,52.5,52.5,200
TCAP,20071115,12.72,12.72,12.17,12.41,8500
TCB,20071115,20.07,20.15,19.31,19.51,1360400
TCI,20071115,16.05,16.05,15.93,15.97,1300
TCO,20071115,58.2,58.2,56.04,57.39,728900
TD,20071115,34.49,34.62,33.5,33.675,1797800
TDA,20071115,21.65,22,21.65,21.85,17200
TDC,20071115,25,25.09,24.23,24.41,1656100
TDF,20071115,32.8,32.8,30.95,31.03,121800
TDG,20071115,45.17,45.17,43.78,44.26,184100
TDI,20071115,19.34,19.34,18.46,18.8,10700
TDW,20071115,48.29,48.33,46.51,46.91,2255100
TDY,20071115,54.2,54.71,53.56,54.34,227800
TEF,20071115,33.0333,33.3067,32.7067,32.8533,404100
TEI,20071115,13.18,13.35,13.13,13.16,98100
TEL,20071115,32.31,33.15,31.98,33.1,2679600
TEN,20071115,31.39,31.39,30.36,30.66,373300
TEO,20071115,25.75,26.14,25.25,25.56,106900
TER,20071115,11.5,11.7,11.37,11.46,4626600
TEVA,20071115,44.73,44.99,44.22,44.33,3331600
TEX,20071115,63.55,64.94,61.1,61.97,2217100
TFX,20071115,63.63,64.36,61.29,62.01,598400
TG,20071115,13.31,13.58,13.15,13.36,327500
TGH,20071115,13.88,13.89,13.27,13.42,29200
TGI,20071115,37.745,38.095,37.245,37.615,122200
TGP,20071115,30.67,31.32,30.36,30.69,30400
TGS,20071115,6.6,6.6,5.96,6.25,28100
TGT,20071115,56.42,56.5,54.62,55,12497400
THC,20071115,17.4,18,17.08,17.36,9677000
THG,20071115,44.86,45.3,44.59,45.1,318900
THO,20071115,40.76,41.03,40.13,40.35,848700
THS,20071115,23.63,24.4,23.37,24.26,183400
TI,20071115,31.43,31.57,30.9,31.07,204500
TI.A,20071115,25.55,25.59,25.18,25.38,50700
TIF,20071115,47.19,48.97,46.8,47.34,2801400
TJX,20071115,14.54,14.85,14.515,14.64,4333600
TK,20071115,48.74,49.65,48.27,48.8,428600
TKC,20071115,26.86,26.86,26.02,26.24,1316400
TKF,20071115,19.9,19.9,19.04,19.74,33900
TKR,20071115,30.7,30.92,30,30.29,315200
TLI,20071115,10.99,11.88,10.99,11.75,40500
TLK,20071115,22.5,23,22.235,22.38,220400
TLP,20071115,30.1,30.57,30.1,30.38,28500
TM,20071115,111.15,111.85,109.76,110.48,485900
TMK,20071115,28.56,28.6089,27.9155,28.08,448400
TMO,20071115,57.83,58.21,57.37,57.43,1593700
TNC,20071115,47.2,47.44,46.24,46.7,63300
TNH,20071115,106.94,106.95,101.5,102.59,249500
TNP,20071115,33.85,35.21,33.62,34.52,255000
TOL,20071115,21.63,22.15,21.3,21.49,2796700
TOO,20071115,26.2,26.85,25.8,25.8,24100
TOT,20071115,78.4,79.05,77.35,77.99,2709600
TPC,20071115,26.5,26.5,26.11,26.38,73100
TPL,20071115,47.2,49.83,46.25,46.45,11300
TPX,20071115,33.18,33.3,31.8,32.42,1314900
TR,20071115,24.29,24.79,24.14,24.56,378300
TRC,20071115,38.3,39,38.18,38.85,40300
TRI,20071115,53.86,53.86,53.86,53.86,0
TRK,20071115,36.5,36.82,35.9,36.17,155600
TRN,20071115,14.075,14.125,13.425,13.5,2092800
TRP,20071115,40.37,40.52,39.36,39.62,354000
TRR,20071115,11.36,11.36,9.68,10.27,61900
TRU,20071115,10.1,10.3,10.1,10.3,3200
TRV,20071115,52.63,53.4,52.62,52.96,4245300
TS,20071115,46.4,47.19,46.31,46.98,2594600
TSI,20071115,3.8,3.85,3.77,3.77,96000
TSL,20071115,26.415,26.7,25.175,26.055,1212500
TSM,20071115,9.9,9.91,9.55,9.65,14895100
TSN,20071115,15.43,15.48,14.76,14.84,6962500
TSO,20071115,56.37,57,54,54.38,4287600
TSS,20071115,29.31,29.35,28.2,28.53,637300
TSU,20071115,42.9,43.21,41.08,41.55,438800
TTC,20071115,13.1,13.2825,12.845,12.9075,301300
TTF,20071115,13.94,14.22,12.62,12.88,358000
TTI,20071115,15.61,15.71,14.89,15.32,1444800
TTM,20071115,17.55,17.66,17.08,17.1,866600
TU,20071115,25.16,25.375,24.66,24.895,134700
TUP,20071115,32.89,33.98,32.87,33.76,1613100
TV,20071115,23.38,24.12,23.23,23.7,1731000
TVC,20071115,23.22,23.39,23.15,23.25,7200
TVE,20071115,24.07,24.09,23.9,23.94,17700
TWI,20071115,28,28.21,26.78,27.23,499100
TWN,20071115,20.93,21.05,20.6,20.63,39400
TWX,20071115,50.85,51.93,50.7,51.03,23148300
TX,20071115,37.63,38,36.9,37.36,435900
TXT,20071115,66.1,67.2,65.26,65.52,1635000
TY,20071115,22.4,22.5,21.96,22.24,119700
TY.P,20071115,44.5,44.5,44.15,44.45,900
TYG,20071115,34.33,34.33,33.4,33.66,42600
TYL,20071115,15.3,15.7,15.16,15.28,151500
UA,20071115,6.3575,6.4375,6.1638,6.3,880900
UAL,20071115,43.82,45.08,42.75,43.26,4180300
UBA,20071115,16.94,17.13,16.25,17.05,92000
UBP,20071115,17.91,17.99,17.48,17.8,27100
UBS,20071115,48.71,48.78,47.25,47.75,3626300
UDR,20071115,22.39,22.39,21.73,22.16,1624600
UFI,20071115,2.99,3,2.94,2.95,238500
UFS,20071115,46.08,46.6776,43.6176,43.9776,11435500
UGI,20071115,17.3333,17.4067,16.86,16.94,786500
UGP,20071115,9.1875,9.3125,9.1075,9.175,20900
UHS,20071115,25.485,25.6,25.185,25.295,195400
UHT,20071115,35.54,36.37,34.47,36.36,80500
UIS,20071115,57.3,58,56.7,56.9,2617400
UL,20071115,36.14,36.34,35.85,35.99,836000
UMC,20071115,3.58,3.58,3.43,3.44,5749800
UN,20071115,35.17,35.28,34.76,34.94,1825600
UNF,20071115,38.41,38.77,37.25,38,90800
UNH,20071115,52.72,53.8,52.72,53.02,7615100
UNM,20071115,24.72,25.09,23.52,24.08,3823600
UNP,20071115,30.9075,31.725,30.5975,31.1075,2485900
UNT,20071115,46.68,47.48,45.21,45.52,535400
UPS,20071115,73,73.67,72.54,73.1,3390200
URI,20071115,23.85,25.13,22.41,22.91,19701200
USA,20071115,7.35,7.35,7.21,7.24,311600
USB,20071115,32.21,32.78,31.22,31.6,14644800
USB-H,20071115,23.82,23.82,23.65,23.65,600
USG,20071115,37.52,38.46,37.25,37.75,841900
USPH,20071115,14.42,14.5,14.24,14.5,58700
UTF,20071115,26.78,27.13,26.78,26.96,193900
UTI,20071115,21.93,22.37,21.76,21.88,841200
UTX,20071115,74.77,74.85,73.38,73.95,4676700
UVV,20071115,52.34,53.15,51.73,52.32,289000
VAL,20071115,25.34,25.36,24.77,25.03,498200
VAR,20071115,48.52,49.36,48.51,48.81,861200
VBF,20071115,16.81,16.91,16.8,16.85,11000
VC,20071115,4.97,5.01,4.62,4.78,3223800
VCO,20071115,47.61,47.81,47.12,47.81,10400
VCV,20071115,14.44,14.59,14.44,14.5,41300
VFC,20071115,20.41,20.535,19.5975,19.6725,1102100
VG,20071115,2.22,2.27,2.09,2.13,1038000
VGM,20071115,13.54,13.68,13.46,13.65,103700
VGR,20071115,21.87,22.05,21.74,21.99,285100
VHI,20071115,7.38,7.38,6.95,7.0767,79600
VIV,20071115,28.03,29.06,27.57,28.21,118700
VKQ,20071115,13.44,13.44,13.2,13.39,233500
VLO,20071115,69.09,69.53,66.28,67.22,10586500
VLT,20071115,16.9,17.05,16.8,16.95,36000
VLY,20071115,19.09,19.12,18.52,18.64,546200
VLY-A,20071115,25.05,25.12,24.87,25,216800
VMC,20071115,86,86.57,82.48,83.31,2215100
VMI,20071115,77.8,80,77.02,78.9,220200
VMO,20071115,13.75,13.84,13.68,13.7,75700
VMW,20071115,87.45,89.65,81.4,82.3,4616300
VNO,20071115,97.92,100.18,97.02,98.1,1496100
VNO-G,20071115,21,21,20.85,20.95,4900
VNO-I,20071115,20.77,21.07,20.62,20.7,12500
VPV,20071115,12.91,13.1,12.75,13.1,38300
VR,20071115,26,26.82,25.71,25.97,52700
VRX,20071115,11.18,11.36,10.99,11.1,909600
VSH,20071115,11.93,12.09,11.75,11.84,1370000
VTA,20071115,15.77,15.95,15.76,15.83,492000
VTN,20071115,14.07,14.07,13.74,13.88,33800
VTR,20071115,42.35,43.17,41.66,42.53,1099000
VVC,20071115,28.4,28.83,28.36,28.71,307400
VVI,20071115,33.58,33.74,32.83,33.24,217200
VVR,20071115,6.99,7.2,6.99,7.17,583100
VZ,20071115,43.43,43.68,42.85,43.04,12309200
WAB,20071115,17.495,17.665,17.38,17.64,658700
WAL,20071115,21.33,21.39,20.29,20.9,126800
WAT,20071115,74.76,75.28,73.82,74.38,647800
WBC,20071115,49.13,50.61,49.13,49.74,190600
WBK,20071115,25.04,25.214,24.65,24.74,26700
WBS,20071115,34.13,34.3,33.18,33.42,499800
WCC,20071115,43.57,43.98,42.5,42.94,536000
WCG,20071115,33.85,34.5,33.29,33.75,1123100
WCN,20071115,22.3667,22.6,22.1067,22.36,415800
WDR,20071115,33.59,34.26,32.49,32.71,1578100
WEA,20071115,13.66,13.81,13.26,13.38,16200
WEC,20071115,23.175,23.6,23.1,23.5,871700
WF,20071115,59.87,60.45,58.9,58.9,5200
WFC,20071115,32.63,33.14,31.67,31.97,34812200
WFT,20071115,30.965,31.25,29.915,30.28,3741100
WG,20071115,35,35.2,34.01,34.37,2746500
WGL,20071115,33.05,33.65,32.99,33.39,653000
WGO,20071115,24.14,24.24,23.72,24.03,638400
WHG,20071115,37.55,37.55,35.74,36.01,15800
WHR,20071115,79.99,79.99,77.9,78.35,1506200
WIA,20071115,11.61,11.67,11.61,11.63,67700
WIT,20071115,8.202,8.376,8.112,8.202,345200
WIW,20071115,11.74,11.78,11.7,11.77,162800
WLK,20071115,10.26,10.53,10.135,10.22,262100
WLL,20071115,26.595,27.09,26.04,26.425,384000
WM,20071115,34.56,34.98,34.18,34.43,3729700
WMB,20071115,34.47,34.79,34.03,34.45,8455700
WMK,20071115,41.99,42.66,41.99,42.38,32900
WMS,20071115,33.78,34,32.77,33.39,903300
WMT,20071115,46.29,47.06,45.87,46.2,21830200
WNC,20071115,7.8,7.93,7.56,7.85,343700
WNR,20071115,30.67,31.22,29.21,29.99,1298700
WNS,20071115,19.35,20,18.95,19.73,70600
WOR,20071115,21.6,21.87,20.95,21.06,1587900
WPC,20071115,34.49,34.75,34.49,34.74,32700
WPZ,20071115,41.35,41.55,40.91,41.2,141800
WR,20071115,25.09,25.42,24.77,25.31,1903900
WRE,20071115,33.86,34.23,33.33,33.95,228800
WRI,20071115,36.76,37.21,36.48,37.05,1022800
WSM,20071115,29.36,30,28.2,28.4,5283200
WSO,20071115,38.49,38.82,36.5,37.39,563500
WST,20071115,19.625,19.96,19.5,19.545,200900
WTI,20071115,27.76,28.41,27.29,27.53,740700
WTM,20071115,509,510.9,503,505.06,19500
WTR,20071115,17.792,18.04,17.552,17.648,1351300
WTS,20071115,29.36,29.82,28.6,28.72,559400
WTW,20071115,49.94,50.16,49.6,49.98,255000
WU,20071115,22.59,23.15,21.97,21.99,6330000
WWE,20071115,15.11,15.15,14.77,14.9,92400
WWW,20071115,12.74,12.845,12.45,12.605,268200
WY,20071115,73.23,74.72,71.84,72.71,3596600
WYN,20071115,28.09,28.29,27.4,27.58,1940500
X,20071115,91.87,92.11,88.81,90.47,4223100
XCO,20071115,15.39,15.47,15,15.11,417800
XEC,20071115,40.09,40.09,38.92,39.27,962900
XEL,20071115,21.93,22.4,21.92,22.05,2780100
XKE,20071115,8.07,8.07,8.07,8.07,0
XL,20071115,67.64,67.9,65.79,66.35,1636400
XOM,20071115,85.7,86.67,83.85,84.49,23708300
XRM,20071115,117.6,117.6,113.2,114,217500
XRX,20071115,16.03,16.18,15.76,15.82,5772200
Y,20071115,388.39,400,385.5,398,20100
YGE,20071115,313.7,323.2,297,306.2,2338000
YPF,20071115,39.62,39.71,39.4,39.43,9400
YUM,20071115,37.53,38.24,37.5,37.8,2572400
YZC,20071115,17.6,17.8,17.26,17.51,100500
ZB-A,20071115,23.01,23.01,23.01,23.01,500
ZF,20071115,20.04,20.44,20.04,20.16,188200
ZNH,20071115,53.5,55,52.82,53.42,109300
ZTR,20071115,18,18.12,17.88,17.92,392800
