<ticker>,<date>,<open>,<high>,<low>,<close>,<vol>
A,20121115,25.8512,26.2089,25.5293,25.5722,5226200
AA,20121115,24.33,24.57,24.06,24.15,14813200
AAN,20121115,28.8,28.88,28.46,28.61,356000
AAP,20121115,77.49,78.05,76.77,77.5,937800
AAT,20121115,26.16,26.47,24.87,26.03,131400
AAV,20121115,3.33,3.37,3.25,3.32,199300
AB,20121115,16.39,16.61,15.75,15.86,385700
ABB,20121115,17.92,17.98,17.7,17.75,2668600
ABC,20121115,40.15,40.36,39.9,40.16,2237600
ABG,20121115,27.7,28.55,27.6,28.43,224500
ABM,20121115,18.71,18.73,18.22,18.27,165300
ABR,20121115,5.13,5.13,4.96,5,294700
ABT,20121115,63.83,63.94,62.93,63.2,6320600
ABX,20121115,33.99,34.04,33.03,33.27,11104800
ACC,20121115,43.74,43.91,42.96,43.27,992000
ACCO,20121115,6.7,6.83,6.52,6.6,756300
ACH,20121115,10.41,10.47,10.29,10.37,92800
ACM,20121115,19.28,19.95,19.27,19.72,1196900
ACN,20121115,65.03,65.62,64.3,64.59,3814100
ACP,20121115,16.84,17.51,16.83,17.36,111300
ACRE,20121115,15.78,16.13,14.85,15.6,208900
ADC,20121115,24.93,25.33,24.89,25.22,68400
ADM,20121115,24.5,24.74,24.38,24.48,5723200
ADS,20121115,139.95,140.38,137.95,139.3,831200
ADX,20121115,10.16,10.3,10.01,10.19,409100
AEB,20121115,23.41,23.41,22.75,23.06,23500
AED,20121115,24.9,24.94,24.68,24.83,66700
AEE,20121115,29.36,29.55,28.9,29.02,1685100
AEG,20121115,5.29,5.35,5.28,5.32,539500
AEH,20121115,25.17,25.36,24.88,25.1,111000
AEK,20121115,27.32,27.7,27.12,27.28,236100
AEL,20121115,10.66,10.96,10.63,10.93,807000
AEM,20121115,54.3,54.41,51.47,51.63,3026300
AEO,20121115,19.25,19.25,18.57,18.87,4718400
AEP,20121115,41.09,41.47,40.72,40.96,2553800
AER,20121115,12.92,13.22,12.68,13.15,729100
AES,20121115,9.79,9.93,9.58,9.72,6977000
AES-C,20121115,49.85,49.93,49.75,49.85,11500
AET,20121115,40.8,41.2,40.57,40.78,3234600
AF,20121115,8.96,9.15,8.88,9.05,573000
AFA,20121115,25.45,25.45,25.09,25.23,45500
AFB,20121115,15.65,15.65,15.31,15.49,111300
AFC,20121115,24.97,24.98,24.44,24.63,13900
AFG,20121115,37.33,37.49,37.12,37.35,426200
AFL,20121115,49.69,50.71,49.5,50.14,4079600
AFSD,20121115,25.35,25.35,24.95,25.02,153200
AFT,20121115,19.53,19.54,18.57,19.27,130700
AFW,20121115,26.24,26.32,25.76,26.02,35000
AG,20121115,21.5,21.62,20.8,20.92,1314500
AGC,20121115,6.14,6.2,6.06,6.2,211600
AGCO,20121115,43.28,43.77,42.48,43.2,2091700
AGD,20121115,9.96,9.98,9.6,9.7,627800
AGM,20121115,30.09,30.47,29.52,30.36,104200
AGM.A,20121115,22.88,22.88,22.88,22.88,0
AGN,20121115,89.12,89.19,87.66,87.95,1555800
AGO,20121115,12.76,13.05,12.62,12.88,1879400
AGO-B,20121115,25.41,25.49,25.27,25.45,5000
AGO-E,20121115,24.48,24.8,24.07,24.69,22100
AGO-F,20121115,23.8,24.18,23.8,23.96,17600
AGRO,20121115,8.99,9.09,8.46,8.56,182800
AGU,20121115,96.01,97.78,96.01,96.86,942200
AHC,20121115,4.6,4.66,4.55,4.66,71800
AHL,20121115,29.73,30.03,29.62,29.78,481100
AHL-B,20121115,26,26.02,25.68,25.74,36000
AHT,20121115,8.46,8.57,8.28,8.29,270300
AHT-A,20121115,25.31,25.35,25.3,25.3,2000
AHT-D,20121115,25.19,25.19,25,25.15,15800
AI,20121115,18.37,19.49,18.37,19.44,226600
AIB,20121115,23.48,23.5,23.13,23.38,30100
AIG,20121115,30.97,31.6,30.82,31.24,18855500
AIG.W,20121115,13.42,13.72,13.3,13.63,132300
AIN,20121115,20.51,20.71,19.88,20.11,80100
AIR,20121115,13.6,13.76,13.42,13.56,258700
AIT,20121115,37.42,37.64,36.68,36.98,319100
AIV,20121115,24.35,24.49,24.05,24.3,1239400
AIZ,20121115,34.94,35.08,34.58,34.97,656600
AJG,20121115,35.36,35.48,35.03,35.42,426800
AKO.A,20121115,29.89,30.49,29.58,30.3,7800
AKO.B,20121115,37.22,38.05,37.22,38.02,710500
AKP,20121115,15.87,15.87,15.47,15.47,24600
AKR,20121115,24.32,24.63,24.01,24.14,404500
AKS,20121115,3.84,3.84,3.56,3.63,51773900
AL,20121115,22.41,22.72,22.33,22.52,459600
ALB,20121115,54.83,54.91,53.6,54.08,636700
ALE,20121115,39.21,39.21,38.35,38.56,128000
ALEX,20121115,27.38,28,27.17,27.36,132000
ALG,20121115,31.19,31.47,30.78,30.84,13800
ALJ,20121115,13.27,13.35,13,13.23,275500
ALK,20121115,20.25,20.75,20.035,20.44,961100
ALL,20121115,38.36,38.57,38.04,38.28,3195300
ALL-A,20121115,25.75,25.75,25.25,25.45,1080900
ALL-B,20121115,25.15,25.15,24.7,24.9,404300
ALP-O,20121115,25.7,26.24,25.7,26.14,5100
ALR,20121115,17.88,17.97,17.54,17.67,765700
ALR-B,20121115,194.01,194.01,191.17,191.17,600
ALSN,20121115,21.79,21.98,20.33,20.8,462500
ALV,20121115,55.71,56.38,54.99,55.21,883400
ALX,20121115,426.26,427.55,424.03,426.02,2300
AM,20121115,16.9,17.08,16.75,16.95,344600
AME,20121115,35.45,35.74,34.85,35.02,998700
AMG,20121115,121.98,122.96,120.45,120.76,548600
AMID,20121115,16.56,16.6,15,15.94,56900
AMP,20121115,57.4,58.37,57.2,58.06,1806600
AMRC,20121115,9,9.23,9,9.16,39500
AMT,20121115,73.39,73.79,71.76,72.35,1978000
AMT-A,20121115,107.512,109.025,105.7765,107.1115,111600
AMX,20121115,23.15,23.4,23.01,23.18,6764000
AN,20121115,39.44,40.42,39.32,40.28,779900
ANF,20121115,41.81,42.9,41.02,41.75,11296100
ANFI,20121115,7.44,7.67,7.35,7.43,25100
ANH,20121115,5.46,5.61,5.41,5.55,3590900
ANH-A,20121115,25.51,25.61,25.26,25.5,24800
ANH-B,20121115,24.63,24.65,24.5,24.5,1200
ANTM,20121115,54.41,55.2,54.25,54.64,2993300
ANW,20121115,5.62,5.62,4.78,4.97,490800
AOD,20121115,7.82,7.86,7.42,7.74,4006400
AOI,20121115,30.1,30.3,29.9,30,188500
AON,20121115,56.02,56.1,55.52,55.96,2118000
AOS,20121115,14.63,14.765,14.265,14.59,421000
AP,20121115,16.43,16.51,16.15,16.23,15000
APA,20121115,76.24,77.17,75.5,75.65,3969100
APB,20121115,9.96,9.96,9.87,9.9,19900
APC,20121115,69.53,71.01,69.41,70.38,4048000
APD,20121115,80.17,80.66,79.5,79.85,1303300
APF,20121115,14.07,14.11,13.91,14,53100
APH,20121115,29.61,29.77,29.16,29.36,670200
APO,20121115,14.1,14.5,14.02,14.25,596600
APU,20121115,39.33,39.83,38.5,38.99,213300
ARC,20121115,2.79,2.83,2.62,2.63,63400
ARCO,20121115,10.8,10.94,10.63,10.73,950400
ARE,20121115,64.57,65.49,64.09,65.11,1007000
ARH-C,20121115,26.44,26.46,26.06,26.16,26100
ARI,20121115,15.6,15.75,15.1,15.4,573000
ARI-A,20121115,25.21,25.33,25.06,25.16,15200
ARL,20121115,2.71,2.71,2.6,2.6,1200
ARNC,20121115,8.11,8.19,8.02,8.05,6580400
ARR,20121115,5.84,6.56,5.7,6.41,22418000
ARR-A,20121115,24.45,24.99,24.35,24.98,42400
ARU,20121115,24.6,24.69,24.16,24.32,39800
ARW,20121115,35.98,36.39,35.6,35.83,795100
ASA,20121115,21.58,21.65,20.75,21,91900
ASG,20121115,3.76,3.8,3.65,3.72,71800
ASGN,20121115,18.19,18.7,18,18.5,212700
ASH,20121115,35.09,35.175,33.805,34.14,1194600
ASR,20121115,100.01,102.5,100,101.09,150000
ASX,20121115,3.79,3.79,3.72,3.73,652800
AT,20121115,11.97,11.97,11.41,11.63,1150400
ATI,20121115,26.45,26.99,25.8,26.09,1968700
ATO,20121115,33.62,33.79,33.03,33.2,333500
ATR,20121115,46,46.29,45.53,45.8,716200
ATU,20121115,25.65,26.13,25.38,25.97,488200
ATV,20121115,2.66,2.66,2.65,2.65,1100
ATW,20121115,46.95,47.48,45.59,46.37,947600
AU,20121115,30.8,31.17,30.23,30.34,2450000
AUO,20121115,3.88,3.91,3.85,3.89,1080300
AUY,20121115,18.71,18.82,17.93,18.25,9573200
AVA,20121115,23.29,23.43,22.98,23.07,278500
AVB,20121115,127.64,128.1,126.12,127.69,840400
AVD,20121115,29.73,29.97,28.87,29.32,206000
AVK,20121115,15.19,15.27,14.84,14.97,220400
AVP,20121115,13.78,14.01,13.77,13.81,5469400
AVT,20121115,28.69,28.96,28.24,28.37,1124400
AVX,20121115,9.9,9.97,9.81,9.82,149900
AVY,20121115,32.22,32.42,31.7,31.76,659500
AWF,20121115,14.75,14.77,14.02,14.61,1052300
AWH,20121115,26.18,26.3433,25.4367,25.66,350800
AWI,20121115,48.05,48.66,47.12,47.28,478600
AWK,20121115,36.59,36.76,36.43,36.63,1768600
AWP,20121115,6.6,6.65,6.36,6.65,956800
AWR,20121115,21.045,21.235,20.645,20.82,60300
AXE,20121115,58.07,58.52,57.62,57.92,133400
AXL,20121115,9.63,9.88,9.42,9.43,1738000
AXP,20121115,53.59,53.95,53.02,53.64,4753100
AXR,20121115,6.39,6.53,6.35,6.49,10300
AXS,20121115,34.19,34.5,33.88,34.11,839700
AYI,20121115,62.26,62.91,62.05,62.4,253800
AYR,20121115,11.03,11.26,10.99,11.17,318900
AZN,20121115,45.24,45.37,44.9,45.07,1014200
AZO,20121115,369.87,373.82,367.88,372.78,290700
AZZ,20121115,35.69,36.1,34.85,36.02,211900
B,20121115,20.12,20.23,19.75,19.96,326900
BA,20121115,71.22,71.99,70.78,71.04,3928400
BAC,20121115,9.03,9.2,9.02,9.09,144591800
BAC-D,20121115,25.04,25.1,24.9,24.95,88300
BAC-E,20121115,21.8,21.96,21.63,21.74,18800
BAC-I,20121115,26.69,26.84,26.42,26.72,77900
BAC-L,20121115,1080,1095,1061.01,1090,21500
BAC.A,20121115,3.77,3.88,3.77,3.79,126100
BAC.B,20121115,0.64,0.68,0.64,0.65,71200
BAF,20121115,16.65,16.65,16.07,16.42,70000
BAH,20121115,13.56,13.82,13.42,13.45,222200
BAK,20121115,12.83,13.07,12.51,12.75,341700
BAM,20121115,22.16,22.2333,21.84,21.9133,751000
BAP,20121115,136.72,137.22,134.91,136.3,221800
BAS,20121115,9.12,9.48,9.12,9.24,1095900
BAX,20121115,64.99,66,64.83,65.9,4214900
BBD,20121115,10.8126,10.9298,10.6749,10.8609,8102200
BBDO,20121115,11,12.0917,11,11.9167,9700
BBF,20121115,16.02,16.02,15.75,15.83,46000
BBG,20121115,17.48,18.23,17.25,17.57,1078000
BBK,20121115,18.08,18.08,17.47,17.57,48400
BBL,20121115,60.29,60.51,59.74,60.1,360100
BBN,20121115,22.98,23.38,22.37,23.21,675100
BBT,20121115,27.08,27.7,26.86,27.55,7190700
BBT-D,20121115,25.57,26.19,25.31,25.52,65300
BBT-E,20121115,25.3,25.3,24.75,24.96,193600
BBT-F,20121115,24.5,24.5,24,24.4,159800
BBVA,20121115,7.98,8.06,7.92,7.95,602700
BBW,20121115,3.65,3.67,3.58,3.6,41000
BBY,20121115,15.39,15.53,15.06,15.25,3394000
BC,20121115,24.38,24.74,23.96,24.07,780700
BCE,20121115,41.78,41.85,41.18,41.34,708500
BCEI,20121115,20.94,21.6,20.83,21.24,274300
BCH,20121115,86.27,89.11,86.21,89,30900
BCO,20121115,25.75,25.97,25.11,25.19,247900
BCR,20121115,95.4,95.65,94.66,95.04,491400
BCS,20121115,15.18,15.3,15,15.1,4239900
BCS-D,20121115,25.73,25.8,25.47,25.47,200100
BCX,20121115,12.95,12.96,12.53,12.72,353300
BDC,20121115,35.81,36.16,34.76,35.1,335800
BDJ,20121115,7,7.07,6.87,7.05,2050200
BDN,20121115,11.1,11.21,10.95,11.07,1048000
BDX,20121115,74.73,75.55,74.65,75.45,1180000
BEN,20121115,42.5433,42.9733,42.1933,42.57,792600
BERY,20121115,14.11,14.5,14.01,14.01,159300
BF.A,20121115,30.71,30.985,30.495,30.875,3700
BF.B,20121115,32.14,32.48,32.05,32.37,386200
BFK,20121115,15.8,15.81,15.45,15.63,165000
BFO,20121115,16,16,15.61,15.86,19700
BFR,20121115,3.63,3.68,3.55,3.63,41200
BFS,20121115,41.12,41.52,40.7,40.99,20700
BFZ,20121115,16.83,16.87,16.62,16.79,87500
BG,20121115,70.67,71.03,69.97,70.4,828000
BGB,20121115,18.98,19.16,18.75,19.1,116600
BGC,20121115,27.09,27.43,26.54,26.65,442800
BGCA,20121115,23.7,24.97,23.36,24.15,165900
BGE-B,20121115,25.52,25.6,25.5,25.5,4900
BGG,20121115,19.09,19.16,18.7,18.91,377000
BGH,20121115,25,25.01,25,25,31300
BGR,20121115,22.56,22.83,21.73,22.07,178200
BGS,20121115,27.54,27.54,26.83,27.21,849500
BGT,20121115,14.32,14.32,13.88,14.29,115600
BGX,20121115,19.35,19.45,17.55,17.94,129500
BGY,20121115,7,7.02,6.85,6.94,875800
BH,20121115,339.24,340,335.01,336.82,2000
BHE,20121115,15.12,15.21,14.78,14.82,191300
BHI,20121115,40.14,40.78,39.44,39.87,5574700
BHK,20121115,15.21,15.21,14.1,14.52,360100
BHL,20121115,13.7,13.73,12.92,13.56,98700
BHP,20121115,68.81,69.07,68.16,68.43,2292700
BID,20121115,28.13,29.1,27.98,28.95,966000
BIF,20121115,6.22,6.22,6.03,6.15,83700
BIG,20121115,26.98,27.47,26.72,27.39,682700
BIO,20121115,100.25,101.7,100.25,100.86,62400
BIO.B,20121115,105,105,105,105,0
BIP,20121115,22.24,22.2933,21.7533,21.9667,354400
BITA,20121115,6.85,6.85,6.75,6.83,19800
BJZ,20121115,16.32,16.32,16.04,16.29,12800
BK,20121115,23.56,23.79,23.39,23.57,7628400
BK-C,20121115,25.09,25.1,24.61,24.84,81500
BKD,20121115,21.6,21.98,21.28,21.58,2284400
BKE,20121115,47.93,48.47,45.63,48.44,648400
BKH,20121115,33.85,34.02,33.51,33.88,281900
BKK,20121115,16.86,16.86,16.55,16.59,32200
BKN,20121115,16.94,17.12,16.5,16.55,61800
BKS,20121115,15.29,15.36,14.48,14.7,986200
BKT,20121115,7.38,7.38,7.07,7.35,542900
BKU,20121115,22.16,22.33,22.01,22.16,159500
BLH,20121115,16.52,16.59,16.38,16.53,9400
BLK,20121115,186.5,187.55,185.2,186.96,1046700
BLL,20121115,21.5,21.795,21.5,21.62,1164600
BLW,20121115,17.43,17.6,16.8,17.59,247700
BLX,20121115,20.82,21.19,20.8,20.92,260100
BMA,20121115,13.92,14.03,13.7,14.03,47100
BME,20121115,27.87,27.87,26.29,26.41,42700
BMI,20121115,41.38,41.62,40.74,41.14,44400
BML-G,20121115,18.39,18.5,18.31,18.5,2700
BML-H,20121115,18.2,18.38,18.17,18.24,24000
BML-I,20121115,24.84,24.95,24.67,24.84,92500
BML-J,20121115,21.5,21.57,21.13,21.36,8900
BML-L,20121115,21.44,21.69,21.06,21.39,72900
BMO,20121115,57.49,57.59,56.69,56.98,538600
BMS,20121115,32.58,32.71,32.27,32.39,992300
BMY,20121115,31.38,31.38,30.64,30.81,23039200
BNJ,20121115,17.61,17.68,17.41,17.44,16200
BNS,20121115,53.01,53.21,52.35,52.72,372300
BNY,20121115,16.53,16.56,16.14,16.26,53400
BOE,20121115,12.27,12.27,11.92,11.99,1110000
BOH,20121115,41.84,42.28,41.67,42.04,315200
BORN,20121115,2.06,2.25,2.03,2.23,120200
BOX,20121115,17,17.1,16.8,17.08,78500
BOXC,20121115,28.9,28.9,28.9,28.9,100
BP,20121115,40.8,41.06,40.08,40.3,7862400
BPI,20121115,8.75,9.12,8.69,8.97,295300
BPK,20121115,16.98,16.98,16.82,16.92,22600
BPL,20121115,45,45.83,44.45,44.65,455600
BPT,20121115,71.35,72.41,71,72.14,269000
BQH,20121115,16.75,16.77,16.41,16.41,5500
BR,20121115,22.59,22.89,22.39,22.67,730600
BRC,20121115,30.59,32.12,30.48,30.89,382500
BRFS,20121115,17.76,18.02,17.65,17.85,925300
BRK.A,20121115,128150,128919.5,127700,128178,500
BRK.B,20121115,85.17,85.75,84.99,85.3,3898300
BRO,20121115,25.72,26.05,25.5,26.05,1062800
BRS,20121115,48.49,49.3,48.3,49.07,120200
BRT,20121115,6.25,6.26,6.25,6.25,5500
BSAC,20121115,26.04,26.62,26.04,26.16,217800
BSBR,20121115,6.84,6.84,6.61,6.67,3911900
BSD,20121115,16.12,16.23,15.38,15.61,45700
BSE,20121115,16.12,16.17,15.86,15.95,19700
BSL,20121115,19.28,19.44,18.3,19,164000
BSMX,20121115,13.6,13.68,13.5,13.57,2076100
BSX,20121115,5.12,5.17,5.09,5.11,8762300
BT,20121115,17.83,17.94,17.675,17.8,107500
BTA,20121115,13.13,13.14,12.79,12.93,59600
BTE,20121115,43.21,43.97,43,43.77,169700
BTO,20121115,16.18,16.2,15.35,16.08,202600
BTT,20121115,25.05,25.05,24.8,24.82,78900
BTU,20121115,25.27,25.9,24.94,25.07,5510500
BTZ,20121115,13.89,13.92,13.54,13.64,452300
BUD,20121115,82.81,83.14,82.45,82.79,1213900
BUI,20121115,17.51,17.88,16.83,17.35,150100
BVN,20121115,33.36,33.65,32.44,33.02,1380500
BWA,20121115,31.22,31.355,30.63,30.965,1379200
BWG,20121115,19.27,19.52,18.97,19.26,62100
BWP,20121115,24.2,24.41,23.55,23.69,1152200
BX,20121115,13.99,14.05,13.33,13.52,18008300
BXC,20121115,21.9,22.1,21.8,21.9,23900
BXP,20121115,100.2,100.82,99.23,100.03,961400
BXS,20121115,12.77,12.85,12.63,12.71,419700
BYD,20121115,4.82,4.9,4.75,4.76,943000
BYM,20121115,16.7,16.71,16.25,16.34,124300
BZH,20121115,13.29,13.8,12.89,13.15,2956100
C,20121115,35.19,35.8,35.01,35.21,39677800
C-N,20121115,27.7,27.85,27.54,27.73,378200
C-P,20121115,28.52,28.52,27.77,27.77,3600
C-S,20121115,25,25.1,24.93,24.99,105000
C.A,20121115,0.36,0.36,0.36,0.36,7000
CAB,20121115,44.37,45,44.01,44.3,855200
CACI,20121115,50.37,50.79,50.02,50.32,191700
CAE,20121115,9.63,9.63,9.31,9.38,61800
CAF,20121115,19.35,19.35,18.81,19.04,216900
CAG,20121115,27.57,27.82,27.52,27.7,3593800
CAH,20121115,39.35,39.58,39.09,39.36,1997500
CAJ,20121115,31.42,32.16,31.41,32.08,1336200
CALX,20121115,5.81,5.87,5.59,5.68,968600
CAT,20121115,81.35,82.57,80.5,81.3,7797100
CATO,20121115,27.87,28.11,27.3,27.66,76300
CB,20121115,73.92,74.8,73.78,74.37,1578100
CBB,20121115,24.75,25.05,24.05,24.35,1741000
CBB-B,20121115,43.15,43.44,42.95,43.29,8900
CBD,20121115,44.08,44.45,43.65,43.9,281200
CBG,20121115,17.35,17.56,17.24,17.34,2378700
CBI,20121115,37.12,37.36,36.6,36.82,1367200
CBK,20121115,3.16,3.16,2.84,2.92,254900
CBL,20121115,21.64,22.03,21.25,21.41,1875000
CBL-D,20121115,25.45,25.5,25.3,25.36,13500
CBL-E,20121115,25.15,25.15,24.31,24.5,49300
CBM,20121115,9.52,9.72,9.38,9.49,318200
CBS,20121115,33.39,33.87,33.23,33.38,6163200
CBS.A,20121115,33.65,33.65,33.51,33.51,3400
CBT,20121115,36,36.12,35.02,35.05,495100
CBU,20121115,25.59,25.98,25.5,25.82,151400
CBZ,20121115,5.39,5.41,5.32,5.33,558600
CCC,20121115,11.91,12.16,11.59,12.12,425800
CCE,20121115,29.78,29.93,29.53,29.74,2158700
CCI,20121115,65.4,65.55,63.74,64.21,1976200
CCJ,20121115,16.83,16.9,16.51,16.72,1845300
CCK,20121115,36.61,36.78,36.36,36.39,815300
CCL,20121115,37.51,37.83,37.13,37.39,3166500
CCM,20121115,4.55,4.57,4.34,4.5,72700
CCO,20121115,6.72,6.77,6.5,6.54,151400
CCU,20121115,28.416,28.66,27.936,28.216,17700
CCZ,20121115,40,40,40,40,0
CDE,20121115,23.13,23.43,22.61,22.8,2263600
CDI,20121115,15.59,15.71,15.23,15.41,18400
CDR,20121115,4.83,4.88,4.7,4.7,138700
CDR-B,20121115,23.8,23.85,22.74,23.46,42900
CE,20121115,38.75,39.19,38.61,38.83,1229900
CEA,20121115,16.88,17,16.73,16.73,7000
CEE,20121115,30.72,30.96,30.31,30.39,36900
CEL,20121115,8.83,9.3,8.82,8.89,855200
CEM,20121115,22.15,22.36,21.15,21.89,381500
CEO,20121115,203,203.46,201.28,202.06,35800
CF,20121115,39.176,39.668,38.616,38.96,1029200
CFC-B,20121115,25,25.05,24.82,24.95,146600
CFI,20121115,12.23,12.46,12.1,12.22,25100
CFR,20121115,54.41,55.05,54.17,54.42,358300
CFX,20121115,35.29,36.06,35.08,35.29,1634500
CGA,20121115,3.2,3.24,3.1,3.13,88400
CGI,20121115,16.4,16.53,16.06,16.17,136000
CHA,20121115,51.47,52.43,51.35,52.11,90200
CHD,20121115,25.26,25.505,25.17,25.485,1483900
CHE,20121115,57.07,63.49,56.51,63.4,190000
CHH,20121115,30.76,30.94,30.44,30.85,118700
CHK,20121115,16.93,17.07,16.29,16.39,22173100
CHK-D,20121115,81.15,81.78,80.95,80.95,5400
CHKR,20121115,17.13,17.33,16.23,16.66,560500
CHL,20121115,54.26,54.4,53.95,54.08,381200
CHN,20121115,22.21,22.25,22.01,22.13,36500
CHS,20121115,17.83,17.89,17.48,17.62,2420700
CHS-A,20121115,26.27,26.53,26.27,26.42,30600
CHSP,20121115,17.81,18.06,17.55,17.85,119700
CHT,20121115,31.59,31.76,31.58,31.76,154000
CHU,20121115,14.43,14.47,14.29,14.37,1239200
CI,20121115,49.72,50.94,49.46,50.87,4742600
CIA,20121115,9.2,9.51,9.18,9.39,37100
CIB,20121115,61.96,62.42,61.77,62.1,221300
CIE,20121115,20.11,20.45,19.9,20.11,1456500
CIF,20121115,2.91,2.98,2.82,2.89,150700
CIG,20121115,8.824,8.872,8.48,8.752,2559800
CIG.C,20121115,10.95,10.95,10.95,10.95,200
CII,20121115,12.06,12.13,11.8,11.89,483200
CIM,20121115,2.52,2.64,2.51,2.63,11246600
CIR,20121115,33.11,33.64,33.1,33.47,69400
CIT,20121115,36.1,36.71,36.1,36.35,721700
CKH,20121115,85.77,86.07,84.7,85.07,65600
CL,20121115,51.67,52.075,51.625,51.885,1386300
CLB,20121115,97.53,99.09,95.7,98.73,396600
CLD,20121115,19.18,19.49,18.4,18.64,1115300
CLDT,20121115,13.34,13.45,13.23,13.26,24200
CLF,20121115,35.26,36.59,34.81,35.25,6277600
CLGX,20121115,23.18,23.59,22.9,23.51,1273600
CLH,20121115,55.36,56.64,55.03,56.42,827900
CLI,20121115,24.54,24.89,24.37,24.62,702500
CLN-A,20121115,25.85,25.98,25.53,25.73,39500
CLR,20121115,34.185,34.625,33.765,34.355,993300
CLS,20121115,7.17,7.23,7.13,7.21,516600
CLW,20121115,38.9,39.39,37.53,37.87,94200
CLX,20121115,72.75,73.16,72.53,72.67,845700
CM,20121115,76.95,77.2,76.23,76.49,159600
CMA,20121115,27.86,28.19,27.73,28.02,2372000
CMA.W,20121115,7.1,7.25,7.1,7.25,33900
CMC,20121115,13.14,13.5,13,13.23,827400
CMG,20121115,255.56,260.89,253.39,260.3,620900
CMI,20121115,94.34,95.71,93.98,94.87,2075500
CMO,20121115,11.06,11.48,10.81,11.36,2682200
CMP,20121115,74.57,75.67,73.7,74.2,193300
CMRE,20121115,12.7,12.75,12.25,12.6,286000
CMS,20121115,22.9,23.02,22.57,22.79,2056900
CMS-B,20121115,96.1,96.1,95.57,95.8,200
CMU,20121115,5.05,5.08,4.77,4.95,354500
CNA,20121115,27.1,27.26,26.85,27.1,144500
CNC,20121115,21.12,21.31,20.96,21.125,426100
CNCO,20121115,15.67,15.75,15.53,15.72,43300
CNI,20121115,42.595,42.67,42.075,42.42,579800
CNK,20121115,25.48,25.79,25.21,25.49,385700
CNO,20121115,8.35,8.52,8.26,8.45,1422000
CNP,20121115,19.49,19.6,18.95,19.13,6430400
CNQ,20121115,27.6,28.05,27.23,27.31,6225300
CNS,20121115,27.8,28.6,27.75,28.51,329500
CNX,20121115,32.25,32.9,30.99,31.14,4070600
CO,20121115,2.82,2.82,2.75,2.8,262000
CODI,20121115,13.52,14.14,13.49,14,180900
COF,20121115,55.69,55.8,54.45,54.77,7143300
COF-P,20121115,24.94,24.94,24.64,24.85,282200
COF.W,20121115,19.06,19.45,18.61,19,13400
COG,20121115,23.775,24.18,23.69,23.82,2928200
COH,20121115,53.02,53.31,52.2,52.81,5904400
COL,20121115,53.74,54.83,53.68,54.41,1915400
COO,20121115,90.63,91.22,88.8,89.4,542900
COP,20121115,54.65,55.14,54.12,54.59,7599100
COR,20121115,21,21.33,20.5,20.98,614500
COT,20121115,8.23,8.29,8.13,8.25,412600
CP,20121115,90.69,92.27,89.96,90.38,1554100
CPA,20121115,94.99,95.58,93.78,93.86,359000
CPAC,20121115,12.39,12.67,12.15,12.15,1800
CPB,20121115,36.28,36.41,36.14,36.25,2357900
CPE,20121115,4.26,4.36,4.21,4.25,207100
CPF,20121115,13.87,14.04,13.77,14.03,68100
CPK,20121115,28.7467,28.8133,27.5867,27.8133,28500
CPL,20121115,20.7,20.89,20.46,20.75,322000
CPN,20121115,16.54,16.81,16.47,16.74,4309400
CPT,20121115,63.45,64.16,63.03,63.53,368700
CR,20121115,40.3,40.75,40.08,40.53,211500
CRD.A,20121115,4.59,4.68,4.5,4.6,24900
CRD.B,20121115,5.62,5.75,5.61,5.61,58400
CRH,20121115,17.6,17.78,17.56,17.64,99200
CRI,20121115,50,50.52,49.61,50.3,766100
CRK,20121115,81.85,82.65,76.3,79.05,1500900
CRL,20121115,39.02,39.28,38.15,38.17,467200
CRM,20121115,35.0475,35.255,34.865,35.1825,1137400
CRR,20121115,71.73,73.09,70.73,72.73,209300
CRS,20121115,46.04,46.04,44.76,44.81,865000
CRT,20121115,26.58,27.3,25.51,25.94,32700
CRY,20121115,5.6,5.84,5.58,5.67,51100
CS,20121115,22.47,22.62,22.24,22.37,1554200
CSL,20121115,53.79,54.19,52.97,53.61,226500
CSS,20121115,19.51,20.07,19.51,19.83,13900
CSU,20121115,16,16.87,15.91,16.76,396300
CSV,20121115,10.72,10.85,10.62,10.66,61800
CTB,20121115,23.36,23.86,23.07,23.12,908500
CTL,20121115,38.08,38.39,37.52,37.71,5175500
CTR,20121115,19.4,19.56,18.53,19.02,154900
CTS,20121115,8.22,8.36,8.13,8.14,63900
CTU,20121115,26.2,26.2,25.5,25.79,84000
CTW,20121115,26.5,26.82,26.03,26.38,38800
CTX,20121115,25.91,25.99,25.46,25.67,58700
CUB,20121115,46.88,47.19,46.48,47.13,71700
CUBE,20121115,12.89,13.02,12.67,12.82,713400
CUK,20121115,38.55,38.84,38.25,38.47,149800
CUZ,20121115,7.9,7.92,7.79,7.84,460700
CVA,20121115,17.23,17.35,16.96,17.07,452100
CVE,20121115,32.54,32.83,32.05,32.29,973900
CVG,20121115,15.6,15.66,15.01,15.02,1335700
CVI,20121115,38.98,39.77,38.75,39.2,275200
CVO,20121115,15.6,15.76,14.96,15.2,445000
CVS,20121115,45.26,45.53,44.56,44.7,7838600
CVX,20121115,101.99,103.47,100.66,101.62,9776800
CW,20121115,29.44,29.85,29.33,29.5,226400
CWH,20121115,14.26,14.39,13.81,14.05,1147700
CWT,20121115,17.28,17.4,17.18,17.22,207900
CX,20121115,8.43,8.64,8.27,8.52,19375100
CXE,20121115,5.66,5.67,5.42,5.56,177900
CXH,20121115,10.64,10.74,10.44,10.55,22700
CXO,20121115,80.03,80.93,78.5,80.32,1164200
CXW,20121115,32.69,32.88,32.12,32.32,989100
CYD,20121115,14.31,14.41,14.04,14.14,40900
CYH,20121115,27.81,28.27,27.51,28.04,1602100
CYS,20121115,11.48,11.99,11.46,11.78,7078200
CYS-A,20121115,24.55,24.87,24.55,24.74,26600
CZZ,20121115,16.49,16.62,16.35,16.5,390500
D,20121115,49.86,50.17,49.29,49.68,2418100
DAC,20121115,2.83,3.09,2.78,2.87,30300
DAL,20121115,9.55,9.81,9.46,9.49,13064800
DAN,20121115,13.25,13.43,12.99,13.02,2255200
DAR,20121115,15.26,15.46,15.24,15.44,706700
DB,20121115,42.77,43.09,42.4,42.62,1540900
DBD,20121115,28.31,28.59,28.03,28.26,333800
DBL,20121115,26.47,26.51,26.03,26.1,135300
DCI,20121115,31.95,32.29,31.83,32.14,722200
DCM,20121115,13.92,13.93,13.81,13.86,386900
DCO,20121115,13.91,14.11,13.84,14,66900
DCT,20121115,24.48,24.72,24,24.16,2527300
DD,20121115,42.23,42.67,41.82,42.1,7168700
DD-A,20121115,85.03,85.03,85.03,85.03,100
DD-B,20121115,104.38,104.49,104,104,300
DDD,20121115,27.3333,27.74,24.6,25.1933,2713200
DDE,20121115,1.99,2.02,1.9,1.98,35800
DDF,20121115,7.5,7.51,7.25,7.35,93700
DDR,20121115,14.96,15.13,14.79,14.92,2208200
DDR-J,20121115,24.86,24.86,24.6,24.78,125000
DDS,20121115,82.21,83.66,81.79,82.58,479400
DDT,20121115,25.41,25.5,25.35,25.37,9300
DE,20121115,85,85.76,84.58,85.39,3134500
DECK,20121115,29.89,30.56,29.84,30.39,1190600
DEI,20121115,21.86,21.92,21.55,21.71,1383900
DEL,20121115,61.3,61.86,60.36,61.08,36900
DEO,20121115,114.15,114.61,114,114.47,587700
DEX,20121115,10.37,10.55,10.15,10.33,160000
DF,20121115,33.4,33.84,33.1,33.36,3332300
DFS,20121115,39.95,40.07,37.9,38.34,12988800
DFS-B,20121115,24.92,25,24.74,24.85,208700
DFT,20121115,20.05,20.96,20.05,20.46,633100
DG,20121115,47.4,48.1,47.25,47.96,4318200
DGI,20121115,24.34,24.4,23.66,23.85,333500
DGX,20121115,56.37,56.64,55.98,56.5,522500
DHF,20121115,3.9,3.95,3.75,3.81,1116400
DHG,20121115,14.75,14.76,14.25,14.54,162100
DHI,20121115,18.3,19.08,17.71,18.47,11098600
DHR,20121115,51.4,51.71,51.32,51.58,3879200
DHT,20121115,3.7,3.76,3.63,3.68,106600
DHX,20121115,8.22,8.27,8.07,8.2,225300
DIN,20121115,60.24,60.75,59.66,59.87,79900
DIS,20121115,47.24,47.64,46.96,47.47,11418600
DK,20121115,25.08,25.72,25.01,25.38,346000
DKL,20121115,21.3,21.58,21.2,21.36,45700
DKS,20121115,49.67,50.25,49.3,49.95,1252500
DKT,20121115,27.29,27.45,26.97,27.22,179900
DL,20121115,3.31,3.42,3.31,3.42,1000
DLB,20121115,30.71,31.9,30.71,31.88,1159900
DLPH,20121115,31.79,32.5,31.38,31.68,1763200
DLR,20121115,60.41,61.96,60.37,61,1176100
DLX,20121115,28.9,28.99,28.42,28.98,272400
DM,20121115,3.72,3.93,3.52,3.54,222400
DMO,20121115,25.82,25.82,24.43,25.02,102200
DNB,20121115,80.49,80.99,70.38,73.21,3288200
DNI,20121115,13,13.16,12.6,12.96,244900
DNP,20121115,8.97,9.08,8.78,8.94,1295700
DNR,20121115,14.36,14.55,14.24,14.32,12665400
DO,20121115,64.81,65.36,64.4,64.91,1523300
DOV,20121115,60.5,61.15,60.15,60.7,1744800
DOW,20121115,28.27,28.3,27.7,27.89,9066000
DPG,20121115,17.1,17.24,16.65,16.99,188200
DPS,20121115,42.95,43.32,42.53,42.6,2350400
DPZ,20121115,39.67,40.08,39.34,39.8,709400
DQ,20121115,3.75,4,3.75,3.95,13700
DRD,20121115,7.53,7.69,7.35,7.65,119800
DRE,20121115,12.89,13.04,12.71,12.77,3036900
DRH,20121115,8.22,8.31,8.11,8.16,2678700
DRI,20121115,50.25,51.04,50.2,50.48,1262400
DRQ,20121115,66.57,68.33,66.37,67.56,181400
DSM,20121115,9.3,9.35,9.06,9.12,212700
DST,20121115,54.71,55.44,54.27,54.44,456600
DSU,20121115,12.03,12.24,11.73,12.15,1010400
DSW,20121115,29.45,29.45,28.635,29.195,1078300
DSX,20121115,7.07,7.13,6.99,7.06,469400
DTE,20121115,58.73,59.21,58.2,58.64,831900
DTF,20121115,18.1,18.1,17.95,17.96,21500
DTK,20121115,26.54,26.59,26.17,26.36,162300
DTQ,20121115,25.05,25.05,24.89,24.93,57400
DUC,20121115,11.96,11.96,11.51,11.66,183000
DUK,20121115,60.57,61.01,59.63,59.87,3702900
DV,20121115,24.35,25.1,24.32,24.99,1138300
DVA,20121115,56.07,56.55,55.8,56.445,782300
DVD,20121115,1.57,1.57,1.51,1.54,3000
DVN,20121115,53.37,53.48,51.98,52.48,4037100
DX,20121115,8.74,9.2,8.66,9.08,693500
DX-A,20121115,25.24,25.46,25.24,25.35,31700
DXB,20121115,25.8,25.99,25.56,25.72,78100
DY,20121115,14.81,14.95,14.56,14.62,235200
DYN,20121115,18.38,18.52,17.91,18.04,402800
DYN.W,20121115,1.4,1.47,1.35,1.35,33900
E,20121115,44.56,44.82,44.25,44.35,652500
EAT,20121115,29.33,29.4,28.52,28.71,1722200
EBF,20121115,14.07,14.98,13.9,14.44,140500
EBR,20121115,4.53,4.61,4.36,4.44,1020200
EBR.B,20121115,6.22,6.29,5.5,5.9,1018700
EBS,20121115,14.14,14.16,13.76,14.08,101100
EC,20121115,56.26,57.58,56.08,57.26,516500
ECA,20121115,20.61,20.84,20.28,20.5,4183000
ECL,20121115,68.27,68.94,68.16,68.7,972700
ECT,20121115,18.18,18.18,16.8,16.8,365600
ED,20121115,55.21,55.5,54.2,54.43,2821200
EDD,20121115,15.81,15.88,15.45,15.75,390000
EDF,20121115,24.26,24.4,22.51,23.83,67500
EDI,20121115,25.03,25.03,25,25,9800
EDN,20121115,1.76,1.76,1.74,1.74,200
EDR,20121115,29.49,29.64,29.16,29.49,978900
EDU,20121115,18.31,19.41,18.3,19.31,5129100
EE,20121115,31.14,31.49,30.46,30.8,112000
EEA,20121115,6.67,6.67,6.6,6.6,9700
EEP,20121115,28.01,28.42,27.41,27.6,1067900
EEQ,20121115,29.19,29.2,27.82,28.55,188600
EFC,20121115,21.13,22.08,21.12,21.83,134800
EFR,20121115,15.75,15.81,15.21,15.66,241000
EFT,20121115,15.9,16.06,15.35,15.78,224700
EFX,20121115,50.17,50.19,49.62,49.79,1020000
EGF,20121115,15.32,15.42,15.29,15.31,66000
EGL,20121115,19.7,19.8,19.47,19.54,280800
EGN,20121115,42.44,42.54,41.38,42.21,945600
EGO,20121115,14.43,14.53,13.9,14.09,3980200
EGP,20121115,50.71,51.6,49.76,50.29,135400
EGY,20121115,7.83,7.91,7.46,7.53,531900
EHI,20121115,12.67,12.95,12.57,12.93,463100
EIG,20121115,18.55,18.55,18.2,18.25,103400
EIX,20121115,44.17,44.29,43.55,43.79,998500
EL,20121115,56.35,56.86,56.04,56.41,1781000
ELJ,20121115,26.27,26.43,26.07,26.17,27000
ELLI,20121115,22.65,22.88,21.41,21.68,754800
ELP,20121115,12.9,13.1,12.8,12.85,344900
ELS,20121115,32.025,32.215,31.59,31.91,296900
ELS-C,20121115,26.17,26.17,26.1,26.15,2800
ELY,20121115,6.18,6.22,6.05,6.06,453900
EMD,20121115,14.8,14.91,14.38,14.56,178000
EME,20121115,31.99,32.27,31.69,31.86,428900
EMF,20121115,18.11,18.23,18.01,18.12,124600
EMN,20121115,55.57,56.02,54.65,55.05,1437300
EMO,20121115,19.13,19.15,18.3,18.95,217700
EMR,20121115,48.31,48.73,47.92,48.14,3398500
ENB,20121115,38.33,38.42,37.67,38.31,630300
ENR,20121115,74.74,74.77,73.18,74.02,1035800
ENS,20121115,32.31,32.6,31.76,31.94,376500
ENV,20121115,13.32,13.65,13.22,13.63,111000
ENZ,20121115,2.87,2.87,2.66,2.75,157000
EOD,20121115,7.19,7.25,6.89,7.02,801300
EOG,20121115,56.72,58.275,56.66,58.08,2380500
EOI,20121115,10.32,10.32,10.04,10.16,381200
EOS,20121115,10.31,10.31,9.98,10.07,557300
EOT,20121115,23.75,23.94,23.41,23.79,144100
EP-C,20121115,53.13,54.4,52.99,54.2,30800
EPAM,20121115,19.49,19.83,18.91,19.43,164600
EPD,20121115,25.07,25.23,24.26,24.405,3430400
EPR,20121115,43.1,43.59,42.5,43.09,199600
EPR-C,20121115,21.36,21.36,21.03,21.25,12900
EPR-E,20121115,29.37,29.39,29,29.15,22600
EPR-F,20121115,24.79,24.81,24.21,24.34,9100
EQM,20121115,28.34,28.99,27.91,27.99,97000
EQR,20121115,54.35,54.7,53.99,54.28,1913300
EQS,20121115,2.22,2.44,2.22,2.4,4600
EQT,20121115,60.22,60.68,59.54,59.87,1135900
ERF,20121115,11.92,12.19,11.71,11.81,1756600
ERJ,20121115,26.41,26.7,26.27,26.41,706200
ES,20121115,3.08,3.17,2.92,2.92,1264400
ESE,20121115,34.72,34.86,34.33,34.6,157600
ESL,20121115,56.23,56.63,55.28,55.42,158100
ESS,20121115,138.6,139.52,137.03,138.08,283900
ESV,20121115,54.48,54.9,53.86,54.76,2315500
ETB,20121115,13.27,13.28,12.66,12.84,211400
ETE,20121115,21.375,21.66,20.86,21.305,1239600
ETG,20121115,13.17,13.19,12.42,12.81,551100
ETH,20121115,27.8,28.38,27.32,27.81,892000
ETJ,20121115,10.12,10.15,9.92,9.97,427000
ETM,20121115,6.02,6.4,6.02,6.19,63700
ETN,20121115,48.3,49,47.93,48.26,4565100
ETO,20121115,18.68,18.77,17.85,18.35,180900
ETP,20121115,41.87,42.48,41.41,41.74,2510800
ETR,20121115,63.35,63.71,62.53,63,1014100
ETV,20121115,12.1,12.1,11.55,11.79,577400
ETW,20121115,10.45,10.55,10.16,10.31,665100
ETY,20121115,9.22,9.23,8.99,9.08,960700
EV,20121115,28.82,29.31,28.73,29.26,1449300
EVC,20121115,1.2,1.21,1.14,1.14,211400
EVE-A,20121115,23.5,24.3,23.46,23.8,67300
EVER,20121115,14.5,14.67,14.06,14.17,874100
EVF,20121115,7.63,7.67,7.21,7.43,134200
EVG,20121115,16.55,16.6,16.21,16.35,127900
EVN,20121115,14,14.08,13.17,13.57,348400
EVR,20121115,26.04,26.22,25.39,25.78,153200
EVT,20121115,16.18,16.2,15.36,15.96,501200
EW,20121115,42.685,43.22,42.43,43.135,1266600
EXC,20121115,29.33,29.65,29.14,29.37,9651500
EXD,20121115,17.75,17.98,16.83,17.55,89600
EXG,20121115,8.6,8.6,8.29,8.42,2215600
EXK,20121115,8.03,8.03,7.72,7.87,1833800
EXP,20121115,52.16,52.61,49.91,51.38,951400
EXPR,20121115,10.81,10.88,10.56,10.76,1022300
EXR,20121115,34.7,35.09,34.27,34.61,657000
F,20121115,10.57,10.8,10.46,10.57,48895300
FAC,20121115,1.23,1.24,1.22,1.23,3500
FAF,20121115,22.91,23.08,22.06,22.38,1231900
FAM,20121115,16.9,16.98,16.3,16.82,149400
FBC,20121115,16.31,16.49,15.21,15.44,645800
FBHS,20121115,27.26,27.43,26.32,26.88,1933600
FBP,20121115,3.71,3.76,3.58,3.69,412400
FBR,20121115,9.45,9.5,9.25,9.36,944700
FC,20121115,12.01,12.07,11.46,11.61,15500
FCE.A,20121115,13.95,14.36,13.74,14.22,1031900
FCE.B,20121115,14.28,14.28,14.28,14.28,100
FCF,20121115,5.93,6.05,5.93,5.94,351600
FCH,20121115,4.04,4.05,3.95,3.96,637900
FCH-A,20121115,22.89,22.96,22.58,22.82,24200
FCN,20121115,27.76,28.2,27.7,27.97,280500
FCT,20121115,14.67,14.74,13.9,14.55,174000
FCX,20121115,37.39,37.66,36.84,37.28,10944800
FDP,20121115,24.83,24.97,24.45,24.56,144300
FDS,20121115,87.59,91.29,87.09,90.96,944900
FDX,20121115,87.12,87.77,85.93,86.54,2410400
FE,20121115,41.31,41.62,40.76,41.16,3161500
FENG,20121115,3.34,3.38,3.33,3.33,95800
FEO,20121115,20.38,20.38,19.97,20.2,9900
FET,20121115,22.82,24,22.54,23.79,890700
FF,20121115,11.5,11.64,11.48,11.52,188600
FFA,20121115,11.25,11.26,10.9,10.99,108500
FFC,20121115,18.5,18.86,17.24,18.27,756600
FFG,20121115,29.96,30.32,29.81,30.03,46700
FGB,20121115,7.3,7.67,7.26,7.53,52400
FGP,20121115,16.2,16.2,15.21,15.52,525500
FHN,20121115,9.15,9.29,9.09,9.16,4406000
FHY,20121115,16.61,16.61,15.32,16.2,194600
FICO,20121115,41.23,41.35,40.52,40.62,247600
FIF,20121115,20.18,20.18,19.53,19.89,145700
FIG,20121115,4.35,4.39,4.12,4.26,1138100
FII,20121115,18.45,18.81,18.28,18.81,1298700
FIS,20121115,34.46,34.74,34.07,34.33,1388300
FIX,20121115,9.63,9.82,9.52,9.69,67700
FL,20121115,31.81,32.19,31.13,31.85,3138900
FLC,20121115,19.12,19.31,18.3,18.89,179000
FLO,20121115,12.9667,13.54,12.8133,13.5067,764500
FLR,20121115,51.45,52.07,51.09,51.91,2505400
FLS,20121115,44.3233,44.5767,43.8667,44.1533,473600
FLT,20121115,48.38,48.79,48.28,48.47,639900
FLY,20121115,12.02,12.02,11.38,11.53,99200
FMC,20121115,51.37,51.55,50.76,51.44,707600
FMN,20121115,16.67,16.68,16.29,16.36,25400
FMO,20121115,21.02,21.02,20.05,20.69,176000
FMS,20121115,33.18,33.295,33,33.125,42000
FMX,20121115,91.79,92.88,90.38,91.73,563200
FMY,20121115,17.32,17.42,16.99,17.18,96600
FN,20121115,11.74,11.75,11.44,11.52,47800
FNB,20121115,10.52,10.61,10.46,10.53,471400
FNF,20121115,22.9,22.95,22.22,22.3,3402000
FNV,20121115,57.9,58.04,55.71,56.91,369600
FOE,20121115,2.53,2.57,2.46,2.51,898100
FOF,20121115,12.27,12.27,11.89,12.07,142600
FOR,20121115,14.3,14.43,13.87,14.01,79500
FPO,20121115,10.97,11.08,10.94,11.02,321900
FPT,20121115,15.35,15.35,15.05,15.23,26600
FR,20121115,12.72,12.82,12.54,12.66,480100
FRA,20121115,14.54,14.71,13.91,14.37,300600
FRC,20121115,33.59,33.59,32.82,32.94,670100
FRC-B,20121115,26.1,26.1,25.5,25.9,90300
FRO,20121115,19.2,19.2,17.45,17.65,1450400
FRT,20121115,100.93,101.9,99.58,99.82,408500
FSCE,20121115,24.35,24.35,23.16,23.65,22500
FSD,20121115,17.65,17.76,16.83,17.64,392700
FSM,20121115,4.81,4.83,4.5,4.51,570600
FSS,20121115,5.27,5.48,5.22,5.28,222300
FT,20121115,6.7,6.7,6.28,6.62,470800
FTI,20121115,40.52,40.52,39.64,40.2,4251200
FTK,20121115,10.09,10.43,9.95,10.01,575100
FUL,20121115,29.88,29.91,29.43,29.67,209800
FUN,20121115,31.7,32.93,30.9,32.76,653000
G,20121115,15.54,15.7,15.33,15.42,700900
GAB,20121115,5.27,5.31,5.02,5.12,1071400
GAB-D,20121115,25.48,25.48,25.32,25.44,2600
GAB-G,20121115,25.98,25.98,25.88,25.88,1000
GAB-H,20121115,25.54,25.59,25.4,25.52,34800
GAM,20121115,26.15,26.58,25.91,26.09,75700
GAM-B,20121115,25.59,25.65,25.59,25.65,3300
GBAB,20121115,23.06,23.39,21.19,22.5,364500
GBL,20121115,49.5,49.92,49.5,49.8,12800
GBX,20121115,17.65,18.45,16.93,17.05,834200
GCAP,20121115,4.03,4.1,4,4,22000
GCH,20121115,11.45,11.45,11.14,11.3,45700
GCI,20121115,16.76,16.98,16.65,16.84,3657600
GCO,20121115,54.86,54.96,53.45,54.02,497200
GCV,20121115,5.1,5.1,4.95,5.04,43600
GCV-B,20121115,25.51,25.74,25.51,25.74,2000
GD,20121115,62.1,62.55,61.84,62.14,1705400
GDI,20121115,68.84,70.06,68.77,69.58,406700
GDL,20121115,11.43,11.43,11.09,11.15,174200
GDL-B,20121115,50.4,50.41,50.32,50.35,15000
GDO,20121115,19.43,19.63,18.49,19.13,195500
GDOT,20121115,11.65,11.8,11.42,11.49,269800
GDV,20121115,15.3,15.32,14.68,14.97,526100
GDV-A,20121115,25.61,25.65,25.61,25.65,3700
GDV-D,20121115,25.7,25.9,25.53,25.88,4500
GE,20121115,19.9,20.23,19.9,20.06,51767700
GEB,20121115,24.99,24.99,24.78,24.87,369500
GEF,20121115,39.92,40.83,39.8,40.8,202800
GEF.B,20121115,43.99,44.69,43.99,44.27,5400
GEL,20121115,32.14,32.39,31.4,32,439700
GEN,20121115,2.29,2.34,2.28,2.33,9479200
GEO,20121115,18.0333,18.2067,17.8667,18.02,260400
GER,20121115,25.9,25.97,25.59,25.71,53500
GES,20121115,23.03,23.26,22.77,22.88,752500
GF,20121115,15.01,15.08,14.67,14.9,14200
GFA,20121115,3.64,3.81,3.6,3.67,923900
GFF,20121115,8.05,8.27,8.04,8.14,229300
GFI,20121115,11.75,11.79,11.42,11.54,4988900
GFY,20121115,17.04,17.27,16.58,16.86,29500
GG,20121115,41.2,41.2,39.35,39.86,7670300
GGB,20121115,8.45,8.55,8.38,8.47,4353100
GGG,20121115,45.97,46.54,45.56,45.75,357700
GGP,20121115,18.47,18.7,18.24,18.53,3534800
GGT,20121115,7.09,7.11,6.76,6.83,152700
GGT-B,20121115,25.63,25.63,25.63,25.63,0
GHL,20121115,43.34,44.3,43.21,43.71,313900
GIB,20121115,23.44,23.55,23.11,23.54,123900
GIL,20121115,15.985,16.235,15.8,16.07,271900
GIM,20121115,9.32,9.45,9.18,9.39,633800
GIS,20121115,39.79,40,39.75,39.87,5462000
GJH,20121115,10.25,10.25,10.25,10.25,100
GJO,20121115,19.45,19.45,19.45,19.45,0
GJP,20121115,22.76,23.09,22.25,23.09,1500
GJR,20121115,18,18.15,18,18.15,900
GJS,20121115,13.75,13.75,13.55,13.55,1700
GJT,20121115,15.27,15.61,15.26,15.26,800
GJV,20121115,25.8,25.8,25.8,25.8,0
GLOG,20121115,10.7,10.77,10.42,10.55,127900
GLP,20121115,24.15,24.15,22.82,23.06,80600
GLT,20121115,15.56,15.75,15.31,15.45,303200
GLW,20121115,10.95,11.02,10.83,10.88,17846200
GM,20121115,24.18,24.19,23.54,23.88,9371600
GM.B,20121115,9.18,9.25,8.8,9.03,410300
GME,20121115,24.02,24.88,23,24.5,10941800
GMED,20121115,13.6,13.6,13.14,13.5,133400
GNC,20121115,34.4,34.69,32.56,32.77,5276700
GNE,20121115,5.75,6.11,5.75,5.87,32600
GNE-A,20121115,7.1,7.1,7.1,7.1,600
GNK,20121115,25.9,26.4,24,24.7,688300
GNRC,20121115,34.02,35.03,33.68,34.41,621000
GNT,20121115,14.11,14.17,13.31,13.51,258300
GNW,20121115,5.14,5.4,5.1,5.29,12979000
GOF,20121115,19.95,20.44,19.92,20.27,107800
GOL,20121115,23.75,24.35,23.75,24.15,354600
GPC,20121115,60.1,60.96,60.01,60.41,666300
GPE-A,20121115,27.85,27.85,27.5,27.57,600
GPI,20121115,57.37,58.65,57.31,58.15,175700
GPK,20121115,6.21,6.28,6.01,6.03,531400
GPM,20121115,8.31,8.31,7.92,8.02,208500
GPN,20121115,20.685,20.8,20.565,20.71,455300
GPS,20121115,33.27,33.48,32.54,33.26,8110700
GPX,20121115,20.63,20.67,20.46,20.6,78200
GRA,20121115,62.46,62.59,61.15,61.59,959400
GRR,20121115,13.43,13.45,13.27,13.31,3400
GRX,20121115,9.01,9.03,8.53,8.75,45500
GRX-A,20121115,26.6,26.6,26.5,26.54,6200
GS,20121115,114.51,116.36,113.91,115.44,3703600
GS-A,20121115,20.5,20.5,20.01,20.1,98900
GS-B,20121115,24.78,24.98,24.61,24.98,98700
GS-C,20121115,21.11,21.67,21.09,21.28,23400
GS-D,20121115,20.71,20.76,20.4,20.49,159300
GS-I,20121115,24.68,24.9,24.25,24.37,537400
GSH,20121115,16.56,16.56,16.36,16.4,24500
GSK,20121115,42.12,42.18,41.8,41.92,2827600
GSL,20121115,2.67,2.67,2.47,2.52,130200
GTN,20121115,2.09,2.1,1.7,2.03,165600
GTN.A,20121115,1.54,1.67,1.54,1.66,2700
GTS,20121115,16.67,18,16.61,16.71,29700
GTY,20121115,16.4,16.56,16.26,16.46,162000
GUT,20121115,6.69,6.79,6.35,6.37,251900
GUT-A,20121115,25.61,25.8,25.61,25.67,1400
GVA,20121115,28.47,28.93,28.23,28.4,140300
GWR,20121115,69.74,69.99,67.26,67.62,465200
GWRE,20121115,29.35,29.81,28.96,29.5,463400
GWW,20121115,188.48,190.7,184.78,187.08,1817200
GXP,20121115,20.07,20.17,19.91,20.16,1215200
GYB,20121115,17.84,18.24,17.6,17.63,16100
GYC,20121115,22.52,22.52,22.11,22.11,1000
GZT,20121115,10.82,11.09,10.78,10.88,7500
H,20121115,33.73,34.26,33.73,33.82,823200
HAE,20121115,39.715,39.97,39.46,39.645,118000
HAL,20121115,30.34,30.93,30,30.36,13324100
HBI,20121115,8.26,8.335,8.19,8.28,817400
HBM,20121115,8.87,8.94,8.77,8.91,27000
HCA,20121115,30.31,30.33,29.67,29.92,3206100
HCC,20121115,35.11,35.58,35.04,35.55,763300
HCI,20121115,19.12,19.8,19.06,19.47,194900
HCLP,20121115,15.2,15.95,15.1,15.53,227000
HCN,20121115,58.8,59.2,58.45,58.78,2249200
HCN-I,20121115,56.3,56.42,55.87,55.91,34100
HCP,20121115,43.91,44.17,43.55,43.78,2134200
HD,20121115,61.27,61.88,61.04,61.25,8205600
HDB,20121115,37.5,37.69,36.87,37.32,900500
HE,20121115,24.48,24.48,23.82,24,505600
HE-U,20121115,25.9,25.9,25.9,25.9,100
HEI,20121115,24.704,24.7424,24.1472,24.3328,172000
HEI.A,20121115,19.2,19.4048,19.2,19.4048,41600
HEP,20121115,30.5,31.06,30.2,30.325,121100
HEQ,20121115,15.2,15.23,14.56,14.87,124300
HES,20121115,49.44,49.85,48.38,48.89,6027800
HF,20121115,12.58,12.95,12.54,12.81,127100
HFC,20121115,41.49,42.29,41.45,41.77,3711400
HGH,20121115,28.35,28.4,28.05,28.29,77600
HGT,20121115,7.13,7.24,6.92,6.98,209000
HHC,20121115,68,68.88,67.65,68,113300
HHS,20121115,5.4,5.48,5.33,5.35,269500
HI,20121115,18.9,19.25,18.84,19.25,254400
HIG,20121115,20.29,20.75,20.22,20.44,6923900
HIG.W,20121115,11.94,12.19,11.91,11.97,57200
HII,20121115,39.95,40.62,39.77,40.2,438600
HIL,20121115,2.98,2.99,2.9,2.9,34900
HIO,20121115,6.02,6.07,5.77,5.99,821500
HIW,20121115,31.47,31.68,30.86,30.97,652200
HIX,20121115,9.05,9.24,8.85,9.23,1089100
HJV,20121115,18.65,18.65,17.7,18.01,21300
HK,20121115,5.9,6,5.66,5.7,5878100
HL,20121115,5.5,5.51,5.32,5.37,5960700
HL-B,20121115,61,61,61,61,0
HLF,20121115,45.83,46.08,45.31,45.61,1046700
HLS,20121115,20.33,20.56,19.85,20.25,529600
HLX,20121115,16.11,16.42,15.86,16.06,629700
HMC,20121115,30.48,30.95,30.4,30.91,1128000
HMN,20121115,17.92,18,17.66,17.73,217700
HMY,20121115,7.76,7.79,7.51,7.56,3447200
HNI,20121115,26.36,26.67,26.13,26.6,126100
HNP,20121115,32.21,32.48,32.09,32.23,73600
HNR,20121115,33.72,34.56,32.96,33.56,264200
HOG,20121115,45.68,47.04,45.61,46.59,2678100
HON,20121115,59.91,60.32,59.05,59.33,5441000
HOS,20121115,33.15,33.57,32.3,32.7,495800
HOV,20121115,4.58,4.69,4.26,4.42,12188800
HP,20121115,47.78,48.99,47.04,48.85,3030900
HPF,20121115,20.77,20.89,20.11,20.67,275300
HPI,20121115,20.83,21.05,20.18,20.65,260600
HPP,20121115,18.33,18.43,18.11,18.22,120500
HPQ,20121115,5.9682,6.0318,5.8773,5.9455,24577900
HPS,20121115,17.94,18.02,17.35,17.82,311800
HQH,20121115,17.35,17.4,15.65,16.85,504200
HQL,20121115,13.83,13.89,12.86,13.37,234700
HR,20121115,22.94,23.22,22.78,22.96,792700
HRB,20121115,17.62,17.75,17.46,17.62,2420500
HRC,20121115,26.34,26.88,26.34,26.86,828200
HRG,20121115,8.48,8.6,8.04,8.09,137500
HRL,20121115,15.11,15.325,15.045,15.305,1662000
HRS,20121115,46.91,47.2,46.03,46.3,1453900
HSC,20121115,18.82,19.1,18.4,18.86,581000
HST,20121115,13.99,14.11,13.75,13.87,8123100
HSY,20121115,71.45,71.67,71.1,71.56,707600
HT,20121115,4.32,4.34,4.21,4.28,3018400
HTA,20121115,20.6,23.36,20.42,20.98,1719300
HTD,20121115,17,17.09,16.76,16.97,445900
HTF,20121115,25.03,25.47,25,25.47,2100
HTGC,20121115,10.09,10.13,9.97,10.05,479700
HTH,20121115,13.54,13.7,13.38,13.44,147000
HTY,20121115,11.55,11.59,11.16,11.5,117000
HTZ,20121115,57.48,58.24,55.84,57,5595600
HUM,20121115,66.48,67.28,65.75,66.11,3205400
HUN,20121115,16.1,16.21,15.64,15.7,3524000
HVT,20121115,14.99,15.69,14.35,15.56,311000
HVT.A,20121115,14.9,15.55,14.9,15.42,2900
HW,20121115,6.23,6.24,6.05,6.11,773700
HXL,20121115,25.11,25.27,24.59,24.82,1241300
HY,20121115,43.32,43.32,41.53,41.72,88400
HYB,20121115,10.03,10.12,9.46,10,337100
HYI,20121115,17.91,17.91,17.28,17.58,151900
HYT,20121115,11.78,11.92,11.31,11.8,540100
HZO,20121115,7.66,7.66,7.4,7.48,94400
IAE,20121115,14.5,14.53,13.9,14.16,60700
IAG,20121115,11.97,12.03,11.12,11.81,7708500
IBA,20121115,25.07,25.66,24.94,25.66,2500
IBM,20121115,185.83,187.2,184.78,185.85,3412000
IBN,20121115,7.704,7.704,7.584,7.624,1448400
ICB,20121115,18.88,18.88,18.23,18.59,21300
ICE,20121115,25.596,25.976,25.214,25.348,644500
IDA,20121115,41.44,41.63,40.53,40.75,200300
IDE,20121115,15.26,15.3,14.7,14.79,199500
IDT,20121115,9.12,9.17,8.92,9.03,83600
IEX,20121115,41.7,42.25,41.33,41.77,322200
IFF,20121115,61.81,62.29,61.49,61.76,348200
IFN,20121115,21.94,22,21.59,21.76,225000
IGA,20121115,10.62,10.65,10.31,10.4,205600
IGD,20121115,8.15,8.2,7.87,7.92,1285500
IGI,20121115,21.91,22,20.77,21.55,147500
IGR,20121115,8.08,8.1,7.87,8.05,980600
IGT,20121115,12.57,12.75,12.41,12.57,4344900
IHC,20121115,8.33,8.47,8.33,8.39,2300
IHD,20121115,13.68,13.68,12.82,13.13,135400
IHG,20121115,29.904,30.072,29.688,29.88,1135300
IID,20121115,8.37,8.37,7.98,8.19,172800
IIF,20121115,16.87,16.91,16.63,16.68,73900
IIM,20121115,16.38,16.38,15.75,16.22,287900
IMAX,20121115,21.94,22.06,21.36,21.77,773500
INB,20121115,9.81,9.81,9.47,9.56,254800
INF,20121115,18.15,18.61,18.05,18.36,42300
ING,20121115,8.52,8.62,8.48,8.52,1794100
INGR,20121115,62.22,62.5,61.85,62.11,627800
INN,20121115,8.19,8.23,8.1,8.1,192200
INT,20121115,37.43,37.93,36.81,37.14,336100
INVN,20121115,10.48,10.55,10.02,10.07,1006900
INXN,20121115,20.24,20.35,19.61,20.26,399600
IO,20121115,86.25,87.9,84,85.8,1029700
IP,20121115,33.77,34.29,33.54,33.65,3841300
IPG,20121115,9.56,9.6,9.39,9.45,13394700
IPHI,20121115,7.81,8.02,7.77,7.95,415200
IPI,20121115,20.18,20.36,19.71,19.84,752800
IQI,20121115,14.34,14.41,14.09,14.12,275300
IR,20121115,45.32,45.93,45.04,45.32,2682600
IRE-B,20121115,26.03,26.08,25.82,25.82,6000
IRL,20121115,8.18,8.21,8,8.12,56600
IRM,20121115,33.21,33.25,32.56,32.61,1508400
IRR,20121115,10.26,10.32,9.73,10.24,287000
IRS,20121115,7.8,7.82,7.6,7.72,42700
ISD,20121115,19.58,19.85,19.28,19.63,186900
ISF,20121115,24.07,24.16,23.82,23.93,162200
ISG,20121115,23.8,23.91,23.45,23.7,288800
ISP,20121115,23.86,24.07,23.62,23.82,259100
IT,20121115,45.76,45.76,44.56,44.94,581000
ITG,20121115,7.95,8.35,7.88,8.21,444300
ITT,20121115,20.97,21.18,20.71,20.99,902600
ITUB,20121115,14.22,14.5,14.2,14.39,7225500
ITW,20121115,59.46,59.93,58.39,58.75,4620500
IVC,20121115,12.99,13.22,12.93,13.02,101500
IVR,20121115,17.52,18.78,17.4,18.75,3291500
IVR-A,20121115,24.86,25.05,24.56,25.01,64900
IVZ,20121115,23.29,24.12,23.07,23.21,3803600
IX,20121115,49.81,50.09,49.73,49.92,10200
JAG,20121115,0.75,0.75,0.7,0.75,902700
JBK,20121115,23.54,23.54,23.54,23.54,100
JBL,20121115,17.22,17.67,17.17,17.42,3514300
JBN,20121115,17.97,17.97,16.61,17.82,41000
JBR,20121115,18.87,18.87,17.52,18.1,24300
JBT,20121115,15.33,15.51,15.07,15.22,123800
JCE,20121115,13.02,13.02,12.7,12.84,85000
JCI,20121115,24.95,25.32,24.86,25.11,4311500
JCP,20121115,16.84,16.96,16.31,16.5,13045400
JDD,20121115,11.01,11.01,10.65,10.83,260200
JE,20121115,8.74,8.77,8.4,8.4,344600
JEC,20121115,38.8,39.24,38.68,39.02,1577100
JEQ,20121115,4.89,4.93,4.85,4.85,28400
JFC,20121115,12.65,12.7,12.52,12.55,9400
JFR,20121115,11.62,11.87,11.49,11.76,322700
JHI,20121115,20.5,20.58,19.53,20.08,102900
JHS,20121115,15.4,15.46,15,15.05,58000
JHX,20121115,46.05,46.05,45.5,45.52,5100
JKS,20121115,3.5,3.51,3.32,3.51,42800
JLL,20121115,73.93,74.33,72.56,73.53,132200
JLS,20121115,26.3,26.3,25.83,26.03,173900
JMF,20121115,16.89,17.13,16.4,16.72,204400
JMP,20121115,4.92,4.98,4.88,4.9,32400
JMT,20121115,26.98,26.98,25.6,26.08,115300
JNJ,20121115,68.99,69.2,68.72,69.07,11804600
JNPR,20121115,17.61,17.71,16.85,16.9,8668300
JNS,20121115,7.93,8.13,7.92,8.1,4638500
JOE,20121115,21.32,21.5,20.81,21.14,388200
JOF,20121115,6.76,6.79,6.71,6.73,90600
JPC,20121115,9.26,9.29,8.89,9.13,1152200
JPI,20121115,24.14,24.62,24.01,24.58,110600
JPM,20121115,39.06,39.72,38.97,39.39,24859800
JPM-D,20121115,24.94,25.01,24.67,24.87,316900
JPM.W,20121115,10,10.45,10,10.26,105900
JPS,20121115,8.57,8.65,8.22,8.48,1060200
JQC,20121115,9.23,9.33,8.92,9.02,1401700
JRI,20121115,18.82,19.25,18.54,19.25,96900
JRO,20121115,11.9,12.15,11.7,12,410800
JSD,20121115,19.4,19.73,18.55,19.2,82900
JTA,20121115,10.03,10.03,9.67,9.7,78900
JTD,20121115,13.29,13.41,12.71,12.99,142200
JW.A,20121115,41.52,41.92,41.15,41.33,199300
JW.B,20121115,43,43,43,43,0
JWN,20121115,54.12,54.46,53.68,54.18,1674500
K,20121115,53.56,53.98,53.35,53.89,1931100
KAI,20121115,22.53,22.74,22.4,22.5,29300
KAMN,20121115,32.84,33.15,32.55,32.76,67400
KAP,20121115,25.1,25.1,24.38,25.05,22900
KAR,20121115,17.26,17.58,17.25,17.42,56300
KB,20121115,32.22,32.35,32.09,32.29,78300
KBH,20121115,13.98,14.19,13.09,13.62,12234600
KBR,20121115,26.15,26.59,25.95,26.41,1982700
KCG,20121115,2.36,2.42,2.24,2.36,2270000
KED,20121115,24.43,24.43,23.38,23.76,80200
KEF,20121115,9.37,9.37,9.14,9.3,88300
KEG,20121115,6.17,6.38,5.99,6.09,4215000
KEM,20121115,3.98,4.04,3.92,3.94,286400
KEP,20121115,12.42,12.49,12.37,12.44,652800
KEX,20121115,54.16,55.54,53.99,54.97,399500
KEY,20121115,8,8.13,7.97,8.01,10457800
KF,20121115,36.82,36.82,36.47,36.69,20300
KFS,20121115,2.25,2.31,2.24,2.3,6200
KFY,20121115,13.76,13.82,13.49,13.8,273500
KGC,20121115,9.6,9.65,9.29,9.32,9977500
KIM,20121115,18.31,18.46,18.11,18.27,2346800
KIM-I,20121115,25.88,26.09,25.54,25.79,42300
KIM-J,20121115,24.97,25.05,24.56,24.84,37900
KKR,20121115,14.36,14.45,13.88,13.99,1756500
KMB,20121115,80.3931,80.6903,79.9616,80.3739,1987300
KMF,20121115,26.26,26.5,25.86,26.4,180300
KMG,20121115,17.2,17.29,16.97,17.2,19100
KMI,20121115,32.2,32.42,32.01,32.03,6968200
KMI.W,20121115,3.29,3.4,3.29,3.39,6123300
KMM,20121115,10.11,10.13,9.57,9.76,495100
KMPR,20121115,28.45,28.66,28.2,28.28,89100
KMT,20121115,34.99,35.2,34.72,34.98,1054300
KMX,20121115,33.13,33.5,32.79,33.35,1575300
KND,20121115,9.98,10.08,9.68,9.91,296000
KNL,20121115,13.5,13.57,13.2,13.36,268000
KNX,20121115,14.89,14.96,14.74,14.87,355600
KO,20121115,35.9,36.48,35.86,36.43,17644500
KOF,20121115,127,128.2,125.52,126.72,102300
KOP,20121115,32.63,32.63,31.45,31.76,132900
KORS,20121115,47.97,48.89,46.66,48.49,4787800
KOS,20121115,11.32,11.39,10.99,11.11,168700
KR,20121115,12.225,12.295,12.145,12.19,3407300
KRA,20121115,20.02,20.2,19.54,19.94,224000
KRC,20121115,42.58,42.96,42.15,42.55,786500
KRC-H,20121115,24.72,24.72,24.5,24.7,14800
KRG,20121115,21.24,21.28,20.4,20.56,326300
KRO,20121115,14.11,14.44,13.95,14.35,983500
KS,20121115,10.06,10.16,9.845,9.895,157000
KSM,20121115,15.26,15.29,14.9,14.97,26300
KSS,20121115,51.26,51.59,50.69,51.19,2172700
KST,20121115,13.61,13.63,12.75,13.43,61000
KSU,20121115,74.5,75.47,73.3,74.1,1242900
KSU.P,20121115,25.51,25.53,25.51,25.53,100
KT,20121115,17.86,17.95,17.83,17.92,945000
KTF,20121115,14.85,14.85,14.42,14.65,135900
KTH,20121115,31.24,31.24,31.24,31.24,300
KTN,20121115,30.05,30.05,29.86,29.86,300
KTP,20121115,18.15,18.25,17.27,18.25,80600
KW,20121115,12.06,12.14,11.85,11.89,98200
KWR,20121115,47.95,47.97,46.47,47.37,62900
KYE,20121115,24.1,24.1,23.32,24.05,278200
KYN,20121115,28.81,29.05,27.55,28.68,607900
KYO,20121115,45.275,45.39,45.165,45.275,2300
L,20121115,39.98,40.17,39.62,39.83,1222000
LAD,20121115,31.87,32.33,31.7,31.89,341100
LAZ,20121115,26.72,27.35,26.15,27.33,677200
LBF,20121115,8.68,8.72,8.49,8.5,65400
LCM,20121115,8.89,8.93,8.61,8.78,67200
LDF,20121115,14.3,14.39,14.01,14.3,20900
LDL,20121115,12.17,12.36,12.04,12.23,86400
LDP,20121115,25.25,25.29,24.9,25.05,132900
LDR,20121115,55.18,56.05,54.84,55.42,14500
LEA,20121115,40.35,40.93,39.83,40.33,781300
LEE,20121115,1.44,1.47,1.16,1.24,1284700
LEG,20121115,26.1,26.4,25.93,26.15,1224200
LEN,20121115,34.93,35.9,33.92,34.9,9242300
LEN.B,20121115,28.19,28.48,26.84,27.65,48400
LEO,20121115,9.84,9.84,9.55,9.59,257000
LFC,20121115,14.3767,14.5367,14.29,14.4433,166300
LFL,20121115,23.24,23.5,23.02,23.3,423200
LGI,20121115,14.06,14.07,13.82,14.06,44300
LH,20121115,82.66,84.29,82.16,83.06,787600
LHO,20121115,22.6,22.84,22.37,22.58,567000
LII,20121115,49.17,49.21,48,48.43,318800
LL,20121115,52.77,53.07,50.63,50.95,1016900
LLL,20121115,72.4,73.06,72.1,72.35,804800
LLY,20121115,46.41,46.41,44.88,45.96,6868000
LM,20121115,24.94,25.28,24.89,25.16,2117200
LMT,20121115,88.02,88.54,87.08,87.58,1551900
LNC,20121115,23.17,23.74,23.15,23.31,4042500
LNC.W,20121115,15.51,15.51,15.41,15.41,1000
LND,20121115,4.6,4.6,4.6,4.6,2200
LNN,20121115,73.35,74.4,73.13,73.81,71600
LNT,20121115,21.455,21.5,21.105,21.19,603800
LOR,20121115,11.59,11.59,11.41,11.44,37400
LOW,20121115,31.98,32.17,31.23,31.4,9936100
LPI,20121115,19.33,19.47,18.86,18.9,262200
LPL,20121115,15.72,15.79,15.58,15.63,762400
LPX,20121115,15.55,15.58,14.72,15.06,5323700
LRN,20121115,19.34,19.93,19.22,19.73,302600
LSI,20121115,6.46,6.56,6.35,6.41,8705600
LTC,20121115,31.31,31.31,30.41,31.06,174200
LTM,20121115,44.06,45.19,43.87,44.59,449500
LUB,20121115,6.05,6.1,5.95,5.95,31800
LUK,20121115,20.71,20.74,20.26,20.5,1802900
LUV,20121115,8.74,8.95,8.74,8.84,6886800
LUX,20121115,38.06,38.2,37.64,37.85,181900
LVLT,20121115,18.74,18.85,18.06,18.44,2239500
LVS,20121115,40.59,41.33,40.28,40.56,7873300
LXFR,20121115,11.2,11.2,11,11.05,2500
LXP,20121115,9.11,9.22,8.91,9.06,1018800
LXP-C,20121115,48.71,48.71,46.77,47.25,4700
LXU,20121115,32.94,33.33,31.95,33.04,300900
LYB,20121115,46.18,46.61,44.87,45.41,6339400
LYG,20121115,2.87,2.89,2.84,2.85,1379100
LYV,20121115,8.45,8.63,8.41,8.6,1504600
LZB,20121115,15.03,15.19,14.46,14.53,423700
M,20121115,39,39.81,38.75,39.34,4727100
MA,20121115,46.293,46.293,45.357,45.716,707300
MAA,20121115,60.65,61.17,60.38,60.82,260800
MAC,20121115,55.11,55.65,54.32,54.68,517400
MAIN,20121115,27.31,27.98,26.76,27.65,599600
MAN,20121115,35.44,36.37,34.91,36.31,1085200
MANU,20121115,12.98,12.98,12.6,12.7,168300
MAS,20121115,14.87,15.15,14.36,14.41,4676400
MATX,20121115,21.47,21.6,21.01,21.46,85800
MAV,20121115,15.6,15.6,14.29,14.96,607000
MBI,20121115,6.89,7.07,6.89,6.96,6078400
MBT,20121115,16.9,17.05,16.44,16.57,2091400
MCA,20121115,16.69,16.77,16.45,16.6,66600
MCC,20121115,12.92,13.9,12.78,13.81,618000
MCD,20121115,84.39,84.74,83.61,84.05,7639600
MCI,20121115,16.1,16.18,15.92,16.01,18200
MCK,20121115,92.26,92.81,91.02,91.31,1365100
MCN,20121115,7.15,7.34,7.04,7.23,207900
MCO,20121115,45.74,46.59,45.73,46.05,1428900
MCR,20121115,9.81,9.86,9.43,9.55,854200
MCS,20121115,10.55,10.61,10.31,10.36,99600
MCY,20121115,38.21,39.1,38.21,39.05,203500
MD,20121115,36.835,37.295,36.585,37.255,372900
MDC,20121115,33.16,34.09,31.74,33.11,1279700
MDP,20121115,30.21,30.65,29.93,29.99,343800
MDR,20121115,9.94,10.08,9.72,9.88,5243300
MDT,20121115,40.73,40.95,40.44,40.87,3990700
MDU,20121115,19.89,19.97,19.59,19.76,1009700
MED,20121115,28.26,28.36,27.41,28.06,263600
MEI,20121115,8.85,8.87,8.72,8.78,77400
MEN,20121115,12.62,12.64,12.4,12.53,122000
MER-K,20121115,25,25.05,24.95,25,101800
MER-P,20121115,25.5,25.53,25.4,25.46,49800
MET,20121115,30.7,31.6,30.55,31.34,11703900
MET-A,20121115,25.1,25.2,24.78,24.9,88600
MFA,20121115,7.53,7.89,7.5,7.8,4428300
MFC,20121115,11.91,12.04,11.75,11.91,2092600
MFD,20121115,14.06,14.13,13.76,14,63000
MFG,20121115,3.07,3.1,3.07,3.1,508900
MFL,20121115,16.42,16.53,16.07,16.14,138800
MFM,20121115,7.67,7.67,7.22,7.53,216000
MFO,20121115,25.5,25.86,25.34,25.37,13500
MFT,20121115,16.34,16.41,16.17,16.21,30700
MFV,20121115,6.69,6.69,6.45,6.48,61600
MG,20121115,19.66,19.66,19.22,19.49,47800
MGA,20121115,21.88,22.165,21.595,21.765,489000
MGF,20121115,6.72,6.75,6.49,6.57,181600
MGM,20121115,9.31,9.49,9.3,9.37,9827300
MGR,20121115,25.59,25.59,25.02,25.29,24600
MGU,20121115,18.44,18.44,17.88,18.11,61300
MH-A,20121115,25.97,26,25.61,25.66,42100
MHD,20121115,18.76,18.89,18.51,18.68,61800
MHF,20121115,8.38,8.43,8.17,8.28,69100
MHI,20121115,15.7,15.7,14.78,15.25,632800
MHK,20121115,82.21,82.8,79.82,80.27,1162400
MHN,20121115,16.19,16.32,15.98,16.28,130800
MHNB,20121115,26.13,26.37,25,25.81,55700
MHO,20121115,19.57,20.25,19.18,20.04,584800
MHO-A,20121115,22.16,22.5,21.48,22.45,28500
MIC,20121115,41.57,41.59,41.03,41.12,145000
MIN,20121115,6.32,6.38,6.06,6.16,762400
MIT-A,20121115,24.75,24.85,24.37,24.6,24700
MIT-B,20121115,24.01,24.4,24.01,24.22,14500
MITT,20121115,21.68,22.47,21,22.16,445800
MIY,20121115,16.84,16.85,16.56,16.72,51500
MJN,20121115,66.86,67.32,66.12,66.67,2384000
MKC,20121115,62.64,63.53,62.48,63.46,894100
MKC.V,20121115,62.49,63.24,62.49,63.24,10900
MKL,20121115,476.4,479.25,471.86,475.87,12800
MLI,20121115,21.325,21.625,21.22,21.565,398200
MLM,20121115,83.54,84.2,82.11,82.56,432300
MLP,20121115,2.99,3.28,2.86,3.28,22400
MLR,20121115,14.29,14.4,14.17,14.3,32200
MMC,20121115,34.11,34.41,33.96,34.28,2990300
MMD,20121115,20.75,20.83,20.3,20.56,118400
MMM,20121115,86.74,88.29,86.74,88.02,3291600
MMP,20121115,39.56,40.39,39.1,39.87,1075200
MMS,20121115,28.055,28.975,28.05,28.85,206000
MMT,20121115,7.06,7.17,6.9,6.98,441800
MMU,20121115,15.46,15.53,15.23,15.4,93700
MN,20121115,12.31,12.59,12.01,12.39,26700
MNE,20121115,16.23,16.27,15.98,15.98,26300
MNI,20121115,28.5,29.3,28.4,28.8,487600
MNP,20121115,17.74,17.85,17.46,17.48,24800
MNR,20121115,9.84,9.89,9.64,9.74,115800
MNR-B,20121115,26.02,26.02,25.9,25.9,1900
MO,20121115,30.31,30.59,30.01,30.49,15419100
MOD,20121115,6.37,6.46,6.28,6.34,120900
MOG.A,20121115,34.28,34.58,33.83,34.14,127800
MOG.B,20121115,34.02,34.02,34.02,34.02,100
MOH,20121115,26.12,26.95,26.12,26.47,405500
MON,20121115,83.54,85.43,82.7,84.66,3786000
MOS,20121115,48.97,49.56,48.85,49.12,3277500
MOV,20121115,29.18,29.89,28.81,29.44,163800
MP-D,20121115,26.32,26.32,26.32,26.32,100
MPA,20121115,16.38,16.4,15.98,16,38100
MPC,20121115,26.635,27.19,26.52,27.03,3153500
MPLX,20121115,26.52,27.02,26.5,26.92,136300
MPO,20121115,5.01,5.28,4.9,5.13,746900
MPV,20121115,14.05,14.41,14.05,14.38,22200
MPW,20121115,11.21,11.38,11.05,11.19,1526700
MPX,20121115,5.16,5.21,5.11,5.14,8900
MQT,20121115,15.14,15.16,14.73,14.86,112100
MQY,20121115,17.52,17.65,17.16,17.45,120400
MRC,20121115,24.02,24.25,23.62,23.79,1033800
MRK,20121115,42.96,43.14,42.55,42.8,12283700
MRO,20121115,30.02,30.73,29.96,30.53,10563400
MS,20121115,16.41,16.42,16.1,16.26,16268000
MS-A,20121115,19.62,19.62,19.25,19.33,105100
MSA,20121115,36.05,36.31,35.8,36.15,102000
MSB,20121115,23.47,24.27,23.06,23.23,154300
MSCI,20121115,26.04,26.2,25.88,25.96,1096600
MSD,20121115,11.72,11.72,11.42,11.54,93200
MSF,20121115,14.25,14.33,14.13,14.23,43200
MSI,20121115,52.9,53.35,52.7,52.84,1998500
MSM,20121115,68.94,70.32,68.38,70.12,375600
MSP,20121115,10.7,10.7,10.45,10.66,53200
MT,20121115,44.88,45.18,44.1,44.28,5667000
MTB,20121115,96.25,96.89,95.77,96.41,1229400
MTB-C,20121115,1025,1025,1025,1025,0
MTD,20121115,174.35,176.25,172.03,176.25,304800
MTDR,20121115,8.51,8.78,8.45,8.5,681600
MTG,20121115,1.56,1.59,1.49,1.5,3382000
MTH,20121115,33.64,34.46,32.33,33.38,766100
MTL,20121115,12.28,12.44,11.82,11.94,2227000
MTL.P,20121115,2.2,2.2,2.07,2.09,56100
MTN,20121115,52.13,53.22,51.37,52.22,139500
MTOR,20121115,4.12,4.16,3.97,3.99,1237600
MTR,20121115,22,22.49,22,22.06,4500
MTRN,20121115,19.97,20.07,18.99,19.22,322700
MTT,20121115,24.55,24.55,24.3,24.47,44500
MTU,20121115,4.36,4.39,4.35,4.39,1992400
MTW,20121115,13.42,13.67,12.93,13.17,2364300
MTX,20121115,34.97,35.06,34.22,34.62,102200
MTZ,20121115,22.03,22.21,21.49,21.7,1144700
MUA,20121115,13.93,13.99,13.76,13.95,121700
MUC,20121115,17,17.06,16.86,17.05,130100
MUE,20121115,15.46,15.46,15.08,15.19,85100
MUH,20121115,17.61,17.67,17.24,17.36,53900
MUI,20121115,17.27,17.36,17.02,17.25,143400
MUJ,20121115,16.46,16.51,16.36,16.4,81400
MUR,20121115,54.96,55.39,54.78,55.22,2562900
MUS,20121115,15.86,15.89,15.5,15.63,40900
MUSA,20121115,14.52,14.74,14.17,14.24,160600
MUX,20121115,3.57,3.64,3.38,3.41,3081900
MVC,20121115,11.77,11.88,11.73,11.81,44800
MVO,20121115,24.86,24.9,22.52,22.66,266100
MVT,20121115,17.95,17.98,17.35,17.56,109800
MWA,20121115,4.77,4.85,4.65,4.75,714200
MX,20121115,11.77,12.05,11.64,11.87,105100
MXE,20121115,12.52,12.52,11.98,12.25,135400
MXF,20121115,25.83,25.85,25.16,25.35,47600
MXL,20121115,4.73,4.81,4.6,4.64,123300
MYC,20121115,17.48,17.5,17.17,17.25,39200
MYD,20121115,16.68,16.68,16.32,16.45,146800
MYE,20121115,13.65,13.94,13.65,13.83,107000
MYF,20121115,17.2,17.2,16.73,16.99,59000
MYI,20121115,15.7,15.75,15.44,15.65,235100
MYJ,20121115,17.79,17.79,17.4,17.52,21800
MYN,20121115,15.6,15.74,15.42,15.66,136600
MZF,20121115,16.12,16.12,15.71,15.84,24100
NAC,20121115,15.74,15.75,15.52,15.7,39800
NAD,20121115,15.76,15.77,15.39,15.58,143300
NAN,20121115,15.93,15.96,15.59,15.75,20000
NAT,20121115,8.26,8.83,8.25,8.57,1178900
NAV,20121115,19.84,20.23,19.68,19.76,1484400
NAZ,20121115,15.34,15.34,15.05,15.21,14900
NBB,20121115,21.1,21.2,20.67,21.15,201000
NBD,20121115,21.94,21.98,21.55,21.92,109900
NBHC,20121115,19.45,19.48,19.31,19.45,31000
NBL,20121115,47.295,47.605,45.93,46.29,2224100
NBR,20121115,13.37,13.56,12.96,13.28,4110100
NC,20121115,54.49,55.05,53.35,54.8,99400
NCA,20121115,10.49,10.5,10.26,10.29,110400
NCI,20121115,9.85,9.93,9.74,9.76,171900
NCR,20121115,21.76,21.88,21.44,21.64,1070900
NCS,20121115,11.11,11.2,10.92,11.06,118800
NCV,20121115,8.15,8.44,8.09,8.36,623000
NCZ,20121115,7.48,7.77,7.37,7.68,649100
NDP,20121115,23.15,23.2,21.65,22.01,70800
NDRO,20121115,16.11,16.49,15.65,16,43800
NE,20121115,34.09,34.42,33.46,33.91,4973900
NEE,20121115,66.67,67.3,66.05,66.49,1491200
NEE-C,20121115,25.55,25.62,25.27,25.44,23300
NEE-G,20121115,26.01,26.46,26.01,26.25,155800
NEE-H,20121115,26.19,26.35,25.81,25.95,35800
NEM,20121115,45.81,45.99,44.5,45.53,8333500
NEU,20121115,243,244.64,238.61,241.19,43200
NEV,20121115,16.27,16.41,15.83,16.11,98700
NFG,20121115,50.44,50.96,49.02,49.1,538700
NFJ,20121115,15.14,15.14,14.65,15,957100
NFX,20121115,24.36,24.65,24.05,24.27,2542400
NGG,20121115,55.1,55.26,54.55,54.72,375900
NGL,20121115,24.03,24.1,23.07,23.32,41500
NGS,20121115,14.2,14.71,13.81,14.13,82400
NGVC,20121115,19.43,19.95,19.06,19.88,121900
NHF,20121115,25,25.52,24.76,25.24,229600
NHI,20121115,52.33,52.73,52,52.32,87500
NI,20121115,23.64,23.71,23.14,23.4,3095500
NIE,20121115,16.1,16.11,15.77,16.01,161700
NIM,20121115,10.83,10.96,10.72,10.86,14300
NJR,20121115,19.83,20.045,19.44,19.5,210000
NKE,20121115,22.5725,22.805,22.5175,22.7075,1942000
NL,20121115,10.08,10.17,10,10.09,17300
NLS,20121115,3.1,3.13,3.06,3.08,80100
NLSN,20121115,28.17,28.37,27.56,27.66,1009600
NLY,20121115,13.95,14.39,13.72,14.22,26241500
NLY-A,20121115,25.75,25.75,25,25.47,84400
NLY-C,20121115,24.8,24.95,24.65,24.87,107900
NLY-D,20121115,24.84,24.98,24.63,24.9,76300
NM,20121115,3.69,3.69,3.35,3.5,1033300
NMFC,20121115,13.7,14.43,13.7,14.42,293200
NMI,20121115,12.45,12.45,12.27,12.38,16700
NMK-B,20121115,95.7,95.7,95.7,95.7,0
NMK-C,20121115,98.6,98.6,98.6,98.6,0
NMM,20121115,12.78,13.36,12.18,13.09,1233600
NMR,20121115,3.71,3.76,3.7,3.76,496600
NMT,20121115,15.23,15.27,15.06,15.07,13300
NMY,20121115,15.65,15.72,15.52,15.61,20000
NNA,20121115,2.62,2.64,2.59,2.63,14900
NNC,20121115,15.83,15.84,15.46,15.54,33800
NNI,20121115,25.61,25.96,25.33,25.63,140000
NNN,20121115,30.4,30.62,30.06,30.38,1947500
NNY,20121115,10.36,10.36,9.97,10.22,70300
NOA,20121115,3,3.05,2.95,2.95,52000
NOAH,20121115,5.04,5.39,5.04,5.31,108900
NOC,20121115,63.47,63.71,63.08,63.23,2139700
NOK,20121115,2.71,2.78,2.69,2.72,36284600
NOV,20121115,69.84,71.02,69.57,70.44,3125800
NOW,20121115,28.34,31.98,28.28,31.79,7050800
NP,20121115,23.88,23.96,22.95,23.67,88900
NPK,20121115,70.21,72.27,70.21,71.68,23700
NPO,20121115,37.31,37.64,36.56,37.12,159100
NPTN,20121115,5.33,5.45,5.26,5.31,29000
NPV,20121115,16.34,16.35,15.92,16.13,42200
NQ,20121115,5.31,5.92,5.26,5.63,346300
NQP,20121115,16.53,16.59,16.35,16.42,18600
NR,20121115,6.76,6.93,6.71,6.87,355100
NRG,20121115,19.48,19.66,19.15,19.59,3112800
NRP,20121115,172.8,175.4,169,171.4,577900
NRT,20121115,24.75,24.75,24.25,24.3,24300
NS,20121115,41.53,41.83,39.55,40.12,865500
NSC,20121115,57.46,57.68,56.73,57.02,3443300
NSH,20121115,26.1,26.25,24.99,25.25,206700
NSL,20121115,7.2,7.28,6.78,7.16,294100
NSM,20121115,24.13,25.62,23.53,25.49,2036500
NSP,20121115,27.28,27.36,27.01,27.35,55500
NSR,20121115,37.95,37.95,37.12,37.37,440600
NTC,20121115,14.38,14.4,14.31,14.35,26200
NTG,20121115,23.77,23.91,22.76,23.45,295700
NTL,20121115,10.8,11.01,10.77,10.86,2500
NTX,20121115,16.29,16.34,16,16.1,24600
NTZ,20121115,1.93,1.93,1.83,1.87,47300
NUE,20121115,39.55,39.94,39.2,39.36,2004500
NUM,20121115,16.23,16.28,16.08,16.25,13700
NUO,20121115,19.25,19.25,18.93,19.07,11100
NUS,20121115,44.64,44.75,43.84,44.1,800900
NUV,20121115,10.37,10.37,10.2,10.27,587900
NUW,20121115,18.4,18.41,17.9,17.94,37100
NVO,20121115,30.778,30.942,30.234,30.46,417400
NVR,20121115,844.71,851.99,832.4,847.59,41600
NVS,20121115,59.35,59.47,58.76,58.97,2376200
NW-C,20121115,25,25.07,24.8,24.89,40000
NWE,20121115,33.76,34.19,33.31,33.43,216100
NWL,20121115,20.48,20.66,20.36,20.6,5855600
NWN,20121115,42.26,42.47,41.54,41.74,132300
NWY,20121115,3.21,3.24,3.09,3.2,239800
NX,20121115,18.61,18.87,18.03,18.49,285800
NXC,20121115,15.88,15.9,15.36,15.38,16800
NXN,20121115,15.1,15.12,15.01,15.07,9000
NXP,20121115,15.46,15.46,15.03,15.25,41100
NXQ,20121115,14.06,14.19,13.99,14.1,93300
NXR,20121115,15.07,15.08,14.67,14.79,35000
NYC-U,20121115,49.62,49.62,49,49.5,600
NYCB,20121115,12.55,12.69,12.4,12.45,4261000
NYT,20121115,7.99,8.12,7.73,7.86,2379400
O,20121115,37.45,38,37.37,37.5,1316500
OAK,20121115,40.39,40.85,39.7,40.51,88300
OAS,20121115,29.79,30.12,28.93,29.56,1762100
OB,20121115,13.14,13.29,12.92,13.13,72200
OC,20121115,32.03,32.5,31.22,31.73,2078400
OCN,20121115,33.15,33.61,32.51,33.26,2560400
ODC,20121115,21.22,21.4,21.06,21.06,4900
OFC,20121115,23.64,23.87,23.41,23.53,482600
OFC-L,20121115,25.97,26.05,25.87,25.96,19800
OFG,20121115,11.08,11.22,10.88,11.15,258600
OFG-A,20121115,24.64,24.98,24.6,24.98,700
OFG-B,20121115,24.73,24.73,24.23,24.68,2800
OFG-D,20121115,24.98,24.98,24.85,24.85,2500
OGE,20121115,27.455,27.815,27.18,27.79,1238900
OHI,20121115,21.57,21.67,21.3,21.5,1617600
OI,20121115,18.58,18.86,18.53,18.68,1381600
OIA,20121115,7.63,7.63,7.49,7.61,203900
OIB.C,20121115,22.6,23.1,22.6,22.95,10800
OII,20121115,51.88,52.9,51.46,52.12,1397900
OIS,20121115,65.41,66.02,63.92,64.4,547100
OKE,20121115,44.67,44.83,43.94,44.65,1290500
OKS,20121115,56,56.25,53.84,55.03,738100
OLN,20121115,20.09,20.21,19.8,19.9,545300
OLP,20121115,18.26,18.26,17.61,17.8,46700
OMC,20121115,46.05,46.38,45.11,45.62,3510200
OME,20121115,6.22,6.3,6.11,6.12,42600
OMI,20121115,28.55,28.94,28.42,28.88,815300
OMN,20121115,6.36,6.51,6.17,6.2,89600
OPY,20121115,15.03,15.16,14.84,14.9,16300
ORA,20121115,17.44,17.49,16.96,17.11,111000
ORCL,20121115,29.58,30.07,29.56,29.95,26294900
ORI,20121115,9.91,10.03,9.8,9.84,2472100
ORN,20121115,6.43,6.46,6.1,6.21,112800
OSK,20121115,27.11,27.47,26.76,27.08,389100
OXM,20121115,51.33,51.81,50.1,50.76,51200
OXY,20121115,74.34,74.95,73.48,73.92,5385900
OZM,20121115,8.8,8.87,8.59,8.84,531700
P,20121115,7.35,7.5,7.26,7.36,3187400
PAA,20121115,43.87,44.34,42.6,43.59,1918900
PAC,20121115,47.73,47.93,46.76,47.43,9600
PACD,20121115,99.8,109.9,98.9,100.8,1528500
PAG,20121115,26.22,27.18,26.22,27.07,572600
PAI,20121115,15.32,15.67,14.29,14.46,64600
PAM,20121115,3.29,3.32,3.1,3.27,57300
PANW,20121115,53.98,53.98,50.55,51.4,226100
PAR,20121115,5.07,5.08,4.92,5,9100
PAY,20121115,29.55,29.68,28.95,29.45,1731700
PB,20121115,39.83,40.24,39.4,39.68,243800
PBA,20121115,27.06,27.16,26.92,27.07,303500
PBH,20121115,19.76,19.8,19.2,19.67,251700
PBI,20121115,11,11.33,10.79,10.99,6088500
PBR,20121115,19.47,19.62,19.15,19.3,12179500
PBR.A,20121115,18.89,19.1,18.67,18.87,4652700
PBT,20121115,12.6,12.91,12.01,12.68,409500
PCF,20121115,7.82,7.85,7.34,7.65,105300
PCG,20121115,40.5,40.85,39.99,40.17,2920600
PCK,20121115,10.59,10.63,10.37,10.53,170000
PCM,20121115,11.47,11.54,11.05,11.28,144000
PCN,20121115,17.42,17.62,16.91,17.16,389600
PCQ,20121115,15.54,15.55,15.27,15.38,74800
PDI,20121115,27.67,27.69,27.01,27.54,693000
PDM,20121115,17.17,17.32,17.08,17.22,803800
PDS,20121115,6.84,6.93,6.68,6.77,2871800
PDT,20121115,12.99,12.99,12.17,12.6,626500
PEB,20121115,19.8,19.95,19.28,19.49,280400
PEG,20121115,29.47,29.63,29.05,29.28,2519200
PEI,20121115,15.62,15.81,15.42,15.62,410000
PEI-A,20121115,25.34,25.68,25.34,25.6,9600
PEI-B,20121115,25.04,25.04,24.51,24.79,19700
PEO,20121115,23.88,24,23.37,23.64,145100
PEP,20121115,68.12,68.31,67.72,68.19,4668800
PER,20121115,17.29,17.42,16.36,16.53,437000
PES,20121115,6.03,6.22,6.03,6.11,446000
PFD,20121115,14.73,14.73,14.12,14.2,102800
PFE,20121115,23.71,23.92,23.55,23.66,27416800
PFG,20121115,26.23,26.47,26.02,26.23,1146300
PFH,20121115,18.73,18.79,17.63,18.77,30900
PFK,20121115,26.05,26.06,25.45,25.52,4900
PFL,20121115,12.28,12.4,12.02,12.25,397600
PFN,20121115,10.85,11,10.72,10.92,704500
PFO,20121115,11.18,11.2,10.9,10.93,85000
PFS,20121115,13.6,13.73,13.31,13.37,173700
PG,20121115,66.76,67,65.83,66.32,9290500
PGH,20121115,5.15,5.22,5.06,5.1,1741100
PGP,20121115,17.12,17.25,15.35,15.43,696600
PGR,20121115,22.45,22.56,22.13,22.23,6347800
PH,20121115,77.76,79.5,77.5,78.59,1775200
PHD,20121115,12.8,13.01,12.55,13,197200
PHG,20121115,25.17,25.24,24.82,24.9,1367500
PHH,20121115,18.86,19.33,18.5,18.91,2946900
PHI,20121115,59.78,59.94,59.52,59.93,70900
PHK,20121115,10.25,10.5,9.88,10.15,3664800
PHM,20121115,15.18,15.93,14.55,15.24,21101500
PHT,20121115,15.41,15.6,14.51,14.94,613100
PHX,20121115,24.94,25.23,24.83,24.98,7000
PII,20121115,80.56,81.62,79.81,80.14,1057400
PIM,20121115,4.92,4.99,4.92,4.95,399600
PIR,20121115,18.83,18.85,18.05,18.27,2059100
PIY,20121115,25.27,25.67,25.27,25.67,2400
PJC,20121115,27.06,27.35,27,27.21,74300
PKD,20121115,3.71,3.79,3.61,3.66,513000
PKE,20121115,23.14,23.22,22.62,22.83,49200
PKG,20121115,34.54,35.08,34.06,34.16,1387900
PKI,20121115,30.1,30.26,29.76,30.06,761500
PKO,20121115,27.56,28.24,27.56,28,238300
PKX,20121115,73.02,73.32,72.5,72.85,192700
PKY,20121115,13.42,13.63,13,13.14,101000
PL-C,20121115,25.65,25.8,25.13,25.56,44800
PL-E,20121115,25.36,25.61,25.1,25.12,30500
PLD,20121115,32.89,33.06,32.32,32.6,1951600
PLOW,20121115,13.15,13.37,12.94,13.05,58200
PLT,20121115,31.85,32.33,31.79,32.1,300900
PM,20121115,82.28,84.03,82.1,83.97,7166900
PMC,20121115,13.11,13.25,12.96,13.19,206800
PMF,20121115,15.93,16.05,15.12,15.26,319700
PML,20121115,12.97,12.97,12.49,12.75,688400
PMM,20121115,8.08,8.09,7.67,7.93,426200
PMO,20121115,13.45,13.45,13,13.07,246100
PMT,20121115,21.71,23,21.69,22.82,1406900
PMX,20121115,12.49,12.52,11.81,12.02,365300
PNC,20121115,53.82,54.8,53.75,54.37,5110000
PNC-P,20121115,27.45,27.47,27.05,27.18,324400
PNC-Q,20121115,25.01,25.01,24.41,24.69,98800
PNC.W,20121115,7.33,8.05,7.25,7.77,44000
PNF,20121115,12.45,12.46,12.07,12.21,42000
PNI,20121115,13.6,13.6,13.05,13.26,41700
PNM,20121115,20.35,20.49,20.03,20.05,492100
PNR,20121115,43.6,43.99,43.37,43.54,1440800
PNW,20121115,49.43,49.86,48.73,49.16,809800
POL,20121115,18.9,19.1,18.55,18.6,789200
POR,20121115,25.41,25.55,25,25.17,577100
POST,20121115,34.11,34.93,33.84,33.9,173300
POT,20121115,37.5,37.93,37.39,37.59,4488100
PPG,20121115,58.13,58.53,57.105,57.625,753900
PPL,20121115,27.98,28.16,27.74,27.95,4660200
PPP,20121115,6.15,6.28,5.99,6.12,776400
PPR,20121115,6,6,5.75,5.84,808800
PPT,20121115,5.34,5.35,5.26,5.33,822800
PQ,20121115,19.4,19.76,19,19.24,412400
PRA,20121115,42.89,44.25,42.22,43.025,234200
PRI,20121115,27.33,27.87,27.22,27.58,321300
PRLB,20121115,31.49,32.56,31.16,31.78,213900
PRO,20121115,16.76,17.41,16.65,16.78,54000
PRU,20121115,50.27,50.79,49.72,50.42,5613000
PSA,20121115,145.19,146.14,143.47,144.25,840600
PSA-A,20121115,25.35,25.41,25.35,25.35,11800
PSA-D,20121115,25.35,25.38,25.35,25.35,71900
PSA-S,20121115,26.12,26.27,25.78,25.85,56000
PSA-T,20121115,26.14,26.14,25.69,25.82,31000
PSA-U,20121115,25.75,25.75,25.3,25.53,39500
PSA-V,20121115,25.55,25.55,25.1,25.23,78300
PSA-Z,20121115,25.36,25.42,25.36,25.36,6700
PSB,20121115,64.22,64.74,63.47,63.84,123300
PSB-T,20121115,25.5,25.73,25.32,25.37,32900
PSB-U,20121115,24.85,24.91,24.66,24.75,62600
PSF,20121115,26.62,26.62,25.34,26.31,124000
PSO,20121115,19.01,19.06,18.86,18.92,128900
PSX,20121115,45.53,46.19,44.94,45.34,3805000
PTR,20121115,130.2,130.88,129.46,130.11,63800
PTY,20121115,19.02,19.11,18.76,18.96,857000
PUK,20121115,27.07,27.18,26.89,27.05,75700
PUK-A,20121115,25.41,25.43,25.26,25.29,19600
PUK.P,20121115,25.25,25.31,25.13,25.25,17800
PVG,20121115,13.09,13.09,12.62,12.7,197000
PVH,20121115,106.69,108,106.23,107.31,911500
PVTD,20121115,25.2,25.29,24.81,24.95,63600
PWE,20121115,10.51,10.65,10.36,10.45,3929100
PWR,20121115,25.06,25.26,24.77,24.98,1823800
PX,20121115,106.11,106.32,104.85,105.53,1194700
PXD,20121115,107,107,101.16,102.82,1795800
PYN,20121115,10.66,10.66,10.41,10.55,12900
PYS,20121115,23.88,24.2,22.77,23.03,11200
PYT,20121115,17.75,17.75,17.73,17.74,1500
PZC,20121115,10.95,11.01,10.92,10.93,77300
PZE,20121115,4.29,4.29,3.99,4.02,101900
PZN,20121115,4.72,4.77,4.53,4.55,16400
QEP,20121115,27.14,27.58,26.65,26.89,2154500
QTM,20121115,10.48,10.8,9.76,10.48,1364700
QUAD,20121115,14.57,15.97,14.43,15.75,266100
R,20121115,43.75,44.07,42.78,43.77,628400
RAD,20121115,1.01,1.02,0.98,1.02,10795200
RAI,20121115,40.06,40.2,39.7,39.98,2129400
RAS,20121115,5.11,5.16,5.05,5.08,295400
RAS-A,20121115,21.81,21.81,21.63,21.77,8500
RAS-B,20121115,22.7,22.74,22.58,22.72,1400
RAS-C,20121115,23.75,23.75,23.38,23.48,7500
RATE,20121115,10.72,10.9,10.57,10.88,502600
RBA,20121115,20.55,21.01,20.55,20.76,415200
RBC,20121115,65.15,65.41,63.78,64.31,280000
RBS,20121115,9.01,9.05,8.88,8.93,654900
RBS-F,20121115,24.76,24.86,24.7,24.7,15500
RBS-H,20121115,24.19,24.19,23.86,24.04,16000
RBS-L,20121115,22.35,22.5,22,22.21,67700
RBS-S,20121115,22.45,22.45,21.95,22.33,359600
RCI,20121115,42.01,42.35,41.76,42.17,243900
RCL,20121115,33.85,34.22,33.33,33.72,1821400
RCS,20121115,10.61,10.7,10,10.22,618800
RDC,20121115,30.92,31.59,30.76,31.31,2001200
RDN,20121115,4.01,4.16,3.82,3.91,6394200
RDS.A,20121115,66.08,66.41,65.46,65.55,2574000
RDS.B,20121115,68.01,68.4,67.59,67.81,864800
RDY,20121115,31.28,31.68,31.26,31.57,284800
RE,20121115,103.61,103.86,101.66,101.72,428400
REG,20121115,45.53,45.82,44.8,45.29,635000
REG-G,20121115,25.3,25.34,25,25,19500
REN,20121115,40,40.85,39.5,39.95,397200
RENN,20121115,3.4,3.46,3.3,3.34,2012700
RES,20121115,10.84,10.94,10.45,10.79,903500
REV,20121115,14.84,15.01,14.68,14.78,38500
REX,20121115,14.6,14.91,14.43,14.64,20100
RF,20121115,6.23,6.41,6.19,6.3,25283800
RF-A,20121115,24.65,24.68,24.21,24.68,376100
RFI,20121115,12.24,12.35,11.9,11.98,65100
RFP,20121115,10.45,10.77,10.45,10.65,433200
RGA,20121115,48.86,49.38,48.76,48.98,869500
RGC,20121115,14.91,15,14.67,14.78,1953000
RGR,20121115,49.72,49.72,47.88,48.57,417600
RGS,20121115,15.92,16.2,15.89,16.14,474900
RH,20121115,32.7,33.96,32.7,33.63,242500
RHI,20121115,26.65,26.88,26.54,26.82,1648100
RHP,20121115,32,32.1,31.3,31.53,568500
RHT,20121115,47.81,47.87,47.08,47.73,1498500
RIG,20121115,44.93,45.48,43.93,44.93,4276600
RIO,20121115,47.82,48.03,47.09,47.36,2349700
RJF,20121115,36.91,37.21,36.51,36.85,733200
RL,20121115,149.56,151.22,148.62,149.85,714800
RLGY,20121115,35.2,35.9,33.41,34.74,1380300
RLH,20121115,6.67,6.92,6.67,6.91,99000
RLI,20121115,33.055,33.595,32.955,33.49,119600
RLJ,20121115,17.38,17.56,17.09,17.17,247200
RM,20121115,16.53,17.5,16.51,16.92,25300
RMD,20121115,38.82,39.31,38.71,38.98,2083900
RMT,20121115,8.58,8.61,8.41,8.51,116900
RNP,20121115,16.18,16.18,15.25,15.84,526300
RNR,20121115,79.09,79.63,78.7,79.29,391200
RNR-C,20121115,24.99,25.1,24.96,25.1,8300
ROG,20121115,40.57,40.93,40.13,40.29,50500
ROK,20121115,77.01,77.33,75.82,76.29,1301900
ROL,20121115,14.54,14.6467,14.3467,14.4267,167700
ROP,20121115,107.29,108.26,106.58,107.69,645400
ROYT,20121115,16.95,16.95,16.49,16.65,100000
RPAI,20121115,12.2,12.54,12.03,12.08,1405300
RPM,20121115,26.31,26.35,25.65,25.78,560500
RPT,20121115,12.61,12.69,12.5,12.57,374100
RPT-D,20121115,51.45,51.5,51.31,51.38,46300
RQI,20121115,9.52,9.52,9.01,9.19,899700
RRC,20121115,66.95,68.08,66.45,67.33,993300
RRTS,20121115,16.82,17.1,16.75,17.08,54700
RS,20121115,54.33,54.99,53.68,53.71,596900
RSG,20121115,26.49,26.66,26.45,26.62,3310200
RSO,20121115,5.28,5.55,5.26,5.52,1427500
RSO-A,20121115,25,25.1,24.81,24.94,8000
RSO-B,20121115,24.7,24.74,24.6,24.74,6200
RST,20121115,12.66,12.9,12.52,12.62,25500
RT,20121115,7.21,7.24,7.03,7.16,226700
RTN,20121115,54.42,54.69,53.86,54,1778900
RVT,20121115,12.34,12.39,12.03,12.26,378500
RWT,20121115,14.99,15.33,14.79,15.09,743200
RXN,20121115,18.94,19.16,18.55,18.84,608200
RY,20121115,55,55.58,54.41,54.99,669000
RYN,20121115,48.25,48.49,47.81,47.88,850600
RZA,20121115,27.06,27.06,26.64,26.91,26700
S,20121115,5.46,5.6,5.45,5.54,30532300
SA,20121115,15.4,15.54,14.02,14.54,834400
SAB,20121115,8.2,8.2,8.2,8.2,0
SAH,20121115,18.48,19.09,18.4,18.76,241200
SAM,20121115,111.34,113.09,109.69,111.6,98900
SAN,20121115,7.14,7.22,7.07,7.11,2251900
SAN-A,20121115,24.43,24.6,24.31,24.53,17400
SAN-B,20121115,16.95,16.95,16.6,16.87,33300
SAN-C,20121115,24.39,24.51,24.28,24.3,14400
SAN-I,20121115,24.3,24.38,24.3,24.35,1500
SAP,20121115,70.87,71.16,70.58,71.04,713300
SAR,20121115,20,20.37,19.96,19.97,28100
SB,20121115,4.27,4.3,3.23,3.66,2818000
SBH,20121115,24.77,25.78,24.03,24.25,6419000
SBR,20121115,44.1,44.48,43.55,44,43100
SBS,20121115,14.1367,14.1367,13.0033,13.125,255300
SCCO,20121115,33.1,33.63,33.06,33.39,1907900
SCD,20121115,13.01,13.01,12.41,12.55,186100
SCE-F,20121115,25.92,25.92,25.37,25.7,58600
SCG,20121115,45.91,46.17,45.25,45.51,624000
SCH-B,20121115,25.87,25.87,25.4,25.52,76600
SCHW,20121115,12.52,12.78,12.47,12.73,16890700
SCI,20121115,13.28,13.46,13,13.4,1318100
SCL,20121115,47.345,47.8,46.77,47.75,44600
SCM,20121115,15.15,15.18,15,15.06,195200
SCS,20121115,10.15,10.22,9.97,10.07,505700
SCX,20121115,10,10.45,9.65,9.7,6600
SD,20121115,5.17,5.52,5.16,5.32,27475800
SDLP,20121115,23.74,23.89,22.96,22.99,367200
SDR,20121115,16.34,16.4,15.02,15.36,877700
SDRL,20121115,37.73,37.91,37.08,37.51,2654800
SDT,20121115,15.45,15.55,14.7,14.81,950400
SEE,20121115,16.66,16.77,16.43,16.49,3043700
SEM,20121115,10.26,10.42,10.17,10.39,383000
SEMG,20121115,35.52,35.69,34.76,35.18,379000
SEP,20121115,27.26,27.49,27.15,27.25,584000
SF,20121115,29.44,29.55,28.8,29.33,377500
SFE,20121115,14.18,14.24,13.53,13.84,105800
SFL,20121115,14.34,14.49,14.06,14.32,656100
SFUN,20121115,3.566,3.598,3.41,3.576,220000
SGF,20121115,12.92,12.99,12.87,12.88,45200
SGU,20121115,4.12,4.12,3.92,3.98,205400
SGY,20121115,826,847.6,823.2,826,526900
SHG,20121115,32.08,32.16,31.79,32.12,35800
SHI,20121115,19.1733,19.2333,19.06,19.0933,7800
SHO,20121115,9.51,9.56,9.28,9.34,821800
SHW,20121115,149.28,151.08,147.21,148.91,1190500
SID,20121115,4.96,5,4.76,4.84,4033000
SIG,20121115,51.78,52.18,51.18,51.24,956100
SIX,20121115,27.99,28.21,27.66,27.975,374900
SJI,20121115,23.35,23.465,22.93,23.175,79600
SJM,20121115,85.46,85.76,84.15,85.38,606800
SJR,20121115,21.15,21.25,20.82,21.1,232400
SJT,20121115,13.21,13.44,12.55,12.67,276200
SJW,20121115,22.74,22.86,22.57,22.76,22500
SKM,20121115,15.39,15.5,15.28,15.33,2655600
SKT,20121115,31.37,31.69,31.1,31.27,434600
SKX,20121115,5.0833,5.1867,5.06,5.1767,349700
SLB,20121115,67.8,69.45,67.69,69.16,7414600
SLCA,20121115,14.59,15.15,14.34,15.09,440100
SLF,20121115,25.36,25.59,25,25.38,421200
SLG,20121115,71.47,72.36,70.73,71.53,656600
SLG-I,20121115,25.4,25.4,25.04,25.1,49800
SLW,20121115,36.46,36.61,35.14,35.4,7607500
SM,20121115,51.05,52.03,49.83,50.28,1293800
SMFG,20121115,6.04,6.08,6,6.07,525700
SMG,20121115,39.83,40.48,39.75,40.29,426800
SMI,20121115,2.3,2.32,2.27,2.28,102000
SMLP,20121115,19.11,19.4,18.56,18.65,100800
SMM,20121115,19.5,19.52,18.5,18.72,44400
SMP,20121115,17.59,17.85,17.39,17.64,81600
SN,20121115,18.3,18.49,17.28,17.44,131400
SNA,20121115,74.4,75.04,74,74.15,487800
SNE,20121115,9.79,9.92,9.77,9.81,3659100
SNN,20121115,20.628,20.708,20.484,20.572,37400
SNP,20121115,77.7077,78.2385,77.4077,77.4692,44500
SNV,20121115,14.7,15.89,14.49,15.4,12543200
SNX,20121115,31.12,31.21,30.83,30.92,91600
SNY,20121115,42.76,42.96,42.62,42.73,995000
SO,20121115,42.87,43.27,42.28,42.54,6476000
SOL,20121115,5.9,6.25,5.9,5.95,293500
SON,20121115,29.47,29.66,29.05,29.21,437700
SOR,20121115,50.6,50.6,47.84,48.56,22600
SOV-C,20121115,25.64,25.64,25.64,25.64,600
SPA,20121115,12.83,12.83,12.25,12.36,56200
SPB,20121115,43.74,44.21,42.84,43.32,221200
SPE,20121115,15.64,15.64,15.27,15.32,8800
SPG,20121115,148.29,149.52,146.07,146.73,951100
SPG-J,20121115,70.62,70.62,67.61,68.5,2300
SPH,20121115,38.01,38.15,37.25,37.98,377100
SPLP,20121115,11.69,11.77,11.69,11.76,700
SPN,20121115,18.75,19.09,18.25,18.51,2230700
SPR,20121115,14.5,14.7,14.29,14.32,1628000
SQM,20121115,57.45,57.77,57.18,57.36,285400
SQNS,20121115,1.48,1.52,1.38,1.51,46600
SR,20121115,2.9,3,2.9,2.95,49100
SRC,20121115,15.99,15.99,15.45,15.68,570300
SRE,20121115,65.76,66.1,65,65.19,1084400
SRF,20121115,19.42,20,18.62,19.9,97000
SRI,20121115,4.75,4.77,4.56,4.6,178200
SRT,20121115,3.77,3.88,3.73,3.84,24100
SRV,20121115,7.44,7.46,7.05,7.16,458900
SSD,20121115,29.93,30.26,29.16,29.3,259400
SSI,20121115,23.37,27.42,22,23.2,835800
SSL,20121115,41.53,41.68,40.95,41.24,215100
SSP,20121115,9.71,9.75,9.37,9.42,146000
SSTK,20121115,22.28,22.93,21.4,21.79,56700
SSW,20121115,15.3,15.42,14.73,15.04,226900
ST,20121115,27.86,28.31,27.65,28.28,596900
STAG,20121115,16.57,16.79,16.25,16.5,672200
STC,20121115,24.3,24.58,23.59,24.04,219700
STE,20121115,32.33,32.8,32.23,32.55,326600
STI,20121115,25.53,26,25.3,25.82,5968400
STI-A,20121115,23.53,23.78,23.3,23.4,23100
STI.A,20121115,6,6.1,5.78,6,3400
STI.B,20121115,2.55,2.55,2.55,2.55,100
STK,20121115,13.33,13.4,12.86,13.07,118300
STL,20121115,8.93,9.06,8.86,8.91,36200
STM,20121115,5.57,5.62,5.31,5.46,2982000
STN,20121115,18.15,18.165,17.885,18.065,2500
STNG,20121115,5.71,5.76,5.58,5.64,123900
STO,20121115,23.8,23.95,23.56,23.65,1011300
STON,20121115,21.81,22.07,20.1,20.44,372100
STT,20121115,43.99,44.37,43.9,44.14,4461800
STT-C,20121115,25.38,25.38,25.14,25.15,72100
STV,20121115,4.35,4.35,4.21,4.35,293000
STWD,20121115,2.9656,3.0386,2.96,3.0119,1354400
STZ,20121115,33.88,33.9,33.46,33.56,1918000
STZ.B,20121115,33.57,33.65,33.57,33.65,600
SU,20121115,31.38,32.02,31.33,31.62,5111300
SUI,20121115,37.05,37.07,36.15,36.59,227100
SUI-A,20121115,24.85,25,24.35,25,122600
SUP,20121115,17.02,17.31,17.02,17.09,75200
SVU,20121115,2.61,2.61,2.49,2.55,3669000
SWFT,20121115,9.18,9.24,8.58,8.62,3228900
SWJ,20121115,25.99,26,25.37,25.82,78300
SWK,20121115,67.22,67.73,66.18,66.77,1262600
SWM,20121115,34.79,35.01,34.49,34.83,112900
SWN,20121115,34.9,35.11,34.19,34.39,5986000
SWX,20121115,39.97,40.3,39.15,39.52,171700
SWZ,20121115,10.69,10.73,10.55,10.6,41300
SXC,20121115,15.93,16.25,15.51,15.83,546200
SXE,20121115,22.5,22.96,22.01,22.08,38600
SXI,20121115,46.75,46.99,44.32,45.34,37900
SXT,20121115,33.91,34.29,33.66,33.81,156700
SYK,20121115,52.33,52.53,51.87,52,1750300
SYT,20121115,74.79,74.98,74.3,74.56,102300
SYX,20121115,10.55,10.58,10.45,10.5,19600
SYY,20121115,29.92,30.06,29.75,29.92,3289000
SZC,20121115,22.95,22.95,21.66,22.02,36900
T,20121115,33.65,33.94,33.18,33.42,26055300
TAC,20121115,14.78,14.89,14.49,14.51,90300
TAHO,20121115,18.3,18.3,17.84,17.99,85900
TAL,20121115,30.95,31.42,30.58,31.15,237900
TAP,20121115,39.5,40.04,39.46,39.7,1218100
TAP.A,20121115,40.92,40.92,39.64,40.42,400
TARO,20121115,45.98,46.46,45.45,45.81,25900
TBI,20121115,13.77,13.82,13.56,13.81,202000
TCAP,20121115,23.03,23.9,22.75,23.57,686300
TCB,20121115,11,11.23,10.93,11.08,1717400
TCB-B,20121115,26.71,26.71,26.43,26.5,15400
TCB.W,20121115,1.6,1.6,1.6,1.6,0
TCCA,20121115,25.17,25.18,24.52,25.09,8700
TCI,20121115,4.21,4.21,4.21,4.21,500
TCO,20121115,75.44,76.42,74.51,74.61,549200
TCO-J,20121115,25.59,25.59,25.05,25.15,12300
TCP,20121115,40,40.23,38.8,39.01,199900
TD,20121115,39.415,39.63,38.95,39.355,464100
TDC,20121115,63.93,64.2,61.34,62.21,3557900
TDE,20121115,25.88,26.5,25.87,26.12,22700
TDF,20121115,25.61,25.7,25.27,25.49,57500
TDG,20121115,122.5,128.89,120.65,125.65,2153800
TDI,20121115,25.36,25.39,25.21,25.21,3800
TDJ,20121115,26.87,26.93,26.57,26.67,12100
TDS,20121115,22.82,23.08,22.44,22.53,624900
TDW,20121115,43.21,43.53,42.85,43.03,617200
TDY,20121115,60.5,60.92,59.73,60.4,160000
TEF,20121115,12.89,14.16,12.75,12.77,2876600
TEI,20121115,16.4,16.61,15.88,16.51,197200
TEL,20121115,33.58,34.11,33.5,33.9,2282700
TEN,20121115,29.1,29.64,28.78,28.88,563200
TEO,20121115,9.48,9.64,9.4,9.64,131800
TER,20121115,15.24,15.3,14.82,14.86,2523600
TEVA,20121115,38.8,39.19,38.45,38.63,2973200
TEX,20121115,21.08,21.56,20.41,21,3045100
TFX,20121115,66.47,66.47,65.46,66,240100
TG,20121115,17.98,18.29,16.76,17.12,46300
TGH,20121115,28.06,28.21,27.12,27.45,342200
TGI,20121115,63.05,63.1,61.67,61.7,539400
TGP,20121115,35.8,35.8,34.5,34.83,410600
TGS,20121115,1.46,1.48,1.37,1.39,20300
TGT,20121115,62.22,62.98,61.14,62.44,8896000
THC,20121115,25.33,25.51,24.85,25.15,3184900
THG,20121115,34.59,34.96,34.39,34.58,220400
THO,20121115,41.42,42,40.37,41.16,821700
THR,20121115,23.63,23.76,22.83,23.01,393100
THS,20121115,50.16,51.01,49.91,50.69,744800
TI,20121115,9.22,9.27,9.07,9.11,240100
TI.A,20121115,7.97,7.99,7.86,7.91,102900
TIF,20121115,60.35,60.67,58.88,59.37,2651900
TISI,20121115,31.62,31.67,31.11,31.62,66200
TJX,20121115,41.98,42.2,41.33,42,8636900
TK,20121115,29.97,30.21,28.88,29.61,433500
TKC,20121115,15,15.08,14.89,14.93,311400
TKF,20121115,15.19,15.37,15.18,15.25,71500
TKR,20121115,38.1,38.24,37.15,37.58,590000
TLI,20121115,12.93,12.95,12.26,12.69,40500
TLK,20121115,19.295,19.395,19.24,19.38,115300
TLLP,20121115,43.72,44.12,41.3,42.95,136800
TLP,20121115,32.91,32.91,31.51,32.33,44000
TLYS,20121115,15.55,15.57,14.43,14.68,224600
TM,20121115,79.46,80.32,79.36,80.26,739500
TMK,20121115,33.0867,33.3933,32.8733,33.22,719000
TMK-B,20121115,25.71,25.71,25.1,25.11,42500
TMO,20121115,60.81,61.07,59.95,60.44,1435100
TNC,20121115,35.78,36.03,35.4,35.6,43800
TNH,20121115,212.04,213.98,202.5,202.5,102400
TNK,20121115,2.56,2.58,2.38,2.43,1114600
TNP,20121115,3.83,3.83,3.45,3.51,611300
TOL,20121115,29.69,30.85,28.5,29.73,6628200
TOO,20121115,24.87,25.36,24.55,25.11,446500
TOT,20121115,47.89,48.23,47.41,47.56,2824900
TOWR,20121115,6.11,6.27,6,6.15,19900
TPC,20121115,11.88,11.9,11.47,11.56,201200
TPL,20121115,57.47,57.5,56.56,57.5,6100
TPX,20121115,24.75,24.96,24.02,24.54,1110900
TPZ,20121115,24.18,24.18,23.21,23.58,46900
TR,20121115,26.08,26.24,25.74,25.95,85300
TRC,20121115,26.37,26.63,25.7,26.03,28000
TREX,20121115,18.55,18.855,18.205,18.545,194400
TRGP,20121115,46.21,46.67,45.74,46.42,411700
TRI,20121115,27.4,27.58,27.27,27.34,1053600
TRK,20121115,15.27,16.05,15.2,15.84,57500
TRN,20121115,14.74,14.795,14.335,14.505,538100
TRN-A,20121115,25.88,25.88,25.78,25.78,500
TRNO,20121115,14.2,14.36,14.15,14.2,32100
TROX,20121115,15.39,15.98,15.16,15.69,2373600
TRP,20121115,44.14,44.45,43.56,44.2,486400
TRQ,20121115,7.77,7.81,7.47,7.56,2064600
TRR,20121115,5.98,6,5.68,5.75,16100
TRU,20121115,0.95,0.98,0.91,0.91,15400
TRV,20121115,68.32,68.59,67.95,68.32,2315600
TS,20121115,36.25,36.95,36.24,36.84,2181200
TSI,20121115,5.36,5.47,5.17,5.34,309800
TSM,20121115,16.05,16.09,15.91,16.05,6855400
TSN,20121115,16.72,16.83,16.55,16.76,4258300
TSO,20121115,37.48,38.94,37.42,38.38,3914800
TSS,20121115,21.61,21.84,21.54,21.61,1792600
TSU,20121115,19.15,19.3,18.51,18.65,1335100
TTC,20121115,20.745,20.81,20.27,20.395,189000
TTF,20121115,17.45,17.57,17.36,17.41,36900
TTI,20121115,5.71,6.04,5.71,6,964300
TTM,20121115,24.63,24.72,24.31,24.4,1068400
TTP,20121115,23,23.46,22.1,22.85,60600
TU,20121115,31.585,31.585,31.06,31.195,147900
TUP,20121115,61.76,62.83,61.55,62.32,551300
TV,20121115,22.33,22.62,22.33,22.47,1377500
TVC,20121115,26.65,26.89,26.55,26.76,22000
TVE,20121115,26.89,26.89,26.34,26.86,17100
TWI,20121115,18.91,19,18.35,18.77,542800
TWN,20121115,14.95,14.96,14.65,14.96,11400
TWO,20121115,10.01,10.72,9.85,10.66,9738300
TWX,20121115,44.16,44.6,43.78,44.04,6115100
TX,20121115,20.4,20.71,20.11,20.35,138600
TXT,20121115,23.18,23.48,23.11,23.14,2541600
TY,20121115,15.36,15.36,15.1,15.3,158800
TY.P,20121115,50.93,50.93,50.93,50.93,0
TYG,20121115,39.89,40.09,38.83,39.5,80400
TYL,20121115,46.03,46.28,45.56,46.08,94700
UA,20121115,12.45,12.5775,12.245,12.54,1677100
UAL,20121115,19.95,20.18,19.5,19.51,5090300
UAN,20121115,23.75,24,23.18,23.33,305400
UBA,20121115,18.21,18.39,18,18.12,66500
UBP,20121115,17.63,17.63,16.64,17.58,2900
UBP-F,20121115,25.6,25.79,25.6,25.6,1600
UBS,20121115,15.2,15.28,14.99,15.1,3452100
UDR,20121115,22.7,22.76,22.35,22.51,2117000
UFI,20121115,12.36,12.83,11.92,12.58,40800
UFS,20121115,37.31,37.515,36.44,36.54,395400
UGI,20121115,20.52,20.6267,20.2067,20.3267,560900
UGP,20121115,20.8,20.9,20.5,20.64,141400
UHS,20121115,41.54,41.7,40.76,41.31,965900
UHT,20121115,46.25,46.59,44.46,45.35,74600
UIS,20121115,15.15,15.43,15.04,15.41,423200
UL,20121115,36.59,36.79,36.45,36.58,747600
UMC,20121115,1.81,1.84,1.81,1.82,1205400
UMH,20121115,9.59,9.59,9.24,9.38,88200
UMH-A,20121115,26.18,26.18,25.88,25.88,4600
UN,20121115,35.85,36.07,35.75,35.82,1510400
UNF,20121115,69.75,70.42,69.27,69.84,43800
UNH,20121115,51.27,51.72,51.09,51.25,6669100
UNM,20121115,19.2,19.4,19.15,19.34,1788500
UNP,20121115,58.92,59.255,58.26,58.995,2010000
UNT,20121115,40.95,41.26,39.82,40.35,155300
UPS,20121115,70,70.39,69.56,70.33,4172400
URI,20121115,39.01,39.7,37.31,37.77,3618700
USA,20121115,4.36,4.38,4.25,4.31,938000
USB,20121115,31.21,31.39,30.96,31.21,9918500
USB-A,20121115,885,900,885,885,1800
USB-H,20121115,24.22,24.3,23.62,23.96,89900
USB-M,20121115,28.73,28.82,28.4,28.78,106100
USG,20121115,24.09,24.69,23.43,24.08,2858800
USM,20121115,34.59,34.79,33.75,33.99,85500
USNA,20121115,43.6,44.28,43.4,43.79,111600
USPH,20121115,23,23.81,22.84,23.54,109100
UTF,20121115,16.9,17.06,16.51,16.96,581800
UTI,20121115,12.17,12.32,12.02,12.22,47300
UTL,20121115,24.66,24.74,24.15,24.62,61200
UTX,20121115,74.87,75.33,74.55,74.84,3625400
UVV,20121115,45.76,46.22,44.71,45.62,142500
UZA,20121115,27.25,27.38,26.67,26.72,31700
V,20121115,35,35.12,34.6325,35,3429600
VAC,20121115,37.54,38.3,37.3,38.08,233300
VAL,20121115,55.66,56.68,55.6,55.72,459500
VAL.P,20121115,17.29,17.38,16.75,16.91,3411300
VALE,20121115,17.62,17.62,17.17,17.3,12446300
VAR,20121115,67.73,68.2,67.1,67.74,844900
VBF,20121115,21.22,21.22,19.86,20.11,88300
VC,20121115,48.69,49.6,48.5,48.56,897600
VCO,20121115,39.93,40.15,39.54,39.7,1100
VCRA,20121115,24.98,26,24.98,25.48,300600
VCV,20121115,13.84,13.84,13.58,13.63,275300
VFC,20121115,38.545,39.0575,38.2525,38.4675,417400
VG,20121115,2.23,2.25,2.19,2.21,1289900
VGI,20121115,18.62,18.81,17.94,18.4,100200
VGM,20121115,15.55,15.55,15.2,15.22,247600
VGR,20121115,14.53,14.78,14.25,14.54,6490800
VHI,20121115,11.85,11.86,11.57,11.86,34800
VIPS,20121115,1.227,1.227,1.049,1.198,182300
VIV,20121115,23.07,23.07,22.69,22.76,784800
VKQ,20121115,15.04,15.04,14.76,14.83,148100
VLO,20121115,28.7,29.75,28.56,29.58,8550000
VLT,20121115,17.53,17.76,16.8,17.17,175400
VLY,20121115,8.74,8.86,8.65,8.78,1801700
VLY-A,20121115,25.5,25.58,25.44,25.44,5900
VLY.W,20121115,0.6,0.6,0.6,0.6,1000
VMC,20121115,47.01,47.33,46.07,46.45,877900
VMI,20121115,129.94,131.69,129,131.45,168800
VMO,20121115,15,15.08,14.65,14.77,379700
VMW,20121115,85.04,85.25,83.66,84.77,1346900
VNO,20121115,74.02,74.54,73.06,73.28,1318100
VNO-G,20121115,25.02,25.1,25,25.08,25500
VNO-I,20121115,25.2,25.28,25.01,25.09,99200
VNO-K,20121115,25.25,25.37,25.16,25.28,85400
VNTV,20121115,19.85,20.37,19.54,19.67,443700
VOC,20121115,12.96,13.03,12.66,12.9,131700
VPG,20121115,11.98,12.01,11.77,11.85,18000
VPV,20121115,16.3,16.3,15.74,16.09,54100
VR,20121115,33.48,33.64,33.11,33.48,623500
VRS,20121115,1.21,1.35,1.11,1.15,42500
VRX,20121115,53.56,53.71,52.53,53.32,1283700
VSH,20121115,8.57,8.74,8.52,8.71,1426300
VSI,20121115,56.62,57.46,54.76,57.42,473600
VTA,20121115,12.07,12.25,11.62,11.94,624600
VTN,20121115,16.8,16.8,16.45,16.58,58300
VTR,20121115,63.25,63.68,62.55,62.91,1480500
VVC,20121115,27.96,28.05,27.46,27.62,537400
VVI,20121115,19.32,19.57,19.16,19.43,79300
VVR,20121115,4.95,5.02,4.76,4.93,1029000
VZ,20121115,42.19,42.49,41.6,41.7,15088600
WAB,20121115,39.76,40.165,39.345,39.805,280600
WAGE,20121115,17.11,17.98,17.11,17.65,195900
WAIR,20121115,13.26,13.75,13.01,13.1,153100
WAL,20121115,9.6,9.64,9.33,9.43,526300
WAT,20121115,80.49,81.32,80.04,81.13,692800
WBC,20121115,58.27,58.87,56.97,57.41,444300
WBK,20121115,25.356,25.496,25.238,25.41,32000
WBS,20121115,20.21,20.34,19.89,20.06,355500
WCC,20121115,61,61.66,60.04,60.17,546400
WCG,20121115,45.77,46.77,45.29,46.64,473200
WCN,20121115,30.49,30.77,30.4,30.77,1333100
WD,20121115,15.74,16.12,15.63,15.98,119500
WDAY,20121115,48.62,48.62,47.07,47.94,371700
WDR,20121115,32.21,33.17,32.04,32.88,817300
WEA,20121115,15.06,15.06,14.43,14.73,251700
WEC,20121115,36.46,36.78,36.01,36.12,1381400
WES,20121115,46.29,46.85,45.1,46.3,535400
WF,20121115,27.65,27.88,27.54,27.83,10100
WFC,20121115,31.49,31.92,31.42,31.57,22960600
WFC-J,20121115,29.79,29.92,29.28,29.42,293400
WFC-L,20121115,1213.31,1223.99,1213.31,1218,6200
WFC-N,20121115,25.3,25.3,24.9,25.01,111100
WFC.W,20121115,9.01,9.05,8.75,8.75,58600
WFT,20121115,9,9.22,8.84,9.13,18714300
WG,20121115,4.2,4.4,4.14,4.21,354800
WGL,20121115,37.36,37.71,36.65,36.85,197800
WGO,20121115,13.31,13.39,12.73,12.97,148000
WHG,20121115,38.43,38.63,38.25,38.49,5300
WHR,20121115,95.63,97.08,93.5,93.96,1659900
WIA,20121115,13.07,13.16,13,13.02,124100
WIT,20121115,8.15,8.16,8.01,8.13,257900
WIW,20121115,13.24,13.28,13.14,13.15,195000
WLK,20121115,36.52,36.64,34.935,35,1031200
WLL,20121115,42.44,43.39,42.01,42.83,1741300
WM,20121115,31.06,31.23,30.82,30.96,2304400
WMB,20121115,31.09,31.4,30.55,30.97,6996400
WMC,20121115,17.58,18.86,17.36,18.76,1304600
WMK,20121115,38.5,38.62,38.03,38.15,34300
WMS,20121115,14.82,15.61,14.76,15.3,846900
WMT,20121115,69.66,69.69,67.85,68.72,23049800
WNC,20121115,7.21,7.3,7.1,7.16,479800
WNR,20121115,25.7,25.83,24.6,24.79,2369100
WNS,20121115,10.57,10.64,10.5,10.62,12100
WOR,20121115,21.37,21.53,20.76,20.86,454600
WPC,20121115,46.46,47.25,46.11,47.02,448300
WPX,20121115,15.15,15.31,14.88,15.14,2387800
WPZ,20121115,47.33,47.58,45.07,46.38,1556200
WR,20121115,27.95,27.99,27.33,27.52,848600
WRB,20121115,38.53,38.85,38.43,38.61,507900
WRD,20121115,22.72,23.07,22.69,23.07,6000
WRE,20121115,24.72,24.87,24.12,24.36,520500
WRI,20121115,26,26.24,25.69,25.81,687700
WSM,20121115,44.58,45.38,43.17,43.46,4343400
WSO,20121115,68.81,69.24,68.27,68.66,232500
WSR,20121115,12.3,12.99,12.3,12.88,434300
WST,20121115,25.75,25.85,25.25,25.7,105300
WTI,20121115,15.59,16.11,15.31,15.54,547000
WTM,20121115,509.34,514,509,513.73,8000
WTR,20121115,20.464,20.464,19.32,19.504,423300
WTS,20121115,37.19,37.54,36.8,36.96,288100
WTW,20121115,55.4,56.11,54.09,55.33,668700
WU,20121115,12.7,12.77,12.4,12.69,11404900
WWE,20121115,7.53,7.62,7.5,7.59,136900
WWW,20121115,20.095,20.33,19.975,20.275,285800
WY,20121115,25.11,25.38,24.84,24.99,5409600
WYN,20121115,49.87,49.91,48.25,48.98,2637400
X,20121115,20.33,20.76,19.88,20.14,7783800
XCO,20121115,7.57,7.69,7.46,7.61,3752500
XEC,20121115,60.48,61.14,60.13,60.77,925300
XEL,20121115,26.34,26.49,25.9,26.03,2009300
XIN,20121115,3.05,3.05,2.88,2.98,398500
XKE,20121115,8.97,8.97,8.75,8.92,5200
XL,20121115,23.53,23.74,23.32,23.53,1988800
XNY,20121115,5.2,5.56,5.2,5.44,141800
XOM,20121115,86.09,86.56,85.37,86.14,13786600
XOXO,20121115,7.35,7.69,7.35,7.6,114400
XPO,20121115,13.66,13.88,13.6,13.77,178800
XRM,20121115,3.16,3.22,3.04,3.04,14900
XRX,20121115,6.31,6.37,6.21,6.28,9981800
XYL,20121115,24.02,24.34,23.92,24.03,769700
Y,20121115,327.75,329.57,324.64,327.77,41400
YELP,20121115,16.69,17.31,16.32,17.21,907700
YGE,20121115,15.1,15.4,14.4,14.4,892200
YPF,20121115,10,10.14,9.85,9.86,305000
YUM,20121115,71.16,72.03,70.86,71.11,2309300
ZB-A,20121115,22.62,22.62,22.33,22.46,7500
ZB-F,20121115,28.96,28.96,27.85,27.99,4100
ZF,20121115,11.63,11.68,11.28,11.39,97200
ZNH,20121115,21.77,21.83,21.29,21.4,78600
ZTR,20121115,12.09,12.11,11.95,12,269800
ZX,20121115,2.85,3,2.85,2.95,14000
