<ticker>,<date>,<open>,<high>,<low>,<close>,<vol>
A,20100827,27.69,28.05,27.03,27.96,3346900
AA,20100827,30.45,31.08,29.91,30.96,24421700
AAN,20100827,16.82,16.91,16.46,16.86,532000
AAP,20100827,55.02,55.94,54.24,55.58,954500
AAV,20100827,5.86,5.93,5.73,5.88,287700
AB,20100827,24.22,24.75,23.88,24.63,279800
ABB,20100827,19.21,19.31,18.88,19.3,1955600
ABC,20100827,27.75,27.75,27.09,27.73,3040000
ABG,20100827,12.2,12.5,11.75,12.49,186500
ABM,20100827,19.8,20.26,19.75,20.24,271900
ABR,20100827,4.54,4.95,4.54,4.79,62800
ABT,20100827,49.56,49.9,49.01,49.84,4531900
ABX,20100827,45.93,46.54,45.41,46.5,9719000
ACC,20100827,29.34,30.07,28.76,30.02,1396900
ACH,20100827,19.69,19.99,19.39,19.99,298700
ACM,20100827,23.01,23.02,22.36,22.97,522400
ACN,20100827,37.37,37.49,36.97,37.2,3928700
ACV,20100827,31.11,31.31,30.8,31.31,884600
ADC,20100827,23.65,24.08,23.3,24.04,57800
ADM,20100827,30.2,30.64,29.86,30.53,5992800
ADS,20100827,55.33,57.44,54.52,57.33,732000
ADX,20100827,9.19,9.24,9.04,9.24,171900
AEB,20100827,20.3,20.5,20.26,20.37,32800
AED,20100827,22.24,22.56,22.15,22.56,91200
AEE,20100827,27.9,28.32,27.66,28.27,2291800
AEG,20100827,5.23,5.34,5.11,5.32,647400
AEH,20100827,22.3,22.47,22.11,22.47,76200
AEL,20100827,9.49,9.78,9.27,9.77,279000
AEM,20100827,64.13,65.23,63.35,65.1,2334300
AEO,20100827,13.09,13.65,13.09,13.47,4886700
AEP,20100827,35.35,35.79,34.99,35.71,3141900
AER,20100827,10.73,11.18,10.44,11.11,334700
AES,20100827,10.51,10.63,10.29,10.6,4382400
AES-C,20100827,46.11,46.5,46.11,46.26,7100
AET,20100827,27,27.38,26.49,27.33,2530000
AF,20100827,12.21,12.45,11.93,12.43,962300
AFB,20100827,14.62,14.7,14.59,14.69,87800
AFC,20100827,21.06,21.06,20.92,21,50400
AFG,20100827,28.7,29.2,28.39,29.13,509700
AFL,20100827,46.18,47.85,45.42,47.82,3641100
AGC,20100827,8.81,8.88,8.81,8.87,71600
AGCO,20100827,33.11,33.52,32.43,33.43,1434900
AGD,20100827,11.8,11.96,11.68,11.82,67100
AGM,20100827,11.41,11.9,11.09,11.87,94600
AGM.A,20100827,9,9,9,9,0
AGN,20100827,63.63,63.79,62.29,63.17,1369000
AGO,20100827,15.14,15.64,14.68,15.61,1910100
AGO-B,20100827,23.8,23.8,23.37,23.55,7700
AGO-E,20100827,21.9,22.2,21.9,21.9,33100
AGO-F,20100827,19.79,19.79,19.65,19.67,6500
AGU,20100827,67.27,69.54,67.07,69.43,1933700
AHC,20100827,7.19,7.34,7.01,7.22,99800
AHL,20100827,27.61,28.2,27.5,28.17,549400
AHL-A,20100827,22.48,22.55,22.45,22.54,18800
AHT,20100827,8.2,8.32,7.93,8.28,432100
AHT-A,20100827,23.9,24.1,23.61,24.1,2200
AHT-D,20100827,23.32,23.4,23.09,23.4,8900
AI,20100827,19.4,19.73,19.21,19.4,117300
AIB,20100827,9.9,10.35,9.8,10.3,1804400
AIG,20100827,34.23,35.29,34.12,35.2,3103600
AIN,20100827,18.17,18.56,17.75,18.48,167000
AIR,20100827,15.92,16.22,15.61,16.19,222800
AIT,20100827,26.68,26.97,26.2,26.76,253900
AIV,20100827,20,20.2,19.41,20.09,1818300
AIZ,20100827,36.1,36.85,35.68,36.85,895700
AJG,20100827,25.02,25.33,24.72,25.33,377100
AKO.A,20100827,23.08,23.26,22.98,23.22,1900
AKO.B,20100827,27.21,27.52,27.1,27.41,59100
AKP,20100827,14.5,14.59,14.5,14.59,4200
AKR,20100827,17.92,18.07,17.54,17.97,405100
AKS,20100827,12.19,12.63,11.96,12.61,7829900
ALB,20100827,40.17,40.65,38.75,40.64,1098600
ALE,20100827,35.43,36.06,35.01,35.97,149100
ALEX,20100827,33.53,34.52,33.09,34.28,148200
ALG,20100827,20.01,20.63,19.69,20.62,47200
ALJ,20100827,5.57,5.71,5.36,5.68,52100
ALK,20100827,11.2275,11.2775,11.02,11.2,843800
ALL,20100827,27.47,27.99,27.1,27.99,3536600
ALP-O,20100827,25.12,25.2,25.12,25.12,1900
ALR,20100827,28.4,28.97,28,28.79,268700
ALR-B,20100827,206.08,211,206.08,211,400
ALV,20100827,54.26,55.52,53.23,55.4,1252000
ALX,20100827,311.13,311.13,306,311.01,2200
AM,20100827,19.19,19.66,18.98,19.59,255200
AME,20100827,19.2,19.4845,18.8355,19.4355,422300
AMG,20100827,66.39,67.16,65.14,67,494700
AMN,20100827,57.04,58.24,56.25,58.15,37900
AMP,20100827,42.55,43.72,41.84,43.71,2829000
AMRC,20100827,10.8,11.31,10.8,11.25,51800
AMT,20100827,47.46,47.67,46.54,47.36,2376500
AMX,20100827,23.245,23.75,23.01,23.64,3823200
AN,20100827,23.15,23.28,22.58,23.24,1450800
ANF,20100827,35.15,36.03,34.66,35.99,4677600
ANH,20100827,6.64,6.74,6.52,6.73,1933900
ANH-A,20100827,25.4,25.45,25.4,25.45,200
ANH-B,20100827,23.54,23.54,23.5,23.5,3200
ANW,20100827,15.17,15.5,14.88,15.5,269400
AOD,20100827,10.2,10.2,9.68,10.16,1729100
AOI,20100827,33.9,34.7,33.4,34.7,592100
AON,20100827,36.35,37.17,36.14,37.17,1981900
AOS,20100827,8.5784,8.7467,8.4167,8.7284,106800
AP,20100827,21.58,22.95,21.47,22.9,31600
APA,20100827,87.88,90.14,86.6,89.97,3787200
APB,20100827,9.86,9.95,9.83,9.93,25300
APC,20100827,47.32,47.89,46.16,47.41,5323400
APD,20100827,74.21,74.53,73.46,74.42,1671600
APF,20100827,14.46,14.48,14.34,14.4,113600
APH,20100827,20.685,20.985,20.23,20.965,1391600
APU,20100827,43.4,43.45,42.76,43.42,37400
ARE,20100827,69.6,70.41,67.88,70.05,535700
ARI,20100827,16.81,16.89,16.68,16.89,218400
ARL,20100827,8.18,8.29,8.1,8.1,5200
ARW,20100827,23.3,23.77,22.56,23.71,787600
ASA,20100827,27.95,28.19,27.6,28.13,32100
ASG,20100827,3.46,3.48,3.39,3.48,42500
ASH,20100827,46.05,47.4,44.79,47.22,913400
ASR,20100827,42.87,43.91,42.75,43.56,103600
ASX,20100827,3.64,3.66,3.56,3.63,177300
AT,20100827,12.8,12.81,12.6,12.67,25200
ATI,20100827,41.03,41.81,39.96,41.75,2290400
ATO,20100827,28.67,28.92,28.34,28.88,315700
ATR,20100827,41.21,42.1,40.7,42.01,124700
ATU,20100827,19.29,19.92,19.04,19.91,392800
ATV,20100827,3.86,4.1,3.86,4.05,50000
ATW,20100827,24.71,25.29,24.25,25.21,767700
AU,20100827,42.44,42.77,41.81,42.68,2983300
AUO,20100827,8.71,8.85,8.61,8.81,1543300
AUY,20100827,10.23,10.36,10.05,10.29,10205800
AV,20100827,11.99,12.05,11.72,12.04,20600
AVA,20100827,20.9,21.42,20.67,21.35,424800
AVB,20100827,104.51,104.91,102.04,103.85,1328100
AVD,20100827,6.4,6.59,6.24,6.59,64300
AVK,20100827,16.85,16.97,16.75,16.91,93800
AVP,20100827,29.1,29.68,28.7,29.61,2152600
AVT,20100827,23.12,23.84,22.39,23.76,1632000
AVX,20100827,12.98,13.1,12.74,12.94,413200
AVY,20100827,32.46,33,31.97,32.99,875700
AWF,20100827,14.4,14.52,14.38,14.43,196500
AWH,20100827,16.3267,16.7867,16.07,16.7833,345400
AWI,20100827,39.43,40.08,38.76,39.94,576300
AWK,20100827,22.83,22.89,22.39,22.74,1043700
AWP,20100827,6,6.06,5.93,6.02,210200
AWR,20100827,16.7,16.995,16.455,16.97,92400
AXE,20100827,46.23,47.01,45.31,46.88,481100
AXL,20100827,8.55,8.78,8.23,8.78,1571400
AXP,20100827,40,40.93,39.56,40.91,7486400
AXR,20100827,11.57,11.57,11.31,11.31,500
AXS,20100827,31.07,31.31,30.79,31.28,977100
AYI,20100827,38.71,39.28,38.21,38.94,829800
AYR,20100827,7.97,8.14,7.82,8.14,263900
AZN,20100827,50.14,50.39,49.59,50.23,825700
AZO,20100827,211.66,215.15,211.66,214.65,375800
AZZ,20100827,19.415,20.36,19.095,20.335,72700
B,20100827,15.48,15.6,15.19,15.52,484800
BA,20100827,61.13,63.34,60.57,63.16,6851600
BAC,20100827,12.57,12.72,12.41,12.64,158637500
BAC-C,20100827,24.64,24.8,24.53,24.73,44300
BAC-D,20100827,21.9,21.94,21.59,21.69,98900
BAC-E,20100827,18.6,18.95,18.52,18.89,67700
BAC-I,20100827,23.71,23.85,23.5,23.82,68000
BAC-L,20100827,945,951,945,950,8100
BAC-W,20100827,24.86,24.95,24.76,24.92,44100
BAC-Y,20100827,23.15,23.17,22.99,23.13,57500
BAC.A,20100827,6.6,6.77,6.51,6.71,137700
BAC.B,20100827,2.55,2.68,2.54,2.66,77500
BAF,20100827,15.62,15.66,15.52,15.66,9900
BAK,20100827,18.24,18.38,17.96,18.11,269200
BAM,20100827,16.7333,17.1733,16.6733,17.12,1133300
BAP,20100827,103.07,105.36,103.07,105.16,326300
BAS,20100827,7.52,7.77,7.28,7.75,259600
BAX,20100827,43.59,43.82,43.06,43.75,3047300
BBD,20100827,13.0606,13.3637,12.9394,13.3409,8718200
BBF,20100827,14.27,14.39,14.27,14.33,12300
BBG,20100827,32.76,33.37,32.06,33.19,889900
BBK,20100827,15.72,15.8,15.72,15.8,10400
BBL,20100827,55.44,56.42,54.35,56.42,1941600
BBN,20100827,20,20.01,20,20,793300
BBT,20100827,22.42,22.75,22.15,22.72,5869500
BBVA,20100827,12.1,12.29,11.83,12.26,3218900
BBW,20100827,5.2,5.28,5.05,5.25,49800
BBX,20100827,5.85,6.05,5.75,5.9,649300
BBY,20100827,32.24,32.27,30.9,31.86,7578600
BC,20100827,13.21,13.44,12.71,13.37,926700
BCE,20100827,30.96,31.74,30.53,31.74,786100
BCH,20100827,78.38,78.87,77.73,78.11,7500
BCO,20100827,19.63,19.91,19.28,19.89,236000
BCR,20100827,76.87,78,76.02,77.98,724300
BCS,20100827,18.7,19,18.26,19,1583600
BCS-A,20100827,24.97,25.15,24.81,25.13,108200
BCS-D,20100827,26.4,26.66,26.35,26.6,171300
BDC,20100827,22.16,22.89,21.75,22.85,216300
BDJ,20100827,8.21,8.22,8.1,8.17,133500
BDN,20100827,11.09,11.13,10.75,11.08,1508600
BDX,20100827,69.04,69.79,68.68,69.72,915800
BEN,20100827,32.1267,32.7767,31.7,32.7733,994600
BF.A,20100827,20.46,20.67,20.43,20.6467,3300
BF.B,20100827,20.51,20.73,20.28,20.7,266800
BFK,20100827,14.32,14.47,14.28,14.42,79000
BFO,20100827,14.64,14.73,14.57,14.58,26600
BFR,20100827,8.2,8.2,7.85,8.12,255400
BFS,20100827,42.12,42.51,40.88,42.47,35000
BFZ,20100827,14.62,14.62,14.48,14.58,58200
BG,20100827,51.33,53.07,50.52,52.84,1260700
BGC,20100827,22.08,23.27,21.68,23.19,1168700
BGE-B,20100827,24.78,25.09,24.78,25.08,6200
BGG,20100827,18.01,18.49,17.86,18.46,541500
BGH,20100827,41.39,42.36,41.39,42.1,37300
BGR,20100827,22.69,22.93,22.2,22.92,89300
BGS,20100827,10.73,10.94,10.6,10.91,137100
BGT,20100827,14.49,14.49,14.3,14.44,159500
BGY,20100827,10.16,10.34,10.13,10.33,193800
BH,20100827,284.31,292.99,278.29,291,5400
BHE,20100827,14.36,14.57,14.03,14.54,329000
BHI,20100827,37.96,38.81,36.76,38.72,5305100
BHK,20100827,13.86,13.93,13.84,13.93,71800
BHL,20100827,12.73,12.84,12.71,12.78,10800
BHP,20100827,66.3,67.42,64.76,67.37,4777700
BID,20100827,29.03,29.34,27.65,28.67,1047800
BIF,20100827,5.8,5.84,5.75,5.82,13100
BIG,20100827,30.53,31.46,30.34,31.34,1619200
BIO,20100827,83.25,83.25,81.73,82.72,64900
BIO.B,20100827,83.82,83.82,83.82,83.82,0
BIP,20100827,11.6667,11.7333,11.44,11.5867,459200
BJZ,20100827,15.94,15.94,15.87,15.87,3000
BK,20100827,24.31,24.65,24.08,24.65,7727000
BKD,20100827,13.34,13.71,13.3,13.66,565900
BKE,20100827,24.14,24.69,23.63,24.48,708500
BKH,20100827,30.48,30.97,29.9,30.91,175000
BKK,20100827,15.28,15.35,15.23,15.3,57500
BKN,20100827,14.87,14.97,14.87,14.97,12300
BKS,20100827,15.2,15.62,14.95,15.56,527000
BKT,20100827,6.92,6.95,6.91,6.94,108500
BLH,20100827,16.44,16.48,16.39,16.46,3900
BLK,20100827,140.42,141.73,139.16,141.15,302800
BLL,20100827,27.77,28.295,27.57,28.245,548400
BLW,20100827,16.84,16.93,16.78,16.89,104500
BLX,20100827,12.23,12.73,12.16,12.71,221500
BMA,20100827,37.96,37.96,36.23,37.46,133400
BME,20100827,24.57,24.59,24.36,24.38,30400
BMI,20100827,37.61,38.42,37.07,38.34,54600
BML-G,20100827,16.66,16.73,16.52,16.73,10300
BML-H,20100827,16.35,16.65,16.35,16.57,13300
BML-I,20100827,22.14,22.22,22.01,22.22,50700
BML-J,20100827,18.7,18.9,18.61,18.8,25600
BML-L,20100827,18.09,18.13,17.97,18,54700
BMO,20100827,53.36,55.27,53.21,54.99,628000
BMS,20100827,29.04,29.5,28.73,29.39,837000
BMY,20100827,25.97,26.27,25.66,26.12,6402300
BNJ,20100827,15.21,15.28,15.18,15.18,6400
BNS,20100827,47.94,49.45,47.37,49.37,531500
BNY,20100827,15.44,15.64,15.4,15.49,24400
BOE,20100827,16.93,17.03,16.74,16.88,203800
BOH,20100827,44.73,45.35,44.02,45.35,355500
BORN,20100827,7.88,8.3,7.65,8.29,303500
BP,20100827,35.4,35.82,34.71,35.56,10406900
BPI,20100827,13.24,13.42,12.75,13.41,307900
BPK,20100827,16.48,16.48,16.3,16.38,27900
BPL,20100827,62.02,62.84,61.49,62.65,77300
BPT,20100827,93.46,94.46,92.86,93.97,73600
BQH,20100827,15.67,15.67,15.55,15.6,5200
BR,20100827,20.63,21.41,20.44,21.36,1689900
BRC,20100827,26,26.39,25.26,26.34,235600
BRFS,20100827,13.11,13.32,12.91,13.29,1212900
BRK.A,20100827,115600,118100,115058,118100,900
BRK.B,20100827,76.86,78.78,76.67,78.78,7285700
BRO,20100827,19.3,19.53,19.05,19.53,370100
BRS,20100827,33.48,34.46,33,34.42,487600
BRT,20100827,5.22,5.41,5.21,5.41,19800
BSBR,20100827,12.47,12.55,12.14,12.39,8234700
BSD,20100827,13.74,13.79,13.7,13.77,7400
BSE,20100827,14.78,14.89,14.78,14.83,10300
BSL,20100827,18.83,18.94,18.8,18.89,11400
BSX,20100827,5.45,5.49,5.33,5.49,7900300
BT,20100827,10.395,10.435,10.185,10.425,58300
BTA,20100827,12.05,12.09,12.04,12.07,32900
BTE,20100827,32.5,33.24,32.09,33.2,133700
BTO,20100827,14.05,14.18,13.91,14.18,32900
BTZ,20100827,13.3,13.31,13.21,13.28,206900
BUD,20100827,51.69,51.96,50.65,51.88,313700
BVN,20100827,39.94,40.49,39.48,40.47,1966000
BW,20100827,23.7,24.24,23.02,24.18,193000
BWA,20100827,21.845,22.135,21.335,22.045,1554900
BWP,20100827,30.25,30.86,30.21,30.75,150000
BX,20100827,10.26,10.35,10,10.29,1864400
BXC,20100827,32.3,33.1,32.2,33.1,31700
BXP,20100827,81.34,82.21,79.38,81.72,1343600
BXS,20100827,12.78,12.9,12.59,12.86,449500
BYD,20100827,7.15,7.3,6.91,7.27,1304200
BYM,20100827,14.93,15.15,14.9,15.15,47600
BZH,20100827,18.05,18.4,17.3,18.4,2049000
C,20100827,37,37.6,36.4,37.6,55863230
C-J,20100827,26.25,26.28,26.16,26.25,436300
C-P,20100827,24.35,24.45,24.3,24.3,5000
C-S,20100827,22.7,22.71,22.55,22.62,56300
CAB,20100827,15.47,15.78,15.14,15.74,333100
CACI,20100827,42.02,42.02,41.34,41.91,265900
CAE,20100827,9.39,9.63,9.38,9.56,32400
CAF,20100827,27.91,28.29,27.9,28.24,92800
CAG,20100827,21.55,21.75,21.28,21.74,2492200
CAH,20100827,30.77,30.84,30.17,30.82,2148700
CAJ,20100827,41.18,41.46,40.74,41.35,301700
CAL,20100827,21,21.92,20.42,21.8,3903200
CALX,20100827,10.5,11.29,10.48,11.18,560300
CAS,20100827,13.87,14.35,13.61,14.28,70400
CAT,20100827,64.76,66.15,63.36,65.9,7488000
CATO,20100827,22.63,23,22.03,22.91,120200
CB,20100827,53.8,54.49,53.45,54.48,2694200
CBB,20100827,11.95,12.05,11.6,11.85,938800
CBB-B,20100827,38.2,38.29,37.81,37.97,1200
CBD,20100827,34.75,35.56,34.57,35.495,405800
CBG,20100827,16.14,16.5,15.75,16.49,4316100
CBI,20100827,21.32,21.99,21.09,21.97,837800
CBK,20100827,6.37,6.5,6.16,6.45,188000
CBL,20100827,12.25,12.45,11.86,12.32,2447500
CBL-D,20100827,23.24,23.6,23.11,23.41,11800
CBM,20100827,4.07,4.07,4,4.06,63100
CBR,20100827,2.81,2.83,2.64,2.83,196700
CBS,20100827,13.59,14,13.16,13.92,12933900
CBS.A,20100827,13.69,13.98,13.2,13.93,9200
CBT,20100827,28.12,28.81,27.56,28.71,262600
CBU,20100827,22.78,23.09,22.38,23.06,162200
CBZ,20100827,6.08,6.1,5.91,6.1,120900
CCC,20100827,12.48,12.81,12.25,12.79,460700
CCE,20100827,28.42,28.71,28.05,28.67,1437700
CCI,20100827,40.75,41.27,40.18,41.09,1335600
CCJ,20100827,24.4,24.72,23.93,24.69,1660800
CCK,20100827,27.86,28.03,27.54,27.95,1038900
CCL,20100827,31.06,31.58,30.38,31.46,4761000
CCM,20100827,6.76,6.76,6.55,6.57,33000
CCO,20100827,10.34,10.69,10.31,10.67,147400
CCS,20100827,25.72,25.8,25.54,25.79,104400
CCU,20100827,22.868,23.108,22.612,23.092,134100
CCZ,20100827,35.35,35.35,35,35,200
CDE,20100827,16.62,17.26,16.3,17.22,2823500
CDI,20100827,11.97,12.16,11.75,12.07,152100
CDR,20100827,5.21,5.31,5.06,5.29,209000
CE,20100827,26.54,27.14,26.06,27,1524400
CEA,20100827,25.78,25.81,25.05,25.72,27200
CEE,20100827,33.7,34.26,33.7,34.18,27400
CEL,20100827,27.75,28.39,27.67,28.39,160300
CEM,20100827,19.86,20.09,19.75,20.04,164700
CEO,20100827,169.75,173.28,168.27,172.92,239300
CF,20100827,17.94,18.696,17.8,18.632,2988800
CFC-B,20100827,24.1,24.25,23.96,24.25,98800
CFI,20100827,9.32,9.47,9.23,9.39,105300
CFR,20100827,51.75,52.31,51.09,52.11,412600
CFX,20100827,12.65,13.07,12.48,13.05,90100
CGA,20100827,10.58,10.7,10.41,10.65,246100
CGI,20100827,12.23,12.51,11.68,12.42,189300
CHA,20100827,48.55,48.95,47.93,48.83,110700
CHD,20100827,15.4175,15.625,15.28,15.4,486600
CHE,20100827,50.58,51.34,49.68,51.19,69000
CHH,20100827,33.21,33.53,32.76,33.39,148900
CHK,20100827,20.25,20.85,19.99,20.81,10639500
CHK-D,20100827,84.13,84.8,83.66,84.42,9900
CHL,20100827,52.43,53.05,52.16,52.78,2073600
CHN,20100827,29.47,29.47,29.14,29.37,238500
CHS,20100827,8.61,8.9,8.47,8.79,3830100
CHSP,20100827,16.35,16.61,16.29,16.6,21100
CHT,20100827,20.21,20.35,20,20.35,333600
CHU,20100827,13.61,13.74,13.5,13.66,2952700
CI,20100827,32.16,32.56,31.57,32.52,1816600
CIA,20100827,6.61,6.89,6.56,6.86,66400
CIB,20100827,60.18,61.77,59.79,61.49,747800
CIE,20100827,8.01,8.29,7.93,8.2,657800
CIF,20100827,2.91,2.93,2.87,2.92,50500
CIG,20100827,10.336,10.528,10.2976,10.5216,2506500
CIG.C,20100827,11.9,12.25,11.9,12.24,700
CII,20100827,14.52,14.57,14.41,14.45,134100
CIM,20100827,3.9,3.96,3.83,3.96,10923700
CIR,20100827,27.15,28.92,26.53,28.83,57100
CIT,20100827,36.57,37.12,36.17,37.07,1786400
CKH,20100827,78.15,79.11,77.32,78.75,69100
CL,20100827,37.09,37.235,36.56,37.125,3470700
CLB,20100827,77.82,79.84,77.31,78.95,533900
CLC,20100827,33.9,34.44,33.42,34.4,125600
CLD,20100827,15.16,15.91,14.92,15.86,246000
CLDT,20100827,16.62,17.29,16.36,17.17,37500
CLF,20100827,58.37,60.33,57,60.22,4194500
CLGX,20100827,17.68,17.85,17.55,17.81,297200
CLH,20100827,30.775,30.865,30.34,30.56,348200
CLI,20100827,30.69,31.06,30.13,30.95,1160700
CLNY,20100827,17.18,17.69,17.03,17.61,27200
CLR,20100827,20.2,20.505,19.66,20.465,591800
CLS,20100827,7.78,7.9,7.6,7.83,452200
CLW,20100827,33.445,33.76,32.875,33.735,78700
CLX,20100827,64.26,64.78,64,64.68,674600
CM,20100827,65.82,68.42,65.28,68.4,332800
CMA,20100827,33.47,34.06,33.11,34.06,1666900
CMA.W,20100827,10.67,10.96,10.37,10.96,5700
CMC,20100827,12.58,13.03,12.12,13.02,2162700
CMG,20100827,150.35,153.13,147.06,153.03,582900
CMI,20100827,73.71,76.5,71.97,76.19,3183300
CMO,20100827,11.53,11.65,11.4,11.65,579900
CMP,20100827,70.99,72.02,70.07,71.92,165900
CMS,20100827,17.56,17.84,17.34,17.76,3733000
CMS-B,20100827,78.1,78.1,78.1,78.1,100
CMU,20100827,4.77,4.79,4.71,4.73,45100
CNA,20100827,25.78,26.59,25.33,26.54,263500
CNC,20100827,10.795,10.99,10.54,10.925,369300
CNI,20100827,30.085,31.03,29.84,30.91,1310400
CNK,20100827,14.78,14.87,14.37,14.73,828300
CNO,20100827,4.76,4.87,4.62,4.86,1980100
CNP,20100827,14.74,14.97,14.54,14.96,3883600
CNQ,20100827,31.41,32.91,31.07,32.83,3854300
CNS,20100827,20.11,21.08,19.82,20.86,261500
CNX,20100827,31.42,32.87,31.36,32.78,4333300
CO,20100827,4.02,4.67,4,4.51,2700
COF,20100827,37.5,38.45,36.91,38.21,5424600
COF.W,20100827,13.45,14.07,13.25,13.98,3000
COG,20100827,7.075,7.1925,6.8725,7.1725,1376700
COH,20100827,37.06,37.12,35.75,36.92,4584800
COL,20100827,54.57,55.85,54.01,55.82,1618600
COO,20100827,40.1,40.1,39.37,39.85,439400
COP,20100827,52.96,53.89,52.1,53.42,10824200
COT,20100827,6.97,7,6.82,6.96,710500
CP,20100827,58.34,59.57,57.75,59.38,909000
CPA,20100827,48.05,48.56,47.44,48.46,148500
CPB,20100827,37.11,37.56,37.07,37.47,2461400
CPE,20100827,3.84,3.94,3.61,3.87,522300
CPF,20100827,33.4,33.4,29,29.4,126500
CPK,20100827,23.06,23.4067,22.8333,23.3,38900
CPL,20100827,24.06,24.4033,24.06,24.3333,203200
CPN,20100827,12.34,12.6,12.21,12.53,1537000
CPT,20100827,45.07,45.63,43.96,45.62,677500
CR,20100827,33.97,34.57,33.26,34.39,308500
CRD.A,20100827,2.26,2.31,2.23,2.31,11600
CRD.B,20100827,2.74,2.82,2.67,2.81,31300
CRH,20100827,15.54,15.82,15.32,15.8,274100
CRI,20100827,23.49,23.51,22.76,23.3,797800
CRK,20100827,105.8,109.15,103.8,108.8,936100
CRL,20100827,29.19,29.48,28.79,29.11,910500
CRM,20100827,27.6325,28.05,26.8125,27.87,3014500
CRR,20100827,73.43,77.38,73.43,77.19,379600
CRS,20100827,31.33,31.5,30.17,31.38,429000
CRT,20100827,34.99,35.51,34.52,35.38,6300
CRY,20100827,5.24,5.47,5.16,5.46,86500
CS,20100827,43.85,43.99,43,43.99,629300
CSC,20100827,40.39,40.8,39.76,40.77,1980200
CSL,20100827,29.43,29.66,28.9,29.5,326000
CSS,20100827,15.18,15.59,14.87,15.51,16500
CSU,20100827,5.16,5.27,5.06,5.25,34800
CSV,20100827,4.47,4.63,4.47,4.57,19200
CTB,20100827,17.4,17.52,16.85,17.37,1013300
CTL,20100827,36.11,36.15,35.54,36.12,4245800
CTS,20100827,8.08,8.39,7.76,8.38,117300
CTV,20100827,18.97,19.32,18.39,19.27,1347100
CUB,20100827,37,38.42,36.43,38.31,87300
CUK,20100827,32.53,33.09,31.98,32.96,186300
CUZ,20100827,6.66,6.69,6.43,6.65,578100
CVA,20100827,14.43,14.76,14.36,14.72,1403100
CVB,20100827,10.29,10.29,9.84,10.28,8200
CVE,20100827,25.45,26.54,25.4,26.42,901800
CVG,20100827,10.25,10.32,10.1,10.29,717800
CVI,20100827,7.17,7.24,7,7.23,292000
CVO,20100827,45.44,46.48,44.16,46.4,241800
CVS,20100827,27.85,27.92,27.13,27.51,13479700
CVX,20100827,73.89,75.04,72.93,74.93,8789500
CW,20100827,27.32,27.73,26.85,27.62,114900
CWH,20100827,24.1,24.48,23.7,24.44,169800
CWT,20100827,17.51,17.745,17.275,17.71,74300
CX,20100827,7.77,8.01,7.63,7.92,13629000
CXE,20100827,5.31,5.32,5.3,5.31,30900
CXH,20100827,10.05,10.05,9.95,9.97,20800
CXO,20100827,57.96,58.95,56.96,58.69,828900
CXW,20100827,21.04,21.78,20.99,21.71,901500
CYD,20100827,16.28,16.75,16.06,16.71,143900
CYH,20100827,26.99,27.02,26.32,26.93,1851200
CYS,20100827,13.17,13.57,13.15,13.56,254900
CZZ,20100827,10.65,10.8,10.55,10.75,1000800
D,20100827,42.98,43.51,42.56,43.42,3447800
DAC,20100827,4,4.07,4,4.06,34400
DAL,20100827,10.06,10.67,9.85,10.46,10308600
DAN,20100827,10.41,10.75,10.01,10.67,2392000
DAR,20100827,7.49,7.8,7.4,7.8,431100
DB,20100827,63.57,64.12,62.23,64.12,1103700
DBD,20100827,26.53,26.87,25.98,26.76,192400
DCA,20100827,2.72,2.75,2.71,2.73,30900
DCI,20100827,21.31,21.75,21.025,21.68,299000
DCM,20100827,16.94,17.07,16.89,16.99,210900
DCO,20100827,19.66,20.14,19.37,19.93,61000
DCT,20100827,18.64,18.72,18.04,18.72,1201500
DD,20100827,39.93,41.01,39.5,41.01,7293400
DD-A,20100827,71,71,70.25,71,1500
DD-B,20100827,90.32,91,90.32,90.7,2800
DDD,20100827,4.2733,4.5,4.2133,4.48,36900
DDE,20100827,3.4,3.48,3.4,3.41,14100
DDF,20100827,7.24,7.72,7.24,7.72,70300
DDR,20100827,10.14,10.51,9.91,10.5,3332800
DDS,20100827,21.65,21.74,21.03,21.57,858400
DDT,20100827,22.49,22.8,22.31,22.65,30100
DE,20100827,63.39,64.85,61.9,64.63,4832000
DECK,20100827,46.7,46.98,44.12,45.44,1612900
DEI,20100827,16.06,16.26,15.71,16.05,3177000
DEL,20100827,41.67,43,41.26,42.92,23600
DEO,20100827,65.94,66.19,64.79,66.11,512700
DEX,20100827,11.89,11.9,11.74,11.84,57500
DF,20100827,19.54,19.6,19.28,19.52,3074300
DFP,20100827,22,22.2,22,22.14,7400
DFS,20100827,14.08,14.79,14,14.77,6114900
DFT,20100827,24.52,24.95,23.96,24.87,576600
DG,20100827,28.55,28.65,28.01,28.09,645000
DGI,20100827,30.52,31.04,30,31,142300
DGX,20100827,44.95,45.08,44.12,44.65,1381500
DHF,20100827,4.45,4.45,4.37,4.44,211000
DHG,20100827,12.96,12.98,12.81,12.98,62100
DHI,20100827,10.26,10.48,10.05,10.47,4991700
DHR,20100827,36.1,36.81,35.6,36.74,3215300
DHT,20100827,46.56,48,45.6,47.88,224700
DHX,20100827,6.92,7.14,6.83,7.12,44100
DIN,20100827,32.63,33.29,31.74,33.2,132200
DIS,20100827,32.13,32.85,31.58,32.78,11143900
DK,20100827,6.62,6.68,6.55,6.67,45700
DKL,20100827,24.93,24.93,24.93,24.93,600
DKS,20100827,25.25,25.41,24.71,25.22,1632700
DKT,20100827,26.34,26.45,26.25,26.27,238000
DL,20100827,4.29,4.32,4.16,4.32,1900
DLB,20100827,54.08,56.28,53.81,55.9,939200
DLR,20100827,58.61,59.2,57.16,59.19,834500
DLX,20100827,17.45,17.65,17.09,17.49,272200
DM,20100827,9.46,9.52,9.25,9.51,124100
DMO,20100827,19.93,20.14,19.85,20.1,28300
DNB,20100827,67.15,67.38,66.45,67.37,378000
DNP,20100827,9.48,9.52,9.37,9.52,265900
DNR,20100827,14.75,15.02,14.4,14.96,4179900
DO,20100827,58.72,60.11,58.18,60,1541600
DOV,20100827,44.4,45.45,43.62,45.35,1687100
DOW,20100827,23.8,24.77,23.7,24.72,13724500
DPM,20100827,32.06,32.33,31.56,32.2,47700
DPS,20100827,37.17,37.45,36.72,37.38,1147000
DPZ,20100827,12.7,12.92,12.45,12.86,503400
DRE,20100827,11.24,11.33,10.83,11.28,2110200
DRH,20100827,8.95,9.1,8.67,9.08,2105400
DRI,20100827,41.77,42.6,41.24,42.49,1454300
DRQ,20100827,51.74,54.05,51.08,53.8,299900
DSM,20100827,8.45,8.49,8.43,8.46,41200
DST,20100827,40.87,41.16,40.14,40.91,381800
DSU,20100827,11.76,11.82,11.7,11.79,217100
DSW,20100827,12.005,12.28,11.66,12.16,269700
DSX,20100827,11.84,12.05,11.75,12,420800
DTE,20100827,46.37,47.25,45.96,47.13,1143000
DTF,20100827,16.36,16.36,16.2,16.2,9300
DTK,20100827,25.16,25.25,25.13,25.21,218300
DUC,20100827,12.7,12.7,12.52,12.54,30500
DUK,20100827,51.45,52.08,51.09,52.08,5980600
DV,20100827,38.52,38.74,37.42,38.71,1046500
DVA,20100827,32.145,32.77,32.095,32.72,929900
DVD,20100827,1.77,1.79,1.63,1.73,7100
DVN,20100827,60.06,61.25,59.07,61.18,3312300
DW,20100827,19.6,20.24,19.31,20.18,90100
DX,20100827,10.03,10.15,9.95,10.15,121800
DXB,20100827,23.66,23.85,23.55,23.74,49600
DY,20100827,7.53,7.89,7.3,7.86,478600
DYN,20100827,4.82,4.88,4.75,4.81,4410200
E,20100827,39.82,40.28,39.03,40.22,585100
EAT,20100827,15.96,16.7,15.83,16.62,1783500
EBF,20100827,15.38,15.53,15.03,15.5,124600
EBR,20100827,12.37,12.83,12.36,12.6,930300
EBR.B,20100827,14.8,15.2,14.7,15,127200
EBS,20100827,17.22,17.48,16.93,17.42,128600
EC,20100827,38.59,38.59,37.58,38.3,102400
ECA,20100827,26.81,27.91,26.68,27.83,5087900
ECL,20100827,46.76,47.63,46.36,47.62,1318600
ECT,20100827,20.15,20.29,20.01,20.21,100200
ED,20100827,47.34,47.9,47.1,47.88,1823700
EDD,20100827,16.26,16.45,16.26,16.4,159000
EDE,20100827,20.05,20.27,19.8,20.27,439000
EDN,20100827,6.48,6.61,6.48,6.51,5200
EDR,20100827,20.37,20.82,19.74,20.79,304100
EDU,20100827,25.1775,25.435,24.9325,25.18,359300
EE,20100827,22.67,22.93,22.4,22.89,286800
EEA,20100827,6,6.18,6,6.14,14100
EEP,20100827,27.465,27.5,27.21,27.3,257600
EEQ,20100827,26.9,27.03,26.545,26.945,54100
EFR,20100827,15.06,15.16,15.02,15.16,84700
EFT,20100827,15.27,15.36,15.16,15.36,72100
EFX,20100827,29.51,29.89,29.16,29.89,618400
EGF,20100827,16.6,16.65,16.57,16.65,32800
EGN,20100827,42.8,44.04,42.09,43.97,415500
EGO,20100827,19.34,19.63,18.8,19.63,6496800
EGP,20100827,35.2,35.23,34.19,35.07,274800
EGY,20100827,5.27,5.45,5.14,5.43,262000
EHI,20100827,12.31,12.34,12.25,12.34,201000
EIG,20100827,14.63,15.12,14.54,15.07,220400
EIX,20100827,33.39,34.02,33.15,33.98,2152700
EL,20100827,28.535,28.775,28.105,28.68,966200
ELP,20100827,22.49,22.78,22.23,22.69,464600
ELS,20100827,25.94,26.185,25.235,26.16,285500
ELY,20100827,6.54,6.62,6.36,6.58,312400
EMD,20100827,13.68,13.69,13.52,13.66,59300
EME,20100827,22.85,23.1,22.51,23.05,306600
EMF,20100827,18.8,19.05,18.6,19.03,41100
EMN,20100827,30.11,30.66,29.56,30.56,729100
EMR,20100827,45.84,46.97,45.37,46.88,4403300
ENB,20100827,24.705,25.295,24.39,25.185,293200
ENH,20100827,36.93,37.54,36.62,37.54,228800
ENR,20100827,62.82,63.89,61.54,63.79,547300
ENS,20100827,22.18,22.7,22,22.67,266000
ENV,20100827,10.08,10.08,9.98,9.98,16900
ENZ,20100827,3.63,3.69,3.38,3.68,97400
EOD,20100827,9.63,9.8,9.63,9.79,124700
EOG,20100827,43.775,44.805,42.9,44.7,2156400
EOI,20100827,12.29,12.37,12.23,12.33,139000
EOS,20100827,12.24,12.24,12.05,12.2,215800
EOT,20100827,21.85,22,21.81,21.9,58700
EP-C,20100827,36.39,36.99,35.91,36.99,6300
EPD,20100827,18.53,18.725,18.41,18.695,716300
EPE,20100827,48.46,48.83,48.11,48.41,35000
EPR,20100827,42.19,42.69,41.22,42.68,324300
EPR-C,20100827,18.44,18.48,18.37,18.46,2500
EPR-E,20100827,26.93,27.1,26.88,27.1,5100
EQR,20100827,45.21,45.92,44.19,45.89,2299100
EQS,20100827,2.19,2.23,2.15,2.21,4900
EQT,20100827,32.88,33.41,32.24,33.37,1644400
EQY,20100827,15.94,16.08,15.57,15.95,595600
ERF,20100827,22.5,22.88,22.11,22.8,602500
ERJ,20100827,24.32,24.8,23.94,24.76,656900
ES,20100827,4.57,4.67,4.44,4.63,1658000
ESD,20100827,18.87,18.87,18.75,18.79,99200
ESE,20100827,31.1,31.8,30.8,31.73,75700
ESL,20100827,46.42,47.5,45.3,47.43,139000
ESS,20100827,104.32,105.53,102.09,105.02,301300
ESV,20100827,40.75,41.89,40.34,41.55,1336500
ETB,20100827,14.43,14.44,14.22,14.41,67200
ETE,20100827,17.54,17.695,17.5,17.62,209500
ETG,20100827,12.83,12.92,12.64,12.91,127700
ETH,20100827,13.96,14.35,13.67,14.31,223200
ETJ,20100827,14.15,14.3,14.1,14.3,179400
ETM,20100827,5.17,5.3,5,5.29,257700
ETN,20100827,35.395,36.07,35.035,35.93,1998200
ETO,20100827,17.87,18.06,17.75,18.02,61800
ETP,20100827,45.83,46.31,45.61,46.31,721300
ETR,20100827,77.82,80.09,77.59,79.64,2468800
ETV,20100827,13.45,13.58,13.41,13.52,106300
ETW,20100827,12.17,12.31,12.08,12.3,239900
ETY,20100827,11.25,11.3,11.13,11.28,232200
EV,20100827,26.56,26.93,26.07,26.93,647800
EVC,20100827,1.56,1.61,1.54,1.61,159800
EVF,20100827,6.77,6.8,6.72,6.8,60400
EVG,20100827,16.89,17.15,16.89,17.15,51700
EVN,20100827,12.9,13,12.9,12.98,28200
EVR,20100827,25.14,25.91,24.85,25.79,150700
EVT,20100827,14.73,15,14.63,14.92,252900
EW,20100827,28.825,29.18,28.5,29.05,561500
EXC,20100827,40.27,40.9,39.93,40.76,3433200
EXD,20100827,19.44,19.57,19.35,19.51,15800
EXG,20100827,10.25,10.32,10.13,10.28,730600
EXP,20100827,23.09,23.31,22.62,23.17,314200
EXPR,20100827,13.92,14.06,13.73,13.97,288000
EXR,20100827,15.15,15.18,14.73,15.18,424000
F,20100827,11.26,11.72,11.05,11.56,63568900
FAC,20100827,1.69,1.72,1.65,1.72,10200
FAF,20100827,13.78,14.45,13.66,14.43,568500
FAM,20100827,17.31,17.35,17.13,17.29,35400
FBC,20100827,24,24.3,23.5,24.3,744100
FBP,20100827,6.9,7.05,6,6.45,4373600
FBR,20100827,15.2,15.82,14.97,15.74,2291700
FC,20100827,6.38,6.93,6.3,6.58,103600
FCE.A,20100827,11.08,11.59,11.06,11.59,784200
FCE.B,20100827,11.29,11.54,11.29,11.54,600
FCF,20100827,5.11,5.15,5.03,5.1,779900
FCH,20100827,4.19,4.19,3.98,4.11,1611700
FCH-A,20100827,19.78,20.14,19.61,20.06,5800
FCN,20100827,33.28,33.48,33.11,33.37,515000
FCT,20100827,13.19,13.21,13.15,13.2,90600
FCX,20100827,34.225,35.635,33.75,35.6,13676600
FDP,20100827,21.62,21.99,21.42,21.94,168700
FDS,20100827,74.05,74.5,73.15,74.48,321000
FDX,20100827,79.51,80.57,77.89,80.46,1940800
FE,20100827,35.97,36.74,35.72,36.66,2970500
FEO,20100827,20.08,20.11,19.97,20.09,15000
FFA,20100827,11.05,11.18,10.96,11.16,93800
FFC,20100827,16.48,16.52,16.38,16.5,93800
FFG,20100827,21.86,23.35,21.65,23.33,109000
FGB,20100827,6.5,6.65,6.4,6.63,21500
FGP,20100827,25.79,26,25.55,26,177600
FHN,20100827,10.05,10.32,9.97,10.32,2363100
FHY,20100827,13.62,13.89,13.62,13.83,39900
FICO,20100827,22.75,23.11,22.26,23.04,309700
FIG,20100827,3.39,3.51,3.3,3.47,1202100
FII,20100827,20.82,21.14,20.51,21.13,1056600
FIS,20100827,25.72,26.62,25.66,26.59,4314200
FIX,20100827,10.5,10.72,10.38,10.72,99500
FL,20100827,12.22,12.39,11.91,12.22,2356900
FLC,20100827,17.25,17.39,17.25,17.37,20100
FLO,20100827,11.44,11.5022,11.3422,11.4755,509600
FLR,20100827,45.06,45.77,44.31,45.75,1404600
FLS,20100827,30.0333,30.75,29.65,30.73,641000
FLY,20100827,11.09,11.48,11.01,11.43,63000
FMC,20100827,30.74,31.535,30.44,31.53,381500
FMN,20100827,15.4,15.6,15.33,15.56,14600
FMO,20100827,19,19.1,18.98,19,152500
FMS,20100827,28.53,28.65,28.155,28.65,53800
FMX,20100827,49.43,49.75,48.66,49.6,888000
FMY,20100827,20.09,20.1,19.97,20.01,26900
FN,20100827,11.14,12.4,11.14,12.39,41100
FNB,20100827,8.09,8.17,7.94,8.1,981500
FNF,20100827,14.65,14.73,14.4,14.7,1611500
FOE,20100827,10.37,10.42,9.83,10.3,1248600
FOF,20100827,12.07,12.19,11.9,12.16,65600
FOR,20100827,14.7,15.05,14.58,15.04,313700
FPO,20100827,14.87,15.12,14.49,15.09,107000
FPT,20100827,14.33,14.51,14.33,14.41,15300
FR,20100827,4.3,4.5,4.16,4.5,720500
FRA,20100827,14.69,14.75,14.67,14.75,116700
FRO,20100827,140,140.35,130.15,133.5,3748100
FRT,20100827,78.51,79.05,76.68,78.94,385100
FSS,20100827,5.11,5.15,4.91,5.13,361500
FT,20100827,6.28,6.31,6.23,6.3,33400
FTI,20100827,31.435,32.325,30.785,31.97,1102000
FTK,20100827,1.4,1.43,1.34,1.4,356800
FUL,20100827,19.25,19.63,18.82,19.61,208300
FUN,20100827,11.33,11.65,11.17,11.44,115300
G,20100827,13.85,14.16,13.68,14.14,453700
GAB,20100827,4.54,4.6,4.44,4.6,406300
GAB-D,20100827,25.44,25.44,25.27,25.28,1000
GAM,20100827,21.76,22.24,21.7,22.22,45700
GAM-B,20100827,25.18,25.3,25.18,25.3,3100
GBL,20100827,35,36.24,34.54,36.09,20900
GBX,20100827,11.03,11.82,10.98,11.65,455000
GCH,20100827,11.37,11.55,11.28,11.54,56100
GCI,20100827,12.37,12.54,12.06,12.51,2828600
GCO,20100827,25.56,26.4,25,26.21,176000
GCV,20100827,5.67,5.7,5.6,5.62,23400
GCV-B,20100827,25.74,25.75,25.6,25.6,1700
GD,20100827,56.59,57.41,55.46,57.37,2812400
GDL,20100827,13.68,13.76,13.6,13.75,40700
GDO,20100827,18.81,18.92,18.8,18.85,37500
GDOT,20100827,45.5,46.48,44.6,46.46,13400
GDV,20100827,12.4,12.59,12.36,12.59,322000
GDV-A,20100827,25.3,25.46,25.3,25.33,2900
GDV-D,20100827,25.99,25.99,25.99,25.99,700
GE,20100827,14.61,14.76,14.37,14.71,46479600
GEF,20100827,57.42,58.31,56.54,58.22,105900
GEF.B,20100827,54,55.1,53.97,55.04,7600
GEO,20100827,21.33,22.12,21.29,21.73,471600
GER,20100827,25.8,25.93,25.8,25.93,94500
GES,20100827,34.01,34.17,33,33.5,4051700
GF,20100827,12.12,12.23,12.02,12.23,24800
GFA,20100827,13.31,13.85,13.17,13.82,1416100
GFF,20100827,11.47,11.68,11.16,11.59,302000
GFI,20100827,14.18,14.39,13.98,14.39,6429600
GFY,20100827,15.82,15.84,15.71,15.84,15000
GG,20100827,43.26,44.46,43,44.34,8699700
GGB,20100827,13.31,13.76,13.17,13.75,5371200
GGG,20100827,28.09,28.56,27.68,28.47,298400
GGP,20100827,13.8,13.95,13.6,13.93,1775800
GGT,20100827,6.75,6.97,6.74,6.94,48800
GGT-B,20100827,25.31,25.31,25.31,25.31,0
GHL,20100827,71.34,73.8,70.67,73.72,199500
GIB,20100827,13.77,14.23,13.77,14.23,172700
GIL,20100827,13.92,14.145,13.735,14.13,257400
GIM,20100827,10.5,10.58,10.43,10.58,290800
GIS,20100827,35.33,36.02,35.31,36,4907700
GJH,20100827,8.67,8.7,8.67,8.7,1100
GJO,20100827,17.91,17.91,17.91,17.91,400
GJP,20100827,21.39,21.39,21.39,21.39,0
GJR,20100827,18.43,18.43,18.43,18.43,0
GJS,20100827,14.56,14.7,14.54,14.7,2000
GJT,20100827,16.28,16.5,16.07,16.39,2100
GJV,20100827,24.24,24.48,23.97,24.1,3700
GLF,20100827,26.92,27.51,26.21,27.41,111800
GLP,20100827,24.34,24.75,24.25,24.75,30000
GLT,20100827,10.53,10.56,10.2,10.54,286900
GLW,20100827,15.91,16.05,15.45,15.98,14666200
GME,20100827,18.44,18.44,17.9,18.33,3315800
GNK,20100827,149.6,155.6,149.2,154.6,1145700
GNRC,20100827,12.12,12.51,12.06,12.51,31700
GNW,20100827,10.91,11.16,10.56,11.14,6338600
GOF,20100827,18.99,19.06,18.88,19.03,49500
GOL,20100827,125.4,131.4,124.1,130.6,986700
GPC,20100827,42.64,43.02,42.08,42.93,732400
GPE-A,20100827,25.62,25.94,25.61,25.82,2900
GPI,20100827,24.82,25.08,24.22,24.93,677200
GPK,20100827,3.24,3.25,3.14,3.22,231500
GPM,20100827,8.28,8.36,8.21,8.34,43700
GPN,20100827,19.02,19.175,18.775,19.175,333500
GPS,20100827,16.99,17.05,16.62,17.03,10874900
GPX,20100827,7.43,7.83,7.38,7.82,50500
GRA,20100827,24.95,25.59,24.26,25.58,561300
GRR,20100827,19,19.1,18.95,19.06,5700
GRX,20100827,5.99,6.1,5.96,6.07,19900
GRX-A,20100827,25.44,25.45,25.35,25.43,16300
GS,20100827,141.13,141.74,138.25,139.75,11252600
GS-A,20100827,20.85,20.98,20.85,20.94,58800
GS-B,20100827,25.17,25.17,24.87,25.06,50900
GS-C,20100827,22.08,22.34,22.08,22.29,15900
GS-D,20100827,21.1,21.3,21.1,21.3,219000
GSH,20100827,17.6,17.71,17.45,17.71,40200
GSK,20100827,37.84,38.13,37.58,37.98,1243800
GSL,20100827,2.56,2.62,2.41,2.59,30100
GTN,20100827,2.04,2.08,2.01,2.05,170800
GTN.A,20100827,1.85,1.85,1.8,1.8,9800
GTS,20100827,16.07,16.42,15.8,16.37,49700
GTY,20100827,24.66,25,24.29,24.99,110300
GUT,20100827,6.12,6.28,5.87,6.04,176900
GUT-A,20100827,25.5,25.5,25.5,25.5,0
GVA,20100827,21.69,22.57,21.22,22.52,383700
GWR,20100827,38.6,39.55,37.57,39.52,181000
GWW,20100827,106.37,107.92,104.88,107.72,460100
GXP,20100827,18.47,18.69,18.3,18.69,582800
GYB,20100827,18.05,18.22,17.92,18,16300
GYC,20100827,21.1,21.1,21.1,21.1,0
H,20100827,36.48,38.12,35.87,37.62,161300
HAE,20100827,26.33,26.64,26.025,26.61,83900
HAL,20100827,28.37,29.34,27.7,29.25,12104100
HAR,20100827,31.83,32.37,31.1,32.2,754300
HBI,20100827,6.175,6.1975,6.0475,6.16,884900
HCN,20100827,45.16,45.72,44.5,45.69,1312500
HCP,20100827,34.59,35.16,33.84,35.11,3557000
HD,20100827,28.52,28.84,28.26,28.74,12750800
HDB,20100827,31.606,32.518,31.602,32.494,269600
HE,20100827,23.68,24.07,23.43,24.01,364900
HE-U,20100827,25.75,25.75,25.75,25.75,0
HEI,20100827,21.6013,22.3181,20.1062,21.0074,274200
HEI.A,20100827,20.0576,20.9024,18.784,19.5904,56500
HEP,20100827,25.04,25.04,24.5,24.66,38900
HES,20100827,50.2,51.56,49.6,51.46,2583400
HF,20100827,8.12,8.2,8.05,8.2,100200
HFC,20100827,12.985,13.275,12.875,13.25,571100
HGG,20100827,19.82,20.09,19.57,19.97,255600
HGT,20100827,18.69,18.99,18.27,18.89,236800
HHS,20100827,10.49,10.49,10.2,10.43,232600
HI,20100827,19.92,20.04,19.71,19.99,137300
HIG,20100827,19.23,20.4,18.81,20.32,7798700
HIL,20100827,3.66,3.91,3.65,3.91,74200
HIO,20100827,6.06,6.09,5.97,6.07,256500
HIW,20100827,30.86,31.44,30.4,31.35,1304200
HIX,20100827,9.27,9.33,9.22,9.33,260500
HJV,20100827,23.17,23.44,23,23.35,6200
HK,20100827,14.71,15.01,14.32,14.96,7474000
HL,20100827,5.21,5.49,5.13,5.49,12807800
HL-B,20100827,52.7,52.7,52.7,52.7,100
HLF,20100827,26.865,27.785,26.42,27.525,674900
HLS,20100827,16.86,17.05,16.4,17.05,490000
HLX,20100827,9.09,9.79,9.08,9.77,2678300
HMC,20100827,33.08,33.28,32.8,33.25,774200
HMN,20100827,16.04,16.56,15.97,16.54,259200
HMY,20100827,10.23,10.33,10.09,10.33,4085300
HNI,20100827,23.52,24.34,23.21,24.26,180800
HNP,20100827,23.33,23.53,23.15,23.53,61300
HNR,20100827,28.68,28.8,28,28.6,211600
HOG,20100827,24.14,25.03,23.66,25,2590600
HON,20100827,39.06,39.69,38.39,39.65,4132600
HOS,20100827,15.71,16.16,15.25,16.06,548700
HOV,20100827,3.71,3.74,3.6,3.66,1822800
HP,20100827,36.73,37.85,35.98,37.8,1729200
HPF,20100827,19.25,19.48,19.13,19.47,34200
HPI,20100827,19.52,19.59,19.31,19.58,55600
HPP,20100827,16.28,16.54,16.25,16.48,12400
HPQ,20100827,17.4091,17.5227,16.9636,17.2727,37177500
HPS,20100827,16.95,17.06,16.75,17.06,58600
HQH,20100827,11.27,11.31,11.01,11.31,50900
HQL,20100827,8.95,9.04,8.85,9.02,37200
HR,20100827,23.45,23.68,23,23.68,628800
HRB,20100827,13.53,13.63,13.19,13.59,3924300
HRC,20100827,31.93,32.25,31.32,32.15,342600
HRG,20100827,5.62,5.86,5.57,5.86,21400
HRL,20100827,10.805,10.8325,10.7075,10.78,525200
HRS,20100827,42.44,43.02,41.75,42.87,986700
HSC,20100827,20.49,20.77,20.04,20.74,532600
HST,20100827,13.39,13.62,13.01,13.49,10438400
HSY,20100827,46.56,47.09,46.26,47.09,1205300
HT,20100827,4.64,4.71,4.48,4.67,826900
HTD,20100827,14.22,14.38,14.15,14.35,113500
HTH,20100827,9.87,10.04,9.8,10.02,181100
HTY,20100827,12.17,12.34,12.17,12.33,11500
HTZ,20100827,35.44,35.6,33.64,35.36,4092200
HUM,20100827,48.6,49.01,47.62,48.94,1214900
HUN,20100827,8.99,9.24,8.75,9.24,3005600
HVT,20100827,10.17,10.62,9.94,10.59,71300
HVT.A,20100827,10,10.52,10,10.52,500
HW,20100827,2.98,3.27,2.91,3.15,859800
HXL,20100827,17.22,17.48,16.71,17.45,527800
HYB,20100827,9.93,9.97,9.86,9.96,84500
HYH,20100827,23.73,23.9,23.73,23.85,2100
HYT,20100827,11.21,11.29,11.2,11.28,109500
HZO,20100827,6.36,6.8,6.22,6.78,159700
IAE,20100827,16.94,17.1,16.84,17.05,34000
IAG,20100827,18.66,18.83,18.19,18.75,3611200
IBA,20100827,17.91,18.18,17.88,18.15,3800
IBM,20100827,123.83,124.8,122.42,124.73,6214100
IBN,20100827,8.23,8.32,8.142,8.308,2431900
ICB,20100827,17.59,17.6,17.44,17.55,15300
ICE,20100827,19.274,19.472,19.156,19.468,1303300
IDA,20100827,35.15,35.74,34.71,35.66,201300
IDE,20100827,16.2,16.4,16.02,16.28,137400
IDT,20100827,14.31,14.86,13.75,14.55,345300
IEX,20100827,30.22,30.76,29.7,30.69,255600
IFF,20100827,45.41,46.17,44.72,46.15,474000
IFN,20100827,32.65,33.21,32.44,33.21,193900
IGA,20100827,12.97,13.13,12.9,13.13,27400
IGD,20100827,10.73,10.8,10.64,10.79,244800
IGI,20100827,21.1,21.29,21.02,21.2,85400
IGR,20100827,6.94,7,6.87,6.96,223400
IGT,20100827,15.19,15.25,14.85,15.21,3698100
IHC,20100827,6.75,6.8,6.46,6.47,20200
IHG,20100827,19.032,19.116,18.66,19.068,255300
IID,20100827,10.46,10.58,10.44,10.56,13200
IIF,20100827,24.2,24.42,23.93,24.42,46800
IIM,20100827,15.3,15.37,15.2,15.36,83600
IL,20100827,12.37,12.65,12.05,12.38,60800
IMAX,20100827,14.01,14.21,13.78,14.12,432900
IMN,20100827,8.82,8.89,8.6,8.79,190900
INB,20100827,10.59,10.72,10.51,10.72,34900
ING,20100827,8.83,8.99,8.61,8.99,2048900
INT,20100827,26.32,27.04,25.9,26.97,431100
INZ,20100827,23.4,23.61,23.27,23.55,98900
IO,20100827,55.35,57.9,53.55,57.75,1135700
IOC,20100827,58.62,59.42,56.3,58.54,424300
IP,20100827,20.15,20.43,19.33,20.38,8435200
IPG,20100827,8.7,8.8,8.55,8.69,10252200
IPI,20100827,22.34,23.11,21.74,23.05,1405200
IQI,20100827,13.89,13.94,13.87,13.94,66200
IR,20100827,33.52,34.07,32.9,33.85,2574700
IRL,20100827,5.72,5.76,5.68,5.71,27500
IRM,20100827,20.58,20.91,20.35,20.76,2213700
IRR,20100827,14.32,14.7,14.13,14.7,74000
IRS,20100827,12.38,12.6,12.3,12.55,12000
ISF,20100827,21.3,21.34,21.19,21.32,154800
ISG,20100827,21.15,21.4,21.14,21.24,73100
ISP,20100827,20.9,21,20.83,20.9,86100
IT,20100827,28.95,29.03,28.31,28.97,986700
ITG,20100827,13.85,14,13.73,14,330200
ITT,20100827,21.715,21.945,21.39,21.935,1866700
ITUB,20100827,20.49,21.13,20.27,21.13,10263300
ITW,20100827,41.12,41.95,40.56,41.85,3749300
IVC,20100827,23.09,23.57,22.8,23.54,179000
IVR,20100827,20.79,20.85,20.56,20.84,177000
IVZ,20100827,18.06,18.36,17.63,18.36,3134800
IX,20100827,38.24,38.51,37.98,38.36,16900
JBK,20100827,19.81,19.98,19.76,19.98,4400
JBL,20100827,10.95,10.95,10.5,10.82,4560300
JBN,20100827,23.74,23.9,23.37,23.8,10600
JBR,20100827,23.23,23.5,22.64,23.5,11600
JBT,20100827,15.01,15.33,14.81,15.27,328000
JCE,20100827,11.82,11.95,11.67,11.91,44600
JCI,20100827,26.94,27.26,26.46,27.24,3418900
JCP,20100827,20.55,20.56,19.9,20.19,7147500
JDD,20100827,10.56,10.6,10.46,10.55,52300
JEC,20100827,35.09,35.57,34.73,35.54,1099900
JEQ,20100827,5.17,5.19,5.13,5.19,19800
JFC,20100827,13.12,13.21,13.02,13.21,4500
JFR,20100827,11.02,11.02,10.92,11,81400
JHI,20100827,20.8,21.35,20.78,21.18,21600
JHS,20100827,14.67,15.04,14.67,14.85,14600
JHX,20100827,23.52,23.85,23.52,23.66,1200
JKS,20100827,24.13,25.65,23.7,25.18,413400
JLL,20100827,75.6,77.18,74.05,77.11,438300
JLS,20100827,24.11,24.33,24.05,24.11,39600
JMP,20100827,6,6,5.86,5.97,42700
JMT,20100827,23.62,23.81,23.54,23.75,17400
JNJ,20100827,57.45,57.88,56.99,57.6,11675000
JNPR,20100827,27.01,27.33,26.55,27.24,5297400
JNS,20100827,9.5,9.57,9.29,9.51,5147100
JOE,20100827,24.33,24.52,23.75,24.52,565700
JOF,20100827,7.66,7.76,7.66,7.76,60600
JOY,20100827,54.48,56.94,53.13,56.83,2140000
JPC,20100827,8.03,8.06,7.95,8.04,175200
JPM,20100827,35.87,36.69,35.55,36.6,38449000
JPM-B,20100827,26.6,26.6,26.49,26.6,42900
JPM.W,20100827,11.82,12.23,11.5,12.23,82500
JPS,20100827,8.21,8.25,8.16,8.25,307300
JQC,20100827,8.51,8.54,8.44,8.54,230300
JRO,20100827,11.23,11.33,11.23,11.33,58200
JTA,20100827,10.53,10.65,10.5,10.64,52300
JTD,20100827,11.72,11.77,11.58,11.69,17100
JW.A,20100827,36.37,36.93,35.88,36.81,72900
JW.B,20100827,36.35,36.94,36.15,36.87,5000
JWN,20100827,30.3,30.41,29.6,30.28,4593000
K,20100827,49.48,50.51,49.48,50.49,2519300
KAI,20100827,17.46,18.22,17.18,18.2,96800
KAR,20100827,11.88,12.05,11.8,11.98,368600
KB,20100827,39.83,40.76,39.8,40.7,249100
KBH,20100827,10.34,10.57,10.12,10.56,2176300
KBR,20100827,22.92,23.41,22.61,23.37,1820100
KCC,20100827,25.52,25.99,25.36,25.95,7400
KCG,20100827,12.49,12.93,12.32,12.92,1406300
KED,20100827,14.54,14.68,14.35,14.68,67800
KEF,20100827,9.75,9.92,9.69,9.92,9100
KEG,20100827,8.12,8.31,7.86,8.29,3487600
KEM,20100827,7.2,8.4,6.93,8.04,393700
KEP,20100827,12.63,12.65,12.41,12.65,434600
KEX,20100827,36.95,37.17,36.53,37.1,327100
KEY,20100827,7.42,7.61,7.27,7.58,13767000
KEY-G,20100827,103.29,103.57,103,103.57,3200
KF,20100827,36.7,37.12,36.4,37.12,12400
KFS,20100827,1.76,1.78,1.73,1.76,6900
KFY,20100827,13.11,13.53,12.88,13.5,194300
KGC,20100827,16.1,16.47,15.86,16.47,8345000
KIM,20100827,14.76,14.97,14.35,14.95,4109600
KKR,20100827,10.1,10.26,10,10.23,595700
KMB,20100827,61.5724,61.8313,61.1218,61.8025,1986400
KMM,20100827,9.64,9.64,9.57,9.64,79400
KMT,20100827,25.55,26,25.04,25.8,718300
KMX,20100827,20.69,20.93,20.2,20.85,1246100
KND,20100827,12.33,12.53,11.94,12.51,376200
KNL,20100827,13.05,13.52,12.99,13.49,138500
KNX,20100827,18.93,19.35,18.66,19.31,1199200
KO,20100827,27.72,28.1,27.515,28.08,9832700
KOF,20100827,74.58,75,73.37,74.85,60800
KOP,20100827,20.79,21.14,20.4,20.99,190500
KR,20100827,10.235,10.245,10.09,10.165,5362700
KRA,20100827,25.97,26.12,24.96,25.2,233000
KRC,20100827,31.09,31.32,30.1,30.81,933200
KRG,20100827,16.24,16.72,15.64,16.64,280400
KRO,20100827,14.475,14.99,14.475,14.76,8700
KS,20100827,5.53,5.75,5.35,5.745,280200
KSM,20100827,13.54,13.59,13.54,13.59,5300
KSS,20100827,47.27,47.63,46.37,47.21,5111300
KST,20100827,12.63,12.83,12.57,12.83,9200
KSU,20100827,33.37,33.89,32.53,33.77,1288200
KSU.P,20100827,22.14,22.14,22.14,22.14,200
KT,20100827,18.84,18.93,18.69,18.86,1071200
KTF,20100827,13.04,13.09,13.01,13.09,46000
KTH,20100827,28.94,28.94,28.75,28.91,400
KTN,20100827,27.05,27.13,27.01,27.01,11800
KTP,20100827,24.26,24.26,23.85,24.12,6600
KW,20100827,9.56,9.88,9.56,9.86,37800
KWR,20100827,28.74,30.11,28.35,30.02,83100
KYE,20100827,24.6,24.66,24.36,24.63,80800
KYN,20100827,25.93,25.93,25.44,25.8,351900
KYO,20100827,42.825,42.83,42.825,42.83,500
L,20100827,35.1,35.96,34.87,35.96,2777700
LAD,20100827,7.86,8.15,7.69,8.13,234300
LAZ,20100827,32.4,32.47,31.85,32.22,816300
LBF,20100827,7.82,7.89,7.82,7.88,29500
LCM,20100827,10.98,11.03,10.83,10.97,90300
LDF,20100827,16.43,16.76,16.42,16.76,7900
LDL,20100827,6.96,7.23,6.9,7.14,58000
LDR,20100827,56.99,57.85,55.99,57.74,55300
LEA,20100827,37.165,37.78,36.6,37.575,315100
LEE,20100827,2.27,2.29,2.25,2.28,123300
LEG,20100827,19.21,19.5,18.83,19.48,1308100
LEN,20100827,13.23,13.52,13.01,13.47,3846800
LEN.B,20100827,10.45,10.63,10.35,10.63,5500
LEO,20100827,8.98,9.08,8.97,9.08,92300
LFC,20100827,19.4667,19.7333,19.3233,19.6567,979200
LFL,20100827,26.22,26.69,26.12,26.63,719800
LGF,20100827,6.6,6.69,6.52,6.67,222700
LGI,20100827,13.91,13.94,13.66,13.85,23500
LH,20100827,75.42,75.45,74.33,75.22,1669800
LHO,20100827,21.02,21.44,20.32,21.39,785000
LII,20100827,42.19,42.81,41.32,42.67,345900
LL,20100827,20.23,20.74,19.86,20.7,369100
LLL,20100827,68.16,68.78,67.17,68.71,740800
LLY,20100827,34.11,34.25,33.72,34.2,5809700
LM,20100827,25.6,25.84,24.98,25.84,2348500
LMT,20100827,71.93,72.3,71.18,72.27,1738800
LNC,20100827,21.75,23.8,21.17,23.73,14002900
LNN,20100827,37.27,38,36.75,37.77,121900
LNT,20100827,17.565,17.745,17.36,17.72,496200
LOR,20100827,11.56,11.65,11.5,11.61,102500
LOW,20100827,20.77,21.15,20.52,21.1,17964900
LPL,20100827,14.19,14.29,13.94,14.25,573300
LPX,20100827,6.75,6.93,6.48,6.9,1874900
LRN,20100827,24.23,25.11,23.74,25.08,121600
LSI,20100827,4.11,4.22,4.03,4.18,8984000
LTC,20100827,24.34,25.02,24.13,24.96,132200
LUB,20100827,4.98,5.02,4.9,4.97,75800
LUK,20100827,20.32,21.26,20.32,21.22,2162500
LUV,20100827,10.88,11.15,10.77,11.13,5396200
LUX,20100827,23.28,23.31,22.83,23.31,67200
LVLT,20100827,15.45,15.75,15.15,15.45,6812900
LVS,20100827,28.38,29.4,27.68,29.3,29231000
LXP,20100827,6.44,6.52,6.24,6.5,1165100
LXP-C,20100827,39.08,39.08,38.66,38.91,3700
LXU,20100827,16.19,16.73,16.07,16.58,98800
LYG,20100827,4.2,4.25,4.11,4.25,1713400
LYV,20100827,8.62,9.04,8.4,9.03,1469200
LZB,20100827,6.78,6.9,6.55,6.89,630900
M,20100827,19.37,19.77,19.05,19.6,9657400
MA,20100827,20.421,20.662,20.15,20.662,544600
MAA,20100827,55.89,56.2,54.51,56.14,290900
MAC,20100827,40.43,40.85,39.06,40.81,1051100
MAIN,20100827,15.01,15.1,14.79,15.1,119000
MAN,20100827,44.17,44.51,42.87,44.36,754000
MAS,20100827,10.39,10.71,10.24,10.68,3223500
MAV,20100827,14.11,14.18,14.08,14.13,48700
MBI,20100827,8.86,9.4,8.78,9.4,4471200
MBT,20100827,21.43,21.89,20.88,20.92,2483400
MCA,20100827,14.63,14.63,14.54,14.59,91500
MCD,20100827,73.47,74.07,72.86,73.99,6593200
MCI,20100827,14.205,14.33,14.05,14.295,3100
MCK,20100827,60.04,60.53,59.31,60.36,2276600
MCN,20100827,8.21,8.32,8.19,8.25,57500
MCO,20100827,21.21,21.44,20.89,21.44,1036500
MCR,20100827,9.64,9.65,9.63,9.65,103100
MCS,20100827,10.96,11.3,10.68,11.24,58400
MCY,20100827,38.77,39.28,38.39,39.27,96200
MD,20100827,23.93,24.01,23.445,23.925,277100
MDC,20100827,27.2,27.48,26.71,27.27,404600
MDP,20100827,29.9,30.3,29.27,30.19,380200
MDR,20100827,12.79,13.02,12.44,12.99,2255300
MDT,20100827,32.32,32.6,32.03,32.52,9876500
MDU,20100827,18.6,18.89,18.36,18.85,460000
MED,20100827,26.94,28.1,26.14,28.07,366800
MEG,20100827,8.23,8.44,7.91,8.42,53300
MEI,20100827,9.21,9.52,9.06,9.49,121200
MEN,20100827,11.5,11.66,11.5,11.56,90000
MER-K,20100827,23.4,23.52,23.25,23.34,88500
MER-P,20100827,24.91,24.91,24.8,24.84,57800
MET,20100827,36.81,38.02,36.1,37.82,16611300
MET-A,20100827,23.65,23.75,23.46,23.75,35000
MFA,20100827,7.34,7.4,7.25,7.4,3245200
MFC,20100827,11.07,11.46,10.88,11.43,2786000
MFD,20100827,11.87,12.04,11.77,11.98,31100
MFG,20100827,3.1,3.17,3.1,3.15,474900
MFL,20100827,14.51,14.68,14.51,14.68,118100
MFM,20100827,7.23,7.24,7.17,7.19,47900
MFT,20100827,14.2,14.27,14.18,14.27,19000
MFV,20100827,8.01,8.03,7.93,7.93,76400
MG,20100827,10.23,10.65,10.04,10.64,33200
MGA,20100827,19.0275,19.47,18.5275,19.4,480600
MGF,20100827,7.67,7.68,7.61,7.66,91500
MGM,20100827,9.17,9.5,8.96,9.4,17693100
MGU,20100827,15.17,15.43,15.16,15.43,72400
MHD,20100827,16.6,16.77,16.6,16.73,31100
MHF,20100827,7.97,8.01,7.91,7.95,26000
MHI,20100827,15,15.08,14.83,14.96,99200
MHK,20100827,45.37,46.74,44.18,46.58,721000
MHN,20100827,15.12,15.17,15.01,15.16,52500
MHO,20100827,9.69,9.84,9.47,9.84,150200
MHO-A,20100827,16.88,16.88,16.88,16.88,0
MIC,20100827,13.01,13.49,13.01,13.49,144400
MIN,20100827,7.01,7.01,6.96,7,481500
MIY,20100827,15.17,15.22,15.09,15.16,43800
MJN,20100827,52.48,52.5,51.4,52.46,1360500
MKC,20100827,39.7,40.14,39.37,40.1,679000
MKC.V,20100827,39.81,40.06,39.81,40.06,1500
MKL,20100827,327.6,329.05,325.22,328.52,20200
MLI,20100827,11.99,12.14,11.795,12.075,130800
MLM,20100827,73.72,75.33,72.63,75.16,338200
MLP,20100827,4.04,4.42,3.96,4.42,64000
MLR,20100827,12.19,12.56,11.81,12.53,57800
MMC,20100827,23.5,23.97,23.33,23.96,2623700
MMM,20100827,80.12,81.09,79.2,81,3445800
MMP,20100827,24.66,24.74,24.55,24.615,234900
MMS,20100827,14.02,14.0375,13.76,13.94,137100
MMT,20100827,6.9,6.9,6.88,6.9,145700
MMU,20100827,13.18,13.34,13.18,13.34,66100
MNE,20100827,13.97,14.08,13.97,14.04,16300
MNI,20100827,29,29.8,28.3,28.5,788400
MNP,20100827,14.77,14.88,14.66,14.85,46900
MNR,20100827,7.25,7.33,7.2,7.29,82500
MO,20100827,22.68,22.7,22.38,22.54,15788000
MOD,20100827,10.05,10.35,9.68,10.29,203200
MOG.A,20100827,31.42,32.13,30.77,32.07,111200
MOG.B,20100827,31.5,32.1,31.5,32.1,300
MOH,20100827,17.26,17.8667,16.86,17.8333,301500
MON,20100827,55.66,56.64,55.04,56.56,4550100
MOS,20100827,56.56,58.36,55.97,58.27,4976700
MOV,20100827,10.26,10.67,10,10.65,49600
MP-D,20100827,24.89,25,24.76,25,7600
MPA,20100827,15.51,15.55,15.45,15.53,17100
MPG,20100827,2.45,2.54,2.32,2.45,523800
MPV,20100827,13,13.2,13,13.19,3600
MPW,20100827,9.69,9.77,9.51,9.76,800100
MPX,20100827,5.31,5.53,5.11,5.48,25600
MQT,20100827,13.35,13.45,13.35,13.45,32400
MQY,20100827,15.48,15.55,15.44,15.55,55900
MRK,20100827,34.63,35.11,34.32,35,9546000
MRO,20100827,30.38,31.02,30.04,30.94,5022500
MRT,20100827,4.37,4.47,4.36,4.47,10900
MS,20100827,24.81,25.06,24.39,25.03,11782900
MS-A,20100827,20.02,20.32,20,20.01,99700
MSA,20100827,23.21,23.62,22.83,23.57,75400
MSB,20100827,24.17,25.1,23.68,25.05,166000
MSCI,20100827,30.22,30.52,29.91,30.49,448000
MSD,20100827,11.23,11.23,11.11,11.2,102200
MSF,20100827,13.66,13.92,13.66,13.88,13800
MSI,20100827,53.34,54.25,52.36,53.76,28084300
MSM,20100827,45.44,46.14,44.58,46.09,125300
MSP,20100827,11.77,11.83,11.59,11.83,28500
MT,20100827,28.84,29.25,28.16,29.25,5443200
MTB,20100827,87.15,88.05,85.98,87.78,438500
MTD,20100827,110.95,111.99,109.77,111.72,151100
MTG,20100827,7.35,7.5,7.03,7.5,2949500
MTH,20100827,17.52,17.88,17.03,17.82,463600
MTL,20100827,43.42,45.38,43,45.04,2456300
MTL.P,20100827,7.35,7.55,7.17,7.44,85900
MTN,20100827,33.65,34.44,32.93,34.4,320200
MTR,20100827,42.72,43.96,42.72,43.94,3400
MTRN,20100827,23.7,24.24,23.02,24.18,193000
MTT,20100827,22.12,22.14,22,22.12,18500
MTU,20100827,4.81,4.85,4.77,4.84,1388100
MTW,20100827,8.67,9.2,8.51,9.15,2039800
MTX,20100827,25.64,26.44,25.395,26.41,117700
MTZ,20100827,10.23,10.29,10.07,10.2,430400
MUA,20100827,13,13.09,12.97,13.07,18800
MUC,20100827,14.5,14.57,14.42,14.45,83800
MUE,20100827,14.35,14.35,14.26,14.34,63100
MUH,20100827,15.39,15.5,15.33,15.49,29800
MUI,20100827,15.13,15.2,15.11,15.15,102600
MUJ,20100827,15.54,15.55,15.45,15.55,43600
MUR,20100827,54.31,55.21,53.17,55.09,1436500
MUS,20100827,14.34,14.42,14.32,14.4,49500
MUSA,20100827,11.61,11.86,11.55,11.73,206300
MVC,20100827,12.69,12.87,12.61,12.85,98500
MVO,20100827,27.93,28.06,27.65,27.82,123800
MVT,20100827,15.66,15.67,15.63,15.67,27000
MWA,20100827,2.35,2.41,2.3,2.39,1615600
MXE,20100827,9.17,9.23,9.12,9.21,4300
MXF,20100827,22.69,22.9,22.34,22.81,59200
MXL,20100827,10.48,12.33,10.36,12.14,318200
MYC,20100827,14.57,14.65,14.52,14.52,44100
MYD,20100827,14.85,14.92,14.83,14.92,75400
MYE,20100827,6.42,6.56,6.3,6.4,181600
MYF,20100827,14.37,14.59,14.37,14.59,63900
MYI,20100827,14.34,14.41,14.32,14.37,104700
MYJ,20100827,15.35,15.47,15.35,15.43,36000
MYN,20100827,14.11,14.29,14.1,14.29,90700
MZF,20100827,15.12,15.2,15.06,15.18,19300
NAC,20100827,14.3,14.33,14.27,14.3,14200
NAD,20100827,15,15.07,14.99,15.04,73800
NAN,20100827,14.4,14.44,14.37,14.4,27500
NAT,20100827,26.9,27.55,26.6,27.43,539000
NAV,20100827,43.19,44.52,42.08,44.36,1115400
NAZ,20100827,13.82,13.83,13.76,13.8,2500
NBB,20100827,20.18,20.33,20.14,20.3,105700
NBL,20100827,32.505,33.68,31.945,33.62,1606000
NBR,20100827,15.84,16.28,15.58,16.25,4710500
NC,20100827,79.22,82.4,76.96,82.08,16200
NCA,20100827,9.75,9.75,9.63,9.64,29500
NCI,20100827,9.88,10.17,9.87,10.17,187400
NCR,20100827,12.8,13.16,12.51,13.09,2177600
NCS,20100827,8.94,9.25,8.63,9.22,189500
NCT,20100827,14.88,15.06,14.4,15,292800
NCT-B,20100827,15.25,15.25,15.25,15.25,400
NCT-C,20100827,14.4,14.4,14.21,14.21,200
NCT-D,20100827,14.12,14.37,14.12,14.14,700
NCV,20100827,9.32,9.32,8.87,9.2,912500
NCZ,20100827,8.71,8.71,8.4,8.55,423800
NE,20100827,30.97,31.92,30.59,31.85,3771100
NEE,20100827,53.25,53.92,52.92,53.89,1205900
NEE-C,20100827,25.36,25.54,25.32,25.54,7200
NEM,20100827,59.83,60,58.36,59.95,6290200
NEU,20100827,100.8,101.61,98.82,101.52,83500
NEV,20100827,14.77,14.85,14.69,14.85,48000
NFG,20100827,43.68,44.55,43.1,44.46,227500
NFJ,20100827,14.68,14.84,14.55,14.81,228800
NFX,20100827,47.3,47.96,46.11,47.79,695900
NGG,20100827,42.31,42.98,42.19,42.89,481500
NGS,20100827,14.09,14.65,13.91,14.62,58200
NHI,20100827,41.11,42.26,40.75,42.23,127900
NI,20100827,17.2,17.54,17.08,17.47,5129800
NIE,20100827,15.42,15.62,15.35,15.52,111400
NIM,20100827,10.94,10.94,10.88,10.92,12600
NJR,20100827,18.65,19.015,18.43,19,189200
NKE,20100827,17.6825,17.79,17.425,17.735,2656200
NL,20100827,7.8,8.04,7.67,8.01,25300
NLS,20100827,1.35,1.38,1.3,1.33,128200
NLY,20100827,17.06,17.22,16.95,17.2,7836000
NLY-A,20100827,26.68,26.88,26.22,26.47,36800
NM,20100827,5.36,5.47,5.26,5.47,177900
NMI,20100827,11.33,11.38,11.33,11.38,4800
NMK-B,20100827,83,83,83,83,0
NMK-C,20100827,83.55,83.55,83.55,83.55,100
NMM,20100827,17.31,17.75,17.15,17.62,93400
NMR,20100827,5.62,5.69,5.6,5.69,1350400
NMT,20100827,15.18,15.21,15.14,15.14,600
NMY,20100827,15.3,15.35,15.25,15.3,8900
NNA,20100827,5.7,5.7,5.5,5.69,12700
NNC,20100827,15.63,15.7,15.62,15.7,3900
NNI,20100827,21.49,22.77,21.14,22.74,468100
NNN,20100827,23.98,24.21,23.48,24.2,647700
NNY,20100827,9.94,9.97,9.85,9.97,27300
NOA,20100827,8.45,8.64,8.38,8.59,115300
NOC,20100827,55.04,55.55,54.11,55.48,1750000
NOK,20100827,8.67,8.69,8.5,8.66,17990600
NOV,20100827,37.08,37.99,36.25,37.97,4049100
NP,20100827,14.06,14.35,13.37,14.32,101600
NPK,20100827,99.82,103.05,99,103.01,23800
NPO,20100827,27.44,27.95,26.81,27.82,100000
NPV,20100827,16.62,16.62,16.22,16.38,11200
NQP,20100827,14.83,14.83,14.67,14.76,32000
NR,20100827,8,8.45,7.93,8.37,1157100
NRF,20100827,6.4,6.56,6.32,6.56,449300
NRF-A,20100827,17.35,17.35,17.13,17.14,1300
NRF-B,20100827,15.97,15.97,15.82,15.82,8300
NRG,20100827,20.45,20.71,20.02,20.63,2527000
NRP,20100827,257,258.5,253.9,255.8,256100
NRT,20100827,26.5,26.51,26.18,26.48,10000
NS,20100827,57.37,57.78,56.85,57.65,116400
NSC,20100827,53.54,54.64,53,54.55,2262000
NSH,20100827,29.16,29.3,28.76,29.2,93000
NSL,20100827,7.08,7.09,7.02,7.07,115800
NSM,20100827,12.79,13.08,12.41,13,6576600
NSR,20100827,22.22,22.43,21.86,22.4,236400
NTC,20100827,14.44,14.55,14.44,14.5,3700
NTG,20100827,25,25.01,25,25,103500
NTL,20100827,22.19,22.25,21.85,22.1,5500
NTT,20100827,21.39,21.55,21.31,21.4,278400
NTX,20100827,16.72,16.81,16.71,16.73,7500
NTZ,20100827,3.47,3.51,3.4,3.43,18400
NUE,20100827,36.64,37.27,36.37,37.25,3039500
NUM,20100827,14.59,14.63,14.54,14.55,13400
NUO,20100827,16.45,16.45,16.25,16.35,8700
NUS,20100827,26.49,26.75,26.07,26.66,421200
NUV,20100827,10.09,10.14,10.07,10.14,188800
NUW,20100827,17.41,17.5,17.36,17.5,23800
NVO,20100827,16.776,16.954,16.636,16.916,251100
NVR,20100827,627.7,627.7,614.3,618.68,32100
NVS,20100827,52.09,52.13,51.36,51.99,3503600
NW-C,20100827,23.77,24,23.55,23.55,6600
NWE,20100827,28.32,28.71,27.96,28.64,176000
NWL,20100827,15.25,15.41,14.94,15.4,2285500
NWN,20100827,45.11,45.92,44.81,45.79,111000
NWY,20100827,1.98,2.05,1.96,2.04,121700
NX,20100827,15.79,17.18,15.79,17.06,413800
NXC,20100827,14.22,14.23,14.06,14.15,7600
NXN,20100827,14.23,14.58,14.22,14.41,22500
NXP,20100827,14.88,14.99,14.88,14.96,19400
NXQ,20100827,14.15,14.16,14.1,14.15,24700
NXR,20100827,14.82,14.82,14.74,14.74,7600
NYT,20100827,7.68,7.75,7.42,7.51,1865300
O,20100827,32.71,32.73,31.94,32.69,706500
OAS,20100827,16.61,16.61,16.12,16.5,227900
OB,20100827,14.09,14.16,13.43,13.93,269700
OC,20100827,27.77,28.5,27.2,28.14,1769400
OCN,20100827,8.97,9.18,8.88,9.16,424200
ODC,20100827,20,20.5,19.93,20.45,20700
OFC,20100827,36.29,36.61,35.18,36.54,1017500
OFG,20100827,13.52,13.69,13.36,13.65,262600
OFG-A,20100827,21,21.5,21,21.5,1100
OFG-B,20100827,21.57,21.57,21.57,21.57,0
OGE,20100827,19.58,19.9,19.315,19.895,452100
OHI,20100827,20.92,21.28,20.39,21.24,1653700
OI,20100827,25.62,26.2,25.06,26.18,1478400
OIA,20100827,7.04,7.04,6.94,7.02,28900
OII,20100827,25.255,26.025,24.855,25.78,729300
OIS,20100827,40.09,42.28,39.63,42.16,564400
OKE,20100827,21.865,22.225,21.635,22.155,793100
OKS,20100827,34.51,34.81,34.35,34.75,114100
OLN,20100827,17.9,18.48,17.47,18.46,647000
OLP,20100827,14.34,14.73,14.07,14.69,36400
OMC,20100827,35.53,35.73,34.88,35.69,2723300
OME,20100827,5.45,5.57,5.37,5.57,47800
OMI,20100827,26.53,26.72,26.01,26.68,403000
OMN,20100827,6.14,6.2,6,6.19,351200
OPY,20100827,23.2,24.1,22.9,24.06,29300
ORA,20100827,27.18,27.93,26.88,27.87,176400
ORCL,20100827,22.38,22.55,21.95,22.51,21375200
ORI,20100827,12.61,12.76,12.44,12.76,1074100
ORN,20100827,11.07,11.57,10.95,11.55,166100
OSG,20100827,33.14,33.16,31.75,32.68,1035600
OSK,20100827,26.08,26.55,25.23,26.48,987400
OXM,20100827,20.1,20.54,19.23,20.47,72600
OXY,20100827,72.71,75.56,72.47,75.42,5779500
OZM,20100827,13.2,13.34,13.05,13.27,164900
PAA,20100827,30.65,30.665,30.425,30.585,340100
PAC,20100827,29.35,29.35,28.79,29.09,165300
PAG,20100827,12.29,12.54,11.82,12.5,557400
PAI,20100827,13.83,13.83,13.56,13.75,15900
PAM,20100827,10.14,10.24,10.13,10.24,8600
PAR,20100827,31.12,32.58,31.05,32.46,22605900
PAY,20100827,24.3,24.61,23.78,24.52,1016800
PBH,20100827,7.35,7.49,7.22,7.47,125900
PBI,20100827,19.5,19.65,19.2,19.61,1281100
PBR,20100827,33.27,33.93,32.89,33.79,12571900
PBR.A,20100827,29.49,30.2,29.05,30.14,7430400
PBT,20100827,18.7,18.78,18.39,18.77,188100
PCF,20100827,8.34,8.36,8.15,8.23,45400
PCG,20100827,47.04,47.73,46.6,47.63,2637700
PCK,20100827,9.88,9.88,9.81,9.83,21300
PCM,20100827,10.5,10.5,10.14,10.24,80200
PCN,20100827,15.62,15.64,15.44,15.64,71800
PCQ,20100827,13.86,13.9,13.82,13.86,28800
PDM,20100827,17.98,18.19,17.54,18.18,283400
PDS,20100827,6.37,6.41,6.25,6.39,506600
PDT,20100827,11.28,11.32,11.26,11.32,55600
PEB,20100827,17.79,18.1,17.27,18.07,135700
PEG,20100827,31.54,32.15,31.26,32.07,2722900
PEI,20100827,10.64,10.8,10.3,10.77,433700
PEO,20100827,20.63,21.14,20.52,21.14,71000
PEP,20100827,64.2,64.47,63.38,64.12,5227600
PFD,20100827,12.21,12.21,12.05,12.18,38400
PFE,20100827,15.98,16.12,15.77,16.09,38262900
PFG,20100827,22.2,23.22,21.74,23.21,4430100
PFH,20100827,24.21,24.21,24.02,24.21,5500
PFK,20100827,24.83,25.27,24.65,25.27,19800
PFL,20100827,11.37,11.43,11.31,11.39,111300
PFN,20100827,10.05,10.05,9.9,9.92,334300
PFO,20100827,10.05,10.09,9.9,10.08,44800
PFS,20100827,11.49,11.79,11.26,11.78,256500
PG,20100827,59.71,59.92,59.25,59.8,10317300
PGH,20100827,9.5,9.67,9.34,9.66,822500
PGP,20100827,19.56,19.7,19.35,19.61,64900
PGR,20100827,19.54,19.9,19.32,19.9,3362600
PH,20100827,60.52,60.93,59.29,60.69,1879100
PHD,20100827,12.19,12.19,12,12.12,118400
PHG,20100827,27.97,28.3,27.27,28.28,1134600
PHH,20100827,18.71,19.51,18.62,19.42,643500
PHI,20100827,54.85,54.92,54.29,54.81,98700
PHK,20100827,12.1,12.45,12.09,12.45,689200
PHM,20100827,7.93,8.22,7.81,8.17,6488900
PHT,20100827,15.35,15.4,15.03,15.38,122500
PHX,20100827,22.47,22.5,21.92,22.3,22200
PII,20100827,27.19,27.665,26.42,27.605,322300
PIM,20100827,6.23,6.3,6.21,6.29,151900
PIR,20100827,6.2,6.45,6.09,6.43,2090500
PIY,20100827,25.45,25.75,25.2,25.2,4100
PJC,20100827,27.84,28.83,27.56,28.79,129500
PJT,20100827,24.83,24.94,24.72,24.9,11400
PKD,20100827,3.73,3.84,3.66,3.82,686400
PKE,20100827,24.54,24.99,23.85,24.93,55500
PKG,20100827,22.53,23.03,22.1,22.94,889500
PKI,20100827,21.35,21.69,20.97,21.67,1391700
PKO,20100827,25.68,25.68,25.42,25.47,40000
PKX,20100827,101.95,103.29,100.42,103.19,266600
PKY,20100827,14.58,15.07,14.41,15.03,75400
PLD,20100827,23.82,23.89,23.09,23.88,2000300
PLOW,20100827,11.36,11.47,11.28,11.42,49900
PLT,20100827,27.32,27.67,26.84,27.58,359000
PM,20100827,51.14,51.63,50.65,51.44,6943000
PMC,20100827,7.28,7.56,7.2,7.53,699400
PMF,20100827,14.82,14.87,14.76,14.85,51200
PML,20100827,11.81,11.81,11.73,11.78,46200
PMM,20100827,7.9,7.91,7.86,7.91,97600
PMO,20100827,12.28,12.28,12.15,12.23,73700
PMT,20100827,17.3,17.5,17.05,17.5,58500
PMX,20100827,11.75,11.87,11.75,11.87,23300
PNC,20100827,50.82,52.06,50.2,51.97,4797300
PNC.W,20100827,9.59,10.29,9.43,10.29,18100
PNF,20100827,11.85,11.98,11.76,11.98,6800
PNI,20100827,12.25,12.35,12.21,12.35,7300
PNM,20100827,11.4,11.65,11.22,11.59,549900
PNR,20100827,30.61,31.14,30.2,31.02,811000
PNW,20100827,39.76,40.44,39.44,40.34,768000
POL,20100827,9.65,9.85,9.38,9.8,584200
POR,20100827,19.98,20.29,19.8,20.24,652800
POT,20100827,48.5967,49.3133,48.3967,49.2433,7117200
PPG,20100827,32.875,33.555,32.485,33.55,1053700
PPL,20100827,26.76,27.53,26.48,27.4,4056100
PPR,20100827,5.46,5.49,5.45,5.49,280500
PPT,20100827,6.74,6.75,6.69,6.75,362600
PQ,20100827,23.52,23.96,23,23.96,871200
PRA,20100827,26.54,26.825,26.085,26.8,171000
PRI,20100827,20.7,21.61,20.7,21.55,150400
PRO,20100827,7.36,7.75,7.23,7.73,112100
PRU,20100827,50.14,51.47,48.96,51.43,4286500
PSA,20100827,97.38,98.02,95.49,97.93,1008200
PSA-A,20100827,24.53,24.53,24.28,24.46,6700
PSA-B,20100827,25.56,25.58,25.55,25.58,2800
PSA-C,20100827,24.84,24.95,24.84,24.91,7000
PSA-D,20100827,24.16,24.36,24.13,24.3,5400
PSA-E,20100827,25.01,25.05,25,25.04,6100
PSA-W,20100827,24.76,24.78,24.69,24.73,7900
PSA-X,20100827,24.71,24.71,24.61,24.68,10600
PSA-Z,20100827,24.39,24.85,24.39,24.53,5500
PSB,20100827,56.31,56.48,55.32,56.36,114500
PSO,20100827,14.89,15.03,14.72,14.98,132400
PTR,20100827,109.25,110.57,107.68,110.55,284500
PTY,20100827,17.08,17.2,17.02,17.09,147700
PUK,20100827,17.38,17.58,17.1,17.52,475100
PUK-A,20100827,24.92,25.17,24.8,24.99,32200
PUK.P,20100827,24.98,25.2,24.98,25.19,5700
PVG,20100827,19.23,19.49,19,19.44,136700
PVH,20100827,45.96,47.37,44.79,47.08,984500
PWE,20100827,19.09,19.42,18.77,19.36,1467400
PWR,20100827,18.01,18.41,17.8,18.41,2239800
PX,20100827,86.1,87.28,85.26,87.28,1766800
PXD,20100827,57.55,59.08,56.15,58.95,1439300
PYN,20100827,9.97,10.11,9.81,9.98,9400
PYS,20100827,21.86,21.99,21.82,21.96,9300
PYT,20100827,17.82,18.16,17.82,18.04,1800
PZC,20100827,10.02,10.07,10.02,10.04,17700
PZE,20100827,7.535,7.535,7.315,7.47,54900
PZN,20100827,6.55,6.56,6.41,6.55,31300
Q,20100827,5.63,5.66,5.24,5.64,38675800
QEP,20100827,30.62,30.68,29.76,30.38,730600
QTM,20100827,1.36,1.45,1.35,1.43,3410200
QUAD,20100827,42.78,42.78,42.7,42.76,16700
R,20100827,38.37,39.31,37.64,39.2,558000
RA,20100827,10.13,10.24,9.69,10.24,98700
RAD,20100827,0.9,0.9,0.87,0.89,3686600
RAI,20100827,27.965,28.02,27.4,27.63,1909200
RAS,20100827,4.26,4.38,4.2,4.35,1136000
RAS-A,20100827,17.11,17.18,17,17.02,2000
RAS-B,20100827,17.5,17.6,17.41,17.6,6300
RAS-C,20100827,18.68,18.82,18.62,18.82,1800
RBA,20100827,18.15,18.19,17.95,18.02,186300
RBC,20100827,57.23,57.83,56.24,57.64,310800
RBS,20100827,13.41,13.69,13.13,13.68,391200
RBS-F,20100827,22.81,22.84,22.77,22.78,7600
RBS-H,20100827,21.96,22,21.83,21.99,7600
RBS-L,20100827,17.34,17.92,17.34,17.57,47400
RBS-S,20100827,13.56,13.73,13.51,13.73,40400
RCI,20100827,35.02,36.17,34.65,35.84,675600
RCL,20100827,24.8,25.35,23.97,25.29,1996800
RCS,20100827,10.87,11.1,10.86,11.03,150700
RDC,20100827,24.74,25.64,24.36,25.6,1579500
RDN,20100827,6.34,6.65,6.12,6.64,5188500
RDS.A,20100827,53.78,54.37,52.89,54.23,1814400
RDS.B,20100827,52.02,52.5,51.18,52.46,521800
RDY,20100827,28.27,28.83,28.1,28.62,188700
RE,20100827,79.51,81,78.36,81,315400
REG,20100827,36.5,36.87,35.6,36.69,1266400
REN,20100827,54.3,55.15,54.2,55,212900
RES,20100827,7.5333,7.6445,7.4267,7.6311,469100
REV,20100827,11.03,11.31,10.57,11.26,67300
REX,20100827,13.5,14.05,13.39,14.04,11000
RF,20100827,6.45,6.6,6.35,6.6,13137100
RFI,20100827,10.99,11.15,10.81,11.12,18000
RGA,20100827,43.81,44.45,43.21,44.25,722200
RGC,20100827,12.33,12.42,12.15,12.34,758600
RGR,20100827,13.49,13.49,13.03,13.27,109400
RGS,20100827,17.06,17.07,16.56,16.97,1038700
RHI,20100827,22.09,22.38,21.67,22.35,1083900
RHT,20100827,34.74,35.27,34.25,35.16,2922700
RIG,20100827,51,52.1,50.45,52.03,4056200
RIO,20100827,49.54,50.48,48.45,50.41,2137900
RJF,20100827,23.54,24.08,23.27,24.03,467000
RL,20100827,77.59,78.5,76.08,78.22,1412500
RLH,20100827,6.4,6.48,6.26,6.48,74500
RLI,20100827,26.365,26.635,26.01,26.605,69900
RMD,20100827,29.975,30.65,29.82,30.595,278600
RMT,20100827,7.26,7.37,7.14,7.36,61200
RNP,20100827,11.91,12.02,11.67,12.01,106200
RNR,20100827,57.29,57.6,56.93,57.52,350500
RNR-C,20100827,22.59,22.7,22.5,22.55,10700
ROG,20100827,27.17,27.79,26.47,27.66,69700
ROK,20100827,51.26,52.47,50.1,52.35,1892000
ROL,20100827,9.1067,9.3645,8.9955,9.3511,168800
ROP,20100827,58.28,59.42,57.7,59.25,533600
RPM,20100827,16.95,17.28,16.79,17.25,655200
RPT,20100827,10.36,10.5,10.1,10.4,256400
RQI,20100827,6.81,6.95,6.66,6.95,238000
RRC,20100827,33.15,33.94,32.55,33.86,3376600
RRTS,20100827,11.95,12.39,11.85,12.37,43700
RS,20100827,36.89,38.57,36.3,38.06,1315900
RSG,20100827,29.76,30.28,29.48,30.25,2295200
RSO,20100827,5.9,5.99,5.8,5.99,466300
RST,20100827,17.48,17.87,17.26,17.79,160000
RT,20100827,9.59,9.69,9.39,9.65,291900
RTN,20100827,43.44,44.32,43.23,44.23,4494100
RVT,20100827,10.6,10.88,10.5,10.85,233200
RWT,20100827,13.78,14.05,13.49,14.04,756900
RY,20100827,46.62,47.99,46.04,47.86,1068100
RYN,20100827,31.6,31.6467,30.9867,31.5,929300
S,20100827,4.08,4.1,3.96,4,36479600
SAB,20100827,11.8,11.8,11.8,11.8,200
SAH,20100827,9.21,9.21,8.8,9.14,456100
SAM,20100827,65.16,66.08,64.38,65.56,74300
SAN,20100827,83.62,84.68,83.22,84.68,187300
SAP,20100827,44.27,44.52,43.37,44.46,1453300
SAR,20100827,18.5,18.99,18.45,18.99,2700
SB,20100827,7.57,7.75,7.55,7.7,81200
SBH,20100827,8.95,9.18,8.7,9.1,848400
SBR,20100827,50.74,51.87,50.01,51.5,23700
SBS,20100827,6.5983,6.8,6.59,6.7683,276000
SBW,20100827,13.73,13.73,13.53,13.62,53400
SCCO,20100827,28.67,30.17,28.64,30.09,3505600
SCD,20100827,10.4,10.47,10.3,10.47,79100
SCG,20100827,38.66,39.32,38.4,39.23,674700
SCHW,20100827,13.28,13.31,13.08,13.22,16403600
SCI,20100827,7.92,8.02,7.74,8.01,628600
SCL,20100827,27.63,28.015,27.23,27.875,28500
SCS,20100827,6.41,6.45,6.22,6.43,428500
SCX,20100827,8.75,9.01,8.75,8.99,18000
SD,20100827,4.08,4.08,3.87,4,14485500
SDRL,20100827,22.77,23.52,22.4,23.43,811900
SE,20100827,20.73,21,20.45,20.98,4037100
SEE,20100827,20.43,20.95,20.29,20.9,1341000
SEM,20100827,7.28,7.37,7.11,7.36,126900
SEP,20100827,33.06,33.51,32.67,33.45,29600
SF,20100827,30.32,30.68,29.94,30.62,138400
SFE,20100827,12.19,12.33,11.64,12.28,83800
SFL,20100827,17.87,18,17.31,17.91,430400
SGF,20100827,14.09,14.09,13.72,14.05,32500
SGU,20100827,4.37,4.41,4.37,4.41,76800
SGY,20100827,110.2,115,107.2,115,984600
SHG,20100827,38.185,38.52,37.7,38.49,36900
SHI,20100827,27.1533,27.6733,26.9867,27.5933,16100
SHO,20100827,8.66,8.83,8.24,8.79,937200
SHW,20100827,69.43,70.27,68.76,70.24,1022300
SID,20100827,15.54,15.83,15.39,15.71,4278700
SIG,20100827,28.78,29.12,28.28,28.62,370200
SIX,20100827,9.185,9.3025,9.0975,9.2425,60100
SJI,20100827,23.27,23.745,23.05,23.69,132000
SJM,20100827,58.42,58.56,57.71,58.33,1315400
SJR,20100827,20.28,20.72,19.92,20.61,99800
SJT,20100827,22.25,22.65,21.72,22.58,150400
SJW,20100827,23.18,23.85,22.62,23.76,50000
SKM,20100827,16.05,16.14,15.84,16.1,1633800
SKT,20100827,22.56,22.815,22.05,22.805,371000
SKX,20100827,8.7733,8.95,8.44,8.7867,1214500
SLB,20100827,53.92,55.94,53.44,55.76,12559000
SLF,20100827,23,23.8,22.74,23.8,709200
SLG,20100827,58.75,59.25,56.9,58.85,827200
SLW,20100827,22.26,22.84,21.96,22.8,6849000
SM,20100827,36.34,37.41,35.74,37.26,719100
SMG,20100827,48.06,48.88,47.5,48.72,407000
SMI,20100827,3.25,3.3,3.19,3.3,85500
SMP,20100827,9.32,9.4,8.83,9.22,247400
SNA,20100827,40.44,41.3,40.01,41.22,301400
SNE,20100827,28.57,28.93,28.51,28.88,1400800
SNN,20100827,16.704,16.824,16.584,16.812,59900
SNP,20100827,60.8769,61.6385,60.2692,61.6385,160800
SNV,20100827,14.56,15.33,14.49,15.26,9234600
SNX,20100827,23.34,23.97,22.92,23.95,170600
SNY,20100827,28.69,28.97,28.26,28.92,1927500
SO,20100827,36.29,37,36.26,36.97,6071300
SOL,20100827,7.75,8.35,7.75,8.35,2132800
SON,20100827,31.51,31.99,30.99,31.86,452600
SOR,20100827,41.54,41.56,40.89,41.34,4200
SOV-C,20100827,25.85,25.85,25.85,25.85,200
SPA,20100827,5.13,5.19,5.05,5.1,50600
SPB,20100827,25.11,25.35,24.28,25.24,51700
SPE,20100827,13.08,13.11,13.07,13.11,3000
SPG,20100827,89.36,90.62,87.89,90.52,2818700
SPG-J,20100827,65.12,65.12,64.2,64.85,5800
SPH,20100827,48.81,49.05,48.65,48.98,157800
SPN,20100827,21.17,21.83,20.94,21.72,592400
SPR,20100827,19.21,20,18.84,19.9,1560000
SQM,20100827,42.8,43.17,42.24,43.05,405500
SR,20100827,14.2,15.05,13.65,15.05,131000
SRE,20100827,51.53,52,51.05,51.97,1444600
SRI,20100827,8.32,8.56,8.02,8.54,45100
SRT,20100827,4.6,4.63,4.45,4.62,14900
SRV,20100827,8.39,8.48,8.37,8.39,184800
SSD,20100827,22.78,23.4,22.36,23.28,195800
SSI,20100827,11.43,11.78,11.14,11.76,302800
SSL,20100827,37.5,38.19,37.16,38.19,300800
SSP,20100827,7.12,7.34,6.94,7.32,248800
SSW,20100827,10.85,11.26,10.84,11.15,183800
ST,20100827,16.45,16.94,16.38,16.9,92500
STC,20100827,10.38,10.8,10.22,10.76,84000
STE,20100827,29.09,29.57,28.73,29.49,231800
STI,20100827,22.5,22.71,21.94,22.67,6151300
STI-A,20100827,21.35,21.49,21.35,21.47,2900
STJ,20100827,35.14,35.54,34.83,35.47,1475200
STK,20100827,17.7,17.74,17.42,17.67,52500
STL,20100827,8.6,8.89,8.43,8.85,119400
STM,20100827,6.91,6.93,6.67,6.82,2883600
STN,20100827,11.925,12.21,11.905,12.155,13700
STNG,20100827,10.63,10.73,10.52,10.71,45000
STO,20100827,19.05,19.34,18.69,19.31,1681200
STT,20100827,35.16,35.87,34.68,35.85,5619700
STV,20100827,6.8,6.87,6.76,6.87,64700
STWD,20100827,2.6133,2.6667,2.5937,2.6667,146000
STZ,20100827,16.74,16.87,16.54,16.84,1031500
STZ.B,20100827,16.65,16.65,16.65,16.65,0
SU,20100827,30.66,31.16,30.01,31.1,6496000
SUI,20100827,28.09,28.83,27.48,28.73,82100
SUN,20100827,33.97,34.48,33.51,34.4,1903600
SUP,20100827,14.89,15.01,14.56,14.95,161100
SVU,20100827,10.07,10.24,9.87,10.19,3540500
SWC,20100827,13.55,13.86,13.14,13.83,1724900
SWK,20100827,53.56,54.55,52.8,54.51,916200
SWM,20100827,26.555,27.19,26.21,27.055,255700
SWN,20100827,32.64,33.5,31.89,33.35,3906500
SWX,20100827,31.31,32.08,30.88,32.01,201500
SWZ,20100827,11.52,11.59,11.45,11.57,28200
SXI,20100827,25.74,26.04,24.48,25.91,81300
SXL,20100827,12.445,12.465,12.3584,12.4417,99400
SXT,20100827,27.23,27.73,26.73,27.69,202400
SYK,20100827,42.93,44.16,42.86,44,2468500
SYT,20100827,45.9,46.03,45.32,46.02,288600
SYX,20100827,12.14,12.22,11.67,12.19,47400
SYY,20100827,27.91,28.29,27.61,28.05,3227800
T,20100827,26.73,27,26.61,26.94,21238100
TAC,20100827,20.2,20.38,19.97,20.28,75200
TAL,20100827,21.94,22.94,21.42,22.87,153300
TAP,20100827,44.16,44.29,43.4,43.81,1219800
TAP.A,20100827,43.1,43.1,43.1,43.1,100
TBI,20100827,11.18,11.3,10.8,11.26,177600
TCAP,20100827,14.78,15.57,14.62,15.55,76400
TCB,20100827,14.75,14.8,14.48,14.8,1666700
TCB.W,20100827,5.37,5.37,5.37,5.37,100
TCI,20100827,9.35,9.6,9.15,9.5,3000
TCO,20100827,41.46,42.33,40.51,42.3,746500
TD,20100827,32.69,34.11,32.42,34.015,1170100
TDA,20100827,25.3,25.39,25.3,25.39,37500
TDC,20100827,31.65,32.66,31.21,32.46,2527200
TDF,20100827,26.5,26.64,26.3,26.63,226000
TDG,20100827,57.2,58.53,56.82,58.42,322900
TDI,20100827,24.87,25.1,24.71,25.06,6900
TDS,20100827,30.61,30.83,29.84,30.77,158300
TDW,20100827,40.13,40.94,39.71,40.69,917500
TDY,20100827,36.85,37.47,36.15,37.38,98500
TEF,20100827,22.09,22.3533,21.7367,22.35,832700
TEI,20100827,16.18,16.26,16.12,16.19,223100
TEL,20100827,25.19,25.32,24.91,24.94,7127100
TEN,20100827,24.88,25.38,23.72,25.3,723400
TEO,20100827,19.34,19.35,18.68,18.86,252900
TER,20100827,9.16,9.37,8.84,9.32,7684100
TEVA,20100827,50.12,50.55,49.73,50.35,3224100
TEX,20100827,18.46,18.95,17.82,18.91,1635700
TFX,20100827,49.64,50.1,49.02,50.03,104600
TG,20100827,16.75,17.02,16.38,17,64500
TGH,20100827,27.78,28.26,27.31,27.98,134600
TGI,20100827,34.075,35.15,33.395,35.005,235100
TGP,20100827,32.53,33.06,32.06,32.99,56800
TGS,20100827,3.49,3.8,3.4,3.54,15300
TGT,20100827,51.76,52.23,51.33,51.74,6555100
THC,20100827,16.04,16.44,15.8,16.44,4718800
THG,20100827,43.49,44.03,43.08,43.97,227400
THO,20100827,23.86,24.32,23.59,24.23,279500
THS,20100827,40.58,41.27,40.28,41.23,181700
TI,20100827,13.5,13.63,13.27,13.6,597700
TI.A,20100827,11.03,11.13,10.88,11.07,55400
TIF,20100827,42.15,42.49,39.51,40.71,7814200
TJX,20100827,20.37,20.735,20.135,20.565,3437500
TK,20100827,24.24,24.71,23.6,24.55,465900
TKC,20100827,15.38,15.88,15.38,15.88,685800
TKF,20100827,15.04,15.35,15.04,15.3,16300
TKR,20100827,32.41,33.61,31.89,33.6,872200
TLI,20100827,11.15,11.15,11.07,11.1,8900
TLK,20100827,19.59,19.71,19.335,19.71,141700
TLP,20100827,34.64,34.94,34.22,34.69,75600
TM,20100827,69.21,69.46,68.51,69.36,418300
TMH,20100827,12.14,12.34,11.81,12.3,31300
TMK,20100827,21.6933,22.3422,21.4,22.3422,1014300
TMO,20100827,43.03,43.25,42.67,43.18,4314000
TNC,20100827,32.36,33.5,31.7,33.41,81800
TNH,20100827,87.49,88.99,86.17,88.25,35600
TNK,20100827,12,12.13,11.71,12.11,278600
TNP,20100827,12.74,13.05,12.57,12.99,74500
TOL,20100827,17.14,17.4,16.89,17.35,2610300
TOO,20100827,21.13,21.45,20.56,21.37,145600
TOT,20100827,47.24,47.57,46.24,47.47,2935900
TPC,20100827,19.85,20.12,19.39,20.1,166900
TPL,20100827,29.6,29.7,28.82,29.11,56000
TPX,20100827,26.22,26.99,25.56,26.93,3043500
TPZ,20100827,22.14,22.35,22,22.35,76300
TR,20100827,23.77,24.01,23.6,23.97,76100
TRC,20100827,21.86,22.35,21.53,22.33,63800
TREX,20100827,9.785,10.1,9.56,10.05,79400
TRI,20100827,34.43,35.57,34.01,35.51,1048100
TRK,20100827,13.4,13.42,13.17,13.33,58000
TRN,20100827,8.6,8.835,8.36,8.805,804500
TRNO,20100827,17.46,17.76,17.22,17.73,40200
TRP,20100827,35.77,36.39,35.13,36.27,407300
TRR,20100827,2.84,2.93,2.82,2.91,8200
TRU,20100827,3.35,3.55,3.35,3.48,11200
TRV,20100827,49.19,49.87,49.19,49.87,4437600
TS,20100827,33.94,34.48,33.28,34.34,1718000
TSI,20100827,5,5.03,4.98,4.99,137300
TSL,20100827,24.44,25.53,23.85,25.5,4213500
TSM,20100827,9.53,9.67,9.39,9.65,9931600
TSN,20100827,16.48,16.63,16.2,16.61,4124400
TSO,20100827,11.35,11.62,11.13,11.6,6404500
TSS,20100827,14.33,14.57,14.18,14.55,1153400
TSU,20100827,27.36,27.91,27.24,27.89,299400
TTC,20100827,12.4875,12.7575,12.25,12.73,165400
TTF,20100827,11.42,11.64,11.42,11.62,49100
TTI,20100827,8.27,8.53,8.08,8.51,697100
TTM,20100827,21.74,22.15,21.68,22.08,1445400
TU,20100827,19.825,20.055,19.435,19.98,122800
TUP,20100827,39.81,40.22,39,40.08,398700
TV,20100827,18.63,19.12,18.39,19.01,2866500
TVC,20100827,26.3,26.44,26.2,26.41,21500
TVE,20100827,26.12,26.22,26.04,26.09,9100
TWI,20100827,10.23,10.23,9.87,10.04,617200
TWN,20100827,14.81,14.86,14.65,14.86,22400
TWX,20100827,30.07,30.37,29.46,30.32,4874500
TX,20100827,32.85,33.48,31.94,33.44,285800
TXT,20100827,17.59,17.9,17.22,17.86,5332900
TY,20100827,11.23,11.37,11.11,11.37,59100
TY.P,20100827,48.15,48.15,48.15,48.15,0
TYG,20100827,33.48,34.06,32.57,32.75,103300
TYL,20100827,17.62,17.97,17.46,17.84,187300
UA,20100827,4.4225,4.5538,4.275,4.525,973000
UAL,20100827,19.81,20.62,19.18,20.45,4971400
UAM,20100827,13.8,14.38,13.38,14.34,173800
UBA,20100827,18.04,18.1,17.79,18.07,72200
UBP,20100827,15.56,15.57,15.46,15.5,5000
UBS,20100827,16.57,16.79,16.28,16.76,4015300
UDR,20100827,20.31,20.6,19.9,20.45,1878900
UFI,20100827,4.45,4.45,4.23,4.29,318500
UFS,20100827,29.63,30.475,28.78,30.17,839600
UGI,20100827,18.3333,18.42,18.0467,18.3533,492000
UGP,20100827,13.7075,13.8575,13.575,13.855,27300
UHS,20100827,31.55,31.72,30.51,31.63,1368800
UHT,20100827,32.13,32.25,31.64,32.25,59400
UIS,20100827,22.26,22.97,21.47,22.91,577300
UL,20100827,26.78,26.95,26.45,26.92,1284100
UMC,20100827,2.65,2.7,2.6,2.7,1211100
UN,20100827,27.08,27.27,26.76,27.26,2584600
UNF,20100827,39.86,40.6,39.42,40.47,44100
UNH,20100827,31.96,32.42,31.48,32.37,7051300
UNM,20100827,19.57,20.22,19.3,20.21,2331800
UNP,20100827,36.39,36.925,35.95,36.845,4506400
UNT,20100827,34.14,34.94,33.36,34.84,356400
UPS,20100827,63.92,64.69,63.32,64.47,3802700
URI,20100827,11.48,11.89,11.04,11.84,948700
USA,20100827,4.04,4.04,3.95,4.02,615800
USB,20100827,21.09,21.66,20.92,21.66,12039800
USB-A,20100827,786.25,786.25,786.25,786.25,0
USB-H,20100827,21.18,21.18,21.02,21.18,32700
USG,20100827,12.29,12.56,12.04,12.49,1132100
USM,20100827,43.75,43.91,42.52,43.38,224300
USPH,20100827,16.06,16.3,15.79,16.28,25700
UTF,20100827,14.32,14.61,14.27,14.61,260700
UTI,20100827,16,16.3,15.66,16.3,103400
UTL,20100827,21.27,21.66,21.13,21.61,47500
UTX,20100827,65.99,66.68,64.99,66.57,5074500
UVV,20100827,36.92,37.07,36.01,36.47,140300
V,20100827,17.5975,17.7825,17.4,17.7775,3914900
VAL,20100827,30.25,30.68,29.95,30.6,480600
VAL.P,20100827,23.42,23.97,23.22,23.94,8072700
VALE,20100827,26.44,27.18,26.25,27.16,18634700
VAR,20100827,53.3,54.21,52.58,54.2,982900
VBF,20100827,20.74,20.87,20.51,20.66,26400
VCO,20100827,46.53,47.47,46.51,47.46,1400
VCV,20100827,13.42,13.49,13.38,13.49,27300
VFC,20100827,18.405,18.515,18.125,18.47,999100
VG,20100827,1.97,2.03,1.92,2.03,2156600
VGM,20100827,15.04,15.11,15.03,15.11,59800
VGR,20100827,19.23,19.23,18.97,19.1,862500
VHI,20100827,5.7733,6.2133,5.66,6.1733,72700
VIV,20100827,22.27,22.93,21.9,22.8,94700
VKQ,20100827,14.75,14.8,14.69,14.75,34000
VLO,20100827,15.72,16.15,15.49,16.1,7806600
VLT,20100827,15.56,15.84,15.56,15.76,35900
VLY,20100827,13.11,13.26,12.88,13.22,665100
VLY-A,20100827,25.82,25.82,25.82,25.82,400
VLY.W,20100827,2.21,2.25,2.21,2.25,700
VMC,20100827,38.01,38.51,37.39,38.48,1792000
VMI,20100827,68.03,69.01,67.09,68.87,216800
VMO,20100827,14.62,14.66,14.59,14.64,40100
VMW,20100827,78.69,79.49,76.85,79.27,2351000
VNO,20100827,80.85,81.66,79.06,81.58,1646700
VNO-G,20100827,24.2,24.2,23.94,24.18,11400
VNO-I,20100827,24.13,24.28,24.13,24.28,15100
VPG,20100827,14.54,14.83,14.3,14.78,39600
VPV,20100827,14.15,14.17,14.07,14.1,28600
VR,20100827,25.3,25.71,25.18,25.68,457900
VRS,20100827,2.13,2.26,2.09,2.25,105500
VRX,20100827,57.96,58.66,57.54,58.33,934300
VSH,20100827,7.9,8.04,7.68,7.98,1683600
VSI,20100827,24.33,24.76,24.04,24.72,104400
VTA,20100827,11.8,11.87,11.76,11.83,179500
VTN,20100827,15.56,15.56,15.47,15.47,16500
VTR,20100827,49.96,50.66,48.94,50.62,1232800
VVC,20100827,24.46,24.76,24.26,24.74,483400
VVI,20100827,15.29,15.5,14.97,15.47,139800
VVR,20100827,4.52,4.55,4.5,4.53,372300
VZ,20100827,29.62,29.93,29.5,29.84,12683200
WAB,20100827,21.21,21.635,20.97,21.52,233800
WAL,20100827,6.32,6.53,6.22,6.52,378600
WAT,20100827,61.47,62.19,60.49,62.15,719400
WBC,20100827,34.39,35.78,34.02,35.71,557800
WBK,20100827,19.354,19.802,19.176,19.762,12100
WBS,20100827,16.03,16.52,15.7,16.45,564900
WCC,20100827,32.09,33.26,31.77,33.23,596500
WCG,20100827,25.09,26.04,24.39,26.01,413100
WCN,20100827,25.3267,25.66,25.0067,25.62,398600
WDR,20100827,22.91,23.27,22.67,23.27,839600
WEA,20100827,14.86,14.95,14.69,14.91,48800
WEC,20100827,27.82,28.32,27.595,28.26,892700
WES,20100827,24.34,24.5,24.34,24.5,86300
WF,20100827,33.52,34.29,33.52,34.29,600
WFC,20100827,23.64,24,23.47,24,45101400
WFC-J,20100827,27.61,27.95,27.61,27.84,165800
WFC-L,20100827,990,993.5,982.5,982.5,16200
WFC.W,20100827,7.7,7.76,7.66,7.7,102900
WFT,20100827,14.9,15.33,14.64,15.27,10484900
WG,20100827,7.56,7.95,7.41,7.94,470000
WGL,20100827,35.7,36.11,35.23,36.02,346200
WGO,20100827,8.9,9.07,8.71,9.05,229100
WHG,20100827,30.68,31.3,30.36,31.27,12200
WHR,20100827,75.26,75.96,72.87,75.58,1545000
WIA,20100827,12.69,12.79,12.69,12.79,62500
WIT,20100827,12.73,13.46,12.6,13.08,553000
WIW,20100827,12.5,12.52,12.42,12.43,134100
WLK,20100827,12.93,13.355,12.73,13.295,173000
WLL,20100827,42.52,43.45,41.515,43.27,1308000
WM,20100827,33.2,33.65,33.02,33.62,1536600
WMB,20100827,18.28,18.53,17.84,18.51,5788800
WMK,20100827,33.7,34.35,33.51,34.21,38800
WMS,20100827,36.75,37.5,35.87,37.28,346800
WMT,20100827,51.02,51.25,50.72,51,11934900
WNC,20100827,6.12,6.67,5.96,6.63,1690600
WNR,20100827,4.15,4.3,4.06,4.3,1215500
WNS,20100827,9.1,9.1,8.99,9.07,10100
WOR,20100827,14.25,14.5,14,14.49,658400
WPC,20100827,28.35,28.48,28.19,28.42,39900
WPZ,20100827,42.23,42.94,42.12,42.67,219200
WR,20100827,23.74,24.1,23.48,24.03,1127700
WRB,20100827,26.31,26.44,26.24,26.39,1018400
WRD,20100827,23.24,23.28,23.17,23.23,7100
WRE,20100827,30.73,30.94,30.1,30.9,584500
WRI,20100827,20.06,20.39,19.57,20.31,1615500
WSM,20100827,26.02,26.84,25.67,26.7,2098600
WSO,20100827,52.38,53.18,51.51,53.11,128100
WST,20100827,16.97,17.19,16.6,17.165,339300
WTI,20100827,8.92,9.05,8.78,9.01,571000
WTM,20100827,302,305.92,302,305.92,20300
WTR,20100827,15.808,15.928,15.6,15.912,439100
WTS,20100827,30.24,31.01,29.87,30.96,159300
WTW,20100827,29.1,29.43,28.93,29.28,129600
WU,20100827,15.9,16.03,15.58,16.03,3727100
WWE,20100827,13.96,14.23,13.72,14.2,229600
WWW,20100827,12.975,13.145,12.75,13.11,256400
WY,20100827,15.68,15.88,15.36,15.78,4252200
WYN,20100827,23.32,24.02,22.72,23.88,3143500
X,20100827,42.71,43.91,41.5,43.71,12499700
XCO,20100827,13.88,14.14,13.68,13.87,2761700
XEC,20100827,65.64,67.39,64.15,67.18,1130100
XEL,20100827,22.28,22.57,22.08,22.57,2614500
XIN,20100827,2.75,2.75,2.59,2.63,146800
XKE,20100827,9.25,9.25,9.25,9.25,0
XL,20100827,17.79,18.17,17.5,18.17,2628600
XOM,20100827,58.72,59.96,58.05,59.8,28279500
XRM,20100827,10.2,10.66,9.66,10.28,56400
XRX,20100827,8.52,8.66,8.32,8.64,14611500
Y,20100827,292.3,300.44,292.3,300.44,9500
YGE,20100827,106,112.5,104.5,112.1,3228700
YPF,20100827,40.33,40.53,40.17,40.51,800
YUM,20100827,42.57,42.79,42.06,42.32,4829500
YZC,20100827,20.72,21.02,20.32,21,148800
ZB-A,20100827,17.14,17.15,16.96,17.15,26200
ZF,20100827,11.88,12.04,11.76,12,227500
ZNH,20100827,23.07,23.52,22.9,23.52,29500
ZTR,20100827,14.92,15,14.84,15,244700
