<ticker>,<date>,<open>,<high>,<low>,<close>,<vol>
A,20090814,24.57,24.73,23.73,24.04,3085500
AA,20090814,41.4,41.64,39.33,39.81,35187900
AAN,20090814,18.8133,18.9267,18.1,18.2133,764400
AAP,20090814,43.81,43.85,42.92,43.15,2274100
AAV,20090814,5.07,5.15,5,5.09,901900
AB,20090814,21.92,21.92,21.51,21.85,327800
ABB,20090814,18.63,18.65,18.18,18.46,3390400
ABC,20090814,20.6,20.7,20.21,20.44,2276900
ABG,20090814,13.73,13.93,12.74,13.02,332400
ABM,20090814,21.74,22.09,21,21.37,153200
ABR,20090814,2.1,2.11,1.94,1.94,204600
ABT,20090814,44.5,44.71,43.93,44.36,6943500
ABX,20090814,34.44,34.66,33.44,33.92,6616800
ACC,20090814,25.17,25.38,24.45,25.29,476300
ACH,20090814,31.1,31.15,29.81,30.14,737500
ACM,20090814,29.6,29.75,28.58,28.74,899700
ACN,20090814,35.91,36.18,35.77,36.12,4169300
ACV,20090814,25.46,25.65,25.04,25.29,340900
ADC,20090814,19.67,19.86,19.34,19.82,30600
ADM,20090814,28.22,28.39,27.58,27.87,4690400
ADS,20090814,58.9,60.66,58.37,59.51,2034800
ADX,20090814,9.47,9.5,9.33,9.42,49500
AEB,20090814,14.94,15.24,14.94,15.1,24500
AED,20090814,18.14,18.42,18.01,18.3,36300
AEE,20090814,26.41,26.55,26.09,26.41,956000
AEG,20090814,7.57,7.58,7.35,7.53,1309200
AEH,20090814,17.77,17.93,17.5,17.5,58400
AEL,20090814,8.14,8.14,7.8,8.1,497600
AEM,20090814,57.05,57.17,54.76,55.23,2116200
AEO,20090814,15.21,15.21,14.6,14.69,3774200
AEP,20090814,31.07,31.25,30.69,31.11,2392900
AER,20090814,9.03,9.16,8.85,8.9,203600
AES,20090814,13.88,14.03,13.59,13.79,4288600
AES-C,20090814,43.39,43.49,42.75,43.24,15100
AET,20090814,28.25,28.48,27.61,28.28,4678200
AF,20090814,11.19,11.24,10.83,11.05,795400
AFB,20090814,12.76,13.12,12.76,13.07,31700
AFC,20090814,13.81,14,13.47,13.65,11900
AFG,20090814,24.99,25.08,24.6,24.77,342900
AFL,20090814,42.49,42.72,41.32,42.06,3277900
AGC,20090814,7.41,7.41,7.16,7.25,126700
AGCO,20090814,31.59,31.73,30.17,30.66,2151900
AGD,20090814,18.46,18.5,17.86,18.3,110500
AGM,20090814,7.8,8.21,7.36,8.07,676200
AGM.A,20090814,6.14,6.25,6.14,6.25,400
AGN,20090814,54.95,55,53.87,54.38,1667700
AGO,20090814,18.15,18.15,17.23,17.52,1403600
AGU,20090814,48.5,49.19,47.7,48.19,2062900
AHC,20090814,2.88,3.06,2.88,2.97,194600
AHL,20090814,24.78,24.82,24.29,24.47,557600
AHL-A,20090814,19.29,19.29,18.93,19,52400
AHT,20090814,2.8,2.87,2.65,2.7,866200
AHT-A,20090814,13,13,12.7,12.79,3000
AHT-D,20090814,13.05,13.05,12.65,12.79,10900
AI,20090814,9.6,9.6,9,9.2,390000
AIB,20090814,30.8,32.4,30.45,32,4816100
AIG,20090814,24.84,24.84,23.52,24.37,14340400
AIN,20090814,15.13,15.2,14.25,15.19,275800
AIR,20090814,19.52,19.59,18.96,19.45,228200
AIT,20090814,21.99,22,21.27,21.51,196100
AIV,20090814,11.4,11.44,11.09,11.29,2589100
AIZ,20090814,28.28,28.32,27.83,28.2,757100
AJG,20090814,24.36,24.36,23.99,24.32,797000
AKO.A,20090814,15.64,15.68,14.96,15.15,2200
AKO.B,20090814,18.05,18.05,17.25,17.38,24700
AKP,20090814,12.43,12.48,12.28,12.3,20800
AKR,20090814,14.81,14.86,14.2,14.59,302800
AKS,20090814,21.58,21.63,20.5,20.69,5375900
ALB,20090814,32.13,32.13,30.92,31.59,695000
ALE,20090814,33.96,33.98,33.27,33.56,101300
ALEX,20090814,29.05,29.14,27.82,28.33,162600
ALG,20090814,13.92,14.98,13.71,14.68,24100
ALJ,20090814,9.27,9.34,8.96,9.22,155600
ALK,20090814,5.7675,5.7725,5.5725,5.755,346400
ALL,20090814,28.86,28.96,28.2,28.55,3702700
ALP-O,20090814,24.7,24.7,24.7,24.7,400
ALV,20090814,34.28,34.28,33.2,33.37,988900
ALX,20090814,284.25,285.49,277.04,277.04,4700
AM,20090814,14.6,14.66,14,14.25,429900
AME,20090814,13.88,13.9867,13.7645,13.8578,903800
AMG,20090814,68.11,68.11,65.49,65.73,341700
AMN,20090814,73.98,73.98,71.58,71.87,35400
AMP,20090814,29,29.16,28.59,28.86,2389800
AMT,20090814,32.39,32.46,31.9,32.13,2197500
AMX,20090814,22.845,22.93,22.585,22.875,2712400
AN,20090814,19.3,19.3,18.37,18.49,2755100
ANF,20090814,34.2,34.95,33.37,34.25,11140200
ANH,20090814,7.42,7.52,7.25,7.33,2236600
ANH-A,20090814,23.5,23.5,23.5,23.5,1700
ANH-B,20090814,22.65,22.65,22.65,22.65,200
ANW,20090814,21.5,21.66,20.9,21.06,458100
AOD,20090814,16.7,16.7,16.32,16.5,553500
AOI,20090814,38.9,39.4,37.2,37.9,980300
AON,20090814,41.3,41.33,40.93,41.2,2074100
AOS,20090814,6.8684,6.8934,6.7,6.75,319100
AP,20090814,24.36,26.4,24.36,25.57,52900
APA,20090814,87.63,87.9,85.73,86.91,1861000
APB,20090814,9.27,9.29,8.99,9.21,63300
APC,20090814,51.86,52.25,50.92,51.5,2974200
APD,20090814,75.94,76.03,73.59,74.31,1169600
APF,20090814,13.86,13.86,13.74,13.75,14600
APH,20090814,17.085,17.12,16.585,16.72,921900
APU,20090814,35.38,35.38,34.59,35.03,48600
ARA,20090814,19.33,19.47,18.56,18.99,664800
ARE,20090814,49.8,50.56,48.42,50.39,969400
ARL,20090814,11.78,11.78,11.38,11.38,3100
ARW,20090814,26.01,26.22,25.61,25.87,620300
ASA,20090814,22.3333,22.4733,21.4833,21.8767,25700
ASG,20090814,3.01,3.01,2.95,2.95,48000
ASH,20090814,34.93,34.93,33.55,34,1602100
ASR,20090814,44.74,44.74,44.08,44.3,61500
ASX,20090814,3.55,3.75,3.5,3.57,4109600
ATI,20090814,29.41,29.49,28,28.23,3481800
ATO,20090814,27.92,28.05,27.6,27.75,430800
ATR,20090814,35.87,36.21,35.16,35.45,131300
ATU,20090814,14.24,14.38,13.77,13.98,345800
ATV,20090814,4.33,4.34,4.2,4.33,47000
ATW,20090814,28.88,28.88,27.76,28.08,553500
AU,20090814,38.53,38.78,37.36,37.76,1553200
AUO,20090814,10.89,10.91,10.47,10.58,4025500
AUY,20090814,9.19,9.26,8.92,9.01,9935400
AVA,20090814,19.59,19.87,19.52,19.87,275500
AVB,20090814,65.47,65.47,63.78,65.12,1861500
AVD,20090814,9.57,9.64,8.98,9.2,114900
AVK,20090814,14.1,14.1,13.75,13.76,68800
AVP,20090814,32.53,32.67,31.72,32.22,2673900
AVT,20090814,24.64,24.87,24.08,24.3,688000
AVX,20090814,11.2,11.2,10.9,10.92,191600
AVY,20090814,28.66,29.17,27.77,28.41,4334900
AWF,20090814,11.85,11.85,11.54,11.56,142200
AWH,20090814,15.1867,15.2567,14.96,14.99,160800
AWI,20090814,28.47,28.77,27.42,27.96,274000
AWK,20090814,19.18,19.29,19.05,19.14,16448600
AWP,20090814,5.64,5.65,5.47,5.64,323700
AWR,20090814,17.235,17.345,16.72,16.985,70200
AXE,20090814,36.21,36.44,35.55,36.07,265600
AXL,20090814,3.08,3.14,2.82,2.91,6343600
AXP,20090814,31.97,32.09,31.16,31.72,7636000
AXR,20090814,11.25,11.6,11.12,11.23,12300
AXS,20090814,29.08,29.15,28.76,28.98,349400
AYI,20090814,31.59,31.75,31.2,31.72,308000
AYR,20090814,9.4,9.68,9.25,9.64,617700
AZN,20090814,46.03,46.15,45.56,45.98,936300
AZO,20090814,145.01,145.5,143.34,143.92,812800
AZZ,20090814,18.825,18.955,18.2,18.395,50200
B,20090814,14.79,14.98,14.45,14.89,426200
BA,20090814,45.82,46.24,44.21,44.87,10507200
BAC,20090814,16.98,17.47,16.57,17.39,302461400
BAC-C,20090814,20.89,20.89,20.52,20.79,92600
BAC-D,20090814,20,20.2,19.8,20.2,43300
BAC-E,20090814,17.46,17.5,17.05,17.19,12900
BAC-I,20090814,19.53,19.65,19.31,19.4,59800
BAC-L,20090814,878.25,885.22,864.92,875,1700
BAC-W,20090814,21.75,22,21.72,21.99,24100
BAC-Y,20090814,17.77,18.08,17.69,18.06,26300
BAF,20090814,12.73,12.81,12.73,12.78,30700
BAK,20090814,10.12,10.21,9.79,9.97,326700
BAM,20090814,13.5,13.5467,13.1867,13.3333,1055400
BAP,20090814,69.99,71.59,69.84,71.59,260700
BAS,20090814,7.3,7.38,7.01,7.15,349000
BAX,20090814,55.12,55.43,54.62,55.23,2732600
BBD,20090814,12.4318,12.4394,12,12.1818,8893900
BBF,20090814,12.24,12.29,12.24,12.29,1500
BBG,20090814,30.41,30.49,29.4,29.77,410000
BBK,20090814,13.55,13.58,13.31,13.45,7000
BBL,20090814,53.4,53.46,51.36,51.83,1631600
BBT,20090814,25.65,28.42,25.56,28.23,32252900
BBVA,20090814,16.87,16.93,16.53,16.74,352500
BBW,20090814,4.6,4.69,4.51,4.68,86200
BBX,20090814,27.1,29.75,26.45,27.4,101600
BBY,20090814,37,37.08,36.1,36.44,3776000
BC,20090814,9.42,9.47,8.62,8.9,2458800
BCE,20090814,24.29,24.53,23.78,23.94,525300
BCH,20090814,47.5,47.5,46.25,46.91,3300
BCO,20090814,26.5,26.53,26.02,26.4,225400
BCR,20090814,73.39,73.93,72.76,73.62,691200
BCS,20090814,24.18,24.18,23.44,24.05,1554600
BCS-A,20090814,21.09,21.34,21.02,21.34,91600
BCS-D,20090814,23.91,23.97,23.71,23.94,243800
BDC,20090814,21.05,21.05,19.96,20.22,266900
BDJ,20090814,8.57,8.63,8.46,8.63,270300
BDN,20090814,10.55,10.67,10.15,10.37,2398500
BDX,20090814,66,66.47,65.47,66.39,1644700
BEN,20090814,31.79,31.8033,31.1333,31.5167,1713500
BEP,20090814,11.3,11.3,11.02,11.19,26400
BF.A,20090814,15.6667,15.8134,15.6134,15.7834,5400
BF.B,20090814,14.5734,14.78,14.5534,14.7567,360000
BFK,20090814,12.33,12.42,12.27,12.41,36600
BFO,20090814,12.4,12.41,12.25,12.4,3400
BFR,20090814,5.03,5.1,4.79,4.94,41100
BFS,20090814,33.02,33.18,32.27,33.15,84200
BFZ,20090814,12.72,12.75,12.72,12.73,5200
BG,20090814,66.3,67.03,65.81,67.03,2608600
BGC,20090814,35.59,35.74,35,35.63,794800
BGE-B,20090814,20.01,20.2,20.01,20.2,8300
BGG,20090814,18.45,18.52,17.67,17.89,552500
BGH,20090814,22.6,24,22.36,22.67,31200
BGR,20090814,21.47,21.58,20.71,20.79,92900
BGS,20090814,8.26,8.35,8.12,8.3,81100
BGT,20090814,11.82,11.94,11.82,11.87,65300
BGY,20090814,11.4,11.45,11.24,11.31,395900
BHE,20090814,16.15,16.19,15.69,15.85,247700
BHI,20090814,37.99,37.99,36.62,36.97,4848200
BHK,20090814,11.72,11.89,11.71,11.74,82700
BHL,20090814,11.04,11.12,10.95,11.02,23400
BHP,20090814,64.51,64.69,62.33,62.95,3984100
BID,20090814,16.51,16.51,15.96,16.46,1166300
BIF,20090814,5.6,5.62,5.31,5.46,147200
BIG,20090814,23.66,23.76,23.11,23.29,1353600
BIO,20090814,83.96,84,82.81,83.65,90700
BIO.B,20090814,83.82,83.82,83.82,83.82,0
BIP,20090814,9.6667,9.7733,9.5533,9.6867,101600
BJZ,20090814,15.02,15.2,15.02,15.1,15300
BK,20090814,28.75,28.86,28.14,28.57,5504500
BKD,20090814,16.69,16.77,15.6,16.23,1071600
BKE,20090814,26.84,26.95,26.21,26.54,1084600
BKH,20090814,26.21,26.61,25.71,26,337400
BKK,20090814,13.65,13.65,13.65,13.65,100
BKN,20090814,12.33,12.53,12.33,12.46,13800
BKS,20090814,21.79,21.79,20.34,20.87,2446600
BKT,20090814,6.47,6.47,6.44,6.45,76400
BLH,20090814,15.72,15.77,15.6,15.62,4200
BLK,20090814,199.85,200.95,196.6,197.77,310400
BLL,20090814,25.64,25.745,24.875,25.29,949200
BLW,20090814,14.05,14.05,13.75,13.76,97900
BLX,20090814,14.32,14.36,13.81,14.32,100100
BMA,20090814,17.69,17.69,16.8,17.01,78300
BME,20090814,22.35,22.51,22.34,22.35,7000
BMI,20090814,38.93,39.08,37.6,38.16,107800
BML-G,20090814,16.42,16.42,15.99,16.4,5700
BML-H,20090814,16.09,16.24,15.74,15.87,57500
BML-I,20090814,18.12,18.13,17.59,17.85,71200
BML-J,20090814,18.51,18.8,17.7,18.6,9100
BML-L,20090814,17.3,17.3,16.64,16.99,49600
BMO,20090814,47.23,47.6,45.63,46.54,612400
BMS,20090814,27.14,27.14,26.24,26.39,619300
BMY,20090814,21.85,21.95,21.54,21.81,6857600
BNJ,20090814,14.49,14.64,14.49,14.5,4000
BNS,20090814,41.04,41.16,39.81,40.44,465600
BNY,20090814,14.14,14.33,14.14,14.28,4200
BOE,20090814,17.79,17.8,17.35,17.58,186900
BOH,20090814,41.24,41.24,40.14,40.82,252500
BP,20090814,51.08,51.1,50.07,50.43,4594200
BPI,20090814,21.5,21.62,20.01,20.59,181000
BPK,20090814,15.21,15.22,15.1,15.2,9700
BPL,20090814,44.86,45.3,44.71,45.13,158000
BPT,20090814,70.41,70.5,69.25,69.98,46300
BQH,20090814,14.25,14.4,14.25,14.4,4200
BR,20090814,19.75,20.34,19.75,20.3,1107400
BRC,20090814,30.77,30.88,30.18,30.42,305600
BRK.A,20090814,102800,102800,101020,101400,500
BRK.B,20090814,66.4414,66.92,66.14,66.58,21800
BRO,20090814,19.71,19.75,19.3,19.58,457700
BRS,20090814,31.91,31.94,30.34,30.56,142200
BRT,20090814,4.47,4.55,4.38,4.55,1900
BSD,20090814,11.5,11.53,11.45,11.45,4200
BSE,20090814,12.77,12.8,12.67,12.67,6500
BSX,20090814,11.2,11.3,11.01,11.14,12227700
BT,20090814,11.1,11.13,11.015,11.11,74500
BTA,20090814,9.23,9.37,9.23,9.3,29800
BTE,20090814,22,22.1,21.36,21.67,154100
BTO,20090814,14.16,14.16,13.93,14.1,41300
BTZ,20090814,11.02,11.02,10.79,10.83,111200
BVN,20090814,26.5,26.8,25.58,26.3,685700
BW,20090814,23.06,23.18,21.74,22.32,118800
BWA,20090814,15.19,15.305,15.015,15.13,1160200
BWP,20090814,23.02,23.08,22.7,23.05,282000
BX,20090814,14.3,14.43,13.93,14.05,2814100
BXC,20090814,40.9,42.5,40.1,41.1,57400
BXP,20090814,58.17,58.53,56.87,58.53,1957300
BXS,20090814,24.08,24.08,23.46,23.85,459000
BYD,20090814,10.38,10.41,10.03,10.26,1046300
BYM,20090814,13.28,13.55,13.28,13.5,37200
BZH,20090814,20.7,21.2,19.75,21.15,2172100
C,20090814,41.6,45.3,39.1,40.4,112162900
C-P,20090814,13.81,14.55,11.29,13.26,613800
C-S,20090814,17.08,17.2,17.01,17.1,58100
CAB,20090814,16.29,16.29,15.45,15.6,598000
CACI,20090814,47.07,47.22,45.32,45.87,276900
CAE,20090814,7.8,7.85,7.57,7.62,29800
CAF,20090814,32.73,32.73,32.21,32.65,158600
CAG,20090814,19.55,19.65,19.14,19.2,4736700
CAH,20090814,33.09,33.25,32.44,32.9,2748500
CAJ,20090814,36.12,36.12,35.29,35.53,304800
CAL,20090814,12.4,12.45,12.04,12.33,4426900
CAS,20090814,11.39,11.39,11,11.19,133600
CAT,20090814,47.17,47.25,45.44,46,9107400
CB,20090814,49.28,49.49,48.5,48.76,2213200
CBB,20090814,16.5,16.75,16,16.3,892600
CBB-B,20090814,35.97,36.5,35.04,36,3200
CBD,20090814,24.73,24.745,23.97,24.28,185800
CBG,20090814,11.44,11.5,10.93,11.15,2814800
CBI,20090814,14.97,14.98,14.35,14.57,629800
CBK,20090814,8.09,8.26,7.46,7.53,195500
CBL,20090814,8.1,8.12,7.61,8.08,2145300
CBL-D,20090814,16.7,16.86,16.28,16.49,7500
CBM,20090814,4.87,4.9,4.57,4.66,96500
CBR,20090814,3.73,3.74,3.41,3.58,183100
CBS,20090814,10.44,10.44,9.98,10.23,8527500
CBS.A,20090814,10.27,10.27,9.96,10.18,25900
CBT,20090814,20.19,20.19,19.5,19.86,638500
CBU,20090814,19.44,19.51,18.59,18.94,230300
CBZ,20090814,6.71,6.85,6.66,6.83,430100
CCC,20090814,14.28,14.4,14.01,14.21,609700
CCE,20090814,19.67,20,19.66,19.7,4443700
CCI,20090814,28.01,28.01,27.35,27.6,1095400
CCJ,20090814,28.9,29.53,28.2,28.47,2082500
CCK,20090814,25.71,25.71,25.24,25.69,1652300
CCL,20090814,30.36,30.46,29.4,29.85,3092800
CCO,20090814,6.47,6.57,6.12,6.28,1507900
CCS,20090814,23.15,23.15,22.98,23.12,53500
CCU,20090814,13.86,14.112,13.72,13.804,10100
CCZ,20090814,30.21,30.21,30.21,30.21,0
CDE,20090814,15.56,15.56,14.77,14.99,2033800
CDI,20090814,15.56,15.57,15,15.29,95600
CDR,20090814,5.38,5.67,5.22,5.67,175800
CE,20090814,27.19,27.5,26.56,26.92,1562700
CEA,20090814,15.54,15.54,15.07,15.22,8500
CEE,20090814,27.04,27.38,26.79,27.1,100700
CEL,20090814,28.5,28.69,27.87,27.88,104800
CEO,20090814,139,139,133.58,134.78,445900
CF,20090814,16.674,16.688,16.37,16.574,561000
CFC-B,20090814,19.82,19.86,19.58,19.82,132300
CFI,20090814,6.2,6.21,5.97,5.98,11900
CFR,20090814,50.92,51.21,49.98,50.46,397700
CFX,20090814,11.43,11.51,10.94,11.07,114300
CHA,20090814,52.75,52.76,51.18,51.59,322100
CHD,20090814,14.4225,14.5,14.1625,14.27,655300
CHE,20090814,43.89,43.99,42.7,43.22,165000
CHH,20090814,30.03,30.03,29.27,29.48,247800
CHK,20090814,24.48,24.51,23.33,23.66,11367000
CHK-D,20090814,76.9,77.25,75.85,76,9700
CHL,20090814,57.02,57.04,55.55,56.37,2574400
CHN,20090814,22.9,22.99,22.5,22.76,92800
CHS,20090814,11.89,11.93,11.51,11.82,3772400
CHT,20090814,17.21,17.21,16.91,16.98,582800
CHU,20090814,14.5,14.6,14.13,14.28,2795300
CI,20090814,29.05,29.25,28.31,28.82,2985100
CIA,20090814,6.87,6.87,6.43,6.63,73000
CIB,20090814,34.72,34.87,34.22,34.79,225500
CIF,20090814,2.33,2.33,2.23,2.29,79400
CIG,20090814,9.9392,9.9648,9.5232,9.632,1593000
CIG.C,20090814,11.75,11.75,11.75,11.75,0
CII,20090814,14.41,14.54,14.02,14.19,137400
CIM,20090814,3.74,3.78,3.56,3.58,5484300
CIR,20090814,26.26,26.63,25.47,26.08,123900
CIT,20090814,1.45,1.47,1.33,1.41,50219000
CKH,20090814,79.85,80.28,78.02,78.42,123900
CL,20090814,36.07,36.19,35.605,35.875,1626000
CLB,20090814,46.68,46.68,45.36,45.805,256400
CLC,20090814,33.59,33.68,32.18,32.67,136100
CLF,20090814,29.25,29.5,27.8,28.16,3721100
CLH,20090814,28.67,28.67,27.585,27.89,132300
CLI,20090814,31.7,32.13,31.23,31.99,1449000
CLR,20090814,18.55,18.59,17.7,17.98,392300
CLS,20090814,8.23,8.23,8,8.04,554400
CLW,20090814,24.125,24.125,22.625,23.07,199800
CLX,20090814,58.29,58.47,57.35,57.68,1482300
CM,20090814,63,63.64,60.68,61.47,619200
CMA,20090814,27.27,27.75,26.53,27.57,2527000
CMC,20090814,17.33,17.36,16.8,17.06,1364400
CMG,20090814,90.75,90.91,86.8,87.95,638400
CMI,20090814,48.7,48.7,46.23,46.83,2539700
CMO,20090814,13.56,13.58,13.32,13.45,446900
CMP,20090814,52.54,52.59,50.63,51.55,322600
CMS,20090814,13.25,13.28,13.07,13.21,2290000
CMS-B,20090814,76.78,78.99,76.01,76.01,600
CMU,20090814,4.08,4.11,4.04,4.09,27700
CNA,20090814,22.06,22.19,21.68,21.93,273800
CNC,20090814,9.035,9.06,8.735,8.76,435600
CNI,20090814,24.85,24.9,24.23,24.54,1166100
CNK,20090814,10.03,10.04,9.74,9.96,327800
CNO,20090814,3.28,3.37,3.18,3.25,3453600
CNP,20090814,12.4,12.5,12.36,12.48,2495500
CNQ,20090814,29.585,29.655,28.675,29.04,1366800
CNS,20090814,18,18,17.23,17.55,193800
CNX,20090814,41.61,41.61,39.76,40.24,3929600
COF,20090814,35.01,35.45,34.11,35.08,8222400
COG,20090814,9.0725,9.075,8.71,8.775,926200
COH,20090814,29.57,29.57,28.34,28.55,4953700
COL,20090814,44.4,44.49,43.1,43.76,1662400
COO,20090814,27.73,27.95,27.36,27.73,299100
COP,20090814,44.21,44.4,43.25,43.77,8469000
COT,20090814,6.33,6.35,6.19,6.24,595800
CP,20090814,48.59,48.62,47.55,48.02,656700
CPA,20090814,40.91,41.16,39.76,39.99,377600
CPB,20090814,30.92,30.92,30.24,30.6,2716200
CPE,20090814,1.66,1.66,1.56,1.59,272000
CPF,20090814,62.4,63.2,58.2,60.2,775700
CPK,20090814,21.3333,21.3333,20.1733,20.3667,45500
CPL,20090814,19.16,19.16,18.5833,18.6767,125200
CPN,20090814,12.54,12.77,12.24,12.72,1829800
CPT,20090814,34.86,34.94,33.75,34.79,587300
CR,20090814,22.89,23.14,22.58,22.87,447200
CRD.A,20090814,3.55,3.6,3.33,3.51,24400
CRD.B,20090814,4.79,4.8,4.6,4.62,100400
CRH,20090814,26.06,26.18,25.62,25.83,69100
CRI,20090814,25.91,26.01,24.67,24.89,911200
CRK,20090814,190,190.55,182.85,185.8,505300
CRL,20090814,34.32,34.51,33.33,33.93,854700
CRM,20090814,12.005,12.0775,11.7025,11.78,1196100
CRR,20090814,42.55,42.55,41.35,41.8,248300
CRS,20090814,19.59,19.59,18.86,19.24,377900
CRT,20090814,24.61,24.99,24.14,24.92,11700
CRY,20090814,6.45,6.68,6.2,6.55,681100
CS,20090814,50.1,50.15,49.16,50.1,863700
CSC,20090814,50.1,50.32,49.34,49.66,1062700
CSL,20090814,33.05,33.18,32.19,32.47,431500
CSS,20090814,21.58,21.65,20.46,21.12,18500
CSU,20090814,5.08,5.13,4.9,4.99,100200
CSV,20090814,4.04,4.04,4,4.01,7000
CTB,20090814,14.1,14.35,13.38,13.57,960300
CTL,20090814,31.86,31.97,31.27,31.53,1749600
CTR,20090814,18.71,18.81,17.27,17.5,370400
CTS,20090814,8.83,8.83,8.47,8.75,160700
CTV,20090814,27.74,27.83,26.56,27.04,950700
CTX,20090814,12.4,12.43,11.79,12.1,3388100
CUB,20090814,40.75,40.75,39.35,39.8,120700
CUK,20090814,30.67,30.71,29.93,30.32,54700
CUZ,20090814,9.74,9.74,9.15,9.26,556600
CVA,20090814,17.01,17.22,16.68,17.21,1053200
CVB,20090814,10.22,10.22,10.22,10.22,0
CVG,20090814,10.72,10.84,10.59,10.62,554300
CVI,20090814,9.3,9.3,8.87,9.09,170600
CVO,20090814,31.68,32.48,31.2,32,351300
CVS,20090814,35.03,35.13,34.2,34.75,7824200
CVX,20090814,68.57,68.67,67.59,68.63,8837500
CW,20090814,32.7,32.86,31.57,31.97,183600
CWT,20090814,18.955,18.995,18.645,18.84,238800
CX,20090814,11.15,11.28,10.69,10.76,6630600
CXE,20090814,4.47,4.59,4.36,4.36,103900
CXH,20090814,8.6,8.61,8.48,8.49,21400
CXO,20090814,33.7,33.86,32.61,32.69,584300
CXW,20090814,20.35,20.63,20.1,20.63,844000
CYD,20090814,10.44,10.44,9.71,10,222100
CYH,20090814,31,31.14,29.87,30.28,1154300
CYS,20090814,13.9,13.94,13.81,13.85,37200
CZZ,20090814,8.11,8.25,7.67,7.84,1865600
D,20090814,33.63,33.76,33.22,33.56,2262000
DAC,20090814,3.63,3.66,3.5,3.52,199800
DAL,20090814,7.14,7.19,6.93,7.02,6356000
DAN,20090814,4.6,4.66,4.15,4.48,2126100
DAR,20090814,7.24,7.37,6.43,6.97,2482800
DB,20090814,67.1,67.11,65.12,65.84,753900
DBD,20090814,29.95,30.35,29.95,30.28,276500
DCA,20090814,1.76,1.77,1.75,1.75,41200
DCI,20090814,19.725,19.86,19.02,19.23,252600
DCM,20090814,14.88,14.88,14.72,14.8,221500
DCO,20090814,17.55,17.55,17.04,17.28,99500
DCT,20090814,19.2,19.2,18.2,19.12,2389400
DD,20090814,33.29,33.36,31.77,32.36,6524600
DD-A,20090814,59.54,61.25,59.54,61.25,800
DD-B,20090814,79.15,79.15,79.15,79.15,100
DDD,20090814,2.53,2.54,2.4033,2.4233,39700
DDE,20090814,6.4,6.43,6.13,6.28,138900
DDF,20090814,6.15,6.15,6.03,6.05,9100
DDR,20090814,8.54,8.66,8.01,8.3,5941900
DDS,20090814,11.25,11.31,10.4,10.46,924800
DDT,20090814,14.25,14.26,14.02,14.13,10500
DE,20090814,45.42,45.75,43.97,44.53,4039100
DECK,20090814,23.7533,24.2667,23.36,23.5467,1623000
DEI,20090814,11.43,12.03,11.39,11.64,1912800
DEL,20090814,49.77,49.77,47.75,48.41,33300
DEO,20090814,62.42,62.42,61.42,61.95,306600
DEX,20090814,10.8,10.83,10.49,10.68,59400
DF,20090814,37,37.1,36.3,36.68,2116500
DFP,20090814,16.85,16.9,16.5,16.5,13200
DFS,20090814,12.57,12.68,12.23,12.48,7097900
DFT,20090814,12.4,12.44,12.04,12.13,263700
DGI,20090814,19.06,19.06,18.64,18.91,205500
DGX,20090814,54.04,54.45,53.26,53.73,859700
DHF,20090814,3.36,3.4,3.35,3.35,224300
DHG,20090814,10.12,10.16,10.05,10.14,67700
DHI,20090814,12.95,12.96,12.26,12.42,10157200
DHR,20090814,30.015,30.06,29.61,30.05,2315700
DHT,20090814,62.04,62.04,59.4,60.36,341900
DHX,20090814,5.4,5.4,5.15,5.35,54400
DIN,20090814,24.05,24.17,23.14,23.85,353400
DIS,20090814,26.23,26.47,25.54,25.86,8901300
DK,20090814,7.46,7.46,7.03,7.03,153300
DKL,20090814,16.75,16.96,16.6,16.8,9100
DKS,20090814,20.71,20.8,19.93,20.1,936700
DKT,20090814,23.33,23.5,23.31,23.5,147300
DL,20090814,8.05,8.2,8.05,8.09,30800
DLB,20090814,40.51,40.51,39.34,40.03,305200
DLR,20090814,43.71,44.05,43.04,43.5,2001700
DLX,20090814,17.54,18,17.3,17.63,577200
DM,20090814,11.29,11.34,10.76,10.99,222600
DNB,20090814,75.89,75.89,74.4,74.94,307100
DNP,20090814,8.8,8.89,8.78,8.81,175200
DNR,20090814,16.31,16.37,15.46,15.68,2350600
DO,20090814,89.94,89.94,86.69,87.63,1437500
DOV,20090814,34.75,34.85,33.8,34.26,1245600
DOW,20090814,22.9,22.98,21.83,22.13,11709100
DPM,20090814,23.14,23.23,22.27,22.41,60800
DPS,20090814,25.09,25.64,25.07,25.54,2159300
DPZ,20090814,7.82,7.82,7.5,7.61,443500
DRE,20090814,10.84,10.95,10.44,10.86,3814800
DRH,20090814,7.03,7.15,6.76,7.09,1319200
DRI,20090814,31.31,31.77,30.97,31.71,3832400
DRQ,20090814,40.91,40.93,39.7,40.19,624800
DSM,20090814,7.06,7.09,7.03,7.07,46100
DST,20090814,46.53,46.57,45.46,45.69,572400
DSU,20090814,10.65,10.68,10.47,10.59,412400
DSW,20090814,6.87,6.91,6.375,6.495,260100
DSX,20090814,13.71,13.71,13.08,13.31,1027800
DTE,20090814,33.84,34.28,33.7,34.11,704900
DTF,20090814,13.98,14.06,13.98,14.05,17400
DTK,20090814,22.87,23,22.77,22.95,177800
DUC,20090814,11.56,11.78,11.56,11.72,83000
DUK,20090814,46.02,46.14,45.51,46.14,5808800
DV,20090814,52.1,52.93,50.16,51.89,1628600
DVA,20090814,25.945,26.1,25.4,25.69,461300
DVD,20090814,1.38,1.41,1.27,1.37,20400
DVN,20090814,64.63,64.81,62.2,62.73,3641300
DW,20090814,21.03,21.14,20.16,20.4,73900
DX,20090814,8.53,8.55,8.26,8.36,25400
DXB,20090814,20.76,20.92,20.58,20.87,64200
DY,20090814,13.64,13.64,12.66,13.1,209800
DYN,20090814,10.65,10.9,10.3,10.6,4795300
E,20090814,46.46,46.48,45.68,46.01,610700
EAT,20090814,14.63,14.64,14.16,14.32,2201900
EBF,20090814,13.91,14.15,12.98,13.37,116300
EBR,20090814,15.23,15.23,14.77,14.92,230600
EBR.B,20090814,13.6,13.6,13.2,13.35,89800
EBS,20090814,17.28,17.6,16.92,17.37,150400
EC,20090814,27.66,27.99,26.93,27.56,25200
ECA,20090814,52.79,52.97,50.85,51.32,1845600
ECL,20090814,42.19,42.39,41.38,42.07,1156100
ED,20090814,40.49,40.66,40.31,40.64,1648000
EDD,20090814,13.69,13.69,13.34,13.55,221900
EDE,20090814,18.66,18.78,18.29,18.51,177500
EDN,20090814,5.75,5.89,5.6,5.6,10600
EDR,20090814,16.53,16.65,16.11,16.29,733900
EDU,20090814,18.11,18.125,17.8875,18.03,224900
EE,20090814,15.92,16.12,15.66,15.78,165600
EEA,20090814,6.23,6.34,6.17,6.29,11300
EEP,20090814,22.1,22.135,21.74,21.955,252600
EEQ,20090814,20.875,20.99,20.58,20.865,15400
EFR,20090814,12.11,12.25,12.11,12.21,107500
EFT,20090814,12.1,12.1,11.93,11.95,103000
EFX,20090814,27.52,27.59,27.16,27.36,546200
EGF,20090814,16.87,17.08,16.85,17,34200
EGN,20090814,42.89,43.36,42.32,42.7,405100
EGP,20090814,36.14,36.33,35.3,36.32,235400
EGY,20090814,4.86,4.95,4.68,4.78,535400
EHI,20090814,10.19,10.2,10.12,10.15,51900
EIG,20090814,14.67,14.97,14.41,14.79,216300
EIX,20090814,31.67,32.24,31.55,32.24,2600800
EL,20090814,18.695,18.785,17.91,18.04,2777300
ELP,20090814,15.45,15.47,15.12,15.39,249200
ELS,20090814,21.44,21.45,20.88,21.305,146900
ELY,20090814,7,7.14,6.58,6.68,1658300
EMD,20090814,11.39,11.4,11.19,11.28,53600
EME,20090814,24.79,24.79,23.83,24.21,344000
EMF,20090814,16.4,16.4,15.71,15.87,70400
EMN,20090814,27.465,27.465,26.745,27.06,1790200
EMO,20090814,25.35,25.45,25.35,25.45,4100
EMR,20090814,35.86,35.9,34.88,35.19,5847300
ENB,20090814,19.005,19.005,18.625,18.845,153200
ENH,20090814,34.29,34.49,34,34.2,429800
ENR,20090814,68,69.11,67.46,67.91,1005500
ENS,20090814,22.77,23.02,21.55,21.81,309800
ENZ,20090814,4.99,5.07,4.62,4.71,84500
EOD,20090814,9.82,9.96,9.51,9.57,185600
EOG,20090814,37.795,37.895,36.95,37.345,2331900
EOI,20090814,13.24,13.28,13.09,13.25,116100
EOS,20090814,13.43,13.47,13.26,13.39,100100
EOT,20090814,18.4,18.64,18.4,18.41,15100
EP-C,20090814,32.7,32.74,32.06,32.4,4500
EPD,20090814,13.9,13.9,13.625,13.73,642300
EPE,20090814,29.28,29.34,28.9,29.24,63100
EPR,20090814,30.19,30.5,29.38,30.36,534500
EPR-C,20090814,14.55,14.65,14.03,14.63,20400
EPR-E,20090814,20.52,20.86,20.08,20.45,4500
EQR,20090814,27.48,27.52,26.53,27.28,4543700
EQS,20090814,3.43,3.43,3.26,3.4,8800
EQT,20090814,40.28,40.49,39.75,40.19,1069600
EQY,20090814,15.45,15.45,14.84,15.2,247100
ERF,20090814,21.55,21.64,20.78,21.14,360600
ERJ,20090814,22.69,22.73,21.85,22.04,1422200
ES,20090814,9.12,9.19,8.86,8.93,426100
ESD,20090814,16.4,16.45,16.2,16.3,85700
ESE,20090814,37.79,37.82,36.27,37.27,200500
ESL,20090814,30.62,30.69,29.57,30.1,138400
ESS,20090814,72.58,73.27,71.3,73.12,416400
ESV,20090814,38.52,38.8,36.99,37.48,1503600
ETB,20090814,14.33,14.38,14.11,14.16,120500
ETE,20090814,14.25,14.315,13.945,14.1,189600
ETG,20090814,12.08,12.17,12,12.06,332700
ETH,20090814,14.62,14.75,13.87,14.2,297500
ETJ,20090814,16.91,17.12,16.82,16.88,147200
ETM,20090814,4.51,4.65,4.2,4.34,302700
ETN,20090814,27.715,27.875,26.79,27.055,1031600
ETO,20090814,16.9,16.99,16.74,16.95,97800
ETP,20090814,43.21,43.39,42.1,42.73,469500
ETR,20090814,79.82,80.27,78.63,79.06,1012500
ETV,20090814,13.89,13.9,13.58,13.62,191300
ETW,20090814,13.07,13.07,12.7,12.73,329200
ETY,20090814,12.95,12.95,12.69,12.83,314700
EV,20090814,30.51,30.53,29.74,30,583800
EVC,20090814,0.96,1,0.95,1,190900
EVF,20090814,5.18,5.18,5.04,5.09,116200
EVG,20090814,15.02,15.05,14.95,14.97,61000
EVN,20090814,10.43,10.45,10.34,10.4,48400
EVR,20090814,23.66,23.7,22.72,22.9,131500
EVT,20090814,13.63,13.91,13.63,13.85,190900
EW,20090814,16.1025,16.2125,15.8725,16.0575,301100
EXC,20090814,50.05,50.68,49.26,49.98,2710100
EXG,20090814,12.48,12.48,12.05,12.34,799600
EXP,20090814,27.79,27.79,26.27,26.59,264900
EXR,20090814,9.32,9.38,8.86,9.03,907800
F,20090814,7.98,8.01,7.75,7.83,58019300
FAC,20090814,2.36,2.36,2.25,2.26,12000
FAF,20090814,31.57,31.58,30.83,30.92,608800
FAM,20090814,14.34,14.34,14.2,14.21,104100
FBC,20090814,83,86,78,79,1254400
FBP,20090814,52.35,52.5,49.8,50.7,830500
FC,20090814,5.69,5.79,5.56,5.56,22000
FCE.A,20090814,7.79,7.93,7.59,7.68,508200
FCE.B,20090814,7.68,7.68,7.61,7.61,200
FCF,20090814,6.44,6.47,6.15,6.33,457400
FCH,20090814,3.2,3.62,3.2,3.61,1863300
FCH-A,20090814,9.9,10.3,9.85,10.25,24900
FCN,20090814,46.29,46.66,46,46.66,443300
FCT,20090814,10.85,11,10.85,10.97,104900
FCX,20090814,32.79,32.935,31.3,31.825,14363600
FDP,20090814,22.54,22.54,21.66,22.07,289600
FDS,20090814,56.19,56.23,55.04,55.26,335800
FDX,20090814,66.79,67.14,64.99,66.01,1830400
FE,20090814,43.59,44.18,43.48,44.18,2392100
FEO,20090814,16,16,15.84,15.93,20200
FF,20090814,6.06,6.06,5.9,6.01,24500
FFA,20090814,9.79,9.89,9.7,9.82,63500
FFC,20090814,12.68,12.68,11.84,12.1,340600
FFG,20090814,16.71,16.83,15.71,16.31,126900
FGB,20090814,5.36,5.36,5.06,5.2,68100
FGP,20090814,19.48,19.5,19.05,19.5,107000
FHN,20090814,13.48,13.63,13.11,13.51,3131000
FHY,20090814,12.3,12.45,12.12,12.3,31700
FIF,20090814,21.47,21.47,20.56,20.86,93000
FIG,20090814,5.38,5.41,5.02,5.17,2625600
FII,20090814,26.52,26.58,26.2,26.43,596400
FIS,20090814,24.47,24.52,24.05,24.24,2879600
FIX,20090814,12.31,12.31,12.02,12.1,285900
FL,20090814,11.57,11.67,11.2,11.35,2638100
FLC,20090814,12.49,12.49,11.98,12.03,63500
FLO,20090814,10.7289,10.7955,10.5378,10.6045,466800
FLR,20090814,56.07,56.07,53.55,54.03,2655600
FLS,20090814,29.85,29.9,28.38,28.88,924900
FLY,20090814,8.66,8.7,8.35,8.53,83300
FMC,20090814,25.85,25.87,25.295,25.48,832700
FMN,20090814,13.9,14.24,13.9,13.94,27100
FMO,20090814,16.32,16.42,15.77,16.4,91300
FMS,20090814,21.475,21.51,21.15,21.245,169000
FMX,20090814,38,38.24,37.2,37.97,712500
FMY,20090814,17.57,17.57,17.22,17.32,20000
FNB,20090814,7.52,7.55,7.11,7.29,721800
FNF,20090814,15.14,15.19,15,15.16,1443500
FOE,20090814,7.43,7.7,6.86,7.06,1127600
FOF,20090814,11.29,11.3,11,11.24,81700
FOR,20090814,13.93,14.05,13.16,13.57,223600
FPL,20090814,57.16,57.16,56.28,56.82,1546200
FPO,20090814,10.18,10.4,10.05,10.4,203100
FPT,20090814,12.84,12.84,12.8,12.8,11800
FR,20090814,5.97,6.14,5.83,5.89,1155500
FRA,20090814,12.7,12.7,12.52,12.52,43300
FRO,20090814,120.75,120.9,116.7,118.3,411800
FRT,20090814,60.15,60.41,59.06,60.23,1086900
FSS,20090814,8.58,8.58,8.1,8.22,150300
FT,20090814,5.22,5.22,5.15,5.2,63800
FTI,20090814,22.93,22.96,22.115,22.29,1082200
FTK,20090814,1.72,1.78,1.63,1.67,580300
FUL,20090814,20.92,20.92,19.56,19.82,302600
FUN,20090814,10.99,10.99,10.64,10.97,124000
G,20090814,12.83,12.98,12.58,12.69,197700
GAB,20090814,4.94,4.97,4.87,4.91,244800
GAB-D,20090814,23.98,23.99,23.75,23.75,1800
GAM,20090814,21.89,21.92,21.62,21.75,54800
GAM-B,20090814,23.82,23.93,23.63,23.79,7700
GBL,20090814,45.68,45.68,44.24,45.13,23400
GBX,20090814,12.5,12.5,11.82,12.05,127200
GCH,20090814,12.2,12.22,12,12.08,65700
GCI,20090814,8.25,8.26,7.95,8.17,7407300
GCO,20090814,22.87,23.15,22.52,22.87,209400
GCV,20090814,5.54,5.54,5.2,5.45,11700
GCV-B,20090814,24.39,24.39,24.39,24.39,0
GD,20090814,56.98,57.22,55.83,56.24,1452100
GDL,20090814,14.51,14.65,14.5,14.58,51300
GDV,20090814,11.61,11.62,11.32,11.48,217200
GDV-A,20090814,23.88,24.2,23.88,24.2,5200
GDV-D,20090814,24.74,25.35,24.74,25,10300
GE,20090814,14.11,14.15,13.77,13.92,65673300
GEF,20090814,55.1,55.14,53.26,53.89,145000
GEF.B,20090814,48.9,49.26,48.4,49.01,3600
GEO,20090814,18.27,18.36,17.82,18,327800
GER,20090814,24,24.43,24,24.16,33800
GES,20090814,29.64,29.77,28.23,28.31,647100
GF,20090814,10.28,10.29,10.1,10.18,63200
GFA,20090814,13.325,13.33,12.765,13.15,749500
GFF,20090814,11.2,11.2,10.4,10.6,194000
GFI,20090814,12.62,12.72,12.15,12.32,2877600
GFY,20090814,13.11,13.11,12.95,13.03,10500
GG,20090814,36.63,36.65,35.03,35.36,4469600
GGB,20090814,12.81,12.82,12.19,12.35,6067800
GGG,20090814,25.11,25.21,24.19,24.46,413700
GGT,20090814,5.35,5.35,5.21,5.26,41000
GGT-B,20090814,24.13,24.13,24.12,24.12,700
GHL,20090814,75.99,75.99,73.89,74.34,199600
GIB,20090814,10.2,10.24,10.03,10.07,49000
GIL,20090814,9.31,9.88,9.245,9.865,1659800
GIM,20090814,9.13,9.14,9.06,9.13,409900
GIS,20090814,28.82,28.96,28.595,28.875,1883900
GJH,20090814,7.39,7.39,7.39,7.39,3600
GJO,20090814,16.5,16.5,16.5,16.5,1900
GJP,20090814,20,20,20,20,0
GJR,20090814,16,16,16,16,100
GJS,20090814,13.88,14,13.88,14,2500
GJT,20090814,13.49,13.49,13.49,13.49,0
GJV,20090814,19.24,19.64,19.06,19.62,1500
GLF,20090814,30.48,30.71,29.24,29.73,132400
GLP,20090814,22.05,22.05,21.7,21.7,17800
GLT,20090814,11.83,11.89,11.32,11.44,201800
GLW,20090814,16.45,16.47,15.74,15.87,13723200
GME,20090814,25.82,26.66,25.76,26.44,7821600
GNK,20090814,219.9,223.8,211.8,214.2,749500
GNW,20090814,8.31,8.37,7.9,8.28,19723700
GOF,20090814,14.74,14.88,14.69,14.88,19100
GOL,20090814,102.2,102.8,97.9,98.8,1050100
GPC,20090814,37.48,37.82,37.06,37.53,994700
GPE-A,20090814,24,24.05,23.95,24.05,1800
GPI,20090814,30.49,30.49,28.96,29.03,514000
GPK,20090814,2.31,2.31,2.14,2.28,578200
GPN,20090814,21.34,21.41,21.095,21.25,199700
GPS,20090814,18.87,19.36,18.62,18.78,11920500
GPX,20090814,6.69,6.72,6.08,6.08,101700
GRA,20090814,18,18.07,16.85,17.09,658300
GRR,20090814,17.58,17.58,17.01,17.21,12200
GRX,20090814,5.54,5.58,5.53,5.54,3700
GS,20090814,163.97,164.39,160.79,162.73,6756800
GS-A,20090814,18.46,18.55,18.1,18.1,32300
GS-B,20090814,24.84,24.98,24.53,24.91,66900
GS-C,20090814,19.35,19.5,19.25,19.5,9400
GS-D,20090814,17.9,17.96,17.43,17.5,195400
GSH,20090814,24.8,24.8,24.17,24.52,27000
GSK,20090814,38.88,38.9,38.16,38.5,832900
GSL,20090814,1.75,1.92,1.74,1.91,457700
GTN,20090814,0.45,0.49,0.44,0.46,534600
GTN.A,20090814,0.74,0.74,0.7,0.7,800
GTS,20090814,17.14,17.23,16.18,16.45,90700
GTY,20090814,22.51,22.51,21.84,22.34,57700
GUT,20090814,7.14,7.19,7.07,7.17,25500
GUT-A,20090814,24,24.13,24,24.09,2200
GVA,20090814,32.85,32.92,32.16,32.43,459900
GWR,20090814,29.11,29.38,28.19,29.3,313800
GWW,20090814,88.11,88.11,85.79,86.71,450800
GXP,20090814,17.55,17.6,17.34,17.55,749300
GYB,20090814,15.44,15.58,15.41,15.48,9700
GYC,20090814,17.08,17.08,16.81,16.81,2500
HAE,20090814,27.11,27.185,26.585,26.915,119900
HAL,20090814,24,24.06,23.1,23.5,13730600
HAR,20090814,27.38,27.38,26.3,26.53,887500
HBI,20090814,5.295,5.3925,5.065,5.12,775300
HCN,20090814,40.45,40.83,39.9,40.76,1697300
HCP,20090814,28.01,28.52,27.45,28.52,5130800
HD,20090814,27.67,27.75,26.9,27.14,16136900
HDB,20090814,19.22,19.468,18.852,19.408,489600
HE,20090814,17.84,17.99,17.7,17.99,582600
HE-U,20090814,23.05,23.05,23.05,23.05,0
HEI,20090814,16.2898,16.2898,15.6958,16.1546,137400
HEI.A,20090814,15.488,15.488,15.1603,15.3651,5200
HEP,20090814,17.965,18.125,17.575,17.61,12300
HES,20090814,52.45,52.65,50.62,51.15,4434500
HF,20090814,6.5,6.6,6.24,6.53,39300
HFC,20090814,10.975,11.095,10.745,10.975,732200
HGG,20090814,18.69,18.84,17.78,18.16,281700
HGT,20090814,14.67,14.7,14.05,14.4,110600
HHS,20090814,13.3,13.3,12.75,12.93,176400
HI,20090814,19.68,20.2,19.57,19.73,284200
HIG,20090814,19.62,19.69,19.09,19.47,10911900
HIL,20090814,6.56,6.58,6.23,6.32,182800
HIO,20090814,5.5,5.56,5.5,5.53,218900
HIW,20090814,29.33,29.53,28.78,29.49,1049900
HIX,20090814,8.4,8.42,8.35,8.4,272100
HJV,20090814,19.11,19.5,19.11,19.49,2700
HK,20090814,22.81,22.81,22.05,22.55,2610200
HL,20090814,3.33,3.34,3.15,3.2,6597500
HL-B,20090814,48,48,48,48,0
HLF,20090814,16.59,16.675,16.475,16.66,557900
HLS,20090814,15.65,15.65,15.28,15.41,416300
HLX,20090814,12.22,12.3,11.85,12.03,1829900
HMC,20090814,32.46,32.59,32.11,32.4,489500
HMN,20090814,11.89,11.89,10.97,11.38,180500
HMY,20090814,9.44,9.51,9.06,9.11,1815600
HNI,20090814,22.09,22.2,20.72,21.19,220700
HNP,20090814,30.85,30.85,29.98,30.44,190300
HNR,20090814,21.4,21.56,20.16,20.36,173200
HOG,20090814,23.27,23.33,22.54,22.7,2981600
HON,20090814,36.26,36.44,35.57,35.87,4604900
HOS,20090814,22.08,22.18,21.49,21.54,435100
HOV,20090814,4.09,4.12,3.91,4.06,2298500
HP,20090814,34.24,34.24,32.78,33.05,1132700
HPF,20090814,16.43,16.43,15.97,16.03,45500
HPI,20090814,16.36,16.38,15.94,16.14,86300
HPQ,20090814,20.15,20.2136,19.8409,20.0409,11629100
HPS,20090814,13.92,13.97,13.62,13.71,92800
HQH,20090814,10.65,10.67,10.45,10.57,190700
HQL,20090814,8.61,8.62,8.45,8.49,98000
HR,20090814,21.06,21.08,20.52,20.98,866500
HRB,20090814,17.14,17.26,16.94,17.24,2358900
HRC,20090814,19.9,20.11,19.46,19.81,154300
HRL,20090814,9.355,9.4225,9.265,9.3475,427500
HRS,20090814,34.17,34.17,33,33.38,1475900
HSC,20090814,30.46,30.51,29.34,29.76,397400
HST,20090814,10.34,10.45,10.01,10.39,7694700
HSY,20090814,38.69,39.1,38.59,38.94,1081600
HT,20090814,2.87,2.99,2.8,2.93,216700
HTD,20090814,11.93,11.93,11.65,11.83,76000
HTH,20090814,12.67,12.83,12.58,12.83,404500
HTY,20090814,12.05,12.16,11.9,11.93,17600
HTZ,20090814,44.68,44.68,42.6,44.08,2525600
HUM,20090814,34.93,35,34.06,34.69,1617900
HUN,20090814,6.98,7.22,6.79,7.11,3961800
HVT,20090814,11.46,11.46,10.86,11.07,151500
HVT.A,20090814,11.41,11.41,10.9,10.95,800
HW,20090814,3.53,3.54,3.32,3.41,535600
HXL,20090814,10.67,10.68,9.73,10.26,1668200
HYB,20090814,8.38,8.46,8.31,8.34,68100
HYH,20090814,20.85,20.85,20.35,20.36,7100
HYT,20090814,9.42,9.44,9.31,9.31,150400
HZO,20090814,7.22,7.32,6.99,7.29,83600
IAE,20090814,15.62,15.69,15.37,15.68,35500
IAG,20090814,12.28,12.34,11.84,12.06,1661500
IBA,20090814,21,21.25,21,21,2000
IBM,20090814,119.29,119.74,117.62,118.57,4797000
IBN,20090814,6.2,6.216,6.084,6.154,1997400
ICB,20090814,16.03,16.04,15.83,15.83,19600
ICE,20090814,18.122,18.292,17.876,18.098,825500
IDA,20090814,28.14,28.3,27.91,28.17,240900
IDT,20090814,2.6,2.61,2.54,2.55,65900
IEX,20090814,27.21,27.38,26.47,26.73,225400
IFF,20090814,37.38,37.4,36.37,36.69,310800
IFN,20090814,27.75,27.9,26.9,27.22,693200
IGA,20090814,13.49,13.53,13.05,13.05,76300
IGD,20090814,12.82,12.9,12.56,12.68,215900
IGI,20090814,19.4,19.59,19.31,19.58,33100
IGR,20090814,6.2,6.2,5.71,5.75,757000
IGT,20090814,19.51,19.59,18.94,19.06,3246000
IHC,20090814,6.4,6.4,5.9,5.94,10300
IHG,20090814,14.64,14.64,14.232,14.424,86900
IID,20090814,13.25,13.5,13.2,13.23,44500
IIF,20090814,19.53,19.53,18.88,18.97,86900
IIM,20090814,13.23,13.42,13.23,13.29,18800
IMAX,20090814,9.1,9.2,9.03,9.2,407700
IMN,20090814,9.59,9.62,9.2,9.33,121900
INB,20090814,10.21,10.26,10.06,10.21,52500
ING,20090814,14.04,14.08,13.51,13.78,1542500
INT,20090814,22.435,22.585,21.67,22.02,428600
INZ,20090814,20.42,20.45,20.25,20.35,53300
IO,20090814,42.9,43.05,40.05,42,768100
IOC,20090814,29.14,30.35,29,29.95,380900
IP,20090814,20.9,21,18.88,19.99,8162800
IPG,20090814,6.39,6.46,6.16,6.26,6289300
IPI,20090814,26.95,26.95,26.05,26.32,370900
IQI,20090814,11.17,11.21,11.14,11.2,30000
IR,20090814,29.81,29.81,28.65,28.91,4671200
IRL,20090814,6.76,6.84,6.71,6.71,14600
IRM,20090814,29,29.16,28.12,28.46,613200
IRR,20090814,17.17,17.17,16.33,16.38,131300
IRS,20090814,6.51,6.51,6.3,6.38,18400
ISF,20090814,18.22,18.5,18.04,18.26,139300
ISG,20090814,17.87,18.03,17.81,17.99,32600
ISP,20090814,17.47,17.89,17.12,17.76,56300
IT,20090814,16.11,16.33,15.84,16.2,426200
ITG,20090814,23.97,24.3,23.66,23.8,169600
ITT,20090814,24.93,25,24.435,24.605,1014500
ITUB,20090814,18.57,18.66,17.74,18.01,9164700
ITW,20090814,42,42,40.77,41.29,2425000
IVC,20090814,19.9,20.06,19.48,19.73,121800
IVR,20090814,19.99,20.05,19.97,20.05,57800
IVZ,20090814,20.54,20.76,19.67,19.76,3354600
IX,20090814,33.48,33.88,33.15,33.63,269700
JBK,20090814,17.87,17.87,17.87,17.87,100
JBL,20090814,10.11,10.12,9.69,9.87,1411000
JBN,20090814,21.5,21.5,21.46,21.5,3200
JBR,20090814,19.3,19.3,19.29,19.29,1200
JBT,20090814,17.12,17.22,16.6,17.02,226500
JCE,20090814,10.67,10.67,10.44,10.51,42400
JCI,20090814,26.1,26.34,25.14,25.3,5341500
JCP,20090814,32.71,33.19,30.94,31.29,8540000
JDD,20090814,8.54,8.54,8.32,8.41,67400
JEC,20090814,44.47,44.48,43.36,43.78,1365300
JEQ,20090814,5.48,5.55,5.45,5.46,43300
JFC,20090814,12.58,12.58,12.31,12.46,11300
JFR,20090814,8.53,8.55,8.47,8.5,186800
JHI,20090814,16.86,16.89,16.83,16.89,9300
JHS,20090814,12.32,12.45,12.32,12.35,14200
JHX,20090814,23.21,23.21,23,23.1,1300
JLL,20090814,43.87,43.87,41.8,42.02,544000
JMP,20090814,10.01,10.04,9.81,9.99,39400
JNJ,20090814,60.42,60.7,59.64,60.08,8961100
JNPR,20090814,24.95,25.23,24.42,24.62,6539800
JNS,20090814,14.38,14.38,13.56,13.88,2250000
JOE,20090814,33.02,33.02,32.37,32.74,659500
JOF,20090814,7.82,7.88,7.68,7.78,94200
JOY,20090814,42.05,42.2,39.8,40.47,4133200
JPC,20090814,6.52,6.57,6.47,6.57,164100
JPM,20090814,42.63,42.85,41.8,42.45,38421000
JPM-E,20090814,45.6,45.61,45.25,45.35,15700
JPM-F,20090814,44.29,44.29,44.11,44.15,900
JPM-G,20090814,44.15,44.15,43.51,43.51,200
JPS,20090814,7.12,7.13,6.96,7.11,231000
JQC,20090814,6.74,6.87,6.73,6.85,257900
JRO,20090814,8.33,8.37,8.32,8.35,69000
JTA,20090814,9.81,9.81,9.18,9.49,88900
JTD,20090814,10.24,10.29,10.04,10.12,23400
JW.A,20090814,30.12,30.43,29.74,30.18,133600
JW.B,20090814,30.22,30.22,30.2,30.2,200
JWN,20090814,29.12,29.83,27.59,27.87,10679100
K,20090814,46.03,46.25,45.87,46.06,2954500
KAI,20090814,11.52,11.83,11.17,11.77,49800
KB,20090814,43.65,43.69,42.34,42.68,583300
KBH,20090814,17.62,17.71,16.91,17.08,2995500
KBR,20090814,22.96,22.96,22.29,22.86,1575500
KCC,20090814,21.25,21.64,20.92,21.64,2800
KED,20090814,13.62,13.62,12.9,12.92,64600
KEF,20090814,7.98,7.98,7.85,7.89,17800
KEG,20090814,6.35,6.39,5.95,6.11,1058900
KEM,20090814,4.08,4.11,3.69,3.78,87500
KEP,20090814,12.82,12.82,12.56,12.7,1294100
KEX,20090814,36.46,36.46,35.31,35.62,235300
KEY,20090814,6.63,6.7,6.46,6.65,16195000
KEY-G,20090814,88.51,90.05,87.78,90.05,3400
KF,20090814,31.3,31.3,31.05,31.05,83900
KFS,20090814,3.02,3.07,2.99,3.03,20900
KFY,20090814,14,14.01,13.53,13.82,190600
KGC,20090814,19.78,19.8,18.88,19.02,8241800
KIM,20090814,11.25,11.34,10.82,11.16,6691000
KMB,20090814,56.5292,56.7977,56.0499,56.5101,2624100
KMM,20090814,7.76,7.79,7.71,7.76,58600
KMT,20090814,22.44,22.66,21.4,21.93,751500
KMX,20090814,17.23,17.31,16.46,16.67,3205900
KND,20090814,14.61,14.82,13.84,14.08,248400
KNL,20090814,9.41,9.49,9.15,9.31,227100
KNX,20090814,17.92,17.92,17.21,17.37,504300
KO,20090814,24.025,24.235,24,24.235,7403100
KOF,20090814,47.56,47.56,46.42,46.86,42500
KOP,20090814,28.04,28.04,26.32,26.45,121900
KOS,20090814,24.9,24.95,24.81,24.95,1300
KR,20090814,10.62,10.67,10.405,10.52,9320100
KRC,20090814,26.37,26.4,25.4,26.07,499000
KRG,20090814,13.24,13.52,12.6,13.36,245400
KRO,20090814,4.375,4.56,4.14,4.5,8800
KSM,20090814,11.15,11.2,11.15,11.2,1800
KSS,20090814,52.25,52.96,51.44,51.73,3875200
KST,20090814,10.42,10.44,10.4,10.4,11400
KSU,20090814,23.33,23.4,22.7,23.33,1246000
KSU.P,20090814,20.6,20.6,20.6,20.6,0
KT,20090814,15.93,15.98,15.64,15.8,344200
KTF,20090814,10.68,10.68,10.57,10.58,54100
KTH,20090814,26,26,26,26,500
KTN,20090814,23.02,23.34,23.02,23.1,1200
KTP,20090814,21.02,21.03,21,21.03,12800
KW,20090814,9.8,9.8,9.76,9.76,42400
KWR,20090814,22.2,22.2,20.57,20.94,86700
KYE,20090814,19.34,19.34,18.82,18.92,91300
KYN,20090814,19.99,20.09,19.5,19.76,354000
KYO,20090814,40.97,41.175,40.54,40.725,14000
L,20090814,32.39,32.45,31.71,32.01,1662900
LAD,20090814,13.56,13.56,12.9,13.1,258900
LAZ,20090814,37.83,37.93,37.2,37.89,254300
LBF,20090814,6.81,6.89,6.8,6.8,1600
LCM,20090814,10.17,10.27,9.98,10,103900
LDF,20090814,13.85,13.85,13.5,13.7,23100
LDL,20090814,5.42,5.63,5.25,5.47,62300
LDR,20090814,59.02,59.02,57.46,58.46,44700
LEE,20090814,2.39,2.4,2.23,2.27,573400
LEG,20090814,17.91,17.91,17.25,17.4,1453000
LEN,20090814,13.75,13.79,13.18,13.41,6109500
LEN.B,20090814,10.7,10.7,10.19,10.34,22800
LEO,20090814,7.49,7.49,7.33,7.4,82800
LFC,20090814,21.6867,21.74,21.11,21.3433,937200
LFL,20090814,12.34,12.48,12.21,12.48,552600
LGF,20090814,6.19,6.23,5.79,6.15,1764100
LGI,20090814,13.46,13.46,13.21,13.35,8300
LH,20090814,68.65,69.22,67.76,68.36,597400
LHO,20090814,15.94,15.99,15.13,15.8,1042600
LII,20090814,35.62,35.62,34.27,34.74,179800
LL,20090814,20.77,20.8,20,20.2,186600
LLL,20090814,75.04,75.04,73.5,74.59,716200
LLY,20090814,32.91,32.97,32.4,32.88,3817200
LM,20090814,28.35,28.45,27.13,27.71,1624600
LMT,20090814,75.53,75.75,74.11,74.59,2002600
LNC,20090814,23.94,24.33,23.4,24.25,6613800
LNN,20090814,45.32,45.32,42.4,43.79,366300
LNT,20090814,13.215,13.27,13,13.225,1181100
LOR,20090814,9.78,9.83,9.51,9.72,24200
LOW,20090814,23.28,23.41,22.57,22.83,11456900
LPL,20090814,14.86,14.96,14.7,14.93,2368500
LPX,20090814,6.07,6.11,5.73,5.83,1481200
LRN,20090814,19.88,20.06,19.14,19.53,90900
LSI,20090814,5.09,5.1,4.9,5.08,9278500
LTC,20090814,24.73,24.9,24.2,24.84,106100
LUB,20090814,4.69,4.87,4.56,4.56,61300
LUK,20090814,26.19,26.33,25.35,25.86,631400
LUV,20090814,9.1,9.11,8.82,9.08,14224500
LUX,20090814,25.87,25.87,25.03,25.21,133300
LVLT,20090814,18.15,18.3,17.7,17.85,7252300
LVS,20090814,13.73,13.79,12.86,13.32,58238500
LXP,20090814,5,5.13,4.74,4.88,1246700
LXP-C,20090814,26.69,26.69,26.69,26.69,100
LXU,20090814,16.56,16.62,16.1,16.19,139100
LYG,20090814,6.71,6.74,6.54,6.73,1182900
LYV,20090814,6.56,6.61,6.07,6.12,575000
LZB,20090814,7.3,7.3,7.04,7.21,413000
M,20090814,16.14,16.3,15.17,15.31,14030400
MA,20090814,20.388,20.623,20.156,20.261,1157200
MAA,20090814,42.66,42.69,41.28,42.39,226400
MAC,20090814,26.7,26.74,25.45,26.33,1673800
MAIN,20090814,13.46,13.46,13.24,13.24,36700
MAN,20090814,50.64,51,49.19,49.85,546700
MAS,20090814,14.63,14.78,13.85,14.11,5575600
MAV,20090814,10.82,10.9,10.7,10.7,24000
MBI,20090814,5.42,5.42,5.15,5.36,4467900
MBT,20090814,18.196,18.196,17.076,17.2,1317800
MCA,20090814,12.24,12.28,12.2,12.26,54600
MCD,20090814,55.69,55.8,54.83,55.27,7705900
MCI,20090814,13.1,13.35,12.7,13.3,21700
MCK,20090814,55.4,55.74,54.14,55,2382600
MCN,20090814,7.93,7.94,7.7,7.85,64500
MCO,20090814,24.93,25,24.22,24.52,2021100
MCR,20090814,9.4,9.4,8.61,8.62,119400
MCS,20090814,13.74,13.74,12.81,13.11,123200
MCY,20090814,37.16,37.16,36.6,37.04,116000
MD,20090814,25.675,26.01,25.23,25.79,180200
MDC,20090814,35.87,35.87,34.79,35.17,326300
MDP,20090814,28.4,28.4,27.52,27.71,181800
MDR,20090814,23.97,24.09,22.93,23.49,3309300
MDT,20090814,36.65,37.13,36.59,37.01,5819400
MDU,20090814,20.37,20.44,19.91,20.39,815600
MED,20090814,16.07,16.73,15.91,16.38,842400
MEG,20090814,7.09,7.3,6.9,7.06,219200
MEI,20090814,8.57,8.69,8,8.39,169300
MEN,20090814,9.41,9.46,9.4,9.43,13700
MER-K,20090814,18.74,18.84,18.54,18.83,62500
MER-P,20090814,20.84,20.84,20.46,20.82,57600
MET,20090814,37.2,37.2,35.85,36.4,4122100
MET-A,20090814,18.89,19.2,18.81,18.88,36800
MFA,20090814,7.56,7.57,7.48,7.56,2435300
MFC,20090814,20.77,20.86,19.95,20.31,2209200
MFD,20090814,10.76,10.78,10.61,10.76,31700
MFG,20090814,4.83,4.91,4.82,4.9,129900
MFL,20090814,12.46,12.46,12.37,12.42,119400
MFM,20090814,6.1,6.16,5.97,6.03,116700
MFT,20090814,11.88,12.04,11.88,12.02,12600
MFV,20090814,6,6,5.81,5.83,8400
MGA,20090814,12.0925,12.16,11.83,11.9825,422600
MGF,20090814,7.36,7.43,7.28,7.28,89700
MGM,20090814,8.69,9,8.57,8.94,31905600
MGU,20090814,13.82,13.86,13.27,13.49,63900
MHD,20090814,13.75,13.85,13.75,13.79,26300
MHF,20090814,7.39,7.46,7.39,7.39,19200
MHI,20090814,11.61,11.68,11.44,11.54,43800
MHK,20090814,49.47,49.61,46.95,47.4,847200
MHN,20090814,12.47,12.47,12.38,12.42,44500
MHO,20090814,13.85,13.92,13.09,13.59,113300
MHO-A,20090814,13.87,13.87,13.87,13.87,0
MIC,20090814,4.38,4.5,4.19,4.45,257100
MIN,20090814,6.61,6.61,6.55,6.56,476900
MIY,20090814,12.28,12.35,12.24,12.29,15400
MJN,20090814,37.62,37.93,37.16,37.41,312100
MKC,20090814,31.71,31.81,31.43,31.79,640600
MKC.V,20090814,31.65,31.65,31.5,31.5,400
MKL,20090814,312.5,315.76,307.3,307.3,32500
MLI,20090814,12.48,12.48,11.765,11.965,124100
MLM,20090814,87.88,88.19,85.85,86.39,172500
MLP,20090814,6.36,6.36,6.15,6.29,11000
MLR,20090814,9.62,9.72,9.47,9.52,49400
MMC,20090814,23.54,23.6,23.24,23.49,2648000
MMM,20090814,72.35,72.49,70.64,71.32,3597600
MMP,20090814,19,19,18.57,18.805,147000
MMS,20090814,10.3875,10.3875,10.0625,10.1025,74600
MMT,20090814,6.09,6.11,6.07,6.1,179600
MMU,20090814,11.64,11.64,11.49,11.58,81600
MNE,20090814,11.91,11.91,11.8,11.8,4900
MNI,20090814,20.6,20.6,18,19.4,1382000
MNP,20090814,12.57,12.66,12.57,12.64,21700
MO,20090814,17.6,17.73,17.48,17.56,9057700
MOD,20090814,8.08,8.23,7.77,7.94,136500
MOG.A,20090814,27.67,28,26.64,27.28,131800
MOG.B,20090814,27.08,27.08,27.08,27.08,100
MOH,20090814,13.5267,13.5733,12.9067,13.2667,201200
MON,20090814,83.48,83.55,80.3,81.24,7712600
MOS,20090814,54.47,54.57,53.6,54.07,3144700
MOV,20090814,13.04,13.33,12.36,12.57,127000
MP-D,20090814,22.75,22.75,22.75,22.75,0
MPA,20090814,12.93,13.12,12.93,13.05,11600
MPG,20090814,1.15,1.17,1,1.08,2651600
MPV,20090814,12.3,12.39,11.8,12.1,23000
MPW,20090814,7.63,7.68,7.42,7.64,602000
MPX,20090814,5.34,5.39,5.17,5.21,30600
MQT,20090814,10.76,10.87,10.76,10.85,25200
MQY,20090814,13.04,13.13,12.92,12.98,56600
MRK,20090814,31,31.09,30.52,30.98,16166300
MRO,20090814,31.61,31.67,30.72,31.02,4247900
MRT,20090814,4.54,4.54,4.4,4.51,35100
MS,20090814,29.87,29.92,29.26,29.79,12449200
MS-A,20090814,17.8,18.16,17.42,17.45,31500
MSA,20090814,28.15,28.17,26.44,26.98,155200
MSB,20090814,10.42,10.55,10.01,10.34,55900
MSCI,20090814,28.69,28.91,28.25,28.5,1024400
MSD,20090814,9.06,9.09,8.92,8.92,53400
MSF,20090814,12.32,12.32,11.86,11.95,35500
MSI,20090814,50.82,51.03,49.07,50.82,18429700
MSM,20090814,38.85,38.98,37.98,38.27,423000
MSP,20090814,11.33,11.33,11.23,11.24,4100
MT,20090814,36.54,36.6,35,35.49,4356700
MTB,20090814,59.79,60.17,58.71,60.02,650200
MTD,20090814,86.25,86.68,85.15,85.54,322800
MTG,20090814,7.44,7.48,7.01,7.36,2290700
MTH,20090814,22.19,22.19,20.93,21.47,421000
MTL,20090814,23.38,23.56,21.98,22.16,2708900
MTN,20090814,32.04,32.13,30.48,30.7,126100
MTR,20090814,24.85,24.85,24.09,24.85,4200
MTRN,20090814,23.06,23.18,21.74,22.32,118800
MTT,20090814,19.92,20,19.91,19.97,20800
MTU,20090814,6.34,6.38,6.28,6.32,794900
MTW,20090814,7,7.03,6.67,6.83,3031100
MTX,20090814,23.835,24.055,22.92,23.11,134700
MTZ,20090814,9.76,9.76,9.29,9.51,1019200
MUA,20090814,11.2,11.43,11.2,11.43,17300
MUC,20090814,12.28,12.29,12.22,12.26,30800
MUE,20090814,11.47,11.56,11.46,11.53,99200
MUH,20090814,12.26,12.3,12.26,12.28,5000
MUI,20090814,12.69,12.83,12.69,12.78,22900
MUJ,20090814,13.59,13.59,13.46,13.47,20300
MUR,20090814,58.82,59.06,57.64,58.16,1188600
MUS,20090814,11.5,11.5,11.42,11.49,28300
MVC,20090814,9.2,9.29,8.78,8.93,102400
MVO,20090814,14.45,14.7,14.45,14.68,1900
MVT,20090814,13.01,13.18,13.01,13.12,12100
MWA,20090814,3.93,3.98,3.75,3.94,1079800
MXE,20090814,6.66,6.66,6.41,6.45,19600
MXF,20090814,20.35,20.35,20.14,20.26,8000
MYC,20090814,12.69,12.7,12.61,12.63,27200
MYD,20090814,11.97,12.03,11.9,11.91,39700
MYE,20090814,10.4,10.4,9.93,10.12,137000
MYF,20090814,11.83,11.89,11.83,11.86,9600
MYI,20090814,12.09,12.1,11.97,11.97,75600
MYJ,20090814,13.77,13.83,13.69,13.82,16600
MYN,20090814,11.64,11.64,11.54,11.63,41100
MZF,20090814,12.03,12.09,12.03,12.09,2400
NAC,20090814,12.05,12.09,11.95,11.99,36100
NAD,20090814,12.58,12.59,12.52,12.54,17100
NAN,20090814,12.84,12.9,12.82,12.82,12600
NAT,20090814,30.5,31.24,30.35,30.95,736800
NAV,20090814,45.58,45.83,43.98,44.2,519100
NAV-D,20090814,14.77,14.77,14.77,14.77,0
NAZ,20090814,12.49,12.49,12.49,12.49,0
NBL,20090814,30.57,30.57,29.5,29.95,745100
NBR,20090814,18.18,18.24,17.45,17.7,5526100
NC,20090814,55.24,55.24,50.32,52.68,40300
NCA,20090814,8.96,9.02,8.91,9.01,24400
NCI,20090814,12.93,12.98,12.5,12.73,173100
NCR,20090814,13.76,13.93,13.56,13.68,2740100
NCS,20090814,25.55,25.6,19.5,19.7,4503300
NCT,20090814,7.38,10.02,7.38,8.58,4697500
NCT-B,20090814,5.95,6.75,5.95,6.17,15400
NCT-C,20090814,5,6.5,5,6.25,19500
NCT-D,20090814,5.2,6.31,5.2,6.01,32900
NCV,20090814,8,8.06,7.87,7.89,129300
NCZ,20090814,7.53,7.53,7.36,7.38,101100
NE,20090814,35.37,35.43,33.85,34.46,3671200
NEE,20090814,57.16,57.16,56.28,56.82,1546200
NEM,20090814,41.73,41.78,40.34,40.63,5329700
NEU,20090814,79.68,79.68,76.08,77.26,113200
NFG,20090814,45.07,45.29,44.14,44.62,262400
NFJ,20090814,12.87,12.87,12.65,12.77,281600
NFX,20090814,40.18,40.21,38.83,39.38,1126500
NGG,20090814,48.04,48.14,47.25,47.6,68800
NGS,20090814,13.85,13.88,13.33,13.49,80500
NHI,20090814,32.44,32.52,31.8,32.32,85900
NI,20090814,13.18,13.34,12.98,13.1,2496800
NIE,20090814,15.11,15.14,14.87,14.93,82400
NIM,20090814,9.91,10,9.91,9.98,35300
NJR,20090814,18.515,18.515,18.11,18.335,280900
NKE,20090814,14.415,14.5,14.075,14.215,2281200
NL,20090814,6.84,6.84,6.57,6.6,13100
NLS,20090814,1.96,1.96,1.87,1.95,143800
NLY,20090814,16.62,16.72,16.46,16.69,6943800
NLY-A,20090814,24,24,23.92,23.92,4600
NM,20090814,4.8,4.95,4.66,4.74,445000
NMI,20090814,10.51,10.51,10.36,10.5,6000
NMK-B,20090814,80,80,80,80,0
NMK-C,20090814,81,81,81,81,100
NMM,20090814,11.8,11.93,11.33,11.63,49200
NMR,20090814,8.74,8.77,8.61,8.72,326000
NMT,20090814,13.09,13.29,13.09,13.14,6700
NMY,20090814,13.69,13.74,13.64,13.72,3700
NNA,20090814,9.55,9.56,9.53,9.56,111200
NNC,20090814,13.54,13.59,13.41,13.59,9100
NNI,20090814,14.12,14.35,13.92,14.18,159800
NNN,20090814,20.47,20.57,19.94,20.36,800400
NNY,20090814,9.29,9.34,9.22,9.31,22700
NOA,20090814,5.54,5.58,5.31,5.38,67000
NOC,20090814,47.84,48.3,46.83,47.37,2155000
NOK,20090814,13.13,13.17,12.9,13.03,17187700
NOV,20090814,38.16,38.16,36.09,36.44,5433700
NP,20090814,11.08,11.14,10.27,10.71,98500
NPK,20090814,84.35,84.85,83.21,84.85,34000
NPO,20090814,22.45,22.45,21.47,21.96,135200
NPV,20090814,14.44,14.47,14.28,14.45,10600
NQP,20090814,12.65,12.75,12.65,12.65,12400
NR,20090814,2.57,2.62,2.4,2.4,279100
NRF,20090814,7.78,7.8,7.42,7.62,515100
NRF-A,20090814,12.94,12.94,12.65,12.91,6300
NRF-B,20090814,12.5,12.5,11.81,12,24300
NRG,20090814,28.7,29,28.02,28.95,3396900
NRP,20090814,200.2,201.5,196.6,199.9,106700
NRT,20090814,32.97,32.97,31.51,31.9,11300
NS,20090814,53.34,53.95,52.7,53.2,110300
NSC,20090814,48.5,48.5,46.84,47.27,3213700
NSH,20090814,24.25,24.45,24.04,24.1,105200
NSL,20090814,5.28,5.29,5.25,5.29,48300
NSM,20090814,15.31,15.31,14.78,15.03,5174900
NSR,20090814,23.33,23.45,22.92,23.17,515000
NTC,20090814,13.4,13.43,13.33,13.4,3000
NTG,20090814,40.6,40.61,38.72,38.98,213800
NTL,20090814,9.44,9.44,9.15,9.3,303300
NTT,20090814,21.6,21.9,21.5,21.65,755000
NTX,20090814,14.89,14.95,14.89,14.9,7400
NTZ,20090814,2.05,2.14,2.05,2.06,2500
NUE,20090814,47.53,47.64,46.26,46.79,3531800
NUM,20090814,12.45,12.5,12.43,12.45,13600
NUO,20090814,14.01,14.04,13.99,14.02,6700
NUS,20090814,18.15,18.18,17.64,17.99,465200
NUV,20090814,9.44,9.44,9.37,9.41,177400
NUW,20090814,15.29,15.35,15.24,15.24,17100
NVO,20090814,12.16,12.208,12.09,12.2,107600
NVR,20090814,612.03,621.33,612.03,618.25,48200
NVS,20090814,45.1,45.19,44.57,45,595800
NW-C,20090814,16.38,16.51,16.07,16.51,28100
NWE,20090814,23.8,24.02,23.7,24.02,251200
NWL,20090814,14.07,14.12,13.54,13.73,5100000
NWN,20090814,43.19,43.19,42.28,43.05,128200
NWY,20090814,4.49,4.54,4.24,4.26,156500
NX,20090814,13.56,13.6,13.2,13.44,330300
NXC,20090814,13,13,12.65,12.7,17300
NXN,20090814,13.76,13.85,13.72,13.73,700
NXP,20090814,14.05,14.07,14.01,14.05,9100
NXQ,20090814,13.26,13.29,13.24,13.29,3400
NXR,20090814,14.17,14.21,14.15,14.15,4300
NYT,20090814,8.1,8.12,7.88,8,716400
O,20090814,24.79,24.88,24.13,24.54,783900
OB,20090814,13.63,13.76,13.5,13.64,86700
OC,20090814,21.08,21.08,20.43,21,975100
OCN,20090814,9.34,9.5,9.1,9.48,1386500
ODC,20090814,16.04,16.17,15.1,15.17,11500
OFC,20090814,37.06,37.06,35.8,36.29,653800
OFG,20090814,14.25,14.25,13.32,13.58,256600
OFG-A,20090814,17.75,17.75,17.75,17.75,0
OFG-B,20090814,16.5,17.4,16.5,17.4,300
OGE,20090814,15.485,15.635,15.395,15.615,314400
OHI,20090814,17.63,17.7,17.06,17.39,725300
OI,20090814,35.04,35.04,33.5,34.24,1744800
OIA,20090814,5.89,5.9,5.76,5.88,6300
OII,20090814,26.795,26.84,25.565,25.98,380500
OIS,20090814,29.64,29.75,28.61,29.16,733200
OKE,20090814,17.385,17.45,17.07,17.36,588100
OKS,20090814,25.125,25.28,24.55,24.82,171300
OLN,20090814,14.77,15.05,14.32,15,2057300
OLP,20090814,7.9,8.14,7.8,8.09,53000
OMC,20090814,35.62,35.9,34.95,35.34,1568200
OME,20090814,4.02,4.02,3.81,4.02,176700
OMI,20090814,28.98,29.2267,28.5733,28.9133,164000
OMN,20090814,5.07,5.24,4.9,5.18,510600
OPY,20090814,28.79,28.79,26.52,27.55,44300
ORA,20090814,38.26,38.43,37.54,38.18,175600
ORCL,20090814,21.89,22.08,21.66,21.96,24254700
ORI,20090814,11.5,11.53,11.17,11.31,1113500
ORN,20090814,21.72,22.23,20.98,22.2,850100
OSG,20090814,38.35,38.5,36.06,36.37,520700
OSK,20090814,27.8,27.8,26.45,26.69,1528000
OXM,20090814,14.38,14.38,13.61,13.79,83600
OXY,20090814,71.02,71.29,69.48,70.33,3945900
OZM,20090814,11.19,11.25,10.75,10.76,177500
PAA,20090814,23.51,23.7,22.855,23.19,306500
PAC,20090814,28.43,29.05,27.79,27.86,208100
PAG,20090814,19.15,19.15,18.42,18.58,924600
PAI,20090814,12.97,13,12.81,12.99,23700
PAR,20090814,8.84,8.84,8.55,8.64,422500
PAY,20090814,10.1,10.57,10.08,10.39,838600
PBH,20090814,7.82,7.86,7.57,7.84,339000
PBI,20090814,21.91,22.02,21.37,21.62,1322500
PBR,20090814,43.08,43.29,41.72,42.21,13253200
PBR.A,20090814,35.77,35.83,34.74,34.95,6271500
PBT,20090814,10.9,10.98,10.61,10.72,136500
PCF,20090814,6.82,6.9,6.71,6.76,20000
PCG,20090814,39.8,40.07,39.52,40.07,1402000
PCK,20090814,8.98,8.99,8.87,8.96,69100
PCM,20090814,7.06,7.16,7,7.04,39300
PCN,20090814,12.04,12.07,11.79,11.95,163300
PCQ,20090814,12.11,12.11,11.84,11.9,39500
PDS,20090814,5.93,5.94,5.64,5.72,915300
PDT,20090814,8.78,8.86,8.7,8.83,105500
PEG,20090814,31.94,32.14,31.61,32.12,3559300
PEI,20090814,6.25,6.3,5.96,6.27,437500
PEO,20090814,21.98,22.09,21.59,21.86,17400
PEP,20090814,56.5,57.06,56.08,56.56,6395000
PER,20090814,16.62,16.62,16.13,16.3,487100
PFD,20090814,8.48,8.56,8.45,8.53,23700
PFE,20090814,15.87,15.87,15.54,15.77,33772000
PFG,20090814,26.35,26.57,25.1,25.54,3347800
PFH,20090814,20.75,20.78,20.6,20.65,2500
PFK,20090814,18.13,18.17,17.36,17.83,6200
PFL,20090814,10.46,10.58,10.39,10.55,115400
PFN,20090814,8.66,8.75,8.58,8.64,144800
PFO,20090814,6.75,6.75,6.56,6.65,22600
PFS,20090814,11.83,11.89,11.33,11.63,400900
PG,20090814,52.55,52.81,51.87,52.37,12070300
PGH,20090814,8.59,8.68,8.47,8.65,1090600
PGP,20090814,14.5,14.5,14.1,14.34,105500
PGR,20090814,16.44,16.49,16.12,16.2,2767200
PH,20090814,49.97,50.03,48.46,48.87,878700
PHD,20090814,10.25,10.25,10.16,10.18,62900
PHG,20090814,23.2,23.2,22.78,23.05,335900
PHH,20090814,21.03,21.26,20.74,21.17,267400
PHI,20090814,54.14,54.14,52.84,53.14,78300
PHK,20090814,9.29,9.3,9.2,9.28,338000
PHM,20090814,12.73,12.81,12.13,12.49,5764100
PHT,20090814,12.39,12.43,12.16,12.29,60500
PHX,20090814,26.19,26.5,25.34,26.4,18600
PII,20090814,19.71,19.725,19.19,19.345,230800
PIM,20090814,5.58,5.6,5.53,5.58,145400
PIR,20090814,2.54,2.55,2.4,2.43,577700
PIY,20090814,20.4,21,20.4,20.9,4700
PJC,20090814,49.21,49.34,46.95,47.58,153700
PJT,20090814,21.7,21.7,21.55,21.55,4300
PKD,20090814,4.69,4.69,4.4,4.43,830000
PKE,20090814,22.44,22.45,21.33,21.73,83300
PKG,20090814,19.4,19.4,18.37,18.7,921500
PKI,20090814,17.87,17.87,17.25,17.59,1567800
PKO,20090814,19.66,19.85,19.56,19.8,41200
PKX,20090814,97.65,97.65,94.52,95.87,331100
PKY,20090814,17.33,17.47,16.07,17.2,118600
PLD,20090814,22.11,22.58,21.39,22.21,2184100
PLT,20090814,25.39,25.49,24.57,24.94,335400
PM,20090814,46.31,46.95,46.03,46.62,4689300
PMC,20090814,21.04,21.08,20.35,20.77,208400
PMF,20090814,12.43,12.45,12.3,12.31,48300
PML,20090814,9.77,9.93,9.71,9.73,109900
PMM,20090814,6.23,6.29,6.22,6.25,82400
PMO,20090814,10.31,10.41,10.31,10.39,16800
PMT,20090814,19.5,19.6,19.16,19.35,305900
PMX,20090814,10.13,10.13,9.96,10,59800
PNC,20090814,42.19,42.49,41.18,41.85,3851400
PNF,20090814,10.1,10.1,10,10.03,4600
PNI,20090814,10.57,10.69,10.46,10.56,7300
PNM,20090814,12.17,12.22,11.82,12.12,572800
PNR,20090814,27.67,27.67,26.84,27.17,318500
PNW,20090814,32.87,32.95,32.35,32.67,371900
POL,20090814,5.45,5.49,5.3,5.48,433000
POR,20090814,19.1,19.12,18.77,19.1,510400
POT,20090814,32.4433,32.7333,31.5667,31.9167,4038900
PPG,20090814,27.785,27.95,27.01,27.29,1142300
PPL,20090814,29.51,29.72,29.21,29.42,2703900
PPR,20090814,4.74,4.8,4.71,4.75,483700
PPT,20090814,5.42,5.48,5.41,5.43,465100
PQ,20090814,17.72,17.84,16.68,17.16,807800
PRA,20090814,25.895,25.975,25.55,25.975,155300
PRO,20090814,7.45,7.57,6.88,7.16,127200
PRU,20090814,47.49,47.84,45.8,46.58,3869100
PSA,20090814,72.11,72.5,70.37,71.49,2374600
PSA-A,20090814,21.68,21.84,21.52,21.52,19500
PSA-B,20090814,23.47,23.48,23.41,23.48,2100
PSA-C,20090814,21.62,21.91,21.45,21.91,5100
PSA-D,20090814,20.25,20.55,20.25,20.32,2800
PSA-E,20090814,22.13,22.27,22.04,22.23,4700
PSA-V,20090814,24.88,24.9,24.72,24.9,11000
PSA-W,20090814,21.27,21.32,21.23,21.23,6100
PSA-X,20090814,21.05,21.19,21.05,21.07,14000
PSA-Z,20090814,20.49,20.5,20.45,20.45,4500
PSB,20090814,47.36,49.34,47.36,49.06,330100
PSO,20090814,12,12.02,11.86,12.01,106000
PTR,20090814,115.58,115.59,112.43,113.58,299600
PTY,20090814,13.11,13.29,13.02,13.15,131600
PUK,20090814,17.33,17.34,16.88,17.21,326500
PUK-A,20090814,21.7,22.42,21.7,22.42,11900
PUK.P,20090814,23.02,23.12,22.68,23.12,11900
PVG,20090814,14.37,15.48,14.13,15.27,110200
PVH,20090814,34.76,35.61,34.5,34.67,1411300
PWE,20090814,13.55,13.55,13.09,13.27,1680300
PWR,20090814,22.7,22.7,21.87,22.18,2856000
PX,20090814,77.31,77.63,74.79,75.9,2881100
PXD,20090814,29.42,29.48,28.32,28.67,1737500
PYN,20090814,8.61,8.82,8.61,8.75,9000
PYS,20090814,16.7,16.7,16.05,16.35,5500
PYT,20090814,14.7,14.7,14.36,14.7,900
PZC,20090814,9.05,9.05,8.85,9.02,81500
PZE,20090814,3.47,3.475,3.38,3.4,215500
PZN,20090814,7.39,7.44,7.02,7.15,50700
Q,20090814,4.01,4.01,3.8,3.84,24107600
QTM,20090814,1.06,1.07,1.02,1.05,1189200
R,20090814,39.87,40,38.62,39.25,590400
RAD,20090814,1.61,1.7,1.6,1.7,8504500
RAI,20090814,22.435,22.655,22.23,22.435,1407200
RAS,20090814,7.32,7.8,6.66,6.72,2033900
RAS-A,20090814,10.9,11.48,10.9,11.4,5200
RAS-B,20090814,11.29,11.69,11.29,11.46,7700
RAS-C,20090814,11.65,11.99,11.5,11.55,37600
RBA,20090814,24.92,25.13,24.65,24.91,144800
RBC,20090814,46.22,46.39,45.21,45.28,312400
RBS,20090814,15.64,15.69,15.19,15.69,247200
RBS-F,20090814,17.2,17.85,16.95,17.6,15500
RBS-H,20090814,15.75,15.89,15.45,15.88,52900
RBS-L,20090814,12.49,12.51,12.09,12.38,92300
RBS-S,20090814,13.92,14.07,13.66,13.95,204600
RCI,20090814,27.96,28.4,27.71,28.1,285300
RCL,20090814,17.8,17.93,17.11,17.55,3442000
RCS,20090814,9.42,9.65,9.41,9.42,113300
RDC,20090814,21.59,21.68,20.85,21.07,2109900
RDN,20090814,7.05,7.66,6.68,7.45,4161600
RDS.A,20090814,53.39,53.45,52.29,52.69,1454900
RDS.B,20090814,52.76,52.8,51.56,51.98,257000
RDY,20090814,16.59,16.59,16.33,16.46,171700
RE,20090814,84.26,84.29,83,83.81,379500
REG,20090814,33.43,33.47,32.2,32.97,1673700
RES,20090814,3.72,3.72,3.4667,3.5289,171100
REV,20090814,5.61,5.65,5.14,5.32,387900
RF,20090814,5.38,5.8,5.26,5.64,90586800
RFI,20090814,8.63,8.63,8.39,8.48,26100
RGA,20090814,43.26,43.38,42.85,43.33,270600
RGC,20090814,11.98,12.05,11.68,11.78,766800
RGR,20090814,12.25,12.25,11.84,12.03,447800
RGS,20090814,14.96,15,14.42,14.69,700900
RHI,20090814,27.1,27.16,26.15,26.42,984300
RHT,20090814,22.23,22.31,21.51,21.62,1727500
RIG,20090814,77.4,77.82,74.63,75.56,4325500
RIO,20090814,40.425,40.4375,38.78,39.5725,2841200
RJF,20090814,22.78,22.85,21.72,22.1,764000
RL,20090814,67.03,67.33,65.04,65.46,1213700
RLH,20090814,5.58,5.65,5.45,5.59,49400
RLI,20090814,25.885,25.885,25.47,25.84,94800
RMD,20090814,22.84,23.11,22.62,22.805,538000
RMT,20090814,6.75,6.75,6.5,6.63,183200
RNP,20090814,9.35,9.35,9.1,9.2,134000
RNR,20090814,52.56,52.56,51.29,51.74,289400
RNR-C,20090814,20.37,20.43,19.92,20.26,13000
ROG,20090814,25.76,25.76,24.69,25.3,60200
ROK,20090814,41.13,41.24,39.52,40,1007800
ROL,20090814,8.0454,8.0937,7.8303,7.9664,171000
ROP,20090814,46.53,46.78,45.38,45.74,283600
RPM,20090814,16.34,16.47,15.92,16.04,576300
RPT,20090814,9.87,10.09,9.8,9.89,90400
RQI,20090814,5.71,5.71,5.26,5.36,386100
RRC,20090814,48.29,48.47,47.59,48.4,3707300
RS,20090814,37.52,37.56,36.25,36.73,891400
RSG,20090814,25.67,25.67,24.95,25.24,2121000
RSO,20090814,4.08,4.11,3.96,4.05,178500
RST,20090814,28.16,28.46,26.8,28.35,121300
RT,20090814,6.81,6.84,6.45,6.55,829200
RTN,20090814,47.59,47.77,46.95,47.53,3206500
RVT,20090814,9.77,9.78,9.53,9.66,198800
RWT,20090814,16.7,16.75,16.06,16.4,824000
RY,20090814,46.78,46.99,45.65,46.48,1075300
RYN,20090814,27.32,27.44,26.8933,27.3333,863900
S,20090814,3.96,3.99,3.83,3.85,39231100
SAB,20090814,17.25,20,17.25,18.25,5800
SAH,20090814,14.28,14.28,13.14,13.29,534100
SAM,20090814,39.75,39.8,38.86,39.8,57500
SAN,20090814,51.17,52.75,51.02,52.73,184800
SAP,20090814,47.15,47.19,46.58,46.92,648200
SAR,20090814,29,30,29,29.9,2700
SB,20090814,8.28,8.5,8.21,8.45,88100
SBH,20090814,7.6,7.6,7.14,7.2,1067200
SBR,20090814,38.9,38.9,38.16,38.75,20300
SBS,20090814,5.6233,5.6417,5.45,5.56,222400
SBW,20090814,11.39,11.43,11.29,11.4,16000
SCCO,20090814,28.24,28.5,27.24,27.51,3873100
SCD,20090814,9.24,9.26,9.14,9.16,101800
SCG,20090814,33.69,33.8,33.31,33.59,618600
SCI,20090814,7.64,7.72,7.42,7.55,610100
SCL,20090814,23.825,23.975,23.5,23.675,36800
SCS,20090814,6.96,7.07,6.64,6.76,276100
SCX,20090814,9.28,9.28,9,9,12500
SD,20090814,12.52,12.64,12.12,12.42,3408400
SE,20090814,18.84,18.85,18.35,18.48,3187100
SEE,20090814,19.2,19.2,18.22,18.37,1182900
SEP,20090814,22.4,22.43,22.15,22.31,77500
SF,20090814,36.56,36.66,35.3667,35.6867,327100
SFE,20090814,10.86,11.04,10.56,10.8,454600
SFL,20090814,12.65,12.65,12.31,12.52,308400
SGF,20090814,11.47,11.48,11.35,11.41,14500
SGU,20090814,3.45,3.5,3.42,3.5,97700
SGY,20090814,133.8,135,127.1,131.5,1103700
SHG,20090814,33.315,33.4,32.705,33.355,55900
SHI,20090814,33.0467,33.0467,32.3,32.6667,42400
SHO,20090814,6.03,6.05,5.7,5.97,939300
SHW,20090814,61.36,61.42,60,60.46,763200
SID,20090814,13.98,14.04,13.43,13.595,3199200
SIG,20090814,22.72,22.85,22.37,22.62,183300
SJI,20090814,17.84,17.84,17.26,17.6,205000
SJM,20090814,52.2,52.5,51.68,51.94,1402100
SJR,20090814,17.29,17.29,16.78,16.93,148900
SJT,20090814,14.07,14.18,13.85,14.08,129100
SJW,20090814,22.25,22.26,21.51,21.74,38700
SKM,20090814,15.68,15.71,15.54,15.71,754000
SKT,20090814,18,18.07,17.51,17.89,463500
SKX,20090814,4.97,5.0967,4.8333,4.8667,496100
SLB,20090814,55.09,55.15,52.75,53.38,8902700
SLF,20090814,29.86,29.89,29.08,29.58,297100
SLG,20090814,32.73,33.04,31.45,32.61,3472700
SLW,20090814,10.12,10.17,9.77,10.02,3894200
SM,20090814,28.9,29.1,28.1,29.09,941800
SMG,20090814,39.91,39.94,38.96,39.56,512300
SMI,20090814,3.945,3.99,3.855,3.915,159800
SMP,20090814,12.1,12.29,11.59,12.05,153100
SNA,20090814,38.04,38.15,36.82,37.18,536500
SNE,20090814,28.43,28.57,27.72,27.92,1456800
SNN,20090814,15.808,15.816,15.548,15.684,53000
SNP,20090814,66.7308,66.8846,65.4769,66.2308,275100
SNV,20090814,30.1,30.24,28.42,28.91,3222700
SNX,20090814,29.99,30,28.96,29.41,120800
SNY,20090814,32.8,32.81,32.24,32.52,606000
SO,20090814,31.33,31.49,31.07,31.47,2190100
SOL,20090814,5.55,5.65,5.26,5.38,1227400
SON,20090814,26.19,26.26,25.38,25.58,190600
SOR,20090814,39.68,39.86,39.26,39.34,17300
SOV-C,20090814,22.85,23.23,22.85,23.16,9800
SPA,20090814,2.8,2.8,2.6,2.79,4600
SPG,20090814,62.82,62.96,61.32,62.69,2923000
SPG-J,20090814,57.7,57.7,57.7,57.7,200
SPH,20090814,40.75,41.15,40.75,41.04,169700
SPN,20090814,18.27,18.48,17.8,18.11,632300
SPR,20090814,14,14,13.53,13.67,1054100
SQM,20090814,36.47,36.64,35.64,36.05,625500
SR,20090814,20.3,20.45,19.4,19.6,78500
SRE,20090814,51.34,51.41,50.47,51.11,579700
SRI,20090814,4.96,4.96,4.62,4.77,140400
SRT,20090814,8.81,8.89,8.52,8.61,45400
SRV,20090814,7.5,7.5,7.3,7.45,33000
SSD,20090814,28.51,28.62,26.51,27.08,326200
SSI,20090814,13.58,13.76,12.57,12.81,171000
SSL,20090814,35.91,35.92,35.26,35.58,574400
SSP,20090814,6.38,6.8,6.08,6.55,1020300
SSW,20090814,6.4,6.48,6.31,6.42,291600
STC,20090814,14.39,14.48,14.06,14.25,73500
STE,20090814,29.12,29.23,28.17,28.46,268700
STI,20090814,21.17,21.41,20.59,21.05,11110800
STI-A,20090814,18.65,18.95,18.65,18.94,1300
STJ,20090814,37.85,38.5,37.6,38.09,2860600
STL,20090814,8.85,8.91,8.4,8.54,105600
STM,20090814,7.71,7.72,7.55,7.62,841900
STN,20090814,13.26,13.37,12.845,13,29400
STO,20090814,21.96,21.96,21.59,21.73,987200
STT,20090814,51.94,52.15,50.67,51,3755300
STV,20090814,7.5,7.53,7.2,7.5,275100
STWD,20090814,2.786,2.8014,2.7537,2.7607,632200
STZ,20090814,14.31,14.68,14.21,14.56,3308900
STZ.B,20090814,14.56,14.56,14.49,14.55,400
SU,20090814,33.71,33.74,32.13,32.51,5630400
SUI,20090814,16.73,17.01,16.23,17.01,97500
SUN,20090814,26.16,26.25,25.38,25.89,2561000
SUP,20090814,15.56,15.68,14.92,15.17,232100
SVU,20090814,14.82,14.9,14.53,14.79,1935000
SWC,20090814,7.1,7.14,6.63,6.79,629100
SWK,20090814,42.19,42.26,40.8,41.03,617300
SWM,20090814,23.37,23.61,22.975,23.225,186100
SWN,20090814,39.57,39.8,37.67,38.11,5192500
SWX,20090814,25.31,25.39,24.76,24.98,147900
SWZ,20090814,10.79,10.92,10.74,10.88,22600
SXE,20090814,27.3,27.65,26.83,27.64,146700
SXI,20090814,15.55,15.55,14.1,14.44,49300
SXL,20090814,9.3767,9.415,9.2917,9.3567,41700
SXT,20090814,25.95,26.09,25.25,25.52,252900
SYK,20090814,40.17,40.61,39.8,40.16,2225500
SYT,20090814,46.24,46.43,45.45,45.89,150100
SYX,20090814,13.95,14.04,13.41,13.82,181400
SYY,20090814,24.78,24.9,24.07,24.46,4438100
T,20090814,25.49,25.58,25.12,25.45,18787400
TAC,20090814,20.07,20.29,19.72,19.82,39100
TAL,20090814,10.13,10.18,9.85,10,115000
TAP,20090814,46.05,46.72,45.5,45.62,968400
TAP.A,20090814,47.23,47.23,45.32,45.32,400
TBI,20090814,13.4,13.6,13.21,13.46,491100
TCAP,20090814,10.78,10.79,10.59,10.63,36900
TCB,20090814,14.36,14.36,14.01,14.2,1343700
TCI,20090814,12.05,12.05,11.25,11.8,4400
TCO,20090814,29.14,29.37,28,29.23,1212600
TD,20090814,29.18,29.32,28.35,28.805,929100
TDA,20090814,22.37,22.4,22.07,22.4,13300
TDC,20090814,27.35,27.38,26.78,27.1,823200
TDF,20090814,25.31,25.33,24.82,25.15,127000
TDG,20090814,43.31,43.34,42.27,43.31,329000
TDI,20090814,20.53,20.55,20.23,20.51,4900
TDS,20090814,25.31,25.46,24.95,25.16,335500
TDW,20090814,44.94,44.94,43.39,43.88,486200
TDY,20090814,32.68,32.73,31.9,32.25,105200
TEF,20090814,24.5233,24.5467,24.16,24.3633,206800
TEI,20090814,12.97,13.04,12.91,12.98,74300
TEL,20090814,23.15,23.44,22.54,22.74,3296900
TEN,20090814,15.95,15.95,15.43,15.8,820400
TEO,20090814,14.98,14.98,14.53,14.78,198000
TER,20090814,7.97,8.08,7.75,7.89,3160400
TEVA,20090814,52.17,52.18,50.9,51.39,3554700
TEX,20090814,15.96,15.96,15.03,15.19,2150700
TFX,20090814,46.1,46.28,45.3,45.73,194600
TG,20090814,15.08,15.17,14.44,14.77,134500
TGH,20090814,14.44,14.71,14.26,14.42,91300
TGI,20090814,21.03,21.09,20.42,20.72,93000
TGP,20090814,22.25,22.25,21.55,21.86,84200
TGS,20090814,2.42,2.42,2.23,2.42,26200
TGT,20090814,42.13,42.65,41.75,42.03,7127500
THC,20090814,18.32,19.56,17.76,19.08,23629300
THG,20090814,40.41,40.84,39.79,39.98,272800
THO,20090814,26.83,26.9,25.94,26.9,796300
THS,20090814,36.71,36.84,35.89,36.4,312700
TI,20090814,15.19,15.22,14.98,15.11,96900
TI.A,20090814,10.72,10.72,10.51,10.67,47600
TIF,20090814,31.04,31.53,30.72,31.49,2862200
TJX,20090814,17.71,17.775,17.345,17.545,4315800
TK,20090814,18.7,18.75,18.39,18.55,527800
TKC,20090814,16.25,16.32,16,16.12,568400
TKF,20090814,11.4,11.4,10.77,11,60200
TKR,20090814,21.02,21.02,20.14,20.43,265800
TLI,20090814,9.13,9.19,9.11,9.13,19000
TLK,20090814,16.905,17.22,16.905,17.215,154200
TLP,20090814,25.2,25.27,24.7,25.2,52400
TM,20090814,86.19,86.41,85.11,85.75,383000
TMK,20090814,18.5645,18.6533,17.8622,18.1422,605300
TMO,20090814,46.53,46.53,44.63,45.07,4050500
TNC,20090814,27.92,27.99,25.33,26.47,135000
TNH,20090814,106.23,107.11,105.1,107.11,19600
TNK,20090814,9.32,9.46,9.26,9.42,139000
TNP,20090814,17.09,17.23,16.51,16.74,110500
TOL,20090814,23.01,23.01,22.13,22.59,3061900
TOO,20090814,13.85,13.95,13.65,13.89,288100
TOT,20090814,55.35,55.41,53.99,54.38,2266300
TPC,20090814,18.42,18.53,17.81,18.51,235900
TPL,20090814,34,34,33.09,33.11,6700
TPX,20090814,15.51,15.51,14.43,14.76,959800
TPZ,20090814,20,20.04,20,20.01,16100
TR,20090814,24.03,24.1,23.21,23.72,153600
TRC,20090814,26.2,26.5,25.55,25.74,36700
TRI,20090814,32.36,32.55,31.97,32.27,161700
TRK,20090814,15.07,15.07,14.67,14.92,118700
TRN,20090814,8.2,8.2,7.765,7.9,839400
TRP,20090814,28.99,29.04,28.51,28.63,311200
TRR,20090814,4.25,4.26,3.86,4.22,14400
TRU,20090814,7.41,7.7,7.3,7.5,20600
TRV,20090814,47.48,47.48,46.69,47.25,3935600
TS,20090814,30.88,30.94,29.94,30.23,1043700
TSI,20090814,3.94,3.94,3.83,3.83,168200
TSL,20090814,13.72,14.18,13.6,14.155,1086900
TSM,20090814,10.82,11,10.47,10.56,13179800
TSN,20090814,11.14,11.37,10.94,11.37,5189900
TSO,20090814,13.2,13.23,12.96,13.2,8341000
TSS,20090814,15.09,15.22,15,15.11,1173500
TSU,20090814,22.7,22.86,21.81,22.3,211300
TTC,20090814,8.95,8.96,8.78,8.86,232000
TTF,20090814,8.16,8.17,8,8.04,31200
TTI,20090814,8.76,8.76,8.12,8.34,679300
TTM,20090814,11.84,11.94,11.34,11.53,702100
TU,20090814,14.91,15,14.77,14.885,101900
TUP,20090814,33.79,34.05,33.45,33.91,965100
TV,20090814,18.55,18.56,18.13,18.36,2636500
TVC,20090814,27.44,27.44,26.85,26.87,10800
TVE,20090814,26,26.24,25.94,26.24,12600
TWI,20090814,8.94,8.95,8.57,8.73,322900
TWN,20090814,12.71,12.71,12.46,12.49,25500
TWX,20090814,27.95,28,27.25,27.55,5849600
TX,20090814,25.34,25.35,23.84,24,171200
TXT,20090814,14.85,14.85,14.23,14.41,2587100
TY,20090814,10.71,10.71,10.52,10.59,68400
TY.P,20090814,44,44,44,44,0
TYG,20090814,27.09,27.45,26.62,27.2,70700
TYL,20090814,15.52,15.69,15.27,15.68,226600
UA,20090814,3.0013,3.0213,2.94,2.9988,373300
UAL,20090814,6.38,6.4,6.01,6.15,5734700
UAM,20090814,9.11,9.18,8.98,9.1,196900
UBA,20090814,15.8,15.8,14.74,15.2,71700
UBP,20090814,14.21,14.21,13.37,13.64,3100
UBS,20090814,16.18,16.22,15.88,16.11,6448700
UDR,20090814,13.11,13.25,12.78,13.22,2004600
UFI,20090814,2.12,2.12,2.03,2.04,348500
UFS,20090814,14.275,14.275,13.78,13.89,706300
UGI,20090814,17.6733,17.76,17.3933,17.5467,425800
UGP,20090814,8.9625,8.9825,8.4375,8.545,126000
UHS,20090814,29.625,29.75,28.945,29.5,470400
UHT,20090814,33.37,33.43,32.63,33.04,34900
UIS,20090814,22,22,19.2,21.1,7861200
UL,20090814,27.41,27.43,27.17,27.43,943700
UMC,20090814,3.32,3.35,3.22,3.23,2222200
UN,20090814,28.1,28.12,27.86,28.07,1451900
UNF,20090814,41.59,41.73,40.91,41.26,83100
UNH,20090814,28.08,28.49,27.61,28.06,6718300
UNM,20090814,21.62,21.73,21.11,21.34,2623000
UNP,20090814,30.705,30.71,30.04,30.41,2504300
UNT,20090814,39.82,39.82,37.7,37.94,488000
UPS,20090814,54.16,54.38,53.01,53.53,3386200
URI,20090814,8.45,8.45,8.08,8.19,654300
USA,20090814,4,4,3.92,3.94,499500
USB,20090814,22.49,22.58,22.04,22.49,13714200
USB-H,20090814,17.26,17.33,16.57,16.95,18100
USG,20090814,15.03,15.03,14.1,14.29,966700
USM,20090814,34.79,34.79,34.04,34.34,61400
USPH,20090814,14.44,14.6,14.1,14.57,68600
UTF,20090814,13.3,13.4,13.2,13.38,83500
UTI,20090814,19.94,20.13,19.43,20.13,173700
UTL,20090814,21.09,21.3,20.81,21.06,66600
UTX,20090814,57.21,57.68,56.37,57.21,4384900
UVV,20090814,36.88,37.06,35.8,36.2,229500
V,20090814,17.075,17.17,16.875,16.95,3053700
VAL,20090814,26.67,26.74,26.11,26.41,587300
VAL.P,20090814,18.47,18.49,17.91,18.16,7068400
VALE,20090814,20.99,21.06,20.33,20.71,23985700
VAR,20090814,37.38,37.6,36.5,36.8,819900
VBF,20090814,18.59,18.89,17.71,17.77,177000
VCO,20090814,42,42,41.47,41.47,400
VCV,20090814,11.65,11.9,11.62,11.72,37100
VFC,20090814,16.7,16.795,16.2625,16.4075,710200
VG,20090814,0.38,0.4,0.38,0.38,432300
VGM,20090814,12.9,12.9,12.66,12.7,101600
VGR,20090814,14.98,15.03,14.75,14.86,145100
VHI,20090814,3.3467,3.3567,3.1033,3.11,67400
VIV,20090814,23.35,23.35,22.75,22.91,92900
VKQ,20090814,12.41,12.48,12.34,12.34,67500
VLO,20090814,18.21,18.3,17.63,17.79,8606300
VLT,20090814,13.5,13.54,13.49,13.49,4800
VLY,20090814,12.88,12.88,12.32,12.64,1063700
VLY-A,20090814,24.21,24.46,24.21,24.21,1500
VMC,20090814,49.13,49.24,47.61,48.04,744300
VMI,20090814,85.79,85.79,82.94,84.2,302900
VMO,20090814,12.45,12.54,12.45,12.53,38700
VMW,20090814,32.42,32.42,31.26,31.83,1070300
VNO,20090814,57.33,57.65,55.69,57.24,2544200
VNO-G,20090814,20.42,20.88,20.42,20.6,8600
VNO-I,20090814,20.88,21.04,20.68,20.68,6100
VPV,20090814,11.79,11.95,11.79,11.82,15200
VR,20090814,25.25,25.37,24.8,25.25,604700
VRS,20090814,2.6,2.6,2.26,2.3,390400
VRX,20090814,27.46,27.67,26.54,26.87,794100
VSH,20090814,7.65,7.79,7.46,7.77,1990600
VTA,20090814,10.54,10.64,10.41,10.63,163700
VTN,20090814,13.12,13.18,13.07,13.18,11300
VTR,20090814,37.59,38.36,36.91,38.35,3019500
VVC,20090814,23.15,23.25,22.94,23.22,363000
VVI,20090814,18.45,18.56,17.54,17.84,49700
VVR,20090814,3.67,3.67,3.63,3.67,604500
VZ,20090814,31.04,31.2,30.75,31.08,7837500
WAB,20090814,18.385,18.53,17.605,17.92,428700
WAL,20090814,7.5,7.5,7.18,7.39,472400
WAT,20090814,52.63,52.81,51.08,51.31,964500
WBC,20090814,19.89,20.11,19.76,19.92,348400
WBK,20090814,20.56,20.56,20,20.248,56900
WBS,20090814,12.2,12.34,11.69,12.04,637700
WCC,20090814,23.08,23.08,22.24,22.31,674300
WCG,20090814,25,25,24.1,24.85,580100
WCN,20090814,18.6667,18.7467,18.3,18.4,284500
WDR,20090814,27.67,27.67,26.75,26.99,620800
WEA,20090814,12.3,12.3,12.15,12.25,9200
WEC,20090814,22.455,22.5,22.19,22.42,602900
WES,20090814,17.17,17.44,16.8,17.14,128500
WF,20090814,35.9,35.9,34.23,35.19,7400
WFC,20090814,27.8,28.09,27.3,27.73,45055800
WFC-J,20090814,24.6,24.68,24.37,24.67,176200
WFC-L,20090814,844.74,845,844.74,845,1400
WFT,20090814,19.7,19.83,19.09,19.55,10739500
WG,20090814,12.88,12.95,12.22,12.32,302300
WGL,20090814,33.54,33.67,32.94,33.41,216500
WGO,20090814,11.61,11.61,10.58,10.86,474500
WHG,20090814,38.57,38.57,36.4,36.7,16500
WHR,20090814,59.56,59.68,57.26,57.85,1978200
WIA,20090814,11.89,11.93,11.79,11.89,94300
WIT,20090814,9.03,9.384,9.03,9.246,475500
WIW,20090814,11.5,11.51,11.37,11.38,207800
WLK,20090814,12.41,12.41,11.82,12.075,90400
WLL,20090814,24.985,25.125,23.935,24.27,952400
WM,20090814,30.6,30.65,30.04,30.23,2092000
WMB,20090814,17.18,17.25,16.59,16.83,3766400
WMK,20090814,31.84,31.86,31.07,31.37,69400
WMS,20090814,42.82,43.39,42.43,42.91,1894300
WMT,20090814,51.87,52.25,51.54,51.79,17238800
WNC,20090814,1.65,1.7,1.47,1.65,1113500
WNR,20090814,6.65,6.71,6.35,6.39,1844000
WNS,20090814,14.6,14.97,14.26,14.67,33800
WOR,20090814,13.35,13.39,12.8,13.11,735900
WPC,20090814,28,28.02,27.5,27.65,14000
WPZ,20090814,19.89,20.04,19.55,19.85,248200
WR,20090814,20.36,20.42,20.09,20.42,901500
WRB,20090814,24.4,24.6,24.27,24.49,758500
WRE,20090814,26.91,27.05,26.16,26.66,519800
WRI,20090814,17.75,17.98,17.33,17.84,2056700
WSM,20090814,15.69,15.7,14.59,14.64,1985500
WSO,20090814,53.69,53.69,52.22,52.49,230500
WST,20090814,19.81,19.88,19.49,19.73,165500
WTI,20090814,11.2,11.24,10.75,10.92,471800
WTM,20090814,306.5,306.5,296.37,301.01,18700
WTR,20090814,13.696,13.696,13.2,13.424,2189600
WTS,20090814,28.9,28.9,27.72,28.16,143200
WTW,20090814,29.6,29.72,28.85,29.17,107100
WU,20090814,18.11,18.27,17.76,17.94,4598800
WWE,20090814,14.5,14.67,14.2,14.37,179200
WWW,20090814,11.68,11.785,11.56,11.625,343700
WY,20090814,37,37,35,35.96,2444000
WYN,20090814,15.78,15.87,15.14,15.46,2221500
X,20090814,47.6,47.6,45.79,46.14,12568100
XCO,20090814,13.66,13.86,13.38,13.86,1576300
XEC,20090814,39.04,39.33,38,38.44,836700
XEL,20090814,19.73,19.84,19.52,19.66,3491400
XIN,20090814,5.55,5.55,5.06,5.13,300900
XKE,20090814,5.81,6.06,5,5.35,124200
XL,20090814,14.77,15.06,14.66,15.04,7106200
XOM,20090814,68.52,68.66,67.65,68.21,19229500
XRM,20090814,22,22,20.8,20.8,105100
XRX,20090814,8.57,8.6,8.36,8.47,3459200
Y,20090814,267.55,268.45,262.21,264.82,16400
YGE,20090814,124,128.7,122,124.3,7373600
YPF,20090814,37.5,37.5,37.21,37.41,3300
YUM,20090814,35.14,35.31,34.44,34.94,3212400
YZC,20090814,15.75,15.92,15.35,15.49,614400
ZB-A,20090814,13,13,12.61,12.9,6700
ZF,20090814,12.12,12.12,11.88,11.96,290400
ZNH,20090814,16.81,16.86,16.21,16.32,100300
ZTR,20090814,14.84,15.04,14.76,15,352000
