<ticker>,<date>,<open>,<high>,<low>,<close>,<vol>
A,20100813,27.39,27.85,27.3,27.35,2446900
AA,20100813,32.01,32.37,31.74,31.92,15439700
AAN,20100813,17.16,17.4,17.02,17.25,631200
AAP,20100813,54.61,54.78,53.94,54.26,1118100
AAV,20100813,5.82,6.18,5.82,6,530300
AB,20100813,25.98,26.39,25.77,26.11,300200
ABB,20100813,18.94,19.06,18.89,18.93,1102300
ABC,20100813,29.01,29.13,28.69,29.04,1619600
ABG,20100813,13.12,13.33,12.85,12.88,132800
ABM,20100813,20.2,20.44,20,20.15,158400
ABR,20100813,5.07,5.29,4.99,5.03,66200
ABT,20100813,50.12,50.26,49.91,50.06,5087900
ABX,20100813,43.25,43.45,42.83,42.92,5538500
ACC,20100813,28.56,29.1,28.52,28.53,401700
ACH,20100813,20.22,20.41,20.13,20.27,223000
ACM,20100813,23.69,24.08,23.6,23.9,603000
ACN,20100813,39.25,39.51,38.83,38.85,3434000
ACV,20100813,28.58,28.64,28.12,28.14,280500
ADC,20100813,23.43,23.5,23.04,23.22,45500
ADM,20100813,30.59,30.78,29.99,30.05,5971200
ADS,20100813,57.67,58.55,57.67,58.07,634900
ADX,20100813,9.4,9.46,9.4,9.43,74000
AEB,20100813,19.64,19.74,19.58,19.58,19500
AED,20100813,21,21.44,21,21.36,106000
AEE,20100813,26.57,27.67,26.42,27.58,5024900
AEG,20100813,5.5,5.54,5.48,5.51,674900
AEH,20100813,20.96,21.29,20.87,21.15,72200
AEL,20100813,10.18,10.29,9.95,10.15,339200
AEM,20100813,61.45,61.89,61.42,61.77,1396700
AEO,20100813,12.4,12.46,12.01,12.04,4309500
AEP,20100813,35.17,35.78,35.17,35.52,3158500
AER,20100813,11.72,11.85,11.67,11.7,288200
AES,20100813,10.52,10.95,10.51,10.62,4378000
AES-C,20100813,46.25,46.39,46.06,46.39,5100
AET,20100813,27.99,28.26,27.8,28.14,2503600
AF,20100813,11.83,11.93,11.64,11.65,1067700
AFB,20100813,14.33,14.42,14.33,14.42,42100
AFC,20100813,20.07,20.22,19.97,20.03,17600
AFG,20100813,28.73,28.98,28.64,28.75,277800
AFL,20100813,48.59,48.72,47.72,47.76,3659600
AGC,20100813,8.89,8.99,8.86,8.94,63900
AGCO,20100813,33.97,34.24,33.66,33.88,1382100
AGD,20100813,12.3,12.44,12.3,12.36,65200
AGM,20100813,13.13,13.25,12.75,12.98,123500
AGM.A,20100813,10.95,10.95,10.95,10.95,100
AGN,20100813,63.01,63.93,63.01,63.66,1189900
AGO,20100813,18.05,18.22,17.63,17.64,1860500
AGO-B,20100813,23.05,23.3,23.05,23.12,16600
AGO-E,20100813,20.6,20.9,20.6,20.7,31300
AGO-F,20100813,19.05,19.18,19.05,19.18,2800
AGU,20100813,67.46,68.44,66.63,67.27,2674200
AHC,20100813,6.62,6.72,6.41,6.41,46900
AHL,20100813,27.4,27.69,27.37,27.47,452500
AHL-A,20100813,22.47,22.48,22.4,22.45,14800
AHT,20100813,8.61,8.69,8.44,8.49,368700
AHT-A,20100813,22.88,22.88,22.69,22.75,1400
AHT-D,20100813,21.85,22.05,21.8,21.8,5700
AI,20100813,20.12,20.12,19.46,19.92,62300
AIB,20100813,10.75,11.05,10.75,10.9,2782200
AIG,20100813,37.2,37.5,36.53,36.67,3207200
AIN,20100813,18.22,18.46,17.98,18.2,197600
AIR,20100813,15.24,15.44,15.05,15.24,691800
AIT,20100813,26.72,27.37,26.54,26.88,280600
AIV,20100813,20.24,20.52,20.07,20.26,1673200
AIZ,20100813,36.78,37.47,36.74,37.01,1016800
AJG,20100813,24.7,24.91,24.6,24.68,340500
AKO.A,20100813,22.65,22.65,22.37,22.37,1000
AKO.B,20100813,26.33,26.5,26.2,26.29,10600
AKP,20100813,14.53,14.54,14.46,14.54,13600
AKR,20100813,17.59,17.79,17.49,17.53,286100
AKS,20100813,13.27,13.4,12.95,13.07,5503100
ALB,20100813,41.74,42.4,41.65,41.73,1103300
ALE,20100813,36.01,36.3,35.73,35.79,192900
ALEX,20100813,32.52,32.75,32.4,32.44,70800
ALG,20100813,20.65,20.76,19.78,20.21,63600
ALJ,20100813,5.99,6.08,5.99,6,47600
ALK,20100813,12.4575,12.8525,12.3325,12.7775,386700
ALL,20100813,28.16,28.49,28.04,28.1,3240700
ALP-O,20100813,25.18,25.2,25.17,25.17,700
ALR,20100813,28.19,28.69,28.09,28.14,459900
ALR-B,20100813,207.86,207.86,207.86,207.86,100
ALV,20100813,54.36,55.58,54.36,54.81,918100
ALX,20100813,313.13,314.5,303.04,303.53,5600
AM,20100813,19.37,19.55,19.04,19.14,255800
AME,20100813,19.3022,19.3911,19.1911,19.2267,401400
AMG,20100813,68.37,68.96,68.18,68.25,324500
AMN,20100813,58.32,58.44,57.04,57.3,61100
AMP,20100813,42.69,43.25,42.17,42.2,2341100
AMRC,20100813,10.04,10.05,10,10,18900
AMT,20100813,45.8,46.06,45.53,45.76,1789000
AMX,20100813,24.56,24.875,24.5,24.765,2508400
AN,20100813,23.02,23.11,22.59,22.68,1083400
ANF,20100813,37.38,38.17,37.34,37.66,2035000
ANH,20100813,7.04,7.04,6.91,6.91,1719800
ANH-A,20100813,25.26,25.26,25.26,25.26,0
ANH-B,20100813,24,24,24,24,0
ANW,20100813,15.93,16.1,15.62,15.73,1083300
AOD,20100813,10.52,10.72,10.52,10.66,593200
AOI,20100813,33.4,33.5,32.2,32.2,602200
AON,20100813,37,37.18,36.86,36.91,1799400
AOS,20100813,8.4384,8.5817,8.4167,8.4817,164500
AP,20100813,21.48,21.78,21.2,21.25,28900
APA,20100813,91.68,92.58,91.06,91.26,2732900
APB,20100813,9.8,9.84,9.76,9.76,12100
APC,20100813,51.58,52.83,51.54,52.37,2912800
APD,20100813,74.31,75.79,74.15,75.68,1588400
APF,20100813,14.46,14.57,14.43,14.49,34900
APH,20100813,20.79,20.795,20.405,20.415,1431600
APU,20100813,42.33,43.55,42.21,43.33,70500
ARE,20100813,67.98,68.65,67.17,67.35,344600
ARI,20100813,16.9,17.07,16.86,16.9,28100
ARL,20100813,8.04,8.09,7.95,8.09,900
ARW,20100813,24.14,24.3,23.7,23.71,1107200
ASA,20100813,27.08,27.25,27,27.16,44100
ASG,20100813,3.59,3.59,3.52,3.56,41400
ASH,20100813,49.24,50.8,49.02,49.09,1264500
ASR,20100813,44.51,45.03,44.51,44.89,511900
ASX,20100813,3.75,3.78,3.72,3.72,229900
AT,20100813,13.04,13.19,12.77,13.09,523400
ATI,20100813,44.32,45.17,44.08,44.2,1773400
ATO,20100813,28.62,28.89,28.49,28.68,315300
ATR,20100813,41.77,42.22,41.77,41.85,130900
ATU,20100813,19.7,19.71,19.43,19.46,353900
ATV,20100813,3.99,4.05,3.94,3.95,16100
ATW,20100813,25.08,25.4,24.87,25.08,529500
AU,20100813,42.99,43.29,42.5,42.91,1067300
AUO,20100813,9.15,9.25,9.09,9.18,1643500
AUY,20100813,9.94,9.98,9.73,9.73,3616200
AV,20100813,12.19,12.33,12.09,12.16,13700
AVA,20100813,20.47,20.78,20.4,20.71,418600
AVB,20100813,101.33,102.95,101.23,102.18,899400
AVD,20100813,7.42,7.54,6.87,6.88,259600
AVK,20100813,16.91,17.03,16.79,17.01,42700
AVP,20100813,29.51,29.71,29.3,29.4,2275800
AVT,20100813,24.25,24.46,23.78,23.8,1236300
AVX,20100813,13.47,13.53,13.37,13.44,175700
AVY,20100813,34.26,34.53,34.1,34.14,550800
AWF,20100813,14.34,14.46,14.33,14.45,140100
AWH,20100813,16.56,16.7067,16.47,16.5433,194600
AWI,20100813,34.59,35.1,34.29,34.44,210800
AWK,20100813,22.49,22.83,22.38,22.66,1088700
AWP,20100813,5.95,6.01,5.95,6,218900
AWR,20100813,16.485,16.65,16.295,16.4,85900
AXE,20100813,47.27,47.28,46.7,46.99,342400
AXL,20100813,9.14,9.23,8.95,9.01,1222100
AXP,20100813,42.1,42.32,41.72,41.73,6453300
AXR,20100813,11.34,11.48,11.27,11.39,8000
AXS,20100813,30.13,30.54,30.1,30.4,682200
AYI,20100813,38.82,39.67,38.22,39.24,541000
AYR,20100813,9.15,9.16,8.71,8.9,332600
AZN,20100813,51.29,51.65,51.26,51.39,954400
AZO,20100813,206.22,209.3,206.22,207.86,624000
AZZ,20100813,20.535,20.69,20,20.2,102200
B,20100813,16.22,16.44,16,16.13,395900
BA,20100813,64.59,65.7,64.54,64.84,3667700
BAC,20100813,13.11,13.34,13.11,13.23,107923700
BAC-C,20100813,24.2,24.49,24.13,24.41,92500
BAC-D,20100813,22.2,22.25,22.11,22.19,66700
BAC-E,20100813,18.03,18.03,17.67,17.8,66200
BAC-I,20100813,22.9,22.97,22.87,22.95,39100
BAC-L,20100813,948,948,938.75,945,4600
BAC-W,20100813,24.71,24.96,24.68,24.84,44600
BAC-Y,20100813,22.61,22.78,22.56,22.71,107000
BAC.A,20100813,7.05,7.22,7.05,7.12,1705500
BAC.B,20100813,2.55,2.62,2.54,2.59,224900
BAF,20100813,15.65,15.7,15.65,15.7,16800
BAK,20100813,15.41,15.72,15.41,15.67,248200
BAM,20100813,16.6,17.0267,16.5733,16.8667,778000
BAP,20100813,98.02,99.54,97.82,99,181700
BAS,20100813,8.39,8.51,8.1,8.14,257700
BAX,20100813,45.59,45.92,45.24,45.71,3048700
BBD,20100813,13.5303,13.75,13.4697,13.5833,7269800
BBF,20100813,14.23,14.23,14.14,14.2,3200
BBG,20100813,36.51,36.84,36.07,36.54,839500
BBK,20100813,15.64,15.68,15.56,15.63,30500
BBL,20100813,60.56,61.24,60.5,60.54,1088600
BBT,20100813,23.8,24.2,23.77,23.83,4794000
BBVA,20100813,12.64,12.75,12.48,12.52,1754100
BBW,20100813,5.74,5.81,5.58,5.8,108300
BBX,20100813,6.65,6.8,6.65,6.7,193300
BBY,20100813,33.27,33.55,33.08,33.14,3691200
BC,20100813,14.95,15.1,14.71,14.77,1102500
BCE,20100813,30.87,31,30.78,30.78,443300
BCH,20100813,78.27,80.43,78.27,79.13,7800
BCO,20100813,20.02,20.34,19.89,20.12,354200
BCR,20100813,79.51,80.23,79.12,79.92,458200
BCS,20100813,19.67,19.91,19.63,19.71,3464500
BCS-A,20100813,24.92,25,24.86,25,117100
BCS-D,20100813,26.3,26.65,26.18,26.61,214800
BDC,20100813,22.97,23.37,22.85,23.13,269800
BDJ,20100813,8.09,8.26,8.09,8.26,80200
BDN,20100813,10.58,10.72,10.55,10.58,905100
BDX,20100813,71,71.26,70.64,70.96,668400
BEN,20100813,33.0433,33.6367,33.0433,33.1767,1070100
BF.A,20100813,20.3734,20.49,20.3334,20.4634,8100
BF.B,20100813,20.31,20.4034,20.2134,20.2934,229100
BFK,20100813,13.99,14.29,13.98,14.09,81500
BFO,20100813,14.14,14.26,14.14,14.17,6200
BFR,20100813,7.45,7.69,7.41,7.58,151200
BFS,20100813,41.77,42.12,41.28,41.46,77700
BFZ,20100813,14.53,14.75,14.48,14.75,77100
BG,20100813,54.08,54.85,53.9,54.19,627800
BGC,20100813,23.4,23.66,23.33,23.36,824400
BGE-B,20100813,24.7,24.74,24.64,24.74,5800
BGG,20100813,17.45,17.53,17.12,17.42,681900
BGH,20100813,40.5,42.17,40.41,42.17,43300
BGR,20100813,23.18,23.47,23.18,23.28,61000
BGS,20100813,10.73,10.77,10.6,10.62,159000
BGT,20100813,14.25,14.25,14.05,14.16,33000
BGY,20100813,10.24,10.38,10.12,10.23,265000
BH,20100813,272.05,272.05,258.92,264,6400
BHE,20100813,15.32,15.37,15.05,15.07,306400
BHI,20100813,39.78,40.54,39.75,39.79,5337400
BHK,20100813,13.58,13.61,13.55,13.59,58800
BHL,20100813,12.87,12.96,12.64,12.77,57200
BHP,20100813,71.43,72.08,71.16,71.28,2026300
BID,20100813,28.93,29.56,28.8,29.24,761800
BIF,20100813,5.74,5.8,5.74,5.77,23600
BIG,20100813,30.73,31.02,30.39,30.64,1206900
BIO,20100813,85.23,85.38,84.67,84.86,90300
BIO.B,20100813,91,91,91,91,0
BIP,20100813,11.0933,11.2,11.0933,11.1267,40100
BJZ,20100813,15.75,15.82,15.75,15.82,900
BK,20100813,24.79,25.03,24.73,24.8,5582400
BKD,20100813,13.85,13.95,13.32,13.39,657000
BKE,20100813,26.44,26.48,25.5,25.86,586000
BKH,20100813,31.03,31.57,30.83,31.2,320900
BKK,20100813,15.28,15.41,15.26,15.41,33300
BKN,20100813,14.66,14.69,14.65,14.69,11100
BKS,20100813,15,15,14.45,14.46,711400
BKT,20100813,6.9,6.92,6.87,6.89,109000
BLH,20100813,16.63,16.63,16.53,16.58,8100
BLK,20100813,149,153.91,148.99,151.58,295100
BLL,20100813,28.58,28.81,28.565,28.585,525100
BLW,20100813,16.8,16.8,16.73,16.8,202700
BLX,20100813,11.98,12,11.92,11.92,180200
BMA,20100813,39.68,39.78,39.21,39.37,137500
BME,20100813,24.47,25.19,24.47,24.88,10500
BMI,20100813,37.07,37.58,36.61,37.28,73700
BML-G,20100813,15.92,15.95,15.64,15.79,12700
BML-H,20100813,15.72,15.81,15.55,15.65,37500
BML-I,20100813,21.38,21.38,21.28,21.34,45900
BML-J,20100813,18.13,18.13,17.95,17.96,9600
BML-L,20100813,17.33,17.38,17.1,17.24,36600
BMO,20100813,56.76,57.56,56.59,56.68,311300
BMS,20100813,28.88,29.24,28.75,28.97,632400
BMY,20100813,26.24,26.46,26.1,26.32,5763200
BNJ,20100813,14.94,14.95,14.87,14.87,9800
BNS,20100813,47.27,48.12,47.24,47.68,333000
BNY,20100813,15.4,15.4,15.35,15.39,28900
BOE,20100813,17.37,17.54,17.35,17.45,122500
BOH,20100813,48.24,48.43,47.48,47.52,254100
BORN,20100813,8.01,8.8,7.95,8.54,911200
BP,20100813,37.78,39.57,37.75,38.93,17210800
BPI,20100813,14.34,14.34,13.39,13.51,723500
BPK,20100813,16.35,16.37,16.27,16.34,19400
BPL,20100813,60.31,62.64,60.31,62.27,122800
BPT,20100813,93.51,94,93.5,93.56,43800
BQH,20100813,15.49,15.49,15.45,15.45,2700
BR,20100813,19.69,20.39,19.69,20.19,1279100
BRC,20100813,25.98,26.46,25.65,26.07,187600
BRFS,20100813,13.2,13.42,13.09,13.29,1520800
BRK.A,20100813,115383,116295,115167,115180,200
BRK.B,20100813,76.92,77.56,76.74,76.78,3249500
BRO,20100813,19.51,19.59,19.34,19.4,450300
BRS,20100813,32.92,33.18,32.63,32.9,424500
BRT,20100813,5,5,4.9,4.98,5400
BSBR,20100813,12.86,12.91,12.66,12.76,5503900
BSD,20100813,13.34,13.41,13.29,13.35,11100
BSE,20100813,14.76,14.76,14.56,14.56,20800
BSL,20100813,19.44,19.5,19.3,19.48,30200
BSX,20100813,5.52,5.57,5.42,5.48,12854300
BT,20100813,10.685,10.815,10.66,10.78,46600
BTA,20100813,11.8,11.83,11.74,11.78,46300
BTE,20100813,32.33,32.94,32.3,32.48,86300
BTO,20100813,14.62,14.76,14.57,14.71,49300
BTZ,20100813,12.8,12.82,12.75,12.81,92900
BUD,20100813,53.63,54,53.16,53.24,486400
BVN,20100813,37.98,38,37.51,37.92,709000
BW,20100813,22.91,23.03,22.31,22.51,193100
BWA,20100813,22.7,22.975,22.455,22.655,1363600
BWP,20100813,30.55,31.2,30.35,30.8,188600
BX,20100813,11.08,11.12,10.59,10.63,3372100
BXC,20100813,34.8,36.4,33.9,33.9,492400
BXP,20100813,81.1,82,80.99,81.02,1280700
BXS,20100813,13.45,13.46,13.1,13.1,633100
BYD,20100813,7.75,7.83,7.57,7.6,1444300
BYM,20100813,14.96,15.05,14.92,14.97,32700
BZH,20100813,18.15,18.85,18,18,1860800
C,20100813,39,39.5,38.8,38.8,27447280
C-J,20100813,26.12,26.25,26.07,26.19,207200
C-P,20100813,24.2,24.25,24.05,24.2,10700
C-S,20100813,22.41,22.5,22.29,22.5,97600
CAB,20100813,14.25,14.38,14,14.17,295700
CACI,20100813,42.48,42.5,41.37,41.45,397800
CAE,20100813,9.45,9.77,9.45,9.76,41300
CAF,20100813,28.05,28.79,28.05,28.46,128400
CAG,20100813,21.41,21.68,21.34,21.62,3399000
CAH,20100813,31.45,31.55,31.18,31.36,2118400
CAJ,20100813,41.4,41.57,41.05,41.31,169000
CAL,20100813,22.63,22.95,22.41,22.81,1279300
CALX,20100813,10.29,10.32,10.13,10.24,77800
CAS,20100813,13.7,13.83,13.44,13.58,165700
CAT,20100813,67.74,68.45,67.21,68.01,6663500
CATO,20100813,22.95,22.95,22.23,22.27,93100
CB,20100813,53.02,53.68,52.76,53.1,2533100
CBB,20100813,13.85,13.9,13.3,13.35,904800
CBB-B,20100813,39.73,39.75,39.5,39.5,2600
CBD,20100813,32.94,33.78,32.895,33.355,634800
CBG,20100813,16.18,16.47,16.12,16.15,1803700
CBI,20100813,20.98,21.4,20.9,21.09,582200
CBK,20100813,6.6,6.7,6.31,6.35,119500
CBL,20100813,12.56,12.61,12.28,12.28,2433900
CBL-D,20100813,22.73,22.73,22.6,22.68,4300
CBM,20100813,3.8,3.89,3.75,3.8,77200
CBR,20100813,2.94,3.05,2.89,3,184700
CBS,20100813,14.08,14.18,13.88,13.95,11345400
CBS.A,20100813,14.15,14.15,13.9,13.98,8700
CBT,20100813,28.81,29.14,28.6,28.79,270300
CBU,20100813,23.34,23.39,22.96,22.99,156200
CBZ,20100813,5.75,5.94,5.69,5.69,299000
CCC,20100813,12.42,12.63,12.21,12.22,813300
CCE,20100813,28.43,28.79,28.39,28.71,2683800
CCI,20100813,38.7,39.16,38.59,38.76,951000
CCJ,20100813,24.81,25.14,24.53,24.79,1744000
CCK,20100813,28.13,28.35,28.03,28.17,689900
CCL,20100813,32.22,32.82,32.13,32.51,4016400
CCM,20100813,6.21,6.22,6.2,6.2,31600
CCO,20100813,10.55,10.85,10.47,10.72,345700
CCS,20100813,25.1,25.38,25.1,25.37,45200
CCU,20100813,21.252,21.488,21.16,21.172,25700
CCZ,20100813,33.02,33.02,33.02,33.02,800
CDE,20100813,15.02,15.02,14.54,14.54,1671200
CDI,20100813,15.03,15.04,14.45,14.53,70500
CDR,20100813,5.63,5.65,5.49,5.5,190900
CE,20100813,27.1,27.62,26.99,27.42,917800
CEA,20100813,28.73,29.15,28.68,28.83,28700
CEE,20100813,34.4,34.5,34.21,34.5,24700
CEL,20100813,28.68,28.7,28.44,28.52,123100
CEM,20100813,20.35,20.46,20.19,20.41,180800
CEO,20100813,164.24,166.1,163.51,164.39,130900
CF,20100813,17.074,17.168,16.496,16.93,2225100
CFC-B,20100813,23.88,24.21,23.88,24.21,216600
CFI,20100813,10.85,10.94,10.45,10.51,36600
CFR,20100813,52.94,53.01,52.26,52.26,352700
CFX,20100813,12.32,12.78,12.32,12.39,126300
CGA,20100813,10.92,11.2,10.69,10.81,299700
CGI,20100813,12.79,12.82,12.46,12.49,102700
CHA,20100813,47.88,48.35,47.81,48.2,81100
CHD,20100813,15.48,15.5775,15.42,15.485,377400
CHE,20100813,51.35,51.42,50.57,50.66,91300
CHH,20100813,33.05,33.42,32.93,33.13,137800
CHK,20100813,20.99,21.36,20.78,20.78,7173600
CHK-D,20100813,82.63,82.72,82.49,82.5,900
CHL,20100813,52.97,53.11,52.49,52.69,1251700
CHN,20100813,28.7,28.94,28.7,28.85,43800
CHS,20100813,8.97,9.09,8.83,8.84,3498800
CHSP,20100813,16.38,16.67,16.38,16.59,28900
CHT,20100813,20.07,20.17,20,20.1,375600
CHU,20100813,13.19,13.52,13.19,13.5,2157700
CI,20100813,33.28,33.52,32.94,33.38,2099400
CIA,20100813,6.64,6.71,6.62,6.66,91100
CIB,20100813,55.62,56.91,55.61,56.08,311100
CIE,20100813,7.74,7.81,7.55,7.61,692600
CIF,20100813,2.91,2.95,2.9,2.94,75500
CIG,20100813,9.408,9.4528,9.2864,9.312,1953300
CIG.C,20100813,11.64,11.64,11.64,11.64,0
CII,20100813,14.45,14.68,14.43,14.68,75200
CIM,20100813,3.88,3.9,3.86,3.87,7098900
CIR,20100813,30.67,31.14,30.41,30.55,66600
CIT,20100813,37.57,37.64,37,37.31,711300
CKH,20100813,78.24,78.79,77.98,78.03,60700
CL,20100813,38.37,38.585,38.15,38.195,2402600
CLB,20100813,77.35,78.27,77.02,77.62,169900
CLC,20100813,34.43,34.78,34.19,34.3,221800
CLD,20100813,16.06,16.75,15.85,16.35,318800
CLDT,20100813,15.2,15.67,15,15.12,36400
CLF,20100813,59.09,59.51,57.95,58.49,3813000
CLGX,20100813,18.69,18.86,18.59,18.67,324700
CLH,20100813,30.105,30.45,29.945,30.215,270300
CLI,20100813,30.98,31.31,30.8,30.83,775400
CLNY,20100813,17.6,17.6,17.2,17.21,37400
CLR,20100813,21.49,21.795,21.385,21.475,319900
CLS,20100813,8.08,8.24,8.05,8.09,402900
CLW,20100813,32.305,32.5,31.54,32.075,56400
CLX,20100813,64.46,64.61,64.24,64.31,726400
CM,20100813,65.89,66.44,65.58,65.79,151100
CMA,20100813,36.12,36.59,35.87,35.87,1716400
CMA.W,20100813,12.4,12.61,12.2,12.2,12200
CMC,20100813,13.35,13.48,13.01,13.1,2848000
CMG,20100813,146.16,146.16,142.3,142.63,507600
CMI,20100813,77.7,78.42,77.02,77.75,2055400
CMO,20100813,12,12.02,11.82,11.85,705700
CMP,20100813,72.15,72.15,70.89,70.96,138500
CMS,20100813,17.14,17.47,17.13,17.36,4871900
CMS-B,20100813,79,79.5,79,79.5,1100
CMU,20100813,4.7,4.76,4.69,4.75,26400
CNA,20100813,27.52,27.92,27.51,27.6,89300
CNC,20100813,10.41,10.615,10.255,10.515,367400
CNI,20100813,30.39,30.575,30.14,30.295,621800
CNK,20100813,15.69,15.84,15.25,15.51,1231100
CNO,20100813,5.05,5.15,4.97,4.97,2225500
CNP,20100813,14.44,14.67,14.44,14.5,3285700
CNQ,20100813,32.53,32.84,32.01,32.15,3141900
CNS,20100813,20.48,20.62,20.1,20.44,122000
CNX,20100813,36.53,37.31,36.28,36.32,2429700
CO,20100813,4.8,4.8,4.78,4.78,5200
COF,20100813,38.59,39.38,38.53,38.82,4486300
COF.W,20100813,14.2,14.5,14.18,14.5,5200
COG,20100813,7.695,7.815,7.625,7.6725,1679800
COH,20100813,37.59,37.84,37.29,37.31,1912100
COL,20100813,55.02,55.97,55.01,55.46,781900
COO,20100813,40.5,40.65,40.04,40.1,322200
COP,20100813,54.86,55.44,54.84,55.02,6476300
COT,20100813,6.28,6.68,6.26,6.32,2029300
CP,20100813,56.43,57.42,56.3,57.39,748600
CPA,20100813,50.84,50.84,49.01,49.79,1050400
CPB,20100813,35.95,36.31,35.9,36.19,1030900
CPE,20100813,5.16,5.33,5.16,5.2,185400
CPF,20100813,30.2,32,30.2,31.4,198500
CPK,20100813,22.4333,22.82,22.4333,22.7867,53300
CPL,20100813,23.9767,23.9767,23.6667,23.69,113900
CPN,20100813,12.98,13.43,12.98,13.09,5711600
CPT,20100813,45.82,45.99,45.17,45.18,524600
CR,20100813,35.23,35.33,34.89,35,239100
CRD.A,20100813,2.52,2.53,2.3,2.31,10300
CRD.B,20100813,2.92,3.01,2.88,2.9,40900
CRH,20100813,19.22,19.52,19.15,19.17,146500
CRI,20100813,23.51,23.92,23.27,23.3,1468500
CRK,20100813,112.2,114.15,109.4,110.25,728900
CRL,20100813,29.99,30.21,29.73,29.85,637600
CRM,20100813,24.245,24.55,24.1175,24.31,1942500
CRR,20100813,73.05,73.51,71.93,72.72,378800
CRS,20100813,31.59,32.78,31.44,32.53,528000
CRT,20100813,35.02,35.59,34.84,35.58,8700
CRY,20100813,5.49,5.55,5.3,5.3,59200
CS,20100813,44.36,44.81,44.26,44.35,592800
CSC,20100813,42.34,42.48,41.9,42.04,1298300
CSL,20100813,29.78,30.49,29.37,30.21,1534400
CSS,20100813,15.5,15.65,15.02,15.15,37300
CSU,20100813,5.24,5.42,5.09,5.19,58700
CSV,20100813,4.5,4.57,4.48,4.52,15600
CTB,20100813,17.97,18.2,17.7,17.97,938200
CTL,20100813,35.93,36.24,35.93,36.05,2714000
CTS,20100813,8.74,8.76,8.55,8.56,130100
CTV,20100813,21.15,21.53,20.86,20.9,1323500
CUB,20100813,38.59,39.15,38.16,38.69,114900
CUK,20100813,33.54,34.07,33.44,33.81,94000
CUZ,20100813,6.48,6.55,6.39,6.41,610000
CVA,20100813,14.51,14.73,14.43,14.59,1002700
CVB,20100813,10.4,10.4,10.4,10.4,0
CVE,20100813,26.16,26.6,26.02,26.09,528400
CVG,20100813,9.81,9.93,9.74,9.74,858200
CVI,20100813,7.56,7.77,7.53,7.55,232100
CVO,20100813,42.4,45.36,42.24,44,352700
CVS,20100813,28.89,29.01,28.65,28.7,8719800
CVX,20100813,77.04,77.77,76.91,77.4,7091600
CW,20100813,28.36,28.66,28.17,28.36,198700
CWH,20100813,24.08,24.15,23.68,23.81,442400
CWT,20100813,17.35,17.515,17.125,17.36,115700
CX,20100813,8.78,8.85,8.56,8.61,8749100
CXE,20100813,5.28,5.32,5.26,5.32,52700
CXH,20100813,9.91,9.91,9.85,9.85,12400
CXO,20100813,60.7,61.37,60.22,60.6,638800
CXW,20100813,21.27,21.32,21.01,21.01,729900
CYD,20100813,16.63,16.96,16.55,16.66,175000
CYH,20100813,30.65,30.68,30.15,30.17,882200
CYS,20100813,13.33,13.58,13.27,13.42,246600
CZZ,20100813,10.72,10.74,10.23,10.25,1523500
D,20100813,43.65,44.18,43.57,43.91,2448900
DAC,20100813,3.95,4.23,3.95,4.15,43800
DAL,20100813,11.38,11.64,11.22,11.55,5167100
DAN,20100813,11.15,11.36,10.98,11.1,1317500
DAR,20100813,7.8,7.86,7.43,7.44,504500
DB,20100813,67.83,68.41,67.13,67.13,893300
DBD,20100813,27.21,27.4,26.97,26.98,219000
DCA,20100813,2.69,2.74,2.69,2.73,16700
DCI,20100813,21.995,22.04,21.7,21.72,212400
DCM,20100813,16.27,16.29,16.19,16.22,88800
DCO,20100813,18.88,19.36,18.55,18.7,66900
DCT,20100813,18.04,18.24,17.84,18.08,933400
DD,20100813,40.44,40.72,40.14,40.32,4672300
DD-A,20100813,70.25,70.25,70.25,70.25,200
DD-B,20100813,86.86,87.88,86.7,87.88,1900
DDD,20100813,4.67,4.8,4.5833,4.6433,41400
DDE,20100813,3.39,3.42,3.31,3.36,23400
DDF,20100813,7.14,7.21,7.13,7.16,10300
DDR,20100813,10.63,10.77,10.52,10.59,3040700
DDS,20100813,20.34,20.9,19.69,19.85,1344500
DDT,20100813,21,21.46,21,21.08,10200
DE,20100813,65.28,65.34,64.3,64.85,2642000
DECK,20100813,46.5,46.5,45.03,45.38,616400
DEI,20100813,15.44,15.69,15.42,15.43,988900
DEL,20100813,42.32,43.16,42.32,42.51,56100
DEO,20100813,68.99,69.55,68.44,69.1,352700
DEX,20100813,11.72,11.92,11.72,11.91,24600
DF,20100813,20.54,20.6,20.36,20.4,2720300
DFP,20100813,20.62,21.91,20.49,21.71,40600
DFS,20100813,14.68,14.89,14.66,14.68,2595300
DFT,20100813,25.22,25.9,25.05,25.42,961600
DG,20100813,28.99,29.09,28.48,28.76,447400
DGI,20100813,29.07,29.64,29,29.52,306200
DGX,20100813,47.2,47.68,47.08,47.36,873300
DHF,20100813,4.46,4.48,4.38,4.41,474300
DHG,20100813,13.01,13.02,12.93,12.93,31200
DHI,20100813,10.18,10.38,10.13,10.24,4515700
DHR,20100813,37.03,37.3,36.95,37.02,2043400
DHT,20100813,47.76,48.24,47.04,47.04,147700
DHX,20100813,7.14,7.25,6.96,7.15,52700
DIN,20100813,31.16,31.51,30.44,30.67,317700
DIS,20100813,33.79,33.81,33.41,33.68,11058000
DK,20100813,6.99,7.06,6.86,6.86,55600
DKL,20100813,24.64,24.93,24.52,24.77,4400
DKS,20100813,26.96,27.39,26.82,27.24,1486000
DKT,20100813,26.25,26.36,26.23,26.35,190400
DL,20100813,4.95,5.17,4.95,5.09,5800
DLB,20100813,59.16,59.26,56.12,56.16,1084200
DLR,20100813,59.23,59.94,59.02,59.64,968400
DLX,20100813,17.92,18.19,17.64,17.7,423100
DM,20100813,10.05,10.14,9.85,9.85,146600
DMO,20100813,20.17,20.3,20.15,20.18,12600
DNB,20100813,67.46,67.75,66.97,67.57,431800
DNP,20100813,9.48,9.57,9.46,9.52,264100
DNR,20100813,15.74,16.08,15.67,15.74,2474000
DO,20100813,60.94,61.78,60.45,60.51,1733000
DOV,20100813,46.36,46.79,46.3,46.41,539700
DOW,20100813,24.93,25.23,24.75,25.16,8791000
DPM,20100813,32.4,32.5,32.04,32.36,160100
DPS,20100813,36.98,37.07,36.58,36.84,1634400
DPZ,20100813,13.01,13.18,13,13.17,769400
DRE,20100813,11,11.3,11,11.16,2108600
DRH,20100813,9.01,9.08,8.8,8.82,1670500
DRI,20100813,40.27,40.35,39.63,39.65,1423800
DRQ,20100813,51.45,51.97,51.16,51.61,318700
DSM,20100813,8.38,8.47,8.38,8.46,32500
DST,20100813,41.54,41.7,41.12,41.16,248000
DSU,20100813,11.85,11.91,11.76,11.76,151000
DSW,20100813,12.305,12.305,11.85,11.86,496000
DSX,20100813,12.41,12.6,12.32,12.35,509300
DTE,20100813,45.94,46.66,45.89,46.21,798700
DTF,20100813,15.69,15.76,15.6,15.68,17800
DTK,20100813,25.55,25.93,25.55,25.86,290000
DUC,20100813,12.64,12.67,12.49,12.5,56500
DUK,20100813,51.24,51.6,51,51.03,10672100
DV,20100813,46.87,47.57,42.01,42.71,4118100
DVA,20100813,31.85,32.14,31.79,32.04,652800
DVD,20100813,1.74,1.99,1.74,1.89,14600
DVN,20100813,63.29,64,62.9,63.7,4034700
DW,20100813,19.24,19.37,18.62,18.98,192200
DX,20100813,9.88,10.04,9.85,10.02,86900
DXB,20100813,23.79,23.99,23.77,23.9,54600
DY,20100813,8.4,8.48,8.27,8.34,201800
DYN,20100813,4.49,4.58,4.39,4.53,236516400
E,20100813,40.96,41.41,40.82,40.9,401600
EAT,20100813,15.31,15.48,15.04,15.07,2193800
EBF,20100813,15.35,15.63,15.24,15.32,101000
EBR,20100813,12.65,12.89,12.61,12.68,389500
EBR.B,20100813,15.04,15.26,14.97,15.13,123100
EBS,20100813,18.3,18.37,17.12,17.43,645500
EC,20100813,35.41,36.75,35.39,36.68,165800
ECA,20100813,28.79,29.09,28.52,28.61,1994700
ECL,20100813,47.84,48.03,47.59,47.7,938500
ECT,20100813,19.65,20.15,19.62,20.12,172100
ED,20100813,47.99,47.99,47.48,47.55,3825200
EDD,20100813,16.22,16.27,16.17,16.23,98900
EDE,20100813,19.78,19.92,19.62,19.81,154100
EDN,20100813,6.47,6.57,6.47,6.56,3000
EDR,20100813,20.76,20.79,20.34,20.49,358500
EDU,20100813,24.0225,24.0825,23.7575,23.93,121300
EE,20100813,22.5,23.13,22.42,22.59,782800
EEA,20100813,6.29,6.31,6.21,6.21,3200
EEP,20100813,27.48,28.19,27.48,27.965,273800
EEQ,20100813,26.44,26.875,26.44,26.815,30600
EFR,20100813,15.02,15.07,14.95,15.07,36100
EFT,20100813,15.06,15.19,14.95,15.18,65900
EFX,20100813,30.2,30.38,30.11,30.2,660800
EGF,20100813,16.65,16.69,16.64,16.69,25700
EGN,20100813,43.8,44.16,43.64,43.69,204800
EGO,20100813,17.87,17.88,17.5,17.61,2151700
EGP,20100813,35.44,36.03,35.29,35.52,156500
EGY,20100813,5.4,5.56,5.4,5.45,229400
EHI,20100813,12.11,12.14,12.02,12.14,73700
EIG,20100813,14.58,14.64,14.4,14.49,241400
EIX,20100813,33.27,34.11,33.27,33.94,4045300
EL,20100813,29.235,29.36,28.65,28.91,2119600
ELP,20100813,22.09,22.24,22.01,22.11,259300
ELS,20100813,25.86,26.165,25.79,25.955,162100
ELY,20100813,6.6,6.64,6.41,6.41,459700
EMD,20100813,13.53,13.56,13.49,13.51,88400
EME,20100813,23.75,23.97,23.64,23.68,606800
EMF,20100813,18.85,19.04,18.81,18.97,82800
EMN,20100813,30.135,30.38,30.04,30.065,587100
EMR,20100813,48.15,48.45,47.93,48.23,2727300
ENB,20100813,24.21,24.55,24.125,24.41,179400
ENH,20100813,36.12,36.44,35.94,36.22,573300
ENR,20100813,62.38,62.63,61.88,62.1,454200
ENS,20100813,22.37,22.37,22.02,22.22,508800
ENV,20100813,10,10.04,9.99,10,54100
ENZ,20100813,3.85,3.89,3.71,3.72,149700
EOD,20100813,9.4,9.43,9.37,9.43,92700
EOG,20100813,47.655,47.965,46.855,47.085,4069100
EOI,20100813,12.74,12.85,12.68,12.8,83700
EOS,20100813,12.4,12.52,12.39,12.52,87500
EOT,20100813,21.34,21.48,21.25,21.28,66500
EP-C,20100813,36.35,36.48,36.09,36.45,6900
EPD,20100813,18.04,18.49,18.04,18.38,1006700
EPE,20100813,47.69,48.94,47.69,48.74,76600
EPR,20100813,41.41,41.74,41.2,41.46,276700
EPR-C,20100813,18.23,18.23,18.01,18.15,11200
EPR-E,20100813,26.4,26.65,26.4,26.65,2200
EQR,20100813,44.62,45.2,44.62,44.88,1660800
EQS,20100813,2.26,2.26,2.25,2.26,1600
EQT,20100813,36.07,36.55,35.97,36.15,1293100
EQY,20100813,15.74,15.81,15.56,15.58,247000
ERF,20100813,22.61,22.72,22.34,22.57,371400
ERJ,20100813,25.2,25.71,25.16,25.54,506500
ES,20100813,4.86,4.86,4.73,4.73,950600
ESD,20100813,18.98,18.98,18.95,18.96,87300
ESE,20100813,30.54,30.56,29.93,29.99,198700
ESL,20100813,46.84,47.42,46.34,46.78,125400
ESS,20100813,102.27,103.42,102.01,102.58,220900
ESV,20100813,43.72,44.33,43.57,43.71,1700400
ETB,20100813,14.1,14.15,14,14.12,69400
ETE,20100813,17.05,17.45,17.025,17.335,258300
ETG,20100813,13.03,13.11,13,13.03,165200
ETH,20100813,14.64,14.81,13.78,13.91,319000
ETJ,20100813,14.23,14.42,14.2,14.22,166600
ETM,20100813,6.82,6.87,6.64,6.72,100100
ETN,20100813,37.6,37.985,37.5,37.635,917400
ETO,20100813,18.21,18.38,18.2,18.33,35400
ETP,20100813,46.67,47.94,46.46,47.57,516400
ETR,20100813,77.63,79.03,77.52,78.11,941200
ETV,20100813,13.51,13.55,13.42,13.46,90900
ETW,20100813,12.2,12.25,12.16,12.25,226500
ETY,20100813,11.96,12.09,11.8,11.88,364600
EV,20100813,28.92,29.23,28.81,28.92,473000
EVC,20100813,1.95,2.12,1.94,2.1,222300
EVF,20100813,6.8,6.81,6.71,6.8,81700
EVG,20100813,17.2,17.23,17.17,17.23,40400
EVN,20100813,12.77,12.77,12.69,12.76,42100
EVR,20100813,24.85,25.23,24.8,24.8,152300
EVT,20100813,14.91,14.98,14.82,14.89,190400
EW,20100813,28.76,28.82,28.435,28.655,475500
EXC,20100813,41.18,41.72,41.18,41.37,3301500
EXD,20100813,20.1,20.1,19.85,19.97,36900
EXG,20100813,10.78,10.9,10.78,10.88,817600
EXP,20100813,23.72,23.82,22.89,22.95,256400
EXPR,20100813,14.79,15.31,14.43,14.55,216400
EXR,20100813,15.12,15.17,14.94,14.94,719900
F,20100813,12.25,12.37,12.13,12.15,41635400
FAC,20100813,1.64,1.67,1.64,1.65,6200
FAF,20100813,13.52,13.84,13.37,13.57,400000
FAM,20100813,17.15,17.15,17.01,17.11,42900
FBC,20100813,28.6,28.9,27.3,27.4,910600
FBP,20100813,7.95,8.1,7.65,7.8,1021200
FBR,20100813,15.81,16.24,15.79,16.1,3385200
FC,20100813,5.82,5.82,5.51,5.51,47800
FCE.A,20100813,11.64,11.75,11.4,11.4,728000
FCE.B,20100813,11.65,11.65,11.65,11.65,300
FCF,20100813,5.01,5.02,4.97,5,659300
FCH,20100813,4.77,4.88,4.56,4.69,1094200
FCH-A,20100813,20.29,20.3,20.2,20.24,4600
FCN,20100813,34.45,34.96,34.01,34.63,339900
FCT,20100813,13.05,13.14,13.03,13.1,90900
FCX,20100813,34.955,35.245,34.71,35.035,6422200
FDP,20100813,20.33,20.94,20.29,20.73,403800
FDS,20100813,75.73,76.05,75,75.09,295300
FDX,20100813,81.78,82.2,80.78,80.8,1972300
FE,20100813,35.72,36.57,35.68,36.24,3212900
FEO,20100813,19.88,20.03,19.85,20.01,17500
FFA,20100813,11.08,11.23,11.08,11.23,72100
FFC,20100813,16.44,16.53,16.37,16.37,185600
FFG,20100813,22.59,22.85,22.33,22.38,101000
FGB,20100813,6.82,6.86,6.7,6.81,22000
FGP,20100813,24.56,25,24.41,24.91,124400
FHN,20100813,10.42,10.62,10.34,10.34,1685400
FHY,20100813,13.8,13.95,13.8,13.95,24600
FICO,20100813,23.13,23.29,22.72,22.94,343100
FIG,20100813,3.86,3.92,3.83,3.88,544000
FII,20100813,20.56,20.61,20.38,20.43,578300
FIS,20100813,26.35,26.6,26.23,26.5,11572600
FIX,20100813,10.43,10.43,10.13,10.23,128100
FL,20100813,12.49,12.75,12.42,12.51,2428500
FLC,20100813,17.38,17.65,17.37,17.51,50200
FLO,20100813,10.6178,10.7467,10.5689,10.6667,417400
FLR,20100813,45.95,46.74,45.89,46.08,1047900
FLS,20100813,32.0067,32.29,31.8133,32.0733,535100
FLY,20100813,11.3,11.3,11.2,11.3,21100
FMC,20100813,30.32,30.635,30.195,30.36,319400
FMN,20100813,15.03,15.13,15.01,15.13,17200
FMO,20100813,19.95,20.21,19.83,20.15,76900
FMS,20100813,27.895,28.02,27.86,27.945,30100
FMX,20100813,47.98,48.57,47.94,48.04,452200
FMY,20100813,20.25,20.58,20.21,20.54,39600
FN,20100813,14.4,15.55,14.4,15.45,179500
FNB,20100813,7.96,8,7.87,7.87,534400
FNF,20100813,14.08,14.27,14.06,14.08,670400
FOE,20100813,10.04,10.34,9.93,10.06,719800
FOF,20100813,12.08,12.22,12.08,12.12,62100
FOR,20100813,14.06,14.16,13.72,13.92,179000
FPO,20100813,14.88,14.92,14.58,14.89,165200
FPT,20100813,13.94,14.18,13.94,14.16,29000
FR,20100813,4.66,4.76,4.59,4.65,1667700
FRA,20100813,14.82,14.82,14.68,14.77,56000
FRO,20100813,145.25,147.9,145.1,145.45,615200
FRT,20100813,77.29,78.16,77.16,77.56,404900
FSS,20100813,5.49,5.5,5.2,5.25,518500
FT,20100813,6.29,6.29,6.24,6.29,34700
FTI,20100813,30.5,31.03,30.31,30.985,1203800
FTK,20100813,1.45,1.73,1.43,1.57,1291200
FUL,20100813,19.81,19.91,19.5,19.53,169500
FUN,20100813,12.57,12.77,12.33,12.46,95300
G,20100813,14.06,14.18,13.91,13.94,865900
GAB,20100813,4.64,4.67,4.61,4.61,177800
GAB-D,20100813,25.25,25.25,25.25,25.25,100
GAM,20100813,22.48,22.48,22.3,22.32,22500
GAM-B,20100813,25.15,25.26,25.15,25.23,1400
GBL,20100813,35.77,36.03,35.29,35.29,22800
GBX,20100813,11.03,11.1,10.15,10.22,314600
GCH,20100813,11.65,11.7,11.62,11.69,154600
GCI,20100813,12.65,12.97,12.59,12.66,4258800
GCO,20100813,25.54,25.54,24.81,24.84,120900
GCV,20100813,5.77,5.78,5.72,5.78,7800
GCV-B,20100813,25.41,25.41,25.41,25.41,100
GD,20100813,60.52,61.16,60.4,60.67,1895000
GDL,20100813,13.53,13.59,13.5,13.53,46000
GDO,20100813,19,19,18.87,18.97,51400
GDOT,20100813,46.3,46.47,44.82,45.01,46000
GDV,20100813,12.67,12.79,12.67,12.77,152300
GDV-A,20100813,25.37,25.39,25.37,25.39,1100
GDV-D,20100813,25.82,25.82,25.7,25.7,1900
GE,20100813,15.34,15.52,15.34,15.38,41650700
GEF,20100813,55.97,56.74,55.97,56.15,86600
GEF.B,20100813,53.58,54,53.58,54,2000
GEO,20100813,22.7,22.75,22.3,22.37,1448500
GER,20100813,25.58,25.71,25.58,25.62,49500
GES,20100813,37.54,37.65,36.96,36.99,1697200
GF,20100813,12.57,12.65,12.53,12.58,28300
GFA,20100813,13.62,13.8,13.44,13.49,1615200
GFF,20100813,12.53,12.53,11.97,11.97,230700
GFI,20100813,14.17,14.2,13.85,13.96,2208400
GFY,20100813,15.69,15.8,15.67,15.67,6600
GG,20100813,40.2,40.43,39.63,39.66,3720200
GGB,20100813,14.29,14.31,14.09,14.13,3285200
GGG,20100813,29.81,29.86,29.35,29.4,341600
GGP,20100813,13.45,13.69,13.45,13.5,983200
GGT,20100813,6.97,7.2,6.97,7.19,22300
GGT-B,20100813,25.21,25.27,25.21,25.27,400
GHL,20100813,65.66,66.46,65.66,65.88,109600
GIB,20100813,14.11,14.29,14.07,14.09,183500
GIL,20100813,14.87,14.93,14.515,14.79,682200
GIM,20100813,10.45,10.45,10.36,10.39,235500
GIS,20100813,34.4,35.17,34.24,34.86,7104900
GJH,20100813,8.29,8.3,8.29,8.3,900
GJO,20100813,18,18,17.97,17.97,700
GJP,20100813,20.62,21,20.62,21,1700
GJR,20100813,18.66,18.69,18.65,18.65,1700
GJS,20100813,14.72,15,14.72,15,6100
GJT,20100813,16.6,16.6,16.6,16.6,0
GJV,20100813,24.9,24.99,24.8,24.94,2300
GLF,20100813,26.28,26.8,26.04,26.4,185800
GLP,20100813,23.65,23.92,22.95,23.32,43200
GLT,20100813,11.67,11.77,11.55,11.65,154300
GLW,20100813,17.48,17.48,16.83,16.87,22920900
GME,20100813,19.62,19.74,19.46,19.57,2402200
GNK,20100813,156.9,159.7,150.6,150.8,1521700
GNRC,20100813,13,13.14,12.56,12.76,66600
GNW,20100813,11.91,12.11,11.8,11.9,8560900
GOF,20100813,18.93,19.16,18.91,19.07,48800
GOL,20100813,136.7,142,135.3,139,1089600
GPC,20100813,42.03,42.3,41.67,42.01,952800
GPE-A,20100813,25.51,25.73,25.51,25.54,900
GPI,20100813,26.53,26.86,26.31,26.45,467200
GPK,20100813,3.27,3.31,3.25,3.29,304200
GPM,20100813,8.22,8.3,8.22,8.3,26800
GPN,20100813,18.66,18.75,18.555,18.595,438100
GPS,20100813,17.92,18.03,17.64,17.67,5583300
GPX,20100813,7.92,7.95,7.72,7.73,49600
GRA,20100813,25.67,26.27,25.56,25.71,441300
GRR,20100813,19.08,19.08,19.08,19.08,100
GRX,20100813,6.22,6.22,6.16,6.18,10600
GS,20100813,149.38,150.45,148.08,148.08,4225400
GS-A,20100813,19.8,20.43,19.8,20.43,34600
GS-B,20100813,25.13,25.33,25.1,25.32,69000
GS-C,20100813,21.97,21.97,21.73,21.86,11000
GS-D,20100813,20.56,20.77,20.55,20.77,65500
GSH,20100813,17.58,17.7,17.45,17.51,24400
GSK,20100813,37.97,38.3,37.96,38.14,2645900
GSL,20100813,2.69,2.73,2.59,2.65,73000
GTN,20100813,2.39,2.63,2.31,2.32,141000
GTN.A,20100813,2.29,2.29,2.29,2.29,0
GTS,20100813,19.26,19.39,19,19.2,81100
GTY,20100813,24.21,24.38,24,24.26,115500
GUT,20100813,8.05,8.05,7.94,7.97,26500
GUT-A,20100813,25.99,26.41,25.9,26.26,7100
GVA,20100813,22.32,22.48,22.22,22.34,355200
GWR,20100813,38.75,39.24,38.03,38.6,193800
GWW,20100813,110.42,110.54,109.44,109.66,623900
GXP,20100813,18.02,18.45,17.99,18.3,796800
GYB,20100813,18.11,18.25,18.06,18.06,10400
GYC,20100813,21.2,21.35,21.09,21.21,9900
H,20100813,37.61,37.97,36.51,36.6,146900
HAE,20100813,26.485,26.535,26.205,26.355,86300
HAL,20100813,28.52,28.81,27.98,28.1,11367200
HAR,20100813,29.63,30.2,29.31,29.61,1256300
HBI,20100813,6.7325,6.77,6.57,6.59,836800
HCN,20100813,44.65,45.12,44.63,44.72,1247200
HCP,20100813,34.35,34.78,34.31,34.51,2427700
HD,20100813,27.51,27.71,27.27,27.31,9315900
HDB,20100813,31.722,31.886,31.466,31.712,127200
HE,20100813,23.84,23.98,23.68,23.83,560500
HE-U,20100813,25.11,25.37,25.01,25.3,1200
HEI,20100813,17.92,18.0838,17.8381,17.8688,92900
HEI.A,20100813,16.448,16.48,16.1536,16.352,49800
HEP,20100813,23.205,23.76,22.985,23.63,46600
HES,20100813,52.88,53.74,52.73,52.77,1975700
HF,20100813,7.78,7.78,7.5,7.52,61000
HFC,20100813,13.15,13.405,13.125,13.225,310000
HGG,20100813,20.7,20.74,20.13,20.4,263000
HGT,20100813,19.52,20.56,19.52,20.5,130000
HHS,20100813,10.22,10.26,10.03,10.09,210100
HI,20100813,20.31,20.44,20.18,20.31,169400
HIG,20100813,20.63,21.2,20.51,20.88,4854200
HIL,20100813,3.99,4.04,3.91,3.91,54400
HIO,20100813,6.29,6.29,6.25,6.26,186100
HIW,20100813,30.11,30.43,30.08,30.17,729500
HIX,20100813,9.9,9.95,9.89,9.92,318200
HJV,20100813,23.2,23.49,23.09,23.49,5200
HK,20100813,16.21,16.54,16.03,16.15,3549300
HL,20100813,4.94,4.96,4.84,4.84,3685700
HL-B,20100813,52,52,52,52,1100
HLF,20100813,27.115,27.685,27.055,27.275,427500
HLS,20100813,17.13,17.36,17.07,17.25,429200
HLX,20100813,9.55,9.6,9.35,9.43,1250100
HMC,20100813,32.24,32.4,31.96,32.06,341200
HMN,20100813,16.15,16.21,15.87,15.98,193100
HMY,20100813,10.83,10.93,10.76,10.89,1571600
HNI,20100813,25.35,25.35,24.71,24.77,178500
HNP,20100813,23.94,24.14,23.94,24.06,84300
HNR,20100813,29.2,30,29.2,29.8,250000
HOG,20100813,25.48,25.84,25.39,25.57,1826300
HON,20100813,41.12,41.51,41.07,41.32,3236300
HOS,20100813,15.9,16.24,15.75,16.06,254700
HOV,20100813,3.96,4.1,3.92,3.92,1930100
HP,20100813,37.96,38.52,37.39,37.42,1099000
HPF,20100813,19.17,19.29,19.1,19.14,57600
HPI,20100813,19.17,19.28,19.17,19.28,79700
HPP,20100813,16.41,16.76,16.41,16.59,47300
HPQ,20100813,18.3864,18.6273,18.2955,18.3864,29473400
HPS,20100813,16.93,17,16.88,16.95,130300
HQH,20100813,11.41,11.51,11.41,11.47,34100
HQL,20100813,9.21,9.28,9.19,9.21,14400
HR,20100813,23.6,23.67,23.36,23.47,368900
HRB,20100813,14.21,14.24,14,14.13,2421800
HRC,20100813,33.92,33.99,33.55,33.62,490400
HRG,20100813,6.11,6.14,6,6,14700
HRL,20100813,10.635,10.7975,10.635,10.725,480200
HRS,20100813,43.58,44.22,43.51,43.82,836800
HSC,20100813,22.04,22.44,22.02,22.17,520900
HST,20100813,13.62,13.79,13.55,13.68,6235700
HSY,20100813,46.04,46.57,45.83,46.35,1208900
HT,20100813,4.74,4.87,4.63,4.7,1196800
HTD,20100813,14.04,14.14,14.03,14.1,100900
HTH,20100813,10.11,10.14,9.93,9.93,363300
HTY,20100813,12.1,12.18,12.04,12.18,19100
HTZ,20100813,38.56,39.2,37.72,37.72,4968100
HUM,20100813,49.12,49.53,48.57,49.33,1160000
HUN,20100813,9.42,9.52,9.29,9.32,2443500
HVT,20100813,11.42,11.5,10.94,10.95,40200
HVT.A,20100813,11.1,11.1,11,11,300
HW,20100813,3.51,3.56,3.33,3.33,618600
HXL,20100813,17.61,17.8,17.29,17.33,760600
HYB,20100813,10.13,10.13,9.95,10.05,93200
HYH,20100813,23.5,23.65,23.5,23.5,1900
HYT,20100813,11.56,11.58,11.47,11.52,106400
HZO,20100813,6.68,6.71,6.59,6.59,136100
IAE,20100813,17.34,17.45,17.17,17.17,22100
IAG,20100813,17.74,17.86,17.52,17.67,1942600
IBA,20100813,18.2,18.3,17.78,17.82,12300
IBM,20100813,127.96,128.46,127.33,127.87,4670500
IBN,20100813,8.262,8.33,8.19,8.246,2419800
ICB,20100813,17.52,17.52,17.42,17.51,19000
ICE,20100813,20.064,20.158,19.114,19.292,1897300
IDA,20100813,35.25,35.81,35.19,35.43,324600
IDE,20100813,17.1,17.29,17.09,17.16,28100
IDT,20100813,17.39,17.76,16.95,17.08,263400
IEX,20100813,31.19,31.31,30.93,30.94,208200
IFF,20100813,45.67,46.44,45.66,46.35,728900
IFN,20100813,32.09,32.55,32.09,32.52,140500
IGA,20100813,12.8,12.88,12.73,12.79,41600
IGD,20100813,10.71,10.75,10.68,10.71,192500
IGI,20100813,22.1,22.17,22.02,22.03,20100
IGR,20100813,6.99,7.03,6.97,6.99,189600
IGT,20100813,15.15,15.5,15.14,15.22,3647800
IHC,20100813,6.57,6.63,6.54,6.6,8600
IHG,20100813,20.064,20.328,20.064,20.244,207000
IID,20100813,10.53,10.69,10.53,10.6,13800
IIF,20100813,23.87,24.05,23.8,24.04,38200
IIM,20100813,15.27,15.32,15.25,15.32,48400
IL,20100813,12.13,12.32,12.02,12.32,241400
IMAX,20100813,14.16,14.39,14.13,14.24,455100
IMN,20100813,8.87,9,8.81,8.94,188100
INB,20100813,10.49,10.55,10.32,10.5,32800
ING,20100813,9.36,9.46,9.25,9.25,1273000
INT,20100813,25.87,26,25.34,25.4,650200
INZ,20100813,22.37,22.71,22.3,22.6,92600
IO,20100813,60.6,62.4,60.15,61.2,1001100
IOC,20100813,65.35,66.25,64.52,64.82,234800
IP,20100813,21.75,22.16,21.67,21.87,4363500
IPG,20100813,8.63,8.75,8.6,8.64,2697800
IPI,20100813,23.69,23.99,23.27,23.55,935500
IQI,20100813,13.51,13.59,13.48,13.57,17200
IR,20100813,35.18,35.61,35.07,35.29,2383800
IRL,20100813,6.18,6.22,6.18,6.18,6100
IRM,20100813,22.13,22.2,21.97,21.97,837700
IRR,20100813,15.01,15.07,14.93,15,32200
IRS,20100813,12.18,12.39,12.15,12.3,50300
ISF,20100813,20.16,20.22,20.08,20.11,173700
ISG,20100813,20.37,20.48,20.22,20.34,110100
ISP,20100813,20.18,20.25,20.08,20.11,124100
IT,20100813,27.42,27.6,27.23,27.5,807500
ITG,20100813,14.51,14.62,14.29,14.34,309300
ITT,20100813,22.1,22.505,22.015,22.255,1524500
ITUB,20100813,21.27,21.55,21.21,21.39,4791200
ITW,20100813,42.96,43.41,42.86,43.02,2455700
IVC,20100813,24.18,24.36,23.74,24.01,180500
IVR,20100813,20.51,20.58,20.3,20.31,155300
IVZ,20100813,18.44,18.74,18.39,18.51,1580000
IX,20100813,38.09,38.42,37.9,37.92,6400
JBK,20100813,21.15,21.15,21.05,21.15,1000
JBL,20100813,11.71,11.93,11.55,11.55,2532700
JBN,20100813,24.31,24.31,23.69,24.1,2200
JBR,20100813,23.63,24.1,23.63,23.89,1900
JBT,20100813,15.14,15.28,14.86,14.9,146300
JCE,20100813,11.95,12.05,11.9,11.96,45300
JCI,20100813,27.75,28.06,27.35,27.37,5306900
JCP,20100813,21.1,21.2,19.79,19.82,11514500
JDD,20100813,10.45,10.45,10.35,10.42,22300
JEC,20100813,35,35.5,34.96,35.16,804900
JEQ,20100813,5.16,5.21,5.16,5.19,44000
JFC,20100813,13.33,13.46,13.33,13.46,4300
JFR,20100813,11.08,11.12,11,11.1,93100
JHI,20100813,21.12,21.44,21.12,21.39,4100
JHS,20100813,14.87,14.87,14.73,14.8,11200
JHX,20100813,25.01,25.01,24.95,24.95,200
JKS,20100813,19.04,19.64,18.72,18.91,250100
JLL,20100813,74.99,76,74.76,75.6,390500
JLS,20100813,24.35,24.58,24.22,24.52,11600
JMP,20100813,6.56,6.84,6.52,6.6,71000
JMT,20100813,23.85,23.99,23.59,23.89,7800
JNJ,20100813,58.49,58.49,58.06,58.15,8549800
JNPR,20100813,25.64,25.87,25.48,25.63,4034900
JNS,20100813,9.63,9.8,9.6,9.75,2386200
JOE,20100813,25.26,25.4,24.87,24.87,432300
JOF,20100813,8.07,8.11,8.04,8.07,9900
JOY,20100813,56.54,57.31,56,56.63,892800
JPC,20100813,7.89,7.96,7.86,7.96,157700
JPM,20100813,37.8,38.04,37.5,37.5,24564000
JPM-B,20100813,26.3,26.4,26.14,26.39,232900
JPM-E,20100813,50.29,50.29,50.25,50.25,2100
JPM-F,20100813,50.23,50.23,50.23,50.23,0
JPM-G,20100813,50.26,50.26,50.24,50.24,300
JPM.W,20100813,12.69,12.72,12.51,12.51,65500
JPS,20100813,8.12,8.19,8.1,8.13,248000
JQC,20100813,8.36,8.43,8.36,8.42,189200
JRO,20100813,11.23,11.31,11.23,11.31,38700
JTA,20100813,10.59,10.67,10.59,10.65,42300
JTD,20100813,11.88,11.88,11.73,11.8,33400
JW.A,20100813,37.04,37.35,36.88,36.93,63900
JW.B,20100813,37.05,37.25,37.01,37.05,1600
JWN,20100813,31.5,32.3,30.85,31.05,8843400
K,20100813,50.22,51.02,50.06,50.64,3457000
KAI,20100813,16.95,17.27,16.75,16.97,43300
KAR,20100813,11.4,11.46,11.16,11.19,207500
KB,20100813,41,41.25,40.81,40.96,274000
KBH,20100813,10.41,10.62,10.31,10.32,1990900
KBR,20100813,22.66,23.18,22.62,22.97,1110400
KCC,20100813,25.3,25.3,25.25,25.3,3300
KCG,20100813,13.94,13.97,13.52,13.54,1357000
KED,20100813,14.93,15.09,14.8,14.81,77700
KEF,20100813,9.94,10.05,9.94,10.04,15100
KEG,20100813,8.69,8.75,8.52,8.53,978500
KEM,20100813,9.72,9.99,8.34,9.27,502300
KEP,20100813,12.95,13.11,12.95,13.05,261300
KEX,20100813,37.63,37.95,37.52,37.64,179500
KEY,20100813,7.79,8.02,7.78,7.82,10133400
KEY-G,20100813,100.08,102.03,100.08,102.03,2300
KF,20100813,36.95,37,36.79,37,8500
KFS,20100813,1.98,1.98,1.8,1.81,58700
KFY,20100813,14.13,14.16,13.81,13.88,249200
KGC,20100813,15.4,15.56,15.16,15.16,8132100
KIM,20100813,14.53,14.83,14.5,14.58,4833200
KKR,20100813,10.11,10.18,9.98,10.16,1260100
KMB,20100813,62.3873,62.4928,62.0614,62.1381,2243800
KMM,20100813,9.56,9.6,9.51,9.57,70100
KMT,20100813,26.29,26.52,26.06,26.23,365400
KMX,20100813,20.77,21.14,20.63,20.82,1659000
KND,20100813,12.32,12.42,12.19,12.28,151300
KNL,20100813,13.22,13.36,12.92,13.07,161600
KNX,20100813,19.47,19.64,19.4,19.48,763800
KO,20100813,27.82,27.99,27.685,27.865,7461000
KOF,20100813,69.65,70.57,69.28,70.18,57000
KOP,20100813,22.92,23.13,22.57,22.75,116900
KR,20100813,10.925,11.01,10.825,11,4694200
KRA,20100813,27.35,27.35,26.68,26.77,146300
KRC,20100813,30.51,30.93,30.35,30.45,543600
KRG,20100813,16.84,17.04,16.52,16.64,222600
KRO,20100813,18.3,18.415,17.55,17.95,16300
KS,20100813,5.755,5.87,5.615,5.65,187900
KSM,20100813,13.47,13.55,13.47,13.55,3900
KSS,20100813,46.27,46.46,44.94,44.99,5964500
KST,20100813,12.6,12.74,12.58,12.66,17100
KSU,20100813,34.47,34.67,34.23,34.44,1106600
KSU.P,20100813,21.9,21.9,21.65,21.65,500
KT,20100813,18.11,18.3,18.11,18.2,297500
KTF,20100813,12.83,12.9,12.81,12.83,27800
KTH,20100813,28.87,28.87,28.64,28.67,4400
KTN,20100813,26.47,26.67,26.43,26.57,2600
KTP,20100813,24.99,25.2,24.79,25.2,4100
KW,20100813,9.92,9.92,9.74,9.75,46800
KWR,20100813,30.98,31.42,30.06,30.81,138800
KYE,20100813,24.9,25.15,24.83,25,62200
KYN,20100813,25.68,25.92,25.51,25.72,345600
KYO,20100813,43.99,44.28,43.9,43.9,600
L,20100813,36.84,37.36,36.84,37.05,1616800
LAD,20100813,7.86,7.97,7.65,7.83,140600
LAZ,20100813,31.23,31.89,31.05,31.72,358600
LBF,20100813,7.77,7.83,7.39,7.77,34400
LCM,20100813,10.79,10.93,10.73,10.8,22400
LDF,20100813,16.88,16.9,16.74,16.8,5400
LDL,20100813,7.49,7.55,7.37,7.38,62200
LDR,20100813,57.76,57.76,55.86,56.18,58600
LEA,20100813,38.885,39.325,38.34,39.015,218500
LEE,20100813,2.44,2.55,2.42,2.43,104000
LEG,20100813,19.84,20.07,19.66,19.68,978600
LEN,20100813,13.44,13.57,13.25,13.33,2818100
LEN.B,20100813,10.59,10.78,10.59,10.68,7900
LEO,20100813,8.82,8.94,8.82,8.94,93900
LFC,20100813,21.4433,21.5467,21.3467,21.4167,382800
LFL,20100813,24.99,27.33,24.8,27.2,1271200
LGF,20100813,6.34,6.45,6.26,6.35,250300
LGI,20100813,13.8,13.85,13.6,13.74,36700
LH,20100813,75.13,75.53,74.84,75.01,510000
LHO,20100813,21.06,21.19,20.86,21.05,719400
LII,20100813,42.4,43.3,42.35,42.93,330100
LL,20100813,21.44,21.69,20.7,20.74,510100
LLL,20100813,69.73,71.17,69.47,70.26,1128800
LLY,20100813,35.39,35.84,35.23,35.7,13055500
LM,20100813,28.22,28.41,27.58,27.78,2392700
LMT,20100813,72.24,73.52,72.22,72.72,2096200
LNC,20100813,22.78,23.17,22.57,22.69,3417200
LNN,20100813,35.42,35.42,33.7,34.14,169700
LNT,20100813,17.35,17.77,17.325,17.7,997100
LOR,20100813,11.15,11.22,11.1,11.12,22600
LOW,20100813,19.62,20.06,19.55,19.59,13805400
LPL,20100813,15.01,15.21,14.83,15.09,1067700
LPX,20100813,6.77,6.85,6.71,6.74,1717300
LRN,20100813,24.54,24.61,23.57,23.58,236300
LSI,20100813,4.21,4.26,4.2,4.2,8047000
LTC,20100813,24.6,24.69,24,24.24,167900
LUB,20100813,5.08,5.2,5.08,5.14,38100
LUK,20100813,20.95,21.12,20.83,20.83,641900
LUV,20100813,11.38,11.49,11.29,11.4,2976800
LUX,20100813,24.64,24.83,24.57,24.65,25500
LVLT,20100813,16.5,16.95,16.5,16.8,2842300
LVS,20100813,28.44,28.85,28.3,28.39,26129300
LXP,20100813,6.44,6.5,6.37,6.37,756700
LXP-C,20100813,38.8,38.8,38.03,38.45,6600
LXU,20100813,16.04,16.24,15.95,16.06,86900
LYG,20100813,4.39,4.43,4.35,4.4,2715100
LYV,20100813,8.57,8.64,8.34,8.43,1359400
LZB,20100813,7.15,7.18,7.01,7.11,441000
M,20100813,20.14,20.47,20.05,20.13,9364700
MA,20100813,21.284,21.3,21.039,21.064,824500
MAA,20100813,54.9,55.15,54.64,54.75,387500
MAC,20100813,39.26,39.9,38.91,39.29,1314300
MAIN,20100813,16.28,16.38,16.03,16.34,58000
MAN,20100813,44.74,44.75,44.15,44.38,343500
MAS,20100813,10.5,10.59,10.39,10.48,7351300
MAV,20100813,14.17,14.2,14.11,14.16,33000
MBI,20100813,9.13,9.5,9.11,9.22,3683800
MBT,20100813,21.86,21.92,21.43,21.51,2129400
MCA,20100813,14.5,14.57,14.28,14.53,52600
MCD,20100813,71.69,72.47,71.69,71.89,5939500
MCI,20100813,14.36,14.83,14.265,14.475,17000
MCK,20100813,60.79,61.31,60.12,60.65,2972300
MCN,20100813,8.43,8.43,8.23,8.27,63400
MCO,20100813,22.18,22.18,21.9,21.9,1107900
MCR,20100813,9.62,9.64,9.59,9.62,93600
MCS,20100813,11.23,11.29,10.87,10.9,95800
MCY,20100813,38.45,38.48,38.06,38.13,164400
MD,20100813,24.335,24.35,24.07,24.1,283900
MDC,20100813,26.03,26.31,25.92,25.94,688700
MDP,20100813,31.5,31.64,31.04,31.33,595600
MDR,20100813,13.01,13.35,12.97,13,3844100
MDT,20100813,35.87,35.98,35.49,35.57,5515700
MDU,20100813,18.94,19.29,18.91,19.01,569600
MED,20100813,28.7,28.77,27.86,27.91,330000
MEG,20100813,9.09,9.29,9,9.02,94500
MEI,20100813,9.66,9.74,9.43,9.49,205500
MEN,20100813,11.38,11.43,11.35,11.36,33200
MER-K,20100813,22.88,23.01,22.87,23,176800
MER-P,20100813,24.8,24.98,24.76,24.98,57200
MET,20100813,40.53,40.55,39.52,39.56,7641800
MET-A,20100813,23.75,23.85,23.68,23.7,56800
MFA,20100813,7.33,7.37,7.25,7.26,3343900
MFC,20100813,12.25,12.41,11.73,12.19,9252400
MFD,20100813,11.93,12.02,11.92,11.99,9400
MFG,20100813,3.13,3.13,3.07,3.08,180400
MFL,20100813,14.52,14.57,14.5,14.53,55200
MFM,20100813,7.12,7.2,7.1,7.18,30600
MFT,20100813,14.42,14.44,14.4,14.41,10300
MFV,20100813,8.1,8.1,8,8.07,26400
MG,20100813,9.7,9.98,9.27,9.48,72900
MGA,20100813,18.365,19.1225,18.3425,19.035,737200
MGF,20100813,7.65,7.65,7.61,7.62,29200
MGM,20100813,10.11,10.22,10.06,10.09,12616800
MGU,20100813,15.17,15.41,15.17,15.25,20100
MHD,20100813,16.34,16.41,16.28,16.31,49100
MHF,20100813,7.78,7.86,7.78,7.82,39300
MHI,20100813,15.16,15.22,15.16,15.19,30300
MHK,20100813,46.26,46.41,45.18,45.26,885700
MHN,20100813,14.88,14.96,14.88,14.96,93400
MHO,20100813,9.97,10.15,9.82,9.95,195600
MHO-A,20100813,17.12,17.12,17.12,17.12,100
MIC,20100813,13.34,13.44,13.2,13.34,129800
MIN,20100813,6.98,6.99,6.94,6.96,454800
MIY,20100813,14.99,14.99,14.9,14.97,14900
MJN,20100813,51.31,52.86,51.16,52.58,1301900
MKC,20100813,39.75,39.95,39.6,39.75,381500
MKC.V,20100813,39.72,39.72,39.72,39.72,0
MKL,20100813,331,333.35,324.04,324.1,25700
MLI,20100813,11.95,11.99,11.715,11.905,187600
MLM,20100813,77.94,78.82,77.75,77.78,464300
MLP,20100813,4,4.18,4,4.13,20500
MLR,20100813,13.41,13.41,13.03,13.07,51900
MMC,20100813,23.57,23.68,23.46,23.49,1764400
MMM,20100813,83.9,84.45,83.74,84.01,2081500
MMP,20100813,24.135,24.575,24.135,24.515,325900
MMS,20100813,14.05,14.2275,13.98,14.05,137100
MMT,20100813,6.94,6.96,6.93,6.96,114100
MMU,20100813,13.25,13.33,13.24,13.33,50100
MNE,20100813,13.77,13.87,13.77,13.87,3600
MNI,20100813,30.8,32.2,30.1,30.6,623800
MNP,20100813,14.76,14.76,14.57,14.66,27300
MNR,20100813,7.26,7.38,7.17,7.17,75200
MO,20100813,22.42,22.51,22.29,22.35,6404900
MOD,20100813,10.27,10.89,10.27,10.5,277000
MOG.A,20100813,31.62,32.27,31.42,31.71,150000
MOG.B,20100813,31.83,31.83,31.83,31.83,0
MOH,20100813,17.8067,17.9533,17.5933,17.74,274400
MON,20100813,57.53,58.44,57.13,57.29,4187600
MOS,20100813,51.76,52.01,50.4,51.2,3301900
MOV,20100813,10.75,10.9,10.7,10.75,59200
MP-D,20100813,24.85,25.2,24.8,25.2,1000
MPA,20100813,15.61,15.68,15.6,15.65,10200
MPG,20100813,2.69,2.74,2.69,2.69,950100
MPV,20100813,13.83,13.88,13.35,13.67,21400
MPW,20100813,9.5,9.54,9.44,9.46,557000
MPX,20100813,5.57,5.75,5.41,5.41,22000
MQT,20100813,13.22,13.35,13.22,13.31,48100
MQY,20100813,15.02,15.1,15.02,15.07,41300
MRK,20100813,34.8,35.15,34.65,35,8755600
MRO,20100813,32.94,33.25,32.74,32.76,3583600
MRT,20100813,4.66,4.66,4.33,4.33,38200
MS,20100813,26.05,26.18,25.85,25.9,8966000
MS-A,20100813,19.75,20.09,19.65,19.99,234100
MSA,20100813,23.14,23.39,22.88,23.07,119300
MSB,20100813,23.03,24.47,23.01,23.48,129600
MSCI,20100813,31.25,31.45,31.1,31.23,341800
MSD,20100813,11.04,11.15,10.99,11.15,48700
MSF,20100813,13.82,13.83,13.76,13.82,16700
MSI,20100813,55.86,56.14,53.34,53.48,43221900
MSM,20100813,48.17,48.61,47.76,48.12,118300
MSP,20100813,11.63,11.65,11.54,11.54,41600
MT,20100813,30.23,30.62,30.09,30.2,2931200
MTB,20100813,85.38,86.08,84.81,85.35,865200
MTD,20100813,114.16,114.68,113.3,113.56,122200
MTG,20100813,7.34,7.5,7.24,7.25,2581500
MTH,20100813,16.54,16.88,16.25,16.42,237400
MTL,20100813,43.5,44.26,43.18,43.36,1051700
MTL.P,20100813,7.4,7.49,7.3,7.46,236300
MTN,20100813,33.87,34.24,33.53,33.86,290600
MTR,20100813,45,45.45,44.05,45.15,4700
MTRN,20100813,22.91,23.03,22.31,22.51,193100
MTT,20100813,21.97,22.12,21.9,22.12,26100
MTU,20100813,4.82,4.82,4.78,4.81,505100
MTW,20100813,9.67,9.89,9.52,9.56,1676300
MTX,20100813,25.515,25.575,25.185,25.28,89900
MTZ,20100813,9.62,9.83,9.57,9.8,485300
MUA,20100813,12.88,12.98,12.88,12.95,26000
MUC,20100813,14.27,14.39,14.25,14.39,56400
MUE,20100813,14.27,14.36,14.26,14.35,37400
MUH,20100813,15.42,15.42,15.32,15.34,40300
MUI,20100813,15.63,15.64,15.36,15.43,181900
MUJ,20100813,15.33,15.4,15.31,15.39,55200
MUR,20100813,53.59,55.19,53.59,54.82,2519300
MUS,20100813,14.24,14.29,14.23,14.29,13700
MUSA,20100813,12.07,12.25,11.92,12.17,68200
MVC,20100813,12.46,12.56,12.35,12.43,107700
MVO,20100813,28,28.1,27.88,27.99,31100
MVT,20100813,15.45,15.56,15.45,15.56,22700
MWA,20100813,2.56,2.7,2.53,2.62,2916200
MXE,20100813,9.23,9.28,9.23,9.28,9700
MXF,20100813,23.57,23.75,23.52,23.62,8600
MXL,20100813,9.73,9.81,9.7,9.75,62900
MYC,20100813,14.7,14.71,14.65,14.71,22200
MYD,20100813,14.78,14.85,14.75,14.8,59100
MYE,20100813,7.83,7.85,7.6,7.61,134100
MYF,20100813,14.62,14.63,14.59,14.62,15400
MYI,20100813,14.26,14.32,14.23,14.32,137400
MYJ,20100813,15.34,15.34,15.23,15.3,27100
MYN,20100813,13.8,13.95,13.8,13.93,73300
MZF,20100813,15.13,15.14,14.99,14.99,14900
NAC,20100813,13.97,14.03,13.96,14.01,24300
NAD,20100813,14.85,14.86,14.82,14.85,39400
NAN,20100813,14.14,14.23,14.14,14.2,8400
NAT,20100813,28.79,29.05,28.55,28.58,480100
NAV,20100813,45.9,46.16,45.06,45.16,814000
NAV-D,20100813,15.5,15.5,15.5,15.5,100
NAZ,20100813,13.67,13.69,13.67,13.68,1700
NBB,20100813,20.15,20.18,20.08,20.18,87100
NBL,20100813,33.035,33.755,32.98,33.575,1235200
NBR,20100813,16.25,16.53,16.13,16.46,5226300
NC,20100813,87.56,87.75,84.83,85.05,20600
NCA,20100813,9.57,9.63,9.5,9.6,24600
NCI,20100813,10.1,10.14,9.91,9.99,302700
NCR,20100813,12.45,12.67,12.39,12.39,1475300
NCS,20100813,8.96,9.06,8.86,8.92,178400
NCT,20100813,15.54,16.44,15.48,16.14,351400
NCT-B,20100813,15.75,15.75,15.55,15.7,1700
NCT-C,20100813,14.8,14.8,14.8,14.8,0
NCT-D,20100813,14.8,14.8,14.8,14.8,0
NCV,20100813,9.68,9.74,9.65,9.71,111700
NCZ,20100813,8.87,8.99,8.87,8.93,121500
NE,20100813,32.55,33.12,32.37,32.6,1902500
NEE,20100813,51.99,52.49,51.73,52.02,1060200
NEE-C,20100813,25.41,25.62,25.34,25.58,12200
NEM,20100813,57.66,57.9,56.56,56.72,4437500
NEU,20100813,100.94,101.57,99.01,99.91,62300
NEV,20100813,14.82,14.83,14.66,14.73,52100
NFG,20100813,46.43,46.77,46.03,46.07,436900
NFJ,20100813,14.76,14.83,14.71,14.79,219900
NFX,20100813,51.1,52.26,50.56,50.6,1613500
NGG,20100813,42.05,42.6,42.04,42.38,535400
NGS,20100813,14.09,14.4,14.08,14.17,76000
NHI,20100813,38.31,38.46,37.85,38.13,210500
NI,20100813,16.44,16.68,16.35,16.57,1706200
NIE,20100813,16.17,16.21,16.05,16.08,37200
NIM,20100813,10.88,10.92,10.61,10.79,29400
NJR,20100813,19.075,19.25,18.945,18.97,292900
NKE,20100813,17.8525,17.87,17.62,17.645,2187100
NL,20100813,9.78,9.9,9.48,9.68,48200
NLS,20100813,1.83,1.88,1.79,1.8,53500
NLY,20100813,17.83,17.84,17.36,17.39,16984600
NLY-A,20100813,26.35,26.4,26.16,26.39,20200
NM,20100813,5.35,5.58,5.32,5.44,432000
NMI,20100813,11.35,11.37,11.34,11.37,5200
NMK-B,20100813,82,82,82,82,0
NMK-C,20100813,80.25,80.25,80.25,80.25,0
NMM,20100813,17.02,17.5,17.02,17.18,126200
NMR,20100813,5.81,5.82,5.73,5.74,289800
NMT,20100813,15.16,15.16,14.98,15.01,9700
NMY,20100813,15.23,15.23,15.09,15.2,6800
NNA,20100813,6.15,6.25,6.15,6.17,4500
NNC,20100813,15.6,15.6,15.58,15.6,5600
NNI,20100813,19.39,19.52,18.93,19,148100
NNN,20100813,23.34,23.67,23.3,23.4,783900
NNY,20100813,9.89,10.04,9.88,10.02,15600
NOA,20100813,8.72,8.89,8.59,8.59,58700
NOC,20100813,56.34,56.84,56.27,56.57,2178400
NOK,20100813,8.92,9.04,8.86,8.86,15499600
NOV,20100813,39.41,40.04,39.13,39.49,3341000
NP,20100813,16.68,16.82,16.04,16.06,124800
NPK,20100813,99.67,99.67,97.06,97.54,19100
NPO,20100813,28.38,28.65,28.02,28.36,142300
NPV,20100813,16.28,16.4,16.28,16.3,2800
NQP,20100813,14.69,14.79,14.66,14.79,35600
NR,20100813,7.89,8.03,7.84,8,846900
NRF,20100813,6.86,7.08,6.86,6.88,554600
NRF-A,20100813,17.2,17.32,16.92,17,8500
NRF-B,20100813,15.83,15.83,15.7,15.78,26400
NRG,20100813,22.3,22.73,21.81,21.96,5427000
NRP,20100813,253.8,256.8,251.9,255.8,184100
NRT,20100813,27.01,27.55,27.01,27.27,2000
NS,20100813,57.31,58.35,57.31,57.94,242800
NSC,20100813,54.64,55.25,54.5,54.68,1696500
NSH,20100813,29.04,29.59,29.04,29.47,63200
NSL,20100813,6.99,6.99,6.91,6.96,45600
NSM,20100813,12.86,13.09,12.82,12.83,1921200
NSR,20100813,21.75,21.78,21.59,21.69,237700
NTC,20100813,14.36,14.36,14.35,14.35,3400
NTG,20100813,25,25.01,25,25,203000
NTL,20100813,22.1,22.18,22.07,22.18,11100
NTT,20100813,21.43,21.48,21.34,21.38,125100
NTX,20100813,16.6,16.63,16.53,16.61,8400
NTZ,20100813,3.38,3.41,3.37,3.41,17600
NUE,20100813,38.31,38.45,38.01,38.09,1993200
NUM,20100813,14.44,14.46,14.4,14.41,22100
NUO,20100813,16.34,16.5,16.28,16.5,10800
NUS,20100813,26.74,27.01,26.4,26.59,561900
NUV,20100813,10.05,10.1,10.05,10.06,147000
NUW,20100813,17.27,17.27,17.14,17.15,25700
NVO,20100813,17.134,17.344,17.132,17.26,95600
NVR,20100813,615,621.07,615,616.28,57800
NVS,20100813,50.15,50.38,50.03,50.19,1198100
NW-C,20100813,23.21,23.3,23.18,23.3,17000
NWE,20100813,28.58,28.69,28.31,28.49,159200
NWL,20100813,15.93,16.18,15.9,16.02,1691000
NWN,20100813,45.88,46.42,45.27,45.83,206200
NWY,20100813,2.1,2.19,2.1,2.14,92700
NX,20100813,16.21,16.26,15.67,15.76,276000
NXC,20100813,14.25,14.31,14.1,14.31,21800
NXN,20100813,14.08,14.14,14.08,14.14,6100
NXP,20100813,14.89,14.9,14.73,14.87,22400
NXQ,20100813,13.97,14.05,13.96,14.01,18000
NXR,20100813,14.63,14.65,14.59,14.62,5500
NYT,20100813,7.83,7.98,7.67,7.71,1287400
O,20100813,31.95,32.83,31.93,32.48,649200
OAS,20100813,17.44,18.09,17.44,17.74,311400
OB,20100813,14.12,14.34,14.05,14.3,72800
OC,20100813,25.95,26.18,25.72,25.74,2419900
OCN,20100813,8.97,9.12,8.95,9.05,836900
ODC,20100813,19.53,20.21,19.53,19.53,13700
OFC,20100813,37.02,37.49,36.84,36.93,443100
OFG,20100813,12.26,12.38,12.13,12.23,136800
OFG-A,20100813,22,22,22,22,0
OFG-B,20100813,22.25,22.25,22.25,22.25,0
OGE,20100813,19.65,19.965,19.65,19.845,247100
OHI,20100813,21.2,21.3,20.93,21.15,704500
OI,20100813,25.72,25.89,25.26,25.28,1223800
OIA,20100813,6.86,6.86,6.79,6.83,33400
OII,20100813,24.98,25.225,24.695,24.74,513900
OIS,20100813,43.19,43.7,42.82,42.85,270500
OKE,20100813,22.39,22.84,22.38,22.6,651300
OKS,20100813,33.745,34.585,33.745,34.545,145500
OLN,20100813,18.78,19.04,18.61,18.81,454600
OLP,20100813,14.51,14.74,14.36,14.4,46200
OMC,20100813,36.55,36.67,36.25,36.36,1542700
OME,20100813,5.45,5.56,5.45,5.49,66300
OMI,20100813,27.14,27.14,26.71,26.73,387700
OMN,20100813,7.11,7.22,6.88,6.96,278600
OPY,20100813,24.09,24.37,23.68,23.84,51400
ORA,20100813,26.46,27.54,26.44,27.08,138200
ORCL,20100813,22.76,22.94,22.51,22.66,29793400
ORI,20100813,12.37,12.54,12.37,12.45,1036300
ORN,20100813,12.5,12.56,12.34,12.35,364200
OSG,20100813,34.31,34.53,33.82,33.88,620300
OSK,20100813,27.54,27.77,26.93,26.97,808500
OXM,20100813,21.17,21.32,20.36,20.44,97500
OXY,20100813,76.14,76.8,75.3,75.39,3507200
OZM,20100813,13.65,13.75,13.51,13.66,143200
PAA,20100813,30.34,30.705,30.25,30.505,214500
PAC,20100813,30.29,30.8,30.29,30.77,102100
PAG,20100813,12.84,12.92,12.58,12.59,480000
PAI,20100813,13.84,13.92,13.73,13.89,21600
PAM,20100813,10.37,10.39,10.16,10.2,57500
PAR,20100813,9.58,9.76,9.47,9.65,246800
PAY,20100813,21.46,21.67,21.16,21.43,670400
PBH,20100813,7.61,7.67,7.45,7.6,120900
PBI,20100813,19.47,19.72,19.34,19.55,2038500
PBR,20100813,35.95,36.12,35.68,35.87,5883700
PBR.A,20100813,31.36,31.52,31.15,31.32,4645900
PBT,20100813,18.47,18.74,18.47,18.56,144200
PCF,20100813,8.11,8.28,8.11,8.25,39700
PCG,20100813,45.53,45.9,45.41,45.71,2614900
PCK,20100813,9.58,9.62,9.57,9.6,22600
PCM,20100813,10.64,10.8,10.25,10.8,42300
PCN,20100813,15.7,15.77,15.57,15.76,59800
PCQ,20100813,13.83,13.93,13.82,13.84,33200
PDM,20100813,16.96,17.44,16.96,17.17,302800
PDS,20100813,6.92,6.93,6.68,6.73,451800
PDT,20100813,11.32,11.42,11.28,11.4,89800
PEB,20100813,17.75,17.75,17.17,17.45,467500
PEG,20100813,31.5,32.07,31.38,31.71,2645500
PEI,20100813,11.71,11.84,11.22,11.23,819800
PEO,20100813,21.34,21.56,21.34,21.39,25400
PEP,20100813,65.07,65.71,64.86,65.56,4517600
PFD,20100813,12.61,12.67,12.4,12.49,32100
PFE,20100813,16.16,16.25,16.03,16.08,32406200
PFG,20100813,22.72,23.21,22.6,22.89,2704700
PFH,20100813,23.93,24.2,23.93,24.2,1500
PFK,20100813,24.75,24.9,24.69,24.9,13700
PFL,20100813,11.57,11.57,11.38,11.54,64100
PFN,20100813,10.29,10.38,10.25,10.34,84200
PFO,20100813,10.17,10.33,10.03,10.28,22800
PFS,20100813,11.24,11.32,11.14,11.3,442200
PG,20100813,59.74,60.6,59.69,59.82,8807700
PGH,20100813,9.43,9.68,9.43,9.64,593300
PGP,20100813,20.28,20.49,20.02,20.3,110700
PGR,20100813,19.16,19.38,19.09,19.18,2089000
PH,20100813,62.67,63.8,62.48,63.52,1906800
PHD,20100813,12.58,12.58,12.45,12.45,45200
PHG,20100813,29.02,29.2,28.62,28.62,1141200
PHH,20100813,20.5,20.64,20.15,20.18,595300
PHI,20100813,53.99,54.78,53.96,54.55,122100
PHK,20100813,13.29,13.37,13.2,13.25,392900
PHM,20100813,8,8.16,7.91,8.1,5930900
PHT,20100813,15.95,16.13,15.95,16,52500
PHX,20100813,24.85,25.85,24.71,24.76,11500
PII,20100813,27.9,27.965,27.19,27.235,384400
PIM,20100813,6.41,6.47,6.39,6.47,185800
PIR,20100813,6.34,6.5,6.31,6.36,1211100
PIY,20100813,24.93,25.24,24.93,25.12,2500
PJC,20100813,28.04,28.37,27.76,27.81,154800
PJT,20100813,24.5,24.65,24.5,24.65,6400
PKD,20100813,4,4.01,3.84,3.85,555900
PKE,20100813,25.42,25.63,24.9,25.13,74200
PKG,20100813,23.18,23.33,23,23.02,559800
PKI,20100813,21.47,21.61,21.33,21.44,1028800
PKO,20100813,25.94,25.94,25.62,25.82,36100
PKX,20100813,103.33,103.98,102.67,102.94,214100
PKY,20100813,14.75,15.04,14.57,14.77,105800
PLD,20100813,23.9,24.41,23.89,24.19,1032400
PLOW,20100813,11.03,11.3,10.86,11.2,27600
PLT,20100813,27.94,28.04,27.5,27.62,412000
PM,20100813,51.59,52.28,51.59,51.99,6277800
PMC,20100813,7.91,8.09,7.56,7.8,1442900
PMF,20100813,14.72,14.81,14.72,14.79,55800
PML,20100813,11.71,11.79,11.67,11.78,37500
PMM,20100813,7.83,7.87,7.81,7.87,96100
PMO,20100813,11.95,11.99,11.93,11.97,74200
PMT,20100813,17.15,17.33,17,17.01,64100
PMX,20100813,11.75,11.85,11.75,11.81,46700
PNC,20100813,56.15,56.45,55.02,55.09,4700400
PNC.W,20100813,11.87,11.98,11.5,11.5,75500
PNF,20100813,11.5,11.62,11.47,11.6,6200
PNI,20100813,12.2,12.32,12.18,12.32,16100
PNM,20100813,11.33,11.51,11.33,11.46,626300
PNR,20100813,31.76,31.99,31.53,31.62,278000
PNW,20100813,39.29,39.84,39.27,39.5,720800
POL,20100813,10.02,10.08,9.73,9.73,658000
POR,20100813,19.46,19.85,19.38,19.69,524400
POT,20100813,37.4567,37.5833,36.6667,37.1133,4239100
PPG,20100813,33.25,33.485,33.135,33.155,721900
PPL,20100813,26.41,27.1,26.31,26.88,5187500
PPR,20100813,5.47,5.54,5.47,5.54,293200
PPT,20100813,6.77,6.8,6.76,6.8,399900
PQ,20100813,22.32,22.4,21.36,21.84,821800
PRA,20100813,27.585,27.72,27.38,27.38,119100
PRI,20100813,21.11,21.2,20.94,20.97,107900
PRO,20100813,6.97,7.48,6.97,7.37,56400
PRU,20100813,55.41,56.15,55.31,55.49,2494400
PSA,20100813,97.66,99.11,97.32,98.16,957900
PSA-A,20100813,24.39,24.39,24.28,24.28,2400
PSA-B,20100813,25.46,25.46,25.31,25.41,6100
PSA-C,20100813,24.53,24.64,24.53,24.6,6300
PSA-D,20100813,23.73,23.94,23.73,23.87,12000
PSA-E,20100813,24.95,24.99,24.94,24.96,1100
PSA-W,20100813,24.39,24.39,24.31,24.35,2400
PSA-X,20100813,24.14,24.2,24.1,24.2,41400
PSA-Z,20100813,24.4,24.52,24.38,24.42,3000
PSB,20100813,59.72,60.12,59.04,59.74,122800
PSO,20100813,15.27,15.43,15.27,15.39,1958000
PTR,20100813,110.41,110.92,110.05,110.09,164700
PTY,20100813,17.24,17.41,17.23,17.37,160800
PUK,20100813,17.28,17.45,17.18,17.22,122100
PUK-A,20100813,24.73,24.98,24.7,24.97,63200
PUK.P,20100813,25.3,25.5,25.04,25.35,7300
PVG,20100813,19.49,20.06,19.42,19.99,393700
PVH,20100813,50.68,50.71,49.18,49.24,673900
PWE,20100813,19,19.2,18.91,19.14,912100
PWR,20100813,18.73,19.07,18.7,18.88,1525300
PX,20100813,86.96,87.58,86.68,87.29,1514800
PXD,20100813,56.28,57.37,56.22,56.37,1253600
PYN,20100813,9.91,9.95,9.89,9.94,7100
PYS,20100813,20.94,20.99,20.92,20.99,11500
PYT,20100813,18.3,18.39,18,18,2200
PZC,20100813,10.02,10.12,10.02,10.07,58400
PZE,20100813,8.035,8.235,7.97,8.215,57700
PZN,20100813,6.61,6.73,6.52,6.52,33100
Q,20100813,5.66,5.7,5.65,5.69,28140900
QEP,20100813,30.75,31.25,29.92,30.14,1841300
QTM,20100813,1.25,1.38,1.25,1.33,2877200
QUAD,20100813,43,44.35,43,44.15,115000
R,20100813,40.55,40.85,40.13,40.33,468900
RA,20100813,10.14,10.28,9.97,9.98,88900
RAD,20100813,0.96,0.96,0.93,0.95,2074900
RAI,20100813,28.215,28.325,28.085,28.185,764000
RAS,20100813,4.8,4.92,4.2,4.2,6612300
RAS-A,20100813,16.54,16.7,16.4,16.42,6400
RAS-B,20100813,17.31,17.35,17.02,17.24,7600
RAS-C,20100813,18.25,18.25,18.08,18.12,1700
RBA,20100813,17.6,17.69,17.43,17.52,201900
RBC,20100813,58.43,59.04,58.26,58.28,358800
RBS,20100813,14.56,14.72,14.54,14.6,207700
RBS-F,20100813,22.66,22.75,22.34,22.34,144800
RBS-H,20100813,21.66,21.72,21.39,21.48,22600
RBS-L,20100813,17.04,17.13,16.68,17.03,91500
RBS-S,20100813,13.92,14.06,13.92,13.92,23000
RCI,20100813,35.22,35.35,34.82,35.12,256900
RCL,20100813,25.93,26.2,25.66,25.7,1929700
RCS,20100813,11.63,11.67,11.27,11.36,155600
RDC,20100813,25.4,25.97,25.4,25.76,1466000
RDN,20100813,6.7,6.83,6.49,6.49,3889900
RDS.A,20100813,55.16,55.81,55.14,55.47,756800
RDS.B,20100813,53.3,54.02,53.3,53.74,333600
RDY,20100813,28.24,28.99,28.24,28.89,135200
RE,20100813,78.94,79.49,78.54,79.11,271900
REG,20100813,37.4,37.74,36.96,36.96,992100
REN,20100813,57.15,57.35,55.7,55.9,156800
RES,20100813,7.5689,7.6355,7.4889,7.5555,269500
REV,20100813,11.11,11.25,10.77,11.2,100400
REX,20100813,14.26,14.26,13.66,13.75,19700
RF,20100813,7.13,7.27,7.11,7.15,12737200
RFI,20100813,10.76,10.91,10.76,10.87,10700
RGA,20100813,46.79,47.19,46.57,46.71,249500
RGC,20100813,13.12,13.12,12.85,12.98,1352300
RGR,20100813,13.88,14,13.55,13.76,147700
RGS,20100813,17.35,17.54,17.13,17.25,633700
RHI,20100813,23.59,24.01,23.48,23.72,1464700
RHT,20100813,30.74,31.46,30.62,30.93,1933100
RIG,20100813,53.89,54.75,53.45,54.15,4083800
RIO,20100813,51.24,51.73,50.88,51,1879600
RJF,20100813,25.28,25.45,25,25.03,322400
RL,20100813,81.16,81.3,80,80.36,586200
RLH,20100813,6.51,6.53,6.3,6.32,99900
RLI,20100813,27.055,27.32,26.84,26.91,64400
RMD,20100813,30.99,31.66,30.895,31.375,335200
RMT,20100813,7.3,7.35,7.25,7.28,48400
RNP,20100813,11.81,11.88,11.77,11.82,82200
RNR,20100813,55.62,56.17,55.62,55.86,238100
RNR-C,20100813,22.05,22.25,21.81,22.1,16000
ROG,20100813,28.69,28.79,28.22,28.25,69700
ROK,20100813,51.05,52.15,51.05,51.47,1406800
ROL,20100813,9.2089,9.3111,9.1555,9.1867,183300
ROP,20100813,59.86,59.98,59.28,59.42,448700
RPM,20100813,17.89,17.89,17.45,17.46,985600
RPT,20100813,10.73,10.86,10.62,10.64,129800
RQI,20100813,6.75,6.88,6.75,6.84,276300
RRC,20100813,36.18,36.87,35.63,35.66,2396100
RRTS,20100813,13.4,13.63,13.23,13.48,36600
RS,20100813,38.88,38.97,38.29,38.36,428400
RSG,20100813,29.42,29.72,29.38,29.4,2343400
RSO,20100813,5.89,5.92,5.8,5.83,658700
RST,20100813,17.92,18.01,17.56,17.59,75200
RT,20100813,9.72,9.72,9.32,9.33,356600
RTN,20100813,44.49,45.19,44.49,44.74,2134200
RVT,20100813,10.82,10.87,10.74,10.74,94100
RWT,20100813,14.55,14.65,14.41,14.49,415200
RY,20100813,49.42,49.96,49.1,49.15,558400
RYN,20100813,31.36,31.7067,31.28,31.4733,600900
S,20100813,4.48,4.54,4.45,4.48,22204600
SAB,20100813,12.32,12.34,12.25,12.25,600
SAH,20100813,8.64,8.67,8.49,8.53,519400
SAM,20100813,64.52,65.55,64.52,64.94,116500
SAN,20100813,84.84,85.35,84.21,84.36,65000
SAP,20100813,44.53,44.91,44.4,44.43,769800
SAR,20100813,17.75,18.92,17.65,18.51,4600
SB,20100813,7.57,7.65,7.52,7.52,49800
SBH,20100813,8.9,8.95,8.58,8.64,657700
SBR,20100813,52.05,52.75,52.05,52.54,9600
SBS,20100813,6.5733,6.7367,6.5717,6.705,339400
SBW,20100813,13.52,13.58,13.47,13.49,28700
SCCO,20100813,29.72,29.72,29.2,29.28,1623200
SCD,20100813,10.39,10.44,10.38,10.4,30400
SCG,20100813,38.36,38.97,38.35,38.61,629200
SCHW,20100813,14.73,14.87,14.5,14.52,7539400
SCI,20100813,8.15,8.23,8.02,8.14,522800
SCL,20100813,29.5,29.71,28.89,28.92,65200
SCS,20100813,6.96,7.04,6.88,6.96,705900
SCX,20100813,9.06,9.17,8.75,9.15,11000
SD,20100813,4.8,4.87,4.6,4.62,9584900
SDRL,20100813,22.68,23.04,22.67,22.88,743800
SE,20100813,20.9,21.34,20.78,21.27,3765400
SEE,20100813,21.59,21.79,21.56,21.64,985300
SEM,20100813,7.01,7.15,6.94,6.99,150900
SEP,20100813,32.46,33.37,32.46,33.29,36800
SF,20100813,30.4933,30.6267,30.06,30.1333,273900
SFE,20100813,11.45,11.48,10.81,11.02,172400
SFL,20100813,18.63,18.66,18.3,18.32,254900
SGF,20100813,13.61,13.63,13.55,13.63,9500
SGU,20100813,4.4,4.43,4.37,4.41,121800
SGY,20100813,122.8,125.4,117.2,117.7,1135200
SHG,20100813,39.8,39.995,39.495,39.735,36300
SHI,20100813,27.7933,28.0067,27.7,27.8667,18900
SHO,20100813,9.59,9.59,9.35,9.39,722200
SHW,20100813,69.19,69.61,68.75,69.1,1210800
SID,20100813,16.73,16.79,16.46,16.52,3156600
SIG,20100813,27.83,27.98,27.5,27.5,306400
SIX,20100813,8.0625,8.1175,7.9625,8,24000
SJI,20100813,23.225,23.335,23.045,23.09,99300
SJM,20100813,57.87,58.4,57.87,58.15,1000400
SJR,20100813,19.71,20.01,19.68,19.92,104000
SJT,20100813,23.93,24.63,23.93,24.49,124500
SJW,20100813,22.76,23.06,22.35,22.9,43800
SKM,20100813,16.05,16.07,15.94,16.02,415200
SKT,20100813,21.875,22.17,21.825,21.975,453400
SKX,20100813,9.5667,9.6067,9.0767,9.13,1744600
SLB,20100813,59,59.84,58.72,58.76,5598900
SLF,20100813,25.1,25.22,24.43,24.48,930900
SLG,20100813,57.41,58.58,56.99,57.02,749700
SLW,20100813,19.79,19.96,19.65,19.88,2635800
SM,20100813,36.49,37.44,36.49,37.23,789400
SMG,20100813,47.77,48.78,47.71,48.6,638200
SMI,20100813,3.44,3.47,3.33,3.45,396600
SMP,20100813,9.45,9.69,9.32,9.62,129200
SNA,20100813,41.36,42.12,41.36,41.78,651700
SNE,20100813,30.07,30.26,29.9,30.01,715600
SNN,20100813,17.732,17.852,17.712,17.728,56700
SNP,20100813,60.4077,60.8308,60.3154,60.6,91800
SNV,20100813,16.1,17.29,16.1,17.01,9956100
SNX,20100813,23.48,23.55,23.11,23.27,318200
SNY,20100813,28.8,28.89,28.53,28.64,2567800
SO,20100813,35.61,36.14,35.6,35.84,3407900
SOL,20100813,7.66,7.82,7.47,7.48,906300
SON,20100813,31.51,32.1,31.41,31.85,337500
SOR,20100813,43.15,43.44,42.89,43.14,3700
SOV-C,20100813,25.2,25.99,24.95,25.99,2300
SPA,20100813,4.96,5.07,4.96,5,45000
SPB,20100813,28.09,28.63,27.24,27.25,58100
SPE,20100813,13.22,13.24,13.22,13.22,6200
SPG,20100813,88.57,90.47,88.57,89.26,1947900
SPG-J,20100813,65,65.95,64.92,65.19,900
SPH,20100813,47.29,48.1,47.17,47.96,62000
SPN,20100813,22.37,22.75,22.16,22.6,645900
SPR,20100813,19.84,20.18,19.66,19.95,1340200
SQM,20100813,39.38,39.9,39.28,39.43,159500
SR,20100813,16.1,16.55,16,16.2,82200
SRE,20100813,50.89,51.56,50.89,51.15,1002200
SRI,20100813,9.76,9.76,9.13,9.21,111900
SRT,20100813,4.82,4.93,4.82,4.82,9000
SRV,20100813,8.55,8.71,8.54,8.71,219200
SSD,20100813,22.89,23.11,22.53,22.73,210100
SSI,20100813,10.57,10.57,10.05,10.11,197400
SSL,20100813,39.39,39.75,39.3,39.53,210200
SSP,20100813,7.36,7.36,7.22,7.25,299300
SSW,20100813,10.6,10.62,10.4,10.43,121900
ST,20100813,16.46,17.02,16.46,16.75,191200
STC,20100813,10.05,10.19,9.98,10.01,99800
STE,20100813,30.56,30.56,30.04,30.17,307500
STI,20100813,24.26,24.73,24.23,24.39,3953800
STI-A,20100813,20.21,20.97,20.21,20.4,3700
STJ,20100813,37.3,37.52,37.21,37.23,1183700
STK,20100813,18,18.22,17.96,18.11,27500
STL,20100813,8.74,8.77,8.48,8.5,86500
STM,20100813,7.51,7.6,7.47,7.5,2023300
STN,20100813,12.12,12.34,12.085,12.31,10500
STNG,20100813,10.55,10.7,10.36,10.5,37000
STO,20100813,19.8,19.99,19.75,19.84,1126200
STT,20100813,37.24,37.77,37.21,37.28,3190500
STV,20100813,6.05,6.14,6.05,6.11,25100
STWD,20100813,2.6358,2.6358,2.5979,2.6091,211400
STZ,20100813,16.8,16.96,16.7,16.7,828800
STZ.B,20100813,16.69,16.69,16.69,16.69,0
SU,20100813,31.61,31.98,31.45,31.59,2595600
SUI,20100813,27.95,28,27.44,27.48,124900
SUN,20100813,34.8,36,34.77,35.7,2548600
SUP,20100813,14.46,15.24,14.41,14.7,250900
SVU,20100813,11.01,11.09,10.91,10.99,2125500
SWC,20100813,12.87,12.95,12.56,12.74,1259800
SWK,20100813,54.62,55.51,54.32,54.93,1238500
SWM,20100813,23.995,24.565,23.995,24.46,328100
SWN,20100813,34.32,35.16,34.27,34.47,4036700
SWX,20100813,31.46,31.66,31.19,31.25,119800
SWZ,20100813,11.33,11.4,11.32,11.37,16000
SXE,20100813,37.48,37.5,37.47,37.5,130700
SXI,20100813,26.22,26.31,25.23,25.32,70600
SXL,20100813,12.4084,12.555,12.4084,12.4934,51700
SXT,20100813,27.79,27.89,27.4,27.52,160600
SYK,20100813,46.75,46.85,46.38,46.57,1235700
SYT,20100813,46.6,47.05,46.58,46.84,333800
SYX,20100813,13.17,13.38,12.72,12.86,131700
SYY,20100813,30.09,30.13,29.89,29.98,3216900
T,20100813,26.62,26.88,26.54,26.72,23750500
TAC,20100813,19.56,19.79,19.56,19.63,40200
TAL,20100813,23.59,23.73,23.12,23.14,222000
TAP,20100813,45.55,45.89,45.43,45.62,856400
TAP.A,20100813,44.56,44.56,44.56,44.56,0
TBI,20100813,11.73,12.01,11.48,11.72,213500
TCAP,20100813,15.16,15.23,14.75,14.76,52100
TCB,20100813,14.58,14.71,14.37,14.37,980700
TCB.W,20100813,5.24,5.24,5.04,5.1,600
TCI,20100813,9.15,9.15,9.15,9.15,400
TCO,20100813,41.31,41.95,41.31,41.62,508400
TD,20100813,33.945,34.255,33.85,34.08,801900
TDA,20100813,25.24,25.26,25.16,25.22,71400
TDC,20100813,29.9,30.23,29.79,29.8,1325000
TDF,20100813,26.58,26.58,26.43,26.55,92000
TDG,20100813,56.13,56.61,55.98,56.03,356800
TDI,20100813,24.64,24.98,24.57,24.95,17900
TDS,20100813,31.2,31.4,31.06,31.08,167700
TDW,20100813,38.94,39.43,38.88,39.01,594800
TDY,20100813,38.59,38.85,38.29,38.42,116000
TEF,20100813,22.49,22.6267,22.3067,22.31,537700
TEI,20100813,16.13,16.26,16.09,16.17,93600
TEL,20100813,26.64,26.94,26.59,26.73,2041300
TEN,20100813,26.3,26.75,25.86,26.13,880400
TEO,20100813,19.63,20.06,19.53,19.88,106600
TER,20100813,9.5,9.78,9.5,9.61,5305000
TEVA,20100813,50.18,50.49,49.88,49.97,3097900
TEX,20100813,19.07,19.46,18.98,19.1,1857600
TFX,20100813,51.32,51.93,51.1,51.52,152500
TG,20100813,17.12,17.12,16.58,16.88,91600
TGH,20100813,28.04,28.8,27.58,27.77,147900
TGI,20100813,34.38,34.755,34.19,34.43,300200
TGP,20100813,32.87,34.3,32.87,34.01,211900
TGS,20100813,3.55,3.8,3.53,3.67,22400
TGT,20100813,51.63,51.66,50.74,50.81,3834800
THC,20100813,16.84,17.04,16.68,16.68,4312100
THG,20100813,43.63,43.93,43.57,43.6,419700
THO,20100813,25.79,26.06,24.92,25.01,428500
THS,20100813,42.81,42.88,42.36,42.49,281900
TI,20100813,13.62,13.77,13.59,13.62,295800
TI.A,20100813,11.04,11.18,11.02,11.12,27700
TIF,20100813,42.3,42.6,41.78,41.79,3403900
TJX,20100813,20.775,20.825,20.43,20.45,3163100
TK,20100813,26.34,26.71,26.09,26.13,495200
TKC,20100813,14.63,14.78,14.59,14.76,213000
TKF,20100813,14.99,15.18,14.92,15.02,6800
TKR,20100813,33.9,34.8,33.85,34.42,1051900
TLI,20100813,11.08,11.11,11.08,11.1,8400
TLK,20100813,18.755,19.005,18.755,18.995,121300
TLP,20100813,32.15,32.33,31.76,32.28,18200
TM,20100813,70.18,70.32,69.6,69.87,397200
TMH,20100813,13.58,13.59,12.99,13.02,44400
TMK,20100813,22.6755,22.8755,22.48,22.5022,668900
TMO,20100813,44.31,44.72,44.14,44.3,2219400
TNC,20100813,31.73,32.35,31.5,31.62,147800
TNH,20100813,91.19,92.35,91.09,91.1,28900
TNK,20100813,13.23,13.39,13.01,13.13,282500
TNP,20100813,13.1,13.3,12.94,13.01,100300
TOL,20100813,16.37,16.63,16.3,16.43,1383700
TOO,20100813,22.14,23.03,21.92,22.71,132100
TOT,20100813,49.68,50.38,49.64,49.76,2698000
TPC,20100813,19.76,19.88,19.5,19.62,314600
TPL,20100813,26.31,26.42,26.17,26.17,4900
TPX,20100813,29.24,29.29,28.48,28.65,1567900
TPZ,20100813,21.7,21.94,21.66,21.87,29800
TR,20100813,24.11,24.43,23.97,24.2,125300
TRC,20100813,22.15,22.31,21.8,21.83,68000
TREX,20100813,10.28,10.33,10.065,10.065,133400
TRI,20100813,35.18,35.73,35.12,35.54,693900
TRK,20100813,13.55,13.61,13.29,13.38,45600
TRN,20100813,8.84,8.965,8.735,8.785,537900
TRNO,20100813,17.62,17.71,17.6,17.65,22400
TRP,20100813,34.63,34.89,34.54,34.73,181600
TRR,20100813,2.93,2.95,2.85,2.95,2700
TRU,20100813,4.1,4.1,3.95,3.98,1700
TRV,20100813,49.68,50.58,49.41,50.14,5029100
TS,20100813,34.69,35.51,34.69,35.12,1671600
TSI,20100813,5.05,5.08,5.04,5.04,61800
TSL,20100813,22.18,22.69,21.72,21.76,1959900
TSM,20100813,9.76,9.89,9.67,9.7,14208500
TSN,20100813,15.98,16.39,15.9,16.27,4443900
TSO,20100813,12,12.17,11.93,11.97,2964700
TSS,20100813,14.31,14.4,14.23,14.36,964300
TSU,20100813,28.25,28.63,28.25,28.54,178400
TTC,20100813,12.375,12.4875,12.2375,12.27,207600
TTF,20100813,10.86,10.93,10.84,10.92,64900
TTI,20100813,8.65,8.8,8.52,8.55,685300
TTM,20100813,22.14,22.14,21.54,21.55,1725300
TU,20100813,18.97,19.15,18.965,19.11,65700
TUP,20100813,40.4,40.77,40.13,40.26,865900
TV,20100813,19,19.22,19,19.12,1401600
TVC,20100813,26.77,26.88,26.77,26.81,6800
TVE,20100813,26.11,26.25,26.11,26.14,29400
TWI,20100813,10.77,11,10.58,10.58,365900
TWN,20100813,14.85,14.96,14.85,14.96,42600
TWX,20100813,30.61,31.03,30.51,30.81,4063800
TX,20100813,33.23,33.6,32.44,32.49,225700
TXT,20100813,18.36,18.7,18.15,18.16,6845000
TY,20100813,11.41,11.52,11.41,11.48,42800
TY.P,20100813,45.91,45.91,45.91,45.91,0
TYG,20100813,34.38,35.07,34.34,35,64300
TYL,20100813,17,17.1,16.88,16.9,152000
UA,20100813,4.5275,4.62,4.4838,4.4863,373300
UAL,20100813,21.4,21.65,21.15,21.48,2486500
UAM,20100813,13.88,14.07,13.7,13.92,102100
UBA,20100813,17.08,17.08,16.77,16.96,93200
UBP,20100813,14.67,14.73,14.6,14.73,2100
UBS,20100813,16.54,16.65,16.42,16.43,4066000
UDR,20100813,19.58,20.34,19.5,20.15,1636500
UFI,20100813,3.9,3.96,3.8,3.9,107500
UFS,20100813,30.555,30.875,29.925,29.98,715600
UGI,20100813,17.66,18.08,17.6267,17.92,526200
UGP,20100813,13.0475,13.2525,13.0425,13.1425,38800
UHS,20100813,35.95,36.49,35.56,36.31,558200
UHT,20100813,32,32.28,31.97,31.97,44700
UIS,20100813,22.79,23.41,22.62,23.03,840400
UL,20100813,26.7,26.91,26.66,26.66,1268900
UMC,20100813,2.99,2.99,2.89,2.93,5487500
UN,20100813,27.06,27.26,26.98,27.02,2869200
UNF,20100813,41.44,41.44,40.35,40.38,50800
UNH,20100813,32.01,32.19,31.65,32.03,6868500
UNM,20100813,20.75,21.01,20.63,20.81,3117600
UNP,20100813,36.71,37.31,36.625,36.725,2093400
UNT,20100813,35.34,35.76,34.84,34.97,452400
UPS,20100813,64.22,64.8,64.12,64.44,3304100
URI,20100813,12,12.17,11.93,12.03,713700
USA,20100813,4.16,4.19,4.16,4.17,263300
USB,20100813,22.43,22.63,22.22,22.22,5521800
USB-A,20100813,784.89,784.89,784.89,784.89,100
USB-H,20100813,21.36,21.69,21.28,21.32,12100
USG,20100813,11.49,11.97,11.48,11.68,1782300
USM,20100813,42.8,43.69,42.8,43.39,95100
USPH,20100813,16.69,16.82,16.29,16.42,38300
UTF,20100813,14.28,14.47,14.28,14.37,206400
UTI,20100813,15.75,15.78,14.83,14.84,229200
UTL,20100813,21.33,21.44,21.08,21.13,60500
UTX,20100813,70.27,70.98,70.13,70.7,2472900
UVV,20100813,36.74,37,36.16,36.36,249400
V,20100813,18.235,18.28,18.0375,18.055,3642900
VAL,20100813,30.41,30.67,30.22,30.45,387300
VAL.P,20100813,24.33,24.56,24.23,24.27,4863700
VALE,20100813,27.91,28.17,27.74,27.75,11216800
VAR,20100813,55.2,55.86,55,55.33,1184500
VBF,20100813,20.74,20.74,20.6,20.7,11600
VCO,20100813,47.25,48.22,47.25,47.89,32200
VCV,20100813,13.01,13.16,13.01,13.16,24300
VFC,20100813,19.2125,19.3275,19.1175,19.1275,487500
VG,20100813,2.14,2.17,2.02,2.02,2896900
VGM,20100813,15.04,15.09,14.98,15.07,61000
VGR,20100813,18.78,18.94,18.7,18.83,223400
VHI,20100813,4.9967,5.0933,4.89,4.91,11200
VIV,20100813,21,21.26,20.72,21.18,65900
VKQ,20100813,14.32,14.35,14.31,14.33,39200
VLO,20100813,16.91,17.18,16.85,16.85,8504100
VLT,20100813,16.55,16.58,16.45,16.46,5900
VLY,20100813,13.7,13.79,13.47,13.48,632500
VLY-A,20100813,25.42,25.42,25.41,25.41,400
VLY.W,20100813,2.24,2.24,2.24,2.24,0
VMC,20100813,38.6,38.89,38.32,38.32,1519000
VMI,20100813,67.86,67.86,66.81,67.12,157300
VMO,20100813,14.62,14.7,14.62,14.67,43500
VMW,20100813,74.34,77.11,74.34,76.38,3057400
VNO,20100813,81.25,82.19,80.99,81,1218300
VNO-G,20100813,23.64,23.73,23.52,23.7,8800
VNO-I,20100813,23.39,23.74,23.39,23.6,12600
VPG,20100813,14.51,14.51,14.33,14.4,28200
VPV,20100813,13.92,14.02,13.9,14.02,24500
VR,20100813,24.54,24.77,24.41,24.57,320100
VRS,20100813,2.66,2.77,2.51,2.58,218500
VRX,20100813,57.75,58.08,57.5,57.75,568600
VSH,20100813,8.24,8.64,8.21,8.52,2428100
VSI,20100813,25.29,25.44,24.55,25.1,111300
VTA,20100813,11.91,11.99,11.87,11.98,96300
VTN,20100813,15.19,15.44,15.13,15.42,32000
VTR,20100813,49.78,50.42,49.78,49.86,1136700
VVC,20100813,24.65,25.01,24.63,24.84,295900
VVI,20100813,18.27,18.27,17.66,17.66,92300
VVR,20100813,4.6,4.65,4.59,4.62,247200
VZ,20100813,30.16,30.29,29.92,30.03,14639500
WAB,20100813,20.91,21.01,20.78,20.815,110700
WAL,20100813,6.78,6.93,6.65,6.73,349400
WAT,20100813,62.84,63.32,62.35,62.39,1145800
WBC,20100813,36.35,36.76,36.15,36.17,266300
WBK,20100813,20.08,20.202,19.94,19.97,14700
WBS,20100813,16.9,17,16.38,16.39,637400
WCC,20100813,34.37,34.56,33.9,33.9,378600
WCG,20100813,26.6,26.62,26.05,26.33,347300
WCN,20100813,25.4267,25.4467,25.26,25.26,228100
WDR,20100813,23.27,23.46,23.11,23.16,485000
WEA,20100813,14.74,14.88,14.39,14.66,40200
WEC,20100813,27.37,27.795,27.37,27.61,679500
WES,20100813,24.21,24.41,24.03,24.25,329500
WF,20100813,34.92,34.92,34.92,34.92,100
WFC,20100813,25.99,26.3,25.81,25.84,25494100
WFC-J,20100813,28,28.28,27.99,28.19,176000
WFC-L,20100813,1000,1006.92,995,1003,2300
WFC.W,20100813,8.02,8.02,7.7,7.77,121200
WFT,20100813,15.39,15.64,15.31,15.37,4153600
WG,20100813,7.26,7.44,7.12,7.19,650100
WGL,20100813,35.61,36.08,35.41,35.6,271700
WGO,20100813,9.51,9.66,9.09,9.1,320900
WHG,20100813,32.67,32.67,30.53,30.54,39600
WHR,20100813,77.99,77.99,76.43,76.74,1591600
WIA,20100813,12.66,12.73,12.66,12.71,32000
WIT,20100813,13.21,13.39,13.18,13.2,221300
WIW,20100813,12.33,12.43,12.33,12.41,102700
WLK,20100813,13.785,13.96,13.585,13.855,164700
WLL,20100813,43.285,44.5,43.285,43.865,883100
WM,20100813,33.06,33.24,33,33.01,1241300
WMB,20100813,19.37,19.68,19.37,19.44,2938900
WMK,20100813,34.55,34.61,34.03,34.23,49000
WMS,20100813,36.46,37.93,36.36,37.76,1087200
WMT,20100813,50.33,50.74,50,50.4,10098300
WNC,20100813,6.98,7,6.75,6.77,845000
WNR,20100813,4.67,4.76,4.64,4.64,944200
WNS,20100813,8.94,9.03,8.46,8.83,24900
WOR,20100813,13.95,14.2,13.87,13.99,335000
WPC,20100813,29,29.42,28.33,28.85,53200
WPZ,20100813,43.39,43.66,43.2,43.31,187800
WR,20100813,23.56,23.94,23.51,23.85,711200
WRB,20100813,26.45,26.59,26.32,26.42,900900
WRD,20100813,22.95,23.15,22.95,23.1,10100
WRE,20100813,29.76,30.21,29.63,29.9,461000
WRI,20100813,19.91,20.09,19.7,19.77,1616600
WSM,20100813,26.82,26.94,26.46,26.68,1872500
WSO,20100813,53.16,53.7,52.88,53,170200
WST,20100813,17.185,17.185,16.78,16.78,174000
WTI,20100813,9.17,9.36,9,9.01,319600
WTM,20100813,305.5,310,305.5,306.28,14200
WTR,20100813,15.448,15.576,15.328,15.344,799500
WTS,20100813,31.64,32.14,31.41,31.47,195100
WTW,20100813,28.8,28.93,28.64,28.72,233800
WU,20100813,15.98,16.17,15.95,15.98,3544600
WWE,20100813,14.36,14.42,14.1,14.13,250100
WWW,20100813,13.325,13.37,13.045,13.06,260200
WY,20100813,16.38,16.61,16.35,16.36,2185300
WYN,20100813,24.79,25.19,24.68,24.88,1241700
X,20100813,45.22,46.14,44.99,45.1,8061600
XCO,20100813,14.49,14.85,14.46,14.77,1711800
XEC,20100813,66.14,68.71,66.14,68.08,2513400
XEL,20100813,22.25,22.64,22.24,22.42,4956100
XIN,20100813,2.65,2.75,2.56,2.67,1259900
XKE,20100813,9.09,9.09,9.09,9.09,0
XL,20100813,17.96,18.35,17.91,18,3570200
XOM,20100813,59.96,60.45,59.8,59.91,14656200
XRM,20100813,11.89,11.99,10.91,11.3,88300
XRX,20100813,9.05,9.22,8.98,9.01,8906400
Y,20100813,292.37,294.44,291.34,292.47,10700
YGE,20100813,107.2,109,104.9,105.7,1592400
YPF,20100813,42.52,43,42.26,42.26,700
YUM,20100813,40.8,41.04,40.62,40.85,2005500
YZC,20100813,20.84,21.09,20.83,20.84,94200
ZB-A,20100813,16.74,16.74,16.63,16.65,8500
ZF,20100813,12.2,12.2,12.04,12.04,289600
ZNH,20100813,24.29,24.46,24.17,24.45,19500
ZTR,20100813,14.88,15.08,14.88,15,215600
