<ticker>,<date>,<open>,<high>,<low>,<close>,<vol>
A,20120130,29.9928,30.8941,29.8426,30.8727,2922600
AA,20120130,30.87,31.26,30.66,30.96,19304100
AAN,20120130,27.69,28.28,27.6,28.12,753100
AAP,20120130,76.96,76.97,75.01,76.57,1028600
AAT,20120130,21.89,22.14,21.7,21.96,146200
AAV,20120130,3.65,3.67,3.59,3.65,328200
AB,20120130,14.96,15.09,14.84,14.92,336000
ABB,20120130,20.63,20.7,20.44,20.55,5924400
ABC,20120130,38.96,39,38.56,38.82,3913000
ABG,20120130,23.29,23.48,23.15,23.29,192800
ABM,20120130,21.67,21.8,21.41,21.53,237500
ABR,20120130,4.22,4.35,4.19,4.26,49600
ABT,20120130,54.63,54.68,54.07,54.47,9637200
ABX,20120130,48.46,49.56,48.28,49.18,5256800
ACC,20120130,42.52,42.82,42.37,42.68,550600
ACH,20120130,12.65,12.72,12.01,12.1,787100
ACM,20120130,23.17,23.27,22.89,23.22,570100
ACN,20120130,56.13,57.09,55.86,57.06,3521800
ACP,20120130,17.37,17.58,17.19,17.55,48200
ADC,20120130,24.6,25.05,24.6,24.99,35000
ADM,20120130,29.57,29.96,29.32,29.71,4472300
ADS,20120130,109.91,110.16,108.96,109.9,416000
ADX,20120130,10.31,10.37,10.28,10.34,124600
AEB,20120130,18.79,19.03,18.79,19,7400
AED,20120130,21.56,21.61,21.43,21.44,55600
AEE,20120130,31.49,31.57,31.26,31.47,1372700
AEG,20120130,4.6,4.72,4.56,4.69,664900
AEH,20120130,21.79,21.85,21.47,21.5,147500
AEL,20120130,11.43,11.51,11.27,11.51,438900
AEM,20120130,38.69,38.78,37.48,37.66,1810200
AEO,20120130,13.91,14.09,13.75,14.03,3430500
AEP,20120130,39.94,39.94,39.24,39.46,13053300
AER,20120130,11.87,12.2,11.87,12.18,170200
AES,20120130,12.73,12.79,12.63,12.75,3206900
AES-C,20120130,49.7,49.74,49.67,49.74,7300
AET,20120130,43.18,44.09,42.85,44.02,5152400
AF,20120130,8.47,8.63,8.35,8.5,659900
AFB,20120130,15.5,15.62,15.5,15.57,65600
AFC,20120130,23.74,24.21,23.71,24.21,11500
AFG,20120130,36.86,36.97,36.56,36.7,263200
AFL,20120130,48.47,48.61,47.68,48.41,4428800
AFT,20120130,17.05,17.08,16.79,17.05,92700
AG,20120130,19.84,20.42,19.77,20.26,912600
AGC,20120130,6.79,6.85,6.75,6.84,93200
AGCO,20120130,51.85,51.93,51.12,51.66,1838600
AGD,20120130,11.6,11.72,11.5,11.72,127600
AGM,20120130,19.82,19.86,18.94,19.28,40100
AGM.A,20120130,12.68,12.68,12.31,12.31,300
AGN,20120130,87.96,88.13,87.29,88.06,1385600
AGO,20120130,15.29,15.56,15.15,15.35,1081000
AGO-B,20120130,24.59,24.88,24.42,24.66,10900
AGO-E,20120130,24.09,24.17,23.97,24,24600
AGO-F,20120130,21.2,21.47,21.11,21.46,13100
AGRO,20120130,9.25,9.3,9.06,9.18,121200
AGU,20120130,80.2,80.3,78.88,80.06,898000
AHC,20120130,5.86,6.25,5.71,6.14,47000
AHL,20120130,26.17,26.25,25.95,26.21,250600
AHT,20120130,9.05,9.21,8.9,9.05,334200
AHT-A,20120130,24.8,24.81,24.8,24.8,1400
AHT-D,20120130,24.35,24.43,24.34,24.39,5100
AI,20120130,22.46,22.96,22.22,22.45,57400
AIG,20120130,24.97,25.34,24.66,25.2,3604100
AIG.W,20120130,5.77,5.98,5.72,5.93,100900
AIN,20120130,23.64,24.03,23.6,24,166500
AIR,20120130,20.93,21.14,20.76,20.91,138600
AIT,20120130,37.76,38.54,37.55,38.41,247700
AIV,20120130,24.39,24.43,24.08,24.25,1550000
AIZ,20120130,39.45,39.51,38.9,39.29,697800
AJG,20120130,33.12,33.51,32.8,33.38,925400
AKO.A,20120130,22.46,22.78,22.36,22.6,1000
AKO.B,20120130,27.39,27.85,27.29,27.85,4400
AKP,20120130,15.15,15.25,15.15,15.16,14900
AKR,20120130,20.96,21.04,20.8,20.9,250000
AKS,20120130,9.57,9.69,9.38,9.63,7710200
AL,20120130,25.26,25.41,25,25.2,971300
ALB,20120130,62.7,64.05,62.54,63.42,661100
ALE,20120130,41.23,41.3,40.89,40.97,180300
ALEX,20120130,46.57,47.02,46.17,46.75,149600
ALG,20120130,28.93,29.24,28.83,28.98,6900
ALJ,20120130,9.73,9.77,9.5,9.71,66100
ALK,20120130,18.4475,18.835,18.445,18.6375,339800
ALL,20120130,28.86,29.15,28.62,29.04,3618900
ALL-A,20120130,22.26,22.31,22.12,22.24,70000
ALL-B,20120130,20.95,21.17,20.83,21.06,93900
ALP-O,20120130,27.24,27.4,27.21,27.22,2400
ALR,20120130,24.03,24.15,23.79,24.07,618300
ALR-B,20120130,222.6,222.6,222,222,100
ALV,20120130,62.25,63.83,62.16,63.68,462700
ALX,20120130,389.8,390,385.87,386.03,2000
AM,20120130,14.45,14.47,14.23,14.27,249200
AME,20120130,30.8467,31.5,30.68,31.3933,752800
AMG,20120130,100.8,101.59,99.62,100.56,469100
AMID,20120130,21.05,21.13,20.86,21.05,29600
AMP,20120130,52.88,53.74,52.29,53.28,1509100
AMRC,20120130,12.9,13.03,12.68,12.73,81500
AMT,20120130,62.52,62.88,62.25,62.86,1843900
AMX,20120130,23.31,23.56,23,23.5,3852700
AN,20120130,36.12,36.5,36.04,36.37,522500
ANF,20120130,46.68,46.9,45.82,46.8,2474100
ANH,20120130,6.42,6.46,6.41,6.44,685700
ANH-A,20120130,25.88,25.91,25.85,25.85,700
ANH-B,20120130,24.36,24.36,24.36,24.36,0
ANTM,20120130,64.89,65.05,64.06,64.43,3915700
ANW,20120130,4.91,5,4.82,4.96,138100
AOD,20120130,9.08,9.18,9.08,9.18,714200
AOI,20120130,29.9,30.1,29,29.8,145900
AON,20120130,47.43,48.05,47.25,47.97,1886700
AOS,20120130,10.4125,10.75,10.395,10.615,1242700
AP,20120130,21.28,21.43,20.9,21.24,30000
APA,20120130,97.1,98.9,96,98.86,2418300
APB,20120130,10.38,10.38,10.19,10.33,17000
APC,20120130,78.48,80.03,78,80.03,2422400
APD,20120130,87.37,88.39,87.28,88.33,740400
APF,20120130,14.28,14.29,14.05,14.29,15700
APH,20120130,26.785,27.2,26.695,27.095,1163100
APO,20120130,14.97,15.07,14.12,14.42,173900
APU,20120130,42.87,42.88,41.97,41.98,237600
ARC,20120130,5.98,6.03,5.88,6.01,51600
ARCO,20120130,21.5,21.5,20.82,21.18,788100
ARE,20120130,71.91,72.15,71.52,72.06,282200
ARI,20120130,14.73,14.83,14.31,14.48,91600
ARL,20120130,1.73,1.73,1.71,1.73,2300
ARNC,20120130,10.29,10.42,10.22,10.32,8583800
ARR,20120130,7.18,7.2,7.16,7.19,3034100
ARW,20120130,41.11,41.44,40.15,41.04,583900
ASA,20120130,28.6,28.69,28.53,28.65,83600
ASG,20120130,4.01,4.05,4,4.04,50900
ASH,20120130,31.9,31.9,31.215,31.66,930400
ASR,20120130,65.02,65.36,64.69,65.31,33200
ASX,20120130,5.14,5.24,5.1,5.19,2772800
AT,20120130,14.7,14.76,14.63,14.66,288300
ATI,20120130,45.71,46.53,44.91,45.97,2023000
ATO,20120130,32.19,32.32,32.07,32.12,334400
ATR,20120130,51.75,52.37,51.26,52.13,238800
ATU,20120130,24.96,25.48,24.83,25.38,848000
ATV,20120130,4.3,4.3,4.3,4.3,600
ATW,20120130,44.22,45.5,43.71,45.23,794500
AU,20120130,45.68,46.18,45.39,45.69,1205500
AUO,20120130,5.26,5.37,5.25,5.37,1488500
AUY,20120130,17.09,17.5,17.03,17.31,9951100
AVA,20120130,25.4,25.4,25.02,25.07,274100
AVB,20120130,135.1,135.1,133.25,134.88,708200
AVD,20120130,14.89,15.07,14.83,14.95,57400
AVK,20120130,16.03,16.25,16.02,16.21,82000
AVP,20120130,18.28,18.33,17.9,17.98,4788200
AVT,20120130,34.56,34.9,33.9,34.81,1011400
AVX,20120130,13.15,13.23,13.07,13.16,230100
AVY,20120130,28.51,28.72,28.03,28.7,1253700
AWF,20120130,15,15.14,14.97,15.04,234400
AWH,20120130,20.4433,20.5033,20.2667,20.3333,241200
AWI,20120130,46.87,47.13,46.1,47.06,104400
AWK,20120130,33.17,33.57,32.92,33.57,995600
AWP,20120130,5.89,6.03,5.89,6.03,332500
AWR,20120130,17.795,17.86,17.68,17.705,101000
AXE,20120130,67.73,68.5,67.39,67.75,171400
AXL,20120130,12.1,12.15,11.95,12.06,1717200
AXP,20120130,49.43,49.46,48.9,49.12,5491700
AXR,20120130,6.08,6.08,6,6.04,27200
AXS,20120130,30.94,30.94,30.58,30.6,1045200
AYI,20120130,57.74,59.13,57.62,58.82,365400
AYR,20120130,13.75,14.07,13.71,14.02,342100
AZN,20120130,47.68,48.06,47.62,47.86,1823400
AZO,20120130,347.5,349.6,346.2,347.67,217500
AZZ,20120130,24.035,24.35,23.88,24.23,76000
B,20120130,25.6,25.6,25.14,25.5,294800
BA,20120130,73.99,74.35,73.68,74.16,5043600
BAC,20120130,7.12,7.15,7.02,7.07,231240000
BAC-C,20120130,23.25,23.29,23.14,23.23,78700
BAC-D,20120130,21.92,22.07,21.91,22,28500
BAC-E,20120130,17.58,17.78,17.53,17.53,16000
BAC-I,20120130,22.35,22.35,22.2,22.23,49200
BAC-L,20120130,915,915,900.2,915,21100
BAC-W,20120130,23.98,24,23.88,23.99,64500
BAC-Y,20120130,21.81,21.84,21.72,21.8,98500
BAC.A,20120130,3.26,3.29,3.15,3.17,104600
BAC.B,20120130,0.72,0.75,0.62,0.62,351800
BAF,20120130,15.85,15.92,15.85,15.87,17000
BAH,20120130,17.51,17.74,17.4,17.69,271100
BAK,20120130,18.08,18.08,17.6,17.86,380900
BAM,20120130,20,20.26,19.8467,20.1333,543700
BAP,20120130,110.11,111.81,109.64,111.64,236800
BAS,20120130,17.4,18.47,17.05,18.35,2395400
BAX,20120130,55.36,55.57,54.83,55.3,3721900
BBD,20120130,12.7135,12.8099,12.562,12.7893,8702500
BBF,20120130,14.97,14.99,14.86,14.87,27600
BBG,20120130,27.12,28.16,26.81,28.11,1308900
BBK,20120130,16.8,16.93,16.73,16.92,24700
BBL,20120130,67.36,67.94,66.78,67.5,756000
BBN,20120130,21.69,21.9,21.64,21.9,174500
BBT,20120130,26.66,27.26,26.61,27.21,8719000
BBVA,20120130,8.77,8.87,8.73,8.82,608600
BBW,20120130,8.19,8.23,8.02,8.13,35600
BBY,20120130,25.14,25.47,24.96,25.38,3745200
BC,20120130,20.81,21.03,20.59,20.97,1495900
BCE,20120130,40.15,40.52,39.88,40.48,932900
BCEI,20120130,16.06,16.06,15.74,15.92,116900
BCH,20120130,90.5,90.5,89.45,89.68,7600
BCO,20120130,27.8,28.11,27.46,27.9,136000
BCR,20120130,92.67,92.69,91.69,92.13,550700
BCS,20120130,13.44,13.51,13.31,13.41,4879700
BCS-D,20120130,25.1,25.2,25.01,25.15,166900
BCX,20120130,15.15,15.42,15,15.36,315500
BDC,20120130,39.9,39.94,39.23,39.34,298400
BDJ,20120130,7.46,7.46,7.34,7.41,183000
BDN,20120130,10.43,10.59,10.37,10.47,1506100
BDX,20120130,78.7,79.12,77.96,78.99,1315900
BEN,20120130,35.2367,35.8967,35.1567,35.8367,3229200
BF.A,20120130,26.4634,26.4667,26.1034,26.24,4800
BF.B,20120130,26.84,27.1167,26.7634,26.8967,230700
BFK,20120130,14.94,15.14,14.94,15.08,102800
BFO,20120130,15.28,15.44,15.28,15.38,4900
BFR,20120130,6.13,6.13,5.75,5.82,242600
BFS,20120130,35.13,35.77,35.13,35.73,42100
BFZ,20120130,15.28,15.42,15.28,15.38,50000
BG,20120130,57.61,57.81,57.12,57.36,1057900
BGC,20120130,31.48,31.7,31.15,31.48,491100
BGE-B,20120130,25.3,25.4,25.28,25.28,2900
BGG,20120130,15.21,15.62,15.12,15.57,553800
BGR,20120130,25.96,26.23,25.93,26.23,53900
BGS,20120130,22.51,22.76,22.35,22.69,288000
BGT,20120130,13.83,14,13.77,13.89,86900
BGX,20120130,17.87,18.15,17.87,18.09,56900
BGY,20120130,7.95,7.99,7.92,7.96,491700
BH,20120130,381.03,396.72,381.03,394.71,5100
BHE,20120130,17.04,17.22,16.99,17.11,382200
BHI,20120130,48.59,49.67,48.26,49.42,6198300
BHK,20120130,13.87,13.88,13.74,13.75,86700
BHL,20120130,13.15,13.19,13.12,13.19,18300
BHP,20120130,79.18,79.88,78.54,79.44,2188200
BID,20120130,33.41,34.04,32.9,33.86,956700
BIF,20120130,5.98,6.02,5.93,6,16700
BIG,20120130,39.77,39.92,39.43,39.77,1175300
BIO,20120130,103.78,104.53,102.89,103.11,79800
BIO.B,20120130,103.72,103.72,103.06,103.06,200
BIP,20120130,19.1467,19.2933,19.0867,19.2933,150000
BITA,20120130,4.52,4.53,4.18,4.38,17200
BJZ,20120130,16.41,16.59,16.41,16.44,7600
BK,20120130,19.98,20.11,19.74,20.02,6185300
BKD,20120130,17.85,18.1,17.8,17.86,1204600
BKE,20120130,43.16,43.5,42.75,43.36,328800
BKH,20120130,33.99,34.03,33.48,33.58,159200
BKK,20120130,16.11,16.21,16.1,16.14,37900
BKN,20120130,16.19,16.32,16.16,16.28,49300
BKS,20120130,11.81,12.07,11.48,11.88,868400
BKT,20120130,7.45,7.45,7.41,7.44,103900
BKU,20120130,23.29,23.32,23.07,23.31,253400
BLH,20120130,16.68,16.78,16.68,16.75,3600
BLK,20120130,185.68,186,182.81,183.22,597500
BLL,20120130,19.52,19.68,19.47,19.59,1095100
BLW,20120130,17.1,17.24,17.07,17.17,147500
BLX,20120130,18.07,18.23,18.02,18.1,227500
BMA,20120130,25.36,25.36,24.39,24.79,111500
BME,20120130,26.7,27.1,26.65,27.1,14600
BMI,20120130,32.16,32.39,31.42,32.09,54000
BML-G,20120130,14.91,15.01,14.87,14.87,5000
BML-H,20120130,14.79,15.01,14.76,14.79,5900
BML-I,20120130,21.22,21.41,21.22,21.31,26900
BML-J,20120130,17,17,16.85,16.85,12700
BML-L,20120130,16.75,16.75,16.47,16.47,24700
BMO,20120130,57.86,58.03,57.28,58.02,637800
BMS,20120130,31.39,31.61,31.29,31.55,766800
BMY,20120130,32.06,32.32,32.01,32.25,8273400
BNJ,20120130,16.57,16.75,16.57,16.68,8600
BNS,20120130,51.76,51.9,51.44,51.81,1555000
BNY,20120130,15.79,15.96,15.79,15.94,24200
BOE,20120130,14.74,14.95,14.7,14.95,286100
BOH,20120130,45.55,46.06,45.39,45.86,345500
BORN,20120130,4.52,4.83,4.4,4.74,249400
BOX,20120130,15.15,15.31,15.15,15.31,37300
BOXC,20120130,24.11,24.38,24.11,24.29,5800
BP,20120130,42.91,44.16,42.84,44.14,10782300
BPI,20120130,25.92,25.92,24.91,25.15,162700
BPK,20120130,16.92,16.97,16.84,16.9,28300
BPL,20120130,62.55,62.57,61.95,62.25,264500
BPT,20120130,115.5,115.94,115.26,115.63,46500
BQH,20120130,16.31,16.47,16.29,16.47,3600
BR,20120130,23.78,24.1,23.68,24.02,351200
BRC,20120130,33.94,34.03,33.28,33.57,220200
BRFS,20120130,19.7,19.85,19.58,19.79,1938900
BRK.A,20120130,118100,118285,117200,117925,300
BRK.B,20120130,78.61,78.8,78.1,78.69,3638700
BRO,20120130,22.63,23.02,22.42,22.83,1250200
BRS,20120130,48.18,48.97,47.76,48.1,177500
BRT,20120130,6.6,6.6,6.45,6.56,5700
BSBR,20120130,9.54,9.54,9.24,9.35,5180400
BSD,20120130,14.37,14.41,14.32,14.41,9200
BSE,20120130,15.82,15.98,15.82,15.97,12700
BSL,20120130,19.73,19.84,19.32,19.43,67000
BSX,20120130,5.91,6.04,5.88,5.99,9592600
BT,20120130,15.855,15.975,15.8,15.96,78500
BTA,20120130,12.46,12.66,12.31,12.52,130300
BTE,20120130,57.28,57.54,56.67,57.5,99700
BTO,20120130,15.51,15.58,15.41,15.49,46500
BTU,20120130,35.65,35.77,35.02,35.45,4972200
BTZ,20120130,12.9,12.93,12.88,12.92,106300
BUD,20120130,61.19,61.29,60.95,61.11,888300
BUI,20120130,19.58,19.7,19.58,19.69,40000
BVN,20120130,43.39,43.39,42.04,42.87,829400
BWA,20120130,36.95,37.76,36.825,37.63,866300
BWP,20120130,27.58,27.6,27.4,27.52,595000
BX,20120130,15.29,15.96,15.21,15.86,1771500
BXC,20120130,18,18.7,18,18,38700
BXP,20120130,102.68,103.48,102.17,102.55,995700
BXS,20120130,11.43,11.47,11.26,11.33,810800
BYD,20120130,8.82,8.92,8.65,8.8,822600
BYM,20120130,15.37,15.58,15.34,15.52,89800
BZH,20120130,15.8,16.15,15.5,15.7,1746200
C,20120130,30.45,30.53,30.08,30.23,34772300
C-J,20120130,25.79,25.79,25.64,25.7,460100
C-N,20120130,26.88,26.95,26.8,26.89,69900
C-P,20120130,26.75,27.3,26.75,27.3,1100
C-S,20120130,23.15,23.2,23.09,23.14,93700
C.A,20120130,0.34,0.34,0.31,0.31,17800
CAB,20120130,26.58,26.65,26.16,26.32,382800
CACI,20120130,58.99,59.12,58.6,58.86,385500
CAE,20120130,10.89,10.93,10.81,10.9,7900
CAF,20120130,21.56,21.69,21.24,21.41,200100
CAG,20120130,26.6,26.7,26.46,26.62,2977900
CAH,20120130,42.09,42.72,41.83,42.6,2105300
CAJ,20120130,44.87,44.87,43.61,43.7,348000
CALX,20120130,8.03,8.19,7.93,8.08,120900
CAT,20120130,110.02,110.75,104.45,110.41,5971500
CATO,20120130,26.74,26.99,26.51,26.65,79000
CB,20120130,66.92,67.15,66.7,66.9,2549400
CBB,20120130,16.9,17.15,16.65,17,753600
CBB-B,20120130,41.08,42.2,41.08,41.75,7900
CBD,20120130,41.61,41.77,41.1,41.61,350600
CBG,20120130,18.67,18.77,18.21,18.26,5286400
CBI,20120130,43.55,43.59,42.58,42.72,788400
CBK,20120130,2.05,2.1,2.05,2.06,188900
CBL,20120130,17.32,17.45,17.09,17.23,1095500
CBL-D,20120130,24.8,24.91,24.8,24.91,2800
CBM,20120130,7.89,7.89,7.54,7.57,244600
CBS,20120130,28.5,28.78,28.16,28.68,5924900
CBS.A,20120130,29.25,29.5,28.97,29.5,3100
CBT,20120130,35.63,36.44,35.44,36.39,324000
CBU,20120130,27.51,27.55,27.2,27.32,258200
CBZ,20120130,6.19,6.28,6.14,6.23,121500
CCC,20120130,16.16,16.3,16.04,16.24,161500
CCE,20120130,26.67,26.83,26.57,26.67,1595800
CCI,20120130,48.31,48.47,47.91,48.41,1368100
CCJ,20120130,23.45,23.62,23.03,23.55,1617100
CCK,20120130,35.79,36.21,35.62,36.11,729600
CCL,20120130,29.83,30.26,29.45,30.13,11756000
CCM,20120130,3.7,3.73,3.66,3.71,11000
CCO,20120130,12.44,12.47,12.26,12.3,106000
CCS,20120130,25.32,25.44,25.19,25.41,85600
CCU,20120130,25.32,25.32,24.9,25.08,22600
CCZ,20120130,38.92,38.92,38.9,38.92,400
CDE,20120130,28.54,28.88,28.22,28.56,1320300
CDI,20120130,14.69,14.98,14.68,14.78,17800
CDR,20120130,5.07,5.11,4.99,5.05,156900
CE,20120130,48.87,50.17,48.56,49.31,2429200
CEA,20120130,18.21,18.45,18.06,18.06,21900
CEE,20120130,32.11,32.49,32,32.34,11200
CEL,20120130,14.3,14.61,14.2,14.47,361200
CEM,20120130,23,23.25,22.97,23.25,133700
CEO,20120130,202.8,203.75,201.2,203.57,204400
CF,20120130,35.27,35.696,34.62,35.412,1413100
CFC-B,20120130,22.35,22.49,22.3,22.46,137400
CFI,20120130,9.03,9.12,8.84,9,7400
CFR,20120130,56.59,56.59,55.32,55.48,903500
CFX,20120130,31.93,31.96,30.1,30.8,2275300
CGA,20120130,4.51,4.6,4.5,4.56,71800
CGI,20120130,14.95,15.16,14.75,14.93,156300
CHA,20120130,54.3,54.79,54.03,54.45,74400
CHD,20120130,22.69,22.71,22.38,22.65,724200
CHE,20120130,56.76,56.76,56.41,56.49,134300
CHH,20120130,36.81,37.19,36.32,37.15,128100
CHK,20120130,21.9,21.9,21.43,21.69,12736500
CHK-D,20120130,91.41,91.41,90,90.15,9200
CHKR,20120130,24.28,24.75,24.25,24.37,404600
CHL,20120130,49.89,50.33,49.72,50.26,934800
CHN,20120130,21.73,21.74,21.5,21.7,70200
CHS,20120130,11.33,11.45,11.28,11.42,1352700
CHSP,20120130,17.07,17.28,17.07,17.26,47000
CHT,20120130,31.49,31.61,31.44,31.56,534700
CHU,20120130,18.23,18.31,18.08,18.23,1335500
CI,20120130,44.9,44.95,44.2,44.5,3504800
CIA,20120130,9.93,10.22,9.92,10.12,59800
CIB,20120130,58.26,61.36,57.93,60.92,1177900
CIE,20120130,20.27,20.27,19.54,20.06,1007700
CIF,20120130,3.02,3.1,3,3.1,125600
CIG,20120130,12.6208,12.768,12.6016,12.7168,1604500
CIG.C,20120130,16.1,16.1,16.1,16.1,500
CII,20120130,13.35,13.48,13.28,13.47,155600
CIM,20120130,3.05,3.06,3.02,3.03,9527500
CIR,20120130,37.94,38.49,37.83,38.13,62000
CIT,20120130,37.59,38.16,37.59,38,1853900
CKH,20120130,92.1,92.1,90.58,90.74,125300
CL,20120130,45.29,45.345,44.61,44.755,2826100
CLB,20120130,108.93,109.2,106.96,107.26,385100
CLD,20120130,19.18,19.65,18.87,19.6,1199900
CLDT,20120130,12.34,12.46,12.25,12.35,12600
CLF,20120130,72.15,73.09,71.67,72.1,2615700
CLGX,20120130,14.4,14.45,14.27,14.32,330200
CLH,20120130,64.04,64.38,62.99,63.78,227400
CLI,20120130,28.56,28.78,28.36,28.4,679400
CLR,20120130,40.12,40.475,39.55,40.245,672200
CLS,20120130,7.94,8.23,7.9,8.21,1463400
CLW,20120130,36.41,37.16,35.92,36.47,113400
CLX,20120130,68.35,68.49,67.77,68.31,800800
CM,20120130,74.18,75.34,74.18,75.23,169700
CMA,20120130,27.72,28.03,27.42,27.83,3364000
CMA.W,20120130,5.78,5.93,5.68,5.93,29600
CMC,20120130,14.04,14.5,13.95,14.4,1157700
CMG,20120130,364.9,368.25,364.1,367.69,288000
CMI,20120130,104.67,105.89,102.52,105.35,2449000
CMO,20120130,12.84,12.92,12.81,12.9,574500
CMP,20120130,73.54,73.92,72.74,73.19,161300
CMRE,20120130,14.85,14.95,14.46,14.6,54300
CMS,20120130,21.96,21.96,21.74,21.79,6027700
CMS-B,20120130,89.5,89.5,89.5,89.5,100
CMU,20120130,4.98,5,4.95,4.98,145500
CNA,20120130,27.99,27.99,27.34,27.54,143400
CNC,20120130,21.955,21.98,21.665,21.875,199500
CNI,20120130,37.755,37.96,37.41,37.71,920000
CNK,20120130,19.95,20.06,19.63,19.72,778400
CNO,20120130,6.7,6.73,6.53,6.68,890900
CNP,20120130,18.13,18.4,18.07,18.34,6976300
CNQ,20120130,39.52,39.94,39.15,39.77,2428700
CNS,20120130,33.88,34.49,33.47,33.86,233900
CNX,20120130,35.88,36.51,35.33,36.21,3273700
CO,20120130,2.49,2.5,2.42,2.48,17200
CODI,20120130,14.37,14.46,14.1,14.21,140900
COF,20120130,45.37,45.39,44.3,44.8,6571900
COF.W,20120130,15.94,15.94,15.13,15.39,16600
COG,20120130,16.21,16.275,16.015,16.23,3147100
COH,20120130,67.52,68.85,67.35,68.51,2349300
COL,20120130,57.84,58.22,57.7,57.95,821200
COO,20120130,71.74,72.85,70.65,72.69,334400
COP,20120130,68.91,69.06,68.25,68.72,11438200
COR,20120130,20.1,20.26,19.87,20.02,385100
COT,20120130,6.99,7.07,6.88,7.06,151700
CP,20120130,70.35,72.03,70.35,71.29,724300
CPA,20120130,66.11,67.3,66.03,66.81,162000
CPB,20120130,31.32,31.59,31.25,31.57,1792500
CPE,20120130,5.83,6.01,5.83,5.99,191800
CPF,20120130,13.65,13.8,13.5,13.68,51800
CPK,20120130,28.7933,28.94,28.5667,28.7667,69100
CPL,20120130,29.31,29.43,29.11,29.4,181500
CPN,20120130,14.65,14.79,14.49,14.68,1535100
CPT,20120130,64.09,64.29,63.51,63.78,542300
CR,20120130,47.55,48.54,47.46,48.38,238000
CRD.A,20120130,3.69,3.8,3.69,3.8,25600
CRD.B,20120130,5.62,5.74,5.62,5.66,40700
CRH,20120130,19.55,19.87,19.46,19.75,290900
CRI,20120130,41.38,41.67,40.9,41.63,378300
CRK,20120130,61.4,65.5,60.5,64.8,3816300
CRL,20120130,33.32,33.7,33.05,33.44,218400
CRM,20120130,28.975,29.3375,28.63,28.8925,2554100
CRR,20120130,100.97,101.1,98,98.03,1160000
CRS,20120130,53.9,54.06,52.92,53.31,344500
CRT,20120130,46.48,46.67,46.06,46.11,8800
CRY,20120130,5.24,5.48,5.22,5.37,53800
CS,20120130,25.67,26.08,25.57,25.96,1836000
CSL,20120130,47.82,48.26,47.39,48.01,218100
CSS,20120130,21.4,21.75,21.4,21.58,15200
CSU,20120130,8.16,8.18,7.81,7.95,63000
CSV,20120130,5.79,5.84,5.61,5.61,15900
CTB,20120130,15.08,15.17,14.91,14.97,349800
CTL,20120130,37.04,37.05,36.5,36.97,9986300
CTS,20120130,9.75,10,9.75,9.98,99000
CTW,20120130,26.35,26.4,26.18,26.35,72400
CUB,20120130,45.86,45.93,45.41,45.73,40500
CUBE,20120130,11.28,11.38,11.15,11.24,553700
CUK,20120130,29.58,30.12,29.34,30.01,163900
CUZ,20120130,7.31,7.38,7.14,7.22,422200
CVA,20120130,14.11,14.21,14,14.17,533200
CVE,20120130,35.73,36.63,35.73,36.5,1228800
CVG,20120130,13.28,13.42,13.2,13.27,381400
CVI,20120130,24.62,24.97,24.42,24.85,829500
CVO,20120130,26.56,28.16,26.4,27.28,363500
CVS,20120130,42,42.04,41.48,41.92,5000600
CVX,20120130,103.4,103.5,102.08,103.41,7616500
CW,20120130,36.51,37.66,36.51,37.33,220700
CWH,20120130,19.6,19.83,19.51,19.58,421800
CWT,20120130,18.35,18.35,18.01,18.05,530500
CX,20120130,6.55,6.79,6.45,6.72,11172600
CXE,20120130,5.52,5.53,5.48,5.51,81900
CXH,20120130,10.42,10.46,10.4,10.41,34300
CXO,20120130,104.49,106.19,103.72,105.68,465900
CXW,20120130,23.38,23.49,23.22,23.39,622700
CYD,20120130,15.03,15.28,14.97,15.23,46300
CYH,20120130,19.04,19.12,18.75,18.88,1181300
CYS,20120130,13.31,13.4,13.31,13.34,3602800
CZZ,20120130,12.85,13.09,12.73,13.02,717900
D,20120130,49.29,49.64,48.87,49.34,4842300
DAC,20120130,3.57,3.59,3.54,3.57,15500
DAL,20120130,10.42,10.88,10.27,10.77,15348800
DAN,20120130,14.5,14.72,14.45,14.64,1921400
DAR,20120130,14.9,15.28,14.81,15.11,711900
DB,20120130,41.7,42.85,41.54,42.64,2751800
DBD,20120130,31.18,31.8,31.17,31.59,212500
DBL,20120130,25.84,26.06,25.44,26.06,187900
DCI,20120130,35.62,36.635,35.395,36.315,346400
DCM,20120130,17.95,18.09,17.91,17.98,381700
DCO,20120130,13.52,14.33,13.47,14.26,109600
DCT,20120130,22.72,22.84,21.92,22.12,10702200
DD,20120130,50.24,51.01,50.16,50.97,6957100
DD-A,20120130,85.72,87,85.72,86.91,300
DD-B,20120130,104,104,104,104,0
DDD,20120130,12.7867,12.9933,12.62,12.78,455600
DDE,20120130,2.4,2.48,2.4,2.42,12500
DDF,20120130,7.69,7.79,7.67,7.75,26400
DDR,20120130,14,14.01,13.73,13.83,5715000
DDS,20120130,45.71,45.77,44.85,45.13,876400
DDT,20120130,24.85,24.9,24.79,24.79,1900
DE,20120130,86.84,87.6,86.34,87.41,3102300
DECK,20120130,81.78,82.95,80.67,80.85,1160300
DEI,20120130,20.83,20.84,20.66,20.73,1180000
DEL,20120130,67.74,68.45,67.63,68,16300
DEO,20120130,88.5,89.17,88.47,89,675800
DEX,20120130,11.9,12.05,11.9,12.05,39200
DF,20120130,21.42,21.64,21.24,21.42,950100
DFP,20120130,24.51,24.8,24.46,24.58,2500
DFS,20120130,27.11,27.36,26.56,27.29,5683800
DFT,20120130,25.34,25.53,25.18,25.27,876700
DG,20120130,42.05,42.8,41.93,42.3,1410900
DGI,20120130,15.62,15.93,15.5,15.78,421000
DGX,20120130,58.56,58.86,57.86,58.3,995400
DHF,20120130,4.56,4.6,4.56,4.6,242200
DHG,20120130,14.79,14.82,14.73,14.82,74700
DHI,20120130,14.23,14.23,13.87,14.08,7137400
DHR,20120130,52.1,52.43,51.5,52.43,3358000
DHT,20120130,10.44,13.32,10.08,13.08,5514900
DHX,20120130,9.77,9.8,9.37,9.4,397400
DIN,20120130,47.77,48.09,47.31,47.84,95500
DIS,20120130,38.76,39.11,38.38,38.99,8684000
DK,20120130,11.94,12.25,11.71,12.21,170000
DKS,20120130,40.74,41.27,40.38,40.8,1288500
DKT,20120130,25.25,25.45,25.23,25.34,96000
DL,20120130,2.3,2.32,2.3,2.32,4900
DLB,20120130,35.82,36.31,35.45,36.12,494500
DLPH,20120130,27.15,27.55,26.57,27.08,675100
DLR,20120130,69.81,69.95,69.18,69.6,652300
DLX,20120130,25.09,25.85,24.71,25.69,567600
DM,20120130,9.4,9.47,9.26,9.46,83000
DMO,20120130,20.65,20.81,20.4,20.81,26400
DNB,20120130,82.28,82.96,82.08,82.71,413000
DNI,20120130,13.68,13.76,13.64,13.68,161900
DNP,20120130,11.25,11.25,11.16,11.24,315000
DNR,20120130,18.37,18.83,18.14,18.75,5262700
DO,20120130,61.95,62.02,60.8,61.8,1235400
DOV,20120130,63.27,63.45,62.46,63.24,979300
DOW,20120130,33,33.48,32.69,33.19,8467400
DPG,20120130,18.55,18.72,18.38,18.72,75100
DPS,20120130,38.53,38.69,38.21,38.37,1526000
DPZ,20120130,32.15,32.85,31.81,32.64,521000
DQ,20120130,13.1,13.7,13,13.4,130100
DRD,20120130,6.56,6.56,6.45,6.45,58800
DRE,20120130,13.29,13.46,13.16,13.34,4771000
DRH,20120130,10.46,10.5,10.35,10.44,962800
DRI,20120130,45.8,46.37,45.68,46.25,1322400
DRQ,20120130,66.56,67.35,65.34,66.33,153500
DSM,20120130,8.94,9,8.91,8.97,99000
DST,20120130,48.5,48.77,48.04,48.43,101300
DSU,20120130,12.24,12.24,12.15,12.15,304100
DSW,20120130,24.385,24.92,24.05,24.705,658600
DSX,20120130,8.27,8.3,8.16,8.26,229600
DTE,20120130,53.45,53.47,52.97,53.16,754400
DTF,20120130,16.64,16.74,16.64,16.74,50500
DTK,20120130,24.71,24.88,24.68,24.78,192900
DUC,20120130,12.5,12.59,12.46,12.54,122300
DUK,20120130,63.39,63.45,62.94,63.39,8707800
DV,20120130,36.43,37.45,36.43,37.28,1107300
DVA,20120130,40.29,40.7,40,40.7,506500
DVD,20120130,1.2,1.2,1.16,1.16,1400
DVN,20120130,64.43,64.89,63.51,64.61,1789400
DX,20120130,9.1,9.19,9.1,9.17,1724700
DXB,20120130,22.34,22.47,22.25,22.39,44700
DY,20120130,21.99,22,21.57,21.83,201000
DYN,20120130,2.02,2.03,1.91,1.92,767000
E,20120130,43.88,44.43,43.82,44.36,334200
EAT,20120130,25.99,26.69,25.86,26.38,1399700
EBF,20120130,15.6,16.31,15.6,16.16,116000
EBR,20120130,10.16,10.18,10.03,10.18,742400
EBR.B,20120130,14.55,14.63,14.45,14.58,376400
EBS,20120130,17.11,17.54,17.09,17.11,136700
EC,20120130,49.98,50.87,49.86,50.61,369500
ECA,20120130,19.42,19.5,19.07,19.4,3401500
ECL,20120130,59.9,60.36,59.55,60.27,2026000
ECT,20120130,22.53,22.61,22.17,22.38,119200
ED,20120130,58.74,58.74,58.28,58.64,6205400
EDD,20120130,16.28,16.44,16.21,16.38,165200
EDF,20120130,24.16,24.25,23.62,23.92,71700
EDN,20120130,6.61,6.61,6.39,6.39,2900
EDR,20120130,32.04,32.37,31.89,32.07,384100
EDU,20120130,24.13,24.44,23.56,23.78,1551400
EE,20120130,34.52,34.82,34.32,34.43,187400
EEA,20120130,6.34,6.34,6.27,6.34,5700
EEP,20120130,33.49,33.54,33.26,33.37,730200
EEQ,20120130,34.49,34.68,34.44,34.47,37000
EFC,20120130,19.13,19.31,19.13,19.25,13100
EFR,20120130,15.13,15.29,15.13,15.26,157900
EFT,20120130,15.44,15.45,15.3,15.44,140900
EFX,20120130,38.92,39.37,38.9,39.22,489100
EGF,20120130,15.42,15.42,15.39,15.39,21800
EGN,20120130,48.75,48.83,47.91,48.57,354500
EGO,20120130,14.77,15.03,14.58,14.83,3475400
EGP,20120130,47.68,47.89,47.24,47.48,222100
EGY,20120130,6.48,6.61,6.34,6.37,236900
EHI,20120130,13.03,13.08,12.96,13.08,83600
EIG,20120130,17.51,17.83,17.51,17.74,204200
EIX,20120130,40.91,40.91,40.54,40.72,1842000
EL,20120130,57.44,58.06,57.04,57.72,1501800
ELP,20120130,22.2,22.9,22.15,22.86,854700
ELS,20120130,34.94,35.2,34.855,35.17,276600
ELY,20120130,6.59,6.62,6.47,6.56,382400
EMD,20120130,13.99,14.05,13.96,14.03,73400
EME,20120130,28.63,28.69,28.28,28.52,189400
EMF,20120130,19.55,19.77,19.55,19.75,35100
EMN,20120130,49.81,50.99,49.27,50.28,3425800
EMO,20120130,19.65,19.76,19.54,19.75,86600
EMR,20120130,51.44,51.72,51,51.72,3389500
ENB,20120130,36.94,37.3,36.81,37.22,406000
ENR,20120130,77.81,78.41,76.78,77.95,759700
ENS,20120130,29.03,29.34,28.75,29.04,426900
ENV,20120130,11.9,11.93,11.68,11.74,25600
ENZ,20120130,2.58,2.58,2.44,2.55,93400
EOD,20120130,8.13,8.21,8.12,8.21,173800
EOG,20120130,51.505,52.715,51.085,52.655,2172700
EOI,20120130,10.6,10.75,10.6,10.74,240600
EOS,20120130,10.61,10.73,10.56,10.73,220700
EOT,20120130,21.4,21.46,21.25,21.38,53700
EP-C,20120130,45.1,45.23,45,45.05,7400
EPD,20120130,24,24.02,23.635,23.8,1750800
EPR,20120130,44.27,44.6,43.98,44.51,236900
EPR-C,20120130,19.6,19.6,19.43,19.57,1900
EPR-E,20120130,27.36,27.62,27.27,27.35,6900
EQR,20120130,58.96,59.32,58.67,59.3,2158900
EQS,20120130,2.03,2.1,2.03,2.09,4100
EQT,20120130,47.74,49.69,47.74,49.64,2293300
ERF,20120130,23.55,23.84,23.49,23.78,906700
ERJ,20120130,26.91,27.24,26.81,27.13,660000
ES,20120130,3.68,3.69,3.61,3.64,556200
ESE,20120130,29.55,30.02,29.49,29.84,66200
ESL,20120130,61.41,61.61,60.56,61.13,172100
ESS,20120130,143.25,143.6,141.72,143.57,346100
ESV,20120130,52.3,52.43,51.41,52.17,1647100
ETB,20120130,13.36,13.39,13.29,13.38,64100
ETE,20120130,21.26,21.355,21.05,21.23,263600
ETG,20120130,13.63,13.78,13.48,13.72,285800
ETH,20120130,23.95,24.21,23.53,23.94,184500
ETJ,20120130,10.53,10.58,10.49,10.55,432800
ETM,20120130,7.75,7.95,7.73,7.88,123200
ETN,20120130,49.05,49.66,48.75,49.66,3031100
ETO,20120130,18.51,18.69,18.47,18.68,69900
ETP,20120130,49.17,49.17,48.71,48.92,711200
ETR,20120130,70.25,70.52,69.84,70.43,3127300
ETV,20120130,12.5,12.51,12.42,12.46,264400
ETW,20120130,10.8,10.97,10.78,10.94,667400
ETY,20120130,9.44,9.51,9.4,9.51,622400
EV,20120130,26.03,26.14,25.58,26.02,1152600
EVC,20120130,1.88,1.88,1.73,1.85,69200
EVF,20120130,6.87,6.93,6.81,6.93,208900
EVG,20120130,17.05,17.07,16.99,17.05,42700
EVN,20120130,13.76,13.9,13.75,13.9,75000
EVR,20120130,28.51,28.69,28.21,28.23,75400
EVT,20120130,15.7,15.85,15.56,15.85,277300
EW,20120130,39.19,39.46,38.89,39.135,765500
EXC,20120130,39.41,39.73,39.15,39.72,22359000
EXD,20120130,17.03,17.05,17,17.05,23300
EXG,20120130,8.72,9,8.7,8.94,2420300
EXK,20120130,10.94,11.13,10.86,10.94,1260300
EXP,20120130,29.23,29.25,28.77,29.14,393200
EXPR,20120130,21.75,21.87,21.51,21.67,618200
EXR,20120130,25.63,25.86,25.53,25.72,548100
F,20120130,12.06,12.44,12,12.29,57752500
FAC,20120130,1.16,1.2,1.15,1.17,52700
FAF,20120130,14.89,14.89,14.69,14.76,526100
FAM,20120130,16.85,16.99,16.85,16.99,39200
FBC,20120130,6.7,6.9,6.6,6.7,464900
FBHS,20120130,17.75,18.35,17.74,18.32,704900
FBP,20120130,3.47,3.53,3.44,3.51,94900
FBR,20120130,8.36,8.47,8.25,8.38,1029100
FC,20120130,9.31,9.31,9.18,9.28,13400
FCE.A,20120130,13.2,13.37,13.12,13.25,338200
FCE.B,20120130,13.29,13.3,13.29,13.3,300
FCF,20120130,5.52,5.6,5.45,5.56,453500
FCH,20120130,3.83,3.87,3.71,3.79,549200
FCH-A,20120130,23.22,23.24,23.07,23.2,3300
FCN,20120130,43.09,43.2,42.54,42.78,303200
FCT,20120130,14.37,14.44,14.25,14.4,92100
FCX,20120130,45.27,46.26,45.08,46.1,14743700
FDP,20120130,24.43,24.62,24.35,24.53,129900
FDS,20120130,90.57,90.57,88.97,89.1,400600
FDX,20120130,91.93,92.34,91.5,92.16,1723300
FE,20120130,42.24,42.36,41.84,42.15,11144200
FENG,20120130,6.96,7.23,6.91,7.19,60100
FEO,20120130,19.75,19.79,19.51,19.73,32300
FF,20120130,12.08,12.14,11.91,11.91,19700
FFA,20120130,11.48,11.54,11.41,11.51,72100
FFC,20120130,18.08,18.15,18.04,18.15,125200
FFG,20120130,34.08,35.03,33.96,34.7,73200
FGB,20120130,6.92,6.99,6.85,6.99,62600
FGP,20120130,17.1,17.25,16.8,16.85,554600
FHN,20120130,8.65,8.79,8.59,8.7,2745600
FHY,20120130,16.3,16.35,16.25,16.35,83600
FICO,20120130,35.65,36.66,35.65,36.5,347600
FIF,20120130,20.92,21.34,20.92,21.25,139500
FIG,20120130,3.52,3.58,3.46,3.47,953100
FII,20120130,17.41,17.41,16.99,17.19,2277200
FIS,20120130,28.19,28.58,28.08,28.56,981200
FIX,20120130,12.13,12.42,12.01,12.33,64200
FL,20120130,26.24,26.55,26.1,26.39,1110000
FLC,20120130,19.14,19.34,19.01,19.19,32600
FLO,20120130,13.1667,13.1933,12.98,13.0333,497900
FLR,20120130,56.33,56.38,55.13,56.19,1768900
FLS,20120130,36.0467,36.3,35.61,36.25,459500
FLT,20120130,33.77,33.99,33.72,33.82,134600
FLY,20120130,13.49,13.58,13.43,13.58,30500
FMC,20120130,45.9,46.725,45.74,46.425,300200
FMN,20120130,15.64,15.94,15.63,15.76,16400
FMO,20120130,21.6,21.86,21.55,21.86,86100
FMS,20120130,35.62,35.765,35.485,35.715,79700
FMX,20120130,68.86,69.75,68.65,69.53,364400
FMY,20120130,19.76,20.05,19.76,20.04,18700
FN,20120130,16.95,16.97,16.25,16.35,95400
FNB,20120130,11.44,11.75,11.41,11.69,838200
FNF,20120130,18.02,18.2,17.91,18.12,1187800
FNV,20120130,44.31,44.82,43.85,44.71,140500
FOE,20120130,6.66,6.66,6.45,6.59,806500
FOF,20120130,12.75,12.83,12.69,12.78,77900
FOR,20120130,16.22,16.22,15.75,15.81,74300
FPO,20120130,14.9,14.98,14.68,14.82,188500
FPT,20120130,15,15.27,15,15.05,29500
FR,20120130,11.55,11.56,11.29,11.44,259300
FRA,20120130,14.07,14.38,14.07,14.23,189400
FRC,20120130,29.71,29.98,29.58,29.83,444800
FRO,20120130,25.55,26.15,25,26.05,1075600
FRT,20120130,94.5,95.16,94.29,94.99,493600
FSD,20120130,16.85,16.94,16.77,16.93,148200
FSM,20120130,6.83,6.83,6.6,6.8,128800
FSS,20120130,4.14,4.22,4.13,4.15,164900
FT,20120130,6.87,6.91,6.72,6.9,99900
FTI,20120130,51.83,52.18,50.85,51.98,2391000
FTK,20120130,11.03,11.42,10.93,11.35,1210200
FUL,20120130,28.18,28.61,28.07,28.36,490400
FUN,20120130,25.75,25.95,25.57,25.7,260400
G,20120130,14.91,15.02,14.7,14.71,787500
GAB,20120130,5.21,5.28,5.21,5.28,366500
GAB-D,20120130,26.2,26.44,26.2,26.44,2900
GAM,20120130,26.58,26.98,26.52,26.89,54400
GAM-B,20120130,25.88,25.97,25.8,25.97,1700
GBAB,20120130,21.44,21.72,21.44,21.72,77600
GBL,20120130,46.87,47.05,46.56,46.73,5100
GBX,20120130,22.48,22.91,22.11,22.5,546400
GCAP,20120130,6.28,6.4,6.18,6.24,21300
GCH,20120130,10.75,10.94,10.75,10.93,54900
GCI,20120130,14.83,15.1,13.93,14.17,9232000
GCO,20120130,61.2,61.77,60.02,61.34,175300
GCV,20120130,5.38,5.42,5.31,5.42,17300
GCV-B,20120130,26.34,26.34,26.34,26.34,100
GD,20120130,69.62,69.82,69.03,69.17,2327900
GDI,20120130,75.66,77.26,75.37,76.94,809700
GDL,20120130,12.12,12.28,12.12,12.26,96100
GDL-B,20120130,51.5,51.5,51.5,51.5,1100
GDO,20120130,18.86,18.88,18.72,18.85,49700
GDOT,20120130,28.86,28.98,28.03,28.47,528900
GDV,20120130,15.58,15.83,15.53,15.77,265600
GDV-A,20120130,25.63,25.73,25.63,25.73,800
GDV-D,20120130,27.35,27.35,27.31,27.35,500
GE,20120130,18.84,18.92,18.7,18.9,37731000
GEF,20120130,48.64,49.03,47.99,48.56,78900
GEF.B,20120130,49.51,49.51,48.87,49.5,1000
GEL,20120130,28.56,28.73,27.95,28.03,252800
GEN,20120130,2.14,2.2,2.13,2.2,10085000
GEO,20120130,11.76,11.7733,11.5933,11.74,413100
GER,20120130,25.76,25.86,25.76,25.81,28600
GES,20120130,29,29.4,28.9,29.37,1114400
GF,20120130,13.56,13.71,13.56,13.66,12000
GFA,20120130,5.04,5.16,5,5.12,3011800
GFF,20120130,10.31,10.36,10.1,10.1,120500
GFI,20120130,16.65,16.74,16.51,16.53,2604400
GFY,20120130,15.46,15.72,15.45,15.7,30400
GG,20120130,48.23,48.94,47.92,48.61,3930600
GGB,20120130,9.53,9.66,9.38,9.59,9734000
GGG,20120130,43.3,44.76,43.09,44.24,443300
GGP,20120130,15.8,15.84,15.68,15.77,4010200
GGT,20120130,6.7,6.78,6.65,6.78,33300
GGT-B,20120130,25.75,25.75,25.75,25.75,0
GHL,20120130,49.53,49.53,46.75,46.83,793400
GIB,20120130,19.08,19.61,19.03,19.58,174300
GIL,20120130,10.83,10.94,10.725,10.92,416800
GIM,20120130,9.85,9.86,9.78,9.86,146000
GIS,20120130,39.79,39.97,39.68,39.86,2885000
GJH,20120130,9.76,9.99,9.57,9.98,6600
GJO,20120130,18.5,18.5,18.5,18.5,0
GJP,20120130,23.75,23.75,23.75,23.75,100
GJR,20120130,17.67,17.67,17.67,17.67,100
GJS,20120130,13.4,13.4,13.36,13.36,1300
GJT,20120130,15.48,15.48,15.48,15.48,0
GJV,20120130,25.71,25.72,25.71,25.72,200
GLP,20120130,23.93,23.99,23.61,23.8,71700
GLT,20120130,14.76,14.86,14.65,14.68,168100
GLW,20120130,12.6,12.66,12.53,12.61,22498900
GM,20120130,24.06,24.57,23.95,24.23,6322900
GM.B,20120130,10.21,10.78,10.21,10.51,97400
GME,20120130,24.15,24.18,23.45,23.74,5389400
GNC,20120130,26.29,27.7,26.02,27.56,1141400
GNE,20120130,10.25,10.34,10,10.26,74900
GNK,20120130,71.2,72.8,69.4,72.4,331500
GNRC,20120130,29.73,29.99,29,29.24,297900
GNT,20120130,15.5,15.61,15.35,15.61,127100
GNW,20120130,7.71,7.78,7.54,7.65,8089500
GOF,20120130,20.1,20.12,19.97,20.05,111600
GOL,20120130,34.5,34.65,33.75,34.35,1487800
GPC,20120130,64.13,64.3,63.53,64.26,492400
GPE-A,20120130,27.15,27.35,27.15,27.28,2600
GPI,20120130,54.53,55.11,54.13,54.43,203700
GPK,20120130,5,5.13,4.98,4.99,306500
GPM,20120130,8.51,8.57,8.49,8.49,80200
GPN,20120130,24.855,25.095,24.705,25.005,818500
GPS,20120130,18.81,18.9,18.53,18.83,4088100
GPX,20120130,14.29,14.68,14.2,14.63,23900
GRA,20120130,52.01,53,51.91,52.84,1234700
GRR,20120130,13.2,13.21,13.12,13.2,13200
GRX,20120130,7.42,7.57,7.42,7.5,10700
GRX-A,20120130,27.6,27.62,27.26,27.5,800
GS,20120130,110.37,110.42,108.77,109.73,6362900
GS-A,20120130,18.97,19.08,18.87,18.87,74000
GS-B,20120130,24.25,24.27,24.22,24.23,50200
GS-C,20120130,20.1,20.18,20.06,20.14,7300
GS-D,20120130,19.58,19.67,19.55,19.66,88600
GSH,20120130,18.08,18.09,17.93,17.96,19300
GSK,20120130,44.85,45.07,44.74,45.06,1892600
GSL,20120130,1.8,1.87,1.79,1.87,26900
GTN,20120130,1.98,2.05,1.94,2,56800
GTN.A,20120130,1.74,1.74,1.74,1.74,300
GTS,20120130,21.21,21.44,21.17,21.27,36100
GTY,20120130,16.69,16.87,16.47,16.82,134200
GUT,20120130,8,8.04,7.91,7.96,68800
GUT-A,20120130,26.65,26.67,26.63,26.63,1600
GVA,20120130,26.89,27,26.47,26.77,183800
GWR,20120130,61.84,62.82,61.75,62.36,254500
GWRE,20120130,17.98,18.45,17.86,18.05,266800
GWW,20120130,192,194.37,191.45,193.82,271300
GXP,20120130,20.96,20.96,20.63,20.67,1596400
GYB,20120130,17.01,17.29,17.01,17.17,6600
GYC,20120130,21.86,21.86,21.63,21.86,1100
GZT,20120130,9.95,9.95,9.72,9.91,30700
H,20120130,41.48,42.15,41.04,41.96,202000
HAE,20120130,34.005,34.005,32.405,32.515,425000
HAL,20120130,36.64,36.8,36,36.67,13564300
HBI,20120130,6.04,6.185,6.0325,6.13,801500
HBM,20120130,11.82,11.88,11.52,11.62,27200
HCA,20120130,25.65,25.82,24.72,24.85,2473300
HCC,20120130,27.86,27.87,27.59,27.77,341500
HCN,20120130,56.78,57.24,56.54,56.82,1653800
HCN-I,20120130,53.16,53.5,53.06,53.42,109400
HCP,20120130,41.16,41.66,41.08,41.64,2589400
HD,20120130,44.58,44.79,44.22,44.77,6725900
HDB,20120130,30.69,30.71,30.28,30.61,1045000
HE,20120130,25.79,25.87,25.54,25.8,596000
HE-U,20120130,25.52,25.52,25.52,25.52,100
HEI,20120130,27.9398,28.2419,27.9091,28.0525,185100
HEI.A,20120130,19.2102,19.4202,19.2102,19.2973,27500
HEP,20120130,27.2,27.35,27.175,27.28,77600
HEQ,20120130,15.98,16.06,15.8,16.05,89800
HES,20120130,54.73,55.34,54.1,55.15,4341500
HF,20120130,13.75,14,13.68,13.76,151600
HFC,20120130,29.35,30.02,29.05,29.91,2276000
HGT,20120130,15.34,15.4,15.14,15.34,269900
HHC,20120130,51.99,52.22,51.07,52.16,120400
HHS,20120130,10.05,10.15,9.96,10.06,167600
HI,20120130,23.32,23.51,22.9,23.21,291900
HIG,20120130,17.34,17.57,17.17,17.46,5483700
HIG.W,20120130,10.22,10.34,10.07,10.33,62400
HII,20120130,37.33,37.33,36.85,37.07,300000
HIL,20120130,5.96,6,5.85,5.92,38700
HIO,20120130,6.35,6.42,6.35,6.41,183600
HIW,20120130,32.98,33.09,32.7,32.76,750400
HIX,20120130,10.02,10.16,10,10.16,319300
HJV,20120130,24.74,24.8,24.67,24.8,2700
HL,20120130,5.12,5.36,5.1,5.3,5439300
HL-B,20120130,54.44,54.44,54.36,54.36,300
HLF,20120130,57.25,57.53,56.61,57.06,1080000
HLS,20120130,19.59,19.75,19.28,19.48,629500
HLX,20120130,16.36,16.58,16.05,16.47,486200
HMC,20120130,34.73,35.07,34.7,35.01,350800
HMN,20120130,15.46,15.52,15.3,15.39,66000
HMY,20120130,12.01,12.23,11.93,12.11,2008400
HNI,20120130,27.14,27.66,26.88,27.32,418900
HNP,20120130,23.58,23.95,23.55,23.83,342900
HNR,20120130,27.36,27.48,26.24,26.52,243000
HOG,20120130,43.89,44.37,43.45,43.91,1575900
HON,20120130,57.95,58.28,57.5,58.18,3717100
HOS,20120130,33.25,33.25,32.56,32.86,933000
HOV,20120130,2.57,2.59,2.43,2.5,3544000
HP,20120130,60.06,60.98,58.86,60.33,1843500
HPF,20120130,21.65,21.8,21.6,21.66,39900
HPI,20120130,22.36,22.49,22.29,22.36,62500
HPP,20120130,14.88,15.13,14.88,15.05,51200
HPQ,20120130,12.3909,12.7455,12.3773,12.6727,12122300
HPS,20120130,18.05,18.14,17.96,18.05,232900
HQH,20120130,15.22,15.47,15.14,15.42,92800
HQL,20120130,12.95,12.95,12.84,12.92,97800
HR,20120130,20.85,21.08,20.77,21,971700
HRB,20120130,16.67,16.69,16.51,16.58,2313000
HRC,20120130,32.75,33.45,32.5,33.14,607200
HRG,20120130,4.83,4.91,4.8,4.82,9100
HRL,20120130,14.445,14.49,14.335,14.355,983300
HRS,20120130,39.62,39.98,39.15,39.21,1869300
HSC,20120130,22.52,22.67,22.08,22.26,1200100
HST,20120130,16.31,16.45,16.18,16.33,7211700
HSY,20120130,61.14,62,60.65,61.7,922400
HT,20120130,5.45,5.46,5.35,5.43,769100
HTD,20120130,17.7,17.92,17.7,17.88,161600
HTH,20120130,8.57,8.65,8.55,8.62,43800
HTY,20120130,14.07,14.16,13.95,14.16,64300
HTZ,20120130,55.28,55.56,54.72,55.04,6564100
HUM,20120130,87.37,88.35,86.76,88.19,1197200
HUN,20120130,12.55,12.74,12.2,12.55,6044400
HVT,20120130,12.49,12.53,12.44,12.45,35100
HVT.A,20120130,12.46,12.46,12.46,12.46,0
HW,20120130,2.31,2.41,2.26,2.4,344100
HXL,20120130,24.84,25.4,24.84,25.03,692200
HYB,20120130,10.12,10.37,10.12,10.37,32300
HYH,20120130,25,25.24,24.91,25.15,4200
HYI,20120130,18.87,18.89,18.6,18.79,91500
HYT,20120130,12.1,12.1,12.01,12.1,138500
HZO,20120130,8.5,8.5,8.1,8.12,77800
IAE,20120130,16.38,16.47,16.2,16.36,43700
IAG,20120130,16.8,16.87,16.48,16.62,1929900
IBA,20120130,20.14,20.48,20.07,20.41,4000
IBM,20120130,189.39,192.73,188.22,192.5,4359000
IBN,20120130,6.886,6.926,6.77,6.922,3797000
ICB,20120130,17.85,17.95,17.63,17.78,41200
ICE,20120130,23.096,23.296,22.906,23.086,563900
IDA,20120130,42.04,42.11,41.6,41.83,166500
IDE,20120130,17.1,17.39,17.05,17.32,79000
IDT,20120130,9.14,9.24,9,9.04,67400
IEX,20120130,39.66,40.12,39.19,40.02,414800
IFF,20120130,56.51,56.61,56,56.41,723500
IFN,20120130,21.42,21.61,21.26,21.6,171700
IGA,20120130,11.27,11.28,11.2,11.27,75000
IGD,20120130,9.37,9.42,9.31,9.42,445000
IGI,20120130,22.7,22.97,22.57,22.84,53000
IGR,20120130,7.52,7.57,7.48,7.57,294400
IGT,20120130,15.88,15.93,15.49,15.52,4540500
IHC,20120130,9.48,9.61,9.48,9.5,7100
IHD,20120130,14.92,15.16,14.72,15.16,78500
IHG,20120130,24.36,24.6,24.252,24.588,330700
IID,20120130,9.71,9.75,9.62,9.74,74300
IIF,20120130,15.86,16.1,15.76,16.07,138600
IIM,20120130,16.25,16.52,16.24,16.52,111300
IMAX,20120130,20.65,21.13,20.52,20.85,472400
INB,20120130,9.97,9.97,9.82,9.95,67200
INF,20120130,18.89,18.92,18.46,18.9,51000
ING,20120130,8.71,8.88,8.63,8.85,3426900
INN,20120130,9.42,9.46,9.3,9.39,124200
INT,20120130,45,45.67,44.64,45.45,249100
INVN,20120130,14.59,16.7,14.5,16.29,1378100
INXN,20120130,14.13,14.19,14,14.07,224600
IO,20120130,113.25,113.4,108.45,109.05,1073400
IP,20120130,30.66,31.27,30.5,31.09,3418800
IPG,20120130,10.11,10.52,10.06,10.45,6817700
IPHI,20120130,15.5,15.5,15.02,15.13,526200
IPI,20120130,25.22,25.43,24.91,25.23,278400
IQI,20120130,13.84,13.9,13.81,13.88,34900
IR,20120130,34.76,36.07,34.57,35.89,3009600
IRL,20120130,7.25,7.25,7.1,7.22,9300
IRM,20120130,30.88,31.01,30.67,30.94,833700
IRR,20120130,12.03,12.08,11.98,12.08,98200
IRS,20120130,10.16,10.16,9.83,10.06,22400
ISF,20120130,19.35,19.49,19.24,19.38,134600
ISG,20120130,18.75,18.86,18.67,18.74,128000
ISP,20120130,18.9,18.95,18.75,18.9,48700
IT,20120130,37.66,38.09,37.55,37.69,212600
ITG,20120130,11.3,11.54,11.25,11.51,501300
ITT,20120130,21.48,21.75,21.32,21.66,972500
ITUB,20120130,20.07,20.36,19.87,20.31,10048100
ITW,20120130,52.4,53.5,52.12,53.2,4684600
IVC,20120130,17,17.07,16.72,16.76,120200
IVR,20120130,15.82,15.84,15.66,15.69,1634600
IVZ,20120130,22.65,22.86,22.54,22.55,5435300
IX,20120130,46.23,46.69,46.23,46.46,12100
JAG,20120130,7.17,7.28,7.11,7.2,1712400
JBK,20120130,21.75,21.75,21.25,21.25,7800
JBL,20120130,22.45,22.6,22.29,22.5,1585700
JBN,20120130,24.8,24.9,24.8,24.9,4200
JBR,20120130,24.35,24.58,24.34,24.58,5900
JBT,20120130,16.32,16.56,16.24,16.37,52300
JCE,20120130,13.19,13.27,13.05,13.27,53800
JCI,20120130,31.44,31.99,31.14,31.87,5044600
JCP,20120130,41.06,42.29,40.78,41.81,10523900
JDD,20120130,11.59,11.59,11.43,11.49,70900
JE,20120130,11.92,12.33,11.72,12,109100
JEC,20120130,44.7,44.86,44.06,44.81,1101100
JEQ,20120130,5.34,5.35,5.29,5.29,28600
JFC,20120130,12.1,12.18,11.98,12.15,13800
JFR,20120130,11.47,11.63,11.47,11.61,254600
JHI,20120130,23.22,23.25,23.03,23.15,17100
JHS,20120130,14.92,14.96,14.84,14.88,21700
JHX,20120130,37.5,37.73,37.36,37.73,1400
JKS,20120130,6.78,7,6.55,6.6,817600
JLL,20120130,74.45,74.88,73.78,74.77,852800
JLS,20120130,22.7,22.7,22.37,22.57,35400
JMF,20120130,18.03,18.24,18.03,18.12,88500
JMP,20120130,7.38,7.54,7.29,7.34,28400
JMT,20120130,22.16,22.33,22.16,22.26,3300
JNJ,20120130,65.27,65.71,65.13,65.71,7487100
JNPR,20120130,21.38,21.39,20.95,21.09,8777600
JNS,20120130,8.02,8.03,7.77,7.92,4215000
JOE,20120130,16.59,16.66,15.92,16.27,1419700
JOF,20120130,7.49,7.52,7.47,7.52,61200
JPC,20120130,8.53,8.53,8.33,8.52,407300
JPM,20120130,36.65,37.17,36.36,37.01,24432000
JPM-B,20120130,25.82,25.87,25.78,25.79,110400
JPM.W,20120130,9.84,10.03,9.54,10.03,46000
JPS,20120130,8.44,8.45,8.39,8.4,256500
JQC,20120130,8.75,8.79,8.68,8.79,344200
JRO,20120130,11.83,11.83,11.61,11.71,150300
JSD,20120130,18.65,18.69,18.49,18.6,58000
JTA,20120130,10.86,10.88,10.77,10.86,24400
JTD,20120130,13.11,13.16,12.93,13.11,41000
JW.A,20120130,45.9,46.02,45.5,45.76,102700
JW.B,20120130,46.5,46.5,46.5,46.5,100
JWN,20120130,48.19,49.61,48,49.53,2740500
K,20120130,49.08,49.79,49.07,49.47,3237500
KAI,20120130,24.19,24.52,23.86,24.25,24800
KAR,20120130,14.01,14.43,13.93,14.15,537100
KB,20120130,37.65,37.96,37.51,37.8,217400
KBH,20120130,9.64,9.65,9.35,9.44,3406900
KBR,20120130,31.94,32.09,31.55,32.03,1486800
KCG,20120130,13.09,13.19,13,13.08,562500
KED,20120130,22.02,22.38,22.02,22.36,32700
KEF,20120130,9.39,9.44,9.31,9.44,12600
KEG,20120130,14.63,14.67,14.23,14.47,1836500
KEM,20120130,9.55,9.56,9.41,9.52,465700
KEP,20120130,11.96,12.1,11.93,12.1,192500
KEX,20120130,67.06,67.53,66.88,67.38,543600
KEY,20120130,7.92,7.94,7.77,7.85,12041800
KF,20120130,38.41,39.05,38.01,39,27200
KFS,20120130,0.64,0.65,0.6,0.63,28900
KFY,20120130,16.83,17.26,16.8,17.09,298300
KGC,20120130,11.48,11.49,11.21,11.36,6874600
KIM,20120130,18.16,18.32,18.1,18.29,3745500
KKR,20120130,13.73,14.1,13.57,13.94,958300
KMB,20120130,68.0441,68.6577,67.5935,68.3988,3040500
KMF,20120130,25.95,26.21,25.86,26.21,124000
KMI,20120130,32.34,32.41,32.05,32.24,1966000
KMM,20120130,10.7,10.8,10.67,10.74,69900
KMPR,20120130,29.4,29.95,29.27,29.71,105200
KMT,20120130,42.96,44.05,42.85,43.81,747800
KMX,20120130,31.28,31.48,31.14,31.29,1431700
KND,20120130,13.23,13.39,12.74,12.82,847500
KNL,20120130,15.66,16.09,15.58,15.87,135300
KNX,20120130,17.64,17.76,17.38,17.67,820200
KO,20120130,33.645,33.785,33.515,33.73,5295700
KOF,20120130,97.62,97.67,96.54,97.57,46600
KOP,20120130,38.09,38.2,37.53,37.88,128800
KORS,20120130,29.86,29.95,29.32,29.84,307100
KOS,20120130,12.5,12.72,12.36,12.64,185500
KR,20120130,12.1,12.11,12,12.045,3877500
KRA,20120130,27.76,27.96,27.28,27.49,228800
KRC,20120130,41.54,41.99,41.33,41.71,1143700
KRG,20120130,19.64,19.96,19.48,19.8,164700
KRO,20120130,22.88,23.34,22.6,23.21,663700
KS,20120130,8.535,8.68,8.445,8.45,447000
KSM,20120130,13.96,14.07,13.91,14.05,62900
KSS,20120130,46.25,46.58,45.82,46.09,4017100
KST,20120130,13.66,13.7,13.61,13.63,50700
KSU,20120130,67.77,70,67.57,69.21,1054200
KSU.P,20120130,25.98,25.99,25.94,25.99,200
KT,20120130,14.98,14.98,14.86,14.88,1235000
KTF,20120130,14,14.15,13.97,14.12,121500
KTH,20120130,31.01,31.01,31.01,31.01,0
KTN,20120130,27.8,27.8,27.8,27.8,300
KTP,20120130,25.7,25.88,25.68,25.86,1900
KW,20120130,12.95,13.14,12.85,13,143700
KWR,20120130,43.7,44.81,43.48,44.37,36100
KYE,20120130,26.66,27.47,26.61,27.47,78400
KYN,20120130,30.89,31.14,30.78,31.08,143300
KYO,20120130,41.115,41.6,40.83,40.85,11800
L,20120130,37.29,37.45,37.04,37.32,1361500
LAD,20120130,23.16,23.48,22.98,23.22,227100
LAZ,20120130,27.86,28.12,27.64,28.09,839100
LBF,20120130,7.94,8,7.94,7.97,10900
LCM,20120130,9.84,9.93,9.8,9.93,39900
LDF,20120130,15.8,15.8,15.53,15.8,6000
LDL,20120130,9.71,9.77,9.35,9.45,38300
LDR,20120130,57.13,57.13,56.06,56.18,18700
LEA,20120130,41.7,41.83,41.21,41.7,1047200
LEE,20120130,1.44,1.51,1.37,1.42,943300
LEG,20120130,22.37,22.44,21.96,22.04,2932400
LEN,20120130,21.98,22.22,21.79,22.14,3854600
LEN.B,20120130,17.76,18.01,17.63,17.85,38800
LEO,20120130,9.16,9.24,9.12,9.12,135600
LFC,20120130,14.2567,14.3467,14.0833,14.3,531600
LFL,20120130,25.11,25.13,24.72,25.11,137300
LGI,20120130,14.3,14.42,14.26,14.41,15700
LH,20120130,90.72,90.92,89.76,90.92,506600
LHO,20120130,26.69,27.11,26.65,27,588200
LII,20120130,37.16,37.28,36.53,36.75,394200
LL,20120130,21.66,21.87,21.27,21.7,281500
LLL,20120130,69.42,69.76,68.78,69.6,828100
LLY,20120130,39,39.46,38.93,39.25,26019000
LM,20120130,25.72,25.94,25.53,25.61,2750800
LMT,20120130,81.32,82.13,81.29,82.01,3109800
LNC,20120130,20.67,21.61,20.42,21.41,6534100
LNC.W,20120130,13.43,14.14,13.37,14.03,17000
LNN,20120130,61.06,62.19,60.92,61.82,89400
LNT,20120130,21.14,21.17,20.965,21.05,387000
LOR,20120130,11.7,11.78,11.64,11.75,6000
LOW,20120130,26.68,26.84,26.38,26.82,11089700
LPI,20120130,22.21,22.37,21.9,22.22,41700
LPL,20120130,13,13.08,12.87,13.03,600500
LPX,20120130,8.96,9.24,8.87,9.1,2143800
LRN,20120130,22.65,22.77,21.98,22.26,608800
LSI,20120130,7.63,7.75,7.57,7.65,15636700
LTC,20120130,31.38,31.76,31.38,31.72,188700
LTM,20120130,47.28,48.58,47.11,48.34,352900
LUB,20120130,5.22,5.27,5.11,5.2,25500
LUK,20120130,27.93,28.22,27.6,28.05,601100
LUV,20120130,9.54,9.57,9.33,9.38,7387900
LUX,20120130,32.39,32.57,32.19,32.56,38500
LVLT,20120130,19.09,19.15,18.82,18.96,982100
LVS,20120130,48.76,49.65,48.3,49.29,11144700
LXP,20120130,8.47,8.59,8.4,8.51,699700
LXP-C,20120130,43,43.32,43,43.32,1700
LXU,20120130,34.89,35.31,34.53,35.15,149900
LYB,20120130,40.82,42.44,40.51,42.42,4128200
LYG,20120130,1.89,1.94,1.88,1.94,2221000
LYV,20120130,10.27,10.31,10.08,10.19,499700
LZB,20120130,13.59,13.63,13.33,13.37,352500
M,20120130,33.58,34.33,33.31,34.32,6115900
MA,20120130,34.697,35.237,34.625,35.197,824400
MAA,20120130,63.45,63.99,63.29,63.63,289500
MAC,20120130,54.62,54.69,54.02,54.43,831700
MAIN,20120130,21.86,22.02,21.8,22,234100
MAN,20120130,40.97,41.13,40.45,40.79,1067400
MAS,20120130,12.12,12.36,11.87,12.25,4105600
MAV,20120130,15.03,15.14,15.01,15.03,89500
MBI,20120130,12,12.1,11.97,12,1077100
MBT,20120130,16.44,16.74,16.37,16.74,2277400
MCA,20120130,15.05,15.25,15.05,15.22,84800
MCC,20120130,11.11,11.27,10.98,11.23,42200
MCD,20120130,97.97,98.81,97.7,98.69,6105100
MCI,20120130,17.13,17.57,17,17.55,18300
MCK,20120130,79.05,79.12,78.05,78.69,1891400
MCN,20120130,8,8.01,7.95,7.96,75000
MCO,20120130,37.22,37.46,36.94,37.05,1096000
MCR,20120130,9.55,9.6,9.52,9.57,111400
MCS,20120130,12.39,12.81,12.3,12.45,96400
MCY,20120130,43.93,44.21,43.64,44.03,213900
MD,20120130,35.28,35.68,35.08,35.625,241100
MDC,20120130,20.69,20.89,20.17,20.29,551900
MDP,20120130,31.02,31.13,30.52,30.76,492000
MDR,20120130,12.72,12.73,12.33,12.4,3203100
MDT,20120130,39.22,39.22,38.55,38.85,6334100
MDU,20120130,21.43,21.43,21.15,21.17,640100
MED,20120130,16.29,16.92,16.21,16.49,214600
MEI,20120130,9.45,9.91,9.45,9.84,247500
MEN,20120130,11.84,12.04,11.84,12.03,89000
MER-K,20120130,21.61,21.95,21.61,21.88,72100
MER-P,20120130,23.95,24.21,23.89,24.16,35000
MET,20120130,35.16,35.97,34.87,35.71,12574200
MET-A,20120130,23.85,24.03,23.8,23.89,30800
MFA,20120130,7.25,7.28,7.21,7.25,3129000
MFC,20120130,11.68,11.8,11.56,11.78,2196600
MFD,20120130,15.4,15.4,15.24,15.37,28600
MFG,20120130,2.98,3.02,2.98,3.01,1866700
MFL,20120130,15.07,15.14,15.04,15.07,137700
MFM,20120130,7.45,7.56,7.44,7.49,193400
MFT,20120130,14.74,14.93,14.69,14.84,45000
MFV,20120130,6.95,7,6.9,6.96,16900
MG,20120130,22.43,22.65,22.18,22.57,117600
MGA,20120130,20.9,21.015,20.63,20.995,1146500
MGF,20120130,7.09,7.11,6.94,6.97,158700
MGM,20120130,12.93,13.33,12.71,13.15,13229200
MGU,20120130,17.81,17.97,17.78,17.95,56500
MHD,20120130,17.92,18,17.83,17.95,33800
MHF,20120130,8.2,8.2,8.1,8.13,40900
MHI,20120130,15.09,15.24,15.07,15.22,110400
MHK,20120130,62.62,62.81,61.56,62.11,548400
MHN,20120130,15.49,15.59,15.47,15.55,51100
MHO,20120130,11.8,11.87,11.19,11.24,137800
MHO-A,20120130,11.5,12,11.5,12,1100
MIC,20120130,27.62,27.9,27.25,27.77,312100
MIN,20120130,6.37,6.42,6.36,6.37,331600
MITT,20120130,19.01,19.1,18.98,18.98,113000
MIY,20120130,15.51,15.59,15.47,15.58,25700
MJN,20120130,73.44,74.38,73.14,73.86,1521700
MKC,20120130,50.14,50.75,50,50.62,490400
MKC.V,20120130,50.33,50.46,50.15,50.46,2100
MKL,20120130,399.77,402.41,399.3,399.5,9200
MLI,20120130,22.045,22.275,21.84,22.06,85000
MLM,20120130,80.81,82.56,80.58,82.42,645000
MLP,20120130,4.13,4.13,4.05,4.07,3500
MLR,20120130,16.15,16.31,16.1,16.22,44100
MMC,20120130,31.47,31.68,31.28,31.6,2261700
MMI,20120130,38.8,39,38.75,38.87,1798600
MMM,20120130,86.5,87.59,86.42,87.34,3148300
MMP,20120130,33.45,33.51,33.23,33.51,160700
MMS,20120130,22.625,22.71,22.4,22.45,114800
MMT,20120130,6.98,7,6.94,6.98,162600
MMU,20120130,13.9,13.96,13.86,13.92,77400
MN,20120130,13.24,13.38,13.15,13.32,32000
MNE,20120130,14.76,14.91,14.75,14.91,9100
MNI,20120130,24,24.2,23.8,23.8,616700
MNP,20120130,15.94,16.09,15.94,16.09,43200
MNR,20120130,9.36,9.36,9.15,9.21,115100
MO,20120130,28.02,28.5,28,28.39,12322400
MOD,20120130,10.97,11.08,10.87,10.93,262500
MOG.A,20120130,43.17,43.17,41.57,41.91,97200
MOG.B,20120130,42.73,42.73,42,42,300
MOH,20120130,29.56,30.11,29.31,30.04,619200
MON,20120130,79.71,82.66,79.08,82.29,4790400
MOS,20120130,55.47,56.51,55.2,56.28,3142600
MOV,20120130,18.46,18.5,18.2,18.34,159700
MP-D,20120130,26.6,26.6,26.6,26.6,0
MPA,20120130,16.1,16.15,16.05,16.12,7000
MPC,20120130,18.48,18.82,18.45,18.74,1850100
MPV,20120130,15.34,15.38,15.15,15.34,7200
MPW,20120130,10.61,10.7,10.54,10.63,500000
MPX,20120130,6.29,6.34,5.92,6.03,29700
MQT,20120130,13.97,14.02,13.97,14.01,59900
MQY,20120130,16.24,16.53,16.24,16.53,62000
MRK,20120130,38.58,38.9,38.27,38.89,12716200
MRO,20120130,30.87,31.06,30.41,30.96,7761300
MRT,20120130,6.89,6.9,6.89,6.89,19900
MS,20120130,18.79,18.8,18.17,18.2,31773200
MS-A,20120130,17.6,17.78,17.6,17.65,75200
MSA,20120130,33.4,33.58,32.82,32.88,343200
MSB,20120130,31.24,32.38,31.24,31.85,132800
MSCI,20120130,32.58,32.82,32.45,32.61,862600
MSD,20120130,10.64,10.73,10.64,10.71,47500
MSF,20120130,13.92,13.97,13.83,13.91,14500
MSI,20120130,45.92,46.45,45.64,45.96,2617000
MSM,20120130,75.51,75.99,74.9,75.67,192100
MSP,20120130,11.52,11.56,11.44,11.54,15600
MT,20120130,62.31,62.49,61.5,62.01,6211100
MTB,20120130,79.43,80.18,79.32,79.88,423500
MTD,20120130,174.8,177.03,173.44,175.97,71400
MTG,20120130,3.94,4.17,3.81,3.95,10367700
MTH,20120130,27.16,27.44,26.71,27.16,580600
MTL,20120130,21.6,22.08,21.12,21.9,3049800
MTL.P,20120130,4.43,4.52,4.31,4.41,609400
MTN,20120130,43.33,43.54,42.89,43.4,303600
MTOR,20120130,6.65,6.68,6.3,6.3,1581500
MTR,20120130,41.45,41.5,40.75,41.34,7200
MTRN,20120130,28.63,29.28,28.55,28.83,226900
MTT,20120130,22.49,22.52,22.3,22.46,46300
MTU,20120130,4.57,4.6,4.54,4.59,1090800
MTW,20120130,13.25,13.45,12.91,13.35,5341400
MTX,20120130,32.11,32.19,31.76,31.945,108400
MTZ,20120130,16.1,16.54,16.05,16.5,526100
MUA,20120130,13.02,13.19,13,13.18,68300
MUC,20120130,15.34,15.44,15.3,15.41,55500
MUE,20120130,14.64,14.76,14.64,14.69,55900
MUH,20120130,16.54,16.72,16.5,16.6,43300
MUI,20120130,16.35,16.4,16.29,16.31,126100
MUJ,20120130,15.68,15.79,15.68,15.7,32600
MUR,20120130,60.81,60.81,59.27,59.79,2222100
MUS,20120130,14.54,14.55,14.46,14.53,47700
MUSA,20120130,13.35,13.69,13.16,13.38,177300
MUX,20120130,5.9,5.97,5.78,5.86,2080300
MVC,20120130,12.45,12.7,12.45,12.56,22600
MVO,20120130,41,41.45,40.55,41.23,33800
MVT,20120130,16.42,16.71,16.42,16.71,53900
MWA,20120130,2.8,2.85,2.77,2.8,670200
MX,20120130,9.5,9.82,9.19,9.68,460600
MXE,20120130,10.73,10.9,10.73,10.89,6000
MXF,20120130,23.19,23.46,23.03,23.4,29700
MXL,20120130,5.92,5.96,5.87,5.94,28100
MYC,20120130,15.86,16.1,15.85,15.98,53500
MYD,20120130,15.27,15.4,15.27,15.38,155700
MYE,20120130,13.2,13.28,12.92,13.08,65700
MYF,20120130,15.6,15.71,15.55,15.69,71000
MYI,20120130,14.6,14.77,14.6,14.77,305400
MYJ,20120130,15.65,15.85,15.65,15.79,22000
MYN,20120130,14.27,14.43,14.27,14.43,96400
MZF,20120130,15.33,15.4,15.31,15.4,12600
NAC,20120130,14.79,14.84,14.71,14.73,70800
NAD,20120130,15.09,15.12,15.02,15.04,84800
NAN,20120130,14.82,14.9,14.79,14.85,29100
NAT,20120130,14.09,14.2,13.94,13.97,850600
NAV,20120130,44.38,44.45,42.88,43.5,1459600
NAV-D,20120130,13.4,13.4,13.4,13.4,0
NAZ,20120130,14.67,14.67,14.61,14.61,1900
NBB,20120130,20.84,20.96,20.77,20.95,72100
NBD,20120130,21.74,21.74,21.63,21.7,61400
NBL,20120130,49.785,50.68,49.45,50.615,1138800
NBR,20120130,17.68,18.73,17.51,18.56,10581800
NC,20120130,101,103.01,99.96,102.25,24900
NCA,20120130,9.55,9.59,9.5,9.55,67000
NCI,20120130,12.79,12.88,12.58,12.64,106700
NCR,20120130,18.07,18.42,18,18.29,847200
NCS,20120130,11.54,11.7,11.37,11.62,38400
NCV,20120130,9.12,9.17,9.02,9.17,120500
NCZ,20120130,8.31,8.37,8.28,8.37,89200
NDRO,20120130,20.57,20.65,20.16,20.57,78400
NE,20120130,34.84,34.84,34.1,34.72,4338500
NEE,20120130,59.7,60.37,59.37,59.93,2705300
NEE-C,20120130,26.02,26.02,25.91,25.91,15000
NEM,20120130,61.02,61.79,60.38,61.22,5748400
NEU,20120130,215.65,218.67,215.44,216.63,55000
NEV,20120130,15.08,15.08,14.88,15.04,98800
NFG,20120130,50.2,50.59,49.02,50.24,405500
NFJ,20120130,17,17.2,16.96,17.17,298300
NFX,20120130,39.25,39.26,38.43,38.63,1783600
NGG,20120130,48.18,48.59,48.1,48.47,570500
NGL,20120130,23.4,23.5,22.71,22.77,15300
NGS,20120130,14.49,14.61,14.09,14.19,75000
NHF,20120130,24.96,25.2,24.92,25.16,167000
NHI,20120130,48.11,48.52,48,48.41,78400
NI,20120130,22.83,22.84,22.57,22.76,2371100
NIE,20120130,16.86,16.99,16.77,16.98,82400
NIM,20120130,11,11,10.97,11,10900
NJR,20120130,23.84,23.86,23.41,23.485,376200
NKE,20120130,25.3575,26.0375,25.2175,25.8475,2973000
NL,20120130,13.99,14.5,13.88,13.95,15500
NLS,20120130,2.32,2.55,2.25,2.45,361000
NLSN,20120130,28.94,29.18,28.85,29.01,492900
NLY,20120130,16.92,16.92,16.78,16.8,10699800
NLY-A,20120130,26.82,26.99,26.82,26.9,3400
NM,20120130,3.68,3.68,3.6,3.64,219900
NMFC,20120130,13.35,13.39,13.26,13.26,10200
NMI,20120130,11.73,11.75,11.67,11.74,5300
NMK-B,20120130,92.05,92.05,92.05,92.05,0
NMK-C,20120130,88,88,88,88,0
NMM,20120130,16.33,16.39,16.11,16.15,244100
NMR,20120130,3.56,3.62,3.53,3.62,507400
NMT,20120130,15.01,15.15,15.01,15.13,10300
NMY,20120130,15.45,15.97,15.39,15.47,49100
NNA,20120130,3,3.01,3,3.01,3700
NNC,20120130,15.45,15.54,15.39,15.39,6300
NNI,20120130,24.6,24.66,24.26,24.32,89400
NNN,20120130,27,27.27,26.84,27.21,1204400
NNY,20120130,10.07,10.1,10.05,10.09,40200
NOA,20120130,6.51,6.58,6.38,6.47,142800
NOAH,20120130,6.6,6.76,6.48,6.52,155900
NOC,20120130,58.08,58.48,57.92,58.2,2323000
NOK,20120130,4.97,5.08,4.93,5.05,45270500
NOV,20120130,76.24,76.37,74.92,75.45,3994100
NP,20120130,24.08,24.3,23.74,23.97,92600
NPK,20120130,99.3,99.91,97.53,98.4,42500
NPO,20120130,35.23,35.42,34.62,35.3,78600
NPTN,20120130,5.52,5.57,5.39,5.48,25800
NPV,20120130,16.27,16.3,16.24,16.25,6100
NQ,20120130,6.98,7.53,6.92,7.2,375000
NQP,20120130,15.24,15.32,15.24,15.27,36400
NR,20120130,8.69,8.69,8.27,8.3,2789600
NRG,20120130,16.59,16.88,16.48,16.8,4476400
NRP,20120130,275.9,279.9,274.5,279.7,233600
NRT,20120130,32.17,33,31.98,32.02,25500
NS,20120130,57.5,57.83,57.15,57.78,458300
NSC,20120130,72.52,73.72,72.11,73.18,5473600
NSH,20120130,32.88,33.11,32.68,32.97,220100
NSL,20120130,6.98,7.05,6.95,7.04,127900
NSP,20120130,27.86,28.3,27.85,28,97500
NSR,20120130,36.32,36.66,35.76,36.54,316300
NTC,20120130,14.45,14.56,14.45,14.52,10700
NTG,20120130,25.56,26.24,25.52,26.1,157900
NTL,20120130,26,26.4,25.81,25.85,2800
NTX,20120130,16.72,16.87,16.72,16.75,10600
NTZ,20120130,3,3.07,3,3,7400
NUE,20120130,43.78,44.85,43.59,44.6,3366700
NUM,20120130,15.35,15.4,15.31,15.4,26300
NUO,20120130,17.34,17.39,17.26,17.33,7400
NUS,20120130,50.51,51,49.8,50.48,815400
NUV,20120130,10.07,10.1,10.04,10.04,222200
NUW,20120130,17.75,17.98,17.74,17.85,24800
NVO,20120130,23.258,23.38,23.192,23.24,510700
NVR,20120130,695,702.16,686.79,702,43200
NVS,20120130,54.34,54.43,54.15,54.3,2203000
NW-C,20120130,20.99,21.05,20.79,21.05,7300
NWE,20120130,34.94,35.06,34.74,34.75,105600
NWL,20120130,18.55,18.81,18.39,18.6,4649300
NWN,20120130,47.2,47.54,46.97,47.22,152700
NWY,20120130,3.1,3.11,2.75,2.75,156000
NX,20120130,16.69,16.7,16.28,16.44,256200
NXC,20120130,14.3,14.43,14.3,14.42,11000
NXN,20120130,14.74,14.74,14.7,14.71,5300
NXP,20120130,14.95,14.99,14.86,14.9,27800
NXQ,20120130,13.62,13.74,13.62,13.74,43500
NXR,20120130,14.59,14.67,14.55,14.55,20100
NYT,20120130,7.77,7.92,7.57,7.59,1445100
O,20120130,36.33,36.45,36.08,36.34,801100
OAS,20120130,32.2,33,31.55,32.8,1219300
OB,20120130,15.51,15.88,15.48,15.68,62100
OC,20120130,34.28,34.4,33.71,33.83,1482100
OCN,20120130,13.85,14.4,13.78,14.36,1272600
ODC,20120130,21.43,21.61,21.15,21.15,10600
OFC,20120130,23.79,24.08,23.6,23.79,636600
OFG,20120130,12.4,12.49,12.29,12.42,170000
OFG-A,20120130,22.75,22.75,22.66,22.66,800
OFG-B,20120130,22.65,22.65,22.65,22.65,100
OGE,20120130,26.74,26.775,26.2,26.29,1143000
OHI,20120130,20.82,21,20.72,20.92,734000
OI,20120130,24.27,24.53,23.94,24.43,1891100
OIA,20120130,6.92,6.98,6.92,6.98,38900
OII,20120130,48.12,48.87,47.75,48.62,656700
OIS,20120130,79.28,79.57,77.51,78.46,546300
OKE,20120130,42.205,42.31,41.675,41.82,1255600
OKS,20120130,55.86,56.25,55.56,56.12,222000
OLN,20120130,22.56,22.69,21.97,22.15,892900
OLP,20120130,17.36,17.66,17.36,17.42,37200
OMC,20120130,45.67,46.31,44.97,46.26,1775900
OME,20120130,8.59,8.74,8.5,8.52,69700
OMI,20120130,30.08,30.51,29.9,30.38,251700
OMN,20120130,5.09,5.11,4.85,4.98,547700
OPY,20120130,18.47,18.47,17.62,17.76,16400
ORA,20120130,17.69,17.73,17.49,17.52,84600
ORCL,20120130,28.18,28.69,28.02,28.6,23294900
ORI,20120130,9.64,9.84,9.59,9.79,3174400
ORN,20120130,7.22,7.35,7.1,7.3,88300
OSG,20120130,12.81,13.11,12.65,12.94,263900
OSK,20120130,25.19,25.29,24.55,24.99,694000
OXM,20120130,48.77,50.05,48.16,49.87,102500
OXY,20120130,98.98,99.93,98.1,99.62,3890900
OZM,20120130,9.88,9.93,9.71,9.89,1506000
P,20120130,13.5,13.76,13.47,13.66,1052700
PAA,20120130,38.3,38.5,38.03,38.5,405600
PAC,20120130,37.11,37.22,36.8,37.11,20200
PACD,20120130,94.8,99.5,94,98.6,140100
PAG,20120130,22.85,23.1,22.68,22.92,290100
PAI,20120130,13.65,13.74,13.62,13.68,32700
PAM,20120130,11.63,11.63,11.2,11.5,63000
PAR,20120130,4.63,4.64,4.54,4.6,2800
PAY,20120130,39.52,39.59,38.8,39.41,780700
PB,20120130,40.93,41.49,40.66,41.19,147200
PBH,20120130,12.44,12.65,12.44,12.53,215600
PBI,20120130,19.29,19.4,19.14,19.21,2281300
PBR,20120130,30.49,30.8,30.2,30.73,11274200
PBR.A,20120130,28.15,28.28,27.87,28.14,9415000
PBT,20120130,20.46,20.5,20.23,20.35,158600
PCF,20120130,7.9,8.03,7.89,8.03,30900
PCG,20120130,40.72,40.78,40.2,40.4,2476800
PCK,20120130,9.94,10.03,9.9,10.03,86000
PCM,20120130,11.05,11.12,11.05,11.06,22100
PCN,20120130,16.44,16.57,16.34,16.57,77700
PCQ,20120130,14.67,15.19,14.67,15.03,76400
PDM,20120130,18.25,18.49,18.13,18.27,926500
PDS,20120130,9.82,10.06,9.78,10,1185800
PDT,20120130,13.99,14.01,13.84,13.86,193500
PEB,20120130,21.75,21.96,21.67,21.87,369000
PEG,20120130,30.27,30.3,30.02,30.21,2715000
PEI,20120130,12.95,13.03,12.48,12.52,437000
PEO,20120130,25.34,25.48,25.15,25.44,55300
PEP,20120130,65.6,65.6,65.16,65.41,5712800
PER,20120130,22.82,23.17,22.58,22.75,245500
PFD,20120130,14.74,14.78,14.69,14.7,21700
PFE,20120130,21.39,21.58,21.28,21.58,72305800
PFG,20120130,27.17,27.49,26.84,27.31,2419200
PFH,20120130,25.72,25.75,25.67,25.7,3900
PFK,20120130,26.93,27.15,26.93,27.13,6700
PFL,20120130,11.19,11.22,11.12,11.16,111900
PFN,20120130,9.95,9.96,9.9,9.93,141200
PFO,20120130,11.34,11.45,11.34,11.38,16300
PFS,20120130,13.63,14.08,13.63,13.92,232700
PG,20120130,63.8,63.8,63.03,63.21,12492200
PGH,20120130,10.02,10.14,9.95,10.13,1227000
PGP,20120130,20.3,20.9,20.3,20.7,77000
PGR,20120130,20.26,20.26,20.1,20.2,3485700
PH,20120130,80.71,81.72,80.51,81.46,961300
PHD,20120130,13.23,13.23,12.95,13.01,314600
PHG,20120130,19.8,20.13,19.73,20.03,997900
PHH,20120130,11.59,11.65,11.38,11.57,1107600
PHI,20120130,63,63.34,62.89,63.18,103000
PHK,20120130,12.54,12.68,12.51,12.59,557200
PHM,20120130,7.65,7.69,7.53,7.63,9453200
PHT,20120130,17.49,17.62,17.43,17.55,81100
PHX,20120130,29.66,29.91,29.21,29.21,5800
PII,20120130,63.75,64.68,62.92,64.03,592700
PIM,20120130,5.07,5.09,5.05,5.09,139800
PIR,20120130,15.86,15.99,15.64,15.91,1571100
PIY,20120130,25.19,25.3,24.88,25.3,6500
PJC,20120130,21.75,22.45,21.54,22.08,189200
PKD,20120130,6.52,6.55,6.38,6.46,885400
PKE,20120130,29.75,29.78,29.21,29.4,36000
PKG,20120130,28.04,28.46,27.68,28.33,588500
PKI,20120130,23.72,23.94,23.6,23.82,617000
PKO,20120130,26.72,26.91,26.67,26.7,43300
PKX,20120130,92.11,92.5,91.53,92.29,225500
PKY,20120130,9.6,9.71,9.52,9.58,41500
PLD,20120130,31.99,32.21,31.35,31.6,4291700
PLOW,20120130,13.49,13.61,13.32,13.5,94700
PLT,20120130,37.79,38.08,37.52,37.57,296800
PM,20120130,75.23,75.23,74.51,74.9,4698900
PMC,20120130,12.1,12.73,12.1,12.61,2379800
PMF,20120130,14.95,15,14.94,14.94,85600
PML,20120130,12.81,13.01,12.79,13.01,443200
PMM,20120130,7.72,7.75,7.7,7.72,127700
PMO,20120130,12.58,12.69,12.58,12.65,84700
PMT,20120130,17.7,17.76,17.58,17.74,213900
PMX,20120130,12.25,12.3,12.07,12.25,126100
PNC,20120130,58.25,59.21,57.79,59.02,2939400
PNC.W,20120130,11.25,11.25,10.75,11,168300
PNF,20120130,12.09,12.25,12.09,12.15,11900
PNI,20120130,12.06,12.21,12.06,12.2,18600
PNM,20120130,17.62,17.72,17.49,17.63,314300
PNR,20120130,36.36,37.27,36.18,37.03,482800
PNW,20120130,47.67,47.93,47.14,47.27,755600
POL,20120130,14.27,14.38,14.15,14.3,340100
POR,20120130,25.04,25.04,24.81,24.88,429000
POT,20120130,46.48,47.59,46.32,47.25,7583100
PPG,20120130,43.965,44.795,43.805,44.735,804700
PPL,20120130,27.71,27.72,27.46,27.59,3562800
PPP,20120130,3.21,3.21,3.13,3.14,182000
PPR,20120130,5.45,5.57,5.45,5.55,415200
PPT,20120130,5.44,5.52,5.44,5.52,474700
PQ,20120130,25.8,25.96,25.24,25.4,484100
PRA,20120130,40.275,40.72,40,40.555,113400
PRI,20120130,24.59,25.01,24.47,24.7,256000
PRO,20120130,16.39,16.83,16.35,16.42,53300
PRU,20120130,56.52,57.6,56.02,57.38,3293100
PSA,20120130,136.17,137.22,135.51,137.16,764400
PSA-A,20120130,25.96,25.99,25.8,25.97,5700
PSA-C,20120130,25.42,25.47,25.36,25.47,2400
PSA-D,20120130,25.31,25.33,25.2,25.22,3600
PSA-E,20120130,25.2,25.21,25.2,25.2,10400
PSA-S,20120130,25.05,25.07,24.98,25,174000
PSA-W,20120130,25.36,25.4,25.26,25.37,6200
PSA-X,20120130,25.18,25.29,25.13,25.27,6000
PSA-Z,20120130,25.86,25.97,25.73,25.73,5900
PSB,20120130,61.79,62.15,60.55,61.9,288800
PSF,20120130,24.18,24.45,24.09,24.39,49200
PSO,20120130,18.19,18.33,18.13,18.27,190700
PTR,20120130,144.15,145.47,143.22,144.93,234400
PTY,20120130,18.65,18.82,18.62,18.7,143400
PUK,20120130,21.84,22.1,21.74,21.99,269700
PUK-A,20120130,25.35,25.46,25.25,25.41,11600
PUK.P,20120130,25.58,25.58,25.39,25.53,13700
PVG,20120130,15.96,16.21,15.75,16.21,72100
PVH,20120130,76.08,77.18,75.44,76.62,391500
PWE,20120130,21.45,21.67,21.22,21.64,862100
PWR,20120130,21.45,21.83,21.38,21.8,904100
PX,20120130,105,106.45,104.65,106.39,967400
PXD,20120130,95.87,97.78,95.09,97.64,1580900
PYN,20120130,10.31,10.4,10.26,10.36,18800
PYS,20120130,20.65,20.65,20.35,20.35,2700
PYT,20120130,16.21,16.23,16.21,16.23,200
PZC,20120130,10.85,10.98,10.8,10.98,76900
PZE,20120130,8.16,8.245,7.875,8,76900
PZN,20120130,4.66,4.83,4.59,4.74,5900
QEP,20120130,28.8,29.33,28.45,29.23,1502000
QTM,20120130,20,20.08,19.12,19.2,2224100
QUAD,20120130,11.72,12.08,11.25,11.78,435700
R,20120130,56.77,57.07,56.24,56.92,432200
RA,20120130,15.17,15.28,15.03,15.09,93600
RAD,20120130,1.39,1.4,1.38,1.39,2660600
RAI,20120130,39.21,39.59,39.08,39.56,2039800
RAS,20120130,5.66,5.69,5.56,5.64,292700
RAS-A,20120130,21,21.16,21,21.15,6900
RAS-B,20120130,21.31,21.6,21,21.6,3200
RAS-C,20120130,22.19,22.36,22.17,22.34,2600
RATE,20120130,23.83,24.16,23.41,23.77,367200
RBA,20120130,23.15,23.36,23.06,23.24,130200
RBC,20120130,56.14,57.46,55.84,57.23,398100
RBS,20120130,8.31,8.44,8.26,8.41,443300
RBS-F,20120130,21.01,21.28,20.95,21.2,18000
RBS-H,20120130,19.74,19.74,19.44,19.61,9800
RBS-L,20120130,16.45,16.69,16.4,16.64,33800
RBS-S,20120130,15.45,15.62,15.45,15.57,23800
RCI,20120130,38.21,38.88,37.98,38.72,370700
RCL,20120130,27.16,27.27,26.82,27.18,3230200
RCS,20120130,11.83,11.88,11.76,11.88,92000
RDC,20120130,34.62,34.68,33.72,34.15,1772300
RDN,20120130,2.62,2.84,2.48,2.75,9703300
RDS.A,20120130,70.03,70.92,69.74,70.92,4554200
RDS.B,20120130,72.04,72.72,71.76,72.66,702200
RDY,20120130,33.38,33.62,33.32,33.49,127900
RE,20120130,84.67,85,84.07,84.75,260100
REG,20120130,41.11,41.52,41.03,41.51,842900
REN,20120130,55.55,55.95,54.95,55.5,297700
RENN,20120130,5.45,6.68,5.42,6.31,54716400
RES,20120130,10.04,10.4,9.9667,10.28,2972300
REV,20120130,15.42,15.9,15.31,15.7,25300
REX,20120130,25.5,25.73,25.02,25.65,29100
RF,20120130,5.24,5.24,5.12,5.17,12168600
RFI,20120130,13.01,13.01,12.86,12.9,8100
RGA,20120130,55.76,56.36,55.2,55.97,357300
RGC,20120130,12.39,12.58,12.29,12.57,1189100
RGR,20120130,40.1,40.25,39.31,39.59,185400
RGS,20120130,17.5,17.52,17.13,17.19,886000
RHI,20120130,27.39,27.87,26.97,27.75,1963300
RHT,20120130,47.14,47.16,46.13,46.65,2064500
RIG,20120130,46.7,47.12,46.21,46.85,6152100
RIO,20120130,59.09,60.33,58.64,59.88,4633500
RJF,20120130,34.01,34.67,33.75,34.54,823000
RL,20120130,150.5,151.39,149.09,151,724700
RLH,20120130,7.09,7.2,7.05,7.15,18400
RLI,20120130,35.315,36.045,35.315,35.915,105500
RLJ,20120130,17.59,18,17.54,17.94,185700
RMD,20120130,29.38,29.65,29.23,29.29,1497400
RMT,20120130,9.02,9.16,9.02,9.14,48000
RNP,20120130,15.3,15.35,15.13,15.29,60300
RNR,20120130,71.99,72.5,71.46,72.45,217000
RNR-C,20120130,25.2,25.26,25.03,25.03,24900
ROG,20120130,37.79,38.39,37.61,38.01,89000
ROK,20120130,76.14,78.08,76,78.03,1473800
ROL,20120130,14.34,14.4133,14.2467,14.3067,183600
ROP,20120130,93.59,94.52,93.21,94.34,422600
RPM,20120130,24.69,24.94,24.51,24.86,479200
RPT,20120130,11.48,11.68,11.38,11.56,134700
RPT-D,20120130,47.25,47.25,47.25,47.25,900
RQI,20120130,9.44,9.58,9.4,9.51,224100
RRC,20120130,56.72,58.06,56.34,57.76,2140100
RRTS,20120130,15.16,15.17,15,15.03,77100
RS,20120130,53.36,54.34,52.32,54.13,812300
RSG,20120130,28.74,29.08,28.55,29.07,2252300
RSO,20120130,5.79,5.83,5.73,5.79,612900
RST,20120130,7.65,7.72,7.56,7.62,42300
RT,20120130,7.55,7.63,7.48,7.48,342400
RTN,20120130,48.14,48.22,47.72,48,2464400
RVT,20120130,13.35,13.4,13.23,13.38,187100
RWT,20120130,11.54,11.66,11.48,11.64,397900
RY,20120130,51.73,52.42,51.55,52.24,646900
RYN,20120130,45.32,45.72,45.25,45.4,1115200
S,20120130,2.18,2.18,2.13,2.16,34985500
SAB,20120130,9.02,9.05,8.59,8.59,2100
SAH,20120130,15.99,16.19,15.85,15.96,187500
SAM,20120130,100.13,100.31,99.59,99.8,65200
SAN,20120130,7.83,7.96,7.79,7.89,6604700
SAP,20120130,59.89,60.44,59.69,60.35,1254800
SAR,20120130,14.1,14.15,14.05,14.15,7600
SB,20120130,7.28,7.29,6.99,7.03,316800
SBH,20120130,20.7,20.89,20.61,20.68,552100
SBR,20120130,61.77,62.17,61.41,61.86,21400
SBS,20120130,10.6833,10.83,10.63,10.8217,339200
SCCO,20120130,34.96,35.21,33.86,34.76,5252800
SCD,20120130,12.95,12.98,12.85,12.98,66700
SCG,20120130,44.85,44.85,44.45,44.7,1013300
SCHW,20120130,11.55,11.72,11.34,11.64,17161700
SCI,20120130,11.13,11.17,10.98,11.11,432100
SCL,20120130,43.615,44.05,42.035,42.705,37900
SCS,20120130,8.63,8.96,8.51,8.82,488000
SCX,20120130,13.9,14.56,13.9,14.19,9900
SD,20120130,8.05,8.13,7.91,7.96,7895900
SDRL,20120130,36.38,37.03,36.23,36.87,2184800
SDT,20120130,33.96,34.07,33.65,34,194200
SEE,20120130,19.69,19.69,19.42,19.57,1737400
SEM,20120130,8.18,8.33,8.13,8.25,245700
SEMG,20120130,26.87,27.09,26.68,26.7,111600
SEP,20120130,32.71,32.71,32.43,32.6,139200
SF,20120130,36.18,36.76,35.95,36.45,301400
SFE,20120130,16.31,16.63,16.11,16.52,70200
SFL,20120130,11.32,11.45,11.15,11.41,285700
SFUN,20120130,3.922,3.924,3.742,3.79,383200
SGF,20120130,12.47,12.71,12.44,12.66,14300
SGU,20120130,4.56,4.58,4.53,4.54,913800
SGY,20120130,1150,1152,1108.4,1124.4,658700
SHG,20120130,39.97,40.15,39.745,39.9,82700
SHI,20120130,23.62,23.7333,23.2933,23.4867,31400
SHO,20120130,9.21,9.33,9.15,9.32,772700
SHW,20120130,96.46,97.27,95.79,96.76,1007000
SID,20120130,10.39,10.43,10.23,10.36,5599000
SIG,20120130,46,46.36,45.55,46.03,360000
SIX,20120130,21.735,21.97,21.68,21.77,208600
SJI,20120130,27.3,27.325,27.045,27.08,108200
SJM,20120130,78.25,78.34,77.77,78.32,393400
SJR,20120130,19.56,19.75,19.53,19.68,133400
SJT,20120130,19.7,19.8,19.56,19.74,252200
SJW,20120130,23.6,24.5,23.57,24.03,28000
SKM,20120130,13.91,13.99,13.78,13.92,1336600
SKT,20120130,29.41,29.62,29.34,29.5,719800
SKX,20120130,4.12,4.1867,4.0833,4.0833,671700
SLB,20120130,75.47,76.28,74.45,76.27,6593000
SLF,20120130,19.97,19.97,19.58,19.94,576200
SLG,20120130,73.12,73.71,72.55,72.75,745400
SLW,20120130,35.13,35.8,34.86,35.6,4661300
SM,20120130,71.51,72.67,70.58,72.28,643400
SMFG,20120130,6.33,6.4,6.3,6.4,522700
SMG,20120130,47.42,47.8,47.28,47.68,304200
SMI,20120130,2.5,2.51,2.46,2.46,142400
SMP,20120130,21.03,21.5,20.94,20.99,133900
SN,20120130,18.02,18.1,17.52,18.1,247600
SNA,20120130,56.15,56.2,55.3,56.2,474100
SNE,20120130,18.12,18.19,18,18.11,753800
SNN,20120130,19.184,19.356,19.168,19.328,501700
SNP,20120130,91.2692,91.9231,90.5385,91.6923,112500
SNV,20120130,12.11,12.25,11.55,12.11,4343100
SNX,20120130,35.28,36,35.11,35.95,410200
SNY,20120130,36.91,37.08,36.83,37.02,3477500
SO,20120130,44.94,45.12,44.69,45.04,17102700
SOL,20120130,11.9,12.7,11.7,12.55,1301900
SON,20120130,31.27,31.45,31.04,31.31,442100
SOR,20120130,50.62,50.9,50.41,50.77,7700
SOV-C,20120130,25.53,25.7,25.02,25.02,600
SPA,20120130,8.48,8.56,8.48,8.51,6500
SPB,20120130,29.01,29.25,28.97,28.98,138200
SPE,20120130,15.1,15.25,15.03,15.25,3300
SPG,20120130,135.7,136.01,134.6,135.51,1199300
SPG-J,20120130,67.45,67.45,66.25,66.25,2200
SPH,20120130,45,45,43.74,43.93,264100
SPN,20120130,26.6,27.85,26.39,27.61,4245800
SPR,20120130,22.46,22.55,22.26,22.5,746500
SQM,20120130,58,58.04,57.56,57.9,236700
SQNS,20120130,3.72,3.82,3.57,3.66,173000
SR,20120130,10.55,10.75,10.05,10.4,82900
SRE,20120130,57.42,57.49,56.83,56.97,1121300
SRI,20120130,9.41,9.49,9.12,9.25,98000
SRT,20120130,2.75,3.23,2.75,3.1,12500
SRV,20120130,9.44,9.53,9.41,9.53,85500
SSD,20120130,32.84,33.04,32.54,32.79,98500
SSI,20120130,15.57,15.7,15.36,15.41,129700
SSL,20120130,50.08,50.75,49.61,50.56,118900
SSP,20120130,8.38,8.49,8.36,8.39,106900
SSW,20120130,15.11,15.59,15.03,15.5,248600
ST,20120130,29.25,29.51,29.16,29.44,366800
STAG,20120130,12.2,12.37,12.03,12.21,40400
STC,20120130,13.73,13.81,13.61,13.65,75700
STE,20120130,29.66,30.23,29.57,30.08,474300
STI,20120130,20.35,20.64,20.06,20.53,7305200
STI-A,20120130,20.76,20.76,20.31,20.31,900
STI.A,20120130,4.28,4.28,4.28,4.28,0
STI.B,20120130,2.62,2.62,2.62,2.62,0
STK,20120130,17.18,17.41,17.16,17.25,50700
STL,20120130,9.45,9.51,9.11,9.48,63800
STM,20120130,6.77,6.88,6.76,6.88,1368900
STN,20120130,13.675,13.765,13.54,13.655,2500
STNG,20120130,5.58,5.64,5.49,5.56,75900
STO,20120130,25.22,25.45,25.13,25.42,921100
STON,20120130,26.5,26.65,25.85,26.2,162900
STT,20120130,38.58,39.03,38.21,38.83,3930100
STV,20120130,3.56,3.6,3.5,3.53,54700
STWD,20120130,2.7551,2.7677,2.7439,2.7579,575500
STZ,20120130,20.75,20.89,20.64,20.78,858300
STZ.B,20120130,20.83,20.83,20.83,20.83,700
SU,20120130,33.86,34.39,33.64,34.23,3500600
SUI,20120130,40.22,40.41,39.79,39.9,170100
SUN,20120130,38.08,38.89,37.86,38.62,2067200
SUP,20120130,18.17,18.22,18.03,18.11,88600
SVU,20120130,6.96,7,6.88,6.96,3435400
SWFT,20120130,11.28,11.51,11.1,11.43,1398100
SWK,20120130,71.17,71.77,70.41,70.72,2054600
SWM,20120130,33.375,33.49,32.92,32.955,113200
SWN,20120130,31.74,32.28,31.32,31.97,4615600
SWX,20120130,42.02,42.02,41.67,41.78,132600
SWZ,20120130,10.59,10.61,10.5,10.57,52100
SXC,20120130,13.49,13.72,13.29,13.42,2464100
SXI,20120130,39.32,39.59,39.09,39.37,17400
SXT,20120130,39.39,40.06,39.13,39.7,183600
SYK,20120130,54.4,55.06,54.07,55.02,2431800
SYT,20120130,61.33,61.71,61.04,61.56,179200
SYX,20120130,17.92,18.12,17.59,17.94,16700
SYY,20120130,30.21,30.21,29.78,30.14,2527600
T,20120130,29.1,29.38,29.02,29.34,29433300
TAC,20120130,19.95,20.22,19.89,20.2,58300
TAL,20120130,33.25,33.48,32.85,33.25,241700
TAP,20120130,42.71,42.83,42.38,42.54,633000
TAP.A,20120130,43.5,43.5,43.5,43.5,0
TBI,20120130,16.54,16.63,16.38,16.48,159200
TCAP,20120130,19.3,19.42,19.2,19.36,141400
TCB,20120130,10.3,10.43,10.22,10.34,1028700
TCB.W,20120130,2.2,2.2,2.2,2.2,0
TCI,20120130,2.53,2.53,2.53,2.53,0
TCO,20120130,66.21,66.99,66,66.84,415500
TCP,20120130,46.45,46.51,45.78,46.07,108200
TD,20120130,38.16,38.745,38.045,38.62,514500
TDC,20120130,53.38,53.59,52.6,53.3,1108900
TDE,20120130,26.04,26.32,26.04,26.32,14100
TDF,20120130,27.06,27.42,27.02,27.4,49900
TDG,20120130,101.21,102.28,100.25,102.16,312500
TDI,20120130,25.1,25.3,25.1,25.22,5700
TDJ,20120130,26.51,26.77,26.5,26.7,19000
TDS,20120130,26.6,26.64,26.27,26.36,593600
TDW,20120130,53.88,54.35,53.19,54.2,588000
TDY,20120130,54.76,56.4,54.76,55.44,186200
TEF,20120130,17.33,17.47,17.29,17.46,2006000
TEI,20120130,16.3,16.45,16.15,16.18,136400
TEL,20120130,33.83,34.03,33.68,33.88,3193300
TEN,20120130,32.95,32.95,31.91,32.27,1078800
TEO,20120130,21.5,21.52,20.9,21.07,256100
TER,20120130,16.66,16.7,16.26,16.51,6500000
TEVA,20120130,44.43,45.17,44.27,44.93,4419000
TEX,20120130,20.48,20.72,20.1,20.41,3702500
TFX,20120130,61.02,61.51,60.79,61.05,204000
TG,20120130,24.45,24.9,24.42,24.64,50500
TGH,20120130,31.98,32.2,31.7,31.87,124200
TGI,20120130,59.5,60.11,58.94,59.91,278800
TGP,20120130,36.78,36.89,36.6,36.7,165100
TGS,20120130,2.99,3.12,2.99,3,53100
TGT,20120130,49.89,50.52,49.75,50.33,5347700
THC,20120130,21.64,21.76,21.16,21.32,5468700
THG,20120130,36.43,36.81,36.23,36.58,152100
THO,20120130,30.25,31.04,30,30.7,262400
THR,20120130,17.49,17.83,17.44,17.58,86100
THS,20120130,56.15,56.75,55.89,56.63,246100
TI,20120130,10.16,10.33,10.15,10.31,282200
TI.A,20120130,8.36,8.53,8.36,8.51,194400
TIF,20120130,62.71,63.41,62.46,63.3,1540900
TISI,20120130,28.83,29.34,28.74,29.18,63600
TJX,20120130,33.915,33.97,33.405,33.725,1232400
TK,20120130,26.89,27.44,26.75,27.43,317100
TKC,20120130,12.84,12.94,12.71,12.94,199100
TKF,20120130,12.89,13.12,12.84,13.12,15900
TKR,20120130,48.64,48.85,47.44,48.69,1299500
TLI,20120130,11.61,11.99,11.61,11.92,89400
TLK,20120130,15.435,15.45,15.28,15.29,301100
TLLP,20120130,32.7,33.01,32.46,32.82,48000
TLP,20120130,34.51,34.99,34.51,34.85,54100
TM,20120130,72.93,73.33,72.47,73.11,263000
TMK,20120130,30.1467,30.3067,29.7067,30.08,1334800
TMO,20120130,51.96,52.92,51.51,52.45,3313300
TNC,20120130,37.75,38.18,37.56,37.75,127400
TNH,20120130,192.62,195.48,190.34,191.44,82900
TNK,20120130,4.64,4.64,4.53,4.56,261100
TNP,20120130,6.55,6.69,6.48,6.62,150000
TOL,20120130,22.16,22.31,21.98,22.17,2368200
TOO,20120130,28.91,29.28,28.6,29.09,401100
TOT,20120130,52.42,52.64,52.17,52.64,2127200
TOWR,20120130,11.85,11.88,11.69,11.69,15300
TPC,20120130,15.33,15.33,14.96,15.08,123800
TPL,20120130,42.28,42.72,41.92,42.35,4300
TPX,20120130,69.12,69.53,67.99,68.38,1494400
TPZ,20120130,25.61,25.7,25.53,25.7,8400
TR,20120130,24.53,24.69,24.35,24.55,99300
TRC,20120130,28.5,28.95,28.24,28.42,63800
TREX,20120130,12.41,12.545,12.36,12.515,94300
TRGP,20120130,41.05,41.69,40.79,41.25,184800
TRI,20120130,27.53,27.78,27.42,27.71,974500
TRK,20120130,15.79,15.84,15.47,15.76,45500
TRN,20120130,15.49,15.895,15.31,15.8,761900
TRNO,20120130,14.25,14.37,14.1,14.11,99100
TRP,20120130,41.21,41.4,40.84,41.09,536400
TRR,20120130,6.23,6.4,6.22,6.26,32900
TRU,20120130,2.41,2.6,2.41,2.6,35900
TRV,20120130,57.68,58.32,57.36,58.11,2583800
TS,20120130,39.15,39.75,38.93,39.54,1291600
TSI,20120130,4.87,4.92,4.87,4.92,192800
TSM,20120130,14.07,14.07,13.85,13.98,9843700
TSN,20120130,18.7,18.84,18.45,18.73,4773400
TSO,20120130,25.23,25.59,24.84,25.54,2563000
TSS,20120130,21.26,21.46,21.14,21.38,1592200
TSU,20120130,27.64,28.53,27.53,28.17,719800
TTC,20120130,16.0775,16.095,15.8175,16.06,72400
TTF,20120130,13.24,13.33,13.24,13.33,12000
TTI,20120130,9.32,9.49,9.14,9.45,269900
TTM,20120130,23.25,23.64,23.1,23.58,1697800
TTP,20120130,24.55,24.71,24.38,24.69,47800
TU,20120130,26.565,26.92,26.525,26.875,92900
TUP,20120130,63.49,64.2,62.37,64,661800
TV,20120130,19.65,19.8,19.64,19.76,3222700
TVC,20120130,26.48,26.64,26.37,26.42,10100
TVE,20120130,26.15,26.33,26.04,26.33,13700
TWI,20120130,24.32,24.41,23.8,24.22,316300
TWN,20120130,15.12,15.15,15,15.05,17600
TWO,20120130,9.91,9.98,9.81,9.81,2477200
TWX,20120130,36.72,37.6,36.56,37.43,5869600
TX,20120130,23.68,23.68,21.68,22.6,1300900
TXT,20120130,24.89,25.67,24.67,25.43,4942500
TY,20120130,14.98,15.06,14.87,15.06,113600
TY.P,20120130,49.49,49.49,49.49,49.49,300
TYG,20120130,38.2,38.74,38.08,38.7,52800
TYL,20120130,35,35.27,34.83,35.12,138400
UA,20120130,9.4725,9.6938,9.3813,9.6325,1122200
UAL,20120130,22.4,23.48,22.36,22.99,8223900
UAN,20120130,28.4,28.79,28.3,28.65,137000
UBA,20120130,19.7,19.72,19.51,19.56,48200
UBP,20120130,19.11,19.17,18.77,18.99,17200
UBS,20120130,13.52,13.71,13.46,13.65,2726500
UDR,20120130,25.72,25.9,25.6,25.81,1395200
UFI,20120130,9.61,9.61,9.37,9.45,30300
UFS,20120130,43.355,43.365,42.75,43.135,338500
UGI,20120130,17.7467,17.86,17.6533,17.6733,1353500
UGP,20120130,19.58,19.71,19.4,19.7,227400
UHS,20120130,41.6,41.85,41.07,41.22,899900
UHT,20120130,39.87,40.11,39.64,40,23100
UIS,20120130,20.13,20.43,19.99,20.29,666200
UL,20120130,32.56,32.58,32.36,32.56,842600
UMC,20120130,2.57,2.61,2.55,2.58,4612700
UN,20120130,33.47,33.52,33.28,33.48,1451800
UNF,20120130,60.22,60.25,59.68,59.85,30000
UNH,20120130,50.92,51.17,50.07,51.07,4852500
UNM,20120130,22.63,22.9,22.47,22.82,1868400
UNP,20120130,56.75,57.495,56.68,57.32,3292200
UNT,20120130,44.43,45.03,44.01,44.89,216000
UPS,20120130,75.55,76.41,75.5,76.15,4318700
URI,20120130,37.79,38.51,37.47,38.31,1417900
USA,20120130,4.59,4.63,4.57,4.63,488400
USB,20120130,27.43,28.12,27.3,28.01,10128700
USB-A,20120130,744,755,744,755,600
USB-H,20120130,22.42,22.43,22.23,22.42,14100
USB-M,20120130,25.55,25.57,25.4,25.48,2620400
USG,20120130,13.34,13.48,12.7,12.92,2685800
USM,20120130,45.55,45.94,45.32,45.89,45100
USNA,20120130,34.72,34.95,34.44,34.82,31800
USPH,20120130,20.54,20.69,20.39,20.39,13600
UTF,20120130,17.05,17.23,16.96,17.23,230400
UTI,20120130,14.46,14.46,14,14.07,78500
UTL,20120130,27.73,27.73,27.28,27.3,15700
UTX,20120130,76.82,77.63,76.42,77.61,4773200
UVV,20120130,45.92,46.02,45.61,45.83,151200
UZA,20120130,26,26.38,25.98,26.34,43900
V,20120130,25.035,25.13,24.875,24.97,3119500
VAC,20120130,19.96,21.01,19.79,20.91,372700
VAL,20120130,42.78,43.22,42.5,43.03,484700
VAL.P,20120130,23.28,23.87,23.17,23.77,7460100
VALE,20120130,24.18,24.89,24.04,24.77,15191900
VAR,20120130,65.34,65.74,64.93,65.56,1139300
VBF,20120130,19.69,19.69,19.58,19.67,45300
VC,20120130,47.76,48.48,47.51,48.24,281000
VCO,20120130,41.73,41.83,41.32,41.78,1900
VCV,20120130,13.69,13.8,13.62,13.8,34600
VFC,20120130,32.5,32.9,32.23,32.75,550500
VG,20120130,2.38,2.41,2.32,2.4,1893700
VGM,20120130,15.47,15.48,15.38,15.47,125900
VGR,20120130,17.55,17.9,17.5,17.85,1165400
VHI,20120130,18.82,18.82,18,18.1367,14800
VIV,20120130,28,28.03,27.19,27.71,1220900
VKQ,20120130,14.7,14.77,14.52,14.64,173400
VLO,20120130,23.8,24.45,23.7,24.28,7765500
VLT,20120130,16.63,16.65,16.6,16.65,7300
VLY,20120130,12.13,12.15,11.93,12.08,960500
VLY-A,20120130,25.72,25.84,25.72,25.72,3800
VLY.W,20120130,1.44,1.44,1.44,1.44,0
VMC,20120130,43.03,43.9,42.75,43.79,732600
VMI,20120130,102.74,106.71,102.37,105.48,238500
VMO,20120130,15.55,15.68,15.41,15.67,266100
VMW,20120130,90.84,92.25,90.06,91.17,1346000
VNO,20120130,80.14,80.32,79.54,79.81,898200
VNO-G,20120130,25.22,25.34,25.22,25.25,8700
VNO-I,20120130,25.23,25.27,25.11,25.15,8000
VOC,20120130,21.2,21.49,21.05,21.2,83600
VPG,20120130,15.75,15.82,15.74,15.76,15900
VPV,20120130,14.46,14.6,14.46,14.6,58300
VR,20120130,31.87,32.13,31.6,31.78,716500
VRS,20120130,1.01,1.01,0.98,0.99,44000
VRX,20120130,48.89,49.05,47.97,48.74,1265800
VSH,20120130,12.21,12.35,12.11,12.25,1896200
VSI,20120130,43.33,43.41,42.28,42.45,254800
VTA,20120130,11.37,11.51,11.35,11.51,179100
VTN,20120130,15.76,15.85,15.7,15.83,37000
VTR,20120130,58.34,58.37,57.76,58.06,1611600
VVC,20120130,28.54,28.6,28.35,28.5,244100
VVI,20120130,19.72,20.15,19.72,20.01,38500
VVR,20120130,4.62,4.65,4.58,4.62,607300
VZ,20120130,37.13,37.62,37.07,37.61,15701800
WAB,20120130,35.69,36.28,34.13,34.58,1264600
WAIR,20120130,14.19,14.26,13.97,14.05,144100
WAL,20120130,7.88,7.96,7.8,7.92,437500
WAT,20120130,86.01,86.5,85.42,86.27,638800
WBC,20120130,52.28,52.28,50.8,51.83,748300
WBK,20120130,22.174,22.476,22.142,22.438,29400
WBS,20120130,21.31,21.44,21.09,21.28,528600
WCC,20120130,63.69,63.81,62.33,63.52,683600
WCG,20120130,58,58.71,57.31,58.4,321200
WCN,20120130,32.12,32.46,31.95,32.38,896700
WD,20120130,11.73,11.96,11.71,11.93,24900
WDR,20120130,29.41,29.81,29.18,29.58,1381100
WEA,20120130,16.24,16.28,16.04,16.19,41900
WEC,20120130,34.09,34.26,33.92,34,1411200
WES,20120130,40.33,40.58,40.03,40.35,171200
WF,20120130,29.32,29.77,29.32,29.6,8200
WFC,20120130,29.26,29.33,29.03,29.25,22822900
WFC-J,20120130,29,29.25,28.99,29.16,113800
WFC-L,20120130,1092.5,1092.5,1092.5,1092.5,100
WFC.W,20120130,8.93,8.93,8.78,8.8,46500
WFT,20120130,16.57,17,16.36,16.92,8065300
WG,20120130,4.43,4.45,4.25,4.4,333800
WGL,20120130,42.72,42.85,42.52,42.55,247900
WGO,20120130,9.2,9.31,9.1,9.24,173800
WHG,20120130,39.79,40.3,39.79,40,4100
WHR,20120130,54.04,54.6,53.36,53.75,1565400
WIA,20120130,12.81,12.9,12.81,12.89,64700
WIT,20120130,10.78,10.84,10.67,10.72,847500
WIW,20120130,12.84,12.9,12.84,12.85,111600
WLK,20120130,28.19,28.665,28.02,28.6,264500
WLL,20120130,49.9,50.48,49.65,50.31,1013900
WM,20120130,34.61,34.8,34.34,34.76,1918500
WMB,20120130,28.41,28.71,28.15,28.71,7173400
WMK,20120130,42.7,42.7,42.15,42.25,26200
WMS,20120130,23.36,23.54,21.88,21.99,1793100
WMT,20120130,60.44,61.32,60.35,61.3,7637500
WNC,20120130,8.79,8.96,8.78,8.92,1089500
WNR,20120130,16.14,16.55,15.91,16.49,2229100
WNS,20120130,9.61,9.68,9.5,9.65,295100
WOR,20120130,18.6,18.89,18.37,18.69,361500
WPC,20120130,42.84,42.84,42.16,42.28,29100
WPX,20120130,15.92,16.46,15.53,16.38,2809500
WPZ,20120130,61.76,62.24,61.55,62.08,677200
WR,20120130,28.6,28.64,28.31,28.4,940500
WRB,20120130,34.16,34.74,33.78,34.55,1252300
WRD,20120130,23.73,24.24,23.7,23.95,3900
WRE,20120130,29.61,29.81,29.51,29.65,444400
WRI,20120130,24.66,24.7,24.45,24.55,1510800
WSM,20120130,34.84,35.71,34.34,35.59,3768100
WSO,20120130,69.03,69.77,68.58,69.43,206900
WST,20120130,20.14,20.26,20.045,20.19,76000
WTI,20120130,21.33,21.89,21.11,21.73,376500
WTM,20120130,455.6,460.87,453.86,454.64,6000
WTR,20120130,17.512,17.64,17.408,17.544,404000
WTS,20120130,37.84,38.59,37.61,38.24,173500
WTW,20120130,75.79,75.99,74.86,75.34,644700
WU,20120130,19.02,19.09,18.87,19.07,2853000
WWE,20120130,9.68,9.69,9.45,9.46,134900
WWW,20120130,18.45,19.47,18.08,19.23,1773800
WY,20120130,20.22,20.35,20.06,20.3,2703000
WYN,20120130,39.8,40.21,39.33,39.97,1403400
X,20120130,29.12,29.33,28.6,28.73,11594900
XCO,20120130,8.06,8.2,7.96,8.18,2727500
XEC,20120130,56.57,58.01,55.87,57.7,808300
XEL,20120130,26.85,26.92,26.45,26.55,4174700
XIN,20120130,2.4,2.4,2.32,2.4,188600
XKE,20120130,9.27,9.29,9.25,9.29,1000
XL,20120130,20.07,20.12,19.85,20.03,2297800
XNY,20120130,7.6,7.96,7.6,7.92,13200
XOM,20120130,85.27,85.5,84.59,85.49,17870000
XOXO,20120130,8.06,8.27,8,8.18,113700
XRM,20120130,8.31,8.81,8.31,8.72,87000
XRX,20120130,7.81,7.84,7.68,7.73,16807300
XYL,20120130,25.6,25.96,25.5,25.92,475200
Y,20120130,286.21,287.89,285.37,287,43800
YGE,20120130,44.9,47.1,43.6,44.3,4964300
YPF,20120130,39.4,39.5,34.15,35.86,4042700
YUM,20120130,62.47,63.83,62.03,63.68,3323900
ZB-A,20120130,17.5,17.5,17.49,17.5,2500
ZF,20120130,12.36,12.48,12.28,12.48,142100
ZNH,20120130,25.75,25.95,25.5,25.83,27500
ZTR,20120130,12.76,12.84,12.72,12.84,482800
ZX,20120130,3.97,4.05,3.93,3.98,9600
