<ticker>,<date>,<open>,<high>,<low>,<close>,<vol>
A,20101112,35.9,37.55,35.51,36.36,7075200
AA,20101112,41.01,41.16,39.96,40.47,27751200
AAN,20101112,20.06,20.07,19.68,19.74,353000
AAP,20101112,66.09,66.31,64.38,64.53,1218000
AAV,20101112,6.52,6.68,6.48,6.62,373600
AB,20101112,24.18,24.63,23.8,24.52,632900
ABB,20101112,20.79,20.89,20.47,20.59,2180200
ABC,20101112,31.51,31.57,31.19,31.32,1727600
ABG,20101112,15.71,15.92,15.47,15.62,224200
ABM,20101112,23.76,24.16,23.51,23.74,108800
ABR,20101112,5.5,5.55,5.25,5.41,56600
ABT,20101112,49.56,49.6,48.48,48.58,13080100
ABX,20101112,50.91,51.8,50.22,50.73,9911400
ACC,20101112,32.32,32.88,32.13,32.16,691600
ACH,20101112,24.23,24.42,23.78,23.8,522800
ACM,20101112,27.95,27.95,27.47,27.48,1004900
ACN,20101112,43.95,44.12,43.27,43.36,4544400
ACV,20101112,37.2,37.22,37.19,37.19,1810700
ADC,20101112,26.91,27.49,26.81,27.26,22400
ADM,20101112,30.61,30.61,30.04,30.23,5436500
ADS,20101112,62.71,63.24,61.29,62.18,1688200
ADX,20101112,10.48,10.53,10.38,10.41,183900
AEB,20101112,21.9,22.04,21.86,21.88,16100
AED,20101112,23,23.06,22.87,22.94,136400
AEE,20101112,29.21,29.35,29.03,29.29,2077300
AEG,20101112,6.36,6.42,6.27,6.31,638400
AEH,20101112,22.87,22.97,22.84,22.88,53300
AEL,20101112,11.3,11.37,11.04,11.27,690500
AEM,20101112,80.55,81.7,78.39,79.82,2901100
AEO,20101112,15.6,15.88,15.28,15.41,4931600
AEP,20101112,36.45,36.73,36.35,36.52,2767000
AER,20101112,13.61,13.73,13.14,13.4,283300
AES,20101112,11.63,11.66,11.42,11.46,4713200
AES-C,20101112,49.38,49.57,48.57,48.95,14300
AET,20101112,31.57,32,31.45,31.62,5186900
AF,20101112,12.4,12.59,12.31,12.39,947900
AFB,20101112,13.27,13.44,13.22,13.39,212300
AFC,20101112,23.6,23.83,23.1,23.37,27700
AFG,20101112,30.92,31.02,30.62,30.64,481400
AFL,20101112,55.14,55.72,54.38,54.65,3426200
AGC,20101112,9.5,9.59,9.43,9.45,105900
AGCO,20101112,46.22,46.66,44.8,45.46,1935300
AGD,20101112,14.12,14.18,13.94,13.98,154200
AGM,20101112,14.5,14.88,13.95,14.82,237300
AGM.A,20101112,11.5,11.5,11.5,11.5,0
AGN,20101112,69.07,69.6,68.33,68.61,1884900
AGO,20101112,18.71,18.88,18.11,18.16,2404400
AGO-B,20101112,24.93,25.25,24.75,24.99,14300
AGO-E,20101112,23.13,23.2,22.78,23.13,7900
AGO-F,20101112,20.85,20.97,20.7,20.96,28700
AGU,20101112,83.94,84.11,80.07,80.81,2621500
AHC,20101112,8.94,9.02,8.68,8.75,55700
AHL,20101112,29.5,29.59,29.06,29.08,699900
AHL-A,20101112,24.7,24.7,24.43,24.5,6800
AHT,20101112,9.61,9.85,9.57,9.72,310300
AHT-A,20101112,24.28,24.44,24.18,24.44,3300
AHT-D,20101112,23.05,23.08,23,23,4200
AI,20101112,24.4,24.4,23.57,23.7,41300
AIB,20101112,5.15,5.6,5.1,5.2,10661900
AIG,20101112,42.19,42.4,41.32,41.81,2654800
AIN,20101112,20.93,21.18,20.88,21.05,109900
AIR,20101112,23.4,23.43,22.97,23.05,297300
AIT,20101112,30.95,31.28,30.65,30.75,134400
AIV,20101112,24.69,25.03,24.42,24.63,1177600
AIZ,20101112,35.35,35.52,34.95,35,1533200
AJG,20101112,28.16,28.26,27.97,27.97,315600
AKO.A,20101112,25.15,25.15,24.95,24.95,1000
AKO.B,20101112,30.37,30.4,30.25,30.38,3000
AKP,20101112,13.21,13.31,13.1,13.2,23200
AKR,20101112,19.43,19.6,19.29,19.41,436200
AKS,20101112,13.34,13.68,13,13.21,7368600
ALB,20101112,52.51,52.84,51.74,51.96,263800
ALE,20101112,35.32,35.5,35.2,35.32,99500
ALEX,20101112,36.2,36.61,35.82,36.12,179900
ALG,20101112,24.83,25.27,24.65,24.69,13500
ALJ,20101112,5.64,5.74,5.45,5.47,74400
ALK,20101112,13.32,13.695,13.3175,13.47,339500
ALL,20101112,30.45,30.51,30.01,30.18,4258700
ALP-O,20101112,25.45,25.46,25.34,25.46,3900
ALR,20101112,29.22,29.52,28.8,29.06,330400
ALR-B,20101112,212.79,214.29,212.79,214.29,100
ALV,20101112,74.14,74.41,72.22,73.01,1510400
ALX,20101112,396.01,398.72,395.5,395.86,900
AM,20101112,20.68,20.89,20.32,20.36,225500
AME,20101112,24.3333,24.6222,24.2533,24.3733,270400
AMG,20101112,89.27,89.7,86.56,87.28,456700
AMN,20101112,69.03,69.76,68.03,68.18,22300
AMP,20101112,53.3,53.44,52.33,52.93,1239500
AMRC,20101112,11.98,12.06,11.81,11.93,37800
AMT,20101112,52.87,53.01,52.1,52.36,2153400
AMX,20101112,28.46,28.84,28.38,28.57,2524000
AN,20101112,26.46,26.77,26.37,26.4,1025900
ANF,20101112,46.24,47.04,45.71,45.92,2544300
ANH,20101112,6.9,6.96,6.9,6.93,1153400
ANH-A,20101112,25.47,25.5,25.47,25.5,700
ANH-B,20101112,24.55,24.55,24.55,24.55,0
ANW,20101112,10.38,10.38,10.06,10.12,2082100
AOD,20101112,11.6,11.7,11.5,11.54,969000
AOI,20101112,39.4,39.7,38.9,39,416000
AON,20101112,41.26,41.44,40.96,41.07,1786800
AOS,20101112,9.635,9.7,9.5284,9.5617,106000
AP,20101112,26.67,26.98,26.26,26.44,14300
APA,20101112,109.08,110.73,108.44,109.51,3515400
APB,20101112,11.68,11.7,11.48,11.51,50800
APC,20101112,64.38,64.38,63.14,63.98,3893300
APD,20101112,84.44,85.14,83.09,84,843300
APF,20101112,16.81,16.85,16.6,16.63,40100
APH,20101112,25.375,25.685,25.1,25.285,577300
APU,20101112,47.15,47.32,46.5,47.01,56800
ARE,20101112,71.65,72.36,70.85,71.1,454200
ARI,20101112,16.82,16.93,16.76,16.81,137600
ARL,20101112,8.24,8.39,8.24,8.39,900
ARW,20101112,30.33,30.74,29.94,30.03,1110100
ASA,20101112,34.48,34.98,33.13,33.24,126200
ASG,20101112,3.97,3.99,3.91,3.94,31800
ASH,20101112,52.24,52.93,51.43,51.87,851200
ASR,20101112,49.5,50.14,48.69,48.71,66100
ASX,20101112,4.55,4.55,4.47,4.51,183800
AT,20101112,13.61,13.74,13.55,13.62,223500
ATI,20101112,51.98,52.16,50.53,51.29,1757300
ATO,20101112,30.15,30.3,30.04,30.17,570900
ATR,20101112,46.31,46.55,45.98,46.01,123300
ATU,20101112,23.08,23.21,22.77,22.77,522300
ATV,20101112,5.24,5.29,5,5.06,62200
ATW,20101112,36.82,37,35.48,35.83,858700
AU,20101112,50.46,50.54,49.01,49.1,2957800
AUO,20101112,9.87,9.93,9.7,9.77,3406500
AUY,20101112,11.79,12.07,11.52,11.7,14216200
AV,20101112,13.04,13.18,12.92,12.98,31000
AVA,20101112,21.52,21.77,21.51,21.7,439300
AVB,20101112,107.84,109.77,107.82,108.83,747900
AVD,20101112,7.09,7.22,7.03,7.14,53500
AVK,20101112,18.24,18.3,18.08,18.09,143300
AVP,20101112,29.14,29.52,29,29.4,6420800
AVT,20101112,30.99,31.39,30.59,30.87,1543900
AVX,20101112,14.79,14.92,14.63,14.71,234800
AVY,20101112,36.88,36.93,36.32,36.44,615000
AWF,20101112,14.95,14.96,14.23,14.38,1097800
AWH,20101112,20.0233,20.13,19.6567,19.66,469300
AWI,20101112,47.87,48.25,46.62,46.91,252700
AWK,20101112,24.85,24.89,24.46,24.5,989500
AWP,20101112,7.34,7.37,7.18,7.22,397400
AWR,20101112,18.43,18.64,18.335,18.505,63200
AXE,20101112,57.85,58.84,57.36,57.57,235800
AXL,20101112,10.79,10.98,10.46,10.65,2123700
AXP,20101112,42.93,43.32,42.39,42.7,7077200
AXR,20101112,10.99,11.05,10.86,11.05,1600
AXS,20101112,35.48,35.87,35.42,35.43,706800
AYI,20101112,53.11,53.93,52.78,52.9,422900
AYR,20101112,9.84,9.92,9.71,9.84,745300
AZN,20101112,49.04,49.3,48.88,49.04,823900
AZO,20101112,251.21,252.4,249.35,250.68,340600
AZZ,20101112,19.575,19.85,19.465,19.475,27700
B,20101112,19.02,19.39,18.98,19.23,615800
BA,20101112,65.01,65.25,63.01,63.09,16721400
BAC,20101112,12.29,12.33,12.03,12.12,170642500
BAC-C,20101112,24.35,24.5,24.22,24.34,59700
BAC-D,20101112,22.91,22.91,22.65,22.75,82200
BAC-E,20101112,18.93,18.96,18.75,18.75,9500
BAC-I,20101112,23.62,23.83,23.6,23.69,46400
BAC-L,20101112,954,954,938,947.52,9600
BAC-W,20101112,24.93,24.97,24.77,24.93,38100
BAC-Y,20101112,23.03,23.08,22.71,22.79,60900
BAC.A,20101112,6.95,7.1,6.74,6.8,569300
BAC.B,20101112,2.56,2.76,2.4,2.42,774500
BAF,20101112,13.7,13.9,13.62,13.84,46400
BAK,20101112,21.05,21.27,20.74,21.03,166200
BAM,20101112,20.4333,20.4933,19.78,19.8933,1177800
BAP,20101112,121.1,122.1,119.27,119.89,248400
BAS,20101112,12.84,13.07,12.69,12.78,335700
BAX,20101112,51.75,51.82,51.2,51.46,2369300
BBD,20101112,15.9091,16.0758,15.6439,15.8258,10777900
BBF,20101112,13.4,13.5,13.33,13.49,13300
BBG,20101112,37.59,37.67,36.67,36.95,713200
BBK,20101112,14.32,14.55,14.26,14.47,34200
BBL,20101112,76.51,77.29,75.17,75.76,1556700
BBN,20101112,18.08,18.28,17.8,18.05,340600
BBT,20101112,25.08,25.27,24.64,24.82,4931800
BBVA,20101112,11.87,11.94,11.57,11.68,3459800
BBW,20101112,6.48,6.68,6.34,6.38,65500
BBX,20101112,4.4,4.45,4,4.2,620700
BBY,20101112,44.03,44.4,43.5,43.59,3748900
BC,20101112,16.56,16.9,16.5,16.64,636500
BCE,20101112,32.91,32.95,32.39,32.67,664800
BCH,20101112,86.58,86.58,85.58,86.16,1800
BCO,20101112,26.04,26.3,25.6,25.61,313700
BCR,20101112,85.44,85.57,84.97,85.47,370600
BCS,20101112,18.12,18.38,18,18.14,2919200
BCS-A,20101112,25.04,25.15,25.02,25.07,69000
BCS-D,20101112,26.27,26.38,26.18,26.29,120300
BDC,20101112,30.73,31.22,30.53,30.79,319200
BDJ,20101112,8.91,8.94,8.79,8.91,271200
BDN,20101112,11.54,11.7,11.42,11.42,2124200
BDX,20101112,77.78,77.82,77.13,77.27,1136700
BEN,20101112,39.6633,40.09,39.15,39.4433,813400
BF.A,20101112,20.86,20.86,20.6567,20.75,1900
BF.B,20101112,20.67,20.7634,20.6334,20.7567,157300
BFK,20101112,13.13,13.33,13.11,13.15,149900
BFO,20101112,14.41,14.51,14.41,14.42,7700
BFR,20101112,12.68,12.86,12.11,12.18,310500
BFS,20101112,43.33,43.72,43.05,43.05,58000
BFZ,20101112,13.07,13.28,13.04,13.19,178200
BG,20101112,61.6,61.82,59.8,60.37,1115100
BGC,20101112,30.4,30.57,30.06,30.28,634600
BGE-B,20101112,24.74,24.74,24.6,24.68,7600
BGG,20101112,17.73,17.89,17.65,17.75,315000
BGH,20101112,47.7,48.9,47.01,47.01,78700
BGR,20101112,27.15,27.24,26.38,26.45,86600
BGS,20101112,12.66,12.8,12.61,12.61,192400
BGT,20101112,14.8,14.81,14.5,14.51,91800
BGY,20101112,10.85,10.87,10.62,10.69,327900
BH,20101112,365.49,368.99,359.6,359.63,5700
BHE,20101112,16.81,17.06,16.61,16.69,265800
BHI,20101112,49.39,49.95,48.17,48.52,5222300
BHK,20101112,13.28,13.31,12.94,12.94,112700
BHL,20101112,13.35,13.35,13.22,13.28,40000
BHP,20101112,87.95,88.78,86.28,86.97,2901300
BID,20101112,44,44.3,42.28,42.53,1030600
BIF,20101112,6.35,6.38,6.32,6.34,37500
BIG,20101112,30.14,30.26,29.79,29.82,1171400
BIO,20101112,96.11,96.12,94.71,95.01,31200
BIO.B,20101112,95.17,95.17,95.17,95.17,100
BIP,20101112,14.94,15.0667,14.4667,14.6733,177200
BJZ,20101112,15.8,15.8,15.36,15.62,12000
BK,20101112,27.45,27.8,27.38,27.49,9404100
BKD,20101112,19.04,19.3,18.77,19.05,827900
BKE,20101112,34.38,34.65,33.88,34.01,315400
BKH,20101112,29.59,30.12,29.55,29.71,982000
BKK,20101112,14.9,15.15,14.72,14.8,47400
BKN,20101112,14,14.38,13.9,13.9,57600
BKS,20101112,14.75,15.03,14.6,14.64,236300
BKT,20101112,6.9,6.91,6.86,6.88,176000
BLH,20101112,16.6,16.74,16.26,16.26,13500
BLK,20101112,170.32,173.08,167.5,173.07,3350400
BLL,20101112,32.655,32.79,32.385,32.44,515700
BLW,20101112,17.05,17.11,16.78,16.83,222200
BLX,20101112,15.5,15.67,15.3,15.43,80000
BMA,20101112,49.97,50.72,49.42,50.53,231900
BME,20101112,26.81,26.82,26.41,26.57,101000
BMI,20101112,42,42.32,41.56,41.91,49500
BML-G,20101112,16.6,16.6,16.55,16.59,3000
BML-H,20101112,16.07,16.1,15.98,15.99,8900
BML-I,20101112,22.26,22.26,21.87,22.09,84200
BML-J,20101112,19.36,19.45,19.26,19.35,10900
BML-L,20101112,18.12,18.19,17.99,18,43700
BMO,20101112,58.02,58.06,57.39,57.74,467600
BMS,20101112,30.69,30.7,30.01,30.31,1417600
BMY,20101112,26.2,26.35,26,26.02,10708600
BNJ,20101112,15.01,15.14,14.81,14.85,37200
BNS,20101112,53.29,53.39,52.01,52.52,508600
BNY,20101112,14.51,14.84,14.5,14.65,13400
BOE,20101112,18.7,18.83,18.44,18.5,222200
BOH,20101112,45.02,45.11,44.41,44.49,371100
BORN,20101112,14.26,14.87,13.99,14.03,651400
BOX,20101112,12,12,11.4,11.79,251800
BP,20101112,43.35,43.65,42.82,42.99,6570300
BPI,20101112,15.17,15.32,14.87,14.92,291700
BPK,20101112,15.44,15.57,15.36,15.57,24700
BPL,20101112,71.3,71.67,67.61,67.91,179200
BPT,20101112,108.8,108.88,106.25,106.4,90800
BQH,20101112,14.7,14.74,14.7,14.74,3800
BR,20101112,21.38,21.61,21.31,21.38,864000
BRC,20101112,32.14,32.38,31.67,31.68,122000
BRFS,20101112,14.9,14.98,14.62,14.65,1108600
BRK.A,20101112,121450,121450,120295,120351,400
BRK.B,20101112,80.95,80.96,80.16,80.25,3351900
BRO,20101112,22.59,22.71,22.55,22.56,389100
BRS,20101112,42.06,42.19,41.54,42,207200
BRT,20101112,6.68,6.75,6.68,6.69,6300
BSBR,20101112,14.17,14.35,14.1,14.17,2814800
BSD,20101112,12.26,12.49,12.25,12.38,43100
BSE,20101112,13.65,13.75,13.65,13.75,5500
BSL,20101112,19.51,19.87,19.51,19.81,34900
BSX,20101112,6.81,6.83,6.67,6.74,11627400
BT,20101112,13.595,13.7,13.45,13.525,83900
BTA,20101112,10.53,10.73,10.53,10.59,48100
BTE,20101112,40.32,40.71,39.38,39.89,230300
BTO,20101112,15.88,15.93,15.69,15.69,96200
BTZ,20101112,12.9,12.9,12.78,12.83,123700
BUD,20101112,58.86,59.41,58.52,58.7,1075400
BVN,20101112,54.72,55.5,52.88,53.94,711000
BW,20101112,34.88,35.53,34.34,34.9,122500
BWA,20101112,29.15,29.405,28.575,28.815,844100
BWP,20101112,32.43,32.5,32.08,32.25,242000
BX,20101112,13.9,14.01,13.49,13.67,2578800
BXC,20101112,33.3,33.5,33.3,33.4,62900
BXP,20101112,84.45,85.31,83.94,84.7,887700
BXS,20101112,13.61,13.73,13.56,13.6,691800
BYD,20101112,9.9,10.08,9.4,9.45,4117800
BYM,20101112,13.79,13.87,13.41,13.87,120500
BZH,20101112,23.35,23.95,22.75,23.2,2799100
C,20101112,43.3,43.9,42.3,42.9,49740220
C-J,20101112,26.47,26.54,26.41,26.51,193700
C-N,20101112,26.53,26.63,26.5,26.53,429600
C-P,20101112,26.25,26.3,26.21,26.29,3700
C-S,20101112,22.86,23.06,22.85,22.95,47800
CAB,20101112,22.63,22.68,21.92,22.33,435100
CACI,20101112,49.96,50.31,49.58,50.14,254800
CAE,20101112,11.24,11.24,10.87,10.95,49500
CAF,20101112,29.98,30.25,29.76,29.99,295800
CAG,20101112,22.01,22.08,21.87,22.01,2774900
CAH,20101112,35.1,35.27,34.81,35.02,1571600
CAJ,20101112,48.08,48.32,47.51,47.75,212000
CALX,20101112,12.88,13.06,12.39,12.75,152700
CAS,20101112,15.18,15.36,15.13,15.25,56600
CAT,20101112,81.84,82.53,80.04,81.04,6156800
CATO,20101112,28.94,29.26,28.81,28.81,62300
CB,20101112,58.17,58.41,57.82,57.85,2728600
CBB,20101112,12.95,13.05,12.75,12.9,504500
CBB-B,20101112,43,43,42.96,42.96,800
CBD,20101112,39.77,40.24,39.12,39.26,579300
CBG,20101112,19.98,20.23,19.55,19.8,2822300
CBI,20101112,28.93,29.33,28.09,28.31,1015400
CBK,20101112,5.98,6.08,5.94,5.95,107700
CBL,20101112,17.17,17.39,16.87,16.95,1281600
CBL-D,20101112,23.57,23.68,23.55,23.55,7600
CBM,20101112,4.23,4.27,4.22,4.25,49800
CBR,20101112,3.33,3.37,3.3,3.32,297700
CBS,20101112,16.79,16.96,16.52,16.62,11164000
CBS.A,20101112,16.89,16.97,16.56,16.67,17900
CBT,20101112,34.7,34.86,34.49,34.64,385700
CBU,20101112,25.03,25.06,24.58,24.63,83100
CBZ,20101112,6.29,6.31,6.18,6.25,162500
CCC,20101112,14.53,14.55,14.2,14.27,349300
CCE,20101112,24.99,25.21,24.83,24.94,5090000
CCI,20101112,42.62,42.75,42.08,42.42,1202900
CCJ,20101112,37.02,37.14,35.36,35.95,3394700
CCK,20101112,31.55,32.07,31.09,31.09,2257200
CCL,20101112,42.73,43.19,42.16,42.54,4397200
CCM,20101112,7.65,7.65,7.5,7.5,89100
CCO,20101112,13.39,13.61,13,13.12,106400
CCS,20101112,25.44,25.48,25.34,25.46,26900
CCU,20101112,23.28,23.364,22.984,23.244,40600
CCZ,20101112,33.75,33.75,33.75,33.75,0
CDE,20101112,23.96,23.99,22.56,22.96,3386600
CDI,20101112,15.11,15.33,15.03,15.19,36300
CDR,20101112,6.17,6.26,6.09,6.1,80800
CE,20101112,37.34,37.47,36.33,36.73,1049400
CEA,20101112,30.74,30.77,30.03,30.16,71800
CEE,20101112,40.7,40.76,40.16,40.21,14100
CEL,20101112,33.47,33.66,33.16,33.39,190800
CEM,20101112,21.4,21.57,21.15,21.16,205600
CEO,20101112,226.79,228.04,222.33,223.36,331400
CF,20101112,25.216,25.254,23.7,23.93,3228600
CFC-B,20101112,23.92,23.99,23.7,23.93,184800
CFI,20101112,10.51,10.59,10.24,10.24,18600
CFR,20101112,55.02,55.08,54.4,54.57,307300
CFX,20101112,16.54,16.69,16.31,16.39,83700
CGA,20101112,8.8,8.88,8.3,8.3,535800
CGI,20101112,13.47,13.61,13.27,13.3,46400
CHA,20101112,51.51,51.85,51,51.25,91800
CHD,20101112,16.26,16.4675,16.1975,16.4075,562000
CHE,20101112,61.64,62.01,60.92,61.23,57300
CHH,20101112,37.96,38.27,37.64,38,70900
CHK,20101112,22.98,22.98,22.4,22.72,14155000
CHK-D,20101112,90.81,90.99,90.56,90.73,4300
CHL,20101112,51.39,51.55,51.03,51.28,1177300
CHMT,20101112,15.4,15.4,14.5,15,1243100
CHN,20101112,34.48,34.48,33.71,33.84,131800
CHS,20101112,10.36,10.49,10.07,10.22,2209400
CHSP,20101112,19.58,19.72,19.07,19.37,116400
CHT,20101112,24.5,24.51,24.25,24.32,837000
CHU,20101112,14.07,14.22,14.03,14.06,1440500
CI,20101112,37.11,37.65,36.91,37.36,3049900
CIA,20101112,6.9,6.93,6.8,6.85,74700
CIB,20101112,64.65,65.14,62.68,63.27,271400
CIE,20101112,10.2,10.73,10.05,10.53,387100
CIF,20101112,3.05,3.05,3,3.03,22500
CIG,20101112,10.8992,11.0336,10.816,10.8672,2402700
CIG.C,20101112,12.51,12.51,12.51,12.51,0
CII,20101112,15.24,15.3,15.14,15.2,127800
CIM,20101112,4.01,4.05,3.98,4.05,17141300
CIR,20101112,38.34,38.92,38.34,38.78,87700
CIT,20101112,41.56,41.61,40.23,41.34,1243000
CKH,20101112,102.4,102.89,101.6,102.05,172100
CL,20101112,38.15,38.41,38.13,38.29,2107000
CLB,20101112,83.06,83.88,82.1,82.78,601600
CLC,20101112,40.86,41.01,40.34,40.34,219300
CLD,20101112,21.81,21.81,20.5,20.7,674700
CLDT,20101112,17.75,17.8,17.5,17.73,53000
CLF,20101112,68.5,69.38,67,67.52,4267000
CLGX,20101112,18.3,18.49,18.18,18.39,1493400
CLH,20101112,36.455,36.67,35.945,36.005,188600
CLI,20101112,33.14,33.35,32.38,32.83,1089300
CLNY,20101112,19.75,20.14,19.73,19.77,33800
CLR,20101112,24.945,24.96,24.255,24.45,429700
CLS,20101112,8.79,8.98,8.72,8.76,606400
CLW,20101112,41.875,42.14,40.325,41,81000
CLX,20101112,63.26,63.59,62.94,63.52,1713000
CM,20101112,76.11,76.11,74.07,74.39,994000
CMA,20101112,37.72,38.4,37.22,37.27,2180800
CMA.W,20101112,13.55,13.97,13.04,13.1,20200
CMC,20101112,14.25,14.34,14.01,14.2,1846600
CMG,20101112,236.51,239.88,230.7,234.02,1082300
CMI,20101112,93.81,94.83,92.69,94.06,2082200
CMO,20101112,11.55,11.69,11.55,11.65,662900
CMP,20101112,80.5,81.07,79.15,79.57,259000
CMRE,20101112,10.75,11.04,10.59,11,364800
CMS,20101112,17.92,17.95,17.81,17.84,3256400
CMS-B,20101112,83,83,83,83,0
CMU,20101112,4.56,4.6,4.5,4.57,106900
CNA,20101112,27.3,27.33,26.92,26.99,157100
CNC,20101112,10.945,11.15,10.915,11.025,429600
CNI,20101112,32.065,32.375,31.45,31.72,1457900
CNK,20101112,18.1,18.47,18.08,18.11,627300
CNO,20101112,5.87,5.95,5.82,5.83,2057900
CNP,20101112,16.41,16.41,16.07,16.11,6524100
CNQ,20101112,39.74,40.14,38.79,39.4,3025800
CNS,20101112,27.21,27.6,26.49,26.63,116700
CNX,20101112,42.89,43.12,42.36,42.5,4941100
CO,20101112,4.25,4.25,4.1,4.21,181400
CODI,20101112,16.82,16.85,16.51,16.77,2245700
COF,20101112,39.23,39.57,38.7,39.27,4467100
COF.W,20101112,13.89,14.05,13.77,13.97,17500
COG,20101112,8.7125,8.725,8.465,8.5925,1238600
COH,20101112,52.18,52.78,51.15,51.56,2649900
COL,20101112,57.02,57.11,55.88,55.97,1352800
COO,20101112,49.35,49.68,49.13,49.52,217500
COP,20101112,62.28,62.62,61.76,62.42,8686100
COR,20101112,13.75,13.76,12.57,13.05,598700
COT,20101112,7.87,7.9,7.63,7.88,830500
CP,20101112,64.55,64.99,63.56,64.11,503500
CPA,20101112,51.49,54.37,51.19,54.26,691800
CPB,20101112,34.39,34.68,34.25,34.52,2555100
CPE,20101112,5.69,5.74,5.56,5.6,250100
CPF,20101112,28.4,29.4,28.2,28.2,138900
CPK,20101112,25.08,25.9067,25.08,25.6933,55500
CPL,20101112,23.9067,24.0367,23.7667,23.8433,101800
CPN,20101112,12.71,12.71,12.34,12.46,2819100
CPT,20101112,51.07,51.58,50.99,51.25,662800
CR,20101112,39.29,39.75,38.9,39.13,241900
CRD.A,20101112,2.51,2.53,2.4,2.53,44400
CRD.B,20101112,3.53,3.58,3.31,3.46,92500
CRH,20101112,18.19,18.24,17.89,18.17,828300
CRI,20101112,29.2,29.3,28.8,28.97,731400
CRK,20101112,132.5,133.2,128.7,129.05,547300
CRL,20101112,32.01,32.16,31.56,31.84,2144000
CRM,20101112,28.895,29.54,28.66,28.7525,1877900
CRR,20101112,89.35,90.16,87.68,89.22,199400
CRS,20101112,36.29,36.55,35.3,35.85,336500
CRT,20101112,41.34,41.45,40.5,40.71,48200
CRY,20101112,5.88,6.05,5.73,5.73,130900
CS,20101112,42.88,43.28,42.21,42.4,1127400
CSC,20101112,47.12,47.35,46.78,46.86,1040900
CSL,20101112,36.11,36.75,36.11,36.28,632700
CSS,20101112,18.01,18.12,17.89,17.89,13000
CSU,20101112,6.53,6.64,6.51,6.52,36600
CSV,20101112,5.02,5.09,4.98,5.09,58600
CTB,20101112,20.4,20.49,19.94,19.96,362200
CTL,20101112,42.19,42.34,41.88,42.08,1849000
CTS,20101112,9.85,9.93,9.65,9.75,115800
CTV,20101112,31.86,32.11,31.84,31.95,2530600
CUB,20101112,43.64,44.36,43.55,43.56,52500
CUK,20101112,43.52,43.95,43.1,43.37,149700
CUZ,20101112,7.7,7.81,7.63,7.66,697800
CVA,20101112,16.07,16.16,15.78,15.94,645500
CVB,20101112,10.42,10.42,10.42,10.42,0
CVE,20101112,29.69,30.03,29.04,29.4,795700
CVG,20101112,12.52,12.68,12.49,12.54,459900
CVI,20101112,11.19,11.4,10.86,10.98,350800
CVO,20101112,47.68,49.52,47.6,47.6,262700
CVS,20101112,30.66,30.75,29.99,30.24,12043600
CVX,20101112,85.46,85.61,84.56,85.44,10579700
CW,20101112,30.1,30.13,29.73,29.79,172000
CWH,20101112,25.45,25.8,25.45,25.62,312200
CWT,20101112,18.495,18.73,18.495,18.68,64600
CX,20101112,9.45,9.6,9.22,9.27,10477000
CXE,20101112,4.92,4.98,4.9,4.94,179800
CXH,20101112,9.2,9.24,9.1,9.11,57100
CXO,20101112,79.18,79.31,74.95,76.2,1265200
CXW,20101112,25.07,25.27,24.72,24.84,659100
CYD,20101112,26.25,26.25,25,25.19,447600
CYH,20101112,33.12,33.66,32.39,32.89,1069700
CYS,20101112,13.58,13.62,13.27,13.29,603900
CZZ,20101112,13.44,13.5,12.89,12.92,1939800
D,20101112,42.68,42.96,42.42,42.86,2148800
DAC,20101112,4.15,4.18,4,4.06,39800
DAL,20101112,13.42,13.65,13.4,13.46,5516100
DAN,20101112,14.79,15.03,14.47,14.57,1974500
DAR,20101112,12.45,12.66,12.09,12.1,886300
DB,20101112,55.73,56.26,54.91,55.23,740600
DBD,20101112,32.69,32.84,31.98,32.21,234500
DCA,20101112,3.14,3.21,3.14,3.21,49200
DCI,20101112,24.965,25.125,24.91,24.985,198300
DCM,20101112,16.72,16.75,16.61,16.67,56500
DCO,20101112,21.06,21.08,20.54,20.64,16400
DCT,20101112,19.52,19.84,19.28,19.32,1530100
DD,20101112,46.8,47.14,46.13,46.52,5877800
DD-A,20101112,72.24,72.24,72.24,72.24,100
DD-B,20101112,92.69,92.75,92,92,400
DDD,20101112,8.79,8.9433,8.3367,8.5167,107200
DDE,20101112,3.42,3.43,3.38,3.39,16400
DDF,20101112,7.75,7.75,7.6,7.64,42100
DDR,20101112,13.12,13.32,12.78,12.88,2141600
DDS,20101112,31.95,32.52,30.6,30.82,3972200
DDT,20101112,24.38,24.97,23.89,24.11,36000
DE,20101112,78.19,78.84,76.06,76.86,5649900
DECK,20101112,61.18,62.6,59.46,60.62,984700
DEI,20101112,17.05,17.28,17.01,17.09,1146200
DEL,20101112,50.27,50.95,49.98,50.35,27900
DEO,20101112,74.4,74.78,74.05,74.38,404700
DEX,20101112,12.46,12.54,12.17,12.29,66000
DF,20101112,15.4,15.68,15.28,15.44,6488200
DFP,20101112,22.6,22.7,22.5,22.7,12000
DFS,20101112,18.7,19.01,18.44,18.6,4299000
DFT,20101112,23.15,23.49,22.94,23.1,962000
DG,20101112,29.51,29.67,28.82,29.02,826900
DGI,20101112,30.21,30.56,29.75,30.38,295800
DGX,20101112,51.68,51.91,50.93,51.03,856800
DHF,20101112,4.63,4.64,4.45,4.53,914500
DHG,20101112,14.76,14.86,14.76,14.8,47100
DHI,20101112,11.97,12.26,11.36,11.51,10332500
DHR,20101112,43.77,44.18,43.34,43.55,2660200
DHT,20101112,54,54.72,53.88,53.88,190400
DHX,20101112,10.71,11.5,10.71,11.3,171600
DIN,20101112,51.09,51.09,49.6,50.31,161800
DIS,20101112,36.76,38,36.6,37.75,39192600
DK,20101112,7.04,7.07,6.89,6.9,30200
DKS,20101112,30.62,30.63,29.42,29.43,1817400
DKT,20101112,26.93,26.93,26.83,26.89,66000
DL,20101112,5.4,5.4,5.16,5.16,7600
DLB,20101112,65.11,66.16,65.04,65.53,496100
DLR,20101112,53.76,54.35,53.67,54.13,3009400
DLX,20101112,21.53,22,21.51,21.75,359700
DM,20101112,12.52,12.68,12.12,12.42,154000
DMO,20101112,21.41,21.66,21.41,21.64,25800
DNB,20101112,76.76,77.02,76.27,76.54,296500
DNP,20101112,10.09,10.13,9.95,10.11,353100
DNR,20101112,19.69,19.69,18.92,19.07,3299900
DO,20101112,71.19,72.23,69.79,70.47,2099100
DOV,20101112,54.65,54.87,54.25,54.62,1702600
DOW,20101112,31.35,31.56,31.01,31.3,9903200
DPM,20101112,34.85,34.85,34.5,34.59,208800
DPS,20101112,35.99,36.42,35.99,36.18,1129300
DPZ,20101112,14.91,15,14.6,14.65,781700
DQ,20101112,72.5,77.15,68.5,69.8,932100
DRE,20101112,11.95,12.07,11.72,11.73,2802100
DRH,20101112,10.26,10.49,10.23,10.26,1422300
DRI,20101112,48.78,48.99,48.16,48.65,2143200
DRQ,20101112,74.99,75.41,72.19,73.01,240200
DSM,20101112,7.76,7.78,7.65,7.72,111900
DST,20101112,42.74,42.88,42.44,42.57,318800
DSU,20101112,11.79,11.91,11.73,11.73,184100
DSW,20101112,18.675,18.795,18.235,18.36,313700
DSX,20101112,13.83,13.83,13.3,13.6,1122700
DTE,20101112,45.85,45.92,45.51,45.71,668600
DTF,20101112,15,15.5,15,15.35,20500
DTK,20101112,26.3,26.37,26.2,26.26,149900
DUC,20101112,12.2,12.24,12.16,12.16,32200
DUK,20101112,53.46,53.46,52.86,53.37,5237800
DV,20101112,46.47,46.84,45.68,45.93,952600
DVA,20101112,36.705,36.705,36.425,36.445,800200
DVD,20101112,1.8,1.84,1.75,1.8,8500
DVN,20101112,72.06,73,71.72,72.48,4112400
DW,20101112,19.91,20.15,19.72,19.75,52200
DX,20101112,10.77,10.78,10.51,10.57,154400
DXB,20101112,24.84,24.9,24.66,24.84,127100
DY,20101112,11.32,11.44,11.11,11.17,116400
DYN,20101112,4.63,4.77,4.62,4.69,5623400
E,20101112,44.54,44.81,43.81,44.09,1038900
EAT,20101112,18.96,19.13,18.56,18.75,1442100
EBF,20101112,17.56,17.65,17.19,17.25,142900
EBR,20101112,13.29,13.43,13.16,13.27,725300
EBR.B,20101112,15.55,15.72,15.47,15.66,184600
EBS,20101112,18.43,18.53,18.18,18.22,61100
EC,20101112,46.2,47.16,44.14,45.33,648600
ECA,20101112,29.82,29.92,29,29.18,3175800
ECL,20101112,49.28,49.3,48.7,48.88,1250700
ECT,20101112,24.52,24.67,22.85,24.43,232100
ED,20101112,49.91,49.93,49.52,49.74,2205200
EDD,20101112,17.1,17.27,16.82,16.94,360400
EDE,20101112,22.21,22.34,22.1,22.11,198300
EDN,20101112,9.87,10.09,9.77,9.91,15300
EDR,20101112,23.28,23.58,22.98,22.98,163800
EDU,20101112,27.055,27.43,26.905,26.9375,284400
EE,20101112,26.23,26.46,26.2,26.3,382200
EEA,20101112,7.29,7.39,7.23,7.28,36400
EEP,20101112,30.055,30.185,30.025,30.185,506700
EEQ,20101112,30.785,30.83,30.4,30.555,30800
EFC,20101112,21.9,22.15,21.9,21.9,36800
EFR,20101112,16.1,16.11,15.74,15.74,200200
EFT,20101112,16.27,16.29,16,16,200400
EFX,20101112,34.61,34.8,34.25,34.31,475200
EGF,20101112,16.46,16.46,16.36,16.44,147000
EGN,20101112,46.57,46.68,45.82,46.17,430600
EGO,20101112,17.48,17.95,17.35,17.79,8059800
EGP,20101112,40.45,40.91,40.02,40.06,88900
EGY,20101112,7.12,7.24,7.04,7.18,505800
EHI,20101112,13.01,13.2,12.86,12.92,206400
EIG,20101112,15.86,16.1,15.79,15.93,172600
EIX,20101112,37.83,37.85,37.36,37.57,1745200
EL,20101112,35.605,35.955,35.35,35.89,1285700
ELP,20101112,24.04,24.09,23.6,23.69,385500
ELS,20101112,29.005,29.345,28.75,28.79,202500
ELY,20101112,7.24,7.35,7.2,7.24,431700
EMD,20101112,14.06,14.06,13.68,13.78,178900
EME,20101112,26.18,26.31,25.86,25.87,302600
EMF,20101112,23.85,23.85,23.13,23.2,128100
EMN,20101112,39.24,39.33,38.4,38.695,1091200
EMR,20101112,55.61,55.8,54.85,55.37,2727900
ENB,20101112,27.215,27.215,26.75,27.03,309700
ENH,20101112,43.64,43.89,43.53,43.6,362800
ENR,20101112,68.6,69.89,68.35,69.78,651700
ENS,20101112,29.06,29.48,28.87,29.27,890300
ENV,20101112,13.06,13.06,12.43,12.95,37100
ENZ,20101112,4.62,4.74,4.54,4.54,60500
EOD,20101112,10.37,10.4,10.22,10.25,143200
EOG,20101112,46.555,46.725,45.615,46.025,2354800
EOI,20101112,13.24,13.33,13.19,13.2,155500
EOS,20101112,13.28,13.29,13.1,13.14,122200
EOT,20101112,20.64,21.09,20.34,20.73,63700
EP-C,20101112,39.95,39.95,39.24,39.44,6700
EPD,20101112,21.735,21.84,21.425,21.575,1001100
EPE,20101112,64.97,65.24,64.14,64.57,90300
EPR,20101112,47.99,48.19,47.04,47.61,239800
EPR-C,20101112,20.15,20.35,19.99,20.29,4100
EPR-E,20101112,28.66,28.75,28.58,28.75,2800
EQR,20101112,49.14,49.61,48.99,49.31,2242000
EQS,20101112,2.23,2.26,2.12,2.23,12300
EQT,20101112,41.4,41.48,40.56,40.82,1733100
EQY,20101112,18.06,18.36,17.75,17.79,565800
ERF,20101112,28.78,28.8,27.51,28.16,1171300
ERJ,20101112,29.39,29.57,28.72,28.85,645000
ES,20101112,4.88,4.9,4.82,4.87,1218800
ESD,20101112,19.41,19.41,19.11,19.11,104700
ESE,20101112,38.1,39,37.2,37.42,394100
ESL,20101112,59.13,59.25,58.73,58.93,202500
ESS,20101112,111.36,112.79,110.91,111.24,208300
ESV,20101112,48.89,49.76,47.91,48.16,2492800
ETB,20101112,14.87,15.1,14.59,14.72,163400
ETE,20101112,19.795,19.9,19.705,19.72,166200
ETG,20101112,14.48,14.48,14.16,14.2,247900
ETH,20101112,15.49,15.75,15.16,15.22,212600
ETJ,20101112,13.26,13.27,13.11,13.11,261800
ETM,20101112,7.77,7.95,7.58,7.59,140400
ETN,20101112,47.355,47.74,46.385,47.13,2910500
ETO,20101112,20.79,20.79,20.42,20.44,48800
ETP,20101112,50.77,51.08,50.61,50.97,437700
ETR,20101112,73.06,73.18,72.16,72.26,1268700
ETV,20101112,13.32,13.37,13.13,13.22,236500
ETW,20101112,12.65,12.65,12.44,12.48,255500
ETY,20101112,11.92,11.96,11.71,11.8,574500
EV,20101112,30.76,31.09,30.4,30.66,571000
EVC,20101112,2.34,2.4,2.28,2.29,124600
EVF,20101112,6.95,7,6.89,6.89,97800
EVG,20101112,17.66,17.66,17.43,17.49,73300
EVN,20101112,11.74,11.88,11.7,11.87,76300
EVR,20101112,32.16,32.47,32.06,32.25,97700
EVT,20101112,16.36,16.44,16.16,16.29,210600
EW,20101112,32.715,32.83,32.375,32.455,288400
EXC,20101112,40.34,40.38,39.95,40.05,6135800
EXD,20101112,19.42,19.69,19.31,19.31,25800
EXG,20101112,11.32,11.36,11.15,11.27,833900
EXP,20101112,27.34,27.64,26.63,26.64,500600
EXPR,20101112,15.38,16.45,15.38,15.92,422200
EXR,20101112,16.48,16.68,16.36,16.39,366800
F,20101112,16.46,16.53,16.04,16.3,91657000
FAC,20101112,1.79,1.84,1.74,1.79,11000
FAF,20101112,14.05,14.24,13.97,14.1,192600
FAM,20101112,17.3,17.49,17.13,17.17,236700
FBC,20101112,13,14,13,13.2,6573700
FBP,20101112,4.65,4.8,4.5,4.5,2318500
FBR,20101112,17.38,17.41,16.73,16.86,2248200
FC,20101112,8.1,8.12,7.87,7.98,54300
FCE.A,20101112,15.45,15.7,15.24,15.26,761300
FCE.B,20101112,15.47,15.47,15.47,15.47,0
FCF,20101112,6.3,6.37,6.24,6.25,285600
FCH,20101112,6.13,6.25,6.04,6.07,730800
FCH-A,20101112,23.65,24.26,23.36,24.1,15900
FCN,20101112,34.1,34.59,34.1,34.49,485300
FCT,20101112,13.43,13.49,13.36,13.38,85200
FCX,20101112,52.77,53.35,51.11,51.96,16295300
FDP,20101112,22.03,22.24,21.84,21.86,271700
FDS,20101112,87.7,88.54,87.13,87.41,149700
FDX,20101112,87.39,87.75,86.77,87.32,1534800
FE,20101112,35.63,35.66,35.18,35.37,2527400
FEO,20101112,23.38,23.38,22.82,22.85,41700
FFA,20101112,11.97,12.07,11.85,11.86,60700
FFC,20101112,16.75,16.84,16.58,16.58,110900
FFG,20101112,28.11,28.57,27.72,27.83,40600
FGB,20101112,7.63,7.63,7.45,7.46,22800
FGP,20101112,26.77,27,26.61,27,122400
FHN,20101112,10.43,10.45,10.19,10.21,1825500
FHY,20101112,14.52,14.52,14.16,14.31,21700
FICO,20101112,23.99,24.12,23.61,23.92,265500
FIG,20101112,4.98,5.11,4.97,5.1,1567900
FII,20101112,24.19,24.4,24.09,24.16,1039100
FIS,20101112,27.43,27.53,27.07,27.2,766800
FIX,20101112,11.32,11.35,11.16,11.26,86600
FL,20101112,16.37,16.55,16.11,16.17,1810300
FLC,20101112,17.56,17.74,17.49,17.57,34800
FLO,20101112,11.5689,11.6267,11.4889,11.5289,524600
FLR,20101112,55.68,56.05,54.78,54.95,2679000
FLS,20101112,35.48,35.9633,35.27,35.3333,1318700
FLY,20101112,13.48,13.48,13.03,13.1,21900
FMC,20101112,38.185,38.475,37.435,37.605,407300
FMN,20101112,13.79,14.01,13.79,13.86,41700
FMO,20101112,20.39,20.39,20.1,20.13,61000
FMS,20101112,30.67,30.755,30.41,30.56,104200
FMX,20101112,55.17,55.61,54.92,55.25,421100
FMY,20101112,19.82,19.82,19.04,19.09,129800
FN,20101112,17.8,19.08,17.27,18.97,168800
FNB,20101112,9.1,9.2,9.01,9.07,806300
FNF,20101112,13.75,13.92,13.72,13.76,1162100
FOE,20101112,14.92,14.92,14.39,14.43,859400
FOF,20101112,13.2,13.26,13.04,13.11,53200
FOR,20101112,18.55,18.9,18.43,18.45,103200
FPO,20101112,15.76,15.9,15.7,15.77,443500
FPT,20101112,13.26,13.38,13.26,13.3,20500
FR,20101112,7.42,7.49,6.86,7.27,1904100
FRA,20101112,14.81,14.84,14.53,14.53,156100
FRO,20101112,140.5,142.3,139.5,141,1142000
FRT,20101112,79.67,80.49,79.46,79.69,493600
FSD,20101112,20.05,20.07,19.56,19.61,105200
FSS,20101112,6.01,6.15,6,6.08,268200
FT,20101112,6.56,6.58,6.43,6.51,66300
FTI,20101112,38.645,39.01,37.79,38.355,863100
FTK,20101112,2.72,2.95,2.58,2.68,1898000
FUL,20101112,21.23,21.39,21.05,21.1,236700
FUN,20101112,15.56,15.77,15.02,15.17,104600
G,20101112,14.75,14.76,14.41,14.51,436000
GAB,20101112,5.38,5.39,5.23,5.28,312500
GAB-D,20101112,25.35,25.35,25.35,25.35,0
GAM,20101112,25.33,25.4,25.09,25.17,103100
GAM-B,20101112,25.11,25.15,25.1,25.1,5700
GBAB,20101112,20.01,20.01,20,20,91000
GBL,20101112,43.47,43.53,42.26,42.26,18300
GBX,20101112,18.94,19.24,18.1,18.19,323100
GCH,20101112,13.33,13.4,13.16,13.19,108800
GCI,20101112,12.74,12.96,12.62,12.67,4129100
GCO,20101112,32.99,33.23,32.51,32.7,93500
GCV,20101112,6.01,6.05,5.94,5.96,25000
GCV-B,20101112,25.74,25.74,25.74,25.74,1000
GD,20101112,67.06,67.18,66.25,66.5,1752300
GDL,20101112,14,14.03,13.92,13.95,41500
GDO,20101112,18.97,19.05,18.94,18.97,78800
GDOT,20101112,53.3,55.02,53,54.22,65800
GDV,20101112,14.69,14.77,14.53,14.64,167400
GDV-A,20101112,25.29,25.43,25.26,25.3,1500
GDV-D,20101112,25.41,25.5,25.41,25.5,600
GE,20101112,16.25,16.39,16.11,16.25,48318900
GEF,20101112,59.92,60.51,59.78,60.21,204200
GEF.B,20101112,59.5,59.5,59.2,59.5,2200
GEL,20101112,24.06,24.39,23.95,24.17,268500
GEO,20101112,25.08,25.35,24.91,24.96,241500
GER,20101112,25.81,25.89,25.75,25.76,55900
GES,20101112,41.48,41.6,40.75,40.9,924900
GF,20101112,15.24,15.47,15.03,15.19,70100
GFA,20101112,15.87,16.08,15.48,15.71,2421100
GFF,20101112,13.27,13.39,13.16,13.19,112200
GFI,20101112,17.77,17.96,17.2,17.31,5945600
GFY,20101112,16.25,16.25,16.05,16.11,6100
GG,20101112,46.18,47.08,45.79,46.44,5713100
GGB,20101112,13.24,13.38,13.06,13.17,5870400
GGG,20101112,36.14,36.2,35.57,35.86,431300
GGP,20101112,15.65,16.08,15.39,15.4,6452900
GGT,20101112,8.29,8.3,8.08,8.17,15700
GGT-B,20101112,25.42,25.48,25.3,25.3,1900
GHL,20101112,78.69,79.56,78.69,78.96,170300
GIB,20101112,16.75,16.8,16.42,16.52,363900
GIL,20101112,13.26,13.395,13.145,13.23,920300
GIM,20101112,10.5,10.55,10.48,10.52,361600
GIS,20101112,36.47,36.58,36.11,36.34,3125300
GJH,20101112,9.2,9.2,9.2,9.2,500
GJO,20101112,19.09,19.09,18.81,18.81,1300
GJP,20101112,23.94,23.94,23.94,23.94,0
GJR,20101112,20.12,20.12,20.12,20.12,0
GJS,20101112,16.14,16.14,16.14,16.14,0
GJT,20101112,17.46,17.6,17.46,17.6,900
GJV,20101112,25.49,25.49,25.37,25.37,1000
GLF,20101112,31.05,31.05,29.91,30.15,201600
GLP,20101112,25.58,25.8,25.57,25.66,102700
GLT,20101112,12.55,12.72,12.48,12.61,190300
GLW,20101112,18.46,18.63,18.22,18.37,9347600
GME,20101112,21.01,21.2,20.64,20.83,3363400
GNK,20101112,170.8,170.8,164.3,164.5,1198900
GNRC,20101112,14.21,14.25,14.15,14.22,90100
GNW,20101112,11.72,11.85,11.51,11.56,8844600
GOF,20101112,20.17,20.33,19.25,19.37,104900
GOL,20101112,171.1,174.2,166.1,167.5,906100
GPC,20101112,47.39,47.45,46.95,47.1,623900
GPE-A,20101112,26.44,26.76,26.44,26.5,2400
GPI,20101112,37.75,38.61,37.44,37.75,384700
GPK,20101112,3.58,3.72,3.55,3.63,198100
GPM,20101112,9.13,9.15,9.06,9.09,70800
GPN,20101112,20.61,20.73,20.51,20.625,745400
GPS,20101112,20.42,20.56,20.24,20.49,6783600
GPX,20101112,9.23,9.32,9.07,9.21,38600
GRA,20101112,33.52,33.68,33.05,33.3,471700
GRR,20101112,22.26,22.26,21.59,21.8,20400
GRX,20101112,6.65,6.68,6.63,6.63,11700
GRX-A,20101112,25.47,25.5,25.47,25.5,7300
GS,20101112,166.39,168.12,164.65,165.83,4742500
GS-A,20101112,22.3,22.4,22.15,22.18,45700
GS-B,20101112,24.81,24.88,24.8,24.82,55800
GS-C,20101112,22.82,22.84,22.71,22.71,5100
GS-D,20101112,22.74,22.74,22.47,22.48,80300
GSH,20101112,20.74,20.9,20.52,20.57,68700
GSK,20101112,39.52,39.65,39.33,39.62,2193500
GSL,20101112,4.64,4.64,4.46,4.62,189900
GTN,20101112,1.77,1.82,1.72,1.76,341600
GTN.A,20101112,1.66,1.7,1.55,1.55,4900
GTS,20101112,20.07,20.39,19.77,19.81,70500
GTY,20101112,29.21,29.6,29.21,29.33,81000
GUT,20101112,6.72,6.72,6.61,6.68,30000
GUT-A,20101112,25.39,25.45,25.39,25.45,300
GVA,20101112,27.68,27.74,26.92,26.93,336900
GWR,20101112,45.62,46.2,45,45.05,155600
GWW,20101112,125.96,126.66,124.45,125.5,584400
GXP,20101112,18.99,18.99,18.69,18.81,836000
GYB,20101112,18.78,18.92,18.67,18.82,15800
GYC,20101112,21.68,21.68,21.68,21.68,200
H,20101112,41.15,41.8,40.55,40.97,304000
HAE,20101112,29.355,29.565,29.28,29.5,224100
HAL,20101112,35.81,36.39,35.37,35.82,16019800
HAR,20101112,40.58,41.42,40.51,40.8,671100
HBI,20101112,6.1675,6.205,6.12,6.16,1093300
HBM,20101112,17.24,17.59,17.24,17.53,49400
HCN,20101112,47.56,47.9,46.97,47,1905600
HCP,20101112,34.02,34.45,33.74,33.77,2767500
HD,20101112,31.47,31.76,31.35,31.44,10597100
HDB,20101112,36.4,36.738,35.596,36.092,175400
HE,20101112,22.55,22.56,22.25,22.25,304500
HE-U,20101112,25.29,25.29,25.29,25.29,0
HEI,20101112,25.3594,25.431,25.0419,25.0829,72100
HEI.A,20101112,23.5072,23.5072,23.0528,23.1552,11600
HEP,20101112,26.25,26.355,25.85,26.06,42800
HES,20101112,71.01,71.04,69.15,70.06,4056800
HF,20101112,9.33,9.4,9.16,9.17,46100
HFC,20101112,17.165,17.275,16.68,16.785,306500
HGG,20101112,22.72,23.1,22.51,22.71,480000
HGT,20101112,21.2,21.35,20.74,20.75,255200
HHC,20101112,37.03,37.35,36.5,36.96,343300
HHS,20101112,11.86,12.08,11.83,11.94,139700
HI,20101112,20.01,20.17,19.9,20,168000
HIG,20101112,25.07,25.27,24.27,24.4,11425200
HIG.W,20101112,16.71,16.71,15.77,15.97,225900
HIL,20101112,5.32,5.4,5.26,5.36,42400
HIO,20101112,6.26,6.28,6.21,6.23,238600
HIW,20101112,31.91,32.21,31.8,31.95,516000
HIX,20101112,9.96,10,9.88,9.98,472900
HJV,20101112,24.19,24.4,24.05,24.17,2600
HK,20101112,18.95,18.95,18.34,18.5,7271900
HL,20101112,8.64,8.78,8.21,8.41,19170300
HL-B,20101112,54.3,54.3,54.27,54.27,500
HLF,20101112,33.73,33.875,33.28,33.665,517700
HLS,20101112,18.52,19.13,18.52,18.95,1286200
HLX,20101112,13.97,14.1,13.41,13.6,1249500
HMC,20101112,36.41,36.66,36.13,36.31,271200
HMN,20101112,17.01,17.32,16.92,16.95,215400
HMY,20101112,12.25,12.39,11.92,12.18,2425700
HNI,20101112,25.34,25.62,24.89,24.92,181500
HNP,20101112,23.24,23.49,23.1,23.39,373000
HNR,20101112,53.28,53.76,51.96,52.2,230000
HOG,20101112,31.98,32.36,31.45,31.7,1537300
HON,20101112,48.04,48.2,47.2,47.52,4981300
HOS,20101112,22.65,22.76,21.86,21.92,356700
HOV,20101112,4.04,4.1,3.86,3.96,1523000
HP,20101112,46.02,46.26,45.15,45.69,1931400
HPF,20101112,19.21,19.21,18.96,19.01,55900
HPI,20101112,19.37,19.37,19.04,19.11,111400
HPP,20101112,15.93,16.02,15.78,15.9,68400
HPQ,20101112,19.4182,19.5364,19.1,19.1864,18229600
HPS,20101112,16.68,16.78,16.54,16.67,85100
HQH,20101112,12.91,12.95,12.81,12.91,124500
HQL,20101112,10.33,10.35,10.22,10.24,78900
HR,20101112,22.36,22.67,21.82,22.01,821300
HRB,20101112,12.75,13.2,12.6,12.85,8653400
HRC,20101112,40.78,41.01,40.13,40.44,460100
HRG,20101112,4.5,4.6,4.4,4.55,23200
HRL,20101112,11.3725,11.445,11.325,11.42,423400
HRS,20101112,46.14,46.46,46.01,46.18,951800
HSC,20101112,23.84,23.9,23.27,23.51,760400
HST,20101112,15.95,16.1,15.75,15.84,6456200
HSY,20101112,47.61,47.89,47.37,47.55,787000
HT,20101112,6.19,6.38,6.19,6.3,3684600
HTD,20101112,15.39,15.4,15.15,15.18,91300
HTH,20101112,10.12,10.21,10.12,10.18,163700
HTY,20101112,14.1,14.1,13.68,13.75,31800
HTZ,20101112,49.32,49.96,47.52,48.08,5797200
HUM,20101112,60.31,60.31,59.12,59.2,1190700
HUN,20101112,13.58,13.7,13.26,13.37,3645800
HVT,20101112,10.65,10.85,10.45,10.64,44600
HVT.A,20101112,10.68,10.68,10.68,10.68,100
HW,20101112,4.13,4.2,3.82,3.93,925500
HXL,20101112,16.36,16.46,15.56,15.67,2326500
HYB,20101112,10.6,10.6,10.41,10.42,169800
HYH,20101112,24.17,24.3,24.06,24.19,6100
HYI,20101112,20,20.01,20,20.01,32800
HYT,20101112,11.35,11.38,11.25,11.25,131600
HZO,20101112,7.48,7.51,7.33,7.34,46500
IAE,20101112,20.11,20.11,19.35,19.64,80600
IAG,20101112,17.44,17.73,17.2,17.33,4274200
IBA,20101112,23.93,24,23.67,23.81,4400
IBM,20101112,144.59,145.77,143.55,143.74,4732900
IBN,20101112,10.84,10.908,10.624,10.792,2914000
ICB,20101112,17.7,17.7,17.16,17.2,24400
ICE,20101112,22.8,22.896,22.372,22.452,524400
IDA,20101112,36.16,36.41,35.93,36.34,325000
IDE,20101112,19.4,19.41,18.96,19.02,112400
IDT,20101112,18.77,18.77,18.15,18.33,271400
IEX,20101112,37.34,37.48,37.08,37.16,433300
IFF,20101112,52.93,52.93,51.87,52.46,464900
IFN,20101112,39.11,39.17,38.21,38.61,304300
IGA,20101112,13.88,14.04,13.78,13.81,190900
IGD,20101112,11.64,11.66,11.45,11.47,256900
IGI,20101112,21.47,21.47,21.09,21.19,37300
IGR,20101112,7.72,7.79,7.65,7.71,342600
IGT,20101112,16.09,16.39,16.07,16.3,6003700
IHC,20101112,7.97,7.97,7.89,7.89,9000
IHG,20101112,21.432,21.588,21.18,21.264,222700
IID,20101112,11.47,11.47,11.27,11.27,27400
IIF,20101112,28.9,29.08,28.57,28.68,71900
IIM,20101112,14.1,14.37,13.97,14.23,63300
IL,20101112,20.5,21.02,19.82,20.49,267400
IMAX,20101112,21.93,22.36,21.06,21.6,814200
IMN,20101112,9.58,9.69,9.46,9.49,140400
INB,20101112,11.57,11.63,11.51,11.63,63600
ING,20101112,10.75,10.89,10.66,10.75,2320400
INT,20101112,29.55,29.6,28.65,29.1,848800
INZ,20101112,24.13,24.39,24.02,24.15,127100
IO,20101112,101.7,102.6,93.75,94.05,1841800
IOC,20101112,79.6,80.89,78.57,79.9,577300
IP,20101112,26.03,26.08,25.53,25.67,8584300
IPG,20101112,10.63,10.7,10.38,10.54,10196900
IPHI,20101112,15.45,16,15.35,15.63,439800
IPI,20101112,32.38,32.59,31.11,31.57,962400
IQI,20101112,12.32,12.66,12.32,12.59,59600
IR,20101112,42.54,42.69,41.83,42.01,9725500
IRL,20101112,6.49,6.63,6.46,6.49,24200
IRM,20101112,23.06,23.18,22.89,22.93,1000200
IRR,20101112,15.3,15.46,15.12,15.21,67000
IRS,20101112,16.74,16.74,15.99,16.19,108200
ISF,20101112,22.45,22.52,22.27,22.31,71800
ISG,20101112,22.44,22.53,22.42,22.49,58900
ISP,20101112,22.69,22.81,22.58,22.67,76100
IT,20101112,31.8,32.07,31.61,31.63,443400
ITG,20101112,15.66,15.81,15.16,15.24,519400
ITT,20101112,23.725,23.73,23.315,23.465,2291400
ITUB,20101112,24.61,24.91,24.33,24.61,11862900
ITW,20101112,47.49,47.82,47.19,47.42,2667200
IVC,20101112,28.07,28.21,27.8,27.82,81300
IVR,20101112,22.78,22.88,22.73,22.82,465700
IVZ,20101112,22.25,22.47,21.96,22.13,4456200
IX,20101112,45.54,45.62,45,45.17,4600
JBK,20101112,21.76,21.78,21.5,21.78,700
JBL,20101112,14.3,14.47,14.09,14.39,4489300
JBN,20101112,23.65,23.87,23.65,23.7,1300
JBR,20101112,23.61,23.96,23.52,23.85,2000
JBT,20101112,17.2,17.43,17.2,17.3,71800
JCE,20101112,13.07,13.16,12.87,12.87,61200
JCI,20101112,36.67,37.4,36.1,36.45,4715700
JCP,20101112,31.66,33.12,31.05,31.13,7608100
JDD,20101112,11.3,11.31,11.15,11.19,48700
JEC,20101112,42.24,42.55,41.56,41.72,971400
JEQ,20101112,5.62,5.66,5.57,5.59,19400
JFC,20101112,16.04,16.04,15.69,15.72,54800
JFR,20101112,11.31,11.38,11.27,11.27,85200
JHI,20101112,21.52,21.52,21.01,21.15,22300
JHS,20101112,15.05,15.05,14.68,14.69,19500
JHX,20101112,27.88,27.88,27.84,27.84,200
JKS,20101112,32.47,33.92,32.25,32.64,1619300
JLL,20101112,84.95,85.56,83.11,83.36,265200
JLS,20101112,24.99,25.2,24.95,25.15,14300
JMP,20101112,7.02,7.14,7.02,7.04,31800
JMT,20101112,24.59,24.7,24.3,24.55,7400
JNJ,20101112,63.69,64.09,63.51,63.67,12944700
JNPR,20101112,34.41,36,34.35,35.81,15107200
JNS,20101112,11.54,11.63,11.21,11.41,4355700
JOE,20101112,19.75,19.87,19.38,19.6,778700
JOF,20101112,8.21,8.21,8.04,8.08,53900
JOY,20101112,73.71,74.45,71.97,72.38,1032600
JPC,20101112,8.55,8.56,8.43,8.45,151600
JPM,20101112,39.86,40.26,39.38,39.61,33504700
JPM-B,20101112,27.35,27.49,27.32,27.46,85900
JPM.W,20101112,14.1,14.1,13.67,13.83,200900
JPS,20101112,8.15,8.17,7.98,8.02,511500
JQC,20101112,8.69,8.97,8.67,8.87,260400
JRO,20101112,11.97,11.97,11.84,11.85,84900
JTA,20101112,11.19,11.22,11.02,11.09,58900
JTD,20101112,13.13,13.2,12.95,12.96,46000
JW.A,20101112,42.5,42.55,41.73,42.17,205900
JW.B,20101112,42.53,42.53,41.93,42.36,700
JWN,20101112,42.17,42.37,40.99,41.4,3333600
K,20101112,49.2,49.21,48.76,48.95,1869000
KAI,20101112,20.45,20.5,19.69,19.96,33300
KAR,20101112,12.08,12.11,11.87,12.07,88300
KB,20101112,45.74,45.83,44.89,45.07,208500
KBH,20101112,12.79,12.88,12.32,12.43,2792000
KBR,20101112,27.47,27.56,26.81,26.94,1489400
KCC,20101112,25.63,25.72,25.61,25.72,3000
KCG,20101112,13.75,14,13.75,13.94,1388500
KED,20101112,17.81,18.25,17.66,17.76,55200
KEF,20101112,11.69,11.69,11.51,11.54,24500
KEG,20101112,10.59,10.77,10.34,10.49,2274200
KEM,20101112,13.99,14.06,13.6,13.93,299900
KEP,20101112,13.19,13.3,12.96,13,497200
KEX,20101112,44.11,44.36,43.67,44.03,148300
KEY,20101112,8.2,8.26,7.99,8.02,13484000
KEY-G,20101112,109.08,109.08,106.25,106.49,29800
KF,20101112,43.01,43.1,42.38,42.58,21700
KFS,20101112,1.42,1.44,1.39,1.43,96000
KFY,20101112,17.54,17.6,17.27,17.44,206100
KGC,20101112,18.28,18.74,18.14,18.34,6338900
KIM,20101112,17.11,17.38,16.87,16.94,4829600
KKR,20101112,13.25,13.32,12.94,13.2,821900
KMB,20101112,59.1371,59.4823,59.1179,59.4631,2811900
KMM,20101112,10.34,10.4,10.11,10.16,74200
KMT,20101112,34.37,34.42,33.54,33.85,531200
KMX,20101112,33.49,33.81,32.82,33,1520500
KND,20101112,15.82,15.97,15.64,15.84,904200
KNL,20101112,15.73,15.87,15.47,15.51,143600
KNX,20101112,18.29,18.52,18.12,18.4,1416900
KO,20101112,31.36,31.48,31.195,31.46,10016700
KOF,20101112,79.31,80.12,79.24,80.12,55200
KOP,20101112,29.95,30.29,29.16,29.4,79100
KR,20101112,11.3,11.515,11.245,11.495,6648800
KRA,20101112,26.55,26.65,25.26,25.5,224300
KRC,20101112,34.02,34.45,33.68,33.69,870200
KRG,20101112,20.36,20.76,20.28,20.32,78300
KRO,20101112,21.25,21.25,20.195,20.195,175300
KS,20101112,7.47,7.615,7.33,7.38,241600
KSM,20101112,13.05,13.07,12.85,12.96,36400
KSS,20101112,52,52.5,50.77,51.42,5813400
KST,20101112,13.45,13.48,13.22,13.32,17800
KSU,20101112,45.5,45.94,44.5,44.74,696900
KSU.P,20101112,23.6,23.6,23.6,23.6,0
KT,20101112,21.82,22.07,21.52,21.8,1695100
KTF,20101112,11.79,11.95,11.55,11.87,292700
KTH,20101112,28.23,28.23,28,28.1,6100
KTN,20101112,29.36,29.36,29.36,29.36,200
KTP,20101112,24.75,24.8,24.62,24.66,6200
KW,20101112,10.45,10.6,10.24,10.26,426100
KWR,20101112,36.37,36.68,36.11,36.23,79300
KYE,20101112,27.51,27.72,27.22,27.45,67200
KYN,20101112,27.59,27.63,27.25,27.5,253100
KYO,20101112,50.985,51.215,50.455,50.57,4500
L,20101112,39.08,39.28,38.91,39.23,2006500
LAD,20101112,13.51,13.61,12.42,12.57,405900
LAZ,20101112,37.29,37.37,36.78,36.92,451700
LBF,20101112,8.35,8.4,8.33,8.4,42900
LCM,20101112,11.58,11.61,11.37,11.49,55600
LDF,20101112,19.52,19.52,18.92,18.97,25400
LDL,20101112,7.12,7.26,7,7.05,57500
LDR,20101112,64.96,66.68,64.05,65.15,31100
LEA,20101112,44.48,44.48,43.565,43.75,639100
LEE,20101112,1.97,2.02,1.95,1.95,234500
LEG,20101112,20.27,20.4,20.03,20.12,973000
LEN,20101112,16.28,16.44,15.85,16.05,4023100
LEN.B,20101112,13.26,13.44,13.05,13.17,4600
LEO,20101112,8.43,8.47,8.31,8.37,100700
LFC,20101112,22.8467,22.9633,22.5367,22.66,534800
LFL,20101112,30.48,30.89,30.29,30.36,335500
LGF,20101112,7.2,7.4,7.12,7.33,222800
LGI,20101112,15.15,15.15,14.89,14.92,43800
LH,20101112,83.15,83.15,81.9,82.17,483300
LHO,20101112,22.91,23.19,22.86,23.07,883700
LII,20101112,40.52,40.89,39.77,40.32,589200
LL,20101112,21.84,22.18,21.81,21.83,333800
LLL,20101112,70.98,71.06,70.3,70.62,765300
LLY,20101112,34.87,34.93,34.73,34.76,5533400
LM,20101112,33.54,33.8,32.8,33.05,2426500
LMT,20101112,69.9,70.3,69.47,69.49,2847700
LNC,20101112,24.7,24.85,23.86,23.89,5287500
LNC.W,20101112,16.33,16.69,16,16.02,28300
LNN,20101112,62.93,63.32,58.37,58.72,370500
LNT,20101112,18.235,18.33,18.18,18.215,523800
LOR,20101112,12.75,12.93,12.66,12.72,97400
LOW,20101112,22.18,22.19,21.6,21.69,14406300
LPL,20101112,16.93,17.19,16.74,16.89,941400
LPX,20101112,8.26,8.42,8.22,8.36,2601400
LRN,20101112,24.75,25,24.48,24.5,270600
LSI,20101112,5.53,5.67,5.43,5.52,5153800
LTC,20101112,27.67,28.08,27.52,27.87,114900
LUB,20101112,5.35,5.39,5.27,5.35,39100
LUK,20101112,26.88,27.05,26.52,26.65,649300
LUV,20101112,13.63,13.7,13.48,13.56,3423800
LUX,20101112,28.23,28.38,27.95,28.12,48100
LVLT,20101112,16.8,17.4,16.5,17.1,33515900
LVS,20101112,51.18,51.18,47.81,48.42,46411800
LXP,20101112,8.31,8.48,8.19,8.25,694300
LXP-C,20101112,43.25,43.25,43.25,43.25,0
LXU,20101112,23.04,23.16,22.37,22.47,60600
LYB,20101112,28.32,28.37,27.33,27.4,4365100
LYG,20101112,4.48,4.51,4.4,4.45,5070600
LYV,20101112,9.95,10.2,9.95,10.01,1522100
LZB,20101112,8.38,8.46,8.2,8.25,439900
M,20101112,24.74,25.28,24.63,25.06,10755300
MA,20101112,25.002,25.1,24.261,24.317,1105200
MAA,20101112,61.14,61.77,61.08,61.37,151100
MAC,20101112,46.44,46.77,45.57,45.73,1594800
MAIN,20101112,17.6,17.71,17.53,17.58,66400
MAN,20101112,57.86,57.99,55.89,56.21,824200
MAS,20101112,11.3,11.47,11.13,11.36,3298700
MAV,20101112,13.32,13.57,13.24,13.57,77600
MBI,20101112,11.05,11.14,10.78,10.97,4427500
MBT,20101112,21.53,21.71,21.29,21.55,2275100
MCA,20101112,13.11,13.2,13.11,13.17,90100
MCD,20101112,79.3,79.45,78.14,78.85,4955300
MCI,20101112,15.095,15.6,15.095,15.6,11700
MCK,20101112,65.08,65.53,64.76,65.09,1493300
MCN,20101112,9.09,9.09,8.92,8.94,69300
MCO,20101112,28.02,28.14,27.65,27.72,1490600
MCR,20101112,9.53,9.62,9.5,9.5,169100
MCS,20101112,13.12,13.27,12.95,12.95,40600
MCY,20101112,43.99,44.02,43.53,43.59,99800
MD,20101112,30.47,30.675,30.26,30.35,170000
MDC,20101112,28.38,28.73,27.59,27.66,582600
MDP,20101112,34.1,34.36,33.55,33.71,447500
MDR,20101112,17.82,17.89,17.07,17.36,3046100
MDT,20101112,35.3,35.33,34.43,34.63,6726200
MDU,20101112,20.42,20.61,20.41,20.57,925800
MED,20101112,23.72,23.95,23.4,23.51,235500
MEG,20101112,4.87,4.87,4.68,4.69,125900
MEI,20101112,9.78,9.9,9.63,9.64,116300
MEN,20101112,10.3,10.7,10.29,10.67,155100
MER-K,20101112,23.16,23.28,23.05,23.2,232900
MER-P,20101112,24.97,25.14,24.86,25.04,54200
MET,20101112,39.66,40.34,39.49,39.64,7527600
MET-A,20101112,23.91,23.98,23.85,23.9,34100
MFA,20101112,8.08,8.17,8.07,8.1,3294700
MFC,20101112,14.74,14.97,14.6,14.73,3788100
MFD,20101112,14.75,14.78,14.42,14.49,30200
MFG,20101112,3.04,3.13,3.01,3.01,1677600
MFL,20101112,13.21,13.42,13.03,13.32,170000
MFM,20101112,6.72,6.79,6.59,6.75,129600
MFT,20101112,12.9,13.01,12.85,12.94,30400
MFV,20101112,7.71,7.72,7.5,7.57,26800
MG,20101112,11.57,11.76,11.52,11.66,22400
MGA,20101112,24.8225,24.8425,23.915,24.13,445200
MGF,20101112,7.2,7.22,7.17,7.22,121300
MGM,20101112,13.32,13.54,12.65,12.92,46475300
MGU,20101112,17.56,17.56,17.2,17.2,77100
MHD,20101112,15.22,15.74,15.14,15.6,87100
MHF,20101112,7.35,7.52,7.35,7.41,70200
MHI,20101112,14.04,14.19,13.75,14.01,253300
MHK,20101112,53.41,53.68,52.86,53.04,526200
MHN,20101112,14.2,14.3,14.11,14.15,72400
MHO,20101112,12.25,12.47,12.07,12.12,65400
MHO-A,20101112,17.85,18.24,17.85,18.2,2900
MIC,20101112,19.68,19.77,19.13,19.25,168200
MIN,20101112,6.93,6.94,6.8,6.81,475400
MIY,20101112,13.73,13.85,13.56,13.75,57800
MJN,20101112,59.43,60.2,59.2,59.61,1003300
MKC,20101112,43.84,43.96,43.58,43.66,608200
MKC.V,20101112,43.8,43.8,43.8,43.8,300
MKL,20101112,359,363.52,359,359.6,17100
MLI,20101112,15.05,15.12,14.865,14.94,132900
MLM,20101112,87.23,88.37,85.96,86.16,346400
MLP,20101112,4.45,4.56,4.45,4.55,7500
MLR,20101112,14.11,14.33,14.05,14.05,38900
MMC,20101112,25.06,25.5,25.03,25.42,3280700
MMM,20101112,86.02,87.17,85.63,86.24,4123700
MMP,20101112,28.18,28.275,27.88,27.995,203700
MMS,20101112,14.605,15.17,14.535,15.07,150400
MMT,20101112,6.94,6.95,6.88,6.9,228600
MMU,20101112,12.3,12.39,11.99,12.24,179000
MNE,20101112,13.13,13.28,13.13,13.22,19200
MNI,20101112,32.7,33.3,31.6,31.8,581400
MNP,20101112,13.61,13.93,13.61,13.79,27100
MNR,20101112,8.09,8.19,8.02,8.03,56200
MO,20101112,25.04,25.05,24.54,24.85,18158100
MOD,20101112,14.87,15.1,14.44,14.44,305000
MOG.A,20101112,37.63,37.82,36.87,36.94,109800
MOG.B,20101112,37.5,37.5,37.5,37.5,100
MOH,20101112,16.8133,16.9467,16.6867,16.7933,146700
MON,20101112,63.16,63.49,61.04,62.15,6300800
MOS,20101112,73.24,73.24,69.34,69.7,5277400
MOV,20101112,11.43,11.6,11.27,11.28,56400
MP-D,20101112,25.23,25.23,25.05,25.05,2900
MPA,20101112,13.8,13.91,13.75,13.87,38200
MPG,20101112,2.7,2.73,2.41,2.42,3069100
MPV,20101112,14.17,14.17,13.65,14.01,14800
MPW,20101112,11.1,11.21,10.98,11,555400
MPX,20101112,6.81,6.97,6.72,6.72,12500
MQT,20101112,11.82,12.05,11.81,12.02,79700
MQY,20101112,13.79,14,13.31,13.83,208600
MRK,20101112,35.04,35.06,34.39,34.71,23756200
MRO,20101112,33.95,34.05,33.5,33.74,5707500
MRT,20101112,5.39,5.58,5.35,5.46,31600
MS,20101112,26.15,26.24,25.48,25.57,12559900
MS-A,20101112,20,20.05,19.96,19.98,90600
MSA,20101112,29.11,29.35,28.88,28.93,86500
MSB,20101112,43.31,44.12,42,42.38,286800
MSCI,20101112,36.82,36.93,35.94,35.95,348900
MSD,20101112,11.3,11.39,11.22,11.23,76700
MSF,20101112,16.76,16.79,16.3,16.35,51900
MSI,20101112,56.35,56.63,55.44,55.93,19108100
MSM,20101112,57.85,58.36,57.52,57.64,189100
MSP,20101112,12.78,12.95,12.65,12.67,30500
MT,20101112,34.87,35.25,34.33,34.69,4801500
MTB,20101112,81.5,81.99,80.55,80.98,1834700
MTD,20101112,142.67,144.1,141.57,142.39,138300
MTG,20101112,8.72,8.81,8.33,8.34,4130800
MTH,20101112,21.35,21.68,21.19,21.3,534200
MTL,20101112,50.36,51.18,49.42,49.7,1647500
MTL.P,20101112,8.2,8.23,8.07,8.15,107400
MTN,20101112,43.48,43.99,43.31,43.61,336900
MTR,20101112,49.78,50.54,49.07,49.65,8200
MTRN,20101112,34.88,35.53,34.34,34.9,122500
MTT,20101112,20.73,20.83,20.15,20.46,115800
MTU,20101112,4.79,4.82,4.68,4.7,2554500
MTW,20101112,11.43,11.57,11.18,11.18,2160200
MTX,20101112,30.01,30.315,29.365,29.62,62200
MTZ,20101112,14.76,14.76,14.22,14.27,934400
MUA,20101112,12.02,12.31,11.99,12.28,69900
MUC,20101112,13.12,13.33,13.12,13.16,110700
MUE,20101112,12.63,12.92,12.63,12.79,108900
MUH,20101112,14.16,14.25,14.08,14.23,37900
MUI,20101112,14.18,14.41,14.08,14.22,315300
MUJ,20101112,14.71,14.73,14.57,14.59,59500
MUR,20101112,67.84,67.84,66.06,66.55,1407100
MUS,20101112,12.93,13.15,12.9,13.07,103000
MUSA,20101112,12.68,12.87,12.61,12.72,46700
MVC,20101112,13.57,13.66,13.28,13.35,89100
MVO,20101112,31.35,31.4,30.51,30.77,118800
MVT,20101112,14.25,14.58,14.14,14.41,64200
MWA,20101112,3.25,3.31,3.21,3.22,1099900
MXE,20101112,10.89,11.08,10.89,10.93,13700
MXF,20101112,27.01,27.3,26.89,26.94,60900
MXL,20101112,10.35,10.5,10.31,10.41,151100
MYC,20101112,13.46,13.6,13.43,13.6,128100
MYD,20101112,13.66,13.98,13.04,13.98,263600
MYE,20101112,9.76,9.88,9.72,9.75,49600
MYF,20101112,13.13,13.42,13.1,13.42,64500
MYI,20101112,13.09,13.1,12.95,12.99,327100
MYJ,20101112,14.9,14.9,14.4,14.81,33400
MYN,20101112,13.09,13.24,13,13.1,80800
MZF,20101112,13.76,13.9,13.76,13.89,13900
NAC,20101112,12.75,12.86,12.66,12.86,77500
NAD,20101112,13.6,13.65,13.43,13.6,127800
NAN,20101112,13.51,13.69,13.44,13.52,28900
NAT,20101112,26.88,27.02,26.75,26.9,380200
NAV,20101112,51.83,52.09,49.76,50.87,1651500
NAV-D,20101112,16.89,16.89,16.89,16.89,0
NAZ,20101112,14.58,14.58,14.12,14.12,19900
NBB,20101112,19.36,19.47,18.95,19.08,213700
NBL,20101112,41.875,42.025,40.87,41.125,2645700
NBR,20101112,22.07,22.14,21.34,21.76,3924200
NC,20101112,101.75,102.24,98.07,98.52,24900
NCA,20101112,8.94,9.05,8.92,9.02,22700
NCI,20101112,9.02,9.09,8.85,8.86,208800
NCR,20101112,14.52,14.53,14.08,14.2,1316700
NCS,20101112,10.42,10.5,10.15,10.2,109300
NCT,20101112,28.68,29.4,28.56,28.86,312300
NCT-B,20101112,23.1,23.73,23.1,23.49,7500
NCT-C,20101112,19.61,19.96,19.56,19.96,400
NCT-D,20101112,20.35,21.13,20.3,21.01,7200
NCV,20101112,9.94,9.97,9.75,9.77,301900
NCZ,20101112,9.3,9.3,9.07,9.09,316800
NE,20101112,37.04,37.6,36.56,36.9,3197800
NEE,20101112,53.83,53.95,53.31,53.63,1536100
NEE-C,20101112,25.13,25.27,25.06,25.08,10800
NEM,20101112,62.03,62.8,60.71,61.55,6020600
NEU,20101112,122.46,123.36,119.31,120.09,54800
NEV,20101112,13.69,14.13,13.67,13.77,57500
NFG,20101112,62.16,62.61,61.65,62.44,539900
NFJ,20101112,16.09,16.15,15.9,16.03,259600
NFX,20101112,65.5,66.7,64.69,65.8,1369300
NGG,20101112,47.79,47.9,47.25,47.47,357700
NGS,20101112,16.47,16.68,16.37,16.62,24200
NHI,20101112,46.58,47.01,46.4,46.59,61300
NI,20101112,17.3,17.33,17.14,17.19,1515000
NIE,20101112,17.91,17.98,17.85,17.96,54000
NIM,20101112,10.23,10.41,10.19,10.31,36700
NJR,20101112,20.54,20.715,20.53,20.61,116900
NKE,20101112,20.7975,20.9125,20.51,20.655,1907600
NL,20101112,10.86,11.06,10.69,10.69,36900
NLS,20101112,1.75,1.77,1.66,1.72,118700
NLY,20101112,17.91,18.04,17.81,17.81,5324400
NLY-A,20101112,25.85,25.98,25.85,25.98,3500
NM,20101112,6.13,6.17,5.95,6,780800
NMI,20101112,10.61,10.69,10.2,10.6,82500
NMK-B,20101112,83.75,83.75,83.75,83.75,0
NMM,20101112,18.9,18.93,18.59,18.72,228700
NMR,20101112,5.52,5.52,5.43,5.46,501100
NMT,20101112,14.25,14.31,14.21,14.25,5100
NMY,20101112,14.3,14.34,13.95,14.14,20500
NNA,20101112,5.68,5.87,5.63,5.8,15600
NNC,20101112,14.42,14.52,14.41,14.5,21800
NNI,20101112,23.39,23.5,22.88,22.93,86600
NNN,20101112,26.51,26.83,26.49,26.67,916900
NNY,20101112,9.63,9.69,9.57,9.59,7900
NOA,20101112,9.77,9.77,9.4,9.5,103200
NOAH,20101112,15.5,16.69,15.45,16.55,1060400
NOC,20101112,63.49,63.6,62.65,62.9,1222600
NOK,20101112,10.45,10.57,10.21,10.28,28580600
NOV,20101112,58.78,59.47,56.91,57.65,7234900
NP,20101112,17.5,17.67,17.41,17.55,71500
NPK,20101112,116.84,117.55,116,116.16,9300
NPO,20101112,35.86,36.06,35.43,35.87,111600
NPV,20101112,15.53,16.1,15.53,15.7,12800
NQP,20101112,13.43,13.82,13.39,13.77,42800
NR,20101112,5.71,5.89,5.68,5.68,828000
NRF,20101112,8.32,8.46,8.18,8.18,427100
NRF-A,20101112,20.9,21,20.73,20.87,9600
NRF-B,20101112,20.16,20.36,20,20.2,25400
NRG,20101112,20.07,20.07,19.54,19.61,2503200
NRP,20101112,307.5,309.5,303.5,306.8,309900
NRT,20101112,29.4,29.4,28.8,28.88,16500
NS,20101112,67.55,67.94,67.15,67.32,207500
NSC,20101112,61.43,61.87,60.56,60.96,2049700
NSH,20101112,35.34,35.88,35.31,35.49,32800
NSL,20101112,7.09,7.12,7.08,7.09,64600
NSM,20101112,13.51,13.78,13.41,13.64,3407600
NSR,20101112,26.57,26.84,26.48,26.53,304200
NTC,20101112,13.76,13.79,13.62,13.62,11100
NTG,20101112,24.65,24.74,24.57,24.64,89900
NTL,20101112,30.42,30.82,30.29,30.46,5200
NTT,20101112,23.29,23.45,23.21,23.28,221900
NTX,20101112,15.52,15.57,15.16,15.57,47200
NTZ,20101112,3.3,3.3,3.22,3.23,16300
NUE,20101112,40.17,40.74,39.85,40.06,3787500
NUM,20101112,13.31,13.5,13.31,13.39,27800
NUO,20101112,16.02,16.09,16,16,9000
NUS,20101112,30.83,31,30.31,30.37,525300
NUV,20101112,9.66,9.75,9.61,9.74,360500
NUW,20101112,16.48,16.51,16.08,16.3,106900
NVO,20101112,20.83,21.058,20.814,20.946,256000
NVR,20101112,640.3,643,634.59,636.87,12100
NVS,20101112,56.1,56.34,55.62,55.64,5545000
NW-C,20101112,23.71,23.82,23.49,23.67,8600
NWE,20101112,28.45,28.71,28.34,28.66,232800
NWL,20101112,17.25,17.3,17.06,17.28,2528100
NWN,20101112,48.35,49.02,48.34,48.62,51800
NWY,20101112,3.52,3.52,3.31,3.33,195800
NX,20101112,18.75,18.95,18.5,18.5,227400
NXC,20101112,12.96,12.97,12.84,12.96,54100
NXN,20101112,14.02,14.02,13.72,13.83,1800
NXP,20101112,14.18,14.45,14.18,14.23,41300
NXQ,20101112,13.17,13.33,13.15,13.23,45100
NXR,20101112,13.83,14.02,13.62,13.91,39400
NYT,20101112,8.35,8.36,8.11,8.17,1274600
O,20101112,33.82,34.14,33.63,33.86,654900
OAS,20101112,24.8,25.08,23.59,23.66,492200
OB,20101112,14.19,14.35,14.1,14.1,43300
OC,20101112,27.41,27.62,27.1,27.42,1608800
OCN,20101112,9.08,9.2,9.01,9.04,828600
ODC,20101112,21.45,21.69,21.35,21.56,2600
OFC,20101112,35.47,35.63,35.05,35.46,671500
OFG,20101112,12,12,11.65,11.81,309100
OFG-A,20101112,24,24,24,24,500
OFG-B,20101112,23.55,23.55,23.55,23.55,500
OGE,20101112,22.455,22.56,22.325,22.41,400000
OHI,20101112,22.73,22.84,22.11,22.15,884000
OI,20101112,28.18,28.48,27.7,27.93,1510800
OIA,20101112,6.37,6.53,6.36,6.38,73800
OII,20101112,35.32,35.32,34.055,34.465,596400
OIS,20101112,57.01,57.5,56.25,56.69,508900
OKE,20101112,25.49,25.965,25.49,25.955,1009400
OKS,20101112,40.105,40.53,39.985,40.11,127200
OLN,20101112,19.13,19.32,18.84,18.99,665600
OLP,20101112,16.42,16.42,16.02,16.03,12900
OMC,20101112,46.01,46.52,45.59,46.05,2713200
OME,20101112,6.48,6.55,6.4,6.51,83100
OMI,20101112,29,29.28,28.96,29.07,427900
OMN,20101112,8.4,8.56,8.35,8.42,183300
OPY,20101112,25.47,25.82,24.92,24.99,16400
ORA,20101112,27.2,27.22,26.78,26.81,102600
ORCL,20101112,28.5,28.61,28.09,28.32,25818800
ORI,20101112,12.77,12.82,12.7,12.7,1326300
ORN,20101112,14.37,14.37,13.93,13.99,135700
OSG,20101112,36.35,36.61,35.66,35.71,365000
OSK,20101112,30.05,30.07,29.19,29.26,997600
OXM,20101112,22.42,22.68,22.17,22.21,65900
OXY,20101112,87.06,88.23,86.52,87.46,5876400
OZM,20101112,15.08,15.12,14.72,14.94,214300
PAA,20101112,32.155,32.3,31.78,31.96,255200
PAC,20101112,37.35,37.64,36.63,36.82,42100
PAG,20101112,15.27,15.44,14.95,15.02,803700
PAI,20101112,13.29,13.36,13.18,13.18,7600
PAM,20101112,15.04,15.14,14.08,14.26,95900
PAY,20101112,33.32,33.48,32.24,32.56,789200
PBH,20101112,11.05,11.15,11,11.09,170300
PBI,20101112,23.2,23.33,22.96,23.11,1206500
PBR,20101112,34.28,34.64,33.51,33.87,26550200
PBR.A,20101112,31.13,31.36,30.38,30.68,10523100
PBT,20101112,22.95,23,22.08,22.41,284800
PCF,20101112,8.5,8.55,8.4,8.42,34100
PCG,20101112,47.36,47.7,47.02,47.47,2607900
PCK,20101112,8.66,8.7,8.54,8.65,271400
PCM,20101112,10.73,10.8,10.66,10.66,23200
PCN,20101112,16.34,16.36,15.75,15.86,199700
PCQ,20101112,12.73,12.86,12.59,12.75,138700
PDM,20101112,19.36,19.75,19.28,19.54,1581500
PDS,20101112,8.17,8.2,7.92,7.96,800200
PDT,20101112,11.45,11.5,11.35,11.38,185600
PEB,20101112,19.07,19.08,18.2,18.51,222600
PEG,20101112,32.06,32.07,31.55,31.66,3302800
PEI,20101112,14.1,14.34,13.72,13.81,706100
PEO,20101112,26.51,26.54,25.9,26.08,63900
PEP,20101112,64.63,64.9,64.37,64.64,4918000
PFD,20101112,12.49,12.53,12.37,12.42,23300
PFE,20101112,16.84,16.97,16.76,16.85,40821800
PFG,20101112,28.57,28.82,28.2,28.34,1897800
PFH,20101112,24.93,25.05,24.81,25.05,4900
PFK,20101112,26.08,26.19,26,26,1200
PFL,20101112,12.03,12.17,11.82,12.02,272300
PFN,20101112,10.34,10.39,10.32,10.34,206800
PFO,20101112,10.25,10.25,10.18,10.18,28400
PFS,20101112,13.67,13.67,13.4,13.5,170400
PG,20101112,64.26,64.52,64.02,64.33,9284500
PGH,20101112,12.42,12.55,12.1,12.34,972600
PGP,20101112,22.25,22.35,22.03,22.05,33500
PGR,20101112,21.5,21.6,21.15,21.18,3291600
PH,20101112,80.54,80.6,78.8,79.39,1151100
PHD,20101112,12.92,13,12.73,12.86,290100
PHG,20101112,30.6,30.86,30.28,30.49,1150900
PHH,20101112,20.18,20.44,20.12,20.37,425000
PHI,20101112,55.37,55.37,54.45,54.86,288200
PHK,20101112,13.15,13.29,13.15,13.24,518100
PHM,20101112,7.78,7.87,7.44,7.49,9103000
PHT,20101112,16.66,16.66,16.37,16.49,146400
PHX,20101112,27.84,28.11,27.55,27.7,9100
PII,20101112,36.225,36.7,35.885,36.105,231500
PIM,20101112,6.3,6.32,6,6.03,927400
PIR,20101112,9.54,9.77,9.4,9.44,1397500
PIY,20101112,25.29,25.3,25.14,25.3,1700
PJC,20101112,32.8,32.98,32.52,32.57,45200
PJT,20101112,24.92,24.93,24.79,24.79,2900
PKD,20101112,4.15,4.17,4.03,4.04,411000
PKE,20101112,28.28,28.65,28.22,28.24,23100
PKG,20101112,25.28,25.45,24.94,25.12,667000
PKI,20101112,23.89,24.14,23.72,23.94,1032900
PKO,20101112,26.94,27.08,26.85,26.91,56600
PKX,20101112,105.1,105.43,102.28,102.95,321200
PKY,20101112,16.24,16.47,16.18,16.37,104400
PLD,20101112,29.63,29.89,29.1,29.17,1717400
PLOW,20101112,14.93,15.23,14.93,15.08,39100
PLT,20101112,35.42,36.15,35.09,35.27,394800
PM,20101112,59.66,59.88,59.29,59.64,5842400
PMC,20101112,11.14,11.21,10.95,11,250100
PMF,20101112,12.97,13.17,12.95,13.05,105100
PML,20101112,10.65,10.84,10.53,10.78,278400
PMM,20101112,7.1,7.35,7.05,7.28,237500
PMO,20101112,11.48,11.69,11.46,11.54,102400
PMT,20101112,18.17,18.36,18.01,18.06,43200
PMX,20101112,10.18,10.49,10.15,10.48,146100
PNC,20101112,57.33,58.02,56.47,56.64,4113500
PNC.W,20101112,13.21,13.39,12.62,12.77,33300
PNF,20101112,10.78,10.98,10.7,10.72,10300
PNI,20101112,11.34,11.41,11.29,11.41,23200
PNM,20101112,12.81,12.94,12.68,12.69,899400
PNR,20101112,32.8,32.98,32.57,32.82,418100
PNW,20101112,41.17,41.2,40.84,40.91,833700
POL,20101112,12.73,12.79,12.36,12.43,977600
POR,20101112,21.22,21.31,21.11,21.23,828400
POT,20101112,47.0467,47.14,45.9933,46.6367,4807700
PPG,20101112,38.555,38.9,38.2,38.39,1011500
PPL,20101112,26.41,26.42,26.04,26.12,3895200
PPR,20101112,5.61,5.68,5.6,5.61,333000
PPT,20101112,6.66,6.69,6.41,6.51,1661400
PQ,20101112,29.2,29.32,28,28.12,732300
PRA,20101112,29.785,30.055,29.73,29.745,82100
PRI,20101112,21.95,22.4,21.92,22.09,174100
PRO,20101112,10.9,10.98,10.53,10.76,42700
PRU,20101112,54.87,55.5,54.5,54.5,25778400
PSA,20101112,101.8,102.72,101.02,101.16,863600
PSA-A,20101112,24.84,24.85,24.7,24.73,2600
PSA-C,20101112,24.92,25.03,24.92,25.03,2000
PSA-D,20101112,24.6,24.8,24.59,24.78,9900
PSA-E,20101112,25.09,25.15,25.02,25.05,10600
PSA-W,20101112,24.82,24.96,24.82,24.91,5600
PSA-X,20101112,24.73,24.83,24.73,24.83,5300
PSA-Z,20101112,24.75,24.8,24.65,24.75,11100
PSB,20101112,55.81,55.9,54.67,55.06,109500
PSO,20101112,15.29,15.37,15.23,15.31,115600
PTR,20101112,133.4,133.4,130.35,131.3,433700
PTY,20101112,17.85,18.02,17.38,17.55,497100
PUK,20101112,20.17,20.39,19.99,20.06,136700
PUK-A,20101112,24.9,25.1,24.9,25.03,8000
PUK.P,20101112,25.1,25.16,24.87,25.16,5900
PVG,20101112,26,26.34,25.81,26.01,100700
PVH,20101112,61.88,62.23,59.48,59.52,1568000
PWE,20101112,22.42,22.47,21.78,22.18,2255000
PWR,20101112,17.64,17.66,17.11,17.31,2271400
PX,20101112,92.42,92.44,90.9,91.58,950400
PXD,20101112,77.12,77.63,76.01,77,925300
PYN,20101112,9.17,9.41,9.02,9.38,29000
PYS,20101112,24,24.14,23.68,24.11,3800
PYT,20101112,19,19,19,19,1500
PZC,20101112,9.42,9.66,9.3,9.55,114600
PZE,20101112,9.71,9.75,9.295,9.4,89000
PZN,20101112,7.13,7.22,6.99,7.05,41000
Q,20101112,6.81,6.83,6.76,6.79,11702300
QEP,20101112,33.54,33.76,32.55,32.99,530400
QTM,20101112,3.32,3.4,3.24,3.26,2556000
QUAD,20101112,42.85,42.95,42.61,42.66,19800
R,20101112,44.03,44.52,43.28,43.53,416600
RA,20101112,12.04,12.15,11.98,11.98,147300
RAD,20101112,0.95,0.96,0.93,0.93,2054000
RAI,20101112,32.26,32.415,32.125,32.36,1377600
RAS,20101112,5.22,5.37,4.92,4.92,1995600
RAS-A,20101112,17.1,17.1,17,17.1,6800
RAS-B,20101112,18,18,17.9,18,10400
RAS-C,20101112,19.08,19.08,18.91,18.91,2500
RBA,20101112,20.21,20.34,19.99,20.01,182900
RBC,20101112,55.51,55.82,55,55.29,518200
RBS,20101112,13.54,13.72,13.38,13.48,833300
RBS-F,20101112,23.15,23.3,22.65,22.87,12400
RBS-H,20101112,22.63,22.76,22.24,22.37,29500
RBS-L,20101112,18.4,18.46,17.91,18.11,116900
RBS-S,20101112,16,16.1,15.8,15.96,134300
RCI,20101112,36.28,36.83,36.01,36.18,329400
RCL,20101112,41.81,42.37,40.77,41.24,2411200
RCS,20101112,11.3,11.32,11.11,11.15,142000
RDC,20101112,31.7,31.73,30.99,31.06,2637000
RDN,20101112,8.13,8.21,7.65,7.69,9135500
RDS.A,20101112,66,66.38,65.37,65.85,1479100
RDS.B,20101112,65.11,65.57,64.58,65.05,803500
RDY,20101112,39.71,39.78,39.13,39.4,346600
RE,20101112,87.66,88.28,86.53,86.56,305800
REG,20101112,42.81,43.4,42.05,42.07,938200
REN,20101112,63.8,64.25,62.9,63,119900
RES,20101112,11.6,11.8445,11.3778,11.5111,530300
REV,20101112,10.77,10.85,10.42,10.56,101900
REX,20101112,16.37,16.74,16.34,16.38,15700
RF,20101112,6.35,6.38,6.14,6.15,20563500
RFI,20101112,14.25,14.37,14.07,14.15,43500
RGA,20101112,51.41,51.75,50.76,50.92,419800
RGC,20101112,13.49,13.55,13.25,13.4,786900
RGR,20101112,15.83,16.03,15.56,15.6,116200
RGS,20101112,21.09,21.25,20.56,20.75,664200
RHI,20101112,27.61,27.74,27.26,27.62,896900
RHT,20101112,43.27,43.27,41.8,41.96,2041700
RIG,20101112,69.09,69.09,66.85,67.71,5549200
RIO,20101112,70.17,70.95,68.89,69.49,2373300
RJF,20101112,30.44,30.62,29.7,29.76,461800
RL,20101112,104.28,106.26,102.8,103.71,1097600
RLH,20101112,7.35,7.49,7.35,7.42,49000
RLI,20101112,29.45,29.54,29.205,29.225,43600
RMD,20101112,33.45,33.82,33.18,33.33,813300
RMT,20101112,8.99,8.99,8.83,8.88,82000
RNP,20101112,14.35,14.43,14.2,14.2,169300
RNR,20101112,61.77,61.89,60.95,60.97,272400
RNR-C,20101112,23.72,23.96,23.66,23.93,10600
ROG,20101112,31.72,32.15,30.74,30.89,79200
ROK,20101112,65.1,65.78,64.36,64.7,753600
ROL,20101112,11.7378,11.8311,11.6489,11.7555,150600
ROP,20101112,70.85,71.35,70.41,70.87,314500
RPM,20101112,21.53,21.81,21.46,21.49,1044600
RPT,20101112,11.65,11.82,11.5,11.51,57800
RQI,20101112,8.69,8.77,8.64,8.69,292200
RRC,20101112,42.77,42.78,41.56,42.07,3027800
RRTS,20101112,12.82,12.98,12.77,12.94,86100
RS,20101112,46.5,46.6,45.36,45.67,797700
RSG,20101112,28.16,28.56,28.02,28.27,3767700
RSO,20101112,6.61,6.66,6.58,6.62,478300
RST,20101112,20.07,20.35,19.66,20.06,162900
RT,20101112,12.29,12.45,12.24,12.3,349700
RTN,20101112,47.02,47.02,46.12,46.41,2353000
RVT,20101112,13.29,13.38,13.19,13.21,157900
RWT,20101112,14.05,14.16,14.01,14.08,707700
RY,20101112,53.09,53.15,52,52.53,818500
RYN,20101112,35.4733,35.62,34.9867,35.02,670800
S,20101112,4.02,4.04,3.96,4.03,37162100
SAB,20101112,12.8,13,12.75,13,300
SAH,20101112,12.56,12.76,12.27,12.35,612100
SAM,20101112,81.55,82.15,80.84,81.49,52400
SAN,20101112,90.9,94.55,90.9,94.02,106100
SAP,20101112,50.51,50.8,50.05,50.29,1211100
SAR,20101112,21,21.24,20.79,20.86,9800
SB,20101112,8.12,8.17,7.95,8.03,172200
SBH,20101112,12.47,12.7,12.3,12.37,538700
SBR,20101112,58.85,58.85,57.15,58.43,24800
SBS,20101112,7.88,7.9617,7.8617,7.91,228900
SBW,20101112,14.19,14.21,13.98,14.02,125800
SCCO,20101112,45.37,45.55,43.82,44.13,3565500
SCD,20101112,12,12.07,11.85,11.86,74100
SCG,20101112,41.05,41.11,40.75,40.94,435000
SCHW,20101112,15.03,15.26,14.98,15.16,8278600
SCI,20101112,7.98,8.08,7.95,8,1023100
SCL,20101112,37.07,37.235,36.395,36.61,29200
SCS,20101112,9.09,9.29,9.01,9.18,877000
SCX,20101112,12.33,12.48,12.02,12.02,16800
SD,20101112,5.21,5.23,5.11,5.17,7018700
SDRL,20101112,32.47,32.57,31.65,31.99,1207300
SE,20101112,24.27,24.36,23.98,24.11,2076900
SEE,20101112,22.68,22.68,22.35,22.52,1108700
SEM,20101112,6.23,6.32,6.18,6.2,366500
SEMG,20101112,24.45,25.92,24.45,24.93,1622200
SEP,20101112,34.72,35.01,34.43,34.51,75800
SF,20101112,36.0933,36.3933,35.4667,35.7467,322400
SFE,20101112,14.99,15.18,14.84,14.95,50900
SFL,20101112,21.73,21.92,21.29,21.42,234100
SFUN,20101112,4.625,4.678,4.4,4.4465,76900
SGF,20101112,17.58,17.58,17.1,17.19,22700
SGU,20101112,5.27,5.41,5.27,5.4,218300
SGY,20101112,192.6,199.1,188.3,195.1,1481700
SHG,20101112,38.095,38.24,37.55,37.755,43700
SHI,20101112,32.7267,32.9867,32.3733,32.42,17500
SHO,20101112,9.87,9.99,9.76,9.96,3769200
SHW,20101112,73.41,73.86,72.57,73.06,667900
SID,20101112,17.1,17.32,16.9,17.14,4365300
SIG,20101112,36.43,36.72,35.69,35.77,379400
SIX,20101112,13.2325,13.2825,13.0625,13.11,95000
SJI,20101112,25.28,25.52,25.205,25.27,146300
SJM,20101112,62.93,63.38,62.7,62.89,569400
SJR,20101112,20.96,20.96,20.41,20.56,156500
SJT,20101112,26.28,26.28,25,25.04,194500
SJW,20101112,24.47,24.85,24.33,24.5,28400
SKM,20101112,18.74,18.93,18.62,18.74,890500
SKT,20101112,24.295,24.58,24.155,24.165,304600
SKX,20101112,6.9167,6.9833,6.7033,6.7567,1231200
SLB,20101112,73.59,74.9,73.24,74.11,11112400
SLF,20101112,28.62,28.88,27.81,28.46,439800
SLG,20101112,64.17,65.23,63.86,64.25,1002700
SLW,20101112,34.12,34.73,32.89,33.79,16043100
SM,20101112,49.71,49.92,48.53,49.06,941800
SMFG,20101112,6.05,6.17,5.96,5.97,1641600
SMG,20101112,49.56,49.94,49.25,49.52,470600
SMI,20101112,3.8,3.84,3.73,3.73,332200
SMP,20101112,13.33,13.64,13.16,13.25,125800
SNA,20101112,52.05,52.24,51.41,51.86,207500
SNE,20101112,33.04,33.25,32.77,32.95,451700
SNN,20101112,18.94,19.208,18.94,19.028,114500
SNP,20101112,77.1692,77.3692,75.5692,76.0154,418500
SNV,20101112,14.49,14.7,14.14,14.35,19770600
SNX,20101112,29.57,29.73,29,29.1,119600
SNY,20101112,34.03,34.21,33.72,34,2608900
SO,20101112,38.22,38.22,37.81,38.09,3032600
SOL,20101112,11.37,11.86,11.07,11.13,3234600
SON,20101112,32.79,32.88,32.5,32.65,373500
SOR,20101112,50.36,50.4,49.47,49.6,5000
SOV-C,20101112,25.5,25.54,25.5,25.54,300
SPA,20101112,7.86,7.98,7.86,7.93,30000
SPB,20101112,28.66,29.24,28.64,28.71,51200
SPE,20101112,14.38,14.4,14.35,14.38,7700
SPG,20101112,100.09,101.19,99.46,100.4,2041300
SPG-J,20101112,68.2,68.2,68.2,68.2,0
SPH,20101112,56.41,56.42,55.57,55.57,64500
SPN,20101112,29.72,29.76,29.16,29.54,665600
SPR,20101112,18.62,18.62,17.93,18.08,2682600
SQM,20101112,51,51.62,50.36,50.67,372200
SR,20101112,15.65,15.95,15.5,15.5,81300
SRE,20101112,51.11,51.37,50.84,50.97,1701400
SRI,20101112,12.61,12.83,12.25,12.71,170200
SRT,20101112,4.22,4.22,4.09,4.15,18700
SRV,20101112,9.58,9.85,9.56,9.61,175600
SSD,20101112,26.39,26.66,26.22,26.51,238800
SSI,20101112,13.71,13.96,13.54,13.66,174100
SSL,20101112,48.52,48.81,47.72,47.99,217300
SSP,20101112,8.68,8.87,8.65,8.7,210500
SSW,20101112,13.17,13.2,12.9,12.97,281000
ST,20101112,24.89,26.11,24.45,25.9,9967200
STC,20101112,10.97,10.97,10.62,10.62,72800
STE,20101112,34.2,34.71,34.2,34.6,393800
STI,20101112,25.51,25.75,24.83,25.11,4020700
STI-A,20101112,19.97,20.07,19.5,19.99,2100
STJ,20101112,38.95,38.99,38.54,38.66,1910900
STK,20101112,19.26,19.26,18.54,18.78,100000
STL,20101112,9.66,9.73,9.58,9.59,50100
STM,20101112,8.75,8.84,8.7,8.79,1647300
STN,20101112,13.32,13.39,13.12,13.225,14200
STNG,20101112,10.88,10.99,10.85,10.93,33400
STO,20101112,21.45,21.6,21.18,21.31,1527400
STT,20101112,44.58,44.65,43.56,43.89,3485200
STV,20101112,6.5,6.81,6.5,6.54,287400
STWD,20101112,2.9558,3.0498,2.9558,3.0218,670000
STZ,20101112,20,20.01,19.57,19.85,2231200
STZ.B,20101112,19.68,19.68,19.68,19.68,100
SU,20101112,35.29,35.6,34.33,34.57,7355800
SUI,20101112,34,34.28,33.72,33.92,69900
SUN,20101112,38.67,38.9,38.15,38.53,1399800
SUP,20101112,19.09,19.2,18.85,18.99,105400
SVU,20101112,10.28,10.5,10.22,10.33,4087900
SWC,20101112,20.44,20.87,19.7,20.04,2368400
SWK,20101112,61.29,61.95,60.56,60.88,953000
SWM,20101112,32.11,32.49,31.565,32.445,235800
SWN,20101112,38.18,38.42,37.59,37.89,5073900
SWX,20101112,34.7,35.2,34.69,34.86,102500
SWZ,20101112,13.32,13.39,13.24,13.25,36500
SXI,20101112,28.5,28.63,28.01,28.51,50700
SXL,20101112,13.5017,13.5667,13.4234,13.4234,54800
SXT,20101112,33.46,33.83,33.38,33.39,226300
SYK,20101112,51.7,52,51.37,51.59,1777500
SYT,20101112,57.62,57.84,56.68,57.02,294200
SYX,20101112,13.68,13.91,13.54,13.69,66200
SYY,20101112,28.52,28.72,28.5,28.69,3876100
T,20101112,28.73,28.76,28.19,28.46,26413300
TAC,20101112,20.38,20.43,20.14,20.22,33800
TAL,20101112,29.1,29.15,27.82,28.18,270700
TAP,20101112,49.12,49.21,48.5,49.02,882000
TAP.A,20101112,48.5,48.5,48.5,48.5,0
TBI,20101112,17.06,17.25,16.79,16.82,131600
TCAP,20101112,17.32,17.49,16.89,16.89,103900
TCB,20101112,14.18,14.25,13.73,13.74,1122400
TCB.W,20101112,4.8,4.8,4.8,4.8,100
TCI,20101112,9.28,9.45,9.09,9.45,3200
TCO,20101112,47.89,48.86,47.46,47.51,982100
TD,20101112,36.305,36.375,35.615,35.985,809000
TDA,20101112,25.21,25.23,25.18,25.22,21200
TDC,20101112,40.64,40.85,40.07,40.2,898100
TDF,20101112,31.03,31.19,30.5,30.92,97300
TDG,20101112,65.25,65.65,64.96,65.41,366700
TDI,20101112,24.4,24.4,24.29,24.36,2500
TDS,20101112,35.53,35.63,35.03,35.38,226900
TDW,20101112,48.94,49.1,47.62,47.77,443300
TDY,20101112,40.6,40.85,40.38,40.38,79700
TEF,20101112,24.6567,24.81,24.4633,24.6767,663600
TEI,20101112,16.81,16.83,16.5,16.58,214300
TEL,20101112,31.78,32.25,31.38,31.87,2119800
TEN,20101112,35.51,36.67,34.93,34.95,1120700
TEO,20101112,24.95,25.12,24.17,24.28,110500
TER,20101112,11.73,11.86,11.52,11.58,3700400
TEVA,20101112,50.38,50.78,50.29,50.75,5648700
TEX,20101112,24.94,25.15,23.98,24.42,1503900
TFX,20101112,54.12,54.35,53.91,54.07,208900
TG,20101112,18.68,19,18.55,18.83,60900
TGH,20101112,27.84,28.02,27.5,27.51,76100
TGI,20101112,42.325,42.325,40.96,40.97,269600
TGP,20101112,35.11,35.65,35.01,35.4,96000
TGS,20101112,4.6,4.6,4.3,4.3,42300
TGT,20101112,54.09,54.62,53.92,54.19,4188700
THC,20101112,18.6,19,18.48,18.6,10956200
THG,20101112,46.96,47.25,46.6,46.62,298300
THO,20101112,33.62,33.91,32.98,33.19,339700
THS,20101112,49.51,49.74,49.3,49.64,208200
TI,20101112,13.84,13.94,13.67,13.78,397400
TI.A,20101112,11.46,11.5,11.28,11.38,42600
TIF,20101112,57.02,57.73,55.4,55.66,2510900
TJX,20101112,22.74,23.015,22.725,22.895,3685500
TK,20101112,32.11,32.16,31.21,31.62,565900
TKC,20101112,18.84,19.16,18.81,18.9,511500
TKF,20101112,18.72,18.72,18.15,18.35,33800
TKR,20101112,43.29,43.7,42.61,43.12,755900
TLI,20101112,11.41,11.43,11.37,11.37,32400
TLK,20101112,18.675,18.715,18.34,18.58,895100
TLP,20101112,35.1,35.1,34.74,34.88,11900
TM,20101112,75.54,76.4,75.28,75.51,1116400
TMH,20101112,15.69,15.97,14.81,14.97,119400
TMK,20101112,25.7822,25.9689,25.6311,25.7733,547000
TMO,20101112,52.07,52.67,51.69,52.2,2259600
TNC,20101112,34.56,35.45,34.44,34.61,91500
TNH,20101112,112.4,113.8,110,112.2,57500
TNK,20101112,12.23,12.35,12.11,12.2,654000
TNP,20101112,10.24,10.26,9.86,9.87,481100
TOL,20101112,19.31,19.63,19.1,19.2,1966800
TOO,20101112,28.3,28.95,28.3,28.82,197400
TOT,20101112,54.24,54.64,53.38,53.91,4606400
TOWR,20101112,14.09,14.21,13.82,14.19,24000
TPC,20101112,22.38,22.55,22.16,22.19,253000
TPL,20101112,39.48,39.82,39.14,39.23,10900
TPX,20101112,35.74,36.36,34.96,35.12,974500
TPZ,20101112,24.16,24.16,23.62,23.62,45800
TR,20101112,26.63,26.8,26.58,26.58,60900
TRC,20101112,24.78,24.94,24.45,24.45,29100
TREX,20101112,9.055,9.205,8.925,9,103000
TRI,20101112,37.71,37.82,37.1,37.27,559800
TRK,20101112,15.9,15.95,15.7,15.81,45200
TRN,20101112,12.18,12.35,11.89,11.925,638700
TRNO,20101112,18.24,18.44,18.24,18.36,13600
TRP,20101112,36.63,36.74,36.1,36.43,356700
TRR,20101112,2.66,2.76,2.63,2.75,6100
TRU,20101112,3.82,3.94,3.8,3.89,7000
TRV,20101112,56.15,56.81,56.09,56.31,4449500
TS,20101112,45.01,45.26,44.49,44.82,2443400
TSI,20101112,5.27,5.29,5.21,5.23,97300
TSL,20101112,26.96,26.98,23.75,24.51,10856100
TSM,20101112,10.99,11.09,10.94,11.05,8284100
TSN,20101112,14.89,15.14,14.87,14.99,3527700
TSO,20101112,14.65,14.85,14.4,14.59,4721000
TSS,20101112,15.71,15.75,15.51,15.52,756200
TSU,20101112,33.84,33.9,32.97,33.24,334100
TTC,20101112,14.4525,14.565,14.345,14.395,71400
TTF,20101112,13.92,13.92,13.54,13.6,145600
TTI,20101112,10.33,10.47,10.06,10.11,765800
TTM,20101112,31.53,31.79,29.65,30.21,3180500
TU,20101112,21.225,21.25,20.755,21.04,132700
TUP,20101112,47.2,47.8,46.81,46.96,430200
TV,20101112,22.84,23.26,22.63,22.85,1586400
TVC,20101112,26.75,26.8,26.6,26.6,17400
TVE,20101112,25.72,25.89,25.62,25.89,15900
TWI,20101112,16.63,16.78,15.99,16.01,1016100
TWN,20101112,17.39,17.43,17.05,17.2,37100
TWX,20101112,30.97,31.38,30.54,30.74,6795500
TX,20101112,34.5,34.6,33.67,34.34,263700
TXT,20101112,21.72,21.95,21.13,21.36,5075200
TY,20101112,13.25,13.31,13.11,13.12,75200
TY.P,20101112,49.9,49.9,49.9,49.9,0
TYG,20101112,38.8,38.8,37.51,38.08,50700
TYL,20101112,20.2,20.61,20.17,20.25,135800
UA,20101112,6.4375,6.4913,6.2838,6.3188,451900
UAL,20101112,28.08,28.37,27.68,27.87,2713700
UAM,20101112,16.25,16.47,16.09,16.15,82900
UBA,20101112,19.72,20.02,19.6,19.67,60200
UBP,20101112,17.1,17.11,17.08,17.11,700
UBS,20101112,17.44,17.58,17.13,17.22,3052200
UDR,20101112,22.38,22.82,22.2,22.21,3209100
UFI,20101112,14.99,15.13,14.58,14.69,103900
UFS,20101112,40.375,40.715,39.105,39.635,563000
UGI,20101112,19.8667,20.0067,19.5733,19.8467,554900
UGP,20101112,15.3875,15.5025,15.2175,15.3275,57700
UHS,20101112,41.45,41.71,40.48,40.74,906500
UHT,20101112,36.91,37.2,36.5,36.54,33600
UIS,20101112,22.88,23,22.54,22.58,677800
UL,20101112,29.8,30.05,29.74,29.87,1016800
UMC,20101112,3.05,3.08,2.98,3.01,2804900
UN,20101112,30.27,30.5,30.18,30.36,1708600
UNF,20101112,49.36,49.93,49.33,49.38,24700
UNH,20101112,37.21,37.33,36.23,36.67,7373800
UNM,20101112,21.86,22.01,21.74,21.83,2367500
UNP,20101112,45.14,45.67,44.8,45.145,2611300
UNT,20101112,42.06,42.29,40.87,40.94,338600
UPS,20101112,68.09,68.36,67.76,68.12,2802300
URI,20101112,20.03,20.52,19.24,19.64,3095800
USA,20101112,4.66,4.68,4.61,4.63,518800
USB,20101112,25.04,25.13,24.44,24.62,14243100
USB-A,20101112,789.99,789.99,789,789,200
USB-H,20101112,22.36,22.4,22.08,22.28,91500
USG,20101112,14.5,14.6,13.5,13.62,3151300
USM,20101112,46.86,47.03,46.04,46.2,88100
USPH,20101112,18.94,19.14,18.63,19.08,8000
UTF,20101112,17.12,17.12,16.87,16.95,264600
UTI,20101112,19.54,19.69,19.4,19.5,54000
UTL,20101112,22.25,22.5,22.11,22.33,49200
UTX,20101112,74.94,75.22,74.42,74.88,4774300
UVV,20101112,42.11,42.36,41.57,41.8,180800
V,20101112,19.6425,19.7025,19.2275,19.235,3329700
VAL,20101112,31.76,32.13,31.44,31.83,1865800
VAL.P,20101112,29.31,29.58,28.76,28.94,8622500
VALE,20101112,32.83,33.22,32.14,32.37,21750300
VAR,20101112,64.28,64.32,63.76,64.01,382600
VBF,20101112,19.77,19.79,19.48,19.62,18300
VCO,20101112,49.01,49.76,49.01,49.76,1300
VCV,20101112,12.2,12.5,12.13,12.38,98300
VFC,20101112,20.1175,20.25,19.8,19.84,904500
VG,20101112,2.47,2.52,2.43,2.49,1240500
VGM,20101112,14.1,14.36,14.03,14.13,214800
VGR,20101112,18.83,18.87,18.64,18.75,222700
VHI,20101112,7.07,7.3067,6.92,7.3067,12200
VIV,20101112,24.87,24.87,24.34,24.56,94500
VKQ,20101112,13.1,13.43,13.06,13.23,159600
VLO,20101112,19.78,20.2,19.66,19.97,9544700
VLT,20101112,17.25,17.31,17.03,17.06,33300
VLY,20101112,13.24,13.29,13.1,13.13,496300
VLY-A,20101112,25.68,25.68,25.51,25.51,500
VLY.W,20101112,2,2,2,2,0
VMC,20101112,41.2,41.81,40.54,40.66,1271400
VMI,20101112,80.16,80.72,79.11,79.67,114300
VMO,20101112,13.51,13.82,13.5,13.67,88200
VMW,20101112,82.25,84.03,80.5,80.99,2064800
VNO,20101112,82.92,83.95,82.54,83.09,1487100
VNO-G,20101112,24.3,24.3,24,24,11600
VNO-I,20101112,24.34,24.34,24.19,24.21,2300
VPG,20101112,16.04,16.11,15.36,15.92,65600
VPV,20101112,13.18,13.25,13.04,13.25,42400
VR,20101112,29.46,29.69,29.41,29.47,292800
VRS,20101112,3.63,3.76,3.56,3.72,265100
VRX,20101112,24.88,25.38,24.71,25.05,3128100
VSH,20101112,13.53,14.12,13.49,13.71,6434400
VSI,20101112,29.83,30.4,29.83,30.08,59900
VTA,20101112,12.2,12.25,11.98,12.09,206900
VTN,20101112,14.43,14.6,14.17,14.51,42700
VTR,20101112,53.96,54.36,53.13,53.45,1163500
VVC,20101112,26.77,26.84,26.54,26.76,454400
VVI,20101112,22.36,22.75,22.24,22.55,55100
VVR,20101112,4.76,4.76,4.61,4.63,601600
VZ,20101112,32.33,32.63,32.25,32.56,12049700
WAB,20101112,23.75,23.895,23.32,23.475,155200
WAL,20101112,6.1,6.13,6,6.01,297500
WAT,20101112,76.87,77.17,76.07,76.45,463900
WBC,20101112,48.84,48.91,47.39,47.79,369100
WBK,20101112,21.896,21.982,21.54,21.604,18400
WBS,20101112,17.5,17.59,17.22,17.25,380900
WCC,20101112,45.65,45.85,44.36,44.64,440500
WCG,20101112,29.46,29.88,29.17,29.23,403200
WCN,20101112,26.1867,26.3667,26.0667,26.18,407400
WDR,20101112,31.14,31.49,30.7,30.94,680500
WEA,20101112,15.13,15.24,15.04,15.16,92100
WEC,20101112,29.555,29.62,29.385,29.55,511200
WES,20101112,29.7,29.87,29.5,29.64,195700
WF,20101112,37.09,37.37,36.85,36.88,2100
WFC,20101112,28.01,28.04,27.4,27.54,27039900
WFC-J,20101112,26.78,26.93,26.78,26.92,127800
WFC-L,20101112,1005.05,1008,995,1008,14900
WFC.W,20101112,8.95,9.02,8.73,8.73,67600
WFT,20101112,19.42,19.65,19.18,19.5,12191800
WG,20101112,8.74,8.76,8.23,8.26,745100
WGL,20101112,39,39.48,38.97,39.31,204400
WGO,20101112,10.66,10.91,10.4,10.41,195400
WHG,20101112,38.57,38.86,38.17,38.46,5600
WHR,20101112,75.42,76.4,73.44,74.13,3658400
WIA,20101112,13.04,13.08,12.91,13.05,120300
WIT,20101112,14.43,14.6,14.33,14.47,291400
WIW,20101112,12.97,12.97,12.79,12.79,126900
WLK,20101112,18.37,18.51,18.175,18.29,122700
WLL,20101112,53.93,53.93,52.67,53.11,730000
WM,20101112,35.02,35.34,34.84,35.09,3272700
WMB,20101112,23.52,23.96,22.9,23.05,11768400
WMK,20101112,38.59,39.27,38.59,38.99,91000
WMS,20101112,43.11,43.69,42.48,43.1,576400
WMT,20101112,54.1,54.34,53.86,54.13,10680300
WNC,20101112,8.82,8.89,8.45,8.71,1661500
WNR,20101112,8.54,8.75,8.18,8.33,2153600
WNS,20101112,10.7,11.03,10.7,10.7,6100
WOR,20101112,16.23,16.46,16.01,16.07,488700
WPC,20101112,31.01,31.25,30.81,31,50200
WPZ,20101112,45.96,46.22,45.62,45.83,284600
WR,20101112,24.73,24.89,24.64,24.75,1418600
WRB,20101112,27.48,27.57,27.35,27.36,1058500
WRD,20101112,23.58,23.78,23.5,23.51,4500
WRE,20101112,31.26,31.58,31.07,31.4,441700
WRI,20101112,24.63,25.07,24.22,24.24,1440700
WSM,20101112,36.02,36.41,34.94,35.65,1713100
WSO,20101112,58.35,59.26,58.35,58.81,317500
WST,20101112,19.26,19.435,19.105,19.11,71400
WTI,20101112,15.8,15.85,15.43,15.55,787600
WTM,20101112,319.67,320.85,319.11,320.06,15300
WTR,20101112,17.344,17.424,17.008,17.064,932200
WTS,20101112,32.41,33.15,32.41,32.83,249800
WTW,20101112,32.6,33.76,32.6,33.56,562800
WU,20101112,18.53,18.57,18.04,18.11,5747500
WWE,20101112,13.72,13.89,13.6,13.62,298400
WWW,20101112,14.775,14.89,14.6,14.615,250700
WY,20101112,17.6,17.8,17.27,17.45,4161500
WYN,20101112,28.45,28.64,27.81,28.03,2837000
X,20101112,47.05,48.14,46.62,47.16,9844800
XCO,20101112,18.64,18.96,18.64,18.75,3788900
XEC,20101112,81.97,82.49,80.79,81.21,610900
XEL,20101112,23.97,23.99,23.77,23.89,1651700
XIN,20101112,2.76,2.88,2.66,2.71,401100
XKE,20101112,9.52,9.59,9.45,9.45,6300
XL,20101112,20.49,20.65,20.11,20.13,3744800
XOM,20101112,71.38,71.4,70.43,70.99,24598000
XRM,20101112,13.33,13.6,13.33,13.44,54600
XRX,20101112,11.34,11.44,11.13,11.29,16438100
Y,20101112,298.25,303.17,295.76,298.61,10400
YGE,20101112,114.6,115.2,109.8,110.4,4968500
YPF,20101112,41.3,42.19,41.27,41.62,6100
YUM,20101112,51.67,51.93,50.59,50.79,2889000
YZC,20101112,30.99,31.3,30.53,30.56,325200
ZB-A,20101112,18.88,18.9,18.87,18.9,2000
ZF,20101112,13.16,13.16,12.96,13,308700
ZNH,20101112,35.1,35.1,34.43,34.51,76500
ZTR,20101112,14.96,15.12,14.8,14.92,622600
