<ticker>,<date>,<open>,<high>,<low>,<close>,<vol>
A,20091008,27.5,27.75,27.31,27.4,3365400
AA,20091008,45.03,45.33,42.87,43.05,120802500
AAN,20091008,17.6933,18.2467,17.6933,18.12,662200
AAP,20091008,38.78,39.21,38.26,38.38,2231900
AAV,20091008,6.59,7.08,6.55,7.03,1385700
AB,20091008,26.83,27.36,26.56,27.24,329700
ABB,20091008,20.53,20.87,20.36,20.62,3212200
ABC,20091008,22.55,22.64,22.38,22.4,2391400
ABG,20091008,12.77,13.4,12.37,12.89,430200
ABM,20091008,20.08,20.55,20.05,20.28,165300
ABR,20091008,2.61,2.76,2.61,2.71,162500
ABT,20091008,50.33,50.75,49.86,50.11,5907900
ABX,20091008,39.66,40.21,39,39.51,18617300
ACC,20091008,26.56,26.77,26.31,26.46,944400
ACH,20091008,29.62,30,29.32,29.41,1198000
ACM,20091008,26.14,26.67,26.09,26.38,1282100
ACN,20091008,38.49,39.31,38.4,39.14,4345800
ACV,20091008,26.87,27.06,26.72,26.82,601100
ADC,20091008,23,23.78,22.7,23.33,31500
ADM,20091008,29.63,29.82,29.31,29.72,4155400
ADS,20091008,61.12,61.69,59.87,61.13,1122900
ADX,20091008,9.89,9.95,9.84,9.86,132100
AEB,20091008,14.33,14.45,14.18,14.38,97400
AED,20091008,16.97,17.05,16.82,16.88,69200
AEE,20091008,25.26,25.35,25.16,25.25,1155500
AEG,20091008,8.58,8.64,8.48,8.56,792000
AEH,20091008,16.88,16.97,16.74,16.8,76400
AEL,20091008,6.88,7.04,6.69,6.74,636500
AEM,20091008,72.33,72.77,70.55,71.77,4387400
AEO,20091008,17.5,18.38,17.26,18.14,14781000
AEP,20091008,30.85,31.07,30.49,30.55,3774300
AER,20091008,8.64,8.93,8.55,8.88,567300
AES,20091008,14.89,15,14.73,14.83,6799500
AES-C,20091008,44.01,44.93,44,44.93,17800
AET,20091008,26.1,26.38,25.53,25.86,12472700
AF,20091008,11.24,11.43,11,11.06,995500
AFB,20091008,14.1,14.1,14.04,14.06,44000
AFC,20091008,13.18,13.18,12.81,13.13,28600
AFG,20091008,25.94,26.43,25.79,26.42,672100
AFL,20091008,43.48,44.49,43.45,43.7,3732000
AGC,20091008,7.82,8,7.82,7.96,77300
AGCO,20091008,26.95,27.37,26.65,27.05,2033400
AGD,20091008,18.9,19.22,18.7,19.04,126100
AGM,20091008,7.8,8.18,7.71,7.95,173500
AGM.A,20091008,5.9,5.9,5.9,5.9,300
AGN,20091008,56.45,56.98,56.07,56.31,999900
AGO,20091008,20,20,19.62,19.84,1252100
AGU,20091008,50.82,52.9,50.82,52.77,2091700
AHC,20091008,3.28,3.44,3.14,3.3,115500
AHL,20091008,27.83,27.98,27.48,27.65,560600
AHL-A,20091008,19.8,20.4,19.8,20.35,8500
AHT,20091008,3.46,3.7,3.46,3.58,705500
AHT-A,20091008,14.4,14.4,14.25,14.4,2500
AHT-D,20091008,14.14,14.15,14,14.15,6000
AI,20091008,11.49,11.64,10.55,11.35,173600
AIB,20091008,43.7,44.9,43.4,44.1,1563900
AIG,20091008,46.56,47.42,43.4,43.75,37393300
AIN,20091008,20.11,20.25,19.76,19.84,175100
AIR,20091008,22.21,22.5,22.17,22.45,308000
AIT,20091008,19.18,19.9,19.1,19.64,307800
AIV,20091008,14.72,15.32,14.71,15.15,2902700
AIZ,20091008,33.35,33.37,32.67,32.77,1351400
AJG,20091008,24.31,24.57,24.21,24.39,413800
AKO.A,20091008,15.02,15.39,15.02,15.13,16400
AKO.B,20091008,18.25,18.5,18.2,18.4,15600
AKP,20091008,13.44,13.49,13.44,13.45,8900
AKR,20091008,14.5,14.88,14.5,14.67,224200
AKS,20091008,19.64,19.75,19.18,19.44,6594300
ALB,20091008,33.75,33.88,33.29,33.5,569700
ALE,20091008,32.85,32.99,32.67,32.72,158200
ALEX,20091008,31.35,32.56,31.25,31.85,216600
ALG,20091008,16.03,16.03,15.51,15.51,9300
ALJ,20091008,10,10.02,9.73,9.82,154000
ALK,20091008,6.67,6.92,6.575,6.8325,507300
ALL,20091008,31.59,31.83,31.34,31.48,3658600
ALP-O,20091008,24.76,24.76,24.36,24.4,14500
ALV,20091008,34.11,35.08,34.11,34.71,876800
ALX,20091008,297,302.89,293.07,296.82,9700
AM,20091008,22.77,23.2,22.63,22.87,888300
AME,20091008,15.3245,15.56,15.2578,15.4445,828400
AMG,20091008,66.33,68.15,66.05,66.99,397400
AMN,20091008,73.3,75.3,71.94,72.69,108500
AMP,20091008,37,37.15,36.61,36.92,3077200
AMT,20091008,37.05,37.27,36.4,36.61,3628400
AMX,20091008,23.155,23.675,23.125,23.42,2834500
AN,20091008,18.14,18.59,18,18.09,3110900
ANF,20091008,33.64,35.2,33.64,34.46,10544400
ANH,20091008,7.97,8.11,7.97,8.07,2526500
ANH-A,20091008,24.2,24.2,24.2,24.2,0
ANH-B,20091008,24.17,24.32,24.17,24.23,900
ANW,20091008,21.16,21.59,20.7,21.13,579200
AOD,20091008,17.6,17.88,17.6,17.76,829500
AOI,20091008,47.5,48.3,47,48.1,695000
AON,20091008,40.95,41.27,40.88,41.05,1434900
AOS,20091008,6.7267,6.9417,6.71,6.9184,460700
AP,20091008,27.1,29.15,26.7,28.15,46600
APA,20091008,97.53,100.84,97.03,100.52,5155000
APB,20091008,9.7,9.99,9.7,9.93,84500
APC,20091008,65.85,68.13,65.47,67.87,6951600
APD,20091008,79.26,79.86,78.83,79.2,1765300
APF,20091008,14.61,14.83,14.61,14.74,29000
APH,20091008,18.935,19.035,18.805,18.94,1395200
APU,20091008,36,36.24,35.5,36.24,64300
ARA,20091008,22.83,23.42,22.66,23.23,523800
ARE,20091008,53.92,54.79,53.46,53.9,775500
ARI,20091008,18.25,18.4,18.11,18.38,215400
ARL,20091008,11.18,12.56,11.18,12.13,5800
ARW,20091008,27.51,27.63,26.81,27.18,1525500
ASA,20091008,26.0167,27,26.0167,26.64,66300
ASG,20091008,3.18,3.21,3.17,3.18,42000
ASH,20091008,40.97,42,40.57,41.34,1159300
ASR,20091008,44.72,44.95,44.13,44.75,72900
ASX,20091008,4.13,4.17,3.91,4,536200
ATI,20091008,35.99,36.62,35.3,36.05,1729800
ATO,20091008,28.82,28.93,28.7,28.91,538800
ATR,20091008,37.22,37.72,37.01,37.34,225300
ATU,20091008,16.11,16.74,16.01,16.2,774400
ATV,20091008,6.37,6.76,6.23,6.63,109700
ATW,20091008,36.27,37.83,36.07,37.77,1444400
AU,20091008,45.22,45.68,44.46,45.01,3175900
AUO,20091008,9.87,10.05,9.71,9.92,5234700
AUY,20091008,11.78,12.42,11.59,12.24,34906500
AVA,20091008,20.34,20.74,20.28,20.57,463400
AVB,20091008,71.68,73.84,71.68,73.27,1421200
AVD,20091008,8.44,8.65,8.28,8.28,140200
AVK,20091008,14.75,14.9,14.72,14.76,106600
AVP,20091008,33.98,34.48,33.69,34.05,4622300
AVT,20091008,25.36,25.71,24.9,25.42,1772600
AVX,20091008,11.44,11.49,11.28,11.34,208300
AVY,20091008,35.27,35.85,35.25,35.75,1311000
AWF,20091008,12.83,12.98,12.83,12.94,190000
AWH,20091008,15.7933,15.9267,15.7233,15.74,279900
AWI,20091008,35.41,36.36,35.34,36.13,172300
AWK,20091008,19.69,19.72,19.54,19.68,645100
AWP,20091008,6.24,6.33,6.18,6.31,368300
AWR,20091008,18.4,18.405,18.19,18.325,75000
AXE,20091008,41.38,41.9,41.05,41.25,456400
AXL,20091008,6.99,7.13,6.72,6.97,2657900
AXP,20091008,34.21,35.07,34.06,34.98,11992000
AXR,20091008,13.4,14.14,13.4,14.01,5800
AXS,20091008,31.52,31.73,31.09,31.25,1079100
AYI,20091008,36.09,36.26,35.04,35.22,1012400
AYR,20091008,9.51,9.67,9.24,9.3,440500
AZN,20091008,44.35,44.55,44.16,44.29,993300
AZO,20091008,147.5,148.78,146.86,147.12,606100
AZZ,20091008,20.04,20.25,19.505,19.585,99000
B,20091008,17.93,18.46,17.81,18.3,530900
BA,20091008,52.3,52.6,51.86,52.3,3190500
BAC,20091008,17.57,17.6,17.23,17.33,137567300
BAC-C,20091008,21.05,21.27,21.02,21.13,49000
BAC-D,20091008,19.19,19.21,18.9,18.96,26800
BAC-E,20091008,15.75,15.78,15.5,15.5,21700
BAC-I,20091008,19.06,19.11,19.05,19.05,40700
BAC-L,20091008,869,873.99,857,866,5500
BAC-W,20091008,21.2,21.47,21.2,21.47,43500
BAC-Y,20091008,18.69,18.95,18.68,18.75,116000
BAF,20091008,14.02,14.13,14.02,14.05,25400
BAK,20091008,13.63,14.05,13.44,14,382800
BAM,20091008,15.2333,16.0333,15.2,15.6867,3284600
BAP,20091008,79,79.2,78.34,78.58,85800
BAS,20091008,8.64,9.02,8.47,8.87,162300
BAX,20091008,57.84,57.96,57.4,57.55,3311000
BBD,20091008,15.1894,15.6213,15.1213,15.5303,10177500
BBF,20091008,14.18,14.27,14.08,14.08,15300
BBG,20091008,34.06,35.08,33.85,35.03,493900
BBK,20091008,14.86,14.98,14.78,14.89,28500
BBL,20091008,57.2,57.91,56.6,57.58,1380100
BBT,20091008,26.7,26.95,26.49,26.71,7094600
BBVA,20091008,18.1,18.13,17.93,17.95,1888900
BBW,20091008,4.84,4.92,4.79,4.84,72400
BBX,20091008,13.25,13.45,12.05,12.1,853500
BBY,20091008,38.26,38.88,38.25,38.59,4335600
BC,20091008,11.45,11.95,11.32,11.66,1518700
BCE,20091008,25,25.19,24.83,25.01,428900
BCH,20091008,46.47,47.5,46.43,46.9,13800
BCO,20091008,25.23,25.51,25.17,25.44,472600
BCR,20091008,77.17,78.47,77.17,78.08,646500
BCS,20091008,23.87,24.3,23.63,24,1044300
BCS-A,20091008,22.49,22.5,22.35,22.45,83600
BCS-D,20091008,24.62,24.72,24.45,24.53,284900
BDC,20091008,24.92,25.82,24.78,25.66,840500
BDJ,20091008,8.35,8.38,8.29,8.33,205800
BDN,20091008,10.99,11.07,10.53,10.69,6012300
BDX,20091008,67.91,69.41,67.82,68.46,1385700
BEN,20091008,34.61,34.91,34.48,34.5233,1274400
BEP,20091008,11.42,11.46,11.21,11.37,76200
BF.A,20091008,17.1367,17.35,16.9234,17.35,13600
BF.B,20091008,16.2767,16.31,16.0767,16.25,347200
BFK,20091008,13.99,14.25,13.94,13.98,83800
BFO,20091008,13.51,13.55,13.5,13.5,3300
BFR,20091008,6.11,6.4,6,6.36,240100
BFS,20091008,32.48,33,32.4,32.54,18400
BFZ,20091008,14.39,14.43,14.31,14.32,21900
BG,20091008,62.08,64.17,62.06,64.11,1589100
BGC,20091008,38.45,38.45,37.57,37.72,1196600
BGE-B,20091008,22.37,22.44,22.2,22.21,16500
BGG,20091008,20,20.69,19.87,20.61,483200
BGH,20091008,24.2,24.4,23.99,24.26,40200
BGR,20091008,23.62,23.91,23.4,23.84,168300
BGS,20091008,8.11,8.12,7.89,8.03,229500
BGT,20091008,12.67,12.7,12.58,12.65,80000
BGY,20091008,11.9,12.08,11.88,11.98,341600
BHE,20091008,17.8,18,17.67,17.73,304300
BHI,20091008,43.94,45.23,43.14,44.98,6838400
BHK,20091008,12.53,12.53,12.43,12.53,83300
BHL,20091008,11.59,11.69,11.52,11.57,62300
BHP,20091008,68.32,69.63,67.85,69.39,4223000
BID,20091008,17.18,18.04,17.17,17.95,1043300
BIF,20091008,5.5,5.56,5.45,5.45,77100
BIG,20091008,26.63,26.72,26.3,26.63,1957200
BIO,20091008,92.78,93.67,92.06,92.81,84600
BIO.B,20091008,92.65,92.65,92.65,92.65,100
BIP,20091008,11.26,11.46,11.1333,11.34,49000
BJZ,20091008,15.55,15.56,15.44,15.51,10500
BK,20091008,28.64,28.9,28.15,28.47,12895400
BKD,20091008,18.89,19.22,18.81,19.06,372400
BKE,20091008,35.88,36.9,35.52,36,1312700
BKH,20091008,25.09,25.13,24.83,24.92,353600
BKK,20091008,14.5,14.53,14.37,14.37,38900
BKN,20091008,14.1,14.11,14.03,14.04,30500
BKS,20091008,23.63,23.69,20.83,21.13,4392500
BKT,20091008,6.55,6.58,6.54,6.56,141600
BLH,20091008,16.31,16.5,16.2,16.33,17000
BLK,20091008,214.9,217.25,213.21,213.86,318300
BLL,20091008,25.495,25.67,25.365,25.575,695600
BLW,20091008,14.28,14.3,14.22,14.26,105700
BLX,20091008,14.08,14.21,13.67,13.73,200500
BMA,20091008,25.52,25.73,24.8,25.59,181300
BME,20091008,23.11,23.7,23.11,23.61,16000
BMI,20091008,39.13,39.75,38.8,39.45,166700
BML-G,20091008,15.52,15.52,15.24,15.48,8100
BML-H,20091008,13.55,14.14,13.55,13.68,196200
BML-I,20091008,18.59,18.63,18.34,18.54,51000
BML-J,20091008,16.4,16.66,16.4,16.66,1700
BML-L,20091008,15.63,15.63,15.3,15.33,96800
BMO,20091008,50.49,50.7,49.96,50.58,741300
BMS,20091008,25.98,26.11,25.73,25.93,664000
BMY,20091008,22.48,22.58,22.3,22.34,6875900
BNJ,20091008,14.54,14.67,14.53,14.67,14500
BNS,20091008,45.34,45.45,44.79,44.86,459400
BNY,20091008,15.45,15.62,15.45,15.59,15200
BOE,20091008,19.12,19.14,18.83,19.05,187500
BOH,20091008,41.03,41.27,40.86,41.1,272800
BP,20091008,52.25,53.11,52.17,52.76,4698500
BPI,20091008,16,16.75,15.99,16.54,272100
BPK,20091008,15.73,15.73,15.47,15.58,27000
BPL,20091008,49.11,49.43,49,49.4,75400
BPT,20091008,77,78.49,77,78.08,141700
BQH,20091008,16.05,16.05,15.36,15.47,14800
BR,20091008,20.28,20.46,20.14,20.43,1150000
BRC,20091008,28.09,28.14,27.51,27.52,400700
BRK.A,20091008,100900,101140,100322,100401.5,400
BRK.B,20091008,65.5094,66.3,65.5094,65.705,25700
BRO,20091008,19.3,19.59,19.28,19.5,780800
BRS,20091008,30.98,31.32,30.59,30.75,238800
BRT,20091008,5.58,5.85,5.5,5.6,39800
BSBR,20091008,12.74,13.31,12.65,13,42838700
BSD,20091008,12.63,12.79,12.61,12.64,7900
BSE,20091008,14.67,14.67,14.4,14.52,30000
BSX,20091008,10.18,10.36,10.14,10.25,15711400
BT,20091008,10.815,10.875,10.76,10.785,172300
BTA,20091008,10.65,10.7,10.65,10.69,10400
BTE,20091008,23.48,24.1,23.42,23.99,298000
BTO,20091008,14.04,14.16,14.02,14.07,78500
BTZ,20091008,11.39,11.47,11.39,11.44,152000
BUD,20091008,47.77,48.26,47.76,48.19,364000
BVN,20091008,39.44,39.44,37.24,38.5,1820700
BW,20091008,25.12,25.63,24.76,25.31,164900
BWA,20091008,14.73,15.42,14.625,15.2,2289700
BWP,20091008,24.75,24.93,24.4,24.82,398000
BX,20091008,14.85,14.91,14.66,14.89,2685700
BXC,20091008,37.2,37.6,34.8,34.8,38800
BXP,20091008,63.4,65.19,63.4,64.58,1582100
BXS,20091008,24.69,24.79,24.42,24.67,381000
BYD,20091008,10.66,11,10.62,10.64,1085100
BYM,20091008,14.38,14.49,14.37,14.46,32600
BZH,20091008,26.75,28.75,26,28.25,3158800
C,20091008,47.1,47.2,46.3,46.5,34461740
C-P,20091008,15.6,15.75,15.6,15.7,11800
C-S,20091008,17.5,17.54,17.25,17.36,669600
CAB,20091008,14.03,14.28,13.9,13.95,958500
CACI,20091008,47.33,47.41,46.86,47.01,331700
CAE,20091008,8.4,8.55,8.35,8.55,23100
CAF,20091008,32.68,33.11,32.48,32.96,241100
CAG,20091008,21.32,21.32,21.16,21.22,3506900
CAH,20091008,26.95,27.23,26.77,27.23,4356000
CAJ,20091008,38.54,38.55,38.21,38.37,779500
CAL,20091008,16.1,16.78,15.82,16.36,7766800
CAS,20091008,10.18,10.43,10.01,10.06,188400
CAT,20091008,52.53,53.26,51.76,53.09,11199400
CB,20091008,51.04,51.27,50.69,50.76,1884800
CBB,20091008,17.6,17.85,17.35,17.85,1537400
CBB-B,20091008,33.65,34,33.65,33.9,2700
CBD,20091008,30.115,30.445,30.025,30.335,505200
CBG,20091008,11.17,11.98,11.14,11.93,3365600
CBI,20091008,18.91,19.49,18.84,19.3,1364400
CBK,20091008,6.64,6.8,6.53,6.6,221900
CBL,20091008,9.39,9.67,9.31,9.54,1932200
CBL-D,20091008,18.88,19.29,18.8,19.29,3900
CBM,20091008,6.36,6.8,6.36,6.64,187700
CBR,20091008,4.06,4.08,3.93,3.95,584100
CBS,20091008,12.37,12.7,12.18,12.57,9887300
CBS.A,20091008,12.28,12.71,12.2,12.59,31400
CBT,20091008,22.02,22.63,22.02,22.35,516100
CBU,20091008,17.89,18,17.58,17.78,119800
CBZ,20091008,7.66,7.76,7.53,7.63,196600
CCC,20091008,15.24,15.5,15.01,15.3,350800
CCE,20091008,20.98,21.06,20.72,20.85,2825000
CCI,20091008,31.64,31.71,31.06,31.06,900900
CCJ,20091008,28.75,29.65,28.74,29.44,2830700
CCK,20091008,28.62,28.93,28.04,28.34,1984800
CCL,20091008,33.17,33.76,32.92,33.26,5534400
CCO,20091008,7.55,8.17,7.5,8.06,386600
CCS,20091008,23.99,23.99,23.82,23.97,21600
CCU,20091008,14.36,14.548,14.316,14.5,43800
CCZ,20091008,32.5,32.5,32.5,32.5,0
CDE,20091008,22.99,23.5,22.31,23.04,4644100
CDI,20091008,13.98,14.61,13.98,14,61700
CDR,20091008,6.82,7.15,6.75,6.85,367600
CE,20091008,25.63,25.96,25.24,25.91,1768200
CEA,20091008,16.225,16.28,16.105,16.15,2300
CEE,20091008,33.56,34.71,33.56,34.69,65200
CEL,20091008,31.48,31.5,31.39,31.5,74800
CEO,20091008,142,145.03,141.86,144.54,452900
CF,20091008,17.58,17.912,17.524,17.912,578800
CFC-B,20091008,21.17,21.17,20.42,20.78,114900
CFI,20091008,5.96,5.96,5.83,5.86,4400
CFR,20091008,50.7,50.7,49.8,50.07,669900
CFX,20091008,11.18,11.64,11.02,11.44,93500
CHA,20091008,48.99,49.13,48.54,48.76,201700
CHD,20091008,14.19,14.395,14.13,14.3125,454800
CHE,20091008,45.79,46.23,45.49,45.57,99400
CHH,20091008,30.88,31.57,30.8,31.06,140600
CHK,20091008,27.97,28.36,27.48,28.28,24538200
CHK-D,20091008,83.26,84.49,82.48,83.5,17400
CHL,20091008,50.43,50.45,50.01,50.14,1815400
CHN,20091008,25,25.51,25,25.43,117100
CHS,20091008,12.73,12.91,12.5,12.71,3163000
CHT,20091008,17.98,18,17.78,17.86,464800
CHU,20091008,14.44,14.53,14.35,14.46,1825500
CI,20091008,28.76,29,28.1,28.33,6823200
CIA,20091008,6.48,6.48,6.25,6.33,69500
CIB,20091008,43.62,44,43.31,43.86,822600
CIF,20091008,2.49,2.49,2.43,2.43,51700
CIG,20091008,9.8752,9.9776,9.8112,9.9456,1509000
CIG.C,20091008,12.85,12.85,12.85,12.85,100
CII,20091008,14.4,14.6,14.39,14.59,151200
CIM,20091008,4.04,4.05,3.95,4.01,11391000
CIR,20091008,27.82,28.54,27.6,28.15,79100
CIT,20091008,1.15,1.17,1.11,1.13,37079400
CKH,20091008,84,84.59,83.25,84.49,184700
CL,20091008,39.065,39.515,38.91,39.355,2479900
CLB,20091008,51.93,53.155,51.65,53,272200
CLC,20091008,30.96,31.54,30.78,31.25,214600
CLF,20091008,34.26,35.92,33.95,35.68,9059300
CLH,20091008,29.135,29.335,28.925,29.22,156400
CLI,20091008,31.51,32.21,31.39,32.12,1233100
CLNY,20091008,19.45,19.49,19.3,19.38,414700
CLR,20091008,20.6,21.5,20.6,21.02,773600
CLS,20091008,9.35,9.49,9.26,9.45,893000
CLW,20091008,23,23.25,22.725,22.855,150700
CLX,20091008,58.55,59.12,58.54,58.87,3022300
CM,20091008,62.67,63.24,61.98,62.34,455600
CMA,20091008,29.87,30,29.4,29.86,2226000
CMC,20091008,17.93,18.33,17.67,18.17,1491500
CMG,20091008,92.1,92.79,91.18,91.71,307000
CMI,20091008,45.87,47.6,45.73,47.14,3420300
CMO,20091008,13.83,14.06,13.83,14.02,694100
CMP,20091008,62.3,64,61.89,63.47,547200
CMS,20091008,13.36,13.38,13.24,13.25,5165800
CMS-B,20091008,77.8,79.9,76.5,78.25,500
CMU,20091008,4.64,4.64,4.57,4.58,29100
CNA,20091008,24.55,24.55,23.95,24.11,459400
CNC,20091008,9.05,9.08,8.85,8.85,464000
CNI,20091008,25.395,25.665,25.08,25.59,1429800
CNK,20091008,11.09,11.2,10.91,11.07,274200
CNO,20091008,5.27,5.3,5.09,5.1,3958400
CNP,20091008,12.36,12.59,12.35,12.53,3700900
CNQ,20091008,33.66,34.815,33.38,34.735,1993500
CNS,20091008,25.35,25.86,25.24,25.46,248500
CNX,20091008,48,49.96,48,49.51,3413900
COF,20091008,37.34,37.78,36.96,37.47,6971900
COG,20091008,9.0125,9.3225,9.005,9.2925,1209800
COH,20091008,33.6,34.12,33.23,34.05,4673900
COL,20091008,50.3,50.68,49.78,50.5,1176200
COO,20091008,29.56,29.98,29.48,29.75,232100
COP,20091008,49.95,51.99,49.7,51.41,28793800
COT,20091008,8,8.05,7.74,7.78,605200
CP,20091008,47.17,47.84,46.59,47.82,1033100
CPA,20091008,44.5,44.9,43.09,43.91,459800
CPB,20091008,32.34,32.48,32.21,32.39,2173400
CPE,20091008,1.9,1.94,1.88,1.88,221900
CPF,20091008,52.2,54,50.2,50.2,549200
CPK,20091008,20.54,20.54,20.2133,20.2133,12600
CPL,20091008,18.8467,18.89,18.6467,18.89,57100
CPN,20091008,11.54,11.82,11.46,11.6,2320000
CPT,20091008,39.57,39.92,39.12,39.72,751900
CR,20091008,26.26,27,26.26,26.88,321400
CRD.A,20091008,3.8,4.58,3.79,4.4,39900
CRD.B,20091008,4.83,5.79,4.83,5.66,139900
CRH,20091008,29.19,29.59,28.96,29.38,138000
CRI,20091008,27.47,27.95,27.23,27.85,1251600
CRK,20091008,225.45,230.65,222.55,229.5,547000
CRL,20091008,38.5,39.62,38.35,39.23,840200
CRM,20091008,14.7325,15.27,14.7325,15.09,2360800
CRR,20091008,51.41,54.08,51.22,53.72,255500
CRS,20091008,24.1,24.96,23.87,24.5,594800
CRT,20091008,30.32,30.75,29.55,30.51,17200
CRY,20091008,8.12,8.24,8,8,164700
CS,20091008,57.32,57.67,56.5,57.26,1277000
CSC,20091008,51.82,52.89,51.08,52.46,764100
CSL,20091008,34.65,34.96,34.42,34.78,263000
CSS,20091008,21.8,21.8,21.41,21.47,16400
CSU,20091008,5.94,5.95,5.83,5.88,108000
CSV,20091008,4.03,4.14,3.97,3.99,34800
CTB,20091008,17.44,18.13,17.37,17.45,1227400
CTL,20091008,33.15,33.26,32.71,32.86,2221400
CTR,20091008,21.65,22.03,21.27,21.49,325500
CTS,20091008,9.14,9.44,8.97,8.98,102400
CTV,20091008,27.68,27.84,27.13,27.22,2598800
CUB,20091008,38.99,39.36,38.41,38.42,111600
CUK,20091008,34.83,35.19,34.41,34.79,84100
CUZ,20091008,8.06,8.2,8,8.14,1018300
CVA,20091008,17.42,17.67,17.35,17.53,560800
CVB,20091008,9.97,10.23,9.9,10.22,2100
CVG,20091008,10.01,10.68,10.01,10.53,1272600
CVI,20091008,13.23,13.33,12.96,13.13,127700
CVO,20091008,62.32,64.8,60.88,62.8,624600
CVS,20091008,35.85,36.59,35.78,36.19,11427600
CVX,20091008,70.89,71.82,70.7,71.45,10122100
CW,20091008,33.36,33.65,33.15,33.38,183700
CWT,20091008,19.515,19.625,19.385,19.565,159800
CX,20091008,12.9,13.19,12.76,13.04,12665100
CXE,20091008,5.14,5.15,5.09,5.12,37200
CXH,20091008,9.43,9.61,9.35,9.47,23600
CXO,20091008,38.07,39.6,38.07,38.57,676800
CXW,20091008,23.49,23.86,23.41,23.81,710800
CYD,20091008,9.31,9.58,9.26,9.48,72300
CYH,20091008,33.73,35.19,33.51,34.28,1740000
CYS,20091008,13.96,13.97,13.85,13.93,62900
CZZ,20091008,8.05,8.08,7.81,7.91,1567500
D,20091008,34.22,34.39,34.05,34.23,1888300
DAC,20091008,5.1,5.25,5.05,5.12,196800
DAL,20091008,8.35,8.83,8.35,8.62,10533500
DAN,20091008,6.85,7.07,6.66,6.88,2865400
DAR,20091008,7.1,7.2,7.02,7.06,559100
DB,20091008,78.14,79.31,77.88,78.68,490300
DBD,20091008,32.18,32.33,31.75,32.08,434900
DCA,20091008,2.03,2.04,2,2.02,23200
DCI,20091008,16.89,17.065,16.68,16.93,712100
DCM,20091008,15.35,15.43,15.28,15.38,152700
DCO,20091008,19.23,19.38,19.1,19.14,35000
DCT,20091008,19.92,20.12,19.6,19.96,1897300
DD,20091008,32.22,32.81,32.02,32.6,5865500
DD-A,20091008,62.01,63,62.01,63,300
DD-B,20091008,80.89,80.89,80.02,80.89,1100
DDD,20091008,3.1167,3.1967,3.05,3.14,65200
DDE,20091008,5.94,6.12,5.68,5.68,98400
DDF,20091008,6.73,6.81,6.73,6.75,7000
DDR,20091008,9.17,9.58,9.17,9.44,3353700
DDS,20091008,14.77,15,14.67,14.78,1047500
DDT,20091008,16.8,17.67,16.8,16.96,21900
DE,20091008,43.2,43.88,42.74,43.12,4766100
DECK,20091008,27.83,28.6067,27.5533,27.7733,1393200
DEI,20091008,12.48,12.96,12.47,12.79,1241800
DEL,20091008,46.7,47.11,46.05,46.15,33200
DEO,20091008,61.66,61.94,61.49,61.75,699600
DEX,20091008,11.33,11.47,11.28,11.43,34800
DF,20091008,37.44,38.36,37.42,38.32,2301700
DFP,20091008,17.37,17.48,17.12,17.2,14400
DFS,20091008,16.87,17.36,16.71,17.08,10265000
DFT,20091008,15.42,16.26,15.26,16.2,658400
DGI,20091008,24.11,24.43,21.66,22.22,753400
DGX,20091008,53.47,54.2,53.21,53.93,1190200
DHF,20091008,3.56,3.57,3.53,3.54,386100
DHG,20091008,11.21,11.27,11.13,11.24,151400
DHI,20091008,10.86,11.7,10.86,11.54,12193000
DHR,20091008,32.995,33.415,32.985,33.28,1875500
DHT,20091008,45.36,47.04,45.36,46.08,642300
DHX,20091008,6.41,6.41,6.2,6.34,68600
DIN,20091008,25.06,25.92,25.02,25.3,201600
DIS,20091008,28.27,28.99,28.25,28.67,10366700
DK,20091008,8.51,8.61,8.45,8.45,56000
DKL,20091008,16.82,17.09,16.82,17.05,4800
DKS,20091008,23.6,23.8,23.35,23.54,2465600
DKT,20091008,24.88,24.88,24.66,24.69,165100
DL,20091008,6.8,6.83,6.54,6.59,17400
DLB,20091008,37.73,38.04,37.6,37.6,364100
DLR,20091008,45.74,46.2,45.36,45.81,974700
DLX,20091008,17.18,17.31,16.9,16.93,300900
DM,20091008,12.69,12.69,12.3,12.56,217000
DNB,20091008,74.87,75.76,74.64,75.3,245200
DNP,20091008,8.9,8.95,8.84,8.9,286600
DNR,20091008,14.42,15.22,14.4,15.17,5030100
DO,20091008,98.85,101.4,98,100.72,1986900
DOV,20091008,38.27,38.92,38.1,38.65,2003600
DOW,20091008,25.38,26,25.15,25.9,15637800
DPM,20091008,25.6,25.93,25.27,25.63,82400
DPS,20091008,29.4,29.78,28.5,29.64,2112700
DPZ,20091008,8.33,8.65,8.33,8.6,607100
DRE,20091008,11.88,12.3,11.84,12.06,3223500
DRH,20091008,8.49,8.69,8.36,8.64,3685300
DRI,20091008,33.15,33.67,32.89,32.93,3901600
DRQ,20091008,52.04,53.54,51.47,53.21,345900
DSM,20091008,7.92,7.95,7.89,7.93,47100
DST,20091008,43.92,44.19,43.59,44.08,717700
DSU,20091008,10.62,10.74,10.62,10.68,199500
DSW,20091008,8.97,9.18,8.925,8.97,444200
DSX,20091008,14.41,14.6,14.09,14.31,2913300
DTE,20091008,34.93,35.04,34.69,34.88,634900
DTF,20091008,14.85,14.85,14.82,14.82,10700
DTK,20091008,23.4,23.4,23.12,23.23,163300
DUC,20091008,12.35,12.44,12.33,12.39,32900
DUK,20091008,47.22,47.22,46.65,46.77,5078500
DV,20091008,54.1,54.9,54.1,54.63,652700
DVA,20091008,28.505,28.6,28.145,28.215,565800
DVD,20091008,1.51,1.71,1.47,1.5,27600
DVN,20091008,66.73,69.36,66.73,69.02,4484700
DW,20091008,22.24,23.36,22.16,23.15,164400
DX,20091008,8.37,8.43,8.29,8.37,21700
DXB,20091008,21.02,21.14,20.87,20.96,44400
DY,20091008,12.28,12.64,12.23,12.25,144100
DYN,20091008,12.25,12.55,12,12.55,12546300
E,20091008,50.44,50.98,50.32,50.79,341600
EAT,20091008,14.95,15.15,14.84,14.93,3577400
EBF,20091008,17.16,17.22,16.9,16.92,168700
EBR,20091008,16.19,16.22,15.91,16.15,175300
EBR.B,20091008,14.35,14.51,14.17,14.5,194800
EBS,20091008,17.85,18.11,17.48,17.48,170800
EC,20091008,28.82,29.45,28.82,29.22,55200
ECA,20091008,58.05,60,57.51,59.83,2875100
ECL,20091008,45.9,46.43,45.87,46.02,1431200
ED,20091008,41.1,41.19,40.72,40.91,1625900
EDD,20091008,14.18,14.65,14.18,14.56,260300
EDE,20091008,18.4,18.41,18.23,18.37,133700
EDN,20091008,7.9,8.39,7.9,8.35,24100
EDR,20091008,17.88,17.88,17.19,17.28,444600
EDU,20091008,20.8675,20.9175,20.25,20.8,984500
EE,20091008,18.45,18.47,18.19,18.19,218600
EEA,20091008,6.97,7.06,6.97,7.02,48000
EEP,20091008,22.925,23,22.79,22.995,151500
EEQ,20091008,23.125,23.305,23.045,23.255,17300
EFR,20091008,13.15,13.21,13.1,13.18,62100
EFT,20091008,12.7,12.82,12.7,12.78,122200
EFX,20091008,28.07,28.47,28.07,28.21,1217100
EGF,20091008,17.99,17.99,17.72,17.78,51000
EGN,20091008,44.35,45.36,44.17,45.3,363300
EGP,20091008,37.61,38.1,37.34,37.88,246700
EGY,20091008,4.53,4.84,4.51,4.77,464700
EHI,20091008,10.76,10.87,10.75,10.81,86800
EIG,20091008,16.01,16.27,15.85,16.01,164500
EIX,20091008,32.98,33.27,32.75,33.05,2115200
EL,20091008,19.41,19.96,19.375,19.765,2086000
ELP,20091008,18.63,18.82,18.45,18.75,420700
ELS,20091008,22.445,22.85,22.34,22.69,233400
ELY,20091008,7.42,7.7,7.42,7.52,879400
EMD,20091008,12.62,12.73,12.62,12.69,72400
EME,20091008,24.78,25.17,24.54,24.85,394100
EMF,20091008,17.75,17.9,17.65,17.87,60000
EMN,20091008,26.52,26.96,26.335,26.515,851500
EMO,20091008,25.33,25.33,25.23,25.31,2100
EMR,20091008,39.26,39.79,38.89,39.02,6240800
ENB,20091008,19.745,20.1,19.735,20.05,265100
ENH,20091008,37,37.38,36.78,37.01,256000
ENR,20091008,64.69,65.7,64.21,65.47,497900
ENS,20091008,23.01,23.6,22.96,23.38,420500
ENZ,20091008,7.22,7.81,7.22,7.44,180600
EOD,20091008,10.28,10.33,10.22,10.26,98900
EOG,20091008,42.62,44.955,42.455,44.845,4554200
EOI,20091008,13.43,13.47,13.37,13.46,117500
EOS,20091008,13.35,13.39,13.26,13.3,133400
EOT,20091008,20.26,20.47,20.2,20.4,101400
EP-C,20091008,36.31,37,36.3,36.99,24300
EPD,20091008,14.27,14.44,14.25,14.415,793300
EPE,20091008,31.12,31.15,30.52,30.9,101200
EPR,20091008,34.22,34.54,33.9,34.05,644300
EPR-C,20091008,15.77,15.77,15.59,15.61,377500
EPR-E,20091008,22.2,22.2,21.9,21.95,7500
EQR,20091008,29.31,30,29.2,29.81,4627900
EQS,20091008,3.19,3.24,3.19,3.19,8400
EQT,20091008,42.77,43.7,42.44,43.39,1289600
EQY,20091008,15.55,16.35,15.51,16.09,609100
ERF,20091008,22.62,23,22.54,22.97,498100
ERJ,20091008,23.07,23.25,22.73,23.23,1018800
ES,20091008,9.03,9.1,8.9,8.93,326000
ESD,20091008,17.77,18.04,17.75,18.04,107200
ESE,20091008,38.57,38.57,37.77,38.16,214400
ESL,20091008,39.72,40.31,39.42,40.08,229000
ESS,20091008,76.41,78.7,76.41,77.85,414000
ESV,20091008,43.54,45.76,43.32,45.44,3733400
ETB,20091008,15.73,15.89,15.6,15.77,79800
ETE,20091008,14.46,14.66,14.305,14.615,360400
ETG,20091008,13.11,13.25,13.1,13.21,230500
ETH,20091008,15.46,15.69,15.34,15.54,568900
ETJ,20091008,17.1,17.14,17.05,17.07,194700
ETM,20091008,7.04,7.2,6.91,7.08,108200
ETN,20091008,28.295,28.575,28.11,28.35,1710500
ETO,20091008,18.21,18.48,18.21,18.44,55400
ETP,20091008,42.02,42.5,42.01,42.28,723800
ETR,20091008,78.98,79.37,78.59,78.86,1345600
ETV,20091008,14.18,14.34,14.15,14.3,111700
ETW,20091008,13.21,13.29,13.2,13.23,250900
ETY,20091008,12.87,12.99,12.8,12.85,427100
EV,20091008,28.67,29.01,28.43,28.84,824700
EVC,20091008,2.25,2.27,2.15,2.18,334300
EVF,20091008,5.71,5.71,5.62,5.63,82400
EVG,20091008,16.06,16.16,16.05,16.06,58400
EVN,20091008,12.46,12.48,12.35,12.42,31600
EVR,20091008,29.13,29.44,28.46,28.48,307800
EVT,20091008,14.84,15.03,14.78,14.96,181600
EW,20091008,17.3425,17.5,17.27,17.49,440100
EXC,20091008,49.05,49.09,48.38,48.97,3826700
EXG,20091008,12.42,12.53,12.38,12.42,639600
EXP,20091008,29.37,30,29.27,29.45,457300
EXR,20091008,10.22,10.42,10.15,10.26,714500
F,20091008,7.19,7.27,7.11,7.18,78354900
FAC,20091008,2.6,2.8,2.52,2.55,17900
FAF,20091008,32.44,32.71,31.51,31.67,1350400
FAM,20091008,15.5,15.76,15.5,15.71,98900
FBC,20091008,110,110,104,104,649100
FBP,20091008,41.1,41.7,39.75,40.5,645000
FC,20091008,5.79,5.79,5.56,5.67,60300
FCE.A,20091008,12.8,12.86,12.57,12.68,1551100
FCE.B,20091008,12.72,12.8,12.62,12.62,13600
FCF,20091008,5.44,5.58,5.3,5.51,504000
FCH,20091008,4.72,4.9,4.35,4.35,752200
FCH-A,20091008,11.6,11.76,11.23,11.5,23600
FCN,20091008,42.03,42.69,41.26,42.38,799500
FCT,20091008,10.91,10.95,10.88,10.88,119600
FCX,20091008,36.975,37.835,36.575,37.49,19711400
FDP,20091008,23.58,23.76,23.34,23.66,253400
FDS,20091008,65.56,66.7,65.53,65.99,544800
FDX,20091008,76.74,78.9,76.21,78.17,6977400
FE,20091008,45.51,45.61,45.1,45.39,1482600
FEO,20091008,18.12,18.31,18.01,18.26,48100
FF,20091008,6.41,6.45,6.39,6.4,49000
FFA,20091008,10.26,10.38,10.25,10.36,110500
FFC,20091008,13.09,13.18,13.07,13.09,107200
FFG,20091008,21.91,22.28,20.99,21.01,153300
FGB,20091008,5.58,5.63,5.46,5.6,26100
FGP,20091008,19.8,19.93,19.65,19.89,107100
FHN,20091008,12.89,12.98,12.68,12.78,3048100
FHY,20091008,12.42,12.75,12.42,12.6,33700
FICO,20091008,21.9,22.29,21.6,22.25,1183000
FIF,20091008,24.13,24.54,23.92,23.97,98400
FIG,20091008,5.16,5.36,5.07,5.32,3084100
FII,20091008,26.09,26.28,25.87,25.97,650100
FIS,20091008,24.36,24.48,24.12,24.3,2816600
FIX,20091008,11.5,11.61,11.12,11.13,265700
FL,20091008,11.81,12.17,11.69,12.08,3105900
FLC,20091008,13.12,13.34,13.07,13.29,31400
FLO,20091008,11.2622,11.2622,10.84,10.9645,1576300
FLR,20091008,50.11,50.3,48.45,48.71,5581700
FLS,20091008,33.8467,33.8867,33.2833,33.4933,797800
FLY,20091008,9.12,9.27,9.08,9.23,164100
FMC,20091008,27.415,27.61,27.015,27.41,887500
FMN,20091008,16.04,16.04,15.53,15.58,55700
FMO,20091008,16.82,17,16.78,16.9,34800
FMS,20091008,24.915,25.05,24.815,24.935,37600
FMX,20091008,46.11,46.11,44.92,45.06,2143500
FMY,20091008,17.98,17.98,17.9,17.9,13200
FNB,20091008,7.02,7.08,6.85,6.89,837800
FNF,20091008,17,17,16,16.15,6266300
FOE,20091008,8.43,8.72,8.37,8.65,689400
FOF,20091008,12,12.05,11.86,11.9,62700
FOR,20091008,17.07,17.25,16.81,16.97,260500
FPL,20091008,53.09,53.59,52.84,53,3800600
FPO,20091008,11.3,11.41,11.13,11.15,175200
FPT,20091008,13.97,14.01,13.96,14.01,16600
FR,20091008,5.5,5.8,5.48,5.79,1109400
FRA,20091008,12.97,12.98,12.93,12.96,98900
FRO,20091008,120.1,123.85,118.4,123.2,1194200
FRT,20091008,61.23,62.02,60.81,61.11,681200
FSS,20091008,7.05,7.22,6.97,6.99,157900
FT,20091008,5.34,5.35,5.32,5.35,88700
FTI,20091008,27.375,27.725,26.85,27.665,1267100
FTK,20091008,2.05,2.19,2.03,2.14,836700
FUL,20091008,20.68,20.93,20.41,20.77,212500
FUN,20091008,10.25,10.26,10.05,10.2,106400
G,20091008,12.1,12.19,11.96,12.1,221800
GAB,20091008,5.1,5.12,5.07,5.09,279500
GAB-D,20091008,24.36,24.36,24.25,24.25,2000
GAM,20091008,23.85,23.93,23.56,23.85,88000
GAM-B,20091008,24.25,24.5,24.25,24.49,4400
GBL,20091008,48.6,50,48.51,49.49,32700
GBX,20091008,11.25,11.71,10.96,11.26,56800
GCH,20091008,12.75,12.8,12.66,12.75,58200
GCI,20091008,13.13,13.64,13.1,13.59,7360700
GCO,20091008,24.44,25.18,24.34,24.85,255100
GCV,20091008,5.75,5.75,5.7,5.7,10800
GCV-B,20091008,24.5,24.5,24.5,24.5,0
GD,20091008,65.98,66.08,65,65.28,2545600
GDL,20091008,14.82,14.82,14.73,14.78,37500
GDV,20091008,12.34,12.52,12.34,12.49,215900
GDV-A,20091008,24.3,24.58,24.24,24.44,2100
GDV-D,20091008,25.12,25.37,25.05,25.05,4900
GE,20091008,16.46,16.55,16.2,16.22,77369400
GEF,20091008,54.92,56.63,54.67,55.61,220900
GEF.B,20091008,51.22,52.75,51.22,51.9,3700
GEO,20091008,20.29,20.65,20.03,20.41,274500
GER,20091008,24.87,24.95,24.76,24.89,29500
GES,20091008,36.5,36.87,35.78,36.58,1103200
GF,20091008,12.22,12.54,12.22,12.53,56600
GFA,20091008,15.82,16.155,15.745,16.07,980500
GFF,20091008,9.79,9.79,9.45,9.45,404500
GFI,20091008,14.85,15.24,14.68,14.99,8335600
GFY,20091008,13.56,13.64,13.55,13.62,8300
GG,20091008,42.4,43.15,41.67,42.39,9611500
GGB,20091008,14.72,14.92,14.53,14.89,7166000
GGG,20091008,27.3,28.39,27.26,28.17,571400
GGT,20091008,6.07,6.15,6.07,6.12,12300
GGT-B,20091008,24.25,24.25,24.25,24.25,200
GHL,20091008,91.23,94,91.21,93.01,499700
GIB,20091008,12.63,13.21,12.63,12.95,345300
GIL,20091008,9.63,9.85,9.63,9.78,237200
GIM,20091008,9.35,9.48,9.31,9.47,659300
GIS,20091008,32.345,32.405,32.065,32.345,1941800
GJH,20091008,7.9,8,7.9,7.94,1500
GJO,20091008,16.84,16.84,16.84,16.84,300
GJP,20091008,18.84,19.85,18.84,19.85,1500
GJR,20091008,17.26,17.26,17.26,17.26,0
GJS,20091008,14.79,15.06,14.22,15.04,2600
GJT,20091008,14.07,14.07,14.07,14.07,0
GJV,20091008,20.14,20.57,20.14,20.5,5600
GLF,20091008,33.12,34.15,32.88,33.68,141000
GLP,20091008,26.35,26.8,25.67,25.87,42100
GLT,20091008,11.63,11.77,11.39,11.42,230100
GLW,20091008,15.6,15.8,15.43,15.48,11198000
GME,20091008,27.05,27.65,26.68,27.37,7315900
GNK,20091008,223.4,226.5,217.7,223.8,2091300
GNW,20091008,12.39,12.39,11.97,12.02,12039900
GOF,20091008,15.44,15.69,15.43,15.43,55900
GOL,20091008,100,100.1,98,98.6,2510000
GPC,20091008,37.55,38.06,37.4,37.96,551500
GPE-A,20091008,24.6,24.8,24.6,24.8,4600
GPI,20091008,28.25,29.29,27.82,29.14,778400
GPK,20091008,2.66,2.82,2.64,2.74,423400
GPN,20091008,24.335,24.555,24.19,24.335,623500
GPS,20091008,21.64,22.25,21.5,22.21,14402700
GPX,20091008,7.72,7.79,7.57,7.74,24900
GRA,20091008,23.09,23.75,22.92,23.29,929900
GRR,20091008,18.89,18.93,18.51,18.93,6100
GRX,20091008,5.98,6.01,5.97,6,22000
GS,20091008,191.89,192.17,187.61,188.17,11978000
GS-A,20091008,20.25,20.39,20.25,20.25,44800
GS-B,20091008,25.75,25.85,25.5,25.63,64000
GS-C,20091008,20.18,20.27,20.06,20.06,28600
GS-D,20091008,19.08,19.55,19.08,19.22,73000
GSH,20091008,20.31,20.69,20.23,20.66,76700
GSK,20091008,39.71,39.83,39.49,39.58,1514600
GSL,20091008,1.7,1.7,1.64,1.66,191600
GTN,20091008,2.05,2.36,2.05,2.16,290600
GTN.A,20091008,2.26,2.26,2.26,2.26,0
GTS,20091008,16.99,17.45,16.43,17.01,126300
GTY,20091008,24.4,24.96,24.26,24.54,75600
GUT,20091008,7.87,8,7.83,7.89,60700
GUT-A,20091008,24.5,24.5,24.35,24.46,1500
GVA,20091008,29.42,29.55,28.68,29.05,1147300
GWR,20091008,31.53,32.34,31.53,31.9,225900
GWW,20091008,88.44,90,88.44,89.36,595500
GXP,20091008,18.37,18.52,18.31,18.46,1369000
GYB,20091008,15.85,15.85,15.7,15.7,3500
GYC,20091008,17.61,17.61,17.6,17.6,1000
HAE,20091008,27.625,27.93,27.59,27.625,128300
HAL,20091008,28.32,28.89,28.03,28.8,18292900
HAR,20091008,34.19,35.81,34.19,35.1,1041300
HBI,20091008,5.84,5.92,5.7475,5.875,867200
HCN,20091008,42.82,43.14,42.57,42.96,1738400
HCP,20091008,28.11,28.78,28.1,28.65,3828000
HD,20091008,26.41,27.06,26.38,26.89,16128200
HDB,20091008,23.62,23.968,23.62,23.84,279000
HE,20091008,18.59,18.76,18.49,18.74,533100
HE-U,20091008,23.4,23.4,23.4,23.4,0
HEI,20091008,16.7608,17.1622,16.6462,16.7486,78600
HEI.A,20091008,16.8192,17.2288,16.8192,16.9882,9500
HEP,20091008,19.175,19.37,19.025,19.245,26800
HES,20091008,55.33,56.89,54.94,56.46,6217300
HF,20091008,6.68,6.73,6.49,6.73,81500
HFC,20091008,13.12,13.36,13.035,13.3,869400
HGG,20091008,18.87,19.13,18.38,18.38,270100
HGT,20091008,17.64,18.4,17.49,17.71,239200
HHS,20091008,13.63,13.94,13.63,13.74,279100
HI,20091008,20.5,20.82,20.46,20.55,112900
HIG,20091008,29.16,29.5,28.71,29.2,11081300
HIL,20091008,7.65,7.84,7.62,7.67,93000
HIO,20091008,5.76,5.81,5.73,5.78,231900
HIW,20091008,30.52,31.11,30.34,30.79,854900
HIX,20091008,8.76,8.79,8.75,8.76,239900
HJV,20091008,18.68,19,18.5,19,6500
HK,20091008,24.2,25.09,23.9,25.02,4711500
HL,20091008,5.02,5.1,4.9,5.02,19587000
HL-B,20091008,50.62,50.62,50.62,50.62,0
HLF,20091008,17.25,17.7,17.19,17.655,566900
HLS,20091008,16.93,17.46,16.78,17.32,991100
HLX,20091008,14.49,15.19,14.43,15.07,1601400
HMC,20091008,30.21,30.53,30.18,30.24,645700
HMN,20091008,14.41,14.81,14.17,14.17,255900
HMY,20091008,11.68,12.02,11.44,11.81,5725500
HNI,20091008,22.8,23.14,22.69,22.79,277500
HNP,20091008,26.97,26.99,26.75,26.9,85900
HNR,20091008,22,22.4,21.64,21.76,129100
HOG,20091008,22.75,23.63,22.53,23.28,4466100
HON,20091008,36.68,37.05,36.41,36.84,4468300
HOS,20091008,27.09,28.06,26.94,27.86,245700
HOV,20091008,4.13,4.41,4.05,4.3,5199400
HP,20091008,40.89,42.38,40.56,41.76,1942500
HPF,20091008,16.6,16.6,16.51,16.54,40900
HPI,20091008,16.85,16.91,16.78,16.9,51300
HPQ,20091008,21.3136,21.4364,21.0682,21.1182,15004700
HPS,20091008,14.16,14.16,14.03,14.07,74600
HQH,20091008,11.31,11.4,11.3,11.34,125900
HQL,20091008,9.07,9.19,9.07,9.18,112300
HR,20091008,21.09,21.37,20.98,21.14,857400
HRB,20091008,18.71,19.39,18.5,19.35,5533700
HRC,20091008,21.51,21.88,21.3,21.53,350800
HRL,20091008,8.86,8.87,8.805,8.8475,480700
HRS,20091008,37.12,37.77,37.02,37.6,767600
HSC,20091008,34.73,35.69,34.24,35.49,1085100
HST,20091008,11.63,11.86,11.51,11.55,9411200
HSY,20091008,39.5,39.72,39.1,39.67,1541100
HT,20091008,3.2,3.25,3.12,3.15,401200
HTD,20091008,12.07,12.07,11.87,11.96,142500
HTH,20091008,12.75,12.84,12.65,12.69,283000
HTY,20091008,12.25,12.27,12.12,12.15,23800
HTZ,20091008,40.68,42.16,40.32,40.64,7711800
HUM,20091008,37.09,37.37,35.66,35.91,5696900
HUN,20091008,9.07,9.37,8.96,9.33,4423700
HVT,20091008,12.13,12.33,11.95,12.01,83000
HVT.A,20091008,12,12,11.93,11.93,400
HW,20091008,3.83,3.96,3.81,3.87,658600
HXL,20091008,11.12,11.22,10.94,10.98,1056000
HYB,20091008,8.71,8.76,8.65,8.73,74200
HYH,20091008,22.22,22.29,22.13,22.24,7100
HYT,20091008,10.14,10.21,10.08,10.21,227700
HZO,20091008,8.21,8.73,8.13,8.17,74500
IAE,20091008,17.8,18.24,17.8,18.15,60500
IAG,20091008,14.64,15.2,14.38,14.87,6158500
IBA,20091008,19.8,19.8,19.25,19.5,6400
IBM,20091008,122.52,122.98,121.85,122.29,6501300
IBN,20091008,7.98,8.11,7.862,7.882,2842200
ICB,20091008,16.45,16.45,16.25,16.28,8400
ICE,20091008,18.982,18.982,18.634,18.674,1483200
IDA,20091008,29.1,29.32,28.94,29.1,249100
IDT,20091008,3.37,3.49,3.19,3.47,51100
IEX,20091008,27.51,28.58,27.46,28.58,601300
IFF,20091008,38.24,38.66,38.02,38.6,357100
IFN,20091008,29.68,29.94,29.53,29.7,202900
IGA,20091008,13.7,13.74,13.61,13.68,62000
IGD,20091008,12.44,12.75,12.44,12.63,347500
IGI,20091008,19.86,19.89,19.6,19.72,32800
IGR,20091008,6.46,6.55,6.46,6.52,249700
IGT,20091008,20.9,21.67,20.73,21.27,4017200
IHC,20091008,6.53,6.69,6.53,6.55,16300
IHG,20091008,15.528,15.72,15.348,15.54,86200
IID,20091008,14.11,14.49,14.03,14.27,46800
IIF,20091008,21.75,21.8,21.66,21.72,222100
IIM,20091008,14.27,14.36,14.27,14.33,13200
IMAX,20091008,9.71,9.92,9.71,9.75,377100
IMN,20091008,9.29,9.39,9.07,9.1,205300
INB,20091008,10.71,10.75,10.49,10.68,82200
ING,20091008,18.17,18.48,18.02,18.26,1888200
INT,20091008,24.985,24.99,24.44,24.59,282400
INZ,20091008,16.99,17.49,16.87,17.4,218800
IO,20091008,56.4,56.85,54,54.15,1394600
IOC,20091008,43.04,44.39,42.61,44.24,551800
IP,20091008,22.01,23.55,22.01,23.24,7464000
IPG,20091008,6.94,7.13,6.9,7.09,6731200
IPI,20091008,23.75,24.93,23.57,24.77,2343500
IQI,20091008,12.67,12.7,12.61,12.61,27500
IR,20091008,31.44,31.78,31.03,31.64,5279600
IRL,20091008,8.24,8.61,8.23,8.57,42100
IRM,20091008,26.73,27.29,26.57,27.23,984700
IRR,20091008,17.3,17.35,17.1,17.24,121900
IRS,20091008,8.19,8.5,8.15,8.23,35600
ISF,20091008,14.57,14.8,14.57,14.6,211500
ISG,20091008,15.4,15.45,15.24,15.25,366800
ISP,20091008,15.18,15.38,15.18,15.28,64800
IT,20091008,18.57,19.42,18.48,19.2,485300
ITG,20091008,27.76,28.27,27.49,27.94,414800
ITT,20091008,25.03,25.165,24.71,25.105,1418400
ITUB,20091008,20.17,20.68,20.03,20.46,14198500
ITW,20091008,44.54,45.29,44.46,44.95,6750600
IVC,20091008,21.69,22.07,21.41,21.68,180100
IVR,20091008,21.46,21.55,21.26,21.29,51300
IVZ,20091008,23.69,23.93,23.4,23.57,2946200
IX,20091008,33.38,33.4,33.07,33.22,13900
JBK,20091008,17.95,17.98,17.95,17.98,800
JBL,20091008,14.02,14.3,13.82,13.95,5353000
JBN,20091008,20.01,20.32,19.95,19.97,5400
JBR,20091008,19.2,19.2,19.1,19.1,1200
JBT,20091008,17.62,18,17.48,17.65,106200
JCE,20091008,11.02,11.22,11,11.2,87600
JCI,20091008,26.17,26.91,26.17,26.62,5259400
JCP,20091008,34.14,35.42,33.58,35.16,6831400
JDD,20091008,9.25,9.3,9.22,9.25,37300
JEC,20091008,44.84,45.11,43.73,44.01,1837000
JEQ,20091008,5.38,5.43,5.35,5.41,34800
JFC,20091008,13.45,13.6,13.45,13.52,18700
JFR,20091008,9.43,9.46,9.39,9.46,103100
JHI,20091008,18.92,19.05,18.59,19.04,11200
JHS,20091008,13.02,13.13,13,13.13,21300
JHX,20091008,33.7,34.4,33.7,34.3,2100
JLL,20091008,48.43,50.9,47.98,50.64,1316500
JMP,20091008,9.9,9.9,9.69,9.75,22700
JNJ,20091008,61.07,61.28,60.88,60.94,9220900
JNPR,20091008,25.85,27.34,25.82,27.1,23411332
JNS,20091008,14.33,14.71,14.21,14.55,2399500
JOE,20091008,28,28.6,27.73,28.32,563600
JOF,20091008,7.71,7.84,7.69,7.76,77900
JOY,20091008,49.66,51.29,48.81,50.68,4669600
JPC,20091008,6.91,6.99,6.9,6.94,184400
JPM,20091008,46.04,46.44,45.05,45.3,36627600
JPM-E,20091008,46.5,46.97,46.34,46.78,7100
JPM-F,20091008,44.18,44.39,44.18,44.39,900
JPM-G,20091008,43.6,43.6,43.6,43.6,200
JPS,20091008,7.19,7.22,7.12,7.12,280800
JQC,20091008,7.23,7.3,7.21,7.21,302400
JRO,20091008,9.58,9.61,9.53,9.57,147700
JTA,20091008,10.29,10.43,10.22,10.3,39000
JTD,20091008,10.71,10.94,10.7,10.78,60500
JW.A,20091008,34.34,34.8,34.08,34.78,170000
JW.B,20091008,34.2,34.84,34.12,34.73,22300
JWN,20091008,32.41,33.73,32.31,33.57,6304400
K,20091008,49.5,49.77,49.34,49.74,1866000
KAI,20091008,14.57,15.68,14.47,15.03,99900
KB,20091008,52.47,52.74,51.82,52.19,314100
KBH,20091008,15.43,16.73,15.25,16.05,10022800
KBR,20091008,22.58,22.91,22.26,22.63,1885200
KCC,20091008,21.74,21.97,21.55,21.95,4000
KED,20091008,13.99,13.99,13.45,13.8,83700
KEF,20091008,8.79,8.89,8.78,8.85,14300
KEG,20091008,8.23,8.37,7.5,8.36,3420300
KEM,20091008,4.08,4.35,3.99,4.32,79200
KEP,20091008,15.09,15.09,14.9,15,875600
KEX,20091008,35.38,35.85,35.27,35.72,557900
KEY,20091008,6.34,6.35,6.18,6.22,14369300
KEY-G,20091008,83.32,84.5,83.32,84.5,1100
KF,20091008,33.4,33.6,33.3,33.5,9400
KFS,20091008,4.16,4.21,4.02,4.12,14700
KFY,20091008,14.4,14.5,14.12,14.4,501100
KGC,20091008,22.68,23.26,22.33,22.87,8198500
KIM,20091008,12.32,12.68,12.3,12.58,5296500
KMB,20091008,56.3663,56.6731,56.232,56.6251,3304100
KMM,20091008,8.26,8.35,8.25,8.34,46100
KMT,20091008,23.37,24.13,23.25,24.04,1110600
KMX,20091008,20.5,20.86,20.32,20.47,2664200
KND,20091008,15.89,16.28,15.58,15.81,517900
KNL,20091008,10.22,10.45,10.1,10.19,210900
KNX,20091008,17.52,18.08,17.46,17.92,1329900
KO,20091008,27.505,27.505,27.16,27.295,9015100
KOF,20091008,50.25,51.07,49.75,50.75,136400
KOP,20091008,30.2,32.87,30.17,32.87,240000
KOS,20091008,25.01,25.17,25.01,25.09,5900
KR,20091008,10.75,10.945,10.75,10.835,10596900
KRC,20091008,27.15,27.8,26.93,27.34,507900
KRG,20091008,14.76,15.32,14.4,15.2,275700
KRO,20091008,5.25,5.485,5.25,5.4,4400
KSM,20091008,12.84,13.02,12.82,13,27000
KSS,20091008,58.06,59.99,57.56,59.97,7206400
KST,20091008,11.09,11.11,11.02,11.06,20900
KSU,20091008,26.61,27.5,26.4,27.12,1717500
KSU.P,20091008,20.75,20.75,20.75,20.75,0
KT,20091008,17.36,17.38,17.24,17.28,439100
KTF,20091008,12.01,12.01,11.97,11.99,139000
KTH,20091008,27.26,27.46,27.04,27.14,2400
KTN,20091008,24.75,24.75,24.71,24.75,3000
KTP,20091008,21.35,21.7,21.29,21.29,5400
KW,20091008,9.95,9.95,9.9,9.9,201200
KWR,20091008,21.46,21.78,21.1,21.1,44600
KYE,20091008,20.84,20.94,20.52,20.72,83400
KYN,20091008,21.12,21.3,20.97,21.3,162400
KYO,20091008,44.04,44.42,43.965,44.245,9500
L,20091008,34.94,35.26,34.63,34.92,1998300
LAD,20091008,11.91,12.07,10.8,10.88,1596700
LAZ,20091008,43.99,44.62,41.58,42.28,1229700
LBF,20091008,7.4,7.45,7.32,7.4,21700
LCM,20091008,10.86,11.13,10.86,11.13,61200
LDF,20091008,16.01,16.86,16.01,16.86,26100
LDL,20091008,4.95,5.03,4.85,4.98,114800
LDR,20091008,55.24,55.54,54.19,54.21,31200
LEE,20091008,2.64,3,2.63,2.95,620200
LEG,20091008,18.56,19.07,18.54,18.8,1412000
LEN,20091008,13.49,14.68,13.35,14.39,10127400
LEN.B,20091008,10.36,11.36,10.36,11.07,64300
LEO,20091008,8.13,8.13,8.07,8.09,62200
LFC,20091008,22.88,23,22.7933,22.83,834200
LFL,20091008,13.49,13.64,13.25,13.33,375100
LGF,20091008,6.07,6.12,6.01,6.04,473700
LGI,20091008,14.3,14.46,13.95,14.41,42500
LH,20091008,66.49,66.93,66.25,66.5,716000
LHO,20091008,19.74,20.03,19.5,19.8,1138300
LII,20091008,34.5,35.8,34.5,35.38,647300
LL,20091008,24.18,24.34,23.37,23.47,391200
LLL,20091008,75.63,76.58,75.09,76.25,3482600
LLY,20091008,33.23,33.52,33.19,33.36,5007600
LM,20091008,31.25,31.9,31.25,31.64,1817500
LMT,20091008,74.41,74.47,72.89,73,6681600
LNC,20091008,27.09,28.09,27.09,27.48,5831200
LNN,20091008,36.99,37.6,36.26,37.29,300900
LNT,20091008,13.62,13.62,13.475,13.53,781800
LOR,20091008,10.54,10.76,10.54,10.66,17500
LOW,20091008,20.7,20.95,20.5,20.78,15740300
LPL,20091008,14.25,14.52,14.2,14.4,2084700
LPX,20091008,6.61,7.11,6.56,6.98,4132600
LRN,20091008,17.94,18.73,17.77,18.65,372800
LSI,20091008,5.65,5.66,5.37,5.44,14071100
LTC,20091008,24.03,24.3,23.79,23.85,79600
LUB,20091008,4.58,4.58,4.06,4.21,39300
LUK,20091008,24.14,24.33,23.73,24.3,872200
LUV,20091008,9.3,9.73,9.24,9.72,11587200
LUX,20091008,26.22,26.43,26.03,26.31,58200
LVLT,20091008,20.1,20.55,19.65,20.25,9298200
LVS,20091008,17.7,18.75,17.56,18.28,44499800
LXP,20091008,5.06,5.14,4.97,5.01,1371300
LXP-C,20091008,29.4,29.4,29.4,29.4,700
LXU,20091008,15.05,15.05,13.7,13.86,470100
LYG,20091008,6.13,6.17,6.03,6.12,2423100
LYV,20091008,8.33,8.84,7.87,8.14,3347800
LZB,20091008,8.89,9.31,8.77,9.28,857900
M,20091008,18.71,19.61,18.38,19.53,15949500
MA,20091008,21.089,21.545,21,21.096,2342600
MAA,20091008,44.46,45.25,44.2,44.54,340900
MAC,20091008,28.86,30.2,28.72,30.11,2484700
MAIN,20091008,13.98,14,13.69,13.8,16700
MAN,20091008,56.38,58.41,56.38,57.31,969800
MAS,20091008,12.74,13.38,12.62,12.99,3548300
MAV,20091008,12.81,12.88,12.69,12.87,71500
MBI,20091008,6.29,6.34,6.23,6.26,7507700
MBT,20091008,19.376,19.432,19.188,19.324,1787300
MCA,20091008,13.51,13.54,13.49,13.5,81100
MCD,20091008,57.47,57.62,56.81,56.87,8718900
MCI,20091008,12.05,12.15,11.97,12.15,3200
MCK,20091008,59.67,60,59.5,59.54,2350100
MCN,20091008,8.53,8.66,8.48,8.63,216500
MCO,20091008,21.15,22.29,20.86,22.03,9804200
MCR,20091008,8.97,9.01,8.9,8.93,138900
MCS,20091008,13.3,13.3,12.77,12.77,58100
MCY,20091008,36.03,36.41,35.82,36.24,140400
MD,20091008,27.48,27.94,27.25,27.42,288800
MDC,20091008,33.8,35.45,33.59,35.06,717900
MDP,20091008,29.27,30.54,29.25,30.26,424000
MDR,20091008,26.25,26.25,25.3,25.9,2934300
MDT,20091008,36.73,37.52,36.71,36.91,7760600
MDU,20091008,20.8,20.96,20.69,20.87,815800
MED,20091008,22.15,22.75,21.91,22.62,575000
MEG,20091008,9.03,9.15,8.99,9.1,122600
MEI,20091008,8.67,9.12,8.61,9,282800
MEN,20091008,10.73,10.76,10.69,10.75,25400
MER-K,20091008,18.53,18.89,18.53,18.73,96800
MER-P,20091008,21.36,21.37,21.22,21.25,53200
MET,20091008,38.02,38.75,37.55,38.07,7720700
MET-A,20091008,19.27,19.45,19.12,19.43,40400
MFA,20091008,7.69,7.72,7.66,7.71,5263600
MFC,20091008,21.53,21.75,21.4,21.59,2287300
MFD,20091008,11.66,11.85,11.66,11.81,27000
MFG,20091008,4.11,4.21,4.11,4.17,112200
MFL,20091008,13.51,13.53,13.47,13.49,91600
MFM,20091008,6.97,6.97,6.82,6.84,104800
MFT,20091008,13.19,13.3,13.11,13.25,23700
MFV,20091008,6.17,6.29,6.17,6.2,16600
MG,20091008,12.3,13.08,12.3,12.58,6392600
MGA,20091008,10.815,11.205,10.67,11.1575,764600
MGF,20091008,7.86,7.86,7.65,7.75,116100
MGM,20091008,12.17,12.58,12,12.33,31738100
MGU,20091008,15.08,15.19,15.03,15.18,60000
MHD,20091008,14.98,15.16,14.97,15.06,30000
MHF,20091008,7.51,7.55,7.5,7.5,34000
MHI,20091008,13.85,13.93,13.73,13.93,47800
MHK,20091008,44.42,46.52,44.3,45.29,984600
MHN,20091008,13.97,13.97,13.79,13.86,96400
MHO,20091008,13.95,15.15,13.92,14.64,336200
MHO-A,20091008,14.81,14.81,14.81,14.81,0
MIC,20091008,9.33,9.47,9.12,9.33,310900
MIN,20091008,6.84,6.85,6.82,6.83,621700
MIY,20091008,13.5,13.58,13.5,13.57,17800
MJN,20091008,45.3,45.47,44.8,45,873900
MKC,20091008,33.61,33.64,33.37,33.63,653200
MKC.V,20091008,33.49,33.49,33.49,33.49,0
MKL,20091008,338.95,347.5,336.59,343.77,39000
MLI,20091008,12.03,12.225,11.91,12.01,172800
MLM,20091008,93.16,94.16,92.09,92.66,307100
MLP,20091008,6.1,6.4,5.97,6.37,9300
MLR,20091008,11.24,11.27,10.78,10.95,30200
MMC,20091008,24.41,24.8,24.33,24.77,5263800
MMM,20091008,73.38,74.95,73.38,74.53,3298800
MMP,20091008,19.16,19.29,19.075,19.29,305700
MMS,20091008,11.955,12.0275,11.91,11.94,94400
MMT,20091008,6.35,6.37,6.35,6.37,89900
MMU,20091008,12.66,12.72,12.61,12.66,96100
MNE,20091008,12.76,12.83,12.68,12.68,31600
MNI,20091008,26.3,27.1,25.1,26.5,825000
MNP,20091008,13.95,14,13.95,13.98,6400
MO,20091008,17.82,17.92,17.79,17.85,10782200
MOD,20091008,10.88,11.5,10.64,11.28,512200
MOG.A,20091008,28.5,28.7,28.1,28.31,322000
MOG.B,20091008,28.39,28.41,27.93,28.41,1500
MOH,20091008,12.9467,13.08,12.66,12.74,159500
MON,20091008,75.02,75.51,74.46,74.97,8702400
MOS,20091008,49.17,50.06,49,49.66,7571900
MOV,20091008,13.69,14.62,13.69,14.56,348900
MP-D,20091008,24.7,24.7,24.7,24.7,0
MPA,20091008,14.02,14.05,14.01,14.05,9800
MPG,20091008,2.31,2.44,2.25,2.43,2347000
MPV,20091008,11.62,11.75,11.51,11.75,8000
MPW,20091008,8.01,8.15,7.91,8.1,601600
MPX,20091008,5.3,5.5,5.27,5.4,11000
MQT,20091008,12.22,12.23,12.19,12.2,75400
MQY,20091008,14.41,14.44,14.35,14.35,59600
MRK,20091008,32.39,32.55,32.23,32.43,11405100
MRO,20091008,32.16,32.9,32.1,32.56,8423800
MRT,20091008,4.02,4.1,3.89,4.1,88200
MS,20091008,31.59,32.1,31.39,31.94,18940400
MS-A,20091008,18.64,18.94,18.54,18.74,31400
MSA,20091008,26.67,27.4,26.46,27.07,160900
MSB,20091008,9.99,10.2,9.99,10.09,84900
MSCI,20091008,26.15,26.7,26.14,26.47,673400
MSD,20091008,9.98,10.07,9.92,10.07,131300
MSF,20091008,13.45,13.53,13.37,13.51,24000
MSI,20091008,60.9,61.04,58.31,58.66,21870700
MSM,20091008,43.16,44.18,43.08,44.15,496600
MSP,20091008,11.85,12.04,11.85,11.96,16900
MT,20091008,38.09,38.37,37.31,37.86,7795400
MTB,20091008,63.32,63.39,62.52,63.15,578200
MTD,20091008,89.79,92.46,89.55,91.53,287700
MTG,20091008,7.27,7.3,6.86,6.96,3323000
MTH,20091008,19.11,20.35,18.89,20.18,733200
MTL,20091008,37.56,37.56,36,37.38,4994400
MTN,20091008,34.59,35.43,34.04,34.78,355200
MTR,20091008,32.46,33.5,32.25,33.25,2000
MTRN,20091008,25.12,25.63,24.76,25.31,164900
MTT,20091008,20.74,20.91,20.65,20.85,18700
MTU,20091008,5.62,5.71,5.6,5.69,3140900
MTW,20091008,9.8,10.29,9.75,10.21,6502700
MTX,20091008,23.685,24.115,23.58,23.855,70300
MTZ,20091008,11.77,12.01,11.71,11.87,406300
MUA,20091008,12.55,12.64,12.55,12.62,13700
MUC,20091008,13.6,13.64,13.57,13.63,59400
MUE,20091008,13.17,13.23,13.16,13.18,72000
MUH,20091008,13.95,14,13.93,13.96,28700
MUI,20091008,13.9,13.93,13.83,13.83,61800
MUJ,20091008,14.63,14.76,14.6,14.66,34000
MUR,20091008,59.78,61.36,59.59,61.2,1839300
MUS,20091008,13.04,13.04,12.96,12.98,69500
MVC,20091008,8.95,9.37,8.83,9.29,202200
MVO,20091008,17.53,18.23,17.52,18,50900
MVT,20091008,14.63,14.78,14.63,14.68,41800
MWA,20091008,5.2,5.3,5.08,5.13,2045900
MXE,20091008,6.94,7,6.91,6.95,9400
MXF,20091008,21.21,21.41,21.21,21.25,23800
MYC,20091008,13.91,14,13.91,13.95,56900
MYD,20091008,13.5,13.58,13.42,13.42,72200
MYE,20091008,10.51,10.74,10.3,10.39,128300
MYF,20091008,13.32,13.32,13.23,13.3,21200
MYI,20091008,13.05,13.11,13.02,13.11,123800
MYJ,20091008,14.67,14.74,14.61,14.66,26000
MYN,20091008,12.54,12.62,12.53,12.53,64700
MZF,20091008,13.4,13.5,13.4,13.5,38200
NAC,20091008,13.69,13.69,13.63,13.64,21400
NAD,20091008,14.05,14.12,14.05,14.09,52900
NAN,20091008,13.62,13.65,13.57,13.57,13300
NAT,20091008,29.5,29.56,29.02,29.49,557100
NAV,20091008,37.26,38.25,37.14,37.49,1214800
NAV-D,20091008,12,12,12,12,0
NAZ,20091008,13.55,13.64,13.52,13.57,6200
NBL,20091008,34.125,35.34,34.05,35.185,1397900
NBR,20091008,21.1,21.98,20.88,21.91,6534800
NC,20091008,62.75,66.67,61.91,63.96,34400
NCA,20091008,9.65,9.67,9.61,9.62,20100
NCI,20091008,12.65,12.93,12.5,12.74,236500
NCR,20091008,13.18,13.21,11.77,11.82,10521600
NCS,20091008,14.6,14.7,13.5,13.9,1198200
NCT,20091008,16.02,17.34,15.18,17.22,2351200
NCT-B,20091008,7,8.05,6.88,7.2,149600
NCT-C,20091008,7.45,7.45,6.02,6.68,47300
NCT-D,20091008,6.85,7.19,6.46,6.78,52000
NCV,20091008,8.67,8.67,8.51,8.6,193900
NCZ,20091008,8.01,8.09,7.93,8.05,185000
NE,20091008,38.79,40.44,38.78,40.16,4460100
NEE,20091008,53.09,53.59,52.84,53,3800600
NEM,20091008,47.03,47.7,46.1,47.01,11192800
NEU,20091008,92.15,93.93,91.72,93.11,127000
NEV,20091008,15.15,15.2,15.01,15.07,22000
NFG,20091008,46.95,47.84,46.7,47.81,375700
NFJ,20091008,13.41,13.62,13.41,13.57,440400
NFX,20091008,45.51,46.42,45.18,45.95,1739500
NGG,20091008,48.55,48.77,47.94,48.57,94400
NGS,20091008,17.46,18.83,17.46,18.28,127000
NHI,20091008,30.83,31.21,30.59,30.89,76600
NI,20091008,13.76,14,13.75,13.9,2011300
NIE,20091008,15.49,15.62,15.48,15.59,73200
NIM,20091008,10.5,10.61,10.44,10.46,21000
NJR,20091008,18.14,18.14,17.8,17.855,205800
NKE,20091008,15.9275,16.09,15.8875,16.005,2341200
NL,20091008,6.72,6.87,6.66,6.75,27900
NLS,20091008,1.75,1.77,1.66,1.66,117300
NLY,20091008,17.41,17.62,17.35,17.52,9870300
NLY-A,20091008,24.51,24.55,24.35,24.35,9300
NM,20091008,5.23,5.24,5.1,5.15,1631300
NMI,20091008,11.01,11.15,10.97,11.15,7000
NMK-C,20091008,78.22,78.22,78.22,78.22,0
NMM,20091008,12.3,12.3,12.15,12.25,249300
NMR,20091008,7.12,7.16,7.05,7.13,1429600
NMT,20091008,14.97,15,14.74,14.74,11800
NMY,20091008,15,15.05,14.94,14.94,5500
NNA,20091008,9.65,9.65,9.65,9.65,0
NNC,20091008,14.98,14.99,14.98,14.99,700
NNI,20091008,13.61,14.23,13.41,13.71,149700
NNN,20091008,21.02,21.14,20.63,20.8,954300
NNY,20091008,9.73,9.73,9.64,9.64,17400
NOA,20091008,6.22,6.35,6.07,6.28,137700
NOC,20091008,50.86,51.37,50.49,50.57,3466200
NOK,20091008,14.63,14.64,14.37,14.4,14753600
NOV,20091008,44.28,46.13,44.23,45.75,6783300
NP,20091008,12.38,12.73,12.08,12.14,87900
NPK,20091008,89.5,90.18,89.3,90.03,31900
NPO,20091008,21.88,22.32,21.69,22.05,169600
NPV,20091008,15.83,15.83,15.6,15.6,2600
NQP,20091008,13.44,13.55,13.44,13.49,34500
NR,20091008,3.47,3.52,3.39,3.39,357900
NRF,20091008,7,7.04,6.9,6.96,407900
NRF-A,20091008,14.21,14.7,14.21,14.7,15400
NRF-B,20091008,13.25,13.8,13.25,13.65,32500
NRG,20091008,26.83,27.2,26.42,27.15,2852800
NRP,20091008,210.3,214.6,210,213.9,106700
NRT,20091008,30.57,31.4,30.57,31.09,6500
NS,20091008,52.68,53.74,52.52,53.66,175500
NSC,20091008,45.04,46,44.72,45.84,4700100
NSH,20091008,24.85,24.88,24.57,24.76,56600
NSL,20091008,5.88,5.88,5.8,5.86,115000
NSM,20091008,13.39,13.79,13.08,13.68,14919400
NSR,20091008,22.4,22.69,22.3,22.62,468200
NTC,20091008,14.5,14.6,14.5,14.6,800
NTG,20091008,45.58,46.54,45.2,46.15,251300
NTL,20091008,12.4,13.25,12.4,13.22,964500
NTT,20091008,22.16,22.16,21.98,22.08,314900
NTX,20091008,15.74,15.74,15.68,15.68,2000
NTZ,20091008,2.96,2.96,2.62,2.62,58200
NUE,20091008,46.41,46.75,45.14,45.53,6561800
NUM,20091008,13.17,13.31,13.17,13.29,28600
NUO,20091008,15.4,15.47,15.4,15.41,10100
NUS,20091008,20.18,20.62,20.01,20.2,471000
NUV,20091008,9.94,10,9.89,9.92,183200
NUW,20091008,16.13,16.18,16.05,16.09,49800
NVO,20091008,12.52,12.63,12.494,12.522,350800
NVR,20091008,625,663.8,621.51,663.8,74800
NVS,20091008,49.95,50.3,49.83,50.1,860000
NW-C,20091008,14.2,14.71,14.13,14.42,117000
NWE,20091008,24.57,24.66,24.27,24.34,152700
NWL,20091008,14.97,15.13,14.76,15.06,5917400
NWN,20091008,42.1,42.46,41.81,42.07,125600
NWY,20091008,5.19,5.36,5.12,5.25,324700
NX,20091008,15.56,16.12,15.34,15.78,683500
NXC,20091008,13.86,13.86,13.75,13.8,4000
NXN,20091008,14.1,14.17,14.01,14.15,5700
NXP,20091008,14.42,14.47,14.36,14.39,29200
NXQ,20091008,14.09,14.15,13.97,14.08,20300
NXR,20091008,14.65,14.76,14.6,14.76,15200
NYT,20091008,8.11,8.62,8.06,8.59,1746600
O,20091008,23.78,24.04,23.35,23.88,2634800
OB,20091008,13.74,13.93,13.46,13.46,112600
OC,20091008,23.8,24.42,23.52,23.62,1629600
OCN,20091008,11.64,11.69,11.45,11.61,793600
ODC,20091008,15.41,15.49,15.14,15.21,23600
OFC,20091008,37.04,37.55,36.89,37.09,601400
OFG,20091008,13.03,13.42,12.76,13.1,219100
OFG-A,20091008,18,18,18,18,0
OFG-B,20091008,18.12,18.13,18.12,18.13,1400
OGE,20091008,16.32,16.545,16.31,16.48,330900
OHI,20091008,14.98,15.31,14.89,14.96,1622900
OI,20091008,37.88,39.07,37.88,38.85,2187700
OIA,20091008,6.4,6.53,6.4,6.53,34800
OII,20091008,29.03,29.445,28.85,29.335,783500
OIS,20091008,36.51,37.97,36.13,37.69,538200
OKE,20091008,18.14,18.43,18.01,18.415,749900
OKS,20091008,26.92,27.375,26.83,27.22,164900
OLN,20091008,17.11,17.17,16.7,16.78,1781100
OLP,20091008,8.44,8.44,8.1,8.33,36700
OMC,20091008,36.8,37.02,36.62,36.71,2318400
OME,20091008,4.93,4.97,4.86,4.86,30700
OMI,20091008,30.18,30.5333,30.0267,30.44,253500
OMN,20091008,7.13,7.53,6.99,7.41,870500
OPY,20091008,24.86,25.72,24.86,25.26,27100
ORA,20091008,40.53,40.94,40.3,40.7,78400
ORCL,20091008,20.65,21.06,20.59,20.8,46644500
ORI,20091008,12.28,12.34,12.1,12.14,1554200
ORN,20091008,21.4,21.99,20.41,20.47,512200
OSG,20091008,39.64,41.34,39.2,41.33,871100
OSK,20091008,33.24,34.05,32.94,33.63,1932800
OXM,20091008,23,23.6,22.82,23.1,194400
OXY,20091008,78.01,80.29,77.8,80.09,5416300
OZM,20091008,12.56,12.71,12.24,12.59,189900
PAA,20091008,24,24,23.835,23.965,304500
PAC,20091008,28.14,28.84,28.14,28.38,56800
PAG,20091008,15.49,16,15.26,15.82,1799300
PAI,20091008,13.3,13.45,13.12,13.23,14600
PAR,20091008,11.3,11.43,11.23,11.3,190900
PAY,20091008,14.84,14.88,13.95,14.01,2220500
PBH,20091008,7.16,7.22,7.09,7.16,201100
PBI,20091008,25.17,25.2,24.87,25.02,1365000
PBR,20091008,46.78,47.76,46.39,47.44,14822100
PBR.A,20091008,39.99,40.82,39.7,40.68,5836000
PBT,20091008,12.41,12.85,12.4,12.66,207300
PCF,20091008,6.96,7,6.92,6.92,37800
PCG,20091008,41.02,41.2,40.77,40.9,1393500
PCK,20091008,10,10,9.83,9.94,78700
PCM,20091008,7.94,8.1,7.89,7.98,27000
PCN,20091008,13.22,13.27,13.2,13.26,88300
PCQ,20091008,13.39,13.6,13.37,13.51,39300
PDS,20091008,6.36,6.54,6.31,6.5,2655200
PDT,20091008,9.5,9.5,9.43,9.45,75800
PEG,20091008,31.38,31.43,30.86,31.02,2698100
PEI,20091008,7.63,7.81,7.56,7.65,532200
PEO,20091008,23.88,24.12,23.73,24.07,87200
PEP,20091008,61.24,61.24,59.8,60.39,17263800
PER,20091008,29.81,29.83,29.74,29.82,2959900
PFD,20091008,9.21,9.32,9.21,9.3,9000
PFE,20091008,16.92,16.94,16.64,16.7,44713400
PFG,20091008,27.68,28.33,27.5,28.11,4133900
PFH,20091008,21,21,20.65,20.66,1800
PFK,20091008,19.1,19.28,19.05,19.05,7000
PFL,20091008,11.68,11.73,11.62,11.72,90400
PFN,20091008,9.5,9.58,9.5,9.56,93800
PFO,20091008,7.39,7.45,7.3,7.39,11100
PFS,20091008,10.77,10.94,10.57,10.94,410700
PG,20091008,57.37,57.85,57.14,57.65,12817000
PGH,20091008,10.16,10.25,10.03,10.21,1513900
PGP,20091008,16.35,16.41,15.93,16.23,75400
PGR,20091008,16.49,16.6,16.26,16.34,3713500
PH,20091008,51.56,52.38,51.02,51.95,1723000
PHD,20091008,11.22,11.22,11.13,11.18,77200
PHG,20091008,25.06,25.28,24.85,25.1,486700
PHH,20091008,18.68,18.74,18.19,18.44,892500
PHI,20091008,56.26,56.62,56.04,56.11,90600
PHK,20091008,10.44,10.44,10.16,10.25,515600
PHM,20091008,10.19,10.75,10.19,10.49,8767900
PHT,20091008,13.65,13.68,13.52,13.59,78800
PHX,20091008,21.48,22,21.26,21.26,12900
PII,20091008,20.29,20.825,20.21,20.575,275200
PIM,20091008,5.98,5.98,5.93,5.95,200300
PIR,20091008,3.53,3.7,3.42,3.58,2794400
PIY,20091008,20.7,20.7,20.7,20.7,0
PJC,20091008,50.05,52.68,49.75,52.09,248000
PJT,20091008,22.82,22.82,22.35,22.46,10700
PKD,20091008,5.74,6.09,5.73,6.06,1359100
PKE,20091008,24.28,25.23,23.75,24.59,89700
PKG,20091008,20.46,21.01,20.26,20.92,1459500
PKI,20091008,19.54,19.83,19.46,19.56,808100
PKO,20091008,22.15,22.15,21.98,22.14,41800
PKX,20091008,103.84,104.75,103.02,104.49,492800
PKY,20091008,19.65,20.32,19.43,19.48,241000
PLD,20091008,21.79,22.44,21.79,22.09,2233000
PLT,20091008,27.4,27.62,26.83,26.97,465200
PM,20091008,49.86,50.6,49.74,50.35,7529000
PMC,20091008,17.99,18.08,17.81,17.89,309500
PMF,20091008,14.44,14.44,14.33,14.41,21000
PML,20091008,11.8,11.9,11.78,11.84,90400
PMM,20091008,6.93,6.99,6.91,6.93,103100
PMO,20091008,11.53,11.53,11.46,11.46,51400
PMT,20091008,19.16,19.34,19.16,19.27,102600
PMX,20091008,11.75,11.75,11.48,11.48,66800
PNC,20091008,45.02,45.71,43.37,44.29,11996200
PNF,20091008,11.13,11.22,11.02,11.02,13400
PNI,20091008,11.78,11.82,11.7,11.71,13400
PNM,20091008,12.3,12.38,12.17,12.33,883500
PNR,20091008,29.76,30.65,29.71,30.61,629800
PNW,20091008,32.67,32.82,32.55,32.8,451200
POL,20091008,6.73,6.86,6.65,6.72,660600
POR,20091008,19.94,20.08,19.92,20.04,573600
POT,20091008,30.5233,31.1567,30.12,31,7048800
PPG,20091008,29.235,29.685,29.145,29.61,1211600
PPL,20091008,29.8,29.94,29.45,29.55,3484000
PPR,20091008,5.08,5.1,5.05,5.05,378700
PPT,20091008,5.9,5.93,5.87,5.92,284200
PQ,20091008,27.52,28.76,27.2,28.32,2291800
PRA,20091008,26.535,26.615,26.23,26.295,130500
PRO,20091008,8.86,9.28,8.74,9.12,89700
PRU,20091008,51.24,52.16,50.65,50.84,4371300
PSA,20091008,72.6,73.39,71.98,72.18,1599800
PSA-A,20091008,21.23,21.23,21.13,21.23,3200
PSA-B,20091008,23.7,23.83,23.68,23.75,2700
PSA-C,20091008,21.79,21.86,21.73,21.85,8800
PSA-D,20091008,20.91,21,20.8,20.8,4700
PSA-E,20091008,22.33,22.44,22.21,22.21,5600
PSA-V,20091008,24.85,24.98,24.84,24.84,4800
PSA-W,20091008,21.78,21.78,21.62,21.74,3500
PSA-X,20091008,21.68,21.68,21.5,21.55,3600
PSA-Z,20091008,21.33,21.35,21.26,21.35,5400
PSB,20091008,49.8,50.31,49.34,49.38,90900
PSO,20091008,12.75,12.75,12.61,12.72,190500
PTR,20091008,120.05,121.67,119.98,121.41,478800
PTY,20091008,14,14,13.71,13.91,236300
PUK,20091008,20.2,20.28,19.99,20.08,83500
PUK-A,20091008,24.01,24.01,23.8,23.8,22800
PUK.P,20091008,24.09,24.09,23.56,23.99,9800
PVG,20091008,13,13.3,12.98,13.29,458600
PVH,20091008,42.7,43,42.23,42.84,586200
PWE,20091008,15.57,15.98,15.49,15.9,2674600
PWR,20091008,22.41,22.68,22.1,22.19,4253400
PX,20091008,81.62,82,80.76,81.46,2503400
PXD,20091008,37.83,39.18,37.83,39.06,1657600
PYN,20091008,9.7,9.77,9.67,9.77,6300
PYS,20091008,19.26,19.38,19.26,19.27,4500
PYT,20091008,14.63,14.63,14.63,14.63,100
PZC,20091008,10.13,10.2,10.12,10.16,39700
PZE,20091008,9.01,9.335,9.01,9.27,132900
PZN,20091008,8.39,8.48,8.01,8.1,71700
Q,20091008,3.76,3.81,3.65,3.77,21919500
QTM,20091008,1.31,1.47,1.3,1.38,3701100
R,20091008,38.6,38.89,37.92,38.25,646300
RAD,20091008,1.5,1.6,1.49,1.6,18264200
RAI,20091008,23.295,23.795,23.28,23.655,1208700
RAS,20091008,8.25,8.25,7.86,7.95,635900
RAS-A,20091008,11.06,11.29,10.86,10.9,4200
RAS-B,20091008,11.72,11.72,11.62,11.71,4700
RAS-C,20091008,12.35,12.47,12.2,12.47,1600
RBA,20091008,23.7,23.83,23.37,23.58,414300
RBC,20091008,45.65,47.25,45.61,47.24,502600
RBS,20091008,15.79,15.97,15.64,15.76,208200
RBS-F,20091008,14.03,14.06,13.72,14.06,29900
RBS-H,20091008,12.9,13.5,12.9,13.08,33600
RBS-L,20091008,11.13,11.26,10.84,10.95,267400
RBS-S,20091008,10.65,11.14,10.65,10.91,319300
RCI,20091008,26.74,27.3,26.74,27.11,487500
RCL,20091008,24.38,24.71,24.17,24.61,3323100
RCS,20091008,10.3,10.3,10.12,10.15,129700
RDC,20091008,24,25.38,23.87,25.21,4551600
RDN,20091008,9.09,9.1,8.79,8.82,2588700
RDS.A,20091008,56.93,57.43,56.67,57.09,1284200
RDS.B,20091008,55.53,56,55.25,55.73,475800
RDY,20091008,20.65,21.06,20.56,21.03,704800
RE,20091008,91.8,92.58,91.12,91.48,381900
REG,20091008,35.08,35.75,34.73,35.43,1273300
REN,20091008,56.2,57.1,55.15,55.65,494700
RES,20091008,4.7111,4.8445,4.6845,4.7955,78400
REV,20091008,4.9,5.05,4.56,5,606500
RF,20091008,6.12,6.16,5.93,5.94,26494500
RFI,20091008,8.95,9.1,8.95,9.06,15700
RGA,20091008,45.16,46.14,44.72,45.43,386800
RGC,20091008,12.38,12.48,12.08,12.13,1244400
RGR,20091008,12.68,12.95,12.54,12.82,144300
RGS,20091008,16.02,16.36,15.81,15.9,717400
RHI,20091008,25.41,26.46,25.41,25.92,1859600
RHT,20091008,27.98,27.98,27.53,27.6,1852800
RIG,20091008,88.39,92.6,88.28,92.11,8547900
RIO,20091008,45.4225,46.125,45.03,45.63,4112800
RJF,20091008,23.22,24.08,23.17,23.82,1433400
RL,20091008,75.84,76,74.85,75.6,1150500
RLH,20091008,5.88,6.04,5.76,5.76,52800
RLI,20091008,27.125,27.195,26.96,27.03,105100
RMD,20091008,22.375,22.48,21.99,22.35,1251400
RMT,20091008,7.27,7.38,7.27,7.32,78300
RNP,20091008,9.57,9.94,9.57,9.82,184800
RNR,20091008,57.01,57.18,56.53,56.58,343800
RNR-C,20091008,20.4,21.5,20.4,20.9,9000
ROG,20091008,28.52,28.67,28.25,28.33,68000
ROK,20091008,41.53,42.2,41.53,41.81,1095900
ROL,20091008,8.4449,8.4711,8.3702,8.4009,208100
ROP,20091008,48.76,49.97,48.7,49.95,705800
RPM,20091008,18.53,18.99,18.5,18.96,1302800
RPT,20091008,8.65,8.82,8.45,8.65,265800
RQI,20091008,5.76,5.88,5.73,5.82,128600
RRC,20091008,50.66,53.22,50.53,53.16,2762900
RS,20091008,42.49,42.54,41.08,41.97,1167800
RSG,20091008,26.51,26.83,26.33,26.78,1694900
RSO,20091008,5.34,5.36,5.25,5.25,181800
RST,20091008,23.34,23.34,22.25,22.39,223400
RT,20091008,8.4,9.38,8.1,8.75,4583900
RTN,20091008,45.88,46.09,45.48,45.59,3089500
RVT,20091008,10.3,10.47,10.3,10.46,137600
RWT,20091008,15.66,15.91,15.56,15.91,869000
RY,20091008,53.41,53.72,52.97,53.14,676300
RYN,20091008,27.1867,27.5067,27.0533,27.28,507500
S,20091008,3.78,3.79,3.68,3.68,38062800
SAB,20091008,19.24,19.24,19.24,19.24,0
SAH,20091008,10.08,10.96,10.08,10.66,1678600
SAM,20091008,37.73,38,37.13,37.87,29100
SAN,20091008,54.62,54.64,53.76,53.88,195300
SAP,20091008,50.55,51,50.39,50.73,1743900
SAR,20091008,35,36.8,34.5,36.3,50800
SB,20091008,8.25,8.55,8.2,8.45,152500
SBH,20091008,7.31,7.32,7.2,7.24,809700
SBR,20091008,41.12,41.99,41.02,41.52,41200
SBS,20091008,6.6767,6.7133,6.5817,6.6717,194500
SBW,20091008,12.35,12.47,12.35,12.45,26900
SCCO,20091008,32.52,33.37,32.05,33.26,4610100
SCD,20091008,9.52,9.63,9.5,9.61,100600
SCG,20091008,34.79,34.8,34.6,34.68,408500
SCI,20091008,7.16,7.34,7.09,7.33,1337200
SCL,20091008,31.25,31.565,30.95,31.545,118100
SCS,20091008,5.69,6.18,5.62,6.13,705000
SCX,20091008,10.45,10.51,10.25,10.4,5600
SD,20091008,13.27,13.89,13.12,13.74,5720600
SE,20091008,19.31,19.65,19.16,19.5,3600700
SEE,20091008,19.56,19.83,19.43,19.68,886700
SEM,20091008,9.7,9.85,9.6,9.78,662200
SEP,20091008,24.95,25.35,24.9,25.13,74700
SF,20091008,36.1067,36.44,35.7533,35.9533,259200
SFE,20091008,11.45,11.99,11.3,11.91,228300
SFL,20091008,11.99,12.49,11.99,12.41,771900
SGF,20091008,12.45,12.53,12.42,12.48,14900
SGU,20091008,3.68,3.74,3.65,3.66,217700
SGY,20091008,162.5,169.2,162.5,166.3,1089300
SHG,20091008,39.88,40.46,39.705,40.18,65900
SHI,20091008,27.96,28.1133,27.7333,27.8933,14300
SHO,20091008,7.5,7.57,7.34,7.56,1082900
SHW,20091008,60.09,61.34,59.85,61.23,1091900
SID,20091008,16.065,16.41,15.955,16.38,3904800
SIG,20091008,27.25,27.28,26.85,27.01,437800
SJI,20091008,17.955,18.105,17.765,18.05,217700
SJM,20091008,54.22,54.41,54.01,54.28,638400
SJR,20091008,19.03,19.1,18.8,19.03,466600
SJT,20091008,18.05,18.88,17.95,18.62,177800
SJW,20091008,21.99,22.63,21.78,22.29,29000
SKM,20091008,17.32,17.35,17.15,17.2,1426400
SKT,20091008,18.355,18.69,18.32,18.535,382100
SKX,20091008,6.36,6.4967,6.2767,6.46,535200
SLB,20091008,61,62.96,60.7,62.65,10031200
SLF,20091008,30.77,30.94,30.38,30.78,450700
SLG,20091008,42.17,44.41,41.96,43.15,2798900
SLW,20091008,14.14,14.17,13.65,13.77,10775300
SM,20091008,34.42,35.61,34.15,35.61,993500
SMG,20091008,42.63,43.13,42.09,43.04,350900
SMI,20091008,3.585,3.69,3.585,3.69,156000
SMP,20091008,15.51,15.7,15.06,15.44,179300
SNA,20091008,35.16,36.06,35.14,35.9,386300
SNE,20091008,28.34,28.54,28.1,28.2,967300
SNN,20091008,17.508,17.564,17.396,17.524,99000
SNP,20091008,67.4769,68.5462,67.4462,67.9462,296900
SNV,20091008,26.04,26.18,24.92,25.34,9706800
SNX,20091008,30.2,30.2,29.53,29.54,328200
SNY,20091008,37.93,38.13,37.36,37.89,1042600
SO,20091008,31.89,31.97,31.77,31.82,2532800
SOL,20091008,4.8,4.9,4.72,4.72,1486200
SON,20091008,28,28.11,27.56,28.05,487600
SOR,20091008,41.18,41.83,41.18,41.79,9100
SOV-C,20091008,24.75,25,24.75,25,3300
SPA,20091008,4.22,4.23,4.09,4.23,2200
SPG,20091008,68.39,70,68.39,68.88,3550200
SPG-J,20091008,61,61,61,61,100
SPH,20091008,42.56,42.99,42.1,42.77,96500
SPN,20091008,22.74,23.96,22.66,23.95,994300
SPR,20091008,18.37,18.74,18.35,18.67,578100
SQM,20091008,38.52,38.89,38.09,38.09,1305600
SR,20091008,38.55,40.5,37.9,39.45,279300
SRE,20091008,51.05,51.54,50.87,51.47,1433700
SRI,20091008,8.5,8.76,8.37,8.49,264200
SRT,20091008,8.36,8.38,8.15,8.15,63600
SRV,20091008,6.76,6.9,6.72,6.8,39200
SSD,20091008,24.99,25.86,24.98,25.52,283100
SSI,20091008,12.93,13.55,12.47,13.11,257700
SSL,20091008,39.43,39.99,38.95,39.79,515400
SSP,20091008,7.49,7.52,7.37,7.37,192900
SSW,20091008,9.4,9.85,9.33,9.82,304900
STC,20091008,11.59,11.6,10.01,10.3,3290300
STE,20091008,30.81,31.63,30.56,31.34,457500
STI,20091008,22.12,22.62,22,22.33,6709400
STI-A,20091008,17.65,17.66,17.59,17.62,1000
STJ,20091008,33.34,33.42,32.65,32.79,8071000
STL,20091008,7.28,7.28,7.08,7.08,58700
STM,20091008,9.47,9.51,9.35,9.42,1339300
STN,20091008,12.48,12.695,12.435,12.57,12000
STO,20091008,22.89,23.35,22.8,23.22,989900
STT,20091008,53.75,54.5,53.4,53.8,4337400
STV,20091008,6.99,7.11,6.99,7.01,115400
STWD,20091008,2.8407,2.8589,2.8211,2.8407,153500
STZ,20091008,16.16,16.26,15.94,16.2,2736500
STZ.B,20091008,16.15,16.15,16.15,16.15,0
SU,20091008,34.88,35.88,34.58,35.76,7136400
SUI,20091008,20.83,21.1,19.94,20.03,197100
SUN,20091008,28.53,29.45,28.53,29.17,4033500
SUP,20091008,14.42,14.99,14.4,14.85,170400
SVU,20091008,14.98,15.76,14.96,15.65,4346900
SWC,20091008,7.69,7.85,7.52,7.78,1009900
SWK,20091008,42.75,44.28,42.75,43.94,1020500
SWM,20091008,29.05,29.39,28.89,29.065,250000
SWN,20091008,43.31,44.83,43.31,44.76,3615700
SWX,20091008,25.88,26.06,25.7,25.74,250600
SWZ,20091008,11.9,12.15,11.79,12.07,58100
SXE,20091008,26.62,26.73,26.12,26.12,102900
SXI,20091008,19.88,20.08,19.57,19.58,34600
SXL,20091008,9.8634,10.0167,9.8534,9.9484,68800
SXT,20091008,27.53,27.65,27.25,27.63,236600
SYK,20091008,44.5,45.2,44.5,44.62,1907900
SYT,20091008,47.77,48.48,47.62,48.08,542100
SYX,20091008,12.54,12.87,12.49,12.79,106700
SYY,20091008,24.55,24.63,24.43,24.53,3945800
T,20091008,26.37,26.44,25.88,25.94,44223400
TAC,20091008,20.32,20.93,20.32,20.84,41100
TAL,20091008,13.85,14.42,13.75,14.09,80300
TAP,20091008,49.84,49.93,49.36,49.57,864200
TAP.A,20091008,49.31,49.31,49.31,49.31,100
TBI,20091008,14.52,14.89,14.29,14.74,358500
TCAP,20091008,12.5,12.74,12.5,12.5,50800
TCB,20091008,13.42,13.68,13.22,13.53,3090100
TCI,20091008,12.5,12.5,11.95,11.95,600
TCO,20091008,34.2,35.15,34.15,34.67,714900
TD,20091008,31.255,31.36,30.975,31.155,700600
TDA,20091008,23.22,23.27,23.18,23.26,29200
TDC,20091008,27.7,27.77,27.06,27.11,1197300
TDF,20091008,25.85,26.1,25.79,26.07,88000
TDG,20091008,48.44,49.72,47.83,49.55,844000
TDI,20091008,21.34,21.41,21.23,21.28,3300
TDS,20091008,31.56,31.58,31.14,31.27,347300
TDW,20091008,45.41,46.25,45.19,46.11,850500
TDY,20091008,36.51,36.58,36.07,36.24,146700
TEF,20091008,28.2167,28.4767,28.1067,28.41,235900
TEI,20091008,14.53,14.59,14.46,14.54,180500
TEL,20091008,21.68,21.99,21.52,21.87,2555000
TEN,20091008,14,14.7,13.95,14.46,1459800
TEO,20091008,16.67,17.23,16.52,17.19,211900
TER,20091008,9.72,9.94,9.59,9.87,8420000
TEVA,20091008,51.12,52.03,51.1,51.37,4652800
TEX,20091008,19.97,20.91,19.84,20.83,4310700
TFX,20091008,47.53,48,47.48,47.86,161200
TG,20091008,15.09,15.48,14.9,15.31,113900
TGH,20091008,16.07,16.52,15.99,16.3,86200
TGI,20091008,24.075,24.205,23.79,23.91,169900
TGP,20091008,25.31,26.11,25.31,26.02,86800
TGS,20091008,3.1,3.15,3.1,3.15,12500
TGT,20091008,47.7,49.64,47.52,49.34,12095300
THC,20091008,23.16,24.08,22.96,23.8,12483800
THG,20091008,42.71,43,42.42,42.93,246500
THO,20091008,31.59,32.12,31.07,31.85,632300
THS,20091008,35.21,35.4,34.9,35.36,270800
TI,20091008,17.4,17.49,17.36,17.4,70900
TI.A,20091008,12.13,12.27,12.04,12.1,77700
TIF,20091008,40.39,41.12,40.05,40.61,1797600
TJX,20091008,19.19,19.42,18.745,18.795,7730400
TK,20091008,23.74,24.98,23.74,24.87,924000
TKC,20091008,18.05,18.21,17.87,18.05,1004400
TKF,20091008,13,13.29,12.96,13.25,61100
TKR,20091008,22.75,23.09,22.54,22.89,603100
TLI,20091008,9.84,9.9,9.79,9.8,36200
TLK,20091008,18.25,18.34,18.13,18.305,263600
TLP,20091008,26.71,27.25,26.71,27.17,76900
TM,20091008,78.77,79.49,78.55,78.81,586300
TMK,20091008,20,20.4489,19.8445,20.1511,690400
TMO,20091008,45.96,46.26,45.33,45.4,2736100
TNC,20091008,29.8,30.68,29.7,29.8,116800
TNH,20091008,104.5,105.55,104,104.44,19000
TNK,20091008,8.89,9.02,8.8,8.81,300800
TNP,20091008,16.11,16.39,15.9,16.32,225800
TOL,20091008,18.82,19.55,18.57,19.3,4690400
TOO,20091008,16.57,17.17,16.33,16.91,186200
TOT,20091008,58.92,59.54,58.65,59.19,1715900
TPC,20091008,20.94,21.24,20.82,20.96,125400
TPL,20091008,30.02,31.41,30.01,30.8,15300
TPX,20091008,18.92,19.79,18.8,19.41,1248900
TPZ,20091008,18.9,19.18,18.75,18.9,37900
TR,20091008,24.11,24.29,23.96,24.12,83100
TRC,20091008,25.95,26.34,25.59,26.05,36700
TRI,20091008,34.16,34.23,33.7,33.97,535700
TRK,20091008,14.3,14.97,14.3,14.44,145200
TRN,20091008,8.4,8.68,8.265,8.67,1775200
TRP,20091008,31.75,32.06,31.48,32,218900
TRR,20091008,3.34,3.5,3.34,3.5,6700
TRU,20091008,6.81,6.81,6.5,6.74,15100
TRV,20091008,49.2,49.37,48.35,48.35,6107400
TS,20091008,35.85,36.5,35.62,36.4,1298000
TSI,20091008,4.26,4.28,4.21,4.22,285000
TSL,20091008,17.2,17.625,16.97,17.4,1281700
TSM,20091008,10.19,10.2,9.87,9.92,60276300
TSN,20091008,12.47,12.56,12.29,12.5,2665300
TSO,20091008,14.77,14.9,14.39,14.77,6407300
TSS,20091008,16.11,16.3,16,16.28,1342000
TSU,20091008,27.53,28.53,27.32,28.3,466300
TTC,20091008,9.65,9.71,9.5175,9.565,307100
TTF,20091008,9.53,9.61,9.49,9.59,27500
TTI,20091008,9.76,9.93,9.66,9.85,413600
TTM,20091008,13.01,13.1,12.81,12.89,913800
TU,20091008,15.255,15.425,15.07,15.375,113900
TUP,20091008,40.33,40.58,39.89,40.44,617900
TV,20091008,18.18,18.75,18.18,18.5,2432200
TVC,20091008,25.67,25.7,25.5,25.58,19900
TVE,20091008,25.67,25.84,25.5,25.62,14000
TWI,20091008,8.74,9,8.62,8.94,376900
TWN,20091008,13.84,13.91,13.76,13.91,25300
TWX,20091008,30.27,30.83,30.2,30.54,6105600
TX,20091008,27.6,27.6,26.78,27.51,311700
TXT,20091008,18.9,19.49,18.9,19.38,3358700
TY,20091008,11.17,11.28,11.13,11.2,86200
TY.P,20091008,43,43,43,43,0
TYG,20091008,26.4,26.9,26.13,26.49,85000
TYL,20091008,17.18,17.27,17.11,17.18,309800
UA,20091008,3.6263,3.6488,3.5375,3.6275,418700
UAL,20091008,7.13,7.46,7.03,7.22,15336500
UAM,20091008,9.36,9.53,9.24,9.5,194300
UBA,20091008,15.36,15.36,15.05,15.05,71700
UBP,20091008,14.25,14.35,14.19,14.35,4800
UBS,20091008,17.73,18,17.61,17.75,4975100
UDR,20091008,15.23,15.64,15.2,15.46,2369900
UFI,20091008,3.15,3.22,3.04,3.11,455600
UFS,20091008,19.765,20.395,19.745,20.23,684600
UGI,20091008,16.4133,16.4867,16.3133,16.4467,651800
UGP,20091008,10.165,10.4275,10.1075,10.38,40300
UHS,20091008,31.38,32.465,31.18,32.44,677900
UHT,20091008,32.06,32.21,31.69,31.71,28400
UIS,20091008,27.1,28.6,27.1,28.4,6679800
UL,20091008,28.46,28.69,28.28,28.64,1136500
UMC,20091008,3.6,3.62,3.42,3.53,7393200
UN,20091008,28.74,28.97,28.59,28.97,1179400
UNF,20091008,45.17,46.3,44.95,45.46,72300
UNH,20091008,24.29,24.43,23.5,24.16,24531600
UNM,20091008,21.72,22.15,21.6,21.67,2741900
UNP,20091008,29.645,29.98,29.46,29.725,4514000
UNT,20091008,42.42,44.08,42.26,44.05,363300
UPS,20091008,55.75,56.68,55.72,56.33,7005400
URI,20091008,9.55,10.07,9.5,9.84,787800
USA,20091008,4.23,4.29,4.23,4.26,415800
USB,20091008,22.26,22.82,22.18,22.6,14630700
USB-H,20091008,18,18.19,17.98,18.04,10500
USG,20091008,16.93,17.88,16.78,17.29,1373500
USM,20091008,38.85,38.85,38.34,38.4,79100
USPH,20091008,16.54,16.54,16.34,16.34,15300
UTF,20091008,13.9,13.94,13.78,13.81,101600
UTI,20091008,20.08,20.32,19.71,20.21,87100
UTL,20091008,22.5,22.9,22.49,22.74,40500
UTX,20091008,61.6,62.28,61.29,61.78,4464200
UVV,20091008,43.29,43.98,43.11,43.62,259200
V,20091008,17.775,18.0075,17.6675,17.9325,6026300
VAL,20091008,26.96,27.17,26.84,27.14,690600
VAL.P,20091008,22,22.35,21.79,22.2,12449400
VALE,20091008,24.81,25.28,24.57,24.97,35096500
VAR,20091008,39.24,40.1,39.16,39.61,1121700
VBF,20091008,19.5,19.5,19.31,19.36,18500
VCO,20091008,41.64,41.64,41.64,41.64,0
VCV,20091008,12.91,12.91,12.79,12.86,31700
VFC,20091008,18.305,18.8875,18.2075,18.76,1213500
VG,20091008,2,2,1.7,1.73,50002900
VGM,20091008,14.24,14.45,14.24,14.38,75900
VGR,20091008,15.55,15.61,15.41,15.56,182900
VHI,20091008,3.9967,4.0333,3.85,3.87,18200
VIV,20091008,25.11,25.66,25.05,25.66,178300
VKQ,20091008,14.1,14.15,14.06,14.15,42800
VLO,20091008,19.42,19.67,19.18,19.6,10167100
VLT,20091008,13.82,13.93,13.8,13.8,33000
VLY,20091008,12.13,12.25,11.99,12.17,999600
VLY-A,20091008,24.41,24.53,24.4,24.53,1800
VMC,20091008,51.78,52.94,51.56,52.54,990900
VMI,20091008,85.68,87.11,84.29,86.84,295000
VMO,20091008,14.35,14.38,14.3,14.32,47800
VMW,20091008,42.08,42.62,41.61,42.28,1527600
VNO,20091008,62.3,63.59,62.04,62.75,1975900
VNO-G,20091008,21.49,21.54,21.27,21.33,5400
VNO-I,20091008,21.47,21.6,21.31,21.31,4200
VPV,20091008,13.01,13.11,13,13.09,17100
VR,20091008,26.37,26.73,26.24,26.61,494400
VRS,20091008,3.1,3.2,3.04,3.15,128100
VRX,20091008,29.3,29.94,29.23,29.67,915100
VSH,20091008,7.69,7.75,7.4,7.46,1736400
VTA,20091008,11.37,11.37,11.26,11.26,113600
VTN,20091008,14.77,14.77,14.6,14.6,24400
VTR,20091008,38,38.72,38,38.38,1676300
VVC,20091008,22.75,23.07,22.66,23.02,408600
VVI,20091008,19.77,20.3,19.61,19.97,70100
VVR,20091008,3.98,4.01,3.96,3.99,542200
VZ,20091008,29.55,29.55,29.1,29.16,19062800
WAB,20091008,18.965,19.45,18.88,19.45,330000
WAL,20091008,6.11,6.14,5.91,5.92,206400
WAT,20091008,57.07,57.92,57.04,57.22,541300
WBC,20091008,22.72,23.82,22.72,23.69,871300
WBK,20091008,23.002,24.088,23.002,23.91,31400
WBS,20091008,12.84,13.07,12.53,13,744300
WCC,20091008,28.32,29.29,28.32,29,375200
WCG,20091008,25.86,26.2,24.86,25.03,577300
WCN,20091008,19.12,19.4,19.08,19.2533,310800
WDR,20091008,29.12,29.54,28.83,29.04,907800
WEA,20091008,12.76,12.85,12.66,12.79,24800
WEC,20091008,22.315,22.355,22.175,22.22,537800
WES,20091008,17.74,17.89,17.7,17.78,103500
WF,20091008,39.69,40.19,39.69,39.95,1700
WFC,20091008,29.16,29.43,28.91,29.05,45338800
WFC-J,20091008,25.03,25.08,24.99,25.04,162300
WFC-L,20091008,897.5,901,897.5,901,7400
WFT,20091008,19.15,20.06,18.61,19.89,60405600
WG,20091008,14.81,15.29,14.69,14.81,420700
WGL,20091008,33.09,33.12,32.67,33.06,302100
WGO,20091008,14.97,15.12,14.84,14.96,516400
WHG,20091008,38.29,38.81,37.67,38.27,13900
WHR,20091008,69.15,71,68.39,69.61,1304000
WIA,20091008,12.08,12.18,12.08,12.16,38400
WIT,20091008,11.19,11.19,10.866,10.992,432000
WIW,20091008,11.95,11.99,11.95,11.97,99200
WLK,20091008,13.13,13.29,12.95,13.225,119000
WLL,20091008,29.435,30.775,29.435,30.6,1010800
WM,20091008,28.62,28.81,28.51,28.68,2225800
WMB,20091008,18.5,19.52,18.45,19.42,10674900
WMK,20091008,32.45,32.45,31.89,32.03,33400
WMS,20091008,46.18,47.32,46.1,46.85,719100
WMT,20091008,49.53,49.87,49.4,49.74,14962600
WNC,20091008,2.74,2.87,2.72,2.81,200800
WNR,20091008,6.53,6.63,6.35,6.42,2469700
WNS,20091008,15.7,15.7,15.3,15.42,32200
WOR,20091008,13.83,14.19,13.53,13.68,1896200
WPC,20091008,27.41,28.08,27,27.87,39600
WPZ,20091008,24,24.1,23.69,24.03,279400
WR,20091008,19.87,19.88,19.59,19.64,1283300
WRB,20091008,26.04,26.15,25.61,25.7,1187600
WRD,20091008,20.84,21.08,20.75,20.76,10100
WRE,20091008,28.44,29.01,28.14,28.84,629900
WRI,20091008,19.4,20.04,19.34,19.76,1224100
WSM,20091008,20.66,21.2,20.46,20.66,2129900
WSO,20091008,52.75,53,51.81,52.7,227200
WST,20091008,20.365,20.365,20.015,20.09,145300
WTI,20091008,12.05,12.67,12,12.63,571900
WTM,20091008,312.49,318.9,312.49,318.9,39700
WTR,20091008,13.552,13.568,13.312,13.36,1249700
WTS,20091008,30.31,30.9,30.08,30.51,125100
WTW,20091008,26.75,27,26.41,26.94,236200
WU,20091008,18.81,19.07,18.75,18.96,3537600
WWE,20091008,13.93,14,13.77,13.95,143400
WWW,20091008,13.345,14.155,13.345,13.91,1052700
WY,20091008,35.39,36.62,35.09,36.48,4072000
WYN,20091008,17.55,18.13,17.41,17.94,5149000
X,20091008,43.96,44.57,43.16,44.12,11451700
XCO,20091008,18.8,19.8,18.56,19.58,2340200
XEC,20091008,44.38,45.04,43.87,44.98,1378600
XEL,20091008,19.47,19.53,19.29,19.33,2406300
XIN,20091008,4.62,4.62,4.4,4.46,117900
XKE,20091008,7.1,7.1,7.1,7.1,900
XL,20091008,17.55,17.88,17.49,17.87,5274800
XOM,20091008,68.97,69.3,68.7,69.05,19231400
XRM,20091008,23.2,26.8,23,26.4,755100
XRX,20091008,7.37,7.63,7.24,7.61,42867400
Y,20091008,261.37,261.87,256.91,259.45,30800
YGE,20091008,129,130.4,125.7,128,3722400
YPF,20091008,37.8,38.05,37.74,38,4800
YUM,20091008,34.52,34.81,34.48,34.52,6193500
YZC,20091008,15.29,15.43,15.1,15.4,309400
ZB-A,20091008,12.52,12.75,12.52,12.75,16500
ZF,20091008,12.64,12.84,12.64,12.64,316800
ZNH,20091008,16.1,16.2,16,16.02,37700
ZTR,20091008,15.2,15.24,15,15.08,205800
