<ticker>,<date>,<open>,<high>,<low>,<close>,<vol>
A,20070903,36.4,36.4,36.4,36.4,0
AA,20070903,109.59,109.59,109.59,109.59,0
AAP,20070903,35.56,35.56,35.56,35.56,0
AAV,20070903,11.41,11.41,11.41,11.41,0
AB,20070903,82.61,82.61,82.61,82.61,0
ABB,20070903,24.66,24.66,24.66,24.66,0
ABC,20070903,23.925,23.925,23.925,23.925,0
ABG,20070903,21.62,21.62,21.62,21.62,0
ABM,20070903,23.38,23.38,23.38,23.38,0
ABR,20070903,20.02,20.02,20.02,20.02,0
ABT,20070903,51.91,51.91,51.91,51.91,0
ABX,20070903,32.52,32.52,32.52,32.52,0
ACC,20070903,28.34,28.34,28.34,28.34,0
ACH,20070903,67.79,67.79,67.79,67.79,0
ACM,20070903,26.87,26.87,26.87,26.87,0
ACN,20070903,41.21,41.21,41.21,41.21,0
ACP,20070903,117.94,117.94,117.94,117.94,0
ACV,20070903,23.17,23.17,23.17,23.17,0
ADC,20070903,30.5,30.5,30.5,30.5,0
ADM,20070903,33.7,33.7,33.7,33.7,0
ADS,20070903,78.45,78.45,78.45,78.45,0
ADX,20070903,14.61,14.61,14.61,14.61,0
AEB,20070903,23.69,23.69,23.69,23.69,0
AED,20070903,24.4,24.4,24.4,24.4,0
AEE,20070903,50.78,50.78,50.78,50.78,0
AEG,20070903,18.22,18.22,18.22,18.22,0
AEH,20070903,24.11,24.11,24.11,24.11,0
AEL,20070903,10.21,10.21,10.21,10.21,0
AEM,20070903,44.45,44.45,44.45,44.45,0
AEO,20070903,25.83,25.83,25.83,25.83,0
AEP,20070903,44.48,44.48,44.48,44.48,0
AER,20070903,25.44,25.44,25.44,25.44,0
AES,20070903,18.11,18.11,18.11,18.11,0
AES-C,20070903,47.85,47.85,47.85,47.85,0
AET,20070903,50.91,50.91,50.91,50.91,0
AF,20070903,26.07,26.07,26.07,26.07,0
AFB,20070903,14.08,14.08,14.08,14.08,0
AFC,20070903,21.73,21.73,21.73,21.73,0
AFG,20070903,28.2,28.2,28.2,28.2,0
AFL,20070903,53.31,53.31,53.31,53.31,0
AG,20070903,43.2,43.2,43.2,43.2,0
AGC,20070903,16.88,16.88,16.88,16.88,0
AGCO,20070903,43.2,43.2,43.2,43.2,0
AGD,20070903,44.96,44.96,44.96,44.96,0
AGM,20070903,32.6,32.6,32.6,32.6,0
AGM.A,20070903,22.7,22.7,22.7,22.7,0
AGN,20070903,60.01,60.01,60.01,60.01,0
AGO,20070903,26.07,26.07,26.07,26.07,0
AGU,20070903,45.54,45.54,45.54,45.54,0
AHL,20070903,25.09,25.09,25.09,25.09,0
AHL-A,20070903,25.24,25.24,25.24,25.24,0
AHT,20070903,10.91,10.91,10.91,10.91,0
AHT-A,20070903,24.25,24.25,24.25,24.25,0
AHT-D,20070903,24.24,24.24,24.24,24.24,0
AIB,20070903,256.85,256.85,256.85,256.85,0
AIG,20070903,1320,1320,1320,1320,0
AIN,20070903,38.94,38.94,38.94,38.94,0
AIR,20070903,31.4,31.4,31.4,31.4,0
AIT,20070903,31.98,31.98,31.98,31.98,0
AIV,20070903,44.7,44.7,44.7,44.7,0
AIZ,20070903,51.54,51.54,51.54,51.54,0
AJG,20070903,29.53,29.53,29.53,29.53,0
AKO.A,20070903,17.7,17.7,17.7,17.7,0
AKO.B,20070903,19.32,19.32,19.32,19.32,0
AKP,20070903,14.07,14.07,14.07,14.07,0
AKR,20070903,24.97,24.97,24.97,24.97,0
AKS,20070903,40,40,40,40,0
AL,20070903,98.51,98.51,98.51,98.51,0
ALB,20070903,40.47,40.47,40.47,40.47,0
ALE,20070903,42.11,42.11,42.11,42.11,0
ALG,20070903,25.5,25.5,25.5,25.5,0
ALJ,20070903,38.3,38.3,38.3,38.3,0
ALK,20070903,6.205,6.205,6.205,6.205,0
ALL,20070903,54.75,54.75,54.75,54.75,0
ALP-O,20070903,24.1,24.1,24.1,24.1,0
ALV,20070903,57.37,57.37,57.37,57.37,0
ALX,20070903,399.75,399.75,399.75,399.75,0
AM,20070903,24.74,24.74,24.74,24.74,0
AME,20070903,17.7733,17.7733,17.7733,17.7733,0
AMG,20070903,113.25,113.25,113.25,113.25,0
AMN,20070903,95.5,95.5,95.5,95.5,0
AMP,20070903,61.01,61.01,61.01,61.01,0
AMT,20070903,39.62,39.62,39.62,39.62,0
AMX,20070903,30.23,30.23,30.23,30.23,0
AN,20070903,18.98,18.98,18.98,18.98,0
ANF,20070903,78.7,78.7,78.7,78.7,0
ANH,20070903,5.38,5.38,5.38,5.38,0
ANH-A,20070903,21.25,21.25,21.25,21.25,0
ANH-B,20070903,17.75,17.75,17.75,17.75,0
ANW,20070903,22.15,22.15,22.15,22.15,0
AOD,20070903,39.26,39.26,39.26,39.26,0
AOI,20070903,77,77,77,77,0
AON,20070903,43.32,43.32,43.32,43.32,0
AOS,20070903,8.0334,8.0334,8.0334,8.0334,0
AP,20070903,42.53,42.53,42.53,42.53,0
APA,20070903,77.38,77.38,77.38,77.38,0
APB,20070903,28.3,28.3,28.3,28.3,0
APC,20070903,48.98,48.98,48.98,48.98,0
APD,20070903,90.01,90.01,90.01,90.01,0
APF,20070903,20.65,20.65,20.65,20.65,0
APH,20070903,18.055,18.055,18.055,18.055,0
APU,20070903,35.06,35.06,35.06,35.06,0
ARA,20070903,62.43,62.43,62.43,62.43,0
ARE,20070903,93.33,93.33,93.33,93.33,0
ARL,20070903,7.7,7.7,7.7,7.7,0
ARW,20070903,41.96,41.96,41.96,41.96,0
ASA,20070903,19.99,19.99,19.99,19.99,0
ASG,20070903,5.71,5.71,5.71,5.71,0
ASH,20070903,59.79,59.79,59.79,59.79,0
ASR,20070903,49.64,49.64,49.64,49.64,0
ASX,20070903,5,5,5,5,0
ATI,20070903,99.39,99.39,99.39,99.39,0
ATO,20070903,28.11,28.11,28.11,28.11,0
ATR,20070903,36.33,36.33,36.33,36.33,0
ATU,20070903,30.495,30.495,30.495,30.495,0
ATV,20070903,14,14,14,14,0
ATW,20070903,75.99,75.99,75.99,75.99,0
AU,20070903,39.03,39.03,39.03,39.03,0
AUO,20070903,14.69,14.69,14.69,14.69,0
AUY,20070903,11.06,11.06,11.06,11.06,0
AV,20070903,16.83,16.83,16.83,16.83,0
AVA,20070903,19.57,19.57,19.57,19.57,0
AVB,20070903,114.38,114.38,114.38,114.38,0
AVD,20070903,15.66,15.66,15.66,15.66,0
AVK,20070903,24.8,24.8,24.8,24.8,0
AVP,20070903,34.35,34.35,34.35,34.35,0
AVT,20070903,39.31,39.31,39.31,39.31,0
AVX,20070903,15.72,15.72,15.72,15.72,0
AVY,20070903,59.79,59.79,59.79,59.79,0
AWF,20070903,12.84,12.84,12.84,12.84,0
AWH,20070903,16.0067,16.0067,16.0067,16.0067,0
AWI,20070903,42,42,42,42,0
AWP,20070903,16.57,16.57,16.57,16.57,0
AWR,20070903,19.53,19.53,19.53,19.53,0
AXE,20070903,76.77,76.77,76.77,76.77,0
AXL,20070903,23.32,23.32,23.32,23.32,0
AXP,20070903,58.62,58.62,58.62,58.62,0
AXR,20070903,33.6,33.6,33.6,33.6,0
AXS,20070903,36.1,36.1,36.1,36.1,0
AYI,20070903,52.54,52.54,52.54,52.54,0
AYR,20070903,34.49,34.49,34.49,34.49,0
AZN,20070903,49.2,49.2,49.2,49.2,0
AZO,20070903,121.29,121.29,121.29,121.29,0
AZZ,20070903,14.2,14.2,14.2,14.2,0
B,20070903,31.46,31.46,31.46,31.46,0
BA,20070903,96.7,96.7,96.7,96.7,0
BAC,20070903,50.68,50.68,50.68,50.68,0
BAC-C,20070903,25.05,25.05,25.05,25.05,0
BAC-D,20070903,25.35,25.35,25.35,25.35,0
BAC-E,20070903,23.8,23.8,23.8,23.8,0
BAC-W,20070903,24.92,24.92,24.92,24.92,0
BAC-Y,20070903,22.8,22.8,22.8,22.8,0
BAF,20070903,13.53,13.53,13.53,13.53,0
BAK,20070903,18.25,18.25,18.25,18.25,0
BAM,20070903,22.58,22.58,22.58,22.58,0
BAP,20070903,61.35,61.35,61.35,61.35,0
BAS,20070903,20.67,20.67,20.67,20.67,0
BAX,20070903,54.76,54.76,54.76,54.76,0
BBD,20070903,18.697,18.697,18.697,18.697,0
BBF,20070903,15.13,15.13,15.13,15.13,0
BBG,20070903,35.24,35.24,35.24,35.24,0
BBK,20070903,16.5,16.5,16.5,16.5,0
BBL,20070903,58.6,58.6,58.6,58.6,0
BBT,20070903,39.73,39.73,39.73,39.73,0
BBVA,20070903,23.22,23.22,23.22,23.22,0
BBW,20070903,16.46,16.46,16.46,16.46,0
BBX,20070903,41.45,41.45,41.45,41.45,0
BBY,20070903,43.95,43.95,43.95,43.95,0
BC,20070903,25.15,25.15,25.15,25.15,0
BCE,20070903,38.2,38.2,38.2,38.2,0
BCH,20070903,48.55,48.55,48.55,48.55,0
BCO,20070903,57.36,57.36,57.36,57.36,0
BCR,20070903,83.39,83.39,83.39,83.39,0
BCS,20070903,49.6,49.6,49.6,49.6,0
BDC,20070903,48.61,48.61,48.61,48.61,0
BDJ,20070903,13.66,13.66,13.66,13.66,0
BDN,20070903,25.78,25.78,25.78,25.78,0
BDX,20070903,76.94,76.94,76.94,76.94,0
BEN,20070903,43.9233,43.9233,43.9233,43.9233,0
BEP,20070903,17.6,17.6,17.6,17.6,0
BF.A,20070903,25.2034,25.2034,25.2034,25.2034,0
BF.B,20070903,23.8534,23.8534,23.8534,23.8534,0
BFK,20070903,15.41,15.41,15.41,15.41,0
BFO,20070903,13.15,13.15,13.15,13.15,0
BFR,20070903,9.16,9.16,9.16,9.16,0
BFS,20070903,50.06,50.06,50.06,50.06,0
BFZ,20070903,15.58,15.58,15.58,15.58,0
BG,20070903,91.44,91.44,91.44,91.44,0
BGC,20070903,58.18,58.18,58.18,58.18,0
BGE-B,20070903,23.23,23.23,23.23,23.23,0
BGG,20070903,29.19,29.19,29.19,29.19,0
BGH,20070903,31.4,31.4,31.4,31.4,0
BGR,20070903,29.11,29.11,29.11,29.11,0
BGS,20070903,12.79,12.79,12.79,12.79,0
BGT,20070903,17.32,17.32,17.32,17.32,0
BGY,20070903,17.8,17.8,17.8,17.8,0
BHE,20070903,25.08,25.08,25.08,25.08,0
BHI,20070903,83.86,83.86,83.86,83.86,0
BHK,20070903,12.31,12.31,12.31,12.31,0
BHP,20070903,63.15,63.15,63.15,63.15,0
BID,20070903,43.28,43.28,43.28,43.28,0
BIF,20070903,10.21,10.21,10.21,10.21,0
BIG,20070903,29.77,29.77,29.77,29.77,0
BJZ,20070903,15.24,15.24,15.24,15.24,0
BK,20070903,40.43,40.43,40.43,40.43,0
BKD,20070903,36.62,36.62,36.62,36.62,0
BKE,20070903,37.41,37.41,37.41,37.41,0
BKH,20070903,41.19,41.19,41.19,41.19,0
BKK,20070903,15.2,15.2,15.2,15.2,0
BKN,20070903,16.34,16.34,16.34,16.34,0
BKS,20070903,36.07,36.07,36.07,36.07,0
BKT,20070903,6,6,6,6,0
BLH,20070903,15.31,15.31,15.31,15.31,0
BLK,20070903,155.1,155.1,155.1,155.1,0
BLL,20070903,26.19,26.19,26.19,26.19,0
BLW,20070903,17.23,17.23,17.23,17.23,0
BLX,20070903,18.77,18.77,18.77,18.77,0
BMA,20070903,27.29,27.29,27.29,27.29,0
BME,20070903,25.94,25.94,25.94,25.94,0
BMO,20070903,61.6,61.6,61.6,61.6,0
BMS,20070903,29.87,29.87,29.87,29.87,0
BMY,20070903,29.15,29.15,29.15,29.15,0
BNJ,20070903,16.76,16.76,16.76,16.76,0
BNS,20070903,49.46,49.46,49.46,49.46,0
BNY,20070903,16.14,16.14,16.14,16.14,0
BOE,20070903,26.4,26.4,26.4,26.4,0
BOH,20070903,51.41,51.41,51.41,51.41,0
BP,20070903,67.36,67.36,67.36,67.36,0
BPK,20070903,16.4,16.4,16.4,16.4,0
BPL,20070903,49.05,49.05,49.05,49.05,0
BPT,20070903,71.6,71.6,71.6,71.6,0
BQH,20070903,16.32,16.32,16.32,16.32,0
BR,20070903,18.17,18.17,18.17,18.17,0
BRC,20070903,38.93,38.93,38.93,38.93,0
BRK.A,20070903,118390,118390,118390,118390,0
BRK.B,20070903,77.8,77.8,77.8,77.8,0
BRO,20070903,26.92,26.92,26.92,26.92,0
BRS,20070903,43.35,43.35,43.35,43.35,0
BRT,20070903,21.17,21.17,21.17,21.17,0
BSD,20070903,15.93,15.93,15.93,15.93,0
BSE,20070903,14.12,14.12,14.12,14.12,0
BSX,20070903,12.83,12.83,12.83,12.83,0
BT,20070903,31.88,31.88,31.88,31.88,0
BTA,20070903,12.25,12.25,12.25,12.25,0
BTE,20070903,17.4,17.4,17.4,17.4,0
BTO,20070903,33.8,33.8,33.8,33.8,0
BTZ,20070903,19.69,19.69,19.69,19.69,0
BUD,20070903,49.4,49.4,49.4,49.4,0
BVN,20070903,38.23,38.23,38.23,38.23,0
BW,20070903,48.3,48.3,48.3,48.3,0
BWA,20070903,42.25,42.25,42.25,42.25,0
BWP,20070903,33.2,33.2,33.2,33.2,0
BX,20070903,23.13,23.13,23.13,23.13,0
BXC,20070903,81.5,81.5,81.5,81.5,0
BXP,20070903,100.07,100.07,100.07,100.07,0
BXS,20070903,24.99,24.99,24.99,24.99,0
BYD,20070903,40.85,40.85,40.85,40.85,0
BYM,20070903,14.35,14.35,14.35,14.35,0
BZH,20070903,52.85,52.85,52.85,52.85,0
C,20070903,468.8,468.8,468.8,468.8,0
C-S,20070903,22.7,22.7,22.7,22.7,0
CAB,20070903,23.63,23.63,23.63,23.63,0
CACI,20070903,51.02,51.02,51.02,51.02,0
CAE,20070903,73.61,73.61,73.61,73.61,0
CAF,20070903,54.95,54.95,54.95,54.95,0
CAG,20070903,25.71,25.71,25.71,25.71,0
CAH,20070903,68.38,68.38,68.38,68.38,0
CAI,20070903,51.02,51.02,51.02,51.02,0
CAJ,20070903,57.12,57.12,57.12,57.12,0
CAL,20070903,33.26,33.26,33.26,33.26,0
CAS,20070903,29.13,29.13,29.13,29.13,0
CAT,20070903,75.77,75.77,75.77,75.77,0
CB,20070903,51.13,51.13,51.13,51.13,0
CBB,20070903,24.4,24.4,24.4,24.4,0
CBB-B,20070903,44,44,44,44,0
CBD,20070903,16.065,16.065,16.065,16.065,0
CBG,20070903,29.52,29.52,29.52,29.52,0
CBI,20070903,37.37,37.37,37.37,37.37,0
CBK,20070903,12.08,12.08,12.08,12.08,0
CBL,20070903,32.96,32.96,32.96,32.96,0
CBL-D,20070903,24.1,24.1,24.1,24.1,0
CBM,20070903,12.47,12.47,12.47,12.47,0
CBR,20070903,7.93,7.93,7.93,7.93,0
CBS,20070903,31.51,31.51,31.51,31.51,0
CBS.A,20070903,31.46,31.46,31.46,31.46,0
CBT,20070903,40.34,40.34,40.34,40.34,0
CBU,20070903,20.11,20.11,20.11,20.11,0
CBZ,20070903,7.5,7.5,7.5,7.5,0
CC,20070903,10.88,10.88,10.88,10.88,0
CCC,20070903,13.35,13.35,13.35,13.35,0
CCE,20070903,23.82,23.82,23.82,23.82,0
CCI,20070903,36.76,36.76,36.76,36.76,0
CCJ,20070903,40.38,40.38,40.38,40.38,0
CCK,20070903,24.02,24.02,24.02,24.02,0
CCL,20070903,45.59,45.59,45.59,45.59,0
CCO,20070903,25.38,25.38,25.38,25.38,0
CCS,20070903,23.8,23.8,23.8,23.8,0
CCU,20070903,14.904,14.904,14.904,14.904,0
CCZ,20070903,41.25,41.25,41.25,41.25,0
CDE,20070903,34.2,34.2,34.2,34.2,0
CDI,20070903,28.6,28.6,28.6,28.6,0
CDR,20070903,13.24,13.24,13.24,13.24,0
CE,20070903,35.92,35.92,35.92,35.92,0
CEA,20070903,24.025,24.025,24.025,24.025,0
CEE,20070903,51.95,51.95,51.95,51.95,0
CEL,20070903,25.2,25.2,25.2,25.2,0
CEM,20070903,9.21,9.21,9.21,9.21,0
CEN,20070903,34.25,34.25,34.25,34.25,0
CEO,20070903,122.9,122.9,122.9,122.9,0
CF,20070903,12.666,12.666,12.666,12.666,0
CFC-B,20070903,18.75,18.75,18.75,18.75,0
CFI,20070903,10.2,10.2,10.2,10.2,0
CFR,20070903,51.58,51.58,51.58,51.58,0
CGI,20070903,31.88,31.88,31.88,31.88,0
CHA,20070903,58.18,58.18,58.18,58.18,0
CHD,20070903,11.2325,11.2325,11.2325,11.2325,0
CHE,20070903,62.04,62.04,62.04,62.04,0
CHH,20070903,37.48,37.48,37.48,37.48,0
CHK,20070903,32.26,32.26,32.26,32.26,0
CHK-D,20070903,95.45,95.45,95.45,95.45,0
CHL,20070903,67.79,67.79,67.79,67.79,0
CHN,20070903,43.99,43.99,43.99,43.99,0
CHS,20070903,15.98,15.98,15.98,15.98,0
CHT,20070903,17.52,17.52,17.52,17.52,0
CHU,20070903,19,19,19,19,0
CI,20070903,51.68,51.68,51.68,51.68,0
CIA,20070903,7.54,7.54,7.54,7.54,0
CIB,20070903,32.78,32.78,32.78,32.78,0
CIF,20070903,3.33,3.33,3.33,3.33,0
CIG,20070903,9.728,9.728,9.728,9.728,0
CIG.C,20070903,18.74,18.74,18.74,18.74,0
CII,20070903,21.06,21.06,21.06,21.06,0
CIR,20070903,42.29,42.29,42.29,42.29,0
CIT,20070903,37.57,37.57,37.57,37.57,0
CKH,20070903,87.8,87.8,87.8,87.8,0
CL,20070903,33.16,33.16,33.16,33.16,0
CLB,20070903,56.05,56.05,56.05,56.05,0
CLC,20070903,38.72,38.72,38.72,38.72,0
CLF,20070903,76.27,76.27,76.27,76.27,0
CLI,20070903,41.76,41.76,41.76,41.76,0
CLR,20070903,7.425,7.425,7.425,7.425,0
CLS,20070903,5.97,5.97,5.97,5.97,0
CLX,20070903,59.8,59.8,59.8,59.8,0
CM,20070903,90.74,90.74,90.74,90.74,0
CMA,20070903,55.78,55.78,55.78,55.78,0
CMC,20070903,28.89,28.89,28.89,28.89,0
CMG,20070903,103.99,103.99,103.99,103.99,0
CMI,20070903,118.42,118.42,118.42,118.42,0
CMO,20070903,9.97,9.97,9.97,9.97,0
CMP,20070903,34.07,34.07,34.07,34.07,0
CMS,20070903,16.32,16.32,16.32,16.32,0
CMS-B,20070903,86.75,86.75,86.75,86.75,0
CMU,20070903,5.61,5.61,5.61,5.61,0
CNA,20070903,41.96,41.96,41.96,41.96,0
CNC,20070903,10.105,10.105,10.105,10.105,0
CNI,20070903,26.325,26.325,26.325,26.325,0
CNK,20070903,17.98,17.98,17.98,17.98,0
CNO,20070903,14.06,14.06,14.06,14.06,0
CNP,20070903,16.22,16.22,16.22,16.22,0
CNQ,20070903,34.155,34.155,34.155,34.155,0
CNS,20070903,33.23,33.23,33.23,33.23,0
CNX,20070903,39.88,39.88,39.88,39.88,0
COF,20070903,64.66,64.66,64.66,64.66,0
COG,20070903,8.335,8.335,8.335,8.335,0
COH,20070903,44.53,44.53,44.53,44.53,0
COL,20070903,68.87,68.87,68.87,68.87,0
COO,20070903,48.76,48.76,48.76,48.76,0
COP,20070903,81.89,81.89,81.89,81.89,0
COT,20070903,11.29,11.29,11.29,11.29,0
CP,20070903,70.48,70.48,70.48,70.48,0
CPA,20070903,48.47,48.47,48.47,48.47,0
CPB,20070903,37.75,37.75,37.75,37.75,0
CPE,20070903,12.13,12.13,12.13,12.13,0
CPF,20070903,636.4,636.4,636.4,636.4,0
CPK,20070903,21.0733,21.0733,21.0733,21.0733,0
CPL,20070903,17.6133,17.6133,17.6133,17.6133,0
CPS,20070903,39.34,39.34,39.34,39.34,0
CPT,20070903,61.49,61.49,61.49,61.49,0
CR,20070903,44.79,44.79,44.79,44.79,0
CRD.A,20070903,5.56,5.56,5.56,5.56,0
CRD.B,20070903,6.43,6.43,6.43,6.43,0
CRH,20070903,43.7,43.7,43.7,43.7,0
CRI,20070903,19.74,19.74,19.74,19.74,0
CRK,20070903,137.65,137.65,137.65,137.65,0
CRL,20070903,52.48,52.48,52.48,52.48,0
CRM,20070903,10.1075,10.1075,10.1075,10.1075,0
CRR,20070903,46.8,46.8,46.8,46.8,0
CRS,20070903,58.42,58.42,58.42,58.42,0
CRT,20070903,41.01,41.01,41.01,41.01,0
CRY,20070903,9.23,9.23,9.23,9.23,0
CS,20070903,65.64,65.64,65.64,65.64,0
CSC,20070903,55.95,55.95,55.95,55.95,0
CSL,20070903,49.23,49.23,49.23,49.23,0
CSS,20070903,38.46,38.46,38.46,38.46,0
CSU,20070903,8.1,8.1,8.1,8.1,0
CSV,20070903,8.5,8.5,8.5,8.5,0
CTB,20070903,24.44,24.44,24.44,24.44,0
CTL,20070903,47.98,47.98,47.98,47.98,0
CTR,20070903,22.07,22.07,22.07,22.07,0
CTS,20070903,12.99,12.99,12.99,12.99,0
CTV,20070903,56.6,56.6,56.6,56.6,0
CTX,20070903,28.91,28.91,28.91,28.91,0
CUB,20070903,39.53,39.53,39.53,39.53,0
CUK,20070903,44.85,44.85,44.85,44.85,0
CUZ,20070903,27.47,27.47,27.47,27.47,0
CVA,20070903,22.59,22.59,22.59,22.59,0
CVB,20070903,10.15,10.15,10.15,10.15,0
CVG,20070903,16.75,16.75,16.75,16.75,0
CVO,20070903,156.96,156.96,156.96,156.96,0
CVS,20070903,37.82,37.82,37.82,37.82,0
CVX,20070903,87.76,87.76,87.76,87.76,0
CW,20070903,45.6,45.6,45.6,45.6,0
CWT,20070903,19.365,19.365,19.365,19.365,0
CX,20070903,32.29,32.29,32.29,32.29,0
CXE,20070903,6.18,6.18,6.18,6.18,0
CXH,20070903,9.95,9.95,9.95,9.95,0
CXO,20070903,12.69,12.69,12.69,12.69,0
CXP,20070903,11.17,11.17,11.17,11.17,0
CXW,20070903,25.66,25.66,25.66,25.66,0
CYD,20070903,8.09,8.09,8.09,8.09,0
CYH,20070903,34.73,34.73,34.73,34.73,0
CZZ,20070903,10.51,10.51,10.51,10.51,0
D,20070903,42.59,42.59,42.59,42.59,0
DAC,20070903,34.85,34.85,34.85,34.85,0
DAL,20070903,16.88,16.88,16.88,16.88,0
DB,20070903,124,124,124,124,0
DBD,20070903,43.87,43.87,43.87,43.87,0
DCA,20070903,11.38,11.38,11.38,11.38,0
DCI,20070903,19.09,19.09,19.09,19.09,0
DCM,20070903,15.26,15.26,15.26,15.26,0
DCO,20070903,28.87,28.87,28.87,28.87,0
DCT,20070903,40.88,40.88,40.88,40.88,0
DD,20070903,48.75,48.75,48.75,48.75,0
DD-A,20070903,65.99,65.99,65.99,65.99,0
DD-B,20070903,78.5,78.5,78.5,78.5,0
DDD,20070903,6.68,6.68,6.68,6.68,0
DDE,20070903,10.33,10.33,10.33,10.33,0
DDF,20070903,12.11,12.11,12.11,12.11,0
DDR,20070903,53.48,53.48,53.48,53.48,0
DDS,20070903,23.74,23.74,23.74,23.74,0
DDT,20070903,21.75,21.75,21.75,21.75,0
DE,20070903,68.03,68.03,68.03,68.03,0
DECK,20070903,31.3967,31.3967,31.3967,31.3967,0
DEI,20070903,24.45,24.45,24.45,24.45,0
DEL,20070903,57.2,57.2,57.2,57.2,0
DEO,20070903,85.42,85.42,85.42,85.42,0
DEX,20070903,17.78,17.78,17.78,17.78,0
DF,20070903,53.72,53.72,53.72,53.72,0
DFP,20070903,21.75,21.75,21.75,21.75,0
DFS,20070903,23.14,23.14,23.14,23.14,0
DGX,20070903,54.75,54.75,54.75,54.75,0
DHF,20070903,3.85,3.85,3.85,3.85,0
DHG,20070903,15.74,15.74,15.74,15.74,0
DHI,20070903,15.11,15.11,15.11,15.11,0
DHR,20070903,38.83,38.83,38.83,38.83,0
DHT,20070903,185.04,185.04,185.04,185.04,0
DHX,20070903,9.68,9.68,9.68,9.68,0
DIS,20070903,33.6,33.6,33.6,33.6,0
DK,20070903,27.42,27.42,27.42,27.42,0
DKL,20070903,17.1,17.1,17.1,17.1,0
DKS,20070903,64.9,64.9,64.9,64.9,0
DKT,20070903,24.65,24.65,24.65,24.65,0
DLB,20070903,36.43,36.43,36.43,36.43,0
DLR,20070903,39,39,39,39,0
DLX,20070903,38.02,38.02,38.02,38.02,0
DM,20070903,19.87,19.87,19.87,19.87,0
DNB,20070903,97.55,97.55,97.55,97.55,0
DNP,20070903,10.53,10.53,10.53,10.53,0
DNR,20070903,39.78,39.78,39.78,39.78,0
DO,20070903,105.16,105.16,105.16,105.16,0
DOV,20070903,49.4,49.4,49.4,49.4,0
DOW,20070903,42.63,42.63,42.63,42.63,0
DPM,20070903,45.25,45.25,45.25,45.25,0
DPZ,20070903,17.59,17.59,17.59,17.59,0
DRE,20070903,33.79,33.79,33.79,33.79,0
DRH,20070903,17.95,17.95,17.95,17.95,0
DRI,20070903,41.6,41.6,41.6,41.6,0
DRQ,20070903,47.06,47.06,47.06,47.06,0
DSL,20070903,56.59,56.59,56.59,56.59,0
DSM,20070903,8.54,8.54,8.54,8.54,0
DST,20070903,76.46,76.46,76.46,76.46,0
DSU,20070903,19.23,19.23,19.23,19.23,0
DSW,20070903,15.225,15.225,15.225,15.225,0
DSX,20070903,26.55,26.55,26.55,26.55,0
DTE,20070903,47.81,47.81,47.81,47.81,0
DTF,20070903,14.13,14.13,14.13,14.13,0
DTV,20070903,23.33,23.33,23.33,23.33,0
DUC,20070903,10.71,10.71,10.71,10.71,0
DUK,20070903,55.02,55.02,55.02,55.02,0
DV,20070903,34.53,34.53,34.53,34.53,0
DVA,20070903,28.76,28.76,28.76,28.76,0
DVD,20070903,5.95,5.95,5.95,5.95,0
DVN,20070903,75.31,75.31,75.31,75.31,0
DW,20070903,39.27,39.27,39.27,39.27,0
DX,20070903,7.9,7.9,7.9,7.9,0
DXB,20070903,24.01,24.01,24.01,24.01,0
DY,20070903,29.53,29.53,29.53,29.53,0
DYN,20070903,40.45,40.45,40.45,40.45,0
E,20070903,68.98,68.98,68.98,68.98,0
EAT,20070903,28.84,28.84,28.84,28.84,0
EBF,20070903,21.75,21.75,21.75,21.75,0
EBS,20070903,8.93,8.93,8.93,8.93,0
ECA,20070903,58.5,58.5,58.5,58.5,0
ECL,20070903,41.66,41.66,41.66,41.66,0
ED,20070903,45.94,45.94,45.94,45.94,0
EDD,20070903,18,18,18,18,0
EDE,20070903,22.93,22.93,22.93,22.93,0
EDF,20070903,12.8,12.8,12.8,12.8,0
EDN,20070903,22.17,22.17,22.17,22.17,0
EDR,20070903,41.01,41.01,41.01,41.01,0
EDU,20070903,13.2375,13.2375,13.2375,13.2375,0
EE,20070903,22.32,22.32,22.32,22.32,0
EEA,20070903,12.42,12.42,12.42,12.42,0
EEP,20070903,25.495,25.495,25.495,25.495,0
EEQ,20070903,26.05,26.05,26.05,26.05,0
EFR,20070903,16.43,16.43,16.43,16.43,0
EFT,20070903,16.71,16.71,16.71,16.71,0
EFX,20070903,38.52,38.52,38.52,38.52,0
EGF,20070903,17.95,17.95,17.95,17.95,0
EGN,20070903,53.7,53.7,53.7,53.7,0
EGP,20070903,42.43,42.43,42.43,42.43,0
EGY,20070903,3.92,3.92,3.92,3.92,0
EHI,20070903,12.63,12.63,12.63,12.63,0
EIG,20070903,18.73,18.73,18.73,18.73,0
EIX,20070903,52.71,52.71,52.71,52.71,0
EL,20070903,20.795,20.795,20.795,20.795,0
ELP,20070903,16.22,16.22,16.22,16.22,0
ELS,20070903,24.35,24.35,24.35,24.35,0
ELY,20070903,16.32,16.32,16.32,16.32,0
EMD,20070903,13.28,13.28,13.28,13.28,0
EME,20070903,31.35,31.35,31.35,31.35,0
EMF,20070903,20.56,20.56,20.56,20.56,0
EMN,20070903,33.38,33.38,33.38,33.38,0
EMO,20070903,25.07,25.07,25.07,25.07,0
EMR,20070903,49.23,49.23,49.23,49.23,0
ENB,20070903,16.84,16.84,16.84,16.84,0
ENH,20070903,39.87,39.87,39.87,39.87,0
ENR,20070903,105.93,105.93,105.93,105.93,0
ENS,20070903,18.06,18.06,18.06,18.06,0
ENZ,20070903,18.01,18.01,18.01,18.01,0
EOD,20070903,18.01,18.01,18.01,18.01,0
EOG,20070903,33.68,33.68,33.68,33.68,0
EOI,20070903,19.43,19.43,19.43,19.43,0
EOS,20070903,18.83,18.83,18.83,18.83,0
EP-C,20070903,38.5,38.5,38.5,38.5,0
EPC,20070903,19.1,19.1,19.1,19.1,0
EPD,20070903,14.755,14.755,14.755,14.755,0
EPE,20070903,38.31,38.31,38.31,38.31,0
EPR,20070903,47.84,47.84,47.84,47.84,0
EPR-C,20070903,20.91,20.91,20.91,20.91,0
EQR,20070903,40.24,40.24,40.24,40.24,0
EQS,20070903,8.09,8.09,8.09,8.09,0
EQT,20070903,49.19,49.19,49.19,49.19,0
EQY,20070903,26.16,26.16,26.16,26.16,0
ERF,20070903,42.11,42.11,42.11,42.11,0
ERJ,20070903,45.16,45.16,45.16,45.16,0
ESD,20070903,17.5,17.5,17.5,17.5,0
ESE,20070903,32.87,32.87,32.87,32.87,0
ESL,20070903,50.49,50.49,50.49,50.49,0
ESS,20070903,117.79,117.79,117.79,117.79,0
ESV,20070903,54.22,54.22,54.22,54.22,0
ETB,20070903,18.94,18.94,18.94,18.94,0
ETE,20070903,18.375,18.375,18.375,18.375,0
ETG,20070903,26.01,26.01,26.01,26.01,0
ETH,20070903,33.6,33.6,33.6,33.6,0
ETJ,20070903,19,19,19,19,0
ETM,20070903,21.3,21.3,21.3,21.3,0
ETN,20070903,47.11,47.11,47.11,47.11,0
ETO,20070903,31.46,31.46,31.46,31.46,0
ETP,20070903,52.04,52.04,52.04,52.04,0
ETR,20070903,103.62,103.62,103.62,103.62,0
ETV,20070903,18.6,18.6,18.6,18.6,0
ETW,20070903,18.39,18.39,18.39,18.39,0
ETY,20070903,18.09,18.09,18.09,18.09,0
EV,20070903,38.39,38.39,38.39,38.39,0
EVC,20070903,9.01,9.01,9.01,9.01,0
EVF,20070903,7.7,7.7,7.7,7.7,0
EVG,20070903,17,17,17,17,0
EVN,20070903,14.2,14.2,14.2,14.2,0
EVR,20070903,20.95,20.95,20.95,20.95,0
EVT,20070903,27.13,27.13,27.13,27.13,0
EW,20070903,12.075,12.075,12.075,12.075,0
EXC,20070903,70.67,70.67,70.67,70.67,0
EXG,20070903,17.46,17.46,17.46,17.46,0
EXP,20070903,37.96,37.96,37.96,37.96,0
EXR,20070903,15.37,15.37,15.37,15.37,0
F,20070903,7.81,7.81,7.81,7.81,0
FAC,20070903,8.41,8.41,8.41,8.41,0
FAF,20070903,41.83,41.83,41.83,41.83,0
FAM,20070903,16.99,16.99,16.99,16.99,0
FBC,20070903,1230,1230,1230,1230,0
FBP,20070903,150.75,150.75,150.75,150.75,0
FBR,20070903,4.69,4.69,4.69,4.69,0
FC,20070903,7.49,7.49,7.49,7.49,0
FCE.A,20070903,55.55,55.55,55.55,55.55,0
FCE.B,20070903,55.3,55.3,55.3,55.3,0
FCF,20070903,11.01,11.01,11.01,11.01,0
FCH,20070903,21.94,21.94,21.94,21.94,0
FCH-A,20070903,23.64,23.64,23.64,23.64,0
FCN,20070903,52.52,52.52,52.52,52.52,0
FCT,20070903,16.58,16.58,16.58,16.58,0
FCX,20070903,43.71,43.71,43.71,43.71,0
FDC,20070903,33.22,33.22,33.22,33.22,0
FDP,20070903,26.33,26.33,26.33,26.33,0
FDS,20070903,59.93,59.93,59.93,59.93,0
FDX,20070903,109.68,109.68,109.68,109.68,0
FE,20070903,61.44,61.44,61.44,61.44,0
FEO,20070903,18.05,18.05,18.05,18.05,0
FF,20070903,12.74,12.74,12.74,12.74,0
FFA,20070903,17.23,17.23,17.23,17.23,0
FFC,20070903,18.59,18.59,18.59,18.59,0
FFG,20070903,39.13,39.13,39.13,39.13,0
FGB,20070903,16.45,16.45,16.45,16.45,0
FGP,20070903,22.65,22.65,22.65,22.65,0
FHN,20070903,30.68,30.68,30.68,30.68,0
FHY,20070903,48.69,48.69,48.69,48.69,0
FIF,20070903,30.51,30.51,30.51,30.51,0
FIG,20070903,17.53,17.53,17.53,17.53,0
FII,20070903,35.11,35.11,35.11,35.11,0
FIS,20070903,47.4,47.4,47.4,47.4,0
FIX,20070903,14.55,14.55,14.55,14.55,0
FL,20070903,16.71,16.71,16.71,16.71,0
FLC,20070903,18.69,18.69,18.69,18.69,0
FLO,20070903,9.1733,9.1733,9.1733,9.1733,0
FLR,20070903,127.15,127.15,127.15,127.15,0
FLS,20070903,23.8033,23.8033,23.8033,23.8033,0
FMC,20070903,45,45,45,45,0
FMN,20070903,14.2,14.2,14.2,14.2,0
FMO,20070903,23.06,23.06,23.06,23.06,0
FMS,20070903,24.615,24.615,24.615,24.615,0
FMX,20070903,34.84,34.84,34.84,34.84,0
FMY,20070903,16.54,16.54,16.54,16.54,0
FNB,20070903,16.98,16.98,16.98,16.98,0
FNF,20070903,18.19,18.19,18.19,18.19,0
FOE,20070903,19.57,19.57,19.57,19.57,0
FOF,20070903,17.51,17.51,17.51,17.51,0
FPL,20070903,58.84,58.84,58.84,58.84,0
FPO,20070903,21.19,21.19,21.19,21.19,0
FPT,20070903,13.15,13.15,13.15,13.15,0
FR,20070903,40.78,40.78,40.78,40.78,0
FRA,20070903,16.7,16.7,16.7,16.7,0
FRC,20070903,54.55,54.55,54.55,54.55,0
FRC-A,20070903,25,25,25,25,0
FRC-B,20070903,25.25,25.25,25.25,25.25,0
FRO,20070903,233.6,233.6,233.6,233.6,0
FRT,20070903,84.07,84.07,84.07,84.07,0
FSB,20070903,24.27,24.27,24.27,24.27,0
FSS,20070903,15.3,15.3,15.3,15.3,0
FT,20070903,6.68,6.68,6.68,6.68,0
FTI,20070903,23.675,23.675,23.675,23.675,0
FUL,20070903,26.91,26.91,26.91,26.91,0
FUN,20070903,25.31,25.31,25.31,25.31,0
G,20070903,16.52,16.52,16.52,16.52,0
GAB,20070903,9.4,9.4,9.4,9.4,0
GAB-D,20070903,23.59,23.59,23.59,23.59,0
GAM,20070903,39.49,39.49,39.49,39.49,0
GAM-B,20070903,23.75,23.75,23.75,23.75,0
GBL,20070903,53.73,53.73,53.73,53.73,0
GBX,20070903,29.38,29.38,29.38,29.38,0
GCH,20070903,34.02,34.02,34.02,34.02,0
GCI,20070903,47,47,47,47,0
GCO,20070903,45.89,45.89,45.89,45.89,0
GCV,20070903,8.88,8.88,8.88,8.88,0
GCV-B,20070903,23.75,23.75,23.75,23.75,0
GD,20070903,78.56,78.56,78.56,78.56,0
GDL,20070903,17.67,17.67,17.67,17.67,0
GDV,20070903,20.93,20.93,20.93,20.93,0
GDV-A,20070903,23.41,23.41,23.41,23.41,0
GDV-D,20070903,25,25,25,25,0
GE,20070903,38.87,38.87,38.87,38.87,0
GEF,20070903,58.22,58.22,58.22,58.22,0
GEF.B,20070903,54.25,54.25,54.25,54.25,0
GEO,20070903,29.77,29.77,29.77,29.77,0
GER,20070903,25.74,25.74,25.74,25.74,0
GES,20070903,53,53,53,53,0
GF,20070903,16.87,16.87,16.87,16.87,0
GFA,20070903,11.685,11.685,11.685,11.685,0
GFF,20070903,15.66,15.66,15.66,15.66,0
GFI,20070903,15.16,15.16,15.16,15.16,0
GFY,20070903,16.79,16.79,16.79,16.79,0
GG,20070903,23.57,23.57,23.57,23.57,0
GGB,20070903,24.04,24.04,24.04,24.04,0
GGG,20070903,40.41,40.41,40.41,40.41,0
GGP,20070903,49.71,49.71,49.71,49.71,0
GGT,20070903,13.16,13.16,13.16,13.16,0
GGT-B,20070903,23.9,23.9,23.9,23.9,0
GHL,20070903,57.9,57.9,57.9,57.9,0
GIB,20070903,11.03,11.03,11.03,11.03,0
GIL,20070903,16.205,16.205,16.205,16.205,0
GIM,20070903,9.02,9.02,9.02,9.02,0
GIS,20070903,27.94,27.94,27.94,27.94,0
GJH,20070903,8.41,8.41,8.41,8.41,0
GJO,20070903,23.2,23.2,23.2,23.2,0
GJP,20070903,22.5,22.5,22.5,22.5,0
GJR,20070903,21.84,21.84,21.84,21.84,0
GJS,20070903,19.2,19.2,19.2,19.2,0
GJT,20070903,20.22,20.22,20.22,20.22,0
GJV,20070903,22.98,22.98,22.98,22.98,0
GLF,20070903,45.85,45.85,45.85,45.85,0
GLP,20070903,31.94,31.94,31.94,31.94,0
GLT,20070903,14.76,14.76,14.76,14.76,0
GLW,20070903,23.37,23.37,23.37,23.37,0
GM,20070903,30.74,30.74,30.74,30.74,0
GME,20070903,50.14,50.14,50.14,50.14,0
GMS,20070903,18.35,18.35,18.35,18.35,0
GNK,20070903,561,561,561,561,0
GNW,20070903,28.98,28.98,28.98,28.98,0
GOF,20070903,18.12,18.12,18.12,18.12,0
GOL,20070903,219.3,219.3,219.3,219.3,0
GPC,20070903,49.68,49.68,49.68,49.68,0
GPE-A,20070903,25.59,25.59,25.59,25.59,0
GPI,20070903,35.06,35.06,35.06,35.06,0
GPK,20070903,4.76,4.76,4.76,4.76,0
GPM,20070903,21.29,21.29,21.29,21.29,0
GPN,20070903,19.74,19.74,19.74,19.74,0
GPS,20070903,18.76,18.76,18.76,18.76,0
GPX,20070903,11.13,11.13,11.13,11.13,0
GRA,20070903,22.34,22.34,22.34,22.34,0
GRR,20070903,25.61,25.61,25.61,25.61,0
GRX,20070903,8.7,8.7,8.7,8.7,0
GS,20070903,176.01,176.01,176.01,176.01,0
GS-A,20070903,23.64,23.64,23.64,23.64,0
GS-B,20070903,24.39,24.39,24.39,24.39,0
GS-C,20070903,24.09,24.09,24.09,24.09,0
GS-D,20070903,23.79,23.79,23.79,23.79,0
GSH,20070903,39.58,39.58,39.58,39.58,0
GSK,20070903,52.22,52.22,52.22,52.22,0
GTN,20070903,8.95,8.95,8.95,8.95,0
GTN.A,20070903,8.83,8.83,8.83,8.83,0
GTY,20070903,27.27,27.27,27.27,27.27,0
GUT,20070903,9.36,9.36,9.36,9.36,0
GUT-A,20070903,23.05,23.05,23.05,23.05,0
GVA,20070903,54.44,54.44,54.44,54.44,0
GWR,20070903,27.38,27.38,27.38,27.38,0
GWW,20070903,91.61,91.61,91.61,91.61,0
GXP,20070903,28.34,28.34,28.34,28.34,0
GYB,20070903,22.51,22.51,22.51,22.51,0
GYC,20070903,21.68,21.68,21.68,21.68,0
HAE,20070903,24.82,24.82,24.82,24.82,0
HAL,20070903,34.59,34.59,34.59,34.59,0
HAR,20070903,113.39,113.39,113.39,113.39,0
HBI,20070903,7.49,7.49,7.49,7.49,0
HCN,20070903,39.9,39.9,39.9,39.9,0
HCP,20070903,30.42,30.42,30.42,30.42,0
HD,20070903,38.31,38.31,38.31,38.31,0
HDB,20070903,17.73,17.73,17.73,17.73,0
HE,20070903,20.97,20.97,20.97,20.97,0
HE-U,20070903,24.5,24.5,24.5,24.5,0
HEI,20070903,18.7064,18.7064,18.7064,18.7064,0
HEI.A,20070903,18.7085,18.7085,18.7085,18.7085,0
HEP,20070903,22.865,22.865,22.865,22.865,0
HES,20070903,61.37,61.37,61.37,61.37,0
HF,20070903,11.68,11.68,11.68,11.68,0
HFC,20070903,33.325,33.325,33.325,33.325,0
HGG,20070903,12.8,12.8,12.8,12.8,0
HGT,20070903,23.69,23.69,23.69,23.69,0
HHS,20070903,24.18,24.18,24.18,24.18,0
HIG,20070903,88.91,88.91,88.91,88.91,0
HIO,20070903,6.44,6.44,6.44,6.44,0
HIW,20070903,35.69,35.69,35.69,35.69,0
HIX,20070903,10.24,10.24,10.24,10.24,0
HJV,20070903,22.69,22.69,22.69,22.69,0
HK,20070903,15.14,15.14,15.14,15.14,0
HL,20070903,7.5,7.5,7.5,7.5,0
HL-B,20070903,54.75,54.75,54.75,54.75,0
HLF,20070903,21.225,21.225,21.225,21.225,0
HLS,20070903,18.26,18.26,18.26,18.26,0
HLT,20070903,45.95,45.95,45.95,45.95,0
HLX,20070903,38.43,38.43,38.43,38.43,0
HMC,20070903,32.92,32.92,32.92,32.92,0
HMN,20070903,19.34,19.34,19.34,19.34,0
HMY,20070903,8.95,8.95,8.95,8.95,0
HNI,20070903,40.84,40.84,40.84,40.84,0
HNP,20070903,46.34,46.34,46.34,46.34,0
HNR,20070903,45.84,45.84,45.84,45.84,0
HOG,20070903,53.79,53.79,53.79,53.79,0
HON,20070903,56.15,56.15,56.15,56.15,0
HOS,20070903,38.15,38.15,38.15,38.15,0
HOV,20070903,11.87,11.87,11.87,11.87,0
HP,20070903,31.49,31.49,31.49,31.49,0
HPF,20070903,22.7,22.7,22.7,22.7,0
HPI,20070903,22.85,22.85,22.85,22.85,0
HPQ,20070903,22.4318,22.4318,22.4318,22.4318,0
HPS,20070903,19.92,19.92,19.92,19.92,0
HQH,20070903,17.21,17.21,17.21,17.21,0
HQL,20070903,13.5,13.5,13.5,13.5,0
HR,20070903,24.97,24.97,24.97,24.97,0
HRB,20070903,19.84,19.84,19.84,19.84,0
HRL,20070903,8.9075,8.9075,8.9075,8.9075,0
HRS,20070903,60.83,60.83,60.83,60.83,0
HSC,20070903,55.65,55.65,55.65,55.65,0
HST,20070903,22.29,22.29,22.29,22.29,0
HSY,20070903,46.5,46.5,46.5,46.5,0
HTD,20070903,18.78,18.78,18.78,18.78,0
HTH,20070903,12.02,12.02,12.02,12.02,0
HTZ,20070903,88.44,88.44,88.44,88.44,0
HUM,20070903,64.09,64.09,64.09,64.09,0
HUN,20070903,25.95,25.95,25.95,25.95,0
HVT,20070903,10.72,10.72,10.72,10.72,0
HVT.A,20070903,10.76,10.76,10.76,10.76,0
HW,20070903,16.52,16.52,16.52,16.52,0
HXL,20070903,21.79,21.79,21.79,21.79,0
HYB,20070903,1.94,1.94,1.94,1.94,0
HYH,20070903,22.44,22.44,22.44,22.44,0
HYI,20070903,4.91,4.91,4.91,4.91,0
HYT,20070903,12.15,12.15,12.15,12.15,0
HZO,20070903,18.34,18.34,18.34,18.34,0
IAE,20070903,22.68,22.68,22.68,22.68,0
IAG,20070903,6.61,6.61,6.61,6.61,0
IBA,20070903,32.16,32.16,32.16,32.16,0
IBM,20070903,116.69,116.69,116.69,116.69,0
IBN,20070903,8.89,8.89,8.89,8.89,0
ICB,20070903,15.5,15.5,15.5,15.5,0
ICE,20070903,29.174,29.174,29.174,29.174,0
IDA,20070903,32.47,32.47,32.47,32.47,0
IDT,20070903,9,9,9,9,0
IEX,20070903,38.47,38.47,38.47,38.47,0
IFF,20070903,50.23,50.23,50.23,50.23,0
IFN,20070903,46.45,46.45,46.45,46.45,0
IGA,20070903,20.42,20.42,20.42,20.42,0
IGD,20070903,19.6,19.6,19.6,19.6,0
IGR,20070903,18.91,18.91,18.91,18.91,0
IGT,20070903,38.17,38.17,38.17,38.17,0
IHC,20070903,19.85,19.85,19.85,19.85,0
IHG,20070903,25.272,25.272,25.272,25.272,0
IIF,20070903,44.84,44.84,44.84,44.84,0
IIM,20070903,13.86,13.86,13.86,13.86,0
IMAX,20070903,4.66,4.66,4.66,4.66,0
IMN,20070903,29.09,29.09,29.09,29.09,0
INB,20070903,20,20,20,20,0
ING,20070903,40.19,40.19,40.19,40.19,0
INT,20070903,19.275,19.275,19.275,19.275,0
INZ,20070903,25.07,25.07,25.07,25.07,0
IO,20070903,212.85,212.85,212.85,212.85,0
IOC,20070903,35.45,35.45,35.45,35.45,0
IP,20070903,35.11,35.11,35.11,35.11,0
IPG,20070903,10.95,10.95,10.95,10.95,0
IQI,20070903,13.3,13.3,13.3,13.3,0
IR,20070903,51.93,51.93,51.93,51.93,0
IRL,20070903,27.87,27.87,27.87,27.87,0
IRM,20070903,28.26,28.26,28.26,28.26,0
IRR,20070903,17.8,17.8,17.8,17.8,0
IRS,20070903,17,17,17,17,0
ISF,20070903,23.91,23.91,23.91,23.91,0
ISG,20070903,23.22,23.22,23.22,23.22,0
ISP,20070903,23.25,23.25,23.25,23.25,0
IT,20070903,22.11,22.11,22.11,22.11,0
ITG,20070903,40.47,40.47,40.47,40.47,0
ITT,20070903,33.995,33.995,33.995,33.995,0
ITW,20070903,58.17,58.17,58.17,58.17,0
IVC,20070903,23.17,23.17,23.17,23.17,0
IVZ,20070903,24.69,24.69,24.69,24.69,0
IX,20070903,106.29,106.29,106.29,106.29,0
JBK,20070903,21.8,21.8,21.8,21.8,0
JBL,20070903,22.2,22.2,22.2,22.2,0
JBR,20070903,22.86,22.86,22.86,22.86,0
JCE,20070903,17.45,17.45,17.45,17.45,0
JCI,20070903,113.1,113.1,113.1,113.1,0
JCP,20070903,68.76,68.76,68.76,68.76,0
JDD,20070903,16.39,16.39,16.39,16.39,0
JEC,20070903,66.09,66.09,66.09,66.09,0
JEQ,20070903,8.01,8.01,8.01,8.01,0
JFC,20070903,25.39,25.39,25.39,25.39,0
JFR,20070903,12.4,12.4,12.4,12.4,0
JHI,20070903,18.16,18.16,18.16,18.16,0
JHS,20070903,13.7,13.7,13.7,13.7,0
JHX,20070903,33.43,33.43,33.43,33.43,0
JLL,20070903,111.68,111.68,111.68,111.68,0
JMP,20070903,9.06,9.06,9.06,9.06,0
JNJ,20070903,61.79,61.79,61.79,61.79,0
JNPR,20070903,32.92,32.92,32.92,32.92,0
JNS,20070903,26.59,26.59,26.59,26.59,0
JOE,20070903,31.62,31.62,31.62,31.62,0
JOF,20070903,10.57,10.57,10.57,10.57,0
JOY,20070903,43.39,43.39,43.39,43.39,0
JPC,20070903,12.2,12.2,12.2,12.2,0
JPM,20070903,44.52,44.52,44.52,44.52,0
JPS,20070903,12.76,12.76,12.76,12.76,0
JQC,20070903,12.43,12.43,12.43,12.43,0
JRO,20070903,12.52,12.52,12.52,12.52,0
JTA,20070903,24.97,24.97,24.97,24.97,0
JTD,20070903,17.4,17.4,17.4,17.4,0
JW.A,20070903,41.47,41.47,41.47,41.47,0
JW.B,20070903,41.3,41.3,41.3,41.3,0
JWN,20070903,48.1,48.1,48.1,48.1,0
K,20070903,54.93,54.93,54.93,54.93,0
KAI,20070903,28.5,28.5,28.5,28.5,0
KB,20070903,81.45,81.45,81.45,81.45,0
KBH,20070903,30.34,30.34,30.34,30.34,0
KBR,20070903,32.84,32.84,32.84,32.84,0
KCC,20070903,25.15,25.15,25.15,25.15,0
KED,20070903,25.1,25.1,25.1,25.1,0
KEF,20070903,13.22,13.22,13.22,13.22,0
KEM,20070903,20.7,20.7,20.7,20.7,0
KEP,20070903,22.53,22.53,22.53,22.53,0
KEX,20070903,38.28,38.28,38.28,38.28,0
KEY,20070903,33.3,33.3,33.3,33.3,0
KF,20070903,416,416,416,416,0
KFS,20070903,18.23,18.23,18.23,18.23,0
KFY,20070903,22.21,22.21,22.21,22.21,0
KGC,20070903,12.22,12.22,12.22,12.22,0
KIM,20070903,42.82,42.82,42.82,42.82,0
KMB,20070903,65.8581,65.8581,65.8581,65.8581,0
KMM,20070903,9.05,9.05,9.05,9.05,0
KMT,20070903,40.33,40.33,40.33,40.33,0
KMX,20070903,22.66,22.66,22.66,22.66,0
KND,20070903,19.82,19.82,19.82,19.82,0
KNL,20070903,19.01,19.01,19.01,19.01,0
KNX,20070903,18.39,18.39,18.39,18.39,0
KO,20070903,26.89,26.89,26.89,26.89,0
KOF,20070903,40.6,40.6,40.6,40.6,0
KOP,20070903,36.73,36.73,36.73,36.73,0
KOS,20070903,24.8,24.8,24.8,24.8,0
KR,20070903,13.29,13.29,13.29,13.29,0
KRC,20070903,61.13,61.13,61.13,61.13,0
KRG,20070903,67.92,67.92,67.92,67.92,0
KRO,20070903,10.245,10.245,10.245,10.245,0
KSM,20070903,11.38,11.38,11.38,11.38,0
KSS,20070903,59.3,59.3,59.3,59.3,0
KST,20070903,11.99,11.99,11.99,11.99,0
KSU,20070903,30.39,30.39,30.39,30.39,0
KSU.P,20070903,23.5,23.5,23.5,23.5,0
KT,20070903,23.82,23.82,23.82,23.82,0
KTF,20070903,10.9,10.9,10.9,10.9,0
KTH,20070903,28.4,28.4,28.4,28.4,0
KTN,20070903,26.74,26.74,26.74,26.74,0
KTP,20070903,24.63,24.63,24.63,24.63,0
KWR,20070903,22,22,22,22,0
KYE,20070903,26.71,26.71,26.71,26.71,0
KYN,20070903,32.66,32.66,32.66,32.66,0
KYO,20070903,45.865,45.865,45.865,45.865,0
LAD,20070903,17.91,17.91,17.91,17.91,0
LAZ,20070903,40.09,40.09,40.09,40.09,0
LBF,20070903,8.64,8.64,8.64,8.64,0
LCM,20070903,17.33,17.33,17.33,17.33,0
LDF,20070903,27.96,27.96,27.96,27.96,0
LDL,20070903,10.46,10.46,10.46,10.46,0
LDR,20070903,50.69,50.69,50.69,50.69,0
LEA,20070903,14.615,14.615,14.615,14.615,0
LEE,20070903,17.37,17.37,17.37,17.37,0
LEG,20070903,20.4,20.4,20.4,20.4,0
LEN,20070903,28.27,28.27,28.27,28.27,0
LEN.B,20070903,26.85,26.85,26.85,26.85,0
LEO,20070903,8.7,8.7,8.7,8.7,0
LFC,20070903,24.31,24.31,24.31,24.31,0
LFL,20070903,16.05,16.05,16.05,16.05,0
LGF,20070903,9.5,9.5,9.5,9.5,0
LGI,20070903,21.71,21.71,21.71,21.71,0
LH,20070903,77.66,77.66,77.66,77.66,0
LHO,20070903,41.64,41.64,41.64,41.64,0
LII,20070903,35.97,35.97,35.97,35.97,0
LLL,20070903,98.51,98.51,98.51,98.51,0
LLY,20070903,57.35,57.35,57.35,57.35,0
LM,20070903,86.82,86.82,86.82,86.82,0
LMT,20070903,99.14,99.14,99.14,99.14,0
LNC,20070903,60.88,60.88,60.88,60.88,0
LNN,20070903,40.53,40.53,40.53,40.53,0
LNT,20070903,18.94,18.94,18.94,18.94,0
LOR,20070903,21.84,21.84,21.84,21.84,0
LOW,20070903,31.06,31.06,31.06,31.06,0
LPL,20070903,21.36,21.36,21.36,21.36,0
LPX,20070903,18.73,18.73,18.73,18.73,0
LSI,20070903,6.89,6.89,6.89,6.89,0
LTC,20070903,22.58,22.58,22.58,22.58,0
LUB,20070903,11.46,11.46,11.46,11.46,0
LUK,20070903,44.38,44.38,44.38,44.38,0
LUV,20070903,15.11,15.11,15.11,15.11,0
LUX,20070903,34.22,34.22,34.22,34.22,0
LVLT,20070903,78.45,78.45,78.45,78.45,0
LVS,20070903,99.7,99.7,99.7,99.7,0
LXP,20070903,20.68,20.68,20.68,20.68,0
LXP-C,20070903,45.19,45.19,45.19,45.19,0
LYG,20070903,44.28,44.28,44.28,44.28,0
LYV,20070903,20.7,20.7,20.7,20.7,0
LZB,20070903,9.64,9.64,9.64,9.64,0
M,20070903,31.72,31.72,31.72,31.72,0
MA,20070903,13.699,13.699,13.699,13.699,0
MAA,20070903,49.59,49.59,49.59,49.59,0
MAC,20070903,81.22,81.22,81.22,81.22,0
MAN,20070903,70.26,70.26,70.26,70.26,0
MAS,20070903,26.02,26.02,26.02,26.02,0
MAV,20070903,15,15,15,15,0
MBI,20070903,60,60,60,60,0
MBT,20070903,26.464,26.464,26.464,26.464,0
MC,20070903,17.46,17.46,17.46,17.46,0
MCA,20070903,13.39,13.39,13.39,13.39,0
MCD,20070903,49.25,49.25,49.25,49.25,0
MCI,20070903,15.585,15.585,15.585,15.585,0
MCK,20070903,57.21,57.21,57.21,57.21,0
MCN,20070903,13.3,13.3,13.3,13.3,0
MCO,20070903,45.85,45.85,45.85,45.85,0
MCR,20070903,8.44,8.44,8.44,8.44,0
MCS,20070903,21.12,21.12,21.12,21.12,0
MCY,20070903,52.68,52.68,52.68,52.68,0
MDC,20070903,44.49,44.49,44.49,44.49,0
MDP,20070903,55.9,55.9,55.9,55.9,0
MDR,20070903,47.995,47.995,47.995,47.995,0
MDT,20070903,52.84,52.84,52.84,52.84,0
MDU,20070903,27.05,27.05,27.05,27.05,0
MED,20070903,6.45,6.45,6.45,6.45,0
MEG,20070903,27.92,27.92,27.92,27.92,0
MEN,20070903,10.28,10.28,10.28,10.28,0
MER-K,20070903,23.76,23.76,23.76,23.76,0
MER-P,20070903,25.62,25.62,25.62,25.62,0
MET,20070903,64.05,64.05,64.05,64.05,0
MET-A,20070903,25,25,25,25,0
MFA,20070903,7.75,7.75,7.75,7.75,0
MFC,20070903,38.85,38.85,38.85,38.85,0
MFD,20070903,26.44,26.44,26.44,26.44,0
MFG,20070903,12.58,12.58,12.58,12.58,0
MFL,20070903,12.86,12.86,12.86,12.86,0
MFM,20070903,7.58,7.58,7.58,7.58,0
MFT,20070903,13.02,13.02,13.02,13.02,0
MFV,20070903,9.5,9.5,9.5,9.5,0
MGA,20070903,22.3625,22.3625,22.3625,22.3625,0
MGF,20070903,6.71,6.71,6.71,6.71,0
MGM,20070903,83.97,83.97,83.97,83.97,0
MGU,20070903,30.01,30.01,30.01,30.01,0
MHD,20070903,15.02,15.02,15.02,15.02,0
MHF,20070903,7.76,7.76,7.76,7.76,0
MHI,20070903,14.37,14.37,14.37,14.37,0
MHK,20070903,87.31,87.31,87.31,87.31,0
MHN,20070903,13.53,13.53,13.53,13.53,0
MHO,20070903,18.23,18.23,18.23,18.23,0
MHO-A,20070903,21.1,21.1,21.1,21.1,0
MIC,20070903,40.45,40.45,40.45,40.45,0
MIN,20070903,6.09,6.09,6.09,6.09,0
MIY,20070903,13.66,13.66,13.66,13.66,0
MKC,20070903,35.84,35.84,35.84,35.84,0
MKC.V,20070903,35.9,35.9,35.9,35.9,0
MKL,20070903,475.66,475.66,475.66,475.66,0
MLI,20070903,17.32,17.32,17.32,17.32,0
MLM,20070903,135,135,135,135,0
MLR,20070903,18.31,18.31,18.31,18.31,0
MMC,20070903,26.65,26.65,26.65,26.65,0
MMM,20070903,90.99,90.99,90.99,90.99,0
MMP,20070903,21.5,21.5,21.5,21.5,0
MMS,20070903,10.695,10.695,10.695,10.695,0
MMT,20070903,5.83,5.83,5.83,5.83,0
MMU,20070903,10.86,10.86,10.86,10.86,0
MNE,20070903,13.18,13.18,13.18,13.18,0
MNI,20070903,225.8,225.8,225.8,225.8,0
MNP,20070903,13.03,13.03,13.03,13.03,0
MO,20070903,69.41,69.41,69.41,69.41,0
MOD,20070903,28.05,28.05,28.05,28.05,0
MOG.A,20070903,42.57,42.57,42.57,42.57,0
MOG.B,20070903,42.35,42.35,42.35,42.35,0
MOH,20070903,22.7,22.7,22.7,22.7,0
MON,20070903,69.74,69.74,69.74,69.74,0
MOS,20070903,42.02,42.02,42.02,42.02,0
MOV,20070903,29.5,29.5,29.5,29.5,0
MP-D,20070903,24.35,24.35,24.35,24.35,0
MPA,20070903,13.89,13.89,13.89,13.89,0
MPG,20070903,26.01,26.01,26.01,26.01,0
MPV,20070903,14.25,14.25,14.25,14.25,0
MPW,20070903,13.47,13.47,13.47,13.47,0
MPX,20070903,8.86,8.86,8.86,8.86,0
MQT,20070903,11.94,11.94,11.94,11.94,0
MQY,20070903,13.59,13.59,13.59,13.59,0
MRK,20070903,50.17,50.17,50.17,50.17,0
MRO,20070903,53.89,53.89,53.89,53.89,0
MRT,20070903,17.72,17.72,17.72,17.72,0
MS,20070903,62.37,62.37,62.37,62.37,0
MS-A,20070903,24.68,24.68,24.68,24.68,0
MSA,20070903,47.92,47.92,47.92,47.92,0
MSB,20070903,20.51,20.51,20.51,20.51,0
MSCI,20070903,0.14,0.14,0.14,0.14,0
MSD,20070903,9.9,9.9,9.9,9.9,0
MSF,20070903,28.03,28.03,28.03,28.03,0
MSI,20070903,118.65,118.65,118.65,118.65,0
MSM,20070903,51.8,51.8,51.8,51.8,0
MSP,20070903,18.5,18.5,18.5,18.5,0
MT,20070903,66.2,66.2,66.2,66.2,0
MTB,20070903,105.88,105.88,105.88,105.88,0
MTD,20070903,94.31,94.31,94.31,94.31,0
MTG,20070903,30.16,30.16,30.16,30.16,0
MTH,20070903,18.12,18.12,18.12,18.12,0
MTL,20070903,87.06,87.06,87.06,87.06,0
MTN,20070903,57.18,57.18,57.18,57.18,0
MTR,20070903,60.05,60.05,60.05,60.05,0
MTRN,20070903,48.3,48.3,48.3,48.3,0
MTU,20070903,9.6,9.6,9.6,9.6,0
MTW,20070903,39.745,39.745,39.745,39.745,0
MTX,20070903,32.955,32.955,32.955,32.955,0
MTZ,20070903,14.78,14.78,14.78,14.78,0
MUA,20070903,13.72,13.72,13.72,13.72,0
MUC,20070903,13.59,13.59,13.59,13.59,0
MUE,20070903,12.47,12.47,12.47,12.47,0
MUH,20070903,14.12,14.12,14.12,14.12,0
MUI,20070903,13.92,13.92,13.92,13.92,0
MUJ,20070903,14.1,14.1,14.1,14.1,0
MUR,20070903,60.94,60.94,60.94,60.94,0
MUS,20070903,12.35,12.35,12.35,12.35,0
MVC,20070903,16.6,16.6,16.6,16.6,0
MVO,20070903,24.55,24.55,24.55,24.55,0
MVT,20070903,14.15,14.15,14.15,14.15,0
MWA,20070903,12.36,12.36,12.36,12.36,0
MX,20070903,64.18,64.18,64.18,64.18,0
MXE,20070903,36.15,36.15,36.15,36.15,0
MXF,20070903,40.9,40.9,40.9,40.9,0
MYC,20070903,13.33,13.33,13.33,13.33,0
MYD,20070903,14.19,14.19,14.19,14.19,0
MYE,20070903,21.3,21.3,21.3,21.3,0
MYF,20070903,13.18,13.18,13.18,13.18,0
MYI,20070903,13.24,13.24,13.24,13.24,0
MYJ,20070903,14.41,14.41,14.41,14.41,0
MYN,20070903,12.81,12.81,12.81,12.81,0
MZF,20070903,12.5,12.5,12.5,12.5,0
NAC,20070903,14.34,14.34,14.34,14.34,0
NAD,20070903,14.28,14.28,14.28,14.28,0
NAN,20070903,14.49,14.49,14.49,14.49,0
NAT,20070903,36.88,36.88,36.88,36.88,0
NAZ,20070903,12.85,12.85,12.85,12.85,0
NBD,20070903,25.53,25.53,25.53,25.53,0
NBL,20070903,30.035,30.035,30.035,30.035,0
NBR,20070903,29.59,29.59,29.59,29.59,0
NC,20070903,118.47,118.47,118.47,118.47,0
NCA,20070903,9.65,9.65,9.65,9.65,0
NCI,20070903,17.65,17.65,17.65,17.65,0
NCR,20070903,49.77,49.77,49.77,49.77,0
NCS,20070903,231.95,231.95,231.95,231.95,0
NCT,20070903,99.84,99.84,99.84,99.84,0
NCT-B,20070903,22.25,22.25,22.25,22.25,0
NCT-C,20070903,21.5,21.5,21.5,21.5,0
NCT-D,20070903,20.99,20.99,20.99,20.99,0
NCV,20070903,13.77,13.77,13.77,13.77,0
NCZ,20070903,13.8,13.8,13.8,13.8,0
NE,20070903,49.06,49.06,49.06,49.06,0
NEE,20070903,58.84,58.84,58.84,58.84,0
NEM,20070903,42.26,42.26,42.26,42.26,0
NEU,20070903,46.71,46.71,46.71,46.71,0
NFG,20070903,44.34,44.34,44.34,44.34,0
NFJ,20070903,23.88,23.88,23.88,23.88,0
NFX,20070903,43.49,43.49,43.49,43.49,0
NGG,20070903,75.15,75.15,75.15,75.15,0
NHI,20070903,30.24,30.24,30.24,30.24,0
NI,20070903,18.84,18.84,18.84,18.84,0
NIE,20070903,23.38,23.38,23.38,23.38,0
NIM,20070903,9.54,9.54,9.54,9.54,0
NJR,20070903,24.49,24.49,24.49,24.49,0
NKE,20070903,14.085,14.085,14.085,14.085,0
NL,20070903,10.45,10.45,10.45,10.45,0
NLS,20070903,9.52,9.52,9.52,9.52,0
NLY,20070903,14.09,14.09,14.09,14.09,0
NLY-A,20070903,23.75,23.75,23.75,23.75,0
NM,20070903,12.2,12.2,12.2,12.2,0
NMI,20070903,10.44,10.44,10.44,10.44,0
NMK-B,20070903,78.7,78.7,78.7,78.7,0
NMK-C,20070903,82.75,82.75,82.75,82.75,0
NMR,20070903,17.67,17.67,17.67,17.67,0
NMT,20070903,13.4,13.4,13.4,13.4,0
NMY,20070903,13.68,13.68,13.68,13.68,0
NNC,20070903,13.15,13.15,13.15,13.15,0
NNI,20070903,17.66,17.66,17.66,17.66,0
NNN,20070903,23.49,23.49,23.49,23.49,0
NNY,20070903,9.4,9.4,9.4,9.4,0
NOA,20070903,17.26,17.26,17.26,17.26,0
NOC,20070903,78.84,78.84,78.84,78.84,0
NOK,20070903,32.88,32.88,32.88,32.88,0
NOV,20070903,128,128,128,128,0
NP,20070903,34.69,34.69,34.69,34.69,0
NPK,20070903,55.16,55.16,55.16,55.16,0
NPO,20070903,41.79,41.79,41.79,41.79,0
NPV,20070903,14.08,14.08,14.08,14.08,0
NQP,20070903,13.28,13.28,13.28,13.28,0
NR,20070903,5.6,5.6,5.6,5.6,0
NRF,20070903,21.22,21.22,21.22,21.22,0
NRF-A,20070903,21,21,21,21,0
NRF-B,20070903,20.7,20.7,20.7,20.7,0
NRG,20070903,38.09,38.09,38.09,38.09,0
NRP,20070903,327.5,327.5,327.5,327.5,0
NRT,20070903,36.15,36.15,36.15,36.15,0
NS,20070903,62.23,62.23,62.23,62.23,0
NSC,20070903,51.21,51.21,51.21,51.21,0
NSH,20070903,32.7,32.7,32.7,32.7,0
NSL,20070903,7.65,7.65,7.65,7.65,0
NSM,20070903,26.32,26.32,26.32,26.32,0
NSP,20070903,33.06,33.06,33.06,33.06,0
NSR,20070903,31.62,31.62,31.62,31.62,0
NTC,20070903,14.04,14.04,14.04,14.04,0
NTG,20070903,49.94,49.94,49.94,49.94,0
NTL,20070903,25.68,25.68,25.68,25.68,0
NTT,20070903,23.1,23.1,23.1,23.1,0
NTX,20070903,13.8,13.8,13.8,13.8,0
NTZ,20070903,7.66,7.66,7.66,7.66,0
NUE,20070903,52.9,52.9,52.9,52.9,0
NUM,20070903,13.8,13.8,13.8,13.8,0
NUO,20070903,14.54,14.54,14.54,14.54,0
NUS,20070903,15.56,15.56,15.56,15.56,0
NUV,20070903,9.99,9.99,9.99,9.99,0
NVO,20070903,22.362,22.362,22.362,22.362,0
NVS,20070903,52.65,52.65,52.65,52.65,0
NW-C,20070903,25.59,25.59,25.59,25.59,0
NWL,20070903,25.79,25.79,25.79,25.79,0
NWN,20070903,46.46,46.46,46.46,46.46,0
NWY,20070903,6.6,6.6,6.6,6.6,0
NX,20070903,43.31,43.31,43.31,43.31,0
NXC,20070903,13.85,13.85,13.85,13.85,0
NXN,20070903,13.46,13.46,13.46,13.46,0
NXP,20070903,14.11,14.11,14.11,14.11,0
NXQ,20070903,13.54,13.54,13.54,13.54,0
NXR,20070903,13.35,13.35,13.35,13.35,0
NYT,20070903,21.98,21.98,21.98,21.98,0
O,20070903,27,27,27,27,0
OB,20070903,21.32,21.32,21.32,21.32,0
OC,20070903,24.96,24.96,24.96,24.96,0
OCN,20070903,9.38,9.38,9.38,9.38,0
ODC,20070903,17.35,17.35,17.35,17.35,0
OFC,20070903,43.07,43.07,43.07,43.07,0
OFG,20070903,10.42,10.42,10.42,10.42,0
OFG-A,20070903,24.5,24.5,24.5,24.5,0
OFG-B,20070903,24.12,24.12,24.12,24.12,0
OGE,20070903,16.86,16.86,16.86,16.86,0
OHI,20070903,14.89,14.89,14.89,14.89,0
OI,20070903,40.22,40.22,40.22,40.22,0
OIA,20070903,9.14,9.14,9.14,9.14,0
OII,20070903,33.58,33.58,33.58,33.58,0
OIS,20070903,42.2,42.2,42.2,42.2,0
OKE,20070903,23.425,23.425,23.425,23.425,0
OKS,20070903,32.03,32.03,32.03,32.03,0
OLN,20070903,21.44,21.44,21.44,21.44,0
OLP,20070903,20.39,20.39,20.39,20.39,0
OMC,20070903,50.93,50.93,50.93,50.93,0
OME,20070903,9.1,9.1,9.1,9.1,0
OMI,20070903,26.6,26.6,26.6,26.6,0
OMN,20070903,5.91,5.91,5.91,5.91,0
OPY,20070903,46.8,46.8,46.8,46.8,0
ORA,20070903,43.05,43.05,43.05,43.05,0
ORCL,20070903,20.28,20.28,20.28,20.28,0
ORI,20070903,18.19,18.19,18.19,18.19,0
OSG,20070903,71.4,71.4,71.4,71.4,0
OSK,20070903,57.89,57.89,57.89,57.89,0
OXM,20070903,36.22,36.22,36.22,36.22,0
OXY,20070903,56.69,56.69,56.69,56.69,0
PAA,20070903,28.775,28.775,28.775,28.775,0
PAC,20070903,50.47,50.47,50.47,50.47,0
PAG,20070903,19.71,19.71,19.71,19.71,0
PAI,20070903,14.24,14.24,14.24,14.24,0
PAY,20070903,36.96,36.96,36.96,36.96,0
PBF,20070903,13.94,13.94,13.94,13.94,0
PBH,20070903,10.97,10.97,10.97,10.97,0
PBI,20070903,44.67,44.67,44.67,44.67,0
PBR,20070903,61.84,61.84,61.84,61.84,0
PBR.A,20070903,53.23,53.23,53.23,53.23,0
PBT,20070903,13.78,13.78,13.78,13.78,0
PCF,20070903,8.24,8.24,8.24,8.24,0
PCG,20070903,44.5,44.5,44.5,44.5,0
PCK,20070903,14.47,14.47,14.47,14.47,0
PCM,20070903,10.8,10.8,10.8,10.8,0
PCN,20070903,14.03,14.03,14.03,14.03,0
PCQ,20070903,15.15,15.15,15.15,15.15,0
PDS,20070903,19.45,19.45,19.45,19.45,0
PDT,20070903,10.69,10.69,10.69,10.69,0
PEG,20070903,84.99,84.99,84.99,84.99,0
PEI,20070903,37.83,37.83,37.83,37.83,0
PEO,20070903,38.2,38.2,38.2,38.2,0
PEP,20070903,68.03,68.03,68.03,68.03,0
PER,20070903,15.63,15.63,15.63,15.63,0
PFD,20070903,14.13,14.13,14.13,14.13,0
PFE,20070903,24.84,24.84,24.84,24.84,0
PFG,20070903,55.49,55.49,55.49,55.49,0
PFH,20070903,24.85,24.85,24.85,24.85,0
PFK,20070903,20.65,20.65,20.65,20.65,0
PFL,20070903,17.84,17.84,17.84,17.84,0
PFN,20070903,17.02,17.02,17.02,17.02,0
PFO,20070903,11,11,11,11,0
PFS,20070903,16.8,16.8,16.8,16.8,0
PG,20070903,65.31,65.31,65.31,65.31,0
PGH,20070903,17.06,17.06,17.06,17.06,0
PGP,20070903,24.62,24.62,24.62,24.62,0
PGR,20070903,20.34,20.34,20.34,20.34,0
PH,20070903,107.47,107.47,107.47,107.47,0
PHD,20070903,17.8,17.8,17.8,17.8,0
PHG,20070903,39.55,39.55,39.55,39.55,0
PHH,20070903,26.93,26.93,26.93,26.93,0
PHI,20070903,58.73,58.73,58.73,58.73,0
PHK,20070903,14.41,14.41,14.41,14.41,0
PHM,20070903,16.64,16.64,16.64,16.64,0
PHT,20070903,16.4,16.4,16.4,16.4,0
PII,20070903,23.875,23.875,23.875,23.875,0
PIM,20070903,6.43,6.43,6.43,6.43,0
PIR,20070903,6.18,6.18,6.18,6.18,0
PIY,20070903,24.7,24.7,24.7,24.7,0
PJC,20070903,51.36,51.36,51.36,51.36,0
PJT,20070903,24.3,24.3,24.3,24.3,0
PKD,20070903,7.79,7.79,7.79,7.79,0
PKE,20070903,29.56,29.56,29.56,29.56,0
PKG,20070903,26.05,26.05,26.05,26.05,0
PKI,20070903,27.41,27.41,27.41,27.41,0
PKX,20070903,153.31,153.31,153.31,153.31,0
PKY,20070903,46.28,46.28,46.28,46.28,0
PLD,20070903,54.98,54.98,54.98,54.98,0
PLT,20070903,28.4,28.4,28.4,28.4,0
PMC,20070903,17.73,17.73,17.73,17.73,0
PMF,20070903,15.59,15.59,15.59,15.59,0
PML,20070903,14.26,14.26,14.26,14.26,0
PMM,20070903,7.36,7.36,7.36,7.36,0
PMO,20070903,11.43,11.43,11.43,11.43,0
PMX,20070903,14.67,14.67,14.67,14.67,0
PNC,20070903,70.37,70.37,70.37,70.37,0
PNF,20070903,12.99,12.99,12.99,12.99,0
PNI,20070903,14.61,14.61,14.61,14.61,0
PNM,20070903,23.12,23.12,23.12,23.12,0
PNR,20070903,37.13,37.13,37.13,37.13,0
PNW,20070903,39.84,39.84,39.84,39.84,0
POL,20070903,8.03,8.03,8.03,8.03,0
POR,20070903,26.59,26.59,26.59,26.59,0
POT,20070903,29.52,29.52,29.52,29.52,0
PPG,20070903,36.675,36.675,36.675,36.675,0
PPL,20070903,48.26,48.26,48.26,48.26,0
PPP,20070903,49.81,49.81,49.81,49.81,0
PPR,20070903,6.6,6.6,6.6,6.6,0
PPT,20070903,6.37,6.37,6.37,6.37,0
PQ,20070903,44.64,44.64,44.64,44.64,0
PRA,20070903,26.29,26.29,26.29,26.29,0
PRO,20070903,13.35,13.35,13.35,13.35,0
PRU,20070903,89.78,89.78,89.78,89.78,0
PSA,20070903,75.78,75.78,75.78,75.78,0
PSA-A,20070903,23.01,23.01,23.01,23.01,0
PSA-B,20070903,24.91,24.91,24.91,24.91,0
PSA-C,20070903,22.99,22.99,22.99,22.99,0
PSA-D,20070903,22.39,22.39,22.39,22.39,0
PSA-E,20070903,23.4,23.4,23.4,23.4,0
PSA-V,20070903,24.9,24.9,24.9,24.9,0
PSA-W,20070903,22.43,22.43,22.43,22.43,0
PSA-X,20070903,22.5,22.5,22.5,22.5,0
PSA-Z,20070903,22.1,22.1,22.1,22.1,0
PSO,20070903,14.93,14.93,14.93,14.93,0
PTR,20070903,144.33,144.33,144.33,144.33,0
PTY,20070903,14.55,14.55,14.55,14.55,0
PUK,20070903,28.57,28.57,28.57,28.57,0
PUK-A,20070903,24.75,24.75,24.75,24.75,0
PUK.P,20070903,24.56,24.56,24.56,24.56,0
PVG,20070903,31.42,31.42,31.42,31.42,0
PVH,20070903,58.23,58.23,58.23,58.23,0
PWE,20070903,28.66,28.66,28.66,28.66,0
PWR,20070903,28.27,28.27,28.27,28.27,0
PX,20070903,75.66,75.66,75.66,75.66,0
PXD,20070903,41.05,41.05,41.05,41.05,0
PYN,20070903,13.39,13.39,13.39,13.39,0
PYS,20070903,20.73,20.73,20.73,20.73,0
PYT,20070903,21.05,21.05,21.05,21.05,0
PZC,20070903,14.38,14.38,14.38,14.38,0
PZE,20070903,4.635,4.635,4.635,4.635,0
Q,20070903,8.95,8.95,8.95,8.95,0
QTM,20070903,3.21,3.21,3.21,3.21,0
R,20070903,54.75,54.75,54.75,54.75,0
RAD,20070903,5.07,5.07,5.07,5.07,0
RAI,20070903,33.06,33.06,33.06,33.06,0
RAS,20070903,26.55,26.55,26.55,26.55,0
RAS-A,20070903,14.1,14.1,14.1,14.1,0
RAS-B,20070903,14.7,14.7,14.7,14.7,0
RAS-C,20070903,16.85,16.85,16.85,16.85,0
RBA,20070903,64.61,64.61,64.61,64.61,0
RBC,20070903,50.51,50.51,50.51,50.51,0
RBS-F,20070903,25.57,25.57,25.57,25.57,0
RBS-H,20070903,25.36,25.36,25.36,25.36,0
RBS-L,20070903,21.91,21.91,21.91,21.91,0
RBS-S,20070903,24.75,24.75,24.75,24.75,0
RCI,20070903,45.28,45.28,45.28,45.28,0
RCL,20070903,38.03,38.03,38.03,38.03,0
RCS,20070903,9.69,9.69,9.69,9.69,0
RDC,20070903,37.54,37.54,37.54,37.54,0
RDN,20070903,17.64,17.64,17.64,17.64,0
RDS.A,20070903,77.35,77.35,77.35,77.35,0
RDS.B,20070903,77.81,77.81,77.81,77.81,0
RDY,20070903,15.9,15.9,15.9,15.9,0
RE,20070903,101.88,101.88,101.88,101.88,0
REG,20070903,69.47,69.47,69.47,69.47,0
RES,20070903,6.1289,6.1289,6.1289,6.1289,0
REV,20070903,1.15,1.15,1.15,1.15,0
RF,20070903,31.3,31.3,31.3,31.3,0
RFI,20070903,16.43,16.43,16.43,16.43,0
RGA,20070903,54.31,54.31,54.31,54.31,0
RGC,20070903,22.54,22.54,22.54,22.54,0
RGR,20070903,18.24,18.24,18.24,18.24,0
RGS,20070903,33.01,33.01,33.01,33.01,0
RHI,20070903,31.94,31.94,31.94,31.94,0
RHT,20070903,19.45,19.45,19.45,19.45,0
RIG,20070903,105.09,105.09,105.09,105.09,0
RIO,20070903,68.7,68.7,68.7,68.7,0
RJF,20070903,32.79,32.79,32.79,32.79,0
RL,20070903,75.54,75.54,75.54,75.54,0
RLH,20070903,9.43,9.43,9.43,9.43,0
RLI,20070903,30.075,30.075,30.075,30.075,0
RMD,20070903,20.33,20.33,20.33,20.33,0
RMT,20070903,14.05,14.05,14.05,14.05,0
RNP,20070903,24.57,24.57,24.57,24.57,0
RNR,20070903,57.28,57.28,57.28,57.28,0
RNR-C,20070903,20.98,20.98,20.98,20.98,0
ROG,20070903,41.19,41.19,41.19,41.19,0
ROK,20070903,70.46,70.46,70.46,70.46,0
ROL,20070903,7.5465,7.5465,7.5465,7.5465,0
ROP,20070903,63.29,63.29,63.29,63.29,0
RPM,20070903,22.64,22.64,22.64,22.64,0
RPT,20070903,32.25,32.25,32.25,32.25,0
RQI,20070903,20.35,20.35,20.35,20.35,0
RRC,20070903,36.31,36.31,36.31,36.31,0
RRD,20070903,35.82,35.82,35.82,35.82,0
RS,20070903,52.97,52.97,52.97,52.97,0
RSG,20070903,31.09,31.09,31.09,31.09,0
RSO,20070903,12,12,12,12,0
RT,20070903,22.15,22.15,22.15,22.15,0
RTN,20070903,61.34,61.34,61.34,61.34,0
RVT,20070903,19.98,19.98,19.98,19.98,0
RWT,20070903,37.33,37.33,37.33,37.33,0
RY,20070903,51.47,51.47,51.47,51.47,0
RYI,20070903,33.34,33.34,33.34,33.34,0
RYN,20070903,28.4933,28.4933,28.4933,28.4933,0
S,20070903,18.92,18.92,18.92,18.92,0
SAB,20070903,37.5,37.5,37.5,37.5,0
SAH,20070903,26.6,26.6,26.6,26.6,0
SAM,20070903,48.76,48.76,48.76,48.76,0
SAN,20070903,47.6,47.6,47.6,47.6,0
SAP,20070903,54.07,54.07,54.07,54.07,0
SAR,20070903,124,124,124,124,0
SBH,20070903,8.52,8.52,8.52,8.52,0
SBR,20070903,42.4,42.4,42.4,42.4,0
SBS,20070903,8.1717,8.1717,8.1717,8.1717,0
SBW,20070903,12.69,12.69,12.69,12.69,0
SCCO,20070903,35.0833,35.0833,35.0833,35.0833,0
SCD,20070903,19.38,19.38,19.38,19.38,0
SCG,20070903,38.38,38.38,38.38,38.38,0
SCI,20070903,12.22,12.22,12.22,12.22,0
SCL,20070903,15.01,15.01,15.01,15.01,0
SCS,20070903,17.64,17.64,17.64,17.64,0
SCX,20070903,16.33,16.33,16.33,16.33,0
SE,20070903,23.25,23.25,23.25,23.25,0
SEE,20070903,26.45,26.45,26.45,26.45,0
SEP,20070903,26.49,26.49,26.49,26.49,0
SF,20070903,36.0933,36.0933,36.0933,36.0933,0
SFE,20070903,12.9,12.9,12.9,12.9,0
SFL,20070903,28.77,28.77,28.77,28.77,0
SGF,20070903,17.35,17.35,17.35,17.35,0
SGU,20070903,4.66,4.66,4.66,4.66,0
SGY,20070903,329.5,329.5,329.5,329.5,0
SHG,20070903,62,62,62,62,0
SHI,20070903,45.7733,45.7733,45.7733,45.7733,0
SHO,20070903,26.96,26.96,26.96,26.96,0
SHW,20070903,69.01,69.01,69.01,69.01,0
SID,20070903,28.205,28.205,28.205,28.205,0
SIG,20070903,19.22,19.22,19.22,19.22,0
SIX,20070903,1.005,1.005,1.005,1.005,0
SJI,20070903,16.955,16.955,16.955,16.955,0
SJM,20070903,55.01,55.01,55.01,55.01,0
SJR,20070903,23.24,23.24,23.24,23.24,0
SJT,20070903,31.8,31.8,31.8,31.8,0
SJW,20070903,34.31,34.31,34.31,34.31,0
SKM,20070903,27.37,27.37,27.37,27.37,0
SKT,20070903,19.035,19.035,19.035,19.035,0
SKX,20070903,6.61,6.61,6.61,6.61,0
SLB,20070903,96.5,96.5,96.5,96.5,0
SLF,20070903,48.12,48.12,48.12,48.12,0
SLG,20070903,111.51,111.51,111.51,111.51,0
SLW,20070903,11.38,11.38,11.38,11.38,0
SM,20070903,33.35,33.35,33.35,33.35,0
SMG,20070903,45.26,45.26,45.26,45.26,0
SMI,20070903,8.79,8.79,8.79,8.79,0
SMP,20070903,9.79,9.79,9.79,9.79,0
SNA,20070903,48.98,48.98,48.98,48.98,0
SNE,20070903,47.78,47.78,47.78,47.78,0
SNN,20070903,23.556,23.556,23.556,23.556,0
SNP,20070903,84.7308,84.7308,84.7308,84.7308,0
SNV,20070903,193.34,193.34,193.34,193.34,0
SNX,20070903,19.92,19.92,19.92,19.92,0
SNY,20070903,40.95,40.95,40.95,40.95,0
SO,20070903,35.49,35.49,35.49,35.49,0
SON,20070903,36.02,36.02,36.02,36.02,0
SOR,20070903,64.25,64.25,64.25,64.25,0
SOV-C,20070903,26.35,26.35,26.35,26.35,0
SPA,20070903,6.41,6.41,6.41,6.41,0
SPG,20070903,94.92,94.92,94.92,94.92,0
SPG-J,20070903,64.45,64.45,64.45,64.45,0
SPH,20070903,46.63,46.63,46.63,46.63,0
SPN,20070903,38.82,38.82,38.82,38.82,0
SPR,20070903,35.75,35.75,35.75,35.75,0
SQM,20070903,159.39,159.39,159.39,159.39,0
SR,20070903,63.95,63.95,63.95,63.95,0
SRE,20070903,55.03,55.03,55.03,55.03,0
SRI,20070903,10.44,10.44,10.44,10.44,0
SRT,20070903,10.33,10.33,10.33,10.33,0
SRV,20070903,19.4,19.4,19.4,19.4,0
SSD,20070903,33,33,33,33,0
SSI,20070903,17.33,17.33,17.33,17.33,0
SSL,20070903,40.23,40.23,40.23,40.23,0
SSP,20070903,41.1,41.1,41.1,41.1,0
SSW,20070903,32.11,32.11,32.11,32.11,0
STC,20070903,37.06,37.06,37.06,37.06,0
STE,20070903,28.07,28.07,28.07,28.07,0
STI,20070903,78.75,78.75,78.75,78.75,0
STI-A,20070903,24.7,24.7,24.7,24.7,0
STJ,20070903,43.57,43.57,43.57,43.57,0
STL,20070903,14.78,14.78,14.78,14.78,0
STM,20070903,17.41,17.41,17.41,17.41,0
STN,20070903,43.91,43.91,43.91,43.91,0
STO,20070903,28.78,28.78,28.78,28.78,0
STT,20070903,61.36,61.36,61.36,61.36,0
STZ,20070903,24.18,24.18,24.18,24.18,0
STZ.B,20070903,24.27,24.27,24.27,24.27,0
SU,20070903,89.39,89.39,89.39,89.39,0
SUI,20070903,28.51,28.51,28.51,28.51,0
SUN,20070903,73.14,73.14,73.14,73.14,0
SUP,20070903,19.88,19.88,19.88,19.88,0
SVU,20070903,42.15,42.15,42.15,42.15,0
SWC,20070903,9.39,9.39,9.39,9.39,0
SWK,20070903,56.74,56.74,56.74,56.74,0
SWM,20070903,11.395,11.395,11.395,11.395,0
SWN,20070903,37.19,37.19,37.19,37.19,0
SWX,20070903,29.01,29.01,29.01,29.01,0
SWZ,20070903,17.49,17.49,17.49,17.49,0
SXC,20070903,32.57,32.57,32.57,32.57,0
SXE,20070903,21.66,21.66,21.66,21.66,0
SXI,20070903,25.03,25.03,25.03,25.03,0
SXL,20070903,8.95,8.95,8.95,8.95,0
SXT,20070903,27.09,27.09,27.09,27.09,0
SYK,20070903,66.8,66.8,66.8,66.8,0
SYT,20070903,37.52,37.52,37.52,37.52,0
SYX,20070903,18.6,18.6,18.6,18.6,0
SYY,20070903,33.38,33.38,33.38,33.38,0
T,20070903,39.87,39.87,39.87,39.87,0
TAC,20070903,28.3,28.3,28.3,28.3,0
TAL,20070903,25.08,25.08,25.08,25.08,0
TAP,20070903,89.46,89.46,89.46,89.46,0
TAP.A,20070903,86.34,86.34,86.34,86.34,0
TCAP,20070903,13.65,13.65,13.65,13.65,0
TCB,20070903,25.27,25.27,25.27,25.27,0
TCI,20070903,15.76,15.76,15.76,15.76,0
TCO,20070903,51.58,51.58,51.58,51.58,0
TD,20070903,34.175,34.175,34.175,34.175,0
TDA,20070903,22.81,22.81,22.81,22.81,0
TDF,20070903,28.14,28.14,28.14,28.14,0
TDG,20070903,40.65,40.65,40.65,40.65,0
TDI,20070903,20.44,20.44,20.44,20.44,0
TDW,20070903,65.45,65.45,65.45,65.45,0
TDY,20070903,49.91,49.91,49.91,49.91,0
TEF,20070903,24.8933,24.8933,24.8933,24.8933,0
TEI,20070903,13.52,13.52,13.52,13.52,0
TEL,20070903,34.87,34.87,34.87,34.87,0
TEN,20070903,31.75,31.75,31.75,31.75,0
TEO,20070903,25.93,25.93,25.93,25.93,0
TER,20070903,14.89,14.89,14.89,14.89,0
TEVA,20070903,43,43,43,43,0
TEX,20070903,79.88,79.88,79.88,79.88,0
TFX,20070903,77.77,77.77,77.77,77.77,0
TG,20070903,17.48,17.48,17.48,17.48,0
TGI,20070903,36.605,36.605,36.605,36.605,0
TGP,20070903,34.97,34.97,34.97,34.97,0
TGS,20070903,6.46,6.46,6.46,6.46,0
TGT,20070903,65.93,65.93,65.93,65.93,0
THC,20070903,13.56,13.56,13.56,13.56,0
THG,20070903,42.78,42.78,42.78,42.78,0
THO,20070903,43.99,43.99,43.99,43.99,0
THS,20070903,26.92,26.92,26.92,26.92,0
TI,20070903,28.24,28.24,28.24,28.24,0
TI.A,20070903,22.44,22.44,22.44,22.44,0
TIF,20070903,51.33,51.33,51.33,51.33,0
TJX,20070903,15.245,15.245,15.245,15.245,0
TK,20070903,57.96,57.96,57.96,57.96,0
TKC,20070903,18.01,18.01,18.01,18.01,0
TKF,20070903,19.78,19.78,19.78,19.78,0
TKR,20070903,35.56,35.56,35.56,35.56,0
TLI,20070903,12.54,12.54,12.54,12.54,0
TLK,20070903,23.58,23.58,23.58,23.58,0
TLP,20070903,32.51,32.51,32.51,32.51,0
TM,20070903,115.68,115.68,115.68,115.68,0
TMK,20070903,27.36,27.36,27.36,27.36,0
TMO,20070903,54.23,54.23,54.23,54.23,0
TNC,20070903,42.02,42.02,42.02,42.02,0
TNH,20070903,107.93,107.93,107.93,107.93,0
TNP,20070903,34.035,34.035,34.035,34.035,0
TOL,20070903,21.36,21.36,21.36,21.36,0
TOO,20070903,29.3,29.3,29.3,29.3,0
TOT,20070903,75.09,75.09,75.09,75.09,0
TPC,20070903,20,20,20,20,0
TPL,20070903,57.5,57.5,57.5,57.5,0
TPX,20070903,28.9,28.9,28.9,28.9,0
TR,20070903,27.1,27.1,27.1,27.1,0
TRC,20070903,41.38,41.38,41.38,41.38,0
TRI,20070903,53.86,53.86,53.86,53.86,0
TRK,20070903,38.49,38.49,38.49,38.49,0
TRN,20070903,18.785,18.785,18.785,18.785,0
TRP,20070903,34.83,34.83,34.83,34.83,0
TRR,20070903,11.2,11.2,11.2,11.2,0
TRU,20070903,9.03,9.03,9.03,9.03,0
TRV,20070903,50.54,50.54,50.54,50.54,0
TS,20070903,46.93,46.93,46.93,46.93,0
TSI,20070903,4.19,4.19,4.19,4.19,0
TSL,20070903,23.41,23.41,23.41,23.41,0
TSM,20070903,9.92,9.92,9.92,9.92,0
TSN,20070903,21.55,21.55,21.55,21.55,0
TSO,20070903,49.33,49.33,49.33,49.33,0
TSS,20070903,27.74,27.74,27.74,27.74,0
TSU,20070903,35.3,35.3,35.3,35.3,0
TTC,20070903,14.7875,14.7875,14.7875,14.7875,0
TTF,20070903,12.12,12.12,12.12,12.12,0
TTI,20070903,19.99,19.99,19.99,19.99,0
TTM,20070903,16.95,16.95,16.95,16.95,0
TU,20070903,25.96,25.96,25.96,25.96,0
TUP,20070903,30.79,30.79,30.79,30.79,0
TV,20070903,26.06,26.06,26.06,26.06,0
TVC,20070903,23.3,23.3,23.3,23.3,0
TVE,20070903,23.49,23.49,23.49,23.49,0
TWI,20070903,28.98,28.98,28.98,28.98,0
TWN,20070903,21.43,21.43,21.43,21.43,0
TWX,20070903,56.94,56.94,56.94,56.94,0
TX,20070903,30.5,30.5,30.5,30.5,0
TXT,20070903,58.34,58.34,58.34,58.34,0
TY,20070903,23.94,23.94,23.94,23.94,0
TY.P,20070903,44.5,44.5,44.5,44.5,0
TYG,20070903,39.52,39.52,39.52,39.52,0
TYL,20070903,14.83,14.83,14.83,14.83,0
UA,20070903,8.1263,8.1263,8.1263,8.1263,0
UAL,20070903,47.47,47.47,47.47,47.47,0
UBA,20070903,16.94,16.94,16.94,16.94,0
UBP,20070903,17.26,17.26,17.26,17.26,0
UBS,20070903,52.24,52.24,52.24,52.24,0
UDR,20070903,25.11,25.11,25.11,25.11,0
UFI,20070903,2.42,2.42,2.42,2.42,0
UFS,20070903,48.0024,48.0024,48.0024,48.0024,0
UGI,20070903,17.0333,17.0333,17.0333,17.0333,0
UGP,20070903,8.65,8.65,8.65,8.65,0
UHS,20070903,26.4,26.4,26.4,26.4,0
UHT,20070903,33.52,33.52,33.52,33.52,0
UIS,20070903,73.7,73.7,73.7,73.7,0
UL,20070903,31.48,31.48,31.48,31.48,0
UMC,20070903,3.3,3.3,3.3,3.3,0
UN,20070903,30.55,30.55,30.55,30.55,0
UNF,20070903,41.38,41.38,41.38,41.38,0
UNH,20070903,50.01,50.01,50.01,50.01,0
UNM,20070903,24.47,24.47,24.47,24.47,0
UNP,20070903,27.8925,27.8925,27.8925,27.8925,0
UNT,20070903,49.06,49.06,49.06,49.06,0
UPS,20070903,75.86,75.86,75.86,75.86,0
URI,20070903,32.6,32.6,32.6,32.6,0
USA,20070903,8.28,8.28,8.28,8.28,0
USB,20070903,32.35,32.35,32.35,32.35,0
USB-H,20070903,25,25,25,25,0
USG,20070903,38.62,38.62,38.62,38.62,0
USPH,20070903,13.75,13.75,13.75,13.75,0
UTF,20070903,25.06,25.06,25.06,25.06,0
UTI,20070903,18.02,18.02,18.02,18.02,0
UTX,20070903,74.63,74.63,74.63,74.63,0
UVV,20070903,49.13,49.13,49.13,49.13,0
VAL,20070903,26.97,26.97,26.97,26.97,0
VAR,20070903,40.39,40.39,40.39,40.39,0
VBF,20070903,17.13,17.13,17.13,17.13,0
VC,20070903,5.38,5.38,5.38,5.38,0
VCO,20070903,47.38,47.38,47.38,47.38,0
VCV,20070903,15.19,15.19,15.19,15.19,0
VFC,20070903,19.9625,19.9625,19.9625,19.9625,0
VG,20070903,2.11,2.11,2.11,2.11,0
VGM,20070903,14.52,14.52,14.52,14.52,0
VGR,20070903,22.98,22.98,22.98,22.98,0
VHI,20070903,7.8333,7.8333,7.8333,7.8333,0
VIV,20070903,32.73,32.73,32.73,32.73,0
VKQ,20070903,15.17,15.17,15.17,15.17,0
VLO,20070903,68.51,68.51,68.51,68.51,0
VLT,20070903,18.3,18.3,18.3,18.3,0
VLY,20070903,22.7,22.7,22.7,22.7,0
VLY-A,20070903,25.08,25.08,25.08,25.08,0
VMC,20070903,90.01,90.01,90.01,90.01,0
VMI,20070903,89.18,89.18,89.18,89.18,0
VMO,20070903,14.27,14.27,14.27,14.27,0
VMW,20070903,68.89,68.89,68.89,68.89,0
VNO,20070903,106.59,106.59,106.59,106.59,0
VNO-G,20070903,22.3,22.3,22.3,22.3,0
VNO-I,20070903,22.28,22.28,22.28,22.28,0
VPV,20070903,13.51,13.51,13.51,13.51,0
VR,20070903,22.02,22.02,22.02,22.02,0
VRX,20070903,15.77,15.77,15.77,15.77,0
VSH,20070903,13.23,13.23,13.23,13.23,0
VTA,20070903,18.35,18.35,18.35,18.35,0
VTN,20070903,14.98,14.98,14.98,14.98,0
VTR,20070903,38.08,38.08,38.08,38.08,0
VVC,20070903,27.3,27.3,27.3,27.3,0
VVI,20070903,35.75,35.75,35.75,35.75,0
VVR,20070903,7.96,7.96,7.96,7.96,0
VZ,20070903,41.88,41.88,41.88,41.88,0
WAB,20070903,18.735,18.735,18.735,18.735,0
WAL,20070903,26.86,26.86,26.86,26.86,0
WAT,20070903,61.57,61.57,61.57,61.57,0
WBC,20070903,45.26,45.26,45.26,45.26,0
WBK,20070903,22.326,22.326,22.326,22.326,0
WBS,20070903,42.46,42.46,42.46,42.46,0
WCC,20070903,47.59,47.59,47.59,47.59,0
WCG,20070903,98.7,98.7,98.7,98.7,0
WCN,20070903,20.28,20.28,20.28,20.28,0
WDR,20070903,24.84,24.84,24.84,24.84,0
WEA,20070903,14.26,14.26,14.26,14.26,0
WEC,20070903,22.155,22.155,22.155,22.155,0
WF,20070903,69.35,69.35,69.35,69.35,0
WFC,20070903,36.54,36.54,36.54,36.54,0
WFT,20070903,58.38,58.38,58.38,58.38,0
WG,20070903,28.43,28.43,28.43,28.43,0
WGL,20070903,32.89,32.89,32.89,32.89,0
WGO,20070903,26.67,26.67,26.67,26.67,0
WHG,20070903,28.48,28.48,28.48,28.48,0
WHR,20070903,96.41,96.41,96.41,96.41,0
WIA,20070903,11.5,11.5,11.5,11.5,0
WIT,20070903,8.778,8.778,8.778,8.778,0
WIW,20070903,11.54,11.54,11.54,11.54,0
WLK,20070903,13.53,13.53,13.53,13.53,0
WLL,20070903,18.58,18.58,18.58,18.58,0
WM,20070903,37.67,37.67,37.67,37.67,0
WMB,20070903,31,31,31,31,0
WMK,20070903,42.98,42.98,42.98,42.98,0
WMS,20070903,29.44,29.44,29.44,29.44,0
WMT,20070903,43.63,43.63,43.63,43.63,0
WNC,20070903,13.09,13.09,13.09,13.09,0
WNR,20070903,51.84,51.84,51.84,51.84,0
WNS,20070903,18.25,18.25,18.25,18.25,0
WOR,20070903,21.16,21.16,21.16,21.16,0
WPC,20070903,31.22,31.22,31.22,31.22,0
WPZ,20070903,44.59,44.59,44.59,44.59,0
WR,20070903,24.29,24.29,24.29,24.29,0
WRE,20070903,32.75,32.75,32.75,32.75,0
WRI,20070903,40.21,40.21,40.21,40.21,0
WSM,20070903,33.33,33.33,33.33,33.33,0
WSO,20070903,48.12,48.12,48.12,48.12,0
WST,20070903,20.025,20.025,20.025,20.025,0
WTI,20070903,22.29,22.29,22.29,22.29,0
WTM,20070903,522,522,522,522,0
WTR,20070903,19.168,19.168,19.168,19.168,0
WTS,20070903,35.42,35.42,35.42,35.42,0
WTW,20070903,51.94,51.94,51.94,51.94,0
WU,20070903,18.83,18.83,18.83,18.83,0
WWE,20070903,15.15,15.15,15.15,15.15,0
WWW,20070903,13.145,13.145,13.145,13.145,0
WY,20070903,68.17,68.17,68.17,68.17,0
WYN,20070903,31.9,31.9,31.9,31.9,0
X,20070903,94.48,94.48,94.48,94.48,0
XCO,20070903,16.8,16.8,16.8,16.8,0
XEC,20070903,35.81,35.81,35.81,35.81,0
XEL,20070903,20.61,20.61,20.61,20.61,0
XKE,20070903,8.45,8.45,8.45,8.45,0
XL,20070903,76.2,76.2,76.2,76.2,0
XOM,20070903,85.73,85.73,85.73,85.73,0
XRM,20070903,108.2,108.2,108.2,108.2,0
XRX,20070903,17.13,17.13,17.13,17.13,0
Y,20070903,412,412,412,412,0
YGE,20070903,160.5,160.5,160.5,160.5,0
YPF,20070903,39.9,39.9,39.9,39.9,0
YUM,20070903,32.72,32.72,32.72,32.72,0
YZC,20070903,88.26,88.26,88.26,88.26,0
ZB-A,20070903,24.69,24.69,24.69,24.69,0
ZF,20070903,20.32,20.32,20.32,20.32,0
ZNH,20070903,65.35,65.35,65.35,65.35,0
ZTR,20070903,19.16,19.16,19.16,19.16,0
