<ticker>,<date>,<open>,<high>,<low>,<close>,<vol>
A,20100127,29.2,29.29,28.73,29.17,3120200
AA,20100127,41.1,41.1,38.88,39.9,55373800
AAN,20100127,18.5667,18.7933,18.3333,18.68,254100
AAP,20100127,40.59,40.74,39.95,40.59,1203100
AAV,20100127,6.47,6.52,6.27,6.38,631000
AB,20100127,27.24,27.37,26.25,27.21,685200
ABB,20100127,18.84,18.94,18.55,18.88,5276500
ABC,20100127,27.37,27.64,27.04,27.26,4885000
ABG,20100127,11.85,12.04,11.63,11.78,274000
ABM,20100127,19.23,19.71,19.23,19.66,127600
ABR,20100127,2.14,2.16,2.05,2.05,77000
ABT,20100127,54.1,54.14,53.15,53.9,11566800
ABX,20100127,36.02,36.27,35.2,35.74,12472800
ACC,20100127,25.69,26.2,25.47,26.08,728700
ACH,20100127,25.46,25.68,24.86,25.48,1459300
ACM,20100127,28.1,28.22,27.55,27.98,475900
ACN,20100127,41.91,42.5,41.53,41.93,4562200
ACV,20100127,28.54,28.76,28.46,28.67,512000
ADC,20100127,21.36,21.41,19.29,20.09,95200
ADM,20100127,29.61,29.89,29.52,29.75,5128400
ADS,20100127,60.01,60.71,59.18,60.56,1486300
ADX,20100127,9.87,9.92,9.83,9.91,156700
AEB,20100127,17.74,17.85,17.6,17.74,57900
AED,20100127,19.2,19.23,18.84,18.94,46900
AEE,20100127,25.95,26.05,25.6,25.99,1943600
AEG,20100127,6.08,6.17,6.03,6.17,577900
AEH,20100127,18.75,18.8,18.44,18.6,214900
AEL,20100127,7.44,7.86,7.33,7.63,246400
AEM,20100127,52.99,53.54,51.53,52.72,3063900
AEO,20100127,16.01,16.19,15.88,16.06,3042700
AEP,20100127,35.54,35.94,35.05,35.53,3908400
AER,20100127,9.36,9.4,8.81,9.37,277100
AES,20100127,13.07,13.08,12.5,12.88,11972100
AES-C,20100127,46.5,46.5,46.02,46.06,11000
AET,20100127,30.28,31.08,30.06,30.43,6254900
AF,20100127,13.04,13.51,12.8,13.5,1034500
AFB,20100127,13.97,13.99,13.89,13.99,63600
AFC,20100127,18.97,18.97,18.15,18.45,24500
AFG,20100127,24.63,25.03,24.6,25.02,481900
AFL,20100127,49.74,50.16,49.07,49.81,4176600
AGC,20100127,8.37,8.37,7.93,8.17,152900
AGCO,20100127,32.01,32.58,31.61,32.38,632500
AGD,20100127,19.66,19.7,19.02,19.32,196600
AGM,20100127,7.42,7.44,7.21,7.32,46200
AGM.A,20100127,7.08,7.08,7.08,7.08,100
AGN,20100127,57.97,59.1,57.65,58.99,1630800
AGO,20100127,22.28,23.04,22.06,23.02,1103900
AGU,20100127,59.24,59.84,58.17,59.6,2077200
AHC,20100127,6.39,6.56,6.23,6.48,51100
AHL,20100127,27.11,27.25,26.91,27.17,628300
AHL-A,20100127,22.12,22.2,22,22,9500
AHT,20100127,5.51,5.69,5.44,5.66,324400
AHT-A,20100127,18.47,18.67,18.47,18.54,2500
AHT-D,20100127,18.75,18.9,18.6,18.65,31000
AI,20100127,14.4,14.95,14.4,14.95,16700
AIB,20100127,18.2,18.3,17,17.6,4408300
AIG,20100127,24.48,25.19,23.04,24.91,16435500
AIN,20100127,19.86,20.42,19.52,20.24,135700
AIR,20100127,23.21,23.35,22.73,23.27,238600
AIT,20100127,22.55,22.79,22.37,22.5,287000
AIV,20100127,15.38,15.59,15.01,15.56,2567200
AIZ,20100127,31.41,31.98,31.12,31.85,1240100
AJG,20100127,22.59,22.83,22.32,22.48,561600
AKO.A,20100127,16.5,16.5,16,16.16,11400
AKO.B,20100127,20.69,20.69,19.97,20.05,13100
AKP,20100127,12.9,12.91,12.89,12.91,7300
AKR,20100127,15.95,16.28,15.63,16.28,250400
AKS,20100127,21.67,21.92,20.15,20.93,15270000
ALB,20100127,37.26,37.62,36.55,36.86,668900
ALE,20100127,30.39,30.77,30.18,30.74,304400
ALEX,20100127,32.35,33.09,32.18,33.02,162300
ALG,20100127,17.57,18.54,17.42,18.44,21100
ALJ,20100127,7.5,7.54,7.29,7.37,137700
ALK,20100127,8.84,9.1675,8.735,9.125,537600
ALL,20100127,30.22,30.54,29.75,30.28,5202400
ALP-O,20100127,25.1,25.1,25.1,25.1,200
ALV,20100127,41.58,41.58,40.5,41.34,813000
ALX,20100127,283.58,291.55,281.35,289.34,3700
AM,20100127,18.75,19.38,18.65,19.35,432700
AME,20100127,16.2489,16.3333,15.9155,16.0889,484900
AMG,20100127,63.17,64.33,63.06,63.9,1161500
AMN,20100127,68.39,68.52,66.31,68.18,112500
AMP,20100127,40.14,40.93,39.88,40.91,1992300
AMT,20100127,42.58,42.81,41.81,42.66,3584900
AMX,20100127,21.82,22.01,21.12,21.76,8593900
AN,20100127,18.45,18.5,17.96,18.34,2162800
ANF,20100127,30.77,31.24,30.36,31.18,3942800
ANH,20100127,6.67,6.74,6.65,6.74,1687400
ANH-A,20100127,24.26,24.3,24.26,24.3,700
ANH-B,20100127,22.21,22.55,22.21,22.42,4400
ANW,20100127,33.17,33.57,32.6,33.41,261000
AOD,20100127,17.68,17.72,17.08,17.48,1949900
AOI,20100127,53.1,53.7,51.9,53.5,509600
AON,20100127,39.07,39.11,38.63,39.03,2135200
AOS,20100127,7.1984,7.3384,7.0167,7.3017,425700
AP,20100127,27.61,28.11,27.14,27.7,27500
APA,20100127,102.23,103.06,99.88,101.4,3265400
APB,20100127,9.45,9.45,9.22,9.35,111000
APC,20100127,65.94,66.21,63.92,64.98,5902900
APD,20100127,79.58,80.25,77.73,78.86,1704100
APF,20100127,14.35,14.41,14.06,14.12,123200
APH,20100127,20.5,20.625,20.01,20.395,1813400
APU,20100127,41,41,38.75,39.72,214600
ARE,20100127,60.74,61.15,59.45,60.87,418700
ARI,20100127,17.62,17.67,17.51,17.57,87300
ARL,20100127,11.14,11.38,11.14,11.34,700
ARW,20100127,27.52,27.79,26.97,27.64,731600
ASA,20100127,23.8333,23.9833,23.3,23.5667,30100
ASG,20100127,3.32,3.34,3.29,3.34,86900
ASH,20100127,42.84,43.63,41.87,42.84,1708600
ASR,20100127,50.02,50.76,49.2,49.33,180600
ASX,20100127,4.01,4.11,3.98,4.1,1280200
AT,20100127,11.46,11.52,11.35,11.41,119400
ATI,20100127,43.95,44.41,41.27,42.75,3846700
ATO,20100127,28.2,28.26,27.76,28.04,242200
ATR,20100127,35.87,36.3,35.74,36.21,135800
ATU,20100127,17.39,17.47,16.97,17.26,843800
ATV,20100127,5.15,5.43,5,5.35,132200
ATW,20100127,34.4,34.99,33.65,34.83,692800
AU,20100127,37.71,37.98,36.7,37.53,1991200
AUO,20100127,11.55,11.56,11.35,11.54,1970700
AUY,20100127,10.55,10.63,10.18,10.43,15639700
AV,20100127,12.69,12.8,12.59,12.8,4600
AVA,20100127,20.79,20.89,20.51,20.86,180000
AVB,20100127,76.78,77.65,75.47,77.35,1333100
AVD,20100127,7.52,7.73,7.52,7.67,54500
AVK,20100127,15.56,15.64,15.38,15.64,74400
AVP,20100127,31.16,31.28,30.62,31.12,3480100
AVT,20100127,27.8,28.04,27.25,27.86,1604300
AVX,20100127,12,12.16,12,12.11,353600
AVY,20100127,38.27,38.51,37.87,38.44,959200
AWF,20100127,13.92,13.95,13.8,13.89,291100
AWH,20100127,14.8933,15.21,14.8467,15.21,179600
AWI,20100127,35.85,36.12,34.87,36,358500
AWK,20100127,22,22.2,21.75,22.02,1078000
AWP,20100127,6.23,6.25,6.08,6.14,333300
AWR,20100127,16.525,16.815,16.51,16.775,55900
AXE,20100127,42.26,43,42.21,42.7,351000
AXL,20100127,9.14,9.44,8.93,9.38,1774800
AXP,20100127,37.96,38.84,37.83,38.67,12910500
AXR,20100127,13.34,13.65,13.34,13.55,3800
AXS,20100127,28.68,28.9,28.54,28.86,1034300
AYI,20100127,36.31,36.55,35.88,36.51,162000
AYR,20100127,9.57,9.66,9.39,9.63,248900
AZN,20100127,49.35,49.87,49.18,49.64,1280500
AZO,20100127,158.34,159.59,155.57,156.38,661600
AZZ,20100127,15.21,15.59,15.055,15.56,120600
B,20100127,16.43,16.74,16.22,16.66,302200
BA,20100127,58.84,62.08,58.83,61.93,14760000
BAC,20100127,14.71,15.29,14.68,15.19,258706100
BAC-C,20100127,22.56,22.85,22.56,22.85,93700
BAC-D,20100127,19.99,20.24,19.84,20.16,35000
BAC-E,20100127,17.78,17.95,17.78,17.95,40200
BAC-I,20100127,20.9,20.9,20.4,20.77,21000
BAC-L,20100127,890.01,900.5,890.01,898,2300
BAC-W,20100127,22.56,22.75,22.56,22.75,22100
BAC-Y,20100127,20.21,20.21,19.95,20.1,27800
BAF,20100127,13.51,13.56,13.45,13.53,8800
BAK,20100127,14.42,14.74,14.28,14.6,248800
BAM,20100127,13.6867,13.7933,13.5067,13.6733,937900
BAP,20100127,73.29,74.28,72.95,73.93,189700
BAS,20100127,10.84,11.25,10.75,11.02,335700
BAX,20100127,59.13,59.36,57.98,58.91,4471800
BBD,20100127,12.8863,13.0454,12.6667,12.9167,16081400
BBF,20100127,13.12,13.14,13.06,13.09,20900
BBG,20100127,32.79,33.08,32.24,32.96,516800
BBK,20100127,14.35,14.35,14.19,14.33,15100
BBL,20100127,61.43,61.76,60.45,61.39,1660200
BBT,20100127,27.08,28.45,27,28.28,12624300
BBVA,20100127,15.79,16.27,15.5,15.94,8272200
BBW,20100127,4.74,4.84,4.7,4.83,46800
BBX,20100127,7.85,8.15,7.15,7.85,576900
BBY,20100127,37.25,37.44,36.83,36.92,8380400
BC,20100127,11.88,12.42,11.55,12.31,1121300
BCE,20100127,25.89,26.06,25.74,26.02,913700
BCH,20100127,56.82,56.97,54,54.67,31100
BCO,20100127,23.62,24.04,23.56,24,332600
BCR,20100127,80.11,80.66,79.77,80.54,571300
BCS,20100127,17.37,17.8,17.12,17.76,3013400
BCS-A,20100127,22.79,23.14,22.79,23.01,65300
BCS-D,20100127,24.66,24.89,24.66,24.74,178300
BDC,20100127,23.05,23.68,23,23.54,197600
BDJ,20100127,8.51,8.51,8.16,8.18,502200
BDN,20100127,11.32,11.66,11.17,11.55,1959700
BDX,20100127,75.3,76.34,74.75,76,1179900
BEN,20100127,33.4333,34.7367,33.4333,34.6267,1787300
BEP,20100127,9.8,9.87,9.78,9.82,191600
BF.A,20100127,17.7734,17.8567,17.6667,17.8567,9200
BF.B,20100127,17.1934,17.1934,16.95,17.14,231200
BFK,20100127,13.05,13.27,13.05,13.26,67500
BFO,20100127,13.37,13.37,13.32,13.32,4200
BFR,20100127,6.8,6.9,6.6,6.85,114000
BFS,20100127,35.36,35.63,35.1,35.44,45300
BFZ,20100127,13.16,13.17,13.15,13.16,17400
BG,20100127,63.32,63.5,60.83,61.49,2353800
BGC,20100127,30.78,31.13,30.01,30.28,1225500
BGE-B,20100127,22.32,22.32,22.22,22.22,6900
BGG,20100127,16.61,16.96,16.54,16.82,495300
BGH,20100127,30.46,30.63,29.87,29.87,39500
BGR,20100127,24.25,24.42,23.78,24.12,78200
BGS,20100127,9.09,9.15,9,9.13,178200
BGT,20100127,14.6,14.73,14.45,14.56,131500
BGY,20100127,10.75,10.79,10.41,10.61,713800
BHE,20100127,19.07,19.65,19.02,19.32,276900
BHI,20100127,46.91,47.96,46.25,47.6,9708100
BHK,20100127,12,12,11.9,11.95,91400
BHL,20100127,12.16,12.25,12.16,12.18,25000
BHP,20100127,72.69,73.23,71.6,72.65,5354600
BID,20100127,24.94,25.36,24.27,24.94,721500
BIF,20100127,6,6.05,5.93,5.98,289000
BIG,20100127,29.84,29.87,28.8,29.22,1377500
BIO,20100127,94.36,95.84,93.09,94.91,64900
BIO.B,20100127,93.86,93.86,93.41,93.41,400
BIP,20100127,10.8067,10.8067,10.6,10.78,110800
BJZ,20100127,15.15,15.15,15.01,15.14,4800
BK,20100127,29.25,29.94,29.09,29.76,7728300
BKD,20100127,16.46,17.35,16.32,17.19,386200
BKE,20100127,30.64,31.46,30.5,31.31,384700
BKH,20100127,26.1,26.4,25.92,26.29,209500
BKK,20100127,14.72,14.88,14.7,14.85,20400
BKN,20100127,13.68,13.79,13.68,13.75,26700
BKS,20100127,19.69,19.69,17.7,18.07,3581600
BKT,20100127,6.43,6.45,6.41,6.43,273600
BLH,20100127,16.72,16.72,16.62,16.7,2900
BLK,20100127,228.36,231.13,218.55,226.77,560100
BLL,20100127,25.28,25.35,24.745,25.225,1680900
BLW,20100127,14.97,14.97,14.87,14.92,49600
BLX,20100127,14.48,14.55,14.32,14.45,155800
BMA,20100127,27.77,28.09,26.65,28.02,50600
BME,20100127,26.6,26.82,25.5,25.69,63200
BMI,20100127,37.29,38.14,36.7,38,82100
BML-G,20100127,16.05,16.05,15.82,16,26300
BML-H,20100127,15.75,15.83,15.65,15.7,86600
BML-I,20100127,19.96,20.04,19.86,19.88,48000
BML-J,20100127,19.05,19.13,18.95,18.98,11200
BML-L,20100127,17.75,18.09,17.75,18.07,25100
BMO,20100127,50.19,50.89,49.91,50.76,513500
BMS,20100127,28.45,28.82,28.25,28.74,973000
BMY,20100127,24.28,24.41,24.08,24.3,12404600
BNJ,20100127,14.19,14.34,14.02,14.15,13700
BNS,20100127,42.36,43.11,42.11,43.01,520500
BNY,20100127,14.5,14.58,14.48,14.52,19300
BOE,20100127,19.29,19.37,18.88,19.04,201100
BOH,20100127,44.75,45.73,44.22,45.61,463600
BP,20100127,57.89,58.18,57.44,58.06,6026800
BPI,20100127,14.61,15.66,14.53,15.56,202500
BPK,20100127,15.5,15.53,15.48,15.53,5200
BPL,20100127,57.91,57.91,55.09,55.5,165900
BPT,20100127,85.29,85.29,81.51,82.35,161600
BQH,20100127,15.02,15.07,14.93,15,1900
BR,20100127,21.93,22.08,21.72,22.08,539900
BRC,20100127,28.71,29.24,28.63,29.16,158000
BRFS,20100127,12.5,12.685,12.27,12.655,383700
BRK.A,20100127,109100,109670,104935,107000,7000
BRK.B,20100127,73.28,73.28,69.91,71.36,19886100
BRO,20100127,17.85,17.95,17.63,17.81,984500
BRS,20100127,36.41,37.17,36,37.1,116900
BRT,20100127,4.65,4.65,4.5,4.63,16000
BSBR,20100127,12.07,12.24,11.82,12.09,3726900
BSD,20100127,12.15,12.15,12.1,12.1,4200
BSE,20100127,13.57,13.59,13.57,13.59,2300
BSX,20100127,9.02,9.08,8.86,8.93,18179600
BT,20100127,11.225,11.29,11.125,11.24,162100
BTA,20100127,10.38,10.39,10.29,10.31,40300
BTE,20100127,29.56,29.62,28.8,28.83,238100
BTO,20100127,14.7,14.97,14.68,14.93,109900
BTZ,20100127,11.72,11.75,11.62,11.67,111700
BUD,20100127,49.58,49.79,49.28,49.73,280900
BVN,20100127,32.65,33.32,31.82,32.44,1345900
BW,20100127,17.98,18.57,17.93,18.53,141000
BWA,20100127,17.98,18.115,17.185,17.63,1912300
BWP,20100127,30.81,30.98,29.78,29.97,308500
BX,20100127,12.49,12.77,12.25,12.73,1736200
BXC,20100127,27.6,30,25.5,29.6,81900
BXP,20100127,64.26,65.44,63.35,65.07,2375500
BXS,20100127,22.7,23.43,22.7,23.42,525500
BYD,20100127,8.14,8.18,7.86,7.99,994100
BYM,20100127,13.74,13.75,13.66,13.7,26300
BZH,20100127,20.75,20.75,19.6,20.2,4308400
C,20100127,31.7,32.3,31.4,32,55891330
C-P,20100127,16.5,16.51,16.32,16.51,2900
C-S,20100127,17.97,18.05,17.83,18,354400
CAB,20100127,16.04,16.48,16.02,16.46,482000
CACI,20100127,47.28,48.57,47.2,48.52,270800
CAE,20100127,8.2,8.23,8.01,8.13,30000
CAF,20100127,27.32,27.33,26.81,27.15,257700
CAG,20100127,22.79,22.98,22.67,22.95,4161800
CAH,20100127,32.41,32.41,31.3,31.31,7320100
CAJ,20100127,40.65,41.08,40.41,40.89,320200
CAL,20100127,19.39,19.64,18.61,19.42,8765400
CAS,20100127,10.29,10.6,9.92,10.06,115400
CAT,20100127,52.96,53.84,51.03,53.44,34043200
CATO,20100127,19.6,19.82,19.46,19.8,97000
CB,20100127,49.69,50.33,49.16,50.28,3219300
CBB,20100127,14.6,15.05,14.55,14.9,695500
CBB-B,20100127,38.81,39.07,38.81,39,1100
CBD,20100127,34.16,35.01,34.005,34.295,356600
CBG,20100127,12.61,12.81,12.4,12.8,4903800
CBI,20100127,21.34,21.64,20.53,21.57,1063900
CBK,20100127,6.6,6.72,6.6,6.7,173100
CBL,20100127,9.97,10.4,9.81,10.35,1720800
CBL-D,20100127,20.29,20.35,20.22,20.34,5800
CBM,20100127,5.63,5.74,5.46,5.58,115900
CBR,20100127,3.53,3.6,3.45,3.55,185700
CBS,20100127,13.23,13.46,12.91,13.3,7602200
CBS.A,20100127,13.31,13.41,12.9,13.3,30000
CBT,20100127,25.58,26.69,24.92,26.57,918400
CBU,20100127,20.69,21.84,20.61,21.69,298300
CBZ,20100127,7.26,7.41,7.25,7.38,92500
CCC,20100127,13.98,14.2,13.35,14.09,1009400
CCE,20100127,20.7,20.71,20.31,20.51,3827800
CCI,20100127,37.28,38.26,37.01,38.25,1762000
CCJ,20100127,28.29,28.88,27.77,28.11,2352800
CCK,20100127,24.41,24.5,23.87,24.29,1875300
CCL,20100127,33.73,33.94,33.36,33.88,3143200
CCM,20100127,9.85,9.99,9.56,9.95,179900
CCO,20100127,10.64,10.86,10.2,10.69,382100
CCS,20100127,24.32,24.48,24.32,24.48,76900
CCU,20100127,15.976,16.1,15.568,15.88,51500
CCZ,20100127,30.79,30.79,30.16,30.6,5600
CDE,20100127,15.31,15.63,14.75,15.22,2494300
CDI,20100127,13.27,13.27,12.64,13.08,30200
CDR,20100127,7.27,7.41,7.11,7.36,394800
CE,20100127,32.02,32.39,31.22,31.34,1879200
CEA,20100127,16.975,16.975,16.62,16.73,7800
CEE,20100127,33.93,34.24,33.41,33.87,125000
CEL,20100127,31.8,32.08,31.68,31.92,256000
CEO,20100127,141.14,143.57,140.51,142.9,285700
CF,20100127,19.278,19.41,19.02,19.28,487700
CFC-B,20100127,21.36,21.38,21.16,21.31,124500
CFI,20100127,11.81,12.7,11.81,12.07,123500
CFR,20100127,51.56,52.77,51.39,52.63,607400
CFX,20100127,11.52,11.96,11.33,11.9,123100
CGA,20100127,14.51,14.95,14.4,14.78,530300
CGI,20100127,10.25,10.34,10.09,10.24,114900
CHA,20100127,41.4,41.59,40.81,41.41,181000
CHD,20100127,15.26,15.3475,15.1325,15.235,230900
CHE,20100127,47.4,48.24,47.27,47.59,77400
CHH,20100127,32,32.22,31.59,32.15,84000
CHK,20100127,26.48,26.54,25.26,25.93,17195200
CHK-D,20100127,85,85.4,83.68,84.25,8100
CHL,20100127,47.38,47.68,47,47.57,1969400
CHN,20100127,26.86,26.86,26,26.24,298800
CHS,20100127,12.65,12.94,12.53,12.88,1725200
CHSP,20100127,18.95,19.04,18.95,18.99,70800
CHT,20100127,18.32,18.32,18.32,18.32,0
CHU,20100127,11.19,11.25,10.98,11.19,4253500
CI,20100127,34.21,34.98,33.75,34.59,4046300
CIA,20100127,6.23,6.5,6.23,6.48,65600
CIB,20100127,43.27,43.8,42.73,43.6,680600
CIE,20100127,14.78,14.78,13.9,14.45,292400
CIF,20100127,2.65,2.69,2.65,2.68,29600
CIG,20100127,10.5984,10.6944,10.4256,10.6432,3510900
CIG.C,20100127,13.58,13.58,12.75,13.18,2300
CII,20100127,14.28,14.34,13.86,14.01,323400
CIM,20100127,3.92,3.99,3.89,3.99,5514400
CIR,20100127,28.31,28.74,27.82,28.25,71400
CIT,20100127,32.13,33.06,31.83,32.13,528100
CKH,20100127,72.13,72.38,70.43,71.34,157700
CL,20100127,40.195,40.41,39.83,40.195,3111500
CLB,20100127,60.185,60.49,59.2,60.36,225900
CLC,20100127,32.94,33.16,32.55,33.06,179200
CLD,20100127,14.86,15.06,13.95,14.92,582800
CLF,20100127,42,42.66,39.19,41.01,5805500
CLH,20100127,29.83,30.21,29.395,29.455,222600
CLI,20100127,33.74,33.92,33.14,33.49,1428600
CLNY,20100127,19.97,20.16,19.9,20.1,16100
CLR,20100127,19.355,19.615,18.95,19.345,550100
CLS,20100127,9.85,10.11,9.75,9.91,3288700
CLW,20100127,23.77,24.8,23.475,24.545,82900
CLX,20100127,59.16,59.58,58.96,59.24,2148500
CM,20100127,60.62,61.32,60.25,60.25,234300
CMA,20100127,34.78,35.58,34.34,35.39,2835700
CMC,20100127,14.24,14.57,13.58,14.15,3287000
CMG,20100127,97.63,98.98,96.13,98.44,381200
CMI,20100127,47.06,47.21,44.84,46.41,3369000
CMO,20100127,13.47,13.57,13.37,13.49,739400
CMP,20100127,66.83,67.14,64.09,64.89,757800
CMS,20100127,15.52,15.52,15.23,15.39,3060900
CMS-B,20100127,78.11,79,78.11,79,400
CMU,20100127,4.52,4.52,4.48,4.51,31200
CNA,20100127,23.12,23.5,22.74,23.45,256600
CNC,20100127,9.73,9.98,9.675,9.845,522600
CNI,20100127,25.885,26.295,25.665,26.245,1665900
CNK,20100127,14.48,14.81,14.45,14.73,339000
CNO,20100127,4.83,4.98,4.78,4.98,3849000
CNP,20100127,14.26,14.26,13.9,14.08,4590100
CNQ,20100127,32.755,32.98,32.315,32.885,1765400
CNS,20100127,20.06,20.71,20.02,20.67,468100
CNX,20100127,49.77,50.59,47.69,50.03,3586900
CO,20100127,6,6.1,5.87,5.87,47600
COF,20100127,35.31,36.86,34.65,36.55,11448000
COF.W,20100127,12.1,12.49,11.9,12.49,61600
COG,20100127,10.195,10.2875,9.7775,9.9375,2484100
COH,20100127,34.56,35.17,34.37,35.01,5671100
COL,20100127,53.03,53.76,52.69,53.64,1009800
COO,20100127,36.01,36.26,35.43,35.83,312200
COP,20100127,50.43,51.04,48.99,49.81,12080700
COT,20100127,8.35,8.38,8.08,8.23,318700
CP,20100127,50.38,51.14,50.03,51.02,678200
CPA,20100127,51.99,53.45,51.55,52.79,261800
CPB,20100127,32.87,33.17,32.61,33.05,2345900
CPE,20100127,2.24,2.79,2.23,2.73,4563800
CPF,20100127,35.4,37.6,32.8,34,712600
CPK,20100127,19.96,20.1533,19.8667,20.1133,13600
CPL,20100127,20,20.1,19.58,19.8567,96100
CPN,20100127,11.08,11.24,10.95,11.2,3764200
CPT,20100127,38.83,39.41,38.53,39.21,727000
CR,20100127,30.41,30.89,29.88,30.76,357200
CRD.A,20100127,2.48,2.59,2.44,2.51,29600
CRD.B,20100127,3.14,3.31,3.09,3.27,19400
CRH,20100127,24.87,24.91,24.36,24.79,81300
CRI,20100127,26.03,26.3,25.89,26.26,626000
CRK,20100127,201.85,202.9,194.1,196.85,719600
CRL,20100127,36.64,37.55,36.44,37.37,831700
CRM,20100127,16.3525,16.415,16.0975,16.35,1486800
CRR,20100127,67.77,69.18,67.03,68.95,153600
CRS,20100127,28.73,29.19,27,28.68,1024000
CRT,20100127,34.01,34.17,32.26,33.51,29700
CRY,20100127,6.17,6.3,6.17,6.25,86900
CS,20100127,44.41,45.37,44.16,45.29,1549600
CSC,20100127,52.72,52.89,51.94,52.43,1524900
CSL,20100127,34.53,34.63,33.86,34.14,344500
CSS,20100127,17.69,18.13,17.67,18.12,4600
CSU,20100127,5.01,5.21,4.97,5.06,69900
CSV,20100127,3.85,3.88,3.85,3.85,5700
CTB,20100127,18.5,18.75,18.15,18.72,880600
CTL,20100127,34.8,34.97,34.12,34.5,3770600
CTS,20100127,8.51,8.68,6.88,8.42,942900
CTV,20100127,28.27,28.57,27.83,28.45,1240400
CUB,20100127,38.68,39.11,38.23,39.05,41500
CUK,20100127,36.34,36.55,35.96,36.42,247000
CUZ,20100127,7.85,8.04,7.79,8,1150300
CVA,20100127,18.27,18.31,17.98,18.15,828500
CVB,20100127,10.06,10.06,10.05,10.05,1300
CVE,20100127,23.19,23.43,22.96,23.19,1461900
CVG,20100127,10.99,11.05,10.61,10.81,1759400
CVI,20100127,8.37,8.42,8.16,8.35,324400
CVO,20100127,61.44,64.96,61.04,64.64,327900
CVS,20100127,32.68,33.04,32.24,32.47,10626600
CVX,20100127,73.94,74.36,73.13,73.7,13375600
CW,20100127,30.68,31.28,30.67,31.2,204200
CWT,20100127,18.005,18.19,17.975,18.12,99000
CX,20100127,10.17,10.19,9.28,9.9,49148400
CXE,20100127,4.89,4.91,4.83,4.89,81400
CXH,20100127,9.4,9.42,9.35,9.35,11500
CXO,20100127,43.74,45.22,43.64,45,6033100
CXW,20100127,19.69,19.76,19.24,19.39,1291200
CYD,20100127,14.4,14.69,14.04,14.43,375300
CYH,20100127,33.96,34.14,32.85,33.39,1596000
CYS,20100127,13.28,13.54,13.25,13.49,36000
CZZ,20100127,8.26,8.3,8,8.16,811400
D,20100127,38,38.03,37.18,38,3353400
DAC,20100127,4.7,4.77,4.55,4.62,111800
DAL,20100127,13.01,13.44,12.82,13.16,24582200
DAN,20100127,10.24,10.54,10.04,10.47,1981900
DAR,20100127,7.79,7.98,7.77,7.96,310200
DB,20100127,61.21,62.66,60.82,62.61,853300
DBD,20100127,28.09,28.44,27.6,28.35,255600
DCA,20100127,2.22,2.22,2.18,2.2,92900
DCI,20100127,19.72,19.805,19.455,19.71,260600
DCM,20100127,15.35,15.42,15.26,15.32,385800
DCO,20100127,17.75,18.08,17.75,17.96,42900
DCT,20100127,19.84,20.2,19.6,20.04,3372700
DD,20100127,32.78,33.23,32.25,32.86,7409200
DD-A,20100127,65.9,66.24,65.9,66.21,600
DD-B,20100127,82.75,82.75,81.21,81.21,2100
DDD,20100127,3.67,3.73,3.67,3.7133,13500
DDE,20100127,3.49,3.6,3.49,3.58,25400
DDF,20100127,7.2,7.27,7.06,7.13,14600
DDR,20100127,8.5,8.7,8.3,8.68,4185100
DDS,20100127,16.54,16.63,16.2,16.48,540900
DDT,20100127,18.61,18.88,18.5,18.66,9400
DE,20100127,52.53,53.41,50.62,52.39,6773300
DECK,20100127,33.9633,34.5267,33.6,34.2433,1780500
DEI,20100127,13.98,14.07,13.7,14.02,1707300
DEL,20100127,45.82,47.32,45.82,47.3,32800
DEO,20100127,68.4,68.72,68.11,68.58,561400
DEX,20100127,11.82,11.99,10.94,11.14,161300
DF,20100127,36.62,36.62,36.04,36.44,1871400
DFP,20100127,19.49,19.6,19.4,19.5,2400
DFS,20100127,13.47,13.88,13.24,13.82,9979800
DFT,20100127,16.59,16.92,16.51,16.92,303900
DG,20100127,23.6,23.6,23.37,23.55,175200
DGI,20100127,22.61,24.81,22.6,24.33,270300
DGX,20100127,57.56,57.69,56.16,56.63,1924900
DHF,20100127,3.83,3.83,3.77,3.78,436800
DHG,20100127,12.45,12.48,12.38,12.44,163400
DHI,20100127,11.21,11.72,11.17,11.67,9099300
DHR,20100127,36.905,37.15,36.455,37.095,1473900
DHT,20100127,45.6,46.32,45,46.2,227000
DHX,20100127,5.95,6.09,5.93,6.01,37100
DIN,20100127,23.1,23.37,22.81,23.13,155700
DIS,20100127,29.56,29.81,29.01,29.32,16122600
DK,20100127,6.99,7.36,6.74,7.3,263500
DKL,20100127,22.2,22.2,21.65,21.9,5800
DKS,20100127,23.42,23.75,22.47,23.41,4602600
DKT,20100127,25.45,25.52,25.35,25.43,99500
DL,20100127,6.13,6.2,6.08,6.08,4700
DLB,20100127,49.83,50.45,49.59,50.24,285200
DLR,20100127,48.35,48.82,47.79,48.63,871800
DLX,20100127,15.66,16.09,15.66,16.07,439900
DM,20100127,9.99,10.3,9.99,10.14,100100
DNB,20100127,79.36,80.17,79.08,80.16,258800
DNP,20100127,9.09,9.09,8.93,8.93,359500
DNR,20100127,14.34,14.42,13.57,14.04,7671800
DO,20100127,94.94,96.13,92.79,95.1,1750900
DOV,20100127,42.82,42.96,41.97,42.81,1819100
DOW,20100127,28.12,28.3,27.51,28.24,9847900
DPM,20100127,31.17,31.5,30.3,30.69,87000
DPS,20100127,27.33,27.57,26.99,27.5,1216400
DPZ,20100127,11.05,11.23,10.9,11.17,465000
DRE,20100127,11.95,12.09,11.72,12.05,3796200
DRH,20100127,8.45,8.5,8.07,8.34,2399800
DRI,20100127,36.48,36.76,36.25,36.62,2345800
DRQ,20100127,53.6,54.52,53.21,54.51,286200
DSM,20100127,7.95,7.99,7.93,7.99,129500
DST,20100127,44.75,45.42,44.51,45.33,487900
DSU,20100127,11.1,11.22,11.1,11.16,373500
DSW,20100127,12.255,12.535,12.175,12.475,184300
DSX,20100127,14.51,14.68,14.09,14.56,1507900
DTE,20100127,42.93,42.93,42.25,42.75,1079500
DTF,20100127,14.6,14.67,14.52,14.67,11200
DTK,20100127,24.46,24.53,24.39,24.42,91900
DUC,20100127,12.73,12.73,12.6,12.65,63400
DUK,20100127,50.34,50.4,49.74,50.22,8807400
DV,20100127,60,63.67,58.21,63.32,4710200
DVA,20100127,30.22,30.455,30.095,30.335,668000
DVD,20100127,2.26,2.28,2.22,2.28,10900
DVN,20100127,69.76,70.34,68.08,69.35,3633100
DW,20100127,19.35,19.79,19.34,19.67,31700
DX,20100127,9.02,9.09,9.01,9.03,45300
DXB,20100127,21.99,22.17,21.99,22.17,74200
DY,20100127,8.27,8.4,8.18,8.37,163200
DYN,20100127,8.9,8.95,8.55,8.6,6134200
E,20100127,48.26,48.47,47.66,47.99,524300
EAT,20100127,16.74,16.87,16.43,16.56,1852000
EBF,20100127,14.84,15.56,14.84,15.54,65300
EBR,20100127,21.59,21.68,21.03,21.22,1873900
EBR.B,20100127,18.39,18.48,17.89,18.25,559700
EBS,20100127,14.25,15.34,14.23,15.31,529400
EC,20100127,23.92,25.08,23.9,24.77,312900
ECA,20100127,31.62,31.76,30.77,31.47,4965900
ECL,20100127,44.72,44.91,44.16,44.65,1212700
ED,20100127,43.67,44.07,43.35,44.05,2840800
EDD,20100127,14.01,14.11,13.97,14.02,286000
EDE,20100127,18.4,18.56,18.34,18.5,179500
EDN,20100127,7.5,7.6,7.45,7.5,16900
EDR,20100127,15.9,16.17,15.63,15.75,805700
EDU,20100127,18.265,18.295,17.3625,17.825,985700
EE,20100127,19.09,19.39,19.04,19.37,126000
EEA,20100127,6.41,6.56,6.34,6.49,33000
EEP,20100127,27.12,27.12,26.37,26.645,270500
EEQ,20100127,25.335,26.135,25.335,25.86,34500
EFR,20100127,16.19,16.24,16,16.15,258200
EFT,20100127,15.32,15.42,15.16,15.34,287900
EFX,20100127,31.47,32.15,31.47,32.15,1016500
EGF,20100127,16.96,16.99,16.85,16.87,34600
EGN,20100127,47.19,47.5,46.01,46.69,551800
EGO,20100127,12.98,13.07,12.5,12.81,4835900
EGP,20100127,38.22,38.76,38,38.62,366900
EGY,20100127,4.36,4.47,4.34,4.43,145500
EHI,20100127,11.26,11.28,11.16,11.2,90400
EIG,20100127,13.84,13.95,13.51,13.6,258500
EIX,20100127,34.08,34.15,33.56,34.05,1976800
EL,20100127,26.72,26.875,26.375,26.82,1901300
ELP,20100127,20.47,20.9,19.89,20.76,612700
ELS,20100127,23.47,23.655,23.02,23.645,256600
ELY,20100127,7.84,8.03,7.38,7.59,1963500
EMD,20100127,12.57,12.59,12.52,12.54,89000
EME,20100127,24.15,24.3,23.67,24.16,528200
EMF,20100127,18.65,18.75,17.73,18.13,315400
EMN,20100127,28.84,29.105,28.34,29.03,660600
EMO,20100127,25.85,25.87,25.77,25.83,2600
EMR,20100127,42.15,42.27,41.45,42.06,5676400
ENB,20100127,21.755,21.91,21.72,21.88,225600
ENH,20100127,35.81,36.52,35.79,36.45,532500
ENR,20100127,57.51,58.01,56.64,57.42,882600
ENS,20100127,20.92,21.11,20.7,21.1,623500
ENZ,20100127,4.82,4.98,4.72,4.97,90000
EOD,20100127,10.22,10.22,10.06,10.16,151800
EOG,20100127,46.115,46.91,45.05,46.195,3277100
EOI,20100127,13.08,13.21,12.68,12.84,511100
EOS,20100127,12.55,12.65,12.19,12.42,493400
EOT,20100127,19.97,19.97,19.67,19.73,92400
EP-C,20100127,38.55,38.76,37.76,38.04,8600
EPD,20100127,15.96,15.965,15.535,15.7,1837500
EPE,20100127,40.85,41.05,39.06,39.37,273800
EPR,20100127,34.22,35.23,33.87,35.12,274500
EPR-C,20100127,16.45,16.84,16.39,16.84,2000
EPR-E,20100127,24.85,25.01,24.85,24.95,70500
EQR,20100127,31.78,32.49,31.4,32.44,3021000
EQS,20100127,3.29,3.34,3.29,3.31,66400
EQT,20100127,42.71,42.95,42,42.87,1393500
EQY,20100127,16.76,17.08,16.69,17.01,374000
ERF,20100127,22.25,22.39,21.43,21.71,1019000
ERJ,20100127,21.17,21.5,20.87,21.42,873900
ES,20100127,8.4,8.52,8.3,8.45,247800
ESD,20100127,17.65,17.76,17.61,17.76,99200
ESE,20100127,32.34,32.8,32.17,32.78,95600
ESL,20100127,37.82,38.25,36.75,38.14,439200
ESS,20100127,80.8,82.34,79.45,82,248400
ESV,20100127,40.59,41.29,40.03,40.79,3800000
ETB,20100127,14.71,14.71,14.4,14.65,122400
ETE,20100127,16.405,16.555,16.07,16.2,431900
ETG,20100127,13.23,13.28,12.61,13.02,692400
ETH,20100127,14.9,15.11,14.65,14.9,232900
ETJ,20100127,16.55,16.56,16.31,16.37,232300
ETM,20100127,8.33,8.42,7.98,8.4,84200
ETN,20100127,32.06,32.23,30.955,31.66,3065200
ETO,20100127,18.83,18.96,18.08,18.44,218400
ETP,20100127,45.44,45.62,44.57,45.19,771200
ETR,20100127,79.3,79.3,77.72,78.72,1032000
ETV,20100127,13.49,13.54,13.26,13.43,318200
ETW,20100127,12.87,12.87,12.42,12.64,686600
ETY,20100127,12.99,12.99,12.57,12.82,519700
EV,20100127,30.5,30.94,30.25,30.93,558500
EVC,20100127,3.19,3.21,2.97,3.18,142800
EVF,20100127,6.64,6.74,6.51,6.52,322500
EVG,20100127,16.48,16.48,16.33,16.38,90000
EVN,20100127,11.8,11.98,11.79,11.98,42200
EVR,20100127,30.13,30.66,30.02,30.49,66000
EVT,20100127,15.3,15.49,14.56,14.94,599000
EW,20100127,22.8425,22.9925,22.75,22.89,192800
EXC,20100127,46.6,46.6,45.76,46.28,6103600
EXG,20100127,11.87,12,11.57,11.81,1178100
EXP,20100127,23.72,23.72,22.35,23.18,1137000
EXR,20100127,11.31,11.41,11.09,11.4,581500
F,20100127,11.57,11.62,11.22,11.55,105090500
FAC,20100127,1.9,2.02,1.85,2.01,29800
FAF,20100127,30.14,30.39,30.04,30.39,748800
FAM,20100127,16.51,16.59,16.47,16.53,42000
FBC,20100127,65,66,61,62,617900
FBP,20100127,34.8,35.85,34.2,35.1,672900
FBR,20100127,17.9,18.78,17.63,18.5,1259200
FC,20100127,5.27,5.44,5.27,5.34,14200
FCE.A,20100127,11.22,11.4,11,11.39,1040100
FCE.B,20100127,11.29,11.34,11.24,11.33,53000
FCF,20100127,5.65,6.15,5.6,6.15,898500
FCH,20100127,3.65,3.73,3.5,3.69,439300
FCH-A,20100127,12.35,12.44,12.07,12.12,6800
FCN,20100127,41.34,41.9,41.34,41.66,835400
FCT,20100127,12.34,12.38,12.24,12.3,109000
FCX,20100127,35.635,36.18,34.4,35.625,24475300
FDP,20100127,20.53,20.81,20.48,20.79,154800
FDS,20100127,64.41,64.97,63.49,64.72,342500
FDX,20100127,80.75,80.77,78.61,80.42,3524100
FE,20100127,44.44,44.44,43.54,44.22,2259800
FEO,20100127,17.62,17.66,17.38,17.41,26400
FF,20100127,6.37,6.5,6.36,6.5,42000
FFA,20100127,11.35,11.35,11.02,11.16,175400
FFC,20100127,14.53,14.54,14.38,14.4,82600
FFG,20100127,17.36,18.56,17.3,18.41,53400
FGB,20100127,6.19,6.19,6.01,6.05,39500
FGP,20100127,22.28,22.36,22,22.03,108300
FHN,20100127,12.88,13.28,12.83,13.24,4049600
FHY,20100127,14.13,14.22,13.89,14.01,69500
FICO,20100127,22.93,23.19,22.23,22.69,391300
FIF,20100127,26.82,27.09,26.76,26.9,724100
FIG,20100127,4.79,4.81,4.62,4.81,790200
FII,20100127,25.59,26.67,25.52,26.5,1766200
FIS,20100127,24.01,24.23,23.87,24.22,2454800
FIX,20100127,11.94,12.06,11.89,12.01,143000
FL,20100127,11.75,11.88,11.51,11.74,2700600
FLC,20100127,15.15,15.15,14.92,14.96,37200
FLO,20100127,10.7022,10.7733,10.5955,10.6667,796000
FLR,20100127,46.74,47.2,46.01,47.13,2524500
FLS,20100127,32.0167,32.18,31.2867,31.98,946600
FLY,20100127,9.8,9.95,9.4,9.88,101800
FMC,20100127,26.16,26.285,25.74,26.185,593300
FMN,20100127,14.48,14.62,14.48,14.51,9400
FMO,20100127,18.65,18.7,18.44,18.59,56800
FMS,20100127,25.645,25.81,25.585,25.79,41700
FMX,20100127,41.85,42.14,41.25,41.72,1657900
FMY,20100127,18.52,18.52,18.46,18.48,8700
FNB,20100127,7,7.4,6.86,7.4,943400
FNF,20100127,13.02,13.26,12.99,13.26,2282000
FOE,20100127,7.66,8.13,7.65,8.06,814400
FOF,20100127,11.94,11.94,11.7,11.91,124100
FOR,20100127,18.93,19.49,18.74,19.29,361100
FPL,20100127,49.15,49.77,48.78,49.76,4373500
FPO,20100127,13.5,13.86,13.47,13.81,95200
FPT,20100127,13.46,13.47,13.45,13.45,6000
FR,20100127,5.3,5.36,5.22,5.34,526600
FRA,20100127,15.43,15.5,15.19,15.3,106300
FRO,20100127,152.9,156,151.55,155.85,1460400
FRT,20100127,65.07,65.62,64.2,65.07,660500
FSS,20100127,6.61,6.81,6.61,6.8,226900
FT,20100127,5.77,5.8,5.75,5.76,67600
FTI,20100127,27.02,27.2,26.48,27.105,970900
FTK,20100127,1.45,1.48,1.41,1.43,144900
FUL,20100127,21.08,21.44,20.79,21.27,411500
FUN,20100127,12.53,12.84,12.39,12.56,1526900
G,20100127,14.15,14.21,13.92,14.21,144100
GAB,20100127,5.04,5.04,4.96,5.01,466800
GAB-D,20100127,24.63,24.81,24.55,24.7,4800
GAM,20100127,22.8,23.03,22.73,23.03,41800
GAM-B,20100127,24.57,24.85,24.57,24.61,10500
GBL,20100127,41.75,44.44,41.75,43.89,12700
GBX,20100127,8.2,8.56,8.16,8.49,69300
GCH,20100127,12.46,12.46,12.1,12.29,169900
GCI,20100127,16.2,16.99,15.57,16.14,5801300
GCO,20100127,23.83,24.17,23.56,23.88,209200
GCV,20100127,6.11,6.18,5.97,5.97,23500
GCV-B,20100127,25.08,25.1,25.08,25.1,1200
GD,20100127,68.75,68.75,65.92,67.23,3839400
GDL,20100127,13.8,13.84,13.73,13.78,62000
GDO,20100127,18.6,18.68,18.12,18.67,156400
GDV,20100127,12.75,12.78,12.62,12.71,313300
GDV-A,20100127,24.67,24.75,24.45,24.65,5400
GDV-D,20100127,25.16,25.16,25.16,25.16,0
GE,20100127,16.29,16.39,16.03,16.3,76850500
GEF,20100127,50.66,50.94,49.15,50.44,378200
GEF.B,20100127,49.79,49.83,48.3,49.65,8800
GEO,20100127,19.18,19.5,19,19.37,281200
GER,20100127,25.15,25.15,24.93,25.07,26800
GES,20100127,40.46,40.95,40.13,40.83,614600
GF,20100127,11.8,11.84,11.69,11.83,34300
GFA,20100127,13.475,13.51,13.115,13.39,1053700
GFF,20100127,12.05,12.14,11.88,12.09,166100
GFI,20100127,12.09,12.26,11.93,12.13,6854400
GFY,20100127,14.58,14.58,14.51,14.51,16700
GG,20100127,36.36,36.43,35.27,35.9,10388600
GGB,20100127,14.19,14.33,13.75,13.98,8374300
GGG,20100127,28.56,28.7,27.41,27.79,840100
GGT,20100127,6.55,6.55,6.44,6.52,15000
GGT-B,20100127,24.9,25,24.64,25,2100
GHL,20100127,78.3,79.85,78.3,79.28,230100
GIB,20100127,13.85,14.03,13.78,13.89,103000
GIL,20100127,10.82,10.995,10.77,10.825,323200
GIM,20100127,9.63,9.63,9.47,9.55,285800
GIS,20100127,35.49,35.895,35.305,35.76,2730400
GJH,20100127,8.65,8.65,8.65,8.65,100
GJO,20100127,18.46,18.49,18.35,18.36,500
GJP,20100127,21.39,21.46,21.31,21.31,3200
GJR,20100127,19.31,19.37,19.29,19.33,2400
GJS,20100127,16.7,16.91,16.65,16.65,3600
GJT,20100127,16.89,16.98,16.73,16.73,4900
GJV,20100127,21.49,21.5,21.25,21.25,1100
GLF,20100127,25.89,26.23,25.45,25.89,141000
GLP,20100127,25.86,26.44,25.13,25.52,21700
GLT,20100127,13.16,13.53,13.07,13.46,169800
GLW,20100127,18.65,19.21,18.53,19.14,17645300
GME,20100127,19.67,20.01,19.5,19.94,6568900
GNK,20100127,214.1,218.9,203.4,210.6,1277900
GNW,20100127,13.02,13.38,12.79,13.37,17506300
GOF,20100127,17.11,17.14,16.76,16.85,46000
GOL,20100127,131.4,133,126,130.4,627300
GPC,20100127,38.31,38.43,37.78,38.06,764100
GPE-A,20100127,25.03,25.05,25,25.05,1200
GPI,20100127,29.86,29.86,28.31,29.54,1189700
GPK,20100127,3.33,3.45,3.09,3.45,795000
GPN,20100127,22.505,22.775,22.475,22.755,1253000
GPS,20100127,19.01,19.26,18.81,19.2,8656500
GPX,20100127,7.5,7.76,7.46,7.76,18000
GRA,20100127,25.1,25.62,24.12,24.77,507100
GRR,20100127,18.01,18.17,17.83,17.83,8800
GRX,20100127,6.74,6.79,6.41,6.46,54600
GS,20100127,150.75,152.93,148.27,151.5,19901800
GS-A,20100127,21.69,21.87,21.28,21.29,93000
GS-B,20100127,24.94,25.1,24.8,24.88,99100
GS-C,20100127,22.91,23.14,21.87,22,49000
GS-D,20100127,21.2,21.23,20.74,20.74,117300
GSH,20100127,20.37,20.77,20.35,20.77,63300
GSK,20100127,40.59,40.69,40.25,40.42,1887900
GSL,20100127,1.54,1.57,1.5,1.53,147400
GTN,20100127,2,2,1.92,1.99,232800
GTN.A,20100127,2.23,2.27,2.2,2.23,6900
GTS,20100127,16.73,16.97,16.46,16.79,61200
GTY,20100127,22.37,23,22.19,22.99,55200
GUT,20100127,8.92,8.92,8.74,8.87,32400
GUT-A,20100127,24.49,24.66,24.49,24.66,1600
GVA,20100127,32.5,32.82,31.5,32.69,627300
GWR,20100127,29.79,30.51,29.5,30.38,214500
GWW,20100127,99.55,100.34,99,100.12,1209500
GXP,20100127,18.22,18.22,17.87,18.1,1508100
GYB,20100127,19.7,19.88,19.7,19.87,7600
GYC,20100127,21.55,21.71,21.55,21.71,1100
H,20100127,29.9,30.07,29.47,29.48,404800
HAE,20100127,28.3,28.85,28.235,28.765,92300
HAL,20100127,30.73,30.87,29.4,30.41,19410600
HAR,20100127,36.86,37.33,36.65,37.28,519000
HBI,20100127,5.7425,5.84,5.6975,5.79,787400
HCN,20100127,43.1,43.46,42.46,43.42,1442500
HCP,20100127,28.49,28.74,27.99,28.72,4607600
HD,20100127,27.62,27.92,27.49,27.84,12822400
HDB,20100127,24.64,24.682,23.416,23.758,567800
HE,20100127,20.46,20.71,19.87,20.1,1082100
HE-U,20100127,23.9,23.9,23.9,23.9,0
HEI,20100127,17.363,17.8094,17.363,17.6414,33900
HEI.A,20100127,17.6282,17.8381,17.5923,17.6947,35100
HEP,20100127,21.05,21.145,20.675,20.99,64100
HES,20100127,59.65,61.75,57.2,58.89,7759900
HF,20100127,6.51,6.51,6.2,6.26,52000
HFC,20100127,13.18,13.185,12.855,13.17,618200
HGG,20100127,21.21,21.7,21.05,21.21,267200
HGT,20100127,17.79,17.85,16.71,16.76,334800
HHS,20100127,10.74,10.86,10.56,10.67,137900
HI,20100127,17.85,18.18,17.8,18.12,313000
HIG,20100127,24.37,24.99,23.95,24.96,7216400
HIL,20100127,5.16,5.4,5.03,5.39,94900
HIO,20100127,6.11,6.12,6.06,6.1,198600
HIW,20100127,30.02,30.62,29.78,30.56,997400
HIX,20100127,9.32,9.38,9.29,9.31,236900
HJV,20100127,20.65,20.65,20.35,20.56,3400
HK,20100127,24.02,24.32,22.92,23.31,7090400
HL,20100127,5.09,5.17,4.83,4.97,13973000
HL-B,20100127,51.1,51.1,51.1,51.1,0
HLF,20100127,20.375,20.445,20,20.25,347000
HLS,20100127,18.6,18.84,18.53,18.71,359900
HLX,20100127,11.49,11.7,10.82,11.1,2437300
HMC,20100127,34.1,34.56,33.85,34.37,1386100
HMN,20100127,11.98,12.24,11.84,12.18,132800
HMY,20100127,9.69,9.77,9.47,9.69,3170300
HNI,20100127,25.84,26.25,25.63,26.08,181400
HNP,20100127,22.11,22.13,21.72,21.98,173900
HNR,20100127,19.48,19.84,19.48,19.68,101200
HOG,20100127,23.15,23.6,22.84,23.52,3875100
HON,20100127,40.15,40.38,39.44,40.26,5901000
HOS,20100127,22.63,23.3,22.31,23.23,341300
HOV,20100127,3.66,3.66,3.5,3.59,2127000
HP,20100127,44.91,45.49,44.01,45.19,1956200
HPF,20100127,17.28,17.28,17.14,17.22,43500
HPI,20100127,17.33,17.34,17.26,17.33,37900
HPQ,20100127,22.6227,22.6227,22.05,22.4773,18009300
HPS,20100127,15.16,15.2,15.08,15.1,47600
HQH,20100127,12.05,12.19,12.05,12.15,111700
HQL,20100127,9.65,9.78,9.6,9.65,92900
HR,20100127,21.16,21.38,20.94,21.34,622500
HRB,20100127,21.9,22.07,21.66,22.02,3511300
HRC,20100127,24.1,24.39,23.77,24.08,196700
HRG,20100127,7,7.15,7,7.12,5300
HRL,20100127,9.6975,9.7475,9.6475,9.73,395300
HRS,20100127,45.5,46.82,44.75,46.8,1409400
HSC,20100127,31.43,31.59,30.66,31.3,730900
HST,20100127,10.93,11.07,10.64,10.97,12063100
HSY,20100127,36.43,37.35,36.4,37.29,2956600
HT,20100127,3.67,3.67,3.55,3.62,1959800
HTD,20100127,13.04,13.04,12.76,12.96,128300
HTH,20100127,11.29,11.58,11.29,11.57,125900
HTY,20100127,12.92,13.07,12.85,13.03,22400
HTZ,20100127,44.12,45.2,42.52,44.04,4574200
HUM,20100127,48.25,50.11,47.81,49.02,3232100
HUN,20100127,12.35,12.56,12.17,12.52,2867100
HVT,20100127,12.04,12.32,11.94,12.26,38600
HVT.A,20100127,12,12.1,12,12.08,600
HW,20100127,5.61,5.65,5.35,5.45,863500
HXL,20100127,12.2,12.44,12.01,12.43,482100
HYB,20100127,9.07,9.12,9.03,9.11,45300
HYH,20100127,21.88,22.15,21.25,21.31,11300
HYT,20100127,10.55,10.67,10.55,10.67,111700
HZO,20100127,9.45,9.7,9.25,9.53,76600
IAE,20100127,17.09,17.11,16.44,16.66,180800
IAG,20100127,13.96,14.05,13.43,13.85,5728700
IBA,20100127,22.24,22.25,22,22,5200
IBM,20100127,125.82,126.96,125.04,126.33,8719400
IBN,20100127,6.762,6.888,6.582,6.86,4184000
ICB,20100127,16.25,16.28,16.19,16.2,9400
ICE,20100127,19.322,19.47,18.7,19.412,2223600
IDA,20100127,31.61,31.75,31.41,31.64,219000
IDE,20100127,20,20.01,20,20,448600
IDT,20100127,4.64,4.64,4.52,4.62,64100
IEX,20100127,29.28,29.4,28.84,29.28,209300
IFF,20100127,40.2,40.57,39.78,40.28,286300
IFN,20100127,29.39,29.39,28.68,28.84,518200
IGA,20100127,13.38,13.41,13.17,13.28,70500
IGD,20100127,12.32,12.4,12.23,12.29,329200
IGI,20100127,20.26,20.7,20.05,20.25,72600
IGR,20100127,6.75,6.76,6.51,6.57,368400
IGT,20100127,19.95,19.99,18.87,19.04,7587100
IHC,20100127,7.63,8.09,7.57,8.06,8700
IHG,20100127,17.988,18,17.712,17.94,56200
IID,20100127,12,12.01,11.9,12,34000
IIF,20100127,21.87,21.88,21.06,21.26,309700
IIM,20100127,13.95,14.04,13.95,14.03,17600
IMAX,20100127,13.2,13.2,13.01,13.13,425100
IMN,20100127,9.26,9.52,9.25,9.51,149800
INB,20100127,10.9,10.93,10.6,10.7,104700
ING,20100127,9.48,9.61,9.31,9.6,3085600
INT,20100127,24.43,25.26,24.02,25.19,663700
INZ,20100127,20.27,20.27,19.92,20.05,68600
IO,20100127,81.6,82.5,76.95,78.15,1771700
IOC,20100127,74.31,74.4,66.69,68.82,2670900
IP,20100127,24.34,24.35,23.13,23.88,7613200
IPG,20100127,6.61,6.63,6.38,6.47,9868900
IPI,20100127,27.74,27.84,26.43,26.94,2399900
IQI,20100127,12.38,12.45,12.37,12.39,46000
IR,20100127,34.48,34.5,33.19,33.88,5856500
IRL,20100127,7.05,7.05,6.94,6.96,27100
IRM,20100127,23.18,23.35,22.91,23.21,1191800
IRR,20100127,15.75,15.98,15.6,15.97,106200
IRS,20100127,9.07,9.22,9.07,9.2,10900
ISF,20100127,17.95,18.03,17.65,17.75,100400
ISG,20100127,17.45,17.45,16.94,17.09,72300
ISP,20100127,17.66,17.7,17.14,17.3,59200
IT,20100127,21.12,21.52,21.12,21.46,405900
ITG,20100127,20.09,20.51,19.89,20.51,362600
ITT,20100127,24.405,24.655,24.125,24.655,1460600
ITUB,20100127,19.27,19.58,19.05,19.44,13274700
ITW,20100127,42.85,44.56,42.39,43.99,7651200
IVC,20100127,24.38,25.03,24.14,25.01,358400
IVR,20100127,22.65,22.69,22.41,22.49,210700
IVZ,20100127,20.46,21.69,20.27,21.69,8292300
IX,20100127,37.75,38.15,37.58,38.04,14400
JBK,20100127,19.98,20.25,19.98,20.2,1800
JBL,20100127,15.73,16.19,15.34,15.8,3422400
JBN,20100127,21.62,21.89,21.61,21.89,7400
JBR,20100127,20.7,20.7,20.63,20.65,900
JBT,20100127,16.23,16.88,15.91,16.73,150900
JCE,20100127,11.3,11.46,11.25,11.4,91700
JCI,20100127,29.57,29.57,28.6,28.99,6262500
JCP,20100127,25.14,25.43,24.61,24.99,4774700
JDD,20100127,9.71,9.75,9.64,9.7,74800
JEC,20100127,39.54,39.9,38.76,39.42,2451000
JEQ,20100127,5.42,5.43,5.35,5.41,51100
JFC,20100127,12.49,12.57,12.34,12.52,23500
JFR,20100127,10.81,10.82,10.65,10.77,293200
JHI,20100127,18.59,18.63,18.56,18.59,5200
JHS,20100127,14.09,14.09,13.82,13.82,30000
JHX,20100127,35.74,35.74,34.88,35.69,2000
JLL,20100127,58.76,59.84,58.18,59.5,806500
JLS,20100127,24.44,24.87,24.21,24.8,35400
JMP,20100127,7.98,8.05,7.77,7.96,43500
JNJ,20100127,62.78,63.72,62.7,63.44,14982300
JNPR,20100127,24.81,25.23,24.69,25.02,5899300
JNS,20100127,12.68,13.26,12.37,13.18,5947100
JOE,20100127,27.21,27.41,26.71,27.29,481600
JOF,20100127,7.75,7.76,7.55,7.57,133500
JOY,20100127,47.1,48.17,46.3,48.06,5150900
JPC,20100127,7.4,7.47,7.37,7.47,154200
JPM,20100127,38.35,39.49,38.07,39.33,66324000
JPM-B,20100127,25.85,25.85,25.72,25.73,255400
JPM-E,20100127,50.85,50.85,49.97,50.15,3200
JPM-F,20100127,48.69,48.71,48.2,48.39,1000
JPM-G,20100127,45.5,45.92,45.5,45.8,2100
JPM.W,20100127,12.72,13.16,12.55,13.02,850900
JPS,20100127,7.36,7.41,7.29,7.41,259200
JQC,20100127,7.64,7.71,7.63,7.69,290800
JRO,20100127,11.7,11.7,11.32,11.55,229900
JTA,20100127,10.79,10.94,10.7,10.83,68200
JTD,20100127,11.1,11.28,10.81,10.93,70500
JW.A,20100127,41.72,42.6,41.69,42.51,132000
JW.B,20100127,41.99,42.54,41.94,42.45,1800
JWN,20100127,35,35.35,34.33,34.75,2650900
K,20100127,54.76,55.28,54.7,55.05,3484500
KAI,20100127,15.12,16.35,15.12,16.21,28500
KAR,20100127,14.5,14.5,13.84,14.14,173800
KB,20100127,43.35,43.38,42.28,43.16,469100
KBH,20100127,14.59,15.23,14.37,15.13,5816400
KBR,20100127,19.85,19.86,19,19.45,872800
KCC,20100127,24.62,24.74,24.43,24.62,5500
KED,20100127,14.95,15.3,14.85,15.14,56100
KEF,20100127,8.86,8.86,8.74,8.82,12300
KEG,20100127,9.86,10.21,9.77,10.14,793800
KEM,20100127,4.5,4.5,4.26,4.32,110100
KEP,20100127,16.94,17.16,16.9,17.09,908600
KEX,20100127,34.85,36.04,34.84,35.98,900200
KEY,20100127,6.87,7.26,6.84,7.15,23381700
KEY-G,20100127,94.07,94.93,93.01,94.93,6100
KF,20100127,34.5,34.5,34.1,34.27,56600
KFS,20100127,1.6,1.64,1.54,1.63,171800
KFY,20100127,14.6,14.97,14.59,14.75,274700
KGC,20100127,17.2,17.37,16.65,17.02,7843500
KIM,20100127,12.85,12.9,12.52,12.83,7591400
KMB,20100127,57.6414,57.9578,56.7498,57.047,3795700
KMM,20100127,9.05,9.06,9.02,9.02,67000
KMT,20100127,26.18,27.06,26.01,27.04,1409500
KMX,20100127,21.32,21.51,20.85,21.34,1990100
KND,20100127,17.48,17.87,17.22,17.68,226800
KNL,20100127,11.55,11.7,11.46,11.66,426900
KNX,20100127,18.98,19.48,18.97,19.37,702400
KO,20100127,27,27.33,26.85,27.255,10141100
KOF,20100127,57.16,59.14,56.51,58.77,268900
KOP,20100127,28,28.37,27.62,28.17,231000
KOS,20100127,24.73,25.13,24.73,25.1,3100
KR,20100127,10.805,10.875,10.635,10.765,7780400
KRA,20100127,14.01,14.1,13.7,13.9,277700
KRC,20100127,29.42,29.64,29.06,29.29,1073400
KRG,20100127,15.28,15.76,15.16,15.4,157300
KRO,20100127,7.52,7.52,7.41,7.44,2800
KS,20100127,4.625,4.665,4.625,4.645,343700
KSM,20100127,12.71,12.85,12.67,12.78,36800
KSS,20100127,50.2,50.83,50.01,50.51,3953600
KST,20100127,11.76,11.95,11.61,11.83,17900
KSU,20100127,30.96,31.46,30.72,31.35,681900
KSU.P,20100127,21.99,21.99,21.09,21.22,700
KT,20100127,21.43,21.64,21.3,21.43,1574900
KTF,20100127,11.79,11.82,11.78,11.82,84900
KTH,20100127,27.56,27.6,27.53,27.53,300
KTN,20100127,25.32,25.32,25.32,25.32,0
KTP,20100127,23.31,23.4,23.08,23.4,2800
KW,20100127,9.46,9.46,9.01,9.1,41100
KWR,20100127,18.95,19.25,18.42,19.17,34400
KYE,20100127,23.16,23.29,22.66,23.09,116700
KYN,20100127,23.75,23.75,23.27,23.58,241000
KYO,20100127,44.025,44.025,43.455,43.725,3500
L,20100127,35.93,36.44,35.82,36.38,2365400
LAD,20100127,7.94,8.08,7.83,8.04,324500
LAZ,20100127,37.51,39.26,37.16,39.18,611500
LBF,20100127,7.22,7.3,7.22,7.3,36400
LCM,20100127,11.26,11.36,11.14,11.19,34400
LDF,20100127,15.73,15.73,15.41,15.51,17100
LDL,20100127,6.78,6.87,6.45,6.62,31400
LDR,20100127,57.45,60.2,57.01,59.37,30400
LEA,20100127,35.205,35.205,33.74,34.525,708000
LEE,20100127,4.37,4.55,4.3,4.43,441700
LEG,20100127,20.01,20.22,19.78,20.05,1101700
LEN,20100127,14.55,15.16,14.3,15.11,6272800
LEN.B,20100127,11.3,11.72,11.06,11.7,32400
LEO,20100127,8.42,8.47,8.36,8.47,79900
LFC,20100127,21.5833,21.7667,21.3933,21.68,1195900
LFL,20100127,16.17,16.32,15.79,16.28,580900
LGF,20100127,5.44,5.46,5.33,5.45,286400
LGI,20100127,14.74,14.76,14.51,14.7,54100
LH,20100127,72.93,73.37,71.85,72.19,1478800
LHO,20100127,20.92,21.2,20.64,21.07,593200
LII,20100127,39.3,39.66,39.03,39.49,489000
LL,20100127,23.69,24.06,23.25,24.05,180100
LLL,20100127,84.71,85.64,83.65,85.51,753900
LLY,20100127,36.16,36.42,35.9,36.39,7009600
LM,20100127,27.34,27.57,26.31,27,4176800
LMT,20100127,76.69,77.34,76,77.13,3054700
LNC,20100127,24.47,25.57,24.34,25.49,3778100
LNN,20100127,41.28,42.15,40.4,42.05,167800
LNT,20100127,15.645,15.645,15.32,15.545,1028100
LOR,20100127,10.96,10.98,10.77,10.87,22300
LOW,20100127,22,22.5,21.93,22.12,14136100
LPL,20100127,16.81,16.82,16.4,16.68,1396000
LPX,20100127,7.33,7.45,7.1,7.24,3095200
LRN,20100127,19.34,20.21,19.34,20,184500
LSI,20100127,5.74,6.05,5.7,6,15024600
LTC,20100127,24.75,25.73,24.75,25.71,246300
LUB,20100127,3.41,3.49,3.41,3.47,21300
LUK,20100127,23.04,23.3,22.68,23.06,1103200
LUV,20100127,11.6,11.6,10.98,11.39,14414000
LUX,20100127,26.64,26.73,26.29,26.55,121000
LVLT,20100127,21.15,21.6,20.7,20.7,6578000
LVS,20100127,16.18,16.29,15.77,16.24,18163100
LXP,20100127,6,6.15,5.99,6.08,1176700
LXP-C,20100127,35.3,35.3,34.9,34.95,3400
LXU,20100127,13.7,13.94,13.55,13.82,78100
LYG,20100127,3.36,3.39,3.31,3.36,4787800
LYV,20100127,11.98,12.17,11.75,11.89,2899100
LZB,20100127,11.1,11.14,10.7,11.01,429000
M,20100127,15.74,15.95,15.46,15.67,9142000
MA,20100127,24.968,25.643,24.835,25.633,1006500
MAA,20100127,46.01,46.72,45.48,46.52,402500
MAC,20100127,31.22,32.09,30.76,31.94,1798400
MAIN,20100127,14.21,14.4,14.16,14.37,76200
MAN,20100127,51.81,52.5,51.23,52.48,655600
MAS,20100127,13.63,13.68,13.21,13.58,6303400
MAV,20100127,12.9,13.02,12.83,12.95,50100
MBI,20100127,5.09,5.26,4.98,5.26,4748700
MBT,20100127,19.2,19.456,18.98,19.196,1439100
MCA,20100127,12.56,12.61,12.51,12.61,40200
MCD,20100127,63.67,64,63.3,63.73,8080700
MCI,20100127,13.45,13.45,12.96,13.03,3400
MCK,20100127,60.16,61.5,58.3,59.52,8194100
MCN,20100127,8.87,8.87,8.68,8.79,82300
MCO,20100127,27.3,29.18,27.16,28.83,6819700
MCR,20100127,9.28,9.3,9.23,9.27,118000
MCS,20100127,11.78,11.86,11.5,11.75,56100
MCY,20100127,38.1,38.58,37.95,38.58,179800
MD,20100127,27.5,27.905,27.5,27.84,368200
MDC,20100127,32.63,33.28,32.27,33.23,828800
MDP,20100127,31.31,31.73,30.75,31.15,286200
MDR,20100127,23.01,23.25,22.65,23.12,1956400
MDT,20100127,43.64,43.84,42.95,43.59,4824700
MDU,20100127,22.99,23.13,22.62,22.85,1128200
MED,20100127,20.38,20.53,18,18.8,2620200
MEG,20100127,7.94,8.4,7.94,8.31,124300
MEI,20100127,12.15,12.54,12.05,12.48,176300
MEN,20100127,10.34,10.44,10.32,10.44,53400
MER-K,20100127,19.64,19.74,19.38,19.74,751100
MER-P,20100127,22.4,22.72,22.4,22.61,42900
MET,20100127,35.74,36.55,35.32,36.4,5668800
MET-A,20100127,23.02,23.1,22.86,23.1,44500
MFA,20100127,7.23,7.37,7.21,7.36,3973600
MFC,20100127,18.5,18.75,18.3,18.68,1836300
MFD,20100127,12.18,12.26,11.98,12.26,42200
MFG,20100127,4.01,4.14,4.01,4.12,309300
MFL,20100127,13,13.07,12.96,13.01,94200
MFM,20100127,7,7.03,6.92,6.98,43100
MFT,20100127,13.15,13.2,13.03,13.15,14600
MFV,20100127,6.76,6.81,6.72,6.72,18300
MG,20100127,14.12,14.57,14.12,14.48,62700
MGA,20100127,14.0275,14.0875,13.845,13.95,1091200
MGF,20100127,7.43,7.46,7.42,7.43,86400
MGM,20100127,12.03,12.23,11.75,12.22,22801600
MGU,20100127,15.48,15.6,15.36,15.46,81600
MHD,20100127,14.9,14.9,14.77,14.78,22000
MHF,20100127,7.4,7.48,7.4,7.44,31100
MHI,20100127,13.91,13.97,13.8,13.83,60400
MHK,20100127,43.51,43.57,42.57,43.51,930500
MHN,20100127,13.55,13.57,13.52,13.55,19700
MHO,20100127,9.87,10.32,9.74,10.3,55300
MHO-A,20100127,15.78,15.79,15.75,15.75,188600
MIC,20100127,12.2,12.52,12.1,12.42,216500
MIN,20100127,6.8,6.8,6.76,6.77,708300
MIY,20100127,13.08,13.16,13.08,13.1,39200
MJN,20100127,43.92,44.29,43.5,44,2447100
MKC,20100127,37.13,37.63,36.95,37.54,1048500
MKC.V,20100127,37.25,37.5,37.25,37.35,400
MKL,20100127,328.5,332.87,328.11,331.87,18300
MLI,20100127,12.125,12.35,12,12.3,150900
MLM,20100127,81.22,81.22,79.16,80.79,1171200
MLP,20100127,2.35,2.51,2.2,2.5,76300
MLR,20100127,11.41,11.57,11.4,11.46,20700
MMC,20100127,21.67,21.86,21.57,21.81,3522100
MMM,20100127,81.33,82.84,81.01,82.3,5066800
MMP,20100127,22.075,22.115,21.325,21.48,508200
MMS,20100127,12.0125,12.12,12.0125,12.1175,85100
MMT,20100127,6.51,6.52,6.45,6.48,136900
MMU,20100127,12.53,12.54,12.47,12.54,87000
MNE,20100127,12.33,12.33,12.29,12.29,1600
MNI,20100127,60.7,62.8,54.1,56,5791800
MNP,20100127,13.36,13.38,13.28,13.35,39700
MO,20100127,19.97,20.05,19.83,19.99,12544500
MOD,20100127,9.78,9.84,9.5,9.64,310000
MOG.A,20100127,30.78,31.73,30.76,31.66,98000
MOG.B,20100127,31.38,31.38,31.38,31.38,0
MOH,20100127,14.8,15.0467,14.7333,14.8467,213700
MON,20100127,77.65,78.08,76.98,77.81,5319400
MOS,20100127,58.81,59.33,56.74,58.04,4181500
MOV,20100127,11.05,11.39,11,11.34,72000
MP-D,20100127,24.65,24.65,24.65,24.65,400
MPA,20100127,13.44,13.47,13.44,13.44,14600
MPG,20100127,1.74,1.78,1.68,1.71,624400
MPV,20100127,12.8,12.8,12.55,12.56,3700
MPW,20100127,9.84,9.94,9.64,9.89,833200
MPX,20100127,5.11,5.28,5,5.23,34000
MQT,20100127,11.84,11.89,11.84,11.87,38700
MQY,20100127,14.07,14.15,13.95,13.99,70700
MRK,20100127,38.49,38.78,37.96,38.64,17483400
MRO,20100127,30.39,31.8,29.96,30.37,6343000
MRT,20100127,3.77,3.97,3.77,3.97,36400
MS,20100127,27.34,28.11,26.91,27.95,31048600
MS-A,20100127,20.16,20.59,19.96,19.99,87700
MSA,20100127,24.57,25.22,24.28,25.09,68600
MSB,20100127,15.35,15.35,13.88,14.52,163200
MSCI,20100127,29.5,29.99,29.2,29.9,801800
MSD,20100127,10.17,10.19,10.12,10.14,78800
MSF,20100127,13,13.08,12.84,12.99,42000
MSI,20100127,50.4,52.08,50.12,51.8,46762100
MSM,20100127,43.76,44.62,43.66,44.61,322100
MSP,20100127,12.17,12.26,12.05,12.14,10100
MT,20100127,40.81,41.11,39.77,40.75,5035400
MTB,20100127,73.83,76.65,73.52,76.3,1356500
MTD,20100127,98.69,98.75,97,98.23,182400
MTG,20100127,6.61,6.83,6.25,6.6,4982500
MTH,20100127,21,21.69,20.16,21.68,1146700
MTL,20100127,44.28,44.56,41.4,42.68,3583800
MTN,20100127,35.41,35.83,34.98,35.66,555900
MTR,20100127,38.61,39.62,38.38,38.38,3200
MTRN,20100127,17.98,18.57,17.93,18.53,141000
MTT,20100127,21.11,21.49,21.11,21.35,37700
MTU,20100127,5.24,5.33,5.21,5.33,3321900
MTW,20100127,11.39,11.57,11.02,11.44,2582900
MTX,20100127,24.515,24.825,24.295,24.59,107600
MTZ,20100127,13.15,13.16,12.67,12.92,1511600
MUA,20100127,12.55,12.78,12.53,12.53,59600
MUC,20100127,12.65,12.65,12.57,12.58,54700
MUE,20100127,12.88,12.89,12.85,12.87,34000
MUH,20100127,13.72,13.84,13.68,13.69,34800
MUI,20100127,13.3,13.44,13.28,13.44,45600
MUJ,20100127,14.16,14.16,14.07,14.11,36700
MUR,20100127,51.97,52.49,51.14,51.87,2001000
MUS,20100127,12.82,12.85,12.81,12.84,29100
MVC,20100127,11.52,11.99,11.52,11.82,86500
MVO,20100127,22.53,22.53,21.93,22.03,35000
MVT,20100127,14,14.03,13.94,13.94,28300
MWA,20100127,4.75,4.86,4.68,4.81,723300
MXE,20100127,7.46,7.47,7.34,7.43,42800
MXF,20100127,22.13,22.13,21.7,21.97,24600
MYC,20100127,12.83,12.89,12.64,12.77,65200
MYD,20100127,13.11,13.23,13.11,13.23,41900
MYE,20100127,8.96,9.42,8.95,9.36,66000
MYF,20100127,12.77,12.9,12.77,12.89,6400
MYI,20100127,12.33,12.47,12.33,12.46,110900
MYJ,20100127,14.07,14.1,14.04,14.1,14900
MYN,20100127,11.96,11.99,11.92,11.99,34900
MZF,20100127,13.4,13.41,13.36,13.4,77800
NAC,20100127,12.54,12.58,12.5,12.58,20900
NAD,20100127,13.7,13.77,13.66,13.77,42400
NAN,20100127,13.15,13.15,13.06,13.08,18200
NAT,20100127,30.45,30.85,30.32,30.74,488100
NAV,20100127,37.64,37.64,36.76,37.41,1279000
NAV-D,20100127,12.5,12.5,12.5,12.5,500
NAZ,20100127,13.79,13.82,13.79,13.82,700
NBL,20100127,38.38,38.535,36.915,37.5,2061100
NBR,20100127,24.05,24.33,22.67,23.59,7895400
NC,20100127,54.27,54.51,53.75,54.44,13400
NCA,20100127,9.12,9.16,9.07,9.13,33700
NCI,20100127,13.25,13.73,13.21,13.52,514400
NCR,20100127,12.09,12.38,11.97,12.32,2802300
NCS,20100127,10.15,10.35,10.05,10.2,1030400
NCT,20100127,11.04,11.28,10.8,11.22,145000
NCT-B,20100127,7.8,7.96,7.8,7.95,900
NCT-C,20100127,7.5,7.61,7.5,7.61,700
NCT-D,20100127,7.5,7.5,7.5,7.5,100
NCV,20100127,9.18,9.2,8.92,9.05,335100
NCZ,20100127,8.69,8.76,8.45,8.54,224700
NE,20100127,42.09,42.61,41.16,42.19,4379900
NEE,20100127,49.15,49.77,48.78,49.76,4373500
NEM,20100127,44.25,44.55,43.41,44.19,8942900
NEU,20100127,111.35,112.63,108.02,111.19,214400
NEV,20100127,13.85,13.95,13.8,13.91,39000
NFG,20100127,50.81,50.87,48.79,48.91,931500
NFJ,20100127,14.72,14.72,14.58,14.71,272800
NFX,20100127,50.31,51.17,48.2,49.2,1709300
NGG,20100127,51.52,51.72,51.08,51.63,484400
NGS,20100127,16.53,16.94,16.32,16.91,55000
NHI,20100127,33.85,34.12,33.51,33.98,80100
NI,20100127,14.62,14.66,14.3,14.45,3532800
NIE,20100127,16.02,16.04,15.82,16.01,74600
NIM,20100127,10.47,10.5,10.42,10.43,14700
NJR,20100127,18.215,18.455,18.195,18.405,170500
NKE,20100127,15.9175,16.0425,15.8125,16,3390100
NL,20100127,7,7.08,6.85,7.02,29800
NLS,20100127,2.45,2.58,2.44,2.47,52300
NLY,20100127,17.06,17.33,17.04,17.33,9237700
NLY-A,20100127,24.79,24.85,24.76,24.84,3800
NM,20100127,6.59,6.71,6.41,6.6,651800
NMI,20100127,10.78,10.86,10.78,10.86,11500
NMK-B,20100127,81.75,81.75,81.75,81.75,100
NMK-C,20100127,78.01,78.01,78.01,78.01,0
NMM,20100127,17.27,17.45,17.02,17.2,229000
NMR,20100127,7.67,7.75,7.57,7.75,687900
NMT,20100127,14.15,14.17,14.15,14.16,2200
NMY,20100127,13.76,13.78,13.73,13.78,4100
NNA,20100127,9.86,9.86,9.8,9.82,2900
NNC,20100127,14.63,14.76,14.48,14.48,16600
NNI,20100127,16.32,16.76,16.32,16.61,92900
NNN,20100127,20.48,20.64,20.01,20.49,1101700
NNY,20100127,9.47,9.49,9.37,9.37,35700
NOA,20100127,6.65,6.87,6.65,6.84,93000
NOC,20100127,55.85,56.96,55.59,56.74,2781700
NOK,20100127,12.73,13.02,12.59,12.92,27155200
NOV,20100127,42.49,43.03,41.66,42.92,5802700
NP,20100127,12.69,13.63,12.57,13.46,56000
NPK,20100127,112.9,115.38,111.73,115.37,20500
NPO,20100127,23.95,24.68,23.69,24.65,80700
NPV,20100127,14.9,14.96,14.71,14.86,17200
NQP,20100127,13.35,13.42,13.33,13.33,11300
NR,20100127,4.35,4.51,4.31,4.42,457000
NRF,20100127,8.5,9.22,8.48,9.2,915900
NRF-A,20100127,19.56,19.6,19.2,19.54,7600
NRF-B,20100127,18.45,18.59,17.94,18.05,29400
NRG,20100127,25.22,25.7,24.64,24.99,11804900
NRP,20100127,249,249,233.1,240.6,327000
NRT,20100127,30.58,30.88,30.5,30.65,4200
NS,20100127,58.34,58.43,57,57.52,250700
NSC,20100127,49.56,50.67,49.19,50.43,3019700
NSH,20100127,28.57,28.57,27.58,27.95,117000
NSL,20100127,7.19,7.34,7.19,7.27,157700
NSM,20100127,13.82,14.15,13.75,14.02,6254400
NSR,20100127,22.82,22.96,22.62,22.69,369300
NTC,20100127,13.88,13.96,13.88,13.95,7300
NTL,20100127,15.8,15.8,15.29,15.29,3500
NTT,20100127,21.63,21.75,21.48,21.58,342900
NTX,20100127,15.31,15.31,15.21,15.31,10800
NTZ,20100127,3.68,3.74,3.62,3.65,55000
NUE,20100127,43.39,44.06,41.65,42.59,7339900
NUM,20100127,12.81,12.9,12.81,12.83,14400
NUO,20100127,15.7,15.71,15.62,15.65,5400
NUS,20100127,23.74,24.1,23.66,24.06,350200
NUV,20100127,9.73,9.74,9.71,9.72,212500
NUW,20100127,16.17,16.45,16.02,16.04,93100
NVO,20100127,13.88,14.026,13.782,13.908,480400
NVR,20100127,708.69,708.69,681,690.7,92400
NVS,20100127,54.19,54.61,54.1,54.55,2136900
NW-C,20100127,19,19.27,18.85,19.01,11800
NWE,20100127,24.96,25.07,24.73,24.94,159200
NWL,20100127,14.43,14.5,14.02,14.26,4837100
NWN,20100127,43.5,43.61,43.08,43.49,63900
NWY,20100127,3.61,3.74,3.59,3.71,167400
NX,20100127,15.28,15.77,14.83,15.72,382300
NXC,20100127,12.97,12.99,12.95,12.97,7700
NXN,20100127,13.58,13.59,13.58,13.59,3200
NXP,20100127,14.79,14.8,14.78,14.8,13800
NXQ,20100127,13.92,13.99,13.87,13.9,20400
NXR,20100127,14.41,14.42,14.38,14.42,10700
NYT,20100127,13.26,13.94,12.94,13.23,2959000
O,20100127,27.19,27.84,26.88,27.84,906800
OB,20100127,12.81,13.06,12.81,13.06,46500
OC,20100127,24.23,25.5,23.8,25.26,1382100
OCN,20100127,9.02,9.18,9,9.13,416800
ODC,20100127,16,16.09,15.88,16.03,4200
OFC,20100127,36.67,37.01,35.88,36.7,1004000
OFG,20100127,12.22,12.49,12.13,12.46,147400
OFG-A,20100127,19.25,19.25,19.25,19.25,200
OFG-B,20100127,18.74,18.74,18.33,18.34,700
OGE,20100127,18.58,18.585,18.205,18.49,341100
OHI,20100127,19.52,19.63,19.14,19.4,1339500
OI,20100127,29.55,29.77,27.88,28.5,5960000
OIA,20100127,6.26,6.26,6.19,6.25,29700
OII,20100127,28.54,28.71,27.79,28.325,688400
OIS,20100127,38.98,39.37,38.13,38.5,670900
OKE,20100127,22.345,22.385,21.685,21.955,649700
OKS,20100127,32.455,32.62,31.355,31.525,279600
OLN,20100127,16.96,17.15,16.8,17.07,829900
OLP,20100127,9.5,9.5,9.05,9.13,35200
OMC,20100127,36.55,36.61,35.7,36,2877700
OME,20100127,4.29,4.43,4.25,4.41,66700
OMI,20100127,27.1133,27.24,26.8933,27.1533,185800
OMN,20100127,6.09,6.23,6.05,6.2,317600
OPY,20100127,29.38,29.73,28.47,29.62,24700
ORA,20100127,35.6,35.8,35.24,35.71,208600
ORCL,20100127,23.9,24.05,23.54,23.86,28819300
ORI,20100127,10.63,10.82,10.52,10.75,2935400
ORN,20100127,18.1,18.48,18.1,18.29,381600
OSG,20100127,46.09,46.71,44.97,46.02,452200
OSK,20100127,34.99,36.14,34.24,35.99,1910600
OXM,20100127,18.09,18.57,17.58,18.44,65700
OXY,20100127,76.7,77.2,75.39,76.43,5060600
OZM,20100127,13.95,14.11,13.81,13.9,126900
PAA,20100127,28.555,28.555,27.085,27.36,591200
PAC,20100127,31.79,32.1,31.35,31.6,93700
PAG,20100127,14.66,14.76,13.91,14.09,2250300
PAI,20100127,12.79,12.79,12.66,12.69,19200
PAM,20100127,11.39,11.5,11.3,11.46,200500
PAR,20100127,10.5,10.6,10.1,10.32,474100
PAY,20100127,18.09,18.34,17.88,18.32,617400
PBH,20100127,7.6,7.85,7.6,7.83,108700
PBI,20100127,21.18,21.26,20.82,21.2,1991100
PBR,20100127,40.71,41.49,40.15,41.27,15003500
PBR.A,20100127,36.41,37.24,36.1,37.04,7689500
PBT,20100127,15.05,15.06,14.25,14.41,681200
PCF,20100127,7.55,7.64,7.41,7.64,67700
PCG,20100127,44.07,44.08,42.9,43.37,3879300
PCK,20100127,8.69,8.78,8.64,8.78,37200
PCM,20100127,8.4,8.51,8.35,8.4,35200
PCN,20100127,14.49,14.49,14.32,14.43,83600
PCQ,20100127,12.88,12.94,12.88,12.94,19600
PDS,20100127,8.49,8.59,8.19,8.5,1652200
PDT,20100127,9.98,10.03,9.96,9.98,36800
PEB,20100127,20.22,20.68,19.96,20.15,280000
PEG,20100127,31.21,31.21,30.39,30.86,2649200
PEI,20100127,8.95,9.15,8.85,9.14,433400
PEO,20100127,22.92,23.11,22.7,22.98,46600
PEP,20100127,60.05,60.39,59.6,60.29,6145800
PFD,20100127,10.7,10.7,10.59,10.59,6400
PFE,20100127,18.78,19.09,18.66,19,54617900
PFG,20100127,23.36,24.02,23.14,24.01,3707800
PFH,20100127,21.85,22.59,21.85,22.51,5100
PFK,20100127,21.65,22.06,21.65,21.94,2100
PFL,20100127,12.81,12.85,12.7,12.83,181100
PFN,20100127,10.39,10.39,10.23,10.29,285400
PFO,20100127,8.51,8.51,8.45,8.48,17500
PFS,20100127,11.29,11.75,11.25,11.71,344000
PG,20100127,60.46,60.98,59.95,60.81,15228900
PGH,20100127,10.26,10.33,10.1,10.26,1701300
PGP,20100127,18.42,18.58,18.27,18.31,56900
PGR,20100127,16.72,16.98,16.67,16.96,4306200
PH,20100127,56.49,57.74,56.15,57.4,3339400
PHD,20100127,11.83,11.83,11.63,11.7,159600
PHG,20100127,31.37,31.58,31.12,31.51,910300
PHH,20100127,16.78,17.38,16.75,17.37,1376400
PHI,20100127,57.19,57.68,56.84,57.39,138000
PHK,20100127,11.13,11.18,11.07,11.16,384400
PHM,20100127,10.31,10.37,10.05,10.33,11140700
PHT,20100127,14.67,14.81,14.57,14.81,69100
PHX,20100127,22.75,23.31,22.57,23.27,20600
PII,20100127,21.25,21.715,21.02,21.65,388200
PIM,20100127,6.14,6.14,6.09,6.12,306500
PIR,20100127,5.18,5.27,5.07,5.27,977600
PIY,20100127,24.93,24.93,24.23,24.63,4800
PJC,20100127,47.6,50.06,47.45,49.78,262000
PJT,20100127,22.7,22.85,22.62,22.85,4800
PKD,20100127,5.11,5.26,5.03,5.21,520500
PKE,20100127,25.7,26.52,25.7,26.38,38900
PKG,20100127,22.96,22.96,22.01,22.42,962900
PKI,20100127,20.49,20.6,20.2,20.39,1135100
PKO,20100127,22.42,22.43,22.21,22.3,64400
PKX,20100127,119.11,120.58,117.08,119.87,534100
PKY,20100127,20.61,21.5,20.49,21.3,112900
PLD,20100127,24.17,24.65,23.76,24.65,1801300
PLT,20100127,26.59,27.79,26.27,27.36,1111600
PM,20100127,46.85,47.1,46.22,46.64,5177600
PMC,20100127,16.68,17.15,16.51,16.89,101700
PMF,20100127,12.73,12.85,12.68,12.81,62800
PML,20100127,10.95,11.02,10.84,11.02,144500
PMM,20100127,6.79,6.79,6.74,6.79,115200
PMO,20100127,11.25,11.35,11.23,11.35,68200
PMT,20100127,16.5,16.55,16.31,16.4,103500
PMX,20100127,10.63,10.75,10.63,10.75,62800
PNC,20100127,52.48,54.66,52.44,54.36,4513700
PNF,20100127,10.74,10.78,10.73,10.78,17100
PNI,20100127,11.2,11.3,11.07,11.13,12200
PNM,20100127,11.81,11.85,11.55,11.62,1923600
PNR,20100127,30.88,31.05,30.53,30.95,416400
PNW,20100127,36.93,36.97,36.21,36.57,2482000
POL,20100127,7.22,7.46,7.14,7.42,582700
POR,20100127,19.88,19.96,19.62,19.86,399300
POT,20100127,36.7867,36.99,35.6333,36.5067,5120000
PPG,20100127,29.91,29.91,29.195,29.755,1630800
PPL,20100127,30.54,30.55,29.71,30.05,2648300
PPR,20100127,5.86,5.87,5.75,5.77,1358500
PPT,20100127,6.15,6.19,6.14,6.16,504200
PQ,20100127,24.52,24.8,23.48,24.08,913700
PRA,20100127,25.335,25.73,25.27,25.72,159000
PRO,20100127,8.07,8.82,8.01,8.55,314400
PRU,20100127,49.6,51.67,49.19,51.63,4747600
PSA,20100127,78.53,80,77.52,79.96,1669800
PSA-A,20100127,22.48,23.1,22.48,23.09,6100
PSA-B,20100127,24.36,24.44,24.26,24.3,6800
PSA-C,20100127,22.89,22.89,22.81,22.81,3000
PSA-D,20100127,21.99,22,21.76,21.84,4200
PSA-E,20100127,23.42,23.43,23.38,23.38,5400
PSA-V,20100127,25.41,25.53,25.37,25.39,4700
PSA-W,20100127,22.25,22.38,22.25,22.3,3200
PSA-X,20100127,22.22,22.31,22.2,22.21,5100
PSA-Z,20100127,22.55,22.55,22.44,22.51,2300
PSB,20100127,48.55,49.37,48.09,49.31,52000
PSO,20100127,14.16,14.24,14.12,14.22,141200
PTR,20100127,113.75,114.05,111.7,112.97,658000
PTY,20100127,14.95,14.95,14.84,14.87,169800
PUK,20100127,19.22,19.61,19.1,19.58,742700
PUK-A,20100127,23.25,23.26,23,23,17400
PUK.P,20100127,23.79,23.79,23.5,23.6,15900
PVG,20100127,17.24,17.33,16.88,17.1,168500
PVH,20100127,39.87,40.33,39.54,40.22,602600
PWE,20100127,16.93,17.04,16.72,16.86,2136700
PWR,20100127,18.42,18.53,17.92,18.51,3536800
PX,20100127,77.45,78.53,74.7,76.77,6430100
PXD,20100127,46,46.24,44.5,45.4,1968800
PYN,20100127,9.2,9.2,9.01,9.11,18100
PYS,20100127,19.39,19.55,19.35,19.36,3100
PYT,20100127,18.21,18.95,18.2,18.5,15400
PZC,20100127,9.34,9.45,9.33,9.44,32800
PZE,20100127,8.51,8.51,8.325,8.5,117000
PZN,20100127,6.67,7.34,6.66,7.34,20300
Q,20100127,4.24,4.28,4.17,4.24,14987400
QTM,20100127,3.03,3.1,2.99,3.03,2431800
R,20100127,36.74,37.22,36.19,37.2,755300
RA,20100127,12.51,13,12.03,12.46,211200
RAD,20100127,1.4,1.41,1.37,1.38,3763200
RAI,20100127,26.95,27.175,26.805,26.99,792700
RAS,20100127,3.81,3.81,3.6,3.72,1090900
RAS-A,20100127,10.62,10.62,10.2,10.2,8900
RAS-B,20100127,11,11.05,10.88,10.99,29900
RAS-C,20100127,11.6,11.7,11.45,11.59,18800
RBA,20100127,21,21.15,20.8,21.12,448200
RBC,20100127,47.88,48.63,47.63,48.47,125800
RBS,20100127,10.78,10.93,10.63,10.91,482100
RBS-F,20100127,17.15,17.15,16.57,16.59,30700
RBS-H,20100127,15.47,16.37,15.47,15.8,36000
RBS-L,20100127,13.95,13.95,13.5,13.8,76400
RBS-S,20100127,12.52,12.62,12.05,12.23,182200
RCI,20100127,30.51,31.33,30.44,31.24,601700
RCL,20100127,24.85,25.5,24.73,25.43,4166800
RCS,20100127,11.12,11.19,11.04,11.09,99300
RDC,20100127,22.66,23,22.08,22.58,3621000
RDN,20100127,6.93,7.13,6.46,6.83,4027100
RDS.A,20100127,57.64,57.77,57.08,57.68,1050900
RDS.B,20100127,55.5,55.75,55.05,55.72,296800
RDY,20100127,23.57,23.88,23.57,23.74,404300
RE,20100127,84.27,85.89,84.27,85.89,278800
REG,20100127,34.09,34.47,33.65,34.24,1379100
REN,20100127,56.1,57.05,54.7,55,224000
RES,20100127,5.4889,5.6667,5.3555,5.6445,298600
REV,20100127,14.89,15.66,14.85,15.54,155400
RF,20100127,6.05,6.34,6.05,6.17,38501100
RFI,20100127,9.73,9.73,9.54,9.66,45100
RGA,20100127,47.94,48.52,47.44,48.52,432800
RGC,20100127,15.19,15.29,15.03,15.23,1134200
RGR,20100127,10.99,11.16,10.81,11.01,194200
RGS,20100127,15.64,16.41,15.24,16.28,1925100
RHI,20100127,26.32,26.95,26.13,26.89,1698500
RHT,20100127,28.05,28.24,27.41,27.97,2570300
RIG,20100127,87.43,88.38,85.08,87.29,4028900
RIO,20100127,51.1425,51.5925,50,50.945,803900
RJF,20100127,26.06,26.35,25.72,26.26,832400
RL,20100127,82.41,83.3,81.76,83.01,575100
RLH,20100127,5.9,5.98,5.9,5.96,35500
RLI,20100127,25.95,26.28,25.95,26.28,137200
RMD,20100127,26.625,26.625,26.1,26.335,526800
RMT,20100127,7,7.29,6.89,7.26,54400
RNP,20100127,10.35,10.44,10.15,10.42,166600
RNR,20100127,54.06,54.84,53.97,54.74,341500
RNR-C,20100127,20.15,20.42,20.15,20.25,15300
ROG,20100127,25.37,25.91,25.3,25.74,73700
ROK,20100127,50.25,51.86,49.03,50.84,8160100
ROL,20100127,8.1814,8.8511,8.177,8.785,429800
ROP,20100127,50.82,51.03,49.84,50.67,506800
RPM,20100127,19.84,19.93,19.27,19.61,894000
RPT,20100127,9.35,9.61,9.3,9.54,158200
RQI,20100127,5.67,5.71,5.56,5.71,290600
RRC,20100127,47.8,48.28,46.6,47.35,3067800
RS,20100127,42.23,42.78,40.41,41.96,1128300
RSG,20100127,26.87,27.09,26.62,27.04,1682600
RSO,20100127,5.36,5.42,5.25,5.4,368100
RST,20100127,17.11,17.8,17.11,17.79,83800
RT,20100127,6.88,7.02,6.85,6.94,508700
RTN,20100127,53.52,53.63,52.65,53.46,3198000
RVT,20100127,10.45,10.55,10.4,10.5,329700
RWT,20100127,14.59,14.62,14.39,14.59,553000
RY,20100127,49.91,50.45,49.52,50.3,1166500
RYN,20100127,29.2667,29.3333,28.2,28.8467,820400
S,20100127,3.4,3.51,3.36,3.49,36279100
SAB,20100127,19.5,19.72,19.33,19.5,6500
SAH,20100127,9.81,9.86,9.35,9.72,925900
SAM,20100127,46.04,46.85,46,46.33,54700
SAN,20100127,67.55,67.68,63.57,64.14,450500
SAP,20100127,45.99,46.25,45.53,46.21,2968000
SAR,20100127,17,17.8,16.6,17.4,81600
SB,20100127,8.42,8.45,7.76,8.13,105900
SBH,20100127,8.3,8.61,8.29,8.52,488700
SBR,20100127,43.9,43.9,42.67,42.85,43400
SBS,20100127,5.515,5.5917,5.47,5.565,249800
SBW,20100127,13.21,13.21,12.98,13.1,49500
SCCO,20100127,28.89,29.46,28.44,29.02,4784000
SCD,20100127,10.04,10.12,9.93,10.09,77700
SCG,20100127,35.9,36.09,35.64,36.07,602300
SCI,20100127,7.69,7.74,7.63,7.67,698300
SCL,20100127,31.18,31.225,30.24,30.685,49500
SCS,20100127,6.87,7.01,6.84,7.01,285800
SCX,20100127,9.95,10.15,9.77,9.87,13300
SD,20100127,9.03,9.16,8.75,8.96,4860200
SE,20100127,22.26,22.37,21.69,22.04,4638400
SEE,20100127,19.95,20.29,19.61,20.19,2257800
SEM,20100127,9.77,10.09,9.77,10.03,80300
SEP,20100127,30.78,30.79,29.66,29.86,130800
SF,20100127,34.6733,35.7,34.6733,35.64,209400
SFE,20100127,11.04,11.18,10.95,11.14,58200
SFL,20100127,15.02,15.5,14.97,15.35,336000
SGF,20100127,12.21,12.21,12.15,12.18,19000
SGU,20100127,4.32,4.32,4.23,4.25,139400
SGY,20100127,164.2,171.5,161.1,169.5,1768800
SHG,20100127,33.96,34.465,33.96,34.21,254500
SHI,20100127,23.1733,23.22,22.9,23.22,40100
SHO,20100127,8.8,8.8,8.37,8.68,771400
SHW,20100127,62.83,64.06,62.28,63.87,2272000
SID,20100127,14.595,14.695,14.155,14.55,4501100
SIG,20100127,27.17,27.63,27.11,27.56,379400
SJI,20100127,19.16,19.425,19.11,19.24,139300
SJM,20100127,60.59,61.22,60.59,61.14,643500
SJR,20100127,18.83,18.84,18.64,18.8,151000
SJT,20100127,21.21,21.35,19.86,19.98,775300
SJW,20100127,21.97,22.34,21.97,22.2,13500
SKM,20100127,17.82,18.1,17.64,18.06,2404200
SKT,20100127,18.69,19.455,18.47,19.39,770200
SKX,20100127,9.34,9.6167,9.22,9.5733,569400
SLB,20100127,65.46,66.29,64.82,65.7,9693300
SLF,20100127,29.68,29.94,29.33,29.68,406900
SLG,20100127,45.61,46.32,44.43,45.93,2400200
SLW,20100127,14.38,14.66,14.05,14.6,8414500
SM,20100127,35.3,35.95,33.9,34.34,942100
SMG,20100127,41.77,42,41.06,41.33,317500
SMI,20100127,3.66,3.74,3.62,3.7,257600
SMP,20100127,7.9,8.29,7.76,8.22,183400
SNA,20100127,42.44,42.64,41.36,42.2,432400
SNE,20100127,33,33.44,32.66,33.24,1415100
SNN,20100127,20.316,20.536,20.292,20.468,69200
SNP,20100127,60.7923,61.2,60.1769,61.0923,283500
SNV,20100127,18.83,19.18,18.27,19.18,14732400
SNX,20100127,27.25,27.48,26.88,27.44,194600
SNY,20100127,37.75,37.99,37.63,37.9,1550900
SO,20100127,32.92,33.23,32.11,32.91,9757000
SOL,20100127,4.91,4.98,4.65,4.8,1162300
SON,20100127,28.89,29.04,28.44,28.98,199100
SOR,20100127,42.25,42.27,41.86,42.09,25900
SOV-C,20100127,25.6,26,25.6,26,800
SPA,20100127,6.55,6.8,6.2,6.49,139400
SPG,20100127,71.86,72.46,70.7,72.4,4058400
SPG-J,20100127,60.25,60.25,59.14,59.14,500
SPH,20100127,49.75,49.97,49,49.26,96800
SPN,20100127,23.96,24.3,23.62,23.98,384800
SPR,20100127,20.74,21.63,20.73,21.61,1547900
SQM,20100127,38.85,38.96,37.75,38.22,711100
SR,20100127,27.65,29.4,27.65,29,99100
SRE,20100127,51.25,51.36,50.42,51.08,1665200
SRI,20100127,7.16,7.41,7.05,7.22,39400
SRT,20100127,7.48,7.65,7.48,7.61,40000
SRV,20100127,9.13,9.63,9.13,9.31,60000
SSD,20100127,24.42,24.72,23.87,24.7,277800
SSI,20100127,13.02,13.35,12.87,13.26,138700
SSL,20100127,37.51,37.8,37.04,37.62,253400
SSP,20100127,6.66,6.98,6.64,6.95,391700
SSW,20100127,10.77,11.28,10.42,11.24,487100
STC,20100127,10.67,10.93,10.41,10.91,100200
STE,20100127,26.75,26.75,26.1,26.44,945900
STI,20100127,23.57,24.81,23.44,24.7,11118500
STI-A,20100127,19.31,19.75,19.3,19.73,3600
STJ,20100127,37.7,38.15,36.81,37.92,4719700
STK,20100127,20.18,20.18,19.75,20.1,58800
STL,20100127,7.3,7.59,7.3,7.57,56500
STM,20100127,8.4,8.44,8.1,8.19,3908200
STN,20100127,13.145,13.15,12.94,13.015,10300
STO,20100127,23.03,23.15,22.65,22.99,1566900
STT,20100127,42.88,44.61,42.7,44.51,5031300
STV,20100127,6.05,6.19,6,6.07,204200
STWD,20100127,2.6639,2.727,2.6639,2.7242,269800
STZ,20100127,16.4,16.48,16.06,16.34,1120500
STZ.B,20100127,16.25,16.25,16.25,16.25,0
SU,20100127,32.88,33.04,32.19,32.57,7685500
SUI,20100127,18.06,18.27,17.65,18.21,116600
SUN,20100127,26.17,26.38,25.33,25.89,2365000
SUP,20100127,14.37,14.54,14.22,14.52,208800
SVU,20100127,14.76,14.94,14.53,14.94,5338500
SWC,20100127,11.3,11.3,10.26,10.66,2628900
SWK,20100127,52.93,53.34,51.54,52.47,3563500
SWM,20100127,38.23,38.84,37.815,38.76,176200
SWN,20100127,45.46,45.86,43.56,44.57,3918300
SWX,20100127,27.76,27.99,27.6,27.98,166300
SWZ,20100127,11.29,11.29,11.16,11.26,46400
SXE,20100127,27.25,28.09,27.13,28.09,131500
SXI,20100127,21.57,22.44,21.55,22.36,41700
SXL,20100127,11.725,12.0534,11.625,11.84,167300
SXT,20100127,26.89,27.24,26.75,27.09,296300
SYK,20100127,53.61,53.97,51.73,52.91,4043100
SYT,20100127,51.42,51.71,51.05,51.67,227500
SYX,20100127,17.49,17.89,17.43,17.87,52900
SYY,20100127,27.52,27.64,27.36,27.61,3042000
T,20100127,25.21,26.12,25.1,25.62,58991700
TAC,20100127,21.06,21.29,20.74,21.21,50400
TAL,20100127,13.9,14.38,13.9,14.34,24200
TAP,20100127,42.91,43,42.58,42.88,1021500
TAP.A,20100127,41.72,41.72,41.72,41.72,0
TBI,20100127,14.79,15.09,14.62,15.05,190500
TCAP,20100127,12.24,12.24,11.97,12.12,63500
TCB,20100127,14.07,14.55,14.02,14.51,1484500
TCB.W,20100127,3.45,3.69,3.4,3.69,6900
TCI,20100127,10.6,11.48,10.6,11.34,3900
TCO,20100127,32.43,32.57,31.74,32.33,900300
TD,20100127,29.43,29.635,29.25,29.56,899300
TDA,20100127,24.13,24.25,24.09,24.2,48200
TDC,20100127,28.33,28.7,28,28.58,1227600
TDF,20100127,23.54,23.93,23.51,23.68,293100
TDG,20100127,48.85,49.01,48.05,48.99,338200
TDI,20100127,22.88,23.15,22.86,23.15,12900
TDS,20100127,32.14,32.43,31.65,32.36,256700
TDW,20100127,47.59,48.28,46.88,47.77,448200
TDY,20100127,39,39.85,38.75,39.81,111900
TEF,20100127,25.04,25.2667,24.8533,25.1767,819200
TEI,20100127,14.58,14.58,14.37,14.45,97000
TEL,20100127,26.1,26.35,24.89,25.75,5674400
TEN,20100127,17.86,18.24,17.57,18.09,789900
TEO,20100127,16.68,16.69,16.15,16.31,76200
TER,20100127,10.11,10.3,9.91,10.26,6750200
TEVA,20100127,56.79,56.95,56.28,56.91,4458200
TEX,20100127,21,21.09,20,20.76,2655600
TFX,20100127,58.36,58.62,58,58.43,154300
TG,20100127,15.43,16.21,15.43,16.14,102000
TGH,20100127,14.91,15.17,14.82,15.07,122700
TGI,20100127,25.385,26.39,25.29,26.265,210100
TGP,20100127,27.18,27.49,27,27.49,137600
TGS,20100127,2.92,2.95,2.9,2.9,19500
TGT,20100127,51.84,52.2,51.52,51.96,11010500
THC,20100127,22.08,22.24,21.24,21.56,6742800
THG,20100127,43.08,43.59,42.58,43.14,463300
THO,20100127,33.3,33.69,32.74,33.17,320000
THS,20100127,38.29,39.14,37.98,39.04,143100
TI,20100127,14.43,14.47,14.24,14.42,287100
TI.A,20100127,11.13,11.38,11.03,11.21,70900
TIF,20100127,41.32,41.76,40.87,41.37,1781800
TJX,20100127,19.055,19.295,18.915,19.195,4065600
TK,20100127,24.83,25.47,24.41,25.46,1176000
TKC,20100127,19.04,19.04,18.5,18.71,559200
TKF,20100127,13.66,13.69,13.45,13.58,30500
TKR,20100127,23.58,23.69,23.13,23.35,672800
TLI,20100127,10.55,10.6,10.55,10.6,32100
TLK,20100127,19.505,19.845,19.475,19.79,185700
TLP,20100127,27.62,28.01,26.47,26.7,155100
TM,20100127,81.43,82.64,78.8,79.77,3488700
TMH,20100127,14.86,14.98,14.75,14.75,18300
TMK,20100127,19.9289,20.4,19.8622,20.3511,512600
TMO,20100127,46.31,46.58,46.02,46.46,2210800
TNC,20100127,23.77,24.55,23.47,24.53,35700
TNH,20100127,102.02,102.89,101.72,102.89,19200
TNK,20100127,9.04,9.1,8.86,9.05,198200
TNP,20100127,17.84,17.96,17.42,17.71,190700
TOL,20100127,18.17,18.52,17.9,18.4,2687100
TOO,20100127,19.8,19.94,19.21,19.57,82800
TOT,20100127,59.51,59.75,58.96,59.67,2078300
TPC,20100127,19.2,19.22,18.68,18.91,308800
TPL,20100127,26.69,26.92,25.15,26.1,29300
TPX,20100127,24.34,24.72,23.5,24.53,2346600
TPZ,20100127,20,20.16,19.95,20.16,25600
TR,20100127,26.17,26.85,26.13,26.79,43500
TRC,20100127,29.75,30.23,29.66,30.18,22100
TREX,20100127,8.025,8.125,8.025,8.11,55800
TRI,20100127,32.33,32.72,32.3,32.7,364300
TRK,20100127,16.97,17.3,16.85,17.23,29500
TRN,20100127,8.31,8.4,8.08,8.315,769300
TRP,20100127,32.49,32.57,32.06,32.27,327300
TRR,20100127,2.63,2.67,2.57,2.63,7100
TRU,20100127,4.33,4.6,4.24,4.5,13700
TRV,20100127,50.29,50.91,50.03,50.9,4662300
TS,20100127,44.6,44.87,43.5,44.55,2316500
TSI,20100127,4.27,4.28,4.26,4.28,188300
TSL,20100127,22.48,23.3,21.7,22.78,3805900
TSM,20100127,10.03,10.14,9.94,9.99,22965100
TSN,20100127,13.98,14.02,13.72,13.78,5437100
TSO,20100127,12.91,12.98,12.37,12.86,7482400
TSS,20100127,14.83,15.05,14.65,14.82,2164900
TSU,20100127,27.29,27.29,26.61,27.19,354400
TTC,20100127,9.9975,10.09,9.885,10.02,198900
TTF,20100127,8.46,8.48,8.36,8.47,50100
TTI,20100127,10.92,11.23,10.83,11.2,291900
TTM,20100127,15.45,15.45,14.63,15.28,2864800
TU,20100127,14.91,15.065,14.9,15.03,116400
TUP,20100127,42.6,43.36,42.2,42.71,651800
TV,20100127,19.55,19.66,19.24,19.56,1751800
TVC,20100127,26.62,26.65,26.36,26.36,13000
TVE,20100127,26.01,26.13,25.96,25.96,10800
TWI,20100127,8.38,8.38,8.05,8.2,626300
TWN,20100127,13.41,13.42,13.3,13.37,81900
TWX,20100127,27.17,27.18,26.56,26.95,10235900
TX,20100127,31.9,31.9,30.24,30.72,410800
TXT,20100127,20.47,21.15,20.36,21,5866000
TY,20100127,11.21,11.29,11.16,11.28,174200
TY.P,20100127,44.48,44.48,44.48,44.48,100
TYG,20100127,29.52,29.75,29.12,29.68,177000
TYL,20100127,18.87,19.2,18.77,19.12,111300
UA,20100127,3.415,3.5263,3.415,3.4888,1153500
UAL,20100127,13.11,13.25,12.13,12.83,16569100
UAM,20100127,13.4,13.68,13.4,13.67,82200
UBA,20100127,14.57,14.94,14.57,14.92,37700
UBP,20100127,13.94,13.94,13.94,13.94,0
UBS,20100127,13.73,13.79,13.38,13.69,7224400
UDR,20100127,15.16,15.4,14.92,15.4,1789500
UFI,20100127,3.41,3.5,3.37,3.46,103500
UFS,20100127,25.075,25.315,24.07,25.235,1292100
UGI,20100127,16.5533,16.6933,16.2,16.5067,1346500
UGP,20100127,11.1975,11.335,10.87,11.1975,124800
UHS,20100127,30.86,30.86,29.71,30.23,1858200
UHT,20100127,32.94,33.2,32.86,33.14,30100
UIS,20100127,31.55,31.55,29.61,30.91,1080400
UL,20100127,30.65,30.95,30.62,30.91,828400
UMC,20100127,3.8,3.8,3.7,3.73,4624400
UN,20100127,30.72,31,30.67,31,2672500
UNF,20100127,51.61,52.66,51.5,52.34,52500
UNH,20100127,32.34,33.53,32.11,33.24,14387000
UNM,20100127,19.81,20.01,19.45,19.99,3471800
UNP,20100127,32.025,32.025,31.5,31.905,3986000
UNT,20100127,49.48,50.41,47.95,48.92,464400
UPS,20100127,58.65,59.5,58.12,59.34,5247200
URI,20100127,8.49,8.51,8.26,8.34,2403800
USA,20100127,4.3,4.31,4.25,4.29,346700
USB,20100127,24.17,25.22,24.12,25.12,19764200
USB-H,20100127,21,21,20.31,20.54,133800
USG,20100127,13.54,13.59,12.71,12.98,2756600
USM,20100127,36.93,37.63,36.87,37.52,57300
USPH,20100127,15.6,15.96,15.5,15.88,18800
UTF,20100127,15.32,15.32,14.57,14.95,270600
UTI,20100127,17.57,18.42,17.53,18.4,62900
UTL,20100127,22.23,22.34,22.02,22.3,15400
UTX,20100127,67.26,67.85,66.5,67.61,7690600
UVV,20100127,46.25,46.78,46.04,46.33,212400
V,20100127,20.22,21.0325,20.1525,20.9775,4833900
VAL,20100127,27.49,27.73,27.14,27.43,325900
VAL.P,20100127,22.6,22.81,22.28,22.75,15185700
VALE,20100127,26.32,26.66,25.93,26.52,35027700
VAR,20100127,49.81,49.81,48.45,48.97,1708700
VBF,20100127,19.11,19.23,18.92,19.1,29200
VCO,20100127,47.26,47.9,46.34,46.34,1400
VCV,20100127,11.9,12.08,11.9,12.08,41400
VFC,20100127,18.0925,18.3425,18.0525,18.295,587200
VG,20100127,1.52,1.55,1.49,1.51,1531500
VGM,20100127,13.92,14.04,13.92,13.97,135900
VGR,20100127,14.36,14.47,14.26,14.4,248300
VHI,20100127,5.2767,5.34,5.1767,5.2667,18000
VIV,20100127,23.02,23.02,22.5,22.81,84800
VKQ,20100127,13.52,13.72,13.5,13.72,85600
VLO,20100127,18.84,19.06,18.33,18.69,23312300
VLT,20100127,14.84,14.92,14.71,14.76,15000
VLY,20100127,13.5,14.06,13.5,14.02,1223500
VLY-A,20100127,25.21,25.25,25.06,25.25,1000
VMC,20100127,46.59,46.59,45.15,46.22,1506000
VMI,20100127,71.23,72.69,70.56,72.61,412500
VMO,20100127,13.48,13.69,13.48,13.67,65300
VMW,20100127,46.88,47.25,45.3,46.66,3101200
VNO,20100127,63.95,65.2,63.14,65.09,2150900
VNO-G,20100127,21.71,21.73,21.15,21.42,19100
VNO-I,20100127,22.13,22.39,21.8,21.84,35500
VPV,20100127,13.43,13.44,13.3,13.36,21400
VR,20100127,26.25,26.9,26.25,26.9,407500
VRS,20100127,3.35,3.52,3.33,3.43,135000
VRX,20100127,33.88,34.29,33.58,33.83,408500
VSH,20100127,8.22,8.29,8,8.2,1211800
VSI,20100127,20.64,21.17,20.64,21.14,13800
VTA,20100127,12.58,12.67,12.49,12.57,327900
VTN,20100127,14.67,14.84,14.64,14.8,33900
VTR,20100127,42.3,43.11,41.86,43.08,1772400
VVC,20100127,23.66,23.66,23.19,23.45,263200
VVI,20100127,19.61,20.22,19.52,20.02,20100
VVR,20100127,4.55,4.56,4.46,4.48,1563300
VZ,20100127,29.99,30.2,29.5,29.87,32795500
WAB,20100127,19.365,19.46,19.045,19.385,347600
WAL,20100127,5.35,5.37,5.26,5.34,353800
WAT,20100127,57.98,58.23,57.39,57.85,1110800
WBC,20100127,27.6,27.76,26.52,26.82,1012500
WBK,20100127,21.554,21.96,21.552,21.922,27200
WBS,20100127,15.19,16.21,14.08,16.08,1759000
WCC,20100127,28.57,28.9,28.18,28.5,891200
WCG,20100127,32.29,33.02,32.02,32.74,518500
WCN,20100127,21.7,21.9,21.4,21.5,477300
WDR,20100127,31.22,31.96,30.92,31.96,702500
WEA,20100127,13.56,13.57,13.42,13.43,17400
WEC,20100127,24.5,24.635,24.105,24.475,924900
WES,20100127,20.72,20.77,20.22,20.42,159800
WF,20100127,36.29,37.34,36.29,36.83,6100
WFC,20100127,26.9,28.24,26.88,28.2,63082500
WFC-J,20100127,25.52,25.72,25.52,25.67,93400
WFC-L,20100127,935.02,945.01,935.02,945.01,13500
WFT,20100127,16.39,16.58,15.86,16.33,21603200
WG,20100127,15.79,16.23,15.74,15.94,570500
WGL,20100127,31.95,32.29,31.77,32.22,323900
WGO,20100127,12.8,13.03,12.63,12.78,376500
WHG,20100127,35.7,36.36,35.7,36.3,7900
WHR,20100127,75.79,76.37,74.54,75.88,848600
WIA,20100127,12.43,12.5,12.37,12.42,101600
WIT,20100127,12.864,12.864,12.33,12.498,1010200
WIW,20100127,12.11,12.11,12.02,12.07,136400
WLK,20100127,10.655,10.82,10.51,10.725,92300
WLL,20100127,34.33,34.7,33.575,34.19,819000
WM,20100127,32.51,32.74,32.14,32.58,1873600
WMB,20100127,22.13,22.28,21.53,21.98,6591500
WMK,20100127,35.57,35.99,35.57,35.95,34300
WMS,20100127,39.48,40,38.5,39.15,4717600
WMT,20100127,53.52,53.77,53.1,53.4,13192000
WNC,20100127,3.09,3.12,2.96,3.12,313900
WNR,20100127,4.99,5.03,4.75,4.88,1826400
WNS,20100127,14.99,15.28,14.99,15.22,63600
WOR,20100127,14.88,15.15,14.52,14.98,1131300
WPC,20100127,27.64,28.15,27.64,28.02,32200
WPZ,20100127,39.16,39.28,37.71,39.05,432200
WR,20100127,21.54,21.63,21.23,21.4,765300
WRB,20100127,24.64,24.9,24.39,24.7,974200
WRD,20100127,21.88,21.88,21.52,21.65,18300
WRE,20100127,26.82,27.22,26.58,27.07,415700
WRI,20100127,19.23,19.39,18.8,19.17,2072200
WSM,20100127,20.62,20.62,19.78,20.04,2613400
WSO,20100127,50.05,50.42,49.68,50.36,177700
WST,20100127,18.03,18.295,18,18.255,158800
WTI,20100127,9.72,9.88,9.5,9.65,623600
WTM,20100127,326.5,331,325.48,331,8200
WTR,20100127,13.44,13.56,13.4,13.472,705200
WTS,20100127,30.01,30.47,29.85,30.33,195300
WTW,20100127,28.65,29,28.63,28.92,402000
WU,20100127,18.25,18.45,18.19,18.35,5930100
WWE,20100127,16.34,16.48,16.26,16.36,127200
WWW,20100127,13.225,13.585,13.225,13.545,207900
WY,20100127,41.37,41.44,40.49,41.25,2397400
WYN,20100127,21.44,21.59,20.95,21.49,2754100
X,20100127,48.75,49.01,45.05,46.6,48032100
XCO,20100127,18.64,19.01,18.51,18.62,3007700
XEC,20100127,53.3,54.08,51.42,52.63,552900
XEL,20100127,20.73,20.99,20.57,20.94,3885700
XIN,20100127,4.06,4.08,4,4.02,102100
XKE,20100127,8.1,8.1,8.06,8.06,700
XL,20100127,16.74,17.08,16.49,16.99,3339500
XOM,20100127,65.66,66.06,65,65.54,35726200
XRM,20100127,16.2,16.6,16.2,16.2,32200
XRX,20100127,8.83,8.91,8.71,8.89,18320100
Y,20100127,267.05,271.25,266.2,271.25,7400
YGE,20100127,134.8,136.7,125.3,129.8,5598500
YPF,20100127,41.6,41.83,41.55,41.8,2300
YUM,20100127,34.34,34.9,34.2,34.81,3594500
YZC,20100127,20.81,21.1,20.31,20.83,964300
ZB-A,20100127,16.52,16.7,15.81,16.15,11400
ZF,20100127,12.88,12.92,12.6,12.76,298300
ZNH,20100127,15.96,16.33,15.83,16.24,27500
ZTR,20100127,15.44,15.48,15.24,15.32,328900
