<ticker>,<date>,<open>,<high>,<low>,<close>,<vol>
A,20130206,31.9886,32.2818,31.8383,32.2532,2756300
AA,20130206,26.61,26.94,26.61,26.88,16762700
AAN,20130206,29.79,29.92,29.63,29.85,335300
AAP,20130206,72.85,73.43,72.53,72.9,848100
AAT,20130206,29.09,29.27,29.04,29.24,79600
AAV,20130206,3.07,3.13,2.99,3.05,2674600
AB,20130206,20.15,20.42,20.15,20.36,126700
ABB,20130206,21.1,21.33,21.08,21.31,1175700
ABBV,20130206,36.96,37.28,36.86,37.14,5738800
ABC,20130206,46.19,46.47,46.17,46.47,3034700
ABG,20130206,36.84,37.18,36.13,36.45,275700
ABM,20130206,21.82,22.04,21.75,22.04,132600
ABR,20130206,7.11,7.23,7.11,7.21,111500
ABR-A,20130206,25.24,25.39,25.19,25.31,61300
ABT,20130206,33.72,34.24,33.67,34.1,13351600
ABX,20130206,32.52,33.01,32.41,32.76,5728300
ACC,20130206,46.31,46.89,46.15,46.66,674900
ACCO,20130206,8.13,8.14,8,8.14,786200
ACH,20130206,11.59,11.67,11.57,11.62,201300
ACM,20130206,27.15,27.79,27.07,27.76,1185700
ACN,20130206,72.91,72.98,72,72.42,2706000
ACP,20130206,19.15,19.29,18.99,19.21,38000
ACRE,20130206,17.09,17.24,17,17.06,26800
ADC,20130206,28.4,28.7,28.14,28.62,87000
ADM,20130206,29.45,30.45,29.27,30.37,8367600
ADS,20130206,155.64,155.73,154.7,155.15,413400
ADX,20130206,11.33,11.38,11.33,11.35,94400
AEB,20130206,24.57,24.67,24.45,24.57,25300
AED,20130206,25.26,25.26,25.23,25.26,21600
AEE,20130206,32.55,32.83,32.37,32.78,1423200
AEG,20130206,6.3,6.37,6.29,6.36,739600
AEH,20130206,26.17,26.22,26.13,26.15,52500
AEK,20130206,28.13,28.28,28.04,28.25,64800
AEL,20130206,13.34,13.48,13.26,13.45,341400
AEM,20130206,45.6,46.14,45.33,45.58,1173800
AEO,20130206,20.53,20.94,20.5,20.81,3046500
AEP,20130206,44.35,44.61,44.23,44.58,3153300
AER,20130206,14.75,14.93,14.75,14.91,563500
AES,20130206,10.97,11.09,10.93,11.06,4023100
AES-C,20130206,50.29,50.34,50.2,50.34,2700
AET,20130206,49.28,49.86,49.13,49.65,2775400
AF,20130206,9.64,9.74,9.62,9.74,399600
AFA,20130206,25.99,26,25.76,25.76,14200
AFB,20130206,16,16,15.88,15.93,25300
AFC,20130206,25.16,25.18,25.11,25.15,24000
AFG,20130206,42.66,43.21,42.56,43.19,310200
AFL,20130206,51.53,52.13,49.5,51.18,8735400
AFSD,20130206,25.59,25.59,25.45,25.46,42500
AFT,20130206,19.65,19.65,19.44,19.57,45700
AFW,20130206,26.47,26.66,26.43,26.48,22200
AG,20130206,18.47,18.85,18.45,18.63,767500
AGC,20130206,7.02,7.07,7,7.04,142800
AGCO,20130206,53.12,54.55,53.03,54.4,1651700
AGD,20130206,9.66,9.68,9.62,9.66,327300
AGM,20130206,35,35.23,34.94,35.23,13700
AGM-A,20130206,24.85,24.89,24.7,24.85,15400
AGM.A,20130206,28.03,28.03,26.5,27.73,1200
AGN,20130206,107.13,108.73,106.37,108.53,1748600
AGO,20130206,19,19.82,18.4,19.56,9435900
AGO-B,20130206,25.5,25.5,25.27,25.46,34700
AGO-E,20130206,25.03,25.18,25.03,25.17,10600
AGO-F,20130206,24.98,25,24.82,24.83,4400
AGRO,20130206,8.5,8.69,8.5,8.5,274700
AGU,20130206,113.08,114.34,113.08,114.16,331000
AHC,20130206,5.28,5.39,5.28,5.36,26600
AHL,20130206,34.16,34.45,34.06,34.45,422900
AHL-B,20130206,26.98,27.05,26.95,27,10100
AHT,20130206,11.36,11.62,11.33,11.62,471800
AHT-A,20130206,25.63,25.63,25.63,25.63,0
AHT-D,20130206,25.72,25.72,25.53,25.66,5500
AI,20130206,23.94,23.94,23.5,23.61,91700
AIB,20130206,24.68,24.82,24.6,24.72,38100
AIG,20130206,38.53,39,38.32,38.75,14236100
AIG.W,20130206,14.38,14.6,14.25,14.58,261000
AIN,20130206,24.88,25.21,24.88,25.14,114800
AIR,20130206,18.46,18.62,18.33,18.44,230000
AIT,20130206,44.43,44.74,44.18,44.34,140700
AIV,20130206,27.04,27.91,27.04,27.55,1697700
AIZ,20130206,38.28,38.91,38.2,38.81,945800
AJG,20130206,37.92,38.14,37.82,38.14,624600
AKO.A,20130206,32.23,32.37,32.23,32.37,300
AKO.B,20130206,41,41.43,41,41.42,12900
AKP,20130206,15.19,15.32,15.19,15.32,31700
AKR,20130206,26.59,26.96,26.26,26.92,498200
AKS,20130206,4.11,4.27,4.08,4.19,8575300
AL,20130206,24.89,25.25,24.86,25.08,312800
ALB,20130206,61.68,62.64,61.65,62.03,562600
ALDW,20130206,24.48,24.64,24,24.6,256800
ALE,20130206,46.1,46.74,46.01,46.73,92200
ALEX,20130206,34.46,35.44,34.41,35.41,252000
ALG,20130206,33.97,34.1,33.76,33.9,27100
ALJ,20130206,19.79,20.26,19.73,19.97,326900
ALK,20130206,23.29,23.785,23.29,23.71,484900
ALL,20130206,44.01,44.34,43.91,44.31,3165500
ALL-A,20130206,26.87,26.87,26.64,26.67,87900
ALL-B,20130206,26.3,26.46,26.3,26.38,179500
ALP-O,20130206,28.02,28.51,28.02,28.51,1700
ALR,20130206,21.68,21.95,21.54,21.8,867800
ALR-B,20130206,203.5,204,203.5,204,4400
ALSN,20130206,23.09,23.24,22.81,23.02,290300
ALV,20130206,65.48,65.76,65.27,65.49,445700
ALX,20130206,322.38,324,316.1,322,5300
AM,20130206,16.02,16.06,15.96,16,162700
AME,20130206,40.77,41.43,40.69,41.36,559000
AMG,20130206,143.65,145.64,143.59,145.64,411900
AMID,20130206,16.84,17.06,16.51,16.82,20700
AMP,20130206,65.8,66.61,65.73,66.61,1327300
AMRC,20130206,9.19,9.31,9.13,9.3,43100
AMT,20130206,76.4,76.57,75.68,75.95,2096000
AMT-A,20130206,112.318,112.318,111.695,112.2735,16200
AMX,20130206,25.03,25.03,24.78,24.95,4077700
AN,20130206,48.29,48.38,47.75,48.05,478400
ANF,20130206,50.75,51.74,50.53,50.92,2212400
ANFI,20130206,6.47,6.7,6.35,6.63,48900
ANH,20130206,6.24,6.28,6.23,6.27,555200
ANH-A,20130206,25.9,25.9,25.9,25.9,1300
ANH-B,20130206,24.4,24.4,24.31,24.31,2000
ANTM,20130206,65.44,66.03,65.29,65.41,1869500
ANW,20130206,6.38,6.44,6.32,6.42,139800
AOD,20130206,8.06,8.08,8,8.06,1711300
AOI,20130206,35.8,36.8,35.7,36.4,297100
AON,20130206,55.48,55.7,55.3,55.68,1917200
AOS,20130206,17.405,17.5125,17.3625,17.4975,260300
AP,20130206,18.03,18.21,18,18.04,12300
APA,20130206,84.55,85.16,84.1,84.91,2253400
APB,20130206,10.89,10.93,10.88,10.93,13400
APC,20130206,82.42,83.78,82.26,83.7,3732600
APD,20130206,87.31,87.65,86.96,87.5,1011900
APF,20130206,15.74,15.8,15.6,15.78,37500
APH,20130206,34.245,34.835,34.13,34.775,573600
APO,20130206,22.1,23,21.89,22.01,381000
APU,20130206,44.3,44.37,43.75,43.78,168600
ARC,20130206,2.5,2.55,2.43,2.5,145000
ARCO,20130206,13.96,14.14,13.96,14.11,256400
ARDC,20130206,19.17,19.24,19.14,19.23,55500
ARE,20130206,71.88,72.81,71.88,72.78,313700
ARH-C,20130206,27.12,27.14,27.06,27.09,20900
ARI,20130206,17.58,17.64,17.53,17.56,211400
ARI-A,20130206,26.25,26.28,26.1,26.2,8600
ARL,20130206,2.77,2.77,2.77,2.77,0
ARNC,20130206,8.87,8.98,8.87,8.96,7453800
ARR,20130206,7.16,7.18,7.14,7.18,4000100
ARR-A,20130206,25.76,25.84,25.7,25.7,14400
ARU,20130206,24.94,25.05,24.94,25,71300
ARW,20130206,39.85,40.32,39.85,40.29,560000
ASA,20130206,20.79,21.14,20.78,21.14,56900
ASG,20130206,4.34,4.34,4.31,4.32,59500
ASGN,20130206,24.48,24.85,24.3,24.51,435100
ASH,20130206,39.405,39.82,39.105,39.26,1060600
ASR,20130206,122.62,123.42,121.22,121.62,38200
ASX,20130206,3.99,4.03,3.99,4.03,306400
AT,20130206,11.88,11.98,11.81,11.92,567200
ATI,20130206,31.97,33.67,31.92,33.58,3172800
ATO,20130206,37.37,37.72,37.34,37.58,637700
ATR,20130206,52.33,53.13,52.14,52.91,319800
ATU,20130206,29.76,30.29,29.71,30.12,472500
ATV,20130206,2.65,2.67,2.64,2.67,800
ATW,20130206,53,53.37,51.39,53.03,1071600
AU,20130206,28.51,28.92,28.46,28.7,1610300
AUO,20130206,3.78,3.95,3.77,3.92,697400
AUY,20130206,16.43,16.57,16.36,16.53,3793600
AVA,20130206,25.7,25.96,25.57,25.96,144600
AVB,20130206,126.31,130.48,126.13,128.49,2100100
AVD,20130206,33.24,33.46,32.82,33.45,154000
AVK,20130206,17.04,17.16,17.04,17.12,60700
AVP,20130206,17.34,17.38,17.19,17.34,2713300
AVT,20130206,36.29,36.59,36.2,36.4,1022000
AVX,20130206,11.48,11.65,11.48,11.62,204800
AVY,20130206,38.58,39.2,38.46,39.19,662400
AWF,20130206,16.74,16.83,16.62,16.63,201600
AWH,20130206,28.43,28.5,28.2533,28.42,182200
AWI,20130206,54.88,55.02,53.86,54.01,318000
AWK,20130206,38.07,38.56,38.05,38.54,1210500
AWP,20130206,7.78,7.81,7.75,7.8,295300
AWR,20130206,25.3,25.83,25.3,25.815,72400
AXE,20130206,69.37,70.06,69.09,69.75,592600
AXL,20130206,11.9,12.04,11.85,11.95,784000
AXP,20130206,59.96,60.81,59.93,60.56,6304500
AXR,20130206,9.47,9.64,9.47,9.5,14200
AXS,20130206,38.82,39.6,38.78,39.59,1124200
AYI,20130206,69.55,70.08,69.23,69.51,229000
AYR,20130206,13.82,13.83,13.7,13.78,196600
AZN,20130206,47.91,48.06,47.89,48,2027500
AZO,20130206,367.47,370.16,366.22,369,303900
AZZ,20130206,43.16,43.77,43.1,43.75,116800
B,20130206,23.94,24.19,23.94,24.19,183000
BA,20130206,75.47,76.3,75.4,76.29,4717600
BAC,20130206,11.73,11.97,11.73,11.93,173626700
BAC-D,20130206,25.26,25.33,25.25,25.25,45800
BAC-E,20130206,22.8,23.06,22.44,22.45,46800
BAC-I,20130206,26.69,26.78,26.58,26.78,28600
BAC-L,20130206,1187.98,1194.64,1186.95,1194.64,6600
BAC.A,20130206,5.56,5.7,5.55,5.7,186800
BAC.B,20130206,0.81,0.82,0.78,0.8,68700
BAF,20130206,16.68,16.69,16.63,16.63,11900
BAH,20130206,13.51,13.65,13.4,13.4,256800
BAK,20130206,14.98,15.09,14.76,14.85,235200
BAM,20130206,24.84,25.3533,24.8,25.3133,1652400
BAP,20130206,146.6,147.47,142.17,145.28,541500
BAS,20130206,13.13,13.66,13.08,13.64,993600
BAX,20130206,68.68,69.34,68.55,69.27,2191100
BBD,20130206,12.3209,12.3209,12.0799,12.2452,6636600
BBDO,20130206,14.5833,14.5833,14.5833,14.5833,100
BBF,20130206,16.17,16.23,16.13,16.17,9600
BBG,20130206,15.68,17,15.68,16.91,2676800
BBK,20130206,17.67,17.71,17.67,17.71,8300
BBL,20130206,67.81,68.44,67.74,68.27,251200
BBN,20130206,22.64,22.64,22.47,22.5,342700
BBT,20130206,30.67,30.89,30.65,30.86,3896700
BBT-D,20130206,25.92,25.96,25.91,25.92,17700
BBT-E,20130206,25.55,25.59,25.45,25.47,90900
BBT-F,20130206,24.75,24.79,24.67,24.75,167000
BBVA,20130206,9.56,9.71,9.54,9.71,1350800
BBW,20130206,5.17,5.26,5.11,5.17,33900
BBY,20130206,15.79,15.91,15.62,15.91,4596600
BC,20130206,35.45,36.04,35.22,35.7,764400
BCC,20130206,25.44,26.75,25.25,26.15,13196400
BCE,20130206,44.41,44.82,44.41,44.77,467800
BCEI,20130206,34.16,34.37,33.38,34.27,613300
BCH,20130206,100.31,100.42,99.65,100.02,7500
BCO,20130206,26.75,27.25,26.69,27.17,527400
BCR,20130206,99.5,101.94,99.47,101.56,1051600
BCS,20130206,18.26,18.55,18.21,18.53,2524500
BCS-D,20130206,25.91,25.95,25.9,25.91,95500
BCX,20130206,13.84,13.85,13.71,13.75,173200
BDC,20130206,48.24,49.08,48.24,48.85,225200
BDJ,20130206,7.83,7.84,7.79,7.83,579600
BDN,20130206,12.91,13.12,12.91,13.1,1465900
BDX,20130206,87.45,87.98,87.13,87.88,1789200
BEN,20130206,46.2833,46.8867,46.2833,46.8533,770500
BERY,20130206,18.24,18.5,18.16,18.24,118900
BF.A,20130206,33.1,33.175,32.825,33.175,5100
BF.B,20130206,32.47,32.635,32.29,32.405,344100
BFAM,20130206,27.55,27.65,27.5,27.5,117200
BFK,20130206,15.89,15.98,15.87,15.98,58500
BFO,20130206,15.71,15.74,15.68,15.74,3100
BFR,20130206,4.61,4.66,4.51,4.64,38700
BFS,20130206,43.18,43.22,42.53,43.06,21200
BFZ,20130206,16.85,16.86,16.7,16.84,62000
BG,20130206,79.45,79.81,79.11,79.38,1595000
BGB,20130206,19.47,19.56,19.45,19.53,140700
BGC,20130206,33.42,33.71,33.32,33.5,261100
BGCA,20130206,26.7,26.89,26.52,26.89,13800
BGE-B,20130206,25.51,25.7,25.51,25.53,5000
BGG,20130206,23.77,23.95,23.71,23.95,182400
BGH,20130206,24.62,24.81,24.61,24.77,43700
BGR,20130206,25.75,25.93,25.72,25.91,109800
BGS,20130206,31.73,31.97,31.71,31.93,158700
BGT,20130206,15.87,16.05,15.87,15.97,69000
BGX,20130206,19.5,19.64,19.47,19.61,38800
BGY,20130206,7.68,7.71,7.67,7.71,399000
BH,20130206,366.96,372.5,365.11,371.4,53200
BHE,20130206,17.86,17.88,17.69,17.81,322300
BHI,20130206,44.73,45.39,44.4,45.22,3449600
BHK,20130206,15.4,15.48,15.36,15.4,49000
BHL,20130206,14.7,14.79,14.65,14.78,35400
BHLB,20130206,24.48,24.67,24.41,24.65,51900
BHP,20130206,77.4,78.09,77.34,77.85,1450400
BID,20130206,36.4,36.53,35.65,36.19,1071000
BIF,20130206,6.97,6.99,6.96,6.98,12500
BIG,20130206,32.57,33.24,32.5,33.01,899200
BIO,20130206,113.85,116.04,113.85,115.95,61100
BIO.B,20130206,115.42,115.42,115.42,115.42,0
BIP,20130206,25.16,25.5667,25.16,25.5067,227600
BITA,20130206,9.93,10,9.78,9.85,49900
BJZ,20130206,16.02,16.02,15.96,15.96,6400
BK,20130206,27.21,27.65,27.1,27.65,5456200
BK-C,20130206,25.23,25.23,25.16,25.22,71700
BKD,20130206,27,27.71,27,27.31,927400
BKE,20130206,46.71,47.17,46.09,46.32,274600
BKH,20130206,40.49,40.97,40.22,40.92,181000
BKK,20130206,16.89,16.98,16.81,16.9,29100
BKN,20130206,16.75,16.77,16.71,16.76,24800
BKS,20130206,14.15,14.29,13.82,14.01,887300
BKT,20130206,7.21,7.25,7.21,7.24,309100
BKU,20130206,26.83,27.07,26.75,26.92,274300
BLH,20130206,16.49,16.55,16.47,16.54,4500
BLK,20130206,237.55,238.95,237.25,238.8,571600
BLL,20130206,22.665,22.745,22.515,22.665,824800
BLW,20130206,18.95,19.07,18.87,18.93,105300
BLX,20130206,23.61,23.7,23.53,23.69,352500
BMA,20130206,16.77,16.92,16.31,16.92,75500
BME,20130206,29.95,30.03,29.53,29.85,19400
BMI,20130206,49.69,50.7,49.64,50.48,71600
BML-G,20130206,20.41,20.45,20.35,20.38,5600
BML-H,20130206,19.8,20.01,19.38,19.4,111400
BML-I,20130206,25.3,25.31,25.28,25.31,43300
BML-J,20130206,23.44,23.46,23,23,111700
BML-L,20130206,22.34,22.58,22.1,22.26,34300
BMO,20130206,62.59,63.37,62.51,63.28,423400
BMS,20130206,36.07,36.5,36.05,36.5,632800
BMY,20130206,36.42,36.74,36.39,36.55,15233700
BNJ,20130206,17.66,17.73,17.56,17.67,22200
BNS,20130206,58.71,59.37,58.71,59.12,324600
BNY,20130206,16.9,16.96,16.86,16.87,8800
BOE,20130206,14.08,14.14,14.04,14.1,287800
BOH,20130206,47.86,48.34,47.7,48.23,339200
BORN,20130206,1.98,1.98,1.81,1.93,11900
BOX,20130206,22.94,22.98,22.9,22.94,111100
BOXC,20130206,30.46,30.46,30.46,30.46,0
BP,20130206,43.58,44,43.5,43.99,9787600
BPI,20130206,10.2,10.6,10.11,10.5,240000
BPK,20130206,16.93,16.93,16.84,16.93,13800
BPL,20130206,52.35,52.68,52.25,52.41,317600
BPT,20130206,78.57,78.82,78.1,78.82,93600
BQH,20130206,17.25,17.25,17.22,17.22,500
BR,20130206,23.48,23.59,23.38,23.56,401500
BRC,20130206,34.91,35.29,34.71,35.28,103000
BRFS,20130206,21.47,21.57,21.26,21.41,917400
BRK.A,20130206,146600,147090,146401,146735,400
BRK.B,20130206,97.35,97.89,97.26,97.83,2904700
BRO,20130206,29.33,29.49,29.11,29.43,803900
BRS,20130206,58.42,59.06,58.32,58.96,349800
BRT,20130206,7.27,7.37,6.88,6.88,9500
BSAC,20130206,30.38,30.39,29.98,30.15,337000
BSBR,20130206,7.31,7.35,7.26,7.34,4915400
BSD,20130206,15.44,15.45,15.36,15.41,8600
BSE,20130206,16.74,16.76,16.55,16.55,4100
BSL,20130206,21.8,21.8,21.24,21.44,79000
BSMX,20130206,15.37,15.54,15.27,15.44,1668900
BSX,20130206,7.65,7.69,7.53,7.66,30720800
BT,20130206,21.13,21.34,21.075,21.34,128900
BTA,20130206,13.06,13.08,12.95,13.08,30900
BTE,20130206,46.87,47.02,46.66,46.83,69000
BTO,20130206,19.21,19.34,19.11,19.32,116600
BTT,20130206,24.11,24.24,24.04,24.23,86600
BTU,20130206,23.9,24.51,23.82,24.16,6170000
BTZ,20130206,13.93,14.07,13.9,14.07,292400
BUD,20130206,87.23,87.49,87.03,87.37,1205800
BUI,20130206,19.51,19.54,19.47,19.54,58200
BVN,20130206,28.4,28.97,28.31,28.46,2315900
BWA,20130206,36.91,37.385,36.895,37.065,651600
BWG,20130206,20.97,21.14,20.9,20.94,79400
BWP,20130206,27.66,27.69,27.43,27.57,383800
BX,20130206,18.92,19,18.41,18.64,4780400
BXC,20130206,31.6,33,31.6,32.7,45700
BXP,20130206,103.57,104.35,103.57,104.23,652900
BXS,20130206,14.51,14.63,14.48,14.61,354300
BYD,20130206,6.82,6.96,6.75,6.91,1115600
BYM,20130206,16.45,16.52,16.39,16.42,38200
BZH,20130206,16.9,17.2,16.66,17.05,1595800
C,20130206,42.52,43.05,42.5,43.05,22059200
C-N,20130206,27.83,27.94,27.78,27.93,239700
C-P,20130206,28.91,28.91,28.8,28.8,2600
C-S,20130206,25.34,25.39,25.34,25.35,24900
C.A,20130206,0.49,0.5,0.49,0.5,156300
CAB,20130206,49.71,50.24,49.53,50.23,431500
CACI,20130206,53.1,53.69,53,53.68,299400
CAE,20130206,10.78,10.88,10.74,10.83,13600
CAF,20130206,27.49,27.73,27.39,27.44,302700
CAG,20130206,32.97,33.1,32.84,33.05,6548800
CAH,20130206,44.57,44.73,44.09,44.2,3369000
CAJ,20130206,36.07,36.1,35.77,35.94,1314200
CALX,20130206,8.44,8.53,7.26,7.68,2391900
CAT,20130206,97.87,98.75,97.36,97.7,4489900
CATO,20130206,27.57,27.75,27.31,27.56,61000
CB,20130206,82.66,83.53,82.29,83.52,1191300
CBB,20130206,24.25,24.65,24.1,24.5,2145700
CBB-B,20130206,47.52,47.52,46.57,46.65,3700
CBD,20130206,47.71,47.83,47.29,47.44,210000
CBG,20130206,21.79,22,21.6,21.85,3453600
CBI,20130206,52.3,53.39,52.07,53.38,2215200
CBK,20130206,6.64,6.64,6.47,6.55,209200
CBL,20130206,21.98,22.44,21.98,22.26,2024900
CBL-D,20130206,25.5,25.5,25.45,25.47,2800
CBL-E,20130206,25.29,25.29,25.21,25.24,15900
CBM,20130206,11.51,11.51,11.2,11.31,148600
CBO,20130206,25,25.05,24.95,25,20200
CBS,20130206,42.23,42.32,41.87,41.98,4215900
CBS.A,20130206,42.32,42.32,41.87,42.05,35400
CBT,20130206,37.16,37.51,36.87,37.23,592700
CBU,20130206,28.56,28.9,28.5,28.89,159100
CBZ,20130206,6.05,6.05,5.96,6.01,83200
CCC,20130206,15.72,15.97,15.7,15.95,315100
CCE,20130206,34.45,35,34.4,34.9,3800800
CCI,20130206,70.76,70.84,70.32,70.49,1979500
CCJ,20130206,21.62,22,21.6,21.87,1197000
CCK,20130206,39.32,39.41,39.07,39.29,497400
CCL,20130206,38.63,38.9,38.51,38.8,4467100
CCM,20130206,4.31,4.33,4.25,4.25,8400
CCO,20130206,7.52,7.56,7.49,7.51,113100
CCU,20130206,31.99,32.44,31.85,31.87,91500
CCV,20130206,25.31,25.31,25.23,25.29,46400
CCZ,20130206,42.25,42.25,42.25,42.25,0
CDE,20130206,22.42,23.06,22.42,22.93,1106300
CDI,20130206,16.85,16.85,16.56,16.78,15500
CDR,20130206,5.48,5.56,5.4,5.43,115500
CDR-B,20130206,24.15,24.39,24.15,24.21,20700
CE,20130206,47.12,48.88,46.9,48.83,1841800
CEA,20130206,23.17,23.32,23.17,23.25,8100
CEE,20130206,35.47,35.6,35.4,35.46,14200
CEL,20130206,7.65,7.9,7.62,7.81,249300
CEM,20130206,26.15,26.21,25.8,26,194500
CEO,20130206,201.19,203,200.02,203,65300
CF,20130206,45.18,45.586,45.06,45.184,498500
CFC-B,20130206,25.1,25.11,25.06,25.07,97900
CFI,20130206,17.9,18.13,17.9,18.07,44800
CFR,20130206,59.78,60.11,59.38,59.94,448000
CFX,20130206,41.7,42.56,40.42,41.26,3661100
CGA,20130206,3.58,3.61,3.56,3.56,24500
CGG,20130206,921.6,922.88,910.72,921.28,6000
CGI,20130206,20.3,20.41,20.1,20.26,190200
CHA,20130206,54.08,54.51,54.05,54.5,30000
CHD,20130206,29.705,29.87,29.43,29.87,818700
CHE,20130206,75.24,75.76,75.05,75.62,125400
CHH,20130206,36.13,36.61,35.95,36.27,87300
CHK,20130206,20.41,20.54,20.27,20.51,9564700
CHK-D,20130206,88.14,88.25,86.69,86.69,8200
CHKR,20130206,18.29,18.35,17.92,17.99,241000
CHL,20130206,54.8,54.98,54.64,54.9,420000
CHN,20130206,22.72,22.77,22.61,22.72,82200
CHS,20130206,17.9,18.32,17.81,18.03,2535200
CHS-A,20130206,26.87,27.04,26.87,27.01,24600
CHSP,20130206,21.63,21.63,21.22,21.4,456500
CHT,20130206,31.79,31.85,31.68,31.85,165100
CHU,20130206,15.92,15.95,15.88,15.93,297700
CI,20130206,60.05,60.33,59.32,59.67,2356200
CIA,20130206,9.91,9.92,9.51,9.57,60300
CIB,20130206,69.32,69.81,67.97,69.49,185500
CIE,20130206,24.53,24.75,24.41,24.65,2357000
CIF,20130206,3.23,3.25,3.22,3.23,55700
CIG,20130206,8.864,8.968,8.832,8.968,1534200
CIG.C,20130206,10.8,10.8,10.8,10.8,200
CII,20130206,13.09,13.15,13.08,13.14,132400
CIM,20130206,3.07,3.12,3.07,3.1,11027200
CIR,20130206,41.53,41.93,41.28,41.84,29200
CIT,20130206,41.81,42.25,41.72,42.2,2095800
CKH,20130206,70.99,71.62,70.96,71.47,149300
CL,20130206,54.585,54.94,54.2,54.905,2171000
CLB,20130206,132.33,132.33,129.35,129.67,534000
CLD,20130206,16.85,16.9,16.45,16.79,1494600
CLDT,20130206,16.01,16.2,15.96,16.11,142400
CLF,20130206,37.02,37.63,37,37.32,4685700
CLGX,20130206,27.53,28.25,27.49,28.11,1106900
CLH,20130206,52.99,53.95,52.69,53.01,1253000
CLI,20130206,27.17,27.2,27.02,27.19,388200
CLN-A,20130206,26.56,26.58,26.5,26.54,15100
CLR,20130206,42.53,43.235,42.42,43.22,932600
CLS,20130206,7.75,8.2,7.75,8.14,344700
CLW,20130206,45.4,45.82,45.25,45.82,59600
CLX,20130206,79.76,80.93,79.68,80.91,1449500
CM,20130206,82.73,83.13,82.67,83,110700
CMA,20130206,34.61,35.18,34.47,35.14,2213000
CMA.W,20130206,9.63,10,9.63,10,11500
CMC,20130206,16.65,16.99,16.61,16.98,1040500
CMG,20130206,305,324.72,304,322.46,1938800
CMI,20130206,120.5,122.54,118.83,120.38,4058900
CMO,20130206,12.21,12.28,12.17,12.25,475500
CMP,20130206,71.9,73.2,71.67,72.8,402900
CMRE,20130206,15.29,15.36,15.06,15.32,96500
CMS,20130206,25.58,25.68,25.43,25.67,1619000
CMS-B,20130206,95,96.5,95,96.5,100
CMU,20130206,5.15,5.16,5.1,5.14,18700
CNA,20130206,31.56,31.72,31.44,31.72,105100
CNC,20130206,22.25,22.575,21.75,22.57,999300
CNCO,20130206,18.3,18.7,18.3,18.6,124200
CNI,20130206,47.84,48.395,47.82,48.35,463100
CNK,20130206,28.66,28.79,28.52,28.7,795800
CNO,20130206,10.06,10.19,9.98,10.19,1143400
CNP,20130206,20.65,20.81,20.45,20.78,4258000
CNQ,20130206,29.98,30.35,29.88,30.31,2635900
CNS,20130206,33.45,33.69,32.77,33.24,129900
CNX,20130206,30.72,31.63,30.66,31.31,1913300
CO,20130206,2.57,2.65,2.57,2.64,38400
CODI,20130206,15.79,15.9,15.54,15.86,117800
COF,20130206,56.79,57.91,56.71,57.47,4668100
COF-P,20130206,25.26,25.3,25.23,25.23,108400
COF.W,20130206,20.4,20.86,20.4,20.71,3600
COG,20130206,26.555,27.37,26.555,27.2,1526700
COH,20130206,48.93,49.25,48.65,49.1,6453000
COL,20130206,59.34,59.68,59.2,59.5,559600
COO,20130206,100.39,103.03,100.39,103.03,464900
COP,20130206,57.48,57.7,57.05,57.59,6874600
COR,20130206,30.8,30.8,29.89,30.29,170400
COR-A,20130206,25.6,25.6,25.45,25.52,28000
CORR,20130206,34.05,34.95,33.8,34.85,250200
COT,20130206,9,9.02,8.93,9.02,159700
CP,20130206,113.15,113.79,112.53,113.63,825900
CPA,20130206,110.03,111.44,109.45,111.05,398100
CPAC,20130206,13.68,13.75,13.61,13.61,9100
CPB,20130206,36.72,37.14,36.68,37.09,1168300
CPE,20130206,5.31,5.48,5.27,5.46,120500
CPF,20130206,15.9,16.09,15.84,16.09,42200
CPK,20130206,31.8067,31.8733,31.38,31.7267,13100
CPL,20130206,20.5,20.57,20.36,20.54,297600
CPN,20130206,19.56,19.62,19.49,19.57,2896000
CPT,20130206,67.88,68.8,67.88,68.31,668000
CR,20130206,51.24,51.95,51.14,51.89,247300
CRD.A,20130206,5.37,5.37,5,5.14,9700
CRD.B,20130206,7.4,7.4,7.27,7.31,17600
CRH,20130206,20.5,20.74,20.47,20.73,598800
CRI,20130206,60.23,60.59,59.01,60.3,736500
CRK,20130206,70.75,73.05,70.65,73,880000
CRL,20130206,41.46,41.85,41.46,41.65,481700
CRM,20130206,42.8675,43.33,42.6675,42.825,1220700
CRR,20130206,85.45,86.79,85.31,86.43,303200
CRS,20130206,50.55,51.45,50.31,50.78,475400
CRT,20130206,31.22,31.22,30.34,30.89,24100
CRY,20130206,6,6.3,6,6.26,120700
CS,20130206,29.1,29.61,29.09,29.55,1664000
CSL,20130206,64.62,65.1,64.41,64.8,254800
CSS,20130206,22.94,23.13,22.88,23,76200
CSU,20130206,20.82,21.36,20.64,21.34,126800
CSV,20130206,14.19,14.85,14.19,14.59,44900
CTB,20130206,25.93,26.01,25.61,25.89,453600
CTL,20130206,40.46,40.83,40.35,40.8,3502400
CTR,20130206,21.34,21.69,21.23,21.53,200500
CTS,20130206,9.99,10.06,9.55,9.98,68500
CTU,20130206,27.05,27.05,26.71,26.78,55100
CTW,20130206,27.34,27.54,27.27,27.29,17200
CTX,20130206,26.89,27.03,26.85,26.89,37600
CUB,20130206,46.56,47.18,46.55,47.18,102100
CUBE,20130206,15.15,15.4,15.15,15.37,1516600
CUK,20130206,40.42,40.6,40.26,40.5,119200
CUZ,20130206,8.81,8.89,8.79,8.87,384900
CVA,20130206,19.16,19.6,19.09,19.55,984900
CVE,20130206,33.31,33.58,33.16,33.54,709900
CVG,20130206,16.85,16.98,16.72,16.98,320100
CVI,20130206,53.65,53.88,53.16,53.56,315100
CVO,20130206,20.16,20.48,19.68,19.84,257100
CVRR,20130206,30.13,30.7,29.42,29.69,823400
CVS,20130206,52.09,52.2,50.97,51.24,7330200
CVX,20130206,115.43,115.92,114.85,115.91,4461100
CW,20130206,36.27,36.27,35.98,36.25,326000
CWH,20130206,16.91,17.15,16.91,17.06,379500
CWT,20130206,19.28,19.65,19.27,19.6,118200
CX,20130206,10.7,10.88,10.7,10.84,19096000
CXE,20130206,5.74,5.8,5.74,5.77,77100
CXH,20130206,10.61,10.67,10.61,10.67,7400
CXO,20130206,90.6,92.08,90.42,92.08,580000
CXW,20130206,37.81,38.21,37.59,38.15,977600
CYD,20130206,16.95,16.95,16.1,16.6,80500
CYH,20130206,38.51,39.13,38.5,39.12,691300
CYS,20130206,12.95,13.03,12.92,12.98,1472700
CYS-A,20130206,25.2,25.23,25.16,25.23,6500
CZZ,20130206,20.18,20.37,19.81,20.02,1551800
D,20130206,54.11,54.41,53.9,54.35,1536200
DAC,20130206,4.05,4.06,4.01,4.01,900
DAL,20130206,13.91,14.49,13.91,14.47,16494700
DAN,20130206,16.43,16.61,16.36,16.6,1282800
DAR,20130206,16.76,17.01,16.73,17.01,484000
DB,20130206,50,50.54,49.92,50.51,1448800
DBD,20130206,29.27,29.95,29.15,29.87,1689600
DBL,20130206,26.87,27.09,26.72,26.99,157300
DCI,20130206,37.53,37.92,37.53,37.71,305300
DCM,20130206,14.65,14.67,14.58,14.63,241900
DCO,20130206,16.22,16.33,16.08,16.15,45800
DCT,20130206,28.44,28.72,28.44,28.52,3396700
DD,20130206,47.48,47.62,47.3,47.44,4280100
DD-A,20130206,87.2,87.2,87.15,87.15,200
DD-B,20130206,103.8,104.7,103.8,104.15,1500
DDD,20130206,43.3667,44.9667,42.4067,44.9333,4914600
DDE,20130206,2.23,2.23,2.2,2.2,3000
DDF,20130206,8.69,8.69,8.64,8.64,17400
DDR,20130206,16.62,16.8,16.6,16.78,1868100
DDR-J,20130206,24.94,25.05,24.92,25.04,18100
DDS,20130206,85.89,87.5,85.89,87.02,464600
DDT,20130206,25.57,25.57,25.45,25.56,7900
DE,20130206,93,93.38,92.42,92.69,2537000
DECK,20130206,40.52,41.9,40.44,41.38,1425900
DEI,20130206,23.23,23.47,23.23,23.29,2314100
DEL,20130206,69.87,71.94,68.64,71.62,21300
DEO,20130206,117.78,118.05,116.95,117.99,394100
DEX,20130206,11.95,12.02,11.93,12,47800
DF,20130206,36.98,37.88,36.9,37.84,2048500
DFS,20130206,39.08,39.5,39.04,39.33,3411700
DFS-B,20130206,25.41,25.46,25.4,25.4,125700
DFT,20130206,23.75,24.99,23.21,23.78,2582300
DG,20130206,45.63,46.16,45.33,46.05,4508100
DGI,20130206,28,28.54,27.7,28.24,645100
DGX,20130206,57.53,58.16,57.53,58.14,710400
DHF,20130206,4.3,4.32,4.29,4.3,152600
DHG,20130206,15.67,15.75,15.64,15.7,54600
DHI,20130206,23.56,23.94,23.38,23.44,4868300
DHR,20130206,59.91,60.53,59.91,60.43,2281500
DHT,20130206,4.53,4.57,4.52,4.53,13000
DHX,20130206,9.37,9.52,9.26,9.52,175200
DIN,20130206,73.59,74.18,73.59,73.89,66900
DIS,20130206,55.4,55.5,54.41,54.52,26838600
DK,20130206,35.87,36.27,35.06,35.38,449800
DKL,20130206,26.79,26.99,26.52,26.56,26600
DKS,20130206,47.77,48.99,47.62,48.63,1535300
DKT,20130206,28.42,28.56,28.34,28.53,74900
DL,20130206,5.1,5.2,5.03,5.09,15100
DLB,20130206,32,32.09,31.63,31.98,384500
DLPH,20130206,39.05,39.18,38.48,38.6,2419400
DLR,20130206,65.63,67.02,64.34,66.31,2742700
DLX,20130206,36.86,37.24,36.55,37.23,420400
DM,20130206,3.42,3.49,3.41,3.44,115200
DMO,20130206,26,26.17,25.7,25.95,49600
DNB,20130206,83.89,84.97,83.7,84.89,444500
DNI,20130206,14.71,14.78,14.7,14.74,46300
DNP,20130206,10.07,10.08,10.02,10.05,324500
DNR,20130206,18.9,19.12,18.8,19.11,2874700
DO,20130206,73.62,74.48,72.74,74.03,3564200
DOV,20130206,70.43,71.38,70.43,71.31,1250700
DOW,20130206,32.23,32.53,32.15,32.53,8345900
DPG,20130206,18.89,18.95,18.67,18.86,141400
DPS,20130206,45.77,46.37,45.73,46.04,1051500
DPZ,20130206,46.58,47.21,46.16,46.76,572500
DQ,20130206,11.27,11.59,10.49,10.7,29700
DRD,20130206,8.17,8.24,8.12,8.19,66600
DRE,20130206,15.61,15.79,15.58,15.79,2772100
DRH,20130206,8.96,9.09,8.93,9.07,1620800
DRI,20130206,46.87,47.35,46.6,47.32,2106700
DRQ,20130206,81.01,81.47,80.47,81.08,167700
DSM,20130206,9.47,9.51,9.45,9.51,36700
DST,20130206,67.13,67.26,66.46,66.75,358600
DSU,20130206,13.5,13.62,13.44,13.5,333500
DSW,20130206,33.805,34.31,33.665,34.04,196000
DSX,20130206,8.58,8.77,8.55,8.71,217900
DTE,20130206,63.7,64.09,63.35,64.04,558600
DTF,20130206,17.69,17.87,17.69,17.7,13500
DTK,20130206,27.95,28,27.92,27.98,80500
DTQ,20130206,25.73,25.8,25.72,25.75,16100
DUC,20130206,12.5,12.55,12.47,12.51,19800
DUK,20130206,68.75,69.12,68.45,69.11,2642700
DUKH,20130206,24.98,25.07,24.96,25.05,276500
DV,20130206,25.43,26.17,25.43,26.12,1170200
DVA,20130206,58.195,59.125,57.96,59.1,918000
DVD,20130206,1.72,1.73,1.71,1.71,9700
DVN,20130206,57.7,58.46,57.64,58.1,2823400
DX,20130206,10.05,10.07,10,10.06,175800
DX-A,20130206,26.16,26.25,26.16,26.21,3300
DXB,20130206,26.86,27,26.84,26.9,51400
DY,20130206,20.53,20.75,20.43,20.75,89800
DYN,20130206,19.94,20.13,19.94,19.98,335400
DYN.W,20130206,1.14,1.17,1.12,1.16,3800
E,20130206,48.78,49.26,48.69,49.23,856100
EAB,20130206,25.13,25.2,25.1,25.2,52600
EAT,20130206,33.67,34.47,33.67,33.8,1750600
EBF,20130206,15.46,15.46,15.24,15.42,49200
EBR,20130206,3.47,3.56,3.37,3.5,1045300
EBR.B,20130206,6.11,6.24,6.04,6.11,144100
EBS,20130206,15.93,15.95,15.46,15.86,155100
EC,20130206,63.58,64.06,62.46,62.74,526600
ECA,20130206,19.53,19.83,19.44,19.83,5353800
ECL,20130206,74.02,74.38,73.69,74.06,847500
ECT,20130206,18.9,18.95,17.96,18.09,216000
ED,20130206,56.66,56.91,56.44,56.83,1445800
EDD,20130206,17.56,17.56,17.47,17.55,157600
EDF,20130206,25.31,25.51,25.24,25.49,57300
EDI,20130206,24.75,24.81,24.61,24.66,25000
EDN,20130206,2.8,2.8,2.7,2.7,4000
EDR,20130206,32.25,32.52,32.19,32.43,359600
EDU,20130206,16.9,17.02,16.69,16.98,1860200
EE,20130206,33.62,33.86,33.46,33.82,54900
EEA,20130206,7.33,7.36,7.31,7.36,13000
EEP,20130206,29.41,29.44,29.17,29.34,645100
EEQ,20130206,30.1,30.31,29.93,30.1,227300
EFC,20130206,24.3,24.45,24.29,24.45,77700
EFR,20130206,17.21,17.24,17.12,17.2,153500
EFT,20130206,17.79,17.83,17.67,17.68,136500
EFX,20130206,59.27,59.83,58.99,59.72,606600
EGF,20130206,15.61,15.74,15.6,15.7,24400
EGL,20130206,18.96,19.08,18.5,18.82,72800
EGN,20130206,47.67,48.04,47.34,47.92,366500
EGO,20130206,11.31,11.39,11.27,11.31,1496200
EGP,20130206,56.67,56.95,56.65,56.88,107900
EGY,20130206,8.39,8.43,8.31,8.43,286400
EHI,20130206,13.88,14,13.88,14,72800
EIG,20130206,21.25,21.49,21.22,21.46,85400
EIX,20130206,47.88,48,47.41,47.99,1713100
EL,20130206,64.02,64.49,63.19,63.33,2025900
ELJ,20130206,25.78,25.8,25.67,25.7,25700
ELLI,20130206,18.87,20.3,18.79,19.9,1383300
ELP,20130206,16.01,16.17,15.96,16.15,156000
ELS,20130206,35.87,36.28,35.71,36.175,178900
ELS-C,20130206,25.88,25.9,25.71,25.89,3000
ELY,20130206,6.63,6.78,6.63,6.76,953800
EMD,20130206,15.43,15.65,15.43,15.63,70700
EME,20130206,36.67,36.91,36.4,36.9,431000
EMF,20130206,20.65,20.8,20.65,20.8,107100
EMN,20130206,72.57,73,72.15,72.77,1086500
EMO,20130206,22.92,23.18,22.87,23.03,89100
EMR,20130206,56.62,57.47,56.62,57.44,3464700
ENB,20130206,44.5,44.85,44.5,44.77,448900
ENJ,20130206,25.07,25.09,25.01,25.09,16100
ENR,20130206,88.17,89.09,88,89.09,313300
ENS,20130206,41.29,41.44,40.69,41.42,354800
ENV,20130206,14.22,14.62,14.11,14.62,50500
ENZ,20130206,2.77,2.81,2.74,2.8,41400
EOD,20130206,8.01,8.02,7.97,8.02,149500
EOG,20130206,63.865,64.96,63.765,64.835,864600
EOI,20130206,11.27,11.36,11.27,11.35,159900
EOS,20130206,10.96,11.07,10.95,11.07,228600
EOT,20130206,22.75,22.78,22.7,22.75,33400
EP-C,20130206,57,57.15,56.95,56.95,3400
EPAM,20130206,21.68,21.86,21.31,21.47,84800
EPD,20130206,27.49,27.61,27.41,27.565,1889200
EPR,20130206,47.25,47.52,46.9,47.19,232700
EPR-C,20130206,22.2,22.2,22,22.01,4300
EPR-E,20130206,30.99,30.99,30.99,30.99,600
EPR-F,20130206,25.06,25.14,24.99,25,31700
EQM,20130206,35.17,35.2,34.91,35.03,41200
EQR,20130206,54.37,55.95,54.17,55.23,3649300
EQS,20130206,2.19,2.21,2.15,2.18,3800
EQT,20130206,61.48,62.15,61.19,62.13,1630600
ERA,20130206,23.45,23.48,21.53,22.49,327500
ERF,20130206,13.55,13.71,13.48,13.7,689500
ERJ,20130206,32.97,33.38,32.74,33.29,709700
ES,20130206,3.83,3.84,3.75,3.78,1706000
ESE,20130206,40.43,40.78,40.36,40.7,159300
ESL,20130206,67.93,68.86,67.73,68.75,119900
ESS,20130206,152.6,153.66,151.13,151.21,369600
ESV,20130206,63.41,63.41,61.5,62.81,3076500
ETB,20130206,14.37,14.51,14.34,14.5,71800
ETE,20130206,25,25.085,24.65,24.67,454400
ETG,20130206,15.16,15.42,15.14,15.39,200700
ETH,20130206,28.91,29.25,28.76,29.15,219500
ETJ,20130206,10.82,10.85,10.8,10.85,164700
ETM,20130206,7.8,7.87,7.6,7.83,25200
ETN,20130206,59.4,59.82,59,59.65,6833700
ETO,20130206,22.04,22.2,22,22.18,51500
ETP,20130206,45.78,46.11,45.75,46.05,893800
ETR,20130206,64.74,64.88,64.27,64.88,1079900
ETV,20130206,12.95,13.02,12.92,13.01,176700
ETW,20130206,11.19,11.2,11.14,11.2,520500
ETY,20130206,10.07,10.12,10.04,10.12,592200
EV,20130206,36.94,37.58,36.76,37.56,654700
EVC,20130206,1.83,1.94,1.83,1.92,313100
EVE-A,20130206,24.96,24.96,24.65,24.84,44800
EVER,20130206,14.09,14.48,14.08,14.43,436000
EVF,20130206,7.83,7.9,7.75,7.76,127500
EVG,20130206,17.62,17.76,17.6,17.76,45100
EVN,20130206,14.16,14.17,14.11,14.17,20800
EVR,20130206,38.53,39.18,38.21,38.94,1028100
EVT,20130206,18.24,18.44,18.02,18.28,240600
EW,20130206,43.075,43.4,41.98,43.4,3212300
EXC,20130206,30.73,31,30.48,30.98,6445500
EXD,20130206,17.98,17.99,17.85,17.85,26200
EXG,20130206,9.44,9.49,9.42,9.49,1000000
EXK,20130206,6.96,7.08,6.91,6.93,1007800
EXP,20130206,65.54,66.61,65.54,66.21,771200
EXPR,20130206,18.54,18.6,18.14,18.28,1792600
EXR,20130206,40.25,40.36,39.96,40.16,829100
F,20130206,13.14,13.27,13.05,13.2,33529900
FAC,20130206,1.19,1.2,1.18,1.2,9900
FAF,20130206,23.8,24.34,23.75,24.29,893100
FAM,20130206,18.21,18.21,18.09,18.18,25800
FBC,20130206,15.4,15.69,15.07,15.53,923500
FBHS,20130206,32.38,33,32.31,32.8,2799100
FBP,20130206,5.45,5.5,5.3,5.49,1018100
FBR,20130206,12.69,12.84,12.5,12.61,1883600
FC,20130206,14.15,14.18,13.81,14.08,16900
FCE.A,20130206,16.96,17.1,16.86,17,828800
FCE.B,20130206,16.88,16.88,16.88,16.88,0
FCF,20130206,7.12,7.2,7.1,7.16,491000
FCH,20130206,5.31,5.43,5.31,5.39,761500
FCH-A,20130206,24.33,24.35,24.33,24.35,8400
FCN,20130206,31.83,31.98,31.52,31.98,201600
FCT,20130206,15.81,15.81,15.72,15.79,45900
FCX,20130206,35.47,36.26,35.45,36.09,16941400
FDP,20130206,26.87,26.89,26.56,26.88,97900
FDS,20130206,93.13,93.88,92.76,93.64,312200
FDX,20130206,104.64,106.27,104.57,106.17,3476500
FE,20130206,39.57,40.01,39.4,39.94,4166800
FEI,20130206,20.45,20.61,20.31,20.57,171800
FENG,20130206,3.7,3.7,3.68,3.7,12100
FEO,20130206,23.46,23.72,23.46,23.71,14700
FET,20130206,25.59,25.88,25.29,25.87,197900
FF,20130206,12.97,13.34,12.96,13.26,765300
FFA,20130206,12.55,12.63,12.55,12.6,40900
FFC,20130206,19.9,20.08,19.88,20,107600
FFG,20130206,34.58,34.97,34.44,34.91,14800
FGB,20130206,8.47,8.54,8.47,8.47,26400
FGP,20130206,19.45,19.57,19.35,19.57,217800
FHN,20130206,10.48,10.73,10.4,10.72,3662400
FHN-A,20130206,24.21,24.39,24.16,24.2,143100
FHY,20130206,17.06,17.11,16.97,16.98,35200
FICO,20130206,44.86,45.3,44.77,45.25,223800
FIF,20130206,22.92,23.07,22.5,22.77,82000
FIG,20130206,5.47,5.48,5.32,5.33,1697300
FII,20130206,23.37,24.09,23.37,24.07,1851200
FIS,20130206,37.16,37.51,36.97,37.4,1650700
FIX,20130206,12.15,12.16,11.83,11.9,112900
FL,20130206,34.59,34.72,34.16,34.6,1501900
FLC,20130206,20.68,20.82,20.63,20.82,23800
FLO,20130206,18.4667,18.5933,18.3667,18.5933,1015600
FLR,20130206,64.93,65.39,64.62,65.25,1203600
FLS,20130206,51.9867,52.4133,51.8533,52.1367,288200
FLT,20130206,59.86,60.4,59.72,59.9,985200
FLY,20130206,12.84,12.84,12.62,12.69,113100
FMC,20130206,62.29,62.69,61.54,61.85,924900
FMN,20130206,16.47,16.5,16.45,16.48,2300
FMO,20130206,24.45,24.52,24.18,24.41,132600
FMS,20130206,34.53,34.75,34.42,34.75,321900
FMX,20130206,110.13,110.57,109.15,110.01,410700
FMY,20130206,17.47,17.5,17.41,17.46,14800
FN,20130206,15.75,16,15.54,15.97,263000
FNB,20130206,11.72,11.89,11.72,11.83,493700
FNF,20130206,25.17,25.83,25.17,25.83,1831500
FNV,20130206,54.54,55.08,53.56,53.79,289300
FOE,20130206,5.22,5.44,5.22,5.3,6230700
FOF,20130206,13.3,13.36,13.27,13.3,77600
FOR,20130206,18.7,18.77,18.46,18.73,117700
FPO,20130206,13.31,13.58,13.26,13.58,302700
FPT,20130206,15.37,15.48,15.37,15.43,3800
FR,20130206,15.78,16.01,15.78,15.98,847200
FRA,20130206,16.04,16.12,15.89,16.11,165000
FRC,20130206,36.49,37.1,36.49,37.09,715200
FRC-B,20130206,26.58,26.68,26.57,26.58,9500
FRC-C,20130206,25.08,25.1,25.04,25.1,12400
FRO,20130206,16.7,16.8,16.5,16.6,490800
FRT,20130206,105.75,106.9,105.75,106.85,258400
FSCE,20130206,24.38,24.55,24.38,24.54,14500
FSD,20130206,18.79,18.79,18.55,18.68,126200
FSM,20130206,4.7,4.8,4.51,4.55,619700
FSS,20130206,7.95,8,7.87,7.99,128800
FT,20130206,7.49,7.49,7.4,7.41,51600
FTI,20130206,47.54,48.18,47.51,48.13,1792700
FTK,20130206,13.75,13.91,13.7,13.9,372400
FUL,20130206,39.34,39.53,39.09,39.39,197900
FUN,20130206,39,39.55,39,39.25,129200
G,20130206,16.74,16.81,16.66,16.77,1032300
GAB,20130206,6.1,6.1,6.07,6.1,328200
GAB-D,20130206,25.56,25.56,25.42,25.5,4200
GAB-G,20130206,25.97,25.97,25.73,25.91,800
GAB-H,20130206,25.64,25.65,25.59,25.65,11100
GAM,20130206,30.06,30.16,30,30.14,30500
GAM-B,20130206,25.57,25.57,25.45,25.53,7400
GBAB,20130206,22.74,22.93,22.74,22.9,30700
GBL,20130206,55.02,57.06,55.02,56.92,3400
GBX,20130206,19.86,20.23,19.78,20.19,376100
GCAP,20130206,4.49,4.53,4.35,4.46,158200
GCH,20130206,13.22,13.22,13.13,13.21,88200
GCI,20130206,18.82,19.48,18.82,19.31,5151600
GCO,20130206,62.62,63.03,62.44,63,181300
GCV,20130206,5.7,5.78,5.7,5.72,44600
GCV-B,20130206,25.52,25.52,25.45,25.45,1900
GD,20130206,65,66.32,65,66.27,4061700
GDI,20130206,70,71,70,70.52,262000
GDL,20130206,11.79,11.81,11.77,11.8,24400
GDL-B,20130206,50.53,50.53,50.53,50.53,300
GDO,20130206,20.56,20.56,20.13,20.36,80000
GDOT,20130206,14.34,14.39,14.1,14.24,554400
GDV,20130206,17.91,17.96,17.83,17.95,210900
GDV-A,20130206,25.59,25.68,25.58,25.59,3300
GDV-D,20130206,26.55,26.56,26.37,26.48,1900
GE,20130206,22.42,22.5,22.31,22.44,42988600
GEB,20130206,25.26,25.28,25.22,25.26,132600
GEF,20130206,48.14,48.59,48.07,48.41,231600
GEF.B,20130206,52,52.03,51.58,51.76,2400
GEH,20130206,25,25.04,24.99,25.01,465300
GEL,20130206,42,42.16,41.37,41.44,696800
GEO,20130206,21.76,21.98,21.7,21.9667,437100
GES,20130206,26.35,27.25,26.28,27.03,1942900
GF,20130206,16.85,16.98,16.85,16.92,48900
GFA,20130206,4.85,4.94,4.84,4.85,1145400
GFF,20130206,11.32,11.33,11.06,11.28,142100
GFI,20130206,11.87,11.92,11.77,11.85,3454100
GFY,20130206,18.61,18.79,18.46,18.78,28800
GG,20130206,35.7,36.12,35.7,36.07,4156600
GGB,20130206,8.78,8.96,8.74,8.88,3622900
GGG,20130206,57.46,58.06,57.46,57.99,219100
GGP,20130206,19.85,20.27,19.81,20.26,3798300
GGT,20130206,8.78,8.84,8.72,8.8,100700
GGT-B,20130206,25.86,26.7,25.83,26.22,1800
GHL,20130206,58.37,59.54,58.21,59.45,165100
GHY,20130206,19.26,19.49,19.26,19.41,96800
GIB,20130206,26.87,27.05,26.77,27.01,127900
GIL,20130206,18.355,18.4,18.16,18.35,575000
GIM,20130206,9.69,9.72,9.6,9.64,233100
GIS,20130206,42.05,42.36,41.96,42.36,3521500
GJH,20130206,10.06,10.07,10.06,10.07,700
GJO,20130206,19.45,19.5,19.4,19.46,5100
GJP,20130206,23.03,23.03,22.95,22.95,1000
GJR,20130206,19.1,19.1,19.1,19.1,100
GJS,20130206,14.73,14.8,14.61,14.8,1600
GJT,20130206,16.1,16.1,16.1,16.1,2400
GJV,20130206,25.55,25.55,25.55,25.55,0
GLOG,20130206,12.4,12.54,12.35,12.51,90500
GLP,20130206,31.49,31.75,31.24,31.59,43700
GLT,20130206,18.53,18.63,18.46,18.59,148400
GLW,20130206,11.94,12.18,11.88,12.18,13759400
GM,20130206,28.35,28.6,28.22,28.52,7010400
GM.B,20130206,12,12.47,12,12.47,56200
GME,20130206,24.9,25.23,23.75,25.2,9977700
GMED,20130206,12.96,13.1,12.85,12.99,495400
GNC,20130206,35.24,35.75,34.81,35.6,2692800
GNE,20130206,7.1,7.14,7.02,7.1,23500
GNE-A,20130206,7.04,7.04,7.04,7.04,100
GNK,20130206,30.9,32,30.1,32,957900
GNRC,20130206,38.5,39.41,38.09,39.16,809500
GNT,20130206,14.55,14.6,14.44,14.6,69600
GNW,20130206,8.96,9.02,8.69,8.9,26504800
GOF,20130206,22.5,22.5,22.23,22.25,76300
GOL,20130206,36.75,36.9,36.35,36.85,1319500
GPC,20130206,69.2,69.41,68.86,69.41,485300
GPE-A,20130206,27.5,27.5,27.39,27.4,3300
GPI,20130206,68.83,69.08,67.92,68.91,110700
GPK,20130206,7.08,7.17,7.06,7.09,1569600
GPM,20130206,9.03,9.04,8.96,9.02,91700
GPN,20130206,24.68,24.945,24.605,24.93,407400
GPS,20130206,33.22,33.88,32.93,33.22,5578400
GPX,20130206,20.8,21.25,20.8,21.21,124400
GRA,20130206,72.86,76.3,72.63,73.59,1339500
GRP.U,20130206,39.27,39.79,39.27,39.72,37500
GRR,20130206,12.32,12.53,12.3,12.52,15800
GRX,20130206,9.13,9.25,9.13,9.22,25300
GRX-A,20130206,27.61,27.61,27.4,27.4,3500
GS,20130206,149.84,151.14,149.17,151.12,3942600
GS-A,20130206,22.7,22.85,22.69,22.8,43800
GS-B,20130206,25.27,25.27,25.21,25.21,32200
GS-C,20130206,23.38,23.46,23.33,23.4,14300
GS-D,20130206,21.42,21.5,21.36,21.45,259500
GS-I,20130206,24.75,24.88,24.73,24.88,247300
GSH,20130206,21.63,21.67,21.48,21.67,15000
GSK,20130206,45.08,45.55,44.93,45.42,4274300
GSL,20130206,3.82,3.87,3.66,3.83,60800
GTN,20130206,4.23,4.42,4.21,4.34,582800
GTN.A,20130206,3.88,4.15,3.53,3.81,8800
GTS,20130206,17.76,18.05,17.3,17.96,68500
GTY,20130206,18.45,18.66,18.35,18.59,102800
GUT,20130206,6.79,6.83,6.76,6.83,94600
GUT-A,20130206,25.55,25.55,25.38,25.45,2800
GVA,20130206,35.44,35.91,35.44,35.7,207400
GWR,20130206,84.78,84.86,83.78,84.5,490900
GWRE,20130206,31.4,32.14,31.26,32.14,474700
GWW,20130206,217.35,218.66,216.33,217.87,419900
GXP,20130206,21.4,21.47,21.31,21.47,671600
GYB,20130206,19.56,19.58,19.12,19.45,5200
GYC,20130206,22.66,22.72,22.66,22.69,5800
GZT,20130206,13.28,13.28,13.08,13.18,3600
H,20130206,40.83,41.32,40.77,41.31,228200
HAE,20130206,41.37,41.84,41.28,41.84,196700
HAL,20130206,40.6,40.9,39.55,40.31,14910900
HBI,20130206,9.4725,9.825,9.3125,9.815,2286800
HBM,20130206,11.32,11.68,11.29,11.63,7700
HCA,20130206,37.41,37.81,37.09,37.18,3206800
HCC,20130206,38.59,39.42,38.51,39.42,498700
HCI,20130206,21.73,21.8,21.27,21.8,114000
HCLP,20130206,17.52,17.61,17.36,17.47,92000
HCN,20130206,61.71,62.07,61.44,62.06,2079100
HCN-I,20130206,58.71,58.71,58.25,58.68,297700
HCP,20130206,46.21,46.55,46.1,46.55,2058300
HD,20130206,66.04,66.72,66,66.67,5187600
HDB,20130206,39,39.03,38.33,38.61,1188000
HE,20130206,26.94,27.09,26.81,27.08,202700
HE-U,20130206,25.53,25.53,25.53,25.53,0
HEI,20130206,29.12,29.44,28.9024,29.408,65300
HEI.A,20130206,22.4,22.4512,22.1504,22.3744,7200
HEP,20130206,35.52,36.53,35.52,36.16,48900
HEQ,20130206,16.4,16.54,16.4,16.48,74300
HES,20130206,65.78,66.84,65.78,66.65,4589200
HF,20130206,17.81,18.05,17.65,17.79,112500
HFC,20130206,54.1,54.49,53.13,53.81,3084800
HGH,20130206,29.01,29.1,28.91,28.91,29500
HGT,20130206,8.4,8.5,8.36,8.5,98600
HHC,20130206,72.08,72.61,72.05,72.61,120500
HHS,20130206,7.7,7.78,7.61,7.68,208800
HI,20130206,24.47,24.58,24.34,24.49,504200
HIG,20130206,24.22,24.58,24.04,24.47,10501100
HIG.W,20130206,15.42,15.54,15.3,15.49,24100
HII,20130206,43.99,44.63,43.99,44.39,316300
HIL,20130206,3.39,3.51,3.37,3.4,19600
HIO,20130206,6.66,6.7,6.61,6.63,186600
HIW,20130206,36.05,36.38,36.01,36.36,495800
HIX,20130206,10.14,10.16,10.12,10.15,229600
HJV,20130206,19.64,19.84,19.62,19.75,11600
HK,20130206,8.07,8.13,7.8,7.86,3917000
HL,20130206,5.42,5.54,5.4,5.51,2681500
HL-B,20130206,61,61,61,61,0
HLF,20130206,35.93,36.62,35.32,35.79,4588300
HLS,20130206,22.63,22.89,22.46,22.88,640600
HLX,20130206,24.1,24.59,24.05,24.59,1547100
HMC,20130206,37.77,38.25,37.75,38.25,568400
HMN,20130206,21.59,21.69,21.22,21.62,231900
HMY,20130206,7.11,7.18,7.05,7.15,1762700
HNI,20130206,30.55,30.7,28.28,30.02,634700
HNP,20130206,39.6,39.66,39.32,39.41,96100
HNR,20130206,35.56,35.96,35.52,35.84,150900
HOG,20130206,52.5,53.08,51.85,52.89,1294900
HON,20130206,69.53,70,69.31,69.92,3423500
HOS,20130206,38.92,39.52,38.47,38.85,898900
HOV,20130206,5.3,5.39,5.26,5.34,4316600
HP,20130206,64,64.44,63.25,64.44,1048900
HPF,20130206,22.37,22.74,22.37,22.44,75500
HPI,20130206,23.21,23.33,22.99,23.27,47200
HPP,20130206,22.06,22.15,21.74,22.11,289600
HPQ,20130206,7.7364,7.7545,7.5455,7.5864,23064200
HPS,20130206,19.47,19.61,19.43,19.61,63900
HQH,20130206,19.56,19.7,19.45,19.68,133000
HQL,20130206,15.68,16.08,15.68,16.05,65600
HR,20130206,25.33,25.6,25.3,25.45,396900
HRB,20130206,23.66,24.05,23.46,24,4020500
HRC,20130206,33.69,34.23,33.55,34.07,543600
HRG,20130206,8.4,8.49,8.37,8.48,136000
HRL,20130206,17.635,17.775,17.625,17.77,557500
HRS,20130206,46.1,46.7,45.97,46.5,647900
HSC,20130206,25.52,25.83,25.45,25.71,620100
HST,20130206,16.48,16.6,16.42,16.52,16655600
HSY,20130206,79.8,80.36,79.59,80.35,733200
HT,20130206,5.35,5.46,5.35,5.46,1045500
HTA,20130206,21.56,21.94,21.54,21.82,1368700
HTD,20130206,19.06,19.19,19.01,19.18,84100
HTF,20130206,25.59,25.75,25.58,25.75,1700
HTGC,20130206,12.24,12.27,12.16,12.27,273500
HTH,20130206,13.67,13.9,13.62,13.89,360900
HTY,20130206,12.91,12.91,12.74,12.89,25400
HTZ,20130206,73.88,74.64,73.52,73.96,5932400
HUM,20130206,80.53,81.32,80.11,81.24,1814600
HUN,20130206,17.73,18.05,17.62,17.85,4037000
HVT,20130206,18,18.19,17.87,18.19,51400
HVT.A,20130206,17.95,17.95,17.95,17.95,0
HW,20130206,8.96,9.19,8.89,9.19,1101700
HXL,20130206,26.7,27.46,26.68,27,850500
HY,20130206,49.59,49.88,48.64,49,54900
HYB,20130206,10.76,10.9,10.76,10.85,39200
HYI,20130206,19,19,18.77,18.85,102100
HYT,20130206,13,13.03,12.98,12.99,81600
HZO,20130206,12.07,12.5,11.96,12.48,112100
IAE,20130206,16.08,16.23,16,16.13,37500
IAG,20130206,8.58,8.74,8.58,8.7,2778900
IBA,20130206,27.25,27.5,27.02,27.02,2600
IBM,20130206,200.9,201.29,199.56,201.02,3624200
IBN,20130206,9.044,9.05,8.974,9,2133700
ICB,20130206,18.26,18.34,18.26,18.33,9000
ICE,20130206,28.474,29.118,28.212,29.044,2743700
IDA,20130206,46.35,46.57,46.12,46.5,221200
IDE,20130206,17.81,17.82,17.63,17.81,67700
IDT,20130206,10.4,10.55,10.34,10.5,33700
IEX,20130206,48.51,48.78,48.29,48.62,880800
IFF,20130206,70.87,71.44,70.79,71.19,411700
IFN,20130206,21.68,21.84,21.63,21.8,171900
IGA,20130206,12.19,12.4,12.17,12.32,113000
IGD,20130206,9.19,9.21,9.17,9.18,353300
IGI,20130206,22.67,22.7,22.52,22.64,31800
IGR,20130206,9.36,9.52,9.36,9.5,427500
IGT,20130206,15.48,15.95,15.47,15.94,4623900
IHC,20130206,9.67,9.98,9.67,9.95,2900
IHD,20130206,14.98,14.99,14.69,14.9,124900
IHG,20130206,35.712,36.012,35.652,36,197900
IID,20130206,9.99,10.02,9.98,9.98,24000
IIF,20130206,18.7,18.72,18.6,18.7,32000
IIM,20130206,16.52,16.54,16.47,16.5,102400
IMAX,20130206,24.21,24.29,24.11,24.14,821000
INB,20130206,10.85,10.87,10.81,10.87,47600
INF,20130206,21.7,21.8,21.58,21.63,32500
INFY,20130206,52.34,52.98,52.28,52.89,2205300
ING,20130206,9.1,9.3,9.1,9.29,2877000
INGR,20130206,65.76,66.23,65.3,65.79,596300
INN,20130206,9.37,9.49,9.31,9.37,438700
INN-B,20130206,25.71,25.82,25.6,25.6,13900
INT,20130206,42.69,42.97,42.53,42.81,203600
INVN,20130206,14.35,15.04,14.34,14.8,2436300
INXN,20130206,23.64,23.84,23.53,23.67,221800
IO,20130206,106.35,108.6,106.2,108.45,434700
IP,20130206,42.55,42.8,42.33,42.45,2722400
IPG,20130206,12.1,12.25,12.1,12.22,3844200
IPHI,20130206,9.1,9.27,9.02,9.18,713700
IPI,20130206,23.01,23.48,22.98,23.32,346900
IQI,20130206,14.19,14.21,14.11,14.21,69300
IR,20130206,52.86,52.95,52.19,52.77,1988500
IRE-B,20130206,26.2,26.24,26.06,26.21,16500
IRET,20130206,9.15,9.25,9.13,9.2,336000
IRL,20130206,9.88,9.9,9.53,9.82,41500
IRM,20130206,34.19,34.5,33.98,34.5,1044000
IRR,20130206,10.98,11.1,10.98,11.1,74200
IRS,20130206,8.65,8.93,8.62,8.85,31200
ISD,20130206,19.97,20.02,19.86,20,73700
ISF,20130206,24.89,24.93,24.83,24.9,63800
ISG,20130206,24.73,24.77,24.71,24.73,48500
ISP,20130206,24.8,24.89,24.8,24.86,27300
IT,20130206,52.61,52.86,52.3,52.73,287400
ITG,20130206,10.74,10.9,10.68,10.9,349800
ITT,20130206,26.03,26.32,26.03,26.31,475000
ITUB,20130206,17,17,16.67,16.87,14068300
ITW,20130206,62.57,62.73,62.09,62.27,2379500
IVC,20130206,15.68,15.94,15.64,15.9,125700
IVR,20130206,21.56,21.65,21.17,21.26,3944200
IVR-A,20130206,25.21,25.33,25.2,25.31,26300
IVZ,20130206,27.37,27.55,27.21,27.5,4112900
IX,20130206,55.78,56.29,55.76,56.29,16900
JAG,20130206,0.77,0.77,0.73,0.74,322400
JBK,20130206,24.82,24.82,24.67,24.67,900
JBL,20130206,19.64,19.92,19.53,19.61,5122100
JBN,20130206,19.8,19.8,19.51,19.72,4600
JBR,20130206,19.41,19.94,19.41,19.7,11200
JBT,20130206,18.44,18.52,18.26,18.49,59300
JCE,20130206,14.57,14.63,14.52,14.61,64000
JCI,20130206,31.11,31.34,30.94,31.34,4594500
JCP,20130206,19.17,19.65,18.86,19.38,12439200
JDD,20130206,12.44,12.57,12.39,12.57,75600
JE,20130206,9.84,9.89,9.75,9.85,315100
JEC,20130206,48.22,48.56,48.13,48.56,525500
JEQ,20130206,5.79,5.8,5.77,5.79,66700
JFC,20130206,14.84,14.9,14.76,14.89,3600
JFR,20130206,13.03,13.06,12.92,12.98,277400
JHI,20130206,22.53,22.54,22.27,22.38,20800
JHS,20130206,16.56,16.65,16.56,16.63,17700
JHX,20130206,52,52.25,50.24,50.63,5200
JKS,20130206,8.26,8.48,8.12,8.43,248300
JLL,20130206,95.05,95.84,94.77,95.48,280300
JLS,20130206,29.26,29.38,28.56,29.2,68800
JMF,20130206,19.69,20,19.46,19.68,204200
JMP,20130206,6.1,6.26,6.05,6.23,6300
JMT,20130206,29.33,29.44,28.85,29.44,26800
JNJ,20130206,74.57,75.39,74.52,75.39,12083900
JNPR,20130206,22.26,22.48,22.1,22.38,5360500
JNS,20130206,9.44,9.66,9.41,9.65,2973600
JOE,20130206,23.39,23.5,22.93,23.17,493800
JOF,20130206,7.76,7.86,7.75,7.82,222200
JPC,20130206,10.04,10.07,10.01,10.04,278100
JPI,20130206,25.29,25.35,25.27,25.29,60200
JPM,20130206,48.43,48.83,48.32,48.61,28286300
JPM-D,20130206,24.96,24.98,24.92,24.94,215600
JPM.W,20130206,13.88,14.1,13.8,13.98,63400
JPS,20130206,9.32,9.39,9.3,9.36,227600
JQC,20130206,10.19,10.24,10.08,10.14,677400
JRI,20130206,19.68,19.68,19.44,19.5,50000
JRO,20130206,13.47,13.5,13.38,13.43,249300
JSD,20130206,21,21.16,20.89,20.96,46100
JTA,20130206,11.76,11.88,11.63,11.65,43400
JTD,20130206,15.52,15.52,15.35,15.46,33300
JW.A,20130206,38,38.46,37.82,38.46,406400
JW.B,20130206,38.32,38.32,38.32,38.32,0
JWN,20130206,55.13,55.49,54.91,55.27,1797100
K,20130206,58.61,59,58.6,58.99,2485100
KAI,20130206,26.67,26.86,26.37,26.43,16600
KAMN,20130206,36.12,36.57,35.94,36.49,59800
KAP,20130206,25.6,25.73,25.55,25.65,9100
KAR,20130206,21.57,21.84,21.52,21.84,154400
KB,20130206,34.46,34.68,34.41,34.65,591400
KBH,20130206,18.56,18.73,18.3,18.47,2952500
KBR,20130206,31.02,31.48,31,31.45,1250600
KCG,20130206,3.69,3.71,3.69,3.7,2265100
KED,20130206,27.4,27.64,27.4,27.49,14100
KEF,20130206,8.88,8.95,8.87,8.92,30900
KEG,20130206,8.34,8.53,8.15,8.52,3464700
KEM,20130206,6.09,6.22,6.01,6.07,220400
KEP,20130206,15.05,15.1,15.04,15.08,273600
KEX,20130206,71.03,72.07,71.03,72,276100
KEY,20130206,9.4,9.54,9.38,9.53,9842700
KF,20130206,39.33,39.6,39.19,39.6,9400
KFS,20130206,4.24,4.24,4.17,4.2,2500
KFY,20130206,17.07,17.72,16.99,17.7,453900
KGC,20130206,8.23,8.29,8.2,8.24,5364400
KIM,20130206,20.98,21.27,20.84,21.25,3005200
KIM-I,20130206,26.23,26.26,26.11,26.26,14900
KIM-J,20130206,25.04,25.05,24.98,24.98,30400
KIM-K,20130206,25.1,25.1,24.88,24.95,72700
KKR,20130206,17.78,17.9,17.69,17.78,2712100
KMB,20130206,86.1553,87.1812,85.6759,87.1524,1949700
KMF,20130206,32.22,32.42,31.86,32.08,97000
KMG,20130206,19.61,19.62,19.37,19.49,5600
KMI,20130206,37.25,37.47,37.18,37.27,10241000
KMI.W,20130206,4.37,4.4,4.34,4.35,1650900
KMM,20130206,11.24,11.34,11.24,11.34,43000
KMPR,20130206,33.62,33.77,33.51,33.75,105000
KMT,20130206,40.51,41.1,40.45,41.03,662300
KMX,20130206,39.77,40.22,39.56,40.1,1500400
KND,20130206,10.54,10.69,10.47,10.62,219600
KNL,20130206,15.24,16.08,14.73,15.65,1223900
KNX,20130206,15.79,16.01,15.73,15.93,494300
KO,20130206,38.1,38.43,38,38.31,16823800
KOF,20130206,159.11,160.49,157.51,158.56,43700
KOP,20130206,40.95,41.49,40.85,41.34,73200
KORS,20130206,55.65,56.5,54.66,55.87,4479300
KOS,20130206,12.25,12.59,12.24,12.59,170500
KR,20130206,13.9,13.98,13.85,13.93,2423300
KRA,20130206,26.07,26.42,25.9,26.41,86200
KRC,20130206,50.32,50.99,50.08,50.64,361300
KRC-H,20130206,25.13,25.25,25.13,25.18,5500
KRG,20130206,24.48,24.76,24.36,24.76,132900
KRO,20130206,19.45,19.74,19.39,19.55,488200
KS,20130206,12.16,12.285,12.125,12.265,246900
KSM,20130206,15.14,15.18,15.1,15.14,15200
KSS,20130206,45.36,46.31,45.1,46.25,3610600
KST,20130206,14.94,14.97,14.91,14.95,24600
KSU,20130206,94.38,94.98,94,94.79,719300
KSU.P,20130206,25.8,25.8,25.7,25.76,400
KT,20130206,17.5,17.57,17.41,17.48,963800
KTF,20130206,15,15.03,14.98,15.03,50000
KTH,20130206,30.02,30.33,30.02,30.33,200
KTN,20130206,29.41,29.57,29.35,29.4,1300
KTP,20130206,22.61,22.84,22.25,22.29,23400
KW,20130206,14.98,15.09,14.79,15.08,86200
KWN,20130206,25.19,25.3,25.15,25.22,19800
KWR,20130206,56.92,57.18,55.83,57.1,40400
KYE,20130206,28.37,28.37,27.97,28.34,94700
KYN,20130206,34.3,34.36,33.79,34.08,239300
KYO,20130206,44.18,44.585,44.18,44.56,3000
L,20130206,43.61,43.92,43.38,43.92,1176400
LAD,20130206,44.16,44.25,42.61,42.93,317400
LAZ,20130206,35.75,36.87,35.75,36.68,516900
LBF,20130206,8.95,8.99,8.9,8.99,17700
LCM,20130206,9.95,10.01,9.94,9.98,49100
LDF,20130206,16.31,16.36,16.31,16.36,1200
LDL,20130206,15.14,15.3,15,15.04,43300
LDP,20130206,25.9,25.97,25.85,25.93,78600
LDR,20130206,62.79,62.8,61.7,62.34,23000
LEA,20130206,49.8,50.76,49.75,50.76,1196900
LEE,20130206,1.26,1.31,1.26,1.29,111700
LEG,20130206,29.52,29.64,29.19,29.42,2087700
LEN,20130206,40.82,41.37,40.59,40.7,2359400
LEN.B,20130206,32.19,32.4,31.71,31.86,29200
LEO,20130206,9.8,9.86,9.8,9.86,46300
LFC,20130206,15.8667,16.0433,15.8367,16.0267,243400
LFL,20130206,24.42,24.56,24.26,24.28,1314300
LGI,20130206,16.29,16.31,16.16,16.25,30800
LH,20130206,89.85,91.04,89.55,91,1059400
LHO,20130206,27.1,27.22,26.92,27.04,1105900
LII,20130206,58.89,58.93,58.24,58.42,752500
LL,20130206,59.15,59.4,58.58,58.86,315700
LLL,20130206,75.51,76.85,75.51,76.12,1094900
LLY,20130206,53.93,54.16,53.63,53.93,3575200
LM,20130206,26.46,27.35,26.45,27.33,2009200
LMT,20130206,86.7,87.6,86.61,87.6,2523900
LNC,20130206,29.1,29.5,28.97,29.5,2427400
LNC.W,20130206,20.07,20.33,20.07,20.33,1100
LND,20130206,5.15,5.15,5.07,5.07,1000
LNN,20130206,92.67,93.48,92.03,93.41,82400
LNT,20130206,22.915,23.075,22.865,23.055,678200
LOR,20130206,14.34,14.34,13.93,14.05,46600
LOW,20130206,38.22,38.68,37.98,38.67,8650200
LPI,20130206,18.19,18.43,18.15,18.29,593200
LPL,20130206,12.98,13.07,12.93,13.04,592800
LPX,20130206,20.27,20.48,20.14,20.24,3021700
LRN,20130206,18.25,20.02,18.22,19.4,837700
LTC,20130206,37.04,37.31,36.84,37.27,129100
LTM,20130206,40.71,41.75,40.42,41.5,750600
LUB,20130206,7.47,7.84,7.44,7.7,231200
LUK,20130206,25.66,26.3,25.65,26.28,2329200
LUV,20130206,11.24,11.5,11.21,11.47,9353500
LUX,20130206,45,45.54,44.91,45.53,120400
LVLT,20130206,24.48,24.67,24.31,24.5,656900
LVS,20130206,53.48,54.64,53.25,54.3,8694100
LXFR,20130206,13.03,13.53,12.93,13.47,14800
LXP,20130206,10.94,10.98,10.79,10.82,1689900
LXP-C,20130206,48.5,48.5,48.5,48.5,0
LXU,20130206,41.27,41.74,41,41.74,67300
LYB,20130206,61.29,61.49,60.46,61.06,3376300
LYG,20130206,3.22,3.28,3.22,3.26,950400
LYV,20130206,10.22,10.47,10.21,10.28,807100
LZB,20130206,15.85,16.09,15.58,15.71,243700
M,20130206,39.67,39.91,39.02,39.48,7777100
MA,20130206,52.015,52.387,51.81,52.355,601500
MAA,20130206,65.12,65.94,64.76,65.42,390800
MAC,20130206,60.36,61.97,60.23,61.51,1679400
MAIN,20130206,31.87,32.05,31.72,32.05,212500
MAN,20130206,51.82,52.87,51.82,52.59,845400
MANU,20130206,17.11,17.78,16.76,17.5,147100
MAS,20130206,18.24,18.38,18.17,18.28,3336700
MATX,20130206,26.54,26.62,26.36,26.54,149400
MAV,20130206,16.15,16.21,16.15,16.2,41400
MBI,20130206,9.26,10.59,9.09,10.41,11161300
MBT,20130206,20,20.03,19.75,19.93,2483700
MCA,20130206,16.65,16.67,16.59,16.64,68200
MCC,20130206,15.16,15.23,14.98,15.14,287900
MCD,20130206,94.5,95.33,94.41,95.07,4482600
MCI,20130206,17.14,17.23,17.1,17.22,5600
MCK,20130206,101.93,102.76,101.46,102.42,1411800
MCN,20130206,8.1,8.2,8.08,8.2,58800
MCO,20130206,46.96,48.48,45.51,47.49,11933500
MCR,20130206,10.17,10.25,10.12,10.23,94200
MCS,20130206,13.05,13.12,12.63,12.82,202000
MCY,20130206,37.79,37.98,37.44,37.74,898400
MD,20130206,42.4,42.65,42.36,42.6,182900
MDC,20130206,38.5,39.45,38.34,38.98,630300
MDP,20130206,36.22,36.79,36.06,36.73,213000
MDR,20130206,12.22,12.52,12.06,12.49,2716100
MDT,20130206,46.6,46.95,46.25,46.95,4327800
MDU,20130206,23.23,23.4,23.11,23.37,873800
MED,20130206,23.49,24.2,23.49,24.06,240700
MEI,20130206,11.71,12.23,11.63,12.08,480600
MEN,20130206,12.78,12.85,12.78,12.81,63500
MER-K,20130206,25.27,25.3,25.26,25.29,34500
MER-P,20130206,25.62,25.68,25.61,25.64,31500
MET,20130206,37.25,37.57,36.91,37.57,5660900
MET-A,20130206,25.3,25.43,25.28,25.31,30900
MFA,20130206,9.01,9.08,9,9.05,2987500
MFC,20130206,14.43,14.62,14.37,14.48,1605200
MFD,20130206,16.03,16.03,15.96,16.02,19400
MFG,20130206,4.29,4.32,4.28,4.31,622100
MFL,20130206,16.47,16.47,16.39,16.39,56900
MFM,20130206,7.82,7.84,7.78,7.84,27100
MFO,20130206,25.8,25.87,25.72,25.83,6800
MFT,20130206,16.01,16.05,16,16.01,23200
MFV,20130206,7.33,7.38,7.25,7.3,35500
MG,20130206,21.49,21.72,21.28,21.56,51700
MGA,20130206,26.395,26.725,26.38,26.48,429800
MGF,20130206,6.69,6.75,6.69,6.73,67000
MGM,20130206,12.8,13.02,12.76,12.99,10371900
MGR,20130206,25.59,25.73,25.56,25.63,33600
MGU,20130206,20.32,20.47,20.29,20.47,35400
MH-A,20130206,26.34,26.44,26.33,26.36,13000
MHD,20130206,19.26,19.36,19.18,19.36,14700
MHF,20130206,8.28,8.32,8.2,8.32,33300
MHI,20130206,16.5,16.5,16.44,16.48,18800
MHK,20130206,102.74,103.17,101.73,102.71,388000
MHN,20130206,16,16.05,15.94,16.04,39500
MHNB,20130206,26.56,26.79,26.55,26.79,4500
MHO,20130206,23.9,24.09,23.37,23.49,345100
MHO-A,20130206,24.01,24.49,24,24,1500
MIC,20130206,47.54,48.41,47.45,48.37,135200
MIN,20130206,6.49,6.55,6.48,6.55,381300
MIT-A,20130206,25.67,25.75,25.67,25.67,1900
MIT-B,20130206,25.19,25.21,25.15,25.19,8100
MITT,20130206,25.64,25.72,25.57,25.63,276400
MIY,20130206,16.52,16.76,16.52,16.76,27500
MJN,20130206,75.52,77.21,74.94,77.2,1646800
MKC,20130206,63.13,63.14,62.54,62.75,846900
MKC.V,20130206,62.72,62.72,62.58,62.58,1300
MKL,20130206,487.98,495.86,485.42,495,30200
MLI,20130206,27.515,27.765,26.96,27.055,231300
MLM,20130206,97.48,99.35,96.73,99.2,275200
MLP,20130206,3.89,4.13,3.89,4.01,22700
MLR,20130206,16.2,16.65,16.2,16.57,18200
MMC,20130206,36.3,36.93,36.27,36.8,5128300
MMD,20130206,20.26,20.33,20.13,20.2,188500
MMM,20130206,101.13,102.99,101.08,102.69,3510500
MMP,20130206,48.75,49,47.22,48.51,1191700
MMS,20130206,33.985,34.355,33.84,34.265,167500
MMT,20130206,7.32,7.34,7.31,7.32,137800
MMU,20130206,15.02,15.04,14.91,15,91200
MN,20130206,15.34,15.34,14.67,14.9,29700
MNE,20130206,15.81,15.94,15.81,15.91,12300
MNI,20130206,29.4,29.9,28.6,29.9,511300
MNP,20130206,17.15,17.16,17.11,17.16,8100
MNR,20130206,10.68,10.77,10.6,10.67,128000
MNR-B,20130206,26.55,26.61,26.5,26.61,1700
MO,20130206,34.07,34.2,34.01,34.12,6563000
MOD,20130206,8.69,8.85,8.66,8.8,84600
MOG.A,20130206,43.93,44.53,43.83,44.18,97000
MOG.B,20130206,44.03,44.03,44.03,44.03,200
MOH,20130206,28.77,28.98,28.49,28.98,197300
MON,20130206,101.55,102.04,101.23,101.71,2079100
MOS,20130206,60.79,61.78,60.79,61.26,2050000
MOV,20130206,36.6,37.67,36.44,37.09,95500
MP-D,20130206,25.84,25.87,25.61,25.75,5300
MPA,20130206,16.39,16.42,16.34,16.36,31400
MPC,20130206,38.375,39.185,38.26,38.895,3179400
MPLX,20130206,34.8,35,34.1,34.27,146300
MPO,20130206,8.04,8.16,7.81,7.98,453400
MPV,20130206,14.47,14.5,14.46,14.49,10400
MPW,20130206,13.38,13.5,13.28,13.43,1199600
MPX,20130206,6.42,6.5,6.39,6.5,5200
MQT,20130206,14.93,15.01,14.9,15.01,36500
MQY,20130206,17.32,17.38,17.28,17.28,33000
MRC,20130206,30.09,30.38,29.88,30.11,463900
MRK,20130206,41.35,41.45,40.98,41.09,17384000
MRO,20130206,33.8,34.45,33.75,34.4,9432500
MS,20130206,23.24,23.5,23.17,23.39,15852300
MS-A,20130206,21.28,21.65,21.28,21.6,89300
MSA,20130206,45.9,46.22,45.73,46.02,60100
MSB,20130206,24.28,24.8,24.11,24.8,54600
MSCI,20130206,33.75,34.71,33.74,34.67,845300
MSD,20130206,12.25,12.27,12.21,12.27,44500
MSF,20130206,16.08,16.11,16.01,16.07,63400
MSI,20130206,59.01,59.67,58.69,59.39,1454400
MSM,20130206,80.15,80.77,80.15,80.59,140700
MSP,20130206,11.91,11.93,11.85,11.91,23900
MT,20130206,51.12,51.6,50.37,50.82,7737000
MTB,20130206,103.68,104.14,103.39,104.05,587700
MTB-C,20130206,1025.5,1025.5,1025.5,1025.5,0
MTB.P,20130206,1005.11,1005.11,1005.11,1005.11,0
MTB.W,20130206,31.89,31.89,31.7,31.7,500
MTD,20130206,215.81,218.45,214.07,216.52,207700
MTDR,20130206,7.94,8.09,7.83,8.01,194400
MTG,20130206,2.83,2.92,2.83,2.9,6130900
MTH,20130206,40.89,42.13,40.55,42.1,898000
MTL,20130206,12.9,13.26,12.74,13.16,997100
MTL.P,20130206,1.95,1.99,1.95,1.98,51600
MTN,20130206,52.99,53.9,52.99,53.74,84800
MTOR,20130206,4.4,4.55,4.4,4.54,1418000
MTR,20130206,23.01,23.26,22.5,23.2,8100
MTRN,20130206,27.33,28.27,27.29,28.22,35400
MTT,20130206,23.46,23.58,23.4,23.53,19400
MTU,20130206,5.58,5.65,5.58,5.65,937300
MTW,20130206,18.35,18.81,18.35,18.61,2253800
MTX,20130206,41.98,41.98,40.87,41.1,367300
MTZ,20130206,28.47,28.89,28.38,28.87,1075600
MUA,20130206,14.4,14.4,14.3,14.3,35500
MUC,20130206,16.58,16.64,16.57,16.6,94900
MUE,20130206,15.34,15.4,15.31,15.4,43300
MUH,20130206,17.98,18.02,17.92,17.97,35500
MUI,20130206,16.94,17,16.89,16.93,90700
MUJ,20130206,16.59,16.6,16.55,16.6,18300
MUR,20130206,59.64,60.69,59.3,60.3,1151000
MUS,20130206,15.55,15.58,15.49,15.58,13000
MUSA,20130206,20.63,20.72,20.53,20.65,8960700
MUX,20130206,3.07,3.09,3.03,3.06,1252000
MVC,20130206,12.12,12.29,12.07,12.22,72100
MVO,20130206,26.15,26.52,26.12,26.42,63700
MVT,20130206,18.19,18.23,18.12,18.23,32700
MWA,20130206,5.81,6.07,5.67,6,4426600
MX,20130206,15.32,15.66,14.95,15.44,4476400
MXE,20130206,15.86,15.9,15.76,15.77,25700
MXF,20130206,32.13,32.2,31.94,32.14,49400
MXL,20130206,5.35,6.04,5.3,6,199900
MYC,20130206,17.2,17.26,17.14,17.17,42400
MYD,20130206,16.85,16.99,16.85,16.87,53900
MYE,20130206,14.36,14.67,14.28,14.65,59100
MYF,20130206,17.34,17.36,17.31,17.35,11200
MYI,20130206,15.7,15.75,15.64,15.68,108400
MYJ,20130206,16.94,17.02,16.94,17.02,13200
MYN,20130206,15.14,15.24,15.14,15.2,38800
MZF,20130206,15.75,15.94,15.75,15.94,15300
NAC,20130206,15.9,15.93,15.85,15.93,23100
NAD,20130206,15.75,15.8,15.74,15.8,26900
NAN,20130206,15.56,15.65,15.56,15.63,7700
NAT,20130206,8.73,8.86,8.72,8.82,312500
NAV,20130206,25.54,26.24,25.38,26.06,1112000
NAV-D,20130206,9.5,9.5,9.5,9.5,0
NAZ,20130206,16.09,16.1,16.03,16.03,1800
NBB,20130206,21.12,21.26,21.12,21.16,38300
NBD,20130206,21.77,21.82,21.77,21.79,10600
NBHC,20130206,17.94,18.1,17.94,17.96,55800
NBL,20130206,55.495,56.835,55.445,56.785,1190800
NBR,20130206,16.36,16.59,16.24,16.56,2720900
NC,20130206,65.39,66.22,64.23,64.51,29300
NCA,20130206,10.51,10.54,10.45,10.45,44800
NCI,20130206,10.98,11.06,10.83,11.04,214800
NCR,20130206,27.9,28,27.73,27.82,1547200
NCS,20130206,15.87,15.87,15.17,15.72,108500
NCV,20130206,9.29,9.29,9.25,9.29,182100
NCZ,20130206,8.58,8.58,8.54,8.58,155600
NDP,20130206,24.39,24.55,24.38,24.48,50700
NDRO,20130206,17.01,17.2,16.88,17.18,74200
NE,20130206,39.76,39.97,38.59,39.27,7822900
NEE,20130206,72,72.01,71.63,72.01,2383400
NEE-C,20130206,25.85,25.99,25.85,25.94,12500
NEE-G,20130206,26.6,26.7,26.57,26.63,18300
NEE-H,20130206,26.39,26.39,26.2,26.32,10000
NEE-I,20130206,25.09,25.1,25.06,25.07,77700
NEE-J,20130206,24.46,24.5,24.41,24.5,181200
NEM,20130206,44.22,45.17,44.2,45.04,4981100
NEU,20130206,257.91,257.91,256.03,256.78,60700
NEV,20130206,16.37,16.38,16.32,16.37,91400
NFG,20130206,55.45,56.59,55.1,56.35,483100
NFJ,20130206,16.7,16.79,16.65,16.77,227700
NFX,20130206,29.64,29.92,29.45,29.77,1277500
NGG,20130206,54.5,54.8,54.26,54.75,301200
NGL,20130206,24.2,24.88,23.86,24.3,59100
NGS,20130206,18.52,18.75,18.42,18.73,10600
NGVC,20130206,21.11,21.84,21.1,21.47,98600
NHF,20130206,28.72,28.76,28.48,28.6,256100
NHI,20130206,62.84,63.39,62.51,62.96,111300
NI,20130206,26.85,26.9,26.68,26.83,5510700
NID,20130206,14.76,14.84,14.7,14.79,56100
NIE,20130206,17.9,18.03,17.9,17.99,96100
NIM,20130206,10.82,10.84,10.76,10.84,9500
NJR,20130206,20.885,20.95,20.655,20.89,209100
NKE,20130206,26.84,27.185,26.75,27.08,2648400
NL,20130206,12.81,12.9,12.75,12.86,6700
NLS,20130206,5.62,5.85,5.45,5.81,470600
NLSN,20130206,32.11,32.32,32.03,32.3,1343600
NLY,20130206,14.79,14.96,14.77,14.92,6565800
NLY-A,20130206,25.99,26.35,25.99,26.25,33200
NLY-C,20130206,25.58,25.58,25.49,25.52,17400
NLY-D,20130206,25.14,25.16,25.07,25.1,126200
NM,20130206,3.75,3.8,3.71,3.8,257000
NMFC,20130206,14.91,15.06,14.88,15.04,121900
NMI,20130206,12.48,12.63,12.48,12.63,1100
NMK-B,20130206,93,93,93,93,0
NMK-C,20130206,95,95,95,95,0
NMM,20130206,13.76,14,13.65,13.68,1568700
NMR,20130206,5.43,5.53,5.42,5.52,447800
NMT,20130206,15.56,15.62,15.52,15.62,5100
NMY,20130206,15.29,15.34,15.18,15.29,39900
NNA,20130206,2.93,2.93,2.89,2.89,38900
NNC,20130206,15.16,15.18,15.1,15.13,8500
NNI,20130206,30.46,31.24,30.42,31.21,78500
NNN,20130206,32.16,32.41,32.11,32.36,811600
NNY,20130206,10.31,10.32,10.27,10.3,8400
NOA,20130206,3.85,3.94,3.78,3.9,180800
NOAH,20130206,6.47,6.47,6.3,6.41,2700
NOC,20130206,64.79,65.31,64.66,65.2,2688000
NOK,20130206,3.91,4.15,3.89,4.12,75999100
NOV,20130206,67.9,67.98,66,66.57,10771500
NOW,20130206,29.36,29.78,29.36,29.72,757300
NP,20130206,30.29,30.42,30.09,30.32,55600
NPK,20130206,73.11,74.5,73.02,74.3,9200
NPO,20130206,44.42,44.88,44.4,44.63,189300
NPTN,20130206,5.8,5.95,5.75,5.95,11200
NPV,20130206,16.07,16.18,16,16,7400
NQ,20130206,6.25,6.78,6.25,6.63,229300
NQP,20130206,15.92,16.01,15.92,15.94,7000
NR,20130206,8.65,8.8,8.63,8.8,469500
NRG,20130206,23.57,24.29,23.53,24.27,3543900
NRP,20130206,219,221.5,217.1,219.9,237200
NRT,20130206,26.79,26.98,26.5,26.59,11400
NS,20130206,51.16,51.56,50.9,50.97,275000
NSC,20130206,68.54,69.65,68.34,69.15,5516500
NSH,20130206,31.9,32.15,31.72,31.87,163600
NSL,20130206,7.81,7.82,7.73,7.75,163400
NSM,20130206,37.94,38.79,37.13,38.73,726400
NSP,20130206,33.66,33.88,33.4,33.79,59200
NSR,20130206,45.15,47.07,45.15,47.07,1000400
NSS,20130206,25.92,25.95,25.87,25.95,135000
NTC,20130206,14.4,14.43,14.28,14.32,22300
NTG,20130206,27.15,27.4,27.08,27.34,154300
NTL,20130206,16.45,16.71,16.11,16.12,1700
NTX,20130206,16.17,16.18,16.11,16.16,18500
NTZ,20130206,2.22,2.22,2.19,2.21,12600
NUE,20130206,46.13,47.28,46.06,46.96,2938500
NUM,20130206,15.98,15.98,15.9,15.98,14900
NUO,20130206,18.07,18.08,17.95,18.08,35100
NUS,20130206,41,42.02,40.56,41.72,1384000
NUV,20130206,10.42,10.45,10.38,10.4,238500
NUW,20130206,17.99,18.03,17.98,18,28500
NVO,20130206,38.582,38.888,38.49,38.86,618200
NVR,20130206,1011.96,1019.95,999.36,1006.98,17800
NVS,20130206,68.53,69.01,68.5,68.96,2675300
NW-C,20130206,25.43,25.52,25.34,25.43,10200
NWE,20130206,37.14,37.33,36.88,37.31,72500
NWL,20130206,24.06,24.38,23.9,24.21,3019300
NWN,20130206,45.54,45.79,45.08,45.69,68900
NWY,20130206,3.9,3.97,3.87,3.9,143800
NX,20130206,20.35,20.48,20.01,20.06,273200
NXC,20130206,15.61,15.64,15.5,15.53,40500
NXN,20130206,15.03,15.03,14.9,14.93,6500
NXP,20130206,15.57,15.61,15.52,15.56,8100
NXQ,20130206,14.54,14.64,14.54,14.64,34100
NXR,20130206,15.28,15.3,15.24,15.25,13700
NYC-U,20130206,48.66,49.1,47.18,47.61,10900
NYCB,20130206,13.56,13.7,13.48,13.64,4071400
NYT,20130206,8.11,8.33,8.07,8.24,1963100
O,20130206,43.45,43.75,43.41,43.46,1087300
OAK,20130206,48.47,49.18,48.35,48.87,89400
OAS,20130206,38.49,39.08,38.31,38.66,1440600
OB,20130206,12.67,13.27,12.67,13.1,293600
OC,20130206,41.27,42.16,41.15,42.16,1459400
OCN,20130206,41.03,41.5,40.61,41.27,2341500
ODC,20130206,27.61,27.74,27.6,27.66,4200
OFC,20130206,26.19,26.55,26.14,26.36,639200
OFC-L,20130206,26.67,26.67,26.5,26.54,4600
OFG,20130206,14.55,14.69,14.52,14.68,137800
OFG-A,20130206,25,25,24.91,24.91,1500
OFG-B,20130206,25,25,25,25,0
OFG-D,20130206,24.81,24.83,24.81,24.81,300
OGE,20130206,29.305,29.535,29.275,29.53,948100
OHI,20130206,25.56,25.73,25.51,25.73,1027200
OI,20130206,24.34,24.52,24.25,24.46,942500
OIA,20130206,7.52,7.54,7.5,7.54,70200
OIB.C,20130206,24,24.4,23.85,23.95,9800
OII,20130206,62.36,63.15,61.76,63.12,959900
OIS,20130206,76.91,77.09,75.7,76.73,896100
OKE,20130206,47.27,47.65,46.91,47.62,2082700
OKS,20130206,58.76,59,58.16,58.3,318100
OLN,20130206,23.55,23.77,23.5,23.64,590300
OLP,20130206,21.98,22.06,21.84,21.99,26500
OMC,20130206,54,54.61,53.87,54.35,1000000
OME,20130206,6.99,7.18,6.98,7.15,69800
OMI,20130206,30.59,30.81,30.59,30.74,232500
OMN,20130206,8.02,8.03,7.88,7.94,141700
OPY,20130206,17.5,17.95,17.47,17.85,67500
ORA,20130206,20.44,20.65,20.41,20.61,52900
ORCL,20130206,35.3,35.42,35.01,35.1,15603700
ORI,20130206,11.6,11.65,11.46,11.6,1136300
ORN,20130206,7.66,7.76,7.58,7.66,39900
OSK,20130206,39.64,40,39.56,39.9,806800
OXM,20130206,48.3,49.16,48.24,48.67,66800
OXY,20130206,87.8,88.72,87.51,88.68,4098800
OZM,20130206,10.6,10.75,10.48,10.72,1508000
P,20130206,11.21,11.87,11.13,11.8,5463600
PAA,20130206,52.8,52.9,52.02,52.4,775100
PAC,20130206,62.85,63.49,62.5,63.28,21900
PACD,20130206,101.7,103.5,101.5,103.2,454600
PAG,20130206,33.93,34.34,31.25,32.84,727400
PAI,20130206,14.71,14.71,14.61,14.66,34000
PAM,20130206,4.03,4.03,3.84,3.92,66700
PANW,20130206,53.8,54.41,53.04,54.14,426000
PAR,20130206,4.34,4.43,4.32,4.43,13800
PAY,20130206,34.84,35.13,34.57,34.9,1753900
PB,20130206,45.66,45.97,45.47,45.85,160600
PBA,20130206,29.07,29.36,29.06,29.29,95000
PBF,20130206,35.96,36.25,35.59,35.88,336500
PBH,20130206,22.43,22.69,22.3,22.49,411200
PBI,20130206,13.36,13.95,13.3,13.84,4209600
PBR,20130206,16.5,16.74,16.38,16.5,25695200
PBR.A,20130206,17.78,17.91,17.61,17.77,17711300
PBT,20130206,14.15,14.26,14.06,14.11,107400
PCF,20130206,8.22,8.44,8.22,8.34,133000
PCG,20130206,42.2,42.53,42.1,42.53,1421300
PCI,20130206,25.95,25.96,25.75,25.95,319100
PCK,20130206,10.92,11,10.91,10.95,48500
PCM,20130206,12.53,12.58,12.34,12.48,59900
PCN,20130206,18.79,18.89,18.71,18.74,152500
PCQ,20130206,16.3,16.35,16.28,16.34,16700
PDI,20130206,30.81,30.81,30.71,30.77,207700
PDM,20130206,19.09,19.35,19.04,19.31,1197800
PDS,20130206,9.13,9.28,9.03,9.09,770900
PDT,20130206,14.19,14.23,14.09,14.19,115800
PEB,20130206,23.92,24.39,23.86,24.39,639300
PEG,20130206,30.92,31.24,30.78,31.2,2504700
PEI,20130206,18.64,18.83,18.53,18.8,235500
PEI-A,20130206,26.89,26.98,26.66,26.98,17100
PEI-B,20130206,25.7,25.75,25.51,25.7,23900
PEO,20130206,26.26,26.39,26.25,26.38,38800
PEP,20130206,72.91,73.12,72.74,72.77,4782700
PER,20130206,18.04,18.28,17.03,17.41,1543000
PES,20130206,7.2,7.42,7.16,7.41,290700
PFD,20130206,15.1,15.21,15.08,15.11,10500
PFE,20130206,27.42,27.5,27.29,27.32,27738900
PFG,20130206,30.47,30.72,30.31,30.62,1356900
PFH,20130206,22.62,22.78,22.32,22.4,8400
PFK,20130206,26.89,27.97,26.89,27.97,11800
PFL,20130206,13.26,13.38,13.25,13.33,112600
PFN,20130206,11.46,11.54,11.45,11.5,306700
PFO,20130206,12.27,12.27,12.23,12.27,11400
PFS,20130206,14.93,15.13,14.93,15.11,145700
PG,20130206,75.31,76.19,75.04,76.15,17015800
PGH,20130206,4.75,4.77,4.73,4.73,1198600
PGP,20130206,21.1,21.4,20.97,21.33,76700
PGR,20130206,22.83,23.26,22.68,23.16,11523700
PH,20130206,92.88,93.83,92.13,93.45,1010000
PHD,20130206,14,14.07,13.94,13.99,39700
PHG,20130206,30.77,30.99,30.71,30.83,765400
PHH,20130206,22.26,22.45,22.1,22.29,926800
PHI,20130206,70.83,71.27,70.56,71.26,69100
PHK,20130206,12.31,12.35,12.26,12.34,763900
PHM,20130206,19.67,19.95,19.5,19.69,10487100
PHT,20130206,16.87,17.07,16.86,16.91,66200
PHX,20130206,27.74,28.34,27.74,28.34,1600
PII,20130206,85.76,86.31,85.28,86.17,966800
PIM,20130206,5.19,5.23,5.18,5.23,197400
PIR,20130206,22.19,22.66,22.18,22.49,983100
PIY,20130206,26.17,26.2,25.82,25.93,4500
PJC,20130206,40.69,41.1,40.5,41.03,235200
PJH,20130206,25.5,25.52,25.26,25.37,136500
PKD,20130206,5.58,5.59,5.5,5.58,305400
PKE,20130206,27.24,28.23,27.15,27.81,101000
PKG,20130206,39.19,39.68,39.09,39.68,544300
PKI,20130206,33.92,34.52,33.92,34.48,1792000
PKO,20130206,30.4,30.44,30.22,30.43,76400
PKX,20130206,80.88,81.45,80.79,81.3,149000
PKY,20130206,16.3,16.56,16.25,16.51,349600
PL-C,20130206,25.7,25.91,25.7,25.73,41600
PL-E,20130206,25.75,25.8,25.71,25.79,9600
PLD,20130206,39.9,40.1,39.44,39.91,3076200
PLOW,20130206,13,13.47,12.93,13.47,95800
PLT,20130206,39.71,40.01,39.41,40,197300
PM,20130206,87.75,87.92,87.36,87.69,3920400
PMC,20130206,14.76,14.92,14.67,14.85,138100
PMF,20130206,16.08,16.1,16.05,16.06,30600
PML,20130206,13.31,13.33,13.2,13.32,150500
PMM,20130206,8.53,8.53,8.48,8.51,73600
PMO,20130206,13.16,13.24,13.14,13.2,101000
PMT,20130206,26.48,26.8,26.32,26.6,764300
PMX,20130206,12.85,12.85,12.73,12.81,74600
PNC,20130206,62.67,63.42,62.67,63.34,6757300
PNC-P,20130206,27.18,27.34,27.12,27.33,297700
PNC-Q,20130206,25.54,25.64,25.35,25.52,77200
PNC.W,20130206,10.13,10.24,10,10.2,13500
PNF,20130206,13.02,13.02,12.95,13.01,10400
PNI,20130206,13.2,13.23,13.15,13.23,14100
PNM,20130206,21.2,21.46,21.13,21.44,374100
PNR,20130206,51.04,51.27,50.77,50.98,874500
PNTA,20130206,24.75,24.75,24.65,24.69,23800
PNW,20130206,53.19,53.65,52.95,53.62,1018400
POL,20130206,23.03,23.53,22.86,23.16,703700
POR,20130206,28.65,28.65,28.44,28.6,756500
POST,20130206,37.67,38.24,37.21,37.99,185400
POT,20130206,41.94,42.27,41.88,42.03,3000000
PPG,20130206,68.965,69.435,68.43,69.165,4672500
PPL,20130206,30.14,30.28,29.96,30.27,2222800
PPP,20130206,6.27,6.3,6.24,6.3,73000
PPR,20130206,6.37,6.45,6.37,6.43,615000
PPT,20130206,5.53,5.59,5.53,5.58,430400
PQ,20130206,19.6,19.6,18.72,18.72,857300
PRA,20130206,45.59,45.92,45.59,45.88,159700
PRI,20130206,32.75,33.1,32.7,32.94,161900
PRLB,20130206,40.73,41.21,39.97,39.99,244300
PRO,20130206,22.39,22.62,21.94,22.41,60300
PRU,20130206,58.05,58.87,57.72,58.51,2974200
PSA,20130206,156.35,157.69,155.98,157.02,1115100
PSA-S,20130206,26.38,26.45,26.3,26.39,21500
PSA-T,20130206,25.9,25.93,25.8,25.87,56300
PSA-U,20130206,26.01,26.08,25.98,26.07,10000
PSA-V,20130206,25.44,25.45,25.34,25.37,61000
PSA-W,20130206,24.99,24.99,24.92,24.94,138800
PSB,20130206,71.98,72.7,71.95,72.62,77500
PSB-T,20130206,25.84,25.84,25.64,25.71,25400
PSB-U,20130206,25,25.03,24.96,24.97,81800
PSF,20130206,27.57,27.65,27.46,27.62,25400
PSO,20130206,18.99,19.02,18.93,18.98,152200
PSX,20130206,60.79,62.5,60.71,61.72,5068600
PTR,20130206,136.58,137.84,136.41,137.84,88400
PTY,20130206,21.31,21.44,21.3,21.41,472100
PUK,20130206,29.27,29.45,29.21,29.45,86500
PUK-A,20130206,25.77,25.87,25.77,25.83,7400
PUK.P,20130206,25.51,25.62,25.51,25.62,5600
PVG,20130206,11.26,11.29,10.75,10.88,445300
PVH,20130206,117.73,122.68,117.43,121.38,1152100
PVTD,20130206,25.57,25.64,25.57,25.62,10000
PWE,20130206,10.59,10.8,10.59,10.78,1418500
PWR,20130206,28.09,28.66,28.05,28.53,2336000
PX,20130206,110.31,110.96,110.16,110.79,800300
PXD,20130206,121.15,125.12,120.97,125.11,1992200
PYN,20130206,10.56,10.58,10.56,10.58,4500
PYS,20130206,23.5,23.63,23.47,23.49,1400
PYT,20130206,19.42,19.43,19.32,19.43,500
PZC,20130206,11.68,11.68,11.55,11.64,50400
PZE,20130206,5.19,5.59,5.1,5.59,287500
PZN,20130206,5.8,6.31,5.8,6.3,29300
QEP,20130206,29.61,29.8,29.16,29.65,1779000
QTM,20130206,10.48,10.88,10.48,10.72,1664000
QUAD,20130206,21.7,21.7,21.31,21.65,72200
R,20130206,58.56,59.35,58.44,58.91,461300
RAD,20130206,1.72,1.73,1.64,1.68,15122600
RAI,20130206,43.76,43.86,43.48,43.76,1586300
RAS,20130206,7.09,7.2,7,7.18,673000
RAS-A,20130206,24.18,24.3,24.06,24.26,7000
RAS-B,20130206,24.92,25.02,24.9,25.02,7900
RAS-C,20130206,25.42,25.47,25.42,25.47,4800
RATE,20130206,11.93,12.3,11.78,12.2,389500
RBA,20130206,21.24,21.36,21.17,21.32,119500
RBC,20130206,76.71,78.21,76.31,78.18,501100
RBS,20130206,10.61,10.79,10.6,10.78,363000
RBS-F,20130206,25.35,25.35,25.32,25.35,5100
RBS-H,20130206,25.17,25.21,25.15,25.16,2600
RBS-L,20130206,23.24,23.5,23.23,23.3,42000
RBS-S,20130206,23.46,23.62,23.4,23.49,63900
RCI,20130206,46.8,47.09,46.75,46.83,196600
RCL,20130206,35.64,36.02,35.44,35.99,2149600
RCS,20130206,11.83,11.89,11.79,11.89,115300
RDC,20130206,34.55,34.94,34.04,34.9,1276000
RDN,20130206,6.86,7.15,6.86,7.05,4223800
RDS.A,20130206,68.54,68.96,68.5,68.85,4362500
RDS.B,20130206,70.16,70.61,70.02,70.61,1091900
RDY,20130206,35.76,35.89,35.67,35.88,103600
RE,20130206,117.17,117.86,116.5,117.7,329500
REG,20130206,50.53,50.98,50.27,50.98,445700
REG-G,20130206,25.5,25.5,25.32,25.39,1200
REN,20130206,42.2,42.8,42.1,42.45,174900
RENN,20130206,3.2,3.34,3.2,3.32,1232200
RES,20130206,15.09,15.33,14.93,15.32,596200
RESI,20130206,18.5,18.64,18.4,18.62,26900
REV,20130206,18.44,19.47,18.32,19.04,248600
REX,20130206,23.03,23.26,21.89,23.07,50500
RF,20130206,7.9,7.99,7.86,7.94,16963100
RF-A,20130206,25.11,25.28,25.1,25.25,36900
RFI,20130206,14.07,14.16,13.79,14.16,43200
RFP,20130206,13.53,13.57,13.3,13.54,205000
RGA,20130206,57.7,58.42,57.57,58.42,641600
RGC,20130206,14.85,15.05,14.78,15.05,1225800
RGR,20130206,53.92,54.8,53.92,54.78,454400
RGS,20130206,17.89,18.15,17.85,18.04,348600
RH,20130206,37.43,39.39,37.43,38.92,76900
RHI,20130206,35.5,35.93,35.44,35.86,1481100
RHP,20130206,41.64,42.1,41.55,41.75,949200
RHT,20130206,55.86,56.3,55.3,55.73,1345700
RIG,20130206,56.34,56.56,54.92,56.53,4283900
RIO,20130206,56.85,57.58,56.78,57.49,1655400
RJF,20130206,44.9,45.25,44.86,45.25,650500
RL,20130206,175.01,179.9,173.99,174.63,3722000
RLGY,20130206,44.8,45.84,44.68,45.75,524500
RLH,20130206,8.08,8.08,7.82,7.83,82200
RLI,20130206,34.11,34.505,34.01,34.47,92000
RLJ,20130206,20.92,21.04,20.69,20.86,1746800
RM,20130206,16.53,17.35,16.31,17.04,13400
RMD,20130206,44.24,44.36,44.12,44.34,641200
RMT,20130206,10.25,10.3,10.23,10.3,51800
RNP,20130206,17.91,18.05,17.87,18.01,92900
RNR,20130206,85.07,85.63,85.07,85.38,376400
RNR-C,20130206,25.35,25.44,25.35,25.44,6000
ROG,20130206,47.44,47.63,47,47.1,78100
ROK,20130206,90.43,91.27,90.31,90.99,875700
ROL,20130206,16.5667,16.6733,16.4867,16.6667,182600
ROP,20130206,118.38,119.53,118.29,119.34,277100
ROYT,20130206,18.23,18.54,18.21,18.41,88500
RPA-A,20130206,25.07,25.07,24.97,25.01,6100
RPAI,20130206,13.23,13.23,12.99,13.11,822000
RPM,20130206,31.62,31.77,31.41,31.44,575400
RPT,20130206,15.21,15.37,15.17,15.28,485900
RPT-D,20130206,58.77,58.77,57.73,58.11,1100
RQI,20130206,10.69,10.76,10.67,10.74,306100
RRC,20130206,68.94,71.67,68.94,70.75,2619200
RRTS,20130206,19.44,20.22,19.38,19.8,276000
RS,20130206,68,71.38,68,70.25,2540400
RSG,20130206,31.2,31.56,31.02,31.55,2862200
RSO,20130206,6.34,6.39,6.32,6.39,1043200
RSO-A,20130206,25.65,25.7,25.6,25.6,4600
RSO-B,20130206,24.75,24.8,24.74,24.75,22600
RST,20130206,12.87,12.87,12.49,12.7,90400
RT,20130206,7.44,7.64,7.42,7.58,593000
RTN,20130206,53.06,53.51,53.01,53.42,2516400
RVT,20130206,14.6,14.71,14.58,14.68,156700
RWT,20130206,19.32,19.6,19.18,19.6,422700
RXN,20130206,19.82,20.45,19.82,20.33,73400
RY,20130206,62.16,63.19,62.12,63.04,445200
RYN,20130206,53.9,54.54,53.78,54.54,506400
RZA,20130206,27.15,27.15,27.02,27.13,11400
S,20130206,5.68,5.77,5.66,5.77,33432500
SA,20130206,15.06,15.4,15.01,15.29,135800
SAH,20130206,24.99,25.51,24.96,25.15,299600
SAM,20130206,140.09,141.25,138.79,139.07,50900
SAN,20130206,7.86,7.95,7.83,7.93,5164000
SAN-A,20130206,25.35,25.35,25.22,25.25,6200
SAN-B,20130206,20.16,20.21,20.09,20.1,57300
SAN-C,20130206,25.43,25.5,25.4,25.43,7100
SAN-I,20130206,24.99,25.14,24.88,25,59700
SAP,20130206,80.12,80.65,79.6,80.16,1261500
SAR,20130206,17.87,18.05,17.87,18.03,1400
SB,20130206,3.92,3.93,3.83,3.88,148500
SBH,20130206,26.68,26.95,26.51,26.84,2217900
SBR,20130206,48.25,48.59,47.79,48.15,18400
SBS,20130206,15.6267,15.6667,15.4267,15.61,298300
SBY,20130206,20.7,20.82,20.61,20.82,261000
SCCO,20130206,40.01,40.79,40.01,40.72,2022500
SCD,20130206,15.23,15.31,15.17,15.23,55600
SCE-F,20130206,26.2,26.2,26.01,26.18,24200
SCE-G,20130206,24.58,24.71,24.58,24.59,306400
SCG,20130206,46.86,47.17,46.7,47.13,455700
SCH-B,20130206,26.55,26.55,26.41,26.5,29300
SCHW,20130206,16.51,16.81,16.45,16.79,11953600
SCI,20130206,14.92,14.98,14.86,14.98,1305900
SCL,20130206,59.45,59.89,59.2,59.49,63200
SCM,20130206,14.87,14.93,14.8,14.9,67300
SCS,20130206,13.27,13.3,13.13,13.26,796000
SCX,20130206,10.35,10.52,10.2,10.3,1700
SD,20130206,6.22,6.24,6.06,6.15,9560800
SDLP,20130206,28.78,29.24,28.43,28.54,82900
SDR,20130206,14.98,15.32,14.8,14.96,1233400
SDRL,20130206,38.43,38.49,38.01,38.47,2744900
SDT,20130206,18.58,18.86,17.01,17.32,1195800
SEE,20130206,19.3,19.62,19.24,19.52,2725600
SEM,20130206,9.55,9.69,9.5,9.68,294000
SEMG,20130206,45.14,46.05,45.11,46.01,438000
SEP,20130206,34.15,34.29,34.02,34.15,149800
SF,20130206,37.81,38.06,37.35,38.02,552300
SFE,20130206,14.9,15.33,14.83,15.27,37100
SFL,20130206,16.76,17,16.72,16.81,537800
SFUN,20130206,5.362,5.402,5.3,5.402,181800
SGF,20130206,14.15,14.24,14.12,14.2,18100
SGU,20130206,4.8,4.87,4.75,4.84,104500
SGY,20130206,896.4,904,893.2,904,491300
SHG,20130206,35.8,36.12,35.74,36.12,37600
SHI,20130206,25.5467,25.62,25.4867,25.62,10800
SHO,20130206,11.7,11.79,11.63,11.79,1080800
SHW,20130206,163,163.75,161.64,163.01,710700
SID,20130206,5.31,5.48,5.29,5.44,3069700
SIG,20130206,63.2,63.74,63.05,63.45,249500
SIX,20130206,31.835,32.095,31.8,31.95,331700
SJI,20130206,26.88,27.05,26.73,27.025,85800
SJM,20130206,89.23,89.41,88.61,89.09,724900
SJR,20130206,23.37,23.71,23.33,23.65,180200
SJT,20130206,16.13,16.38,16.05,16.34,176900
SJW,20130206,26.21,26.72,26.01,26.59,69600
SKM,20130206,18.27,18.46,18.23,18.45,3776100
SKT,20130206,35.65,35.88,35.58,35.77,500100
SKX,20130206,6.3267,6.3833,6.2567,6.2933,322700
SLB,20130206,79.42,79.57,77.76,78.73,7131300
SLCA,20130206,20.17,20.9,20.09,20.58,296000
SLF,20130206,29.05,29.27,29.03,29.18,205600
SLG,20130206,80.69,81.38,80.58,81.06,882800
SLG-I,20130206,25.54,25.56,25.42,25.5,17600
SLRA,20130206,24.3,24.62,24.13,24.42,28500
SLW,20130206,36.54,37.24,36.39,36.79,4051700
SM,20130206,57.6,59.14,57.37,59.05,572700
SMFG,20130206,8.16,8.28,8.13,8.25,1249000
SMG,20130206,44.78,46.16,44.03,44.17,628800
SMI,20130206,3.19,3.42,3.16,3.37,251000
SMLP,20130206,21.26,21.48,21.1,21.35,55700
SMM,20130206,20.95,21.19,20.95,21.12,42200
SMP,20130206,22.31,22.46,22,22.29,119700
SN,20130206,20.07,20.39,19.67,19.85,439700
SNA,20130206,80.38,81.08,80.18,80.98,275300
SNE,20130206,15.67,15.85,15.52,15.82,3638200
SNN,20130206,22.144,22.476,22.084,22.476,177200
SNP,20130206,87.6,88.3846,87.3615,88.3308,78400
SNV,20130206,18.76,19.11,18.55,19.11,5717300
SNX,20130206,36.43,36.65,36.34,36.53,68000
SNY,20130206,46.71,47.36,46.56,47.34,2133800
SO,20130206,43.54,43.86,43.37,43.83,8528800
SOL,20130206,10.6,10.9,10.55,10.8,443500
SON,20130206,31.25,31.55,31.23,31.54,195100
SOR,20130206,57.07,57.23,56.63,57.19,8700
SOV-C,20130206,25.59,25.59,25.59,25.59,0
SPA,20130206,15.35,15.5,14.05,14.73,150800
SPB,20130206,54.56,56.08,54.54,55.59,372000
SPE,20130206,16.3,16.3,16.19,16.2,5700
SPG,20130206,160.86,162.4,160.77,161.7,1140400
SPG-J,20130206,73,73,73,73,400
SPH,20130206,41.4,41.5,41.06,41.34,162200
SPLP,20130206,12.39,12.6,12.24,12.59,9300
SPN,20130206,25.22,25.58,24.95,25.39,2299100
SPR,20130206,16.27,16.47,16.24,16.39,720800
SQM,20130206,56.19,56.72,56.19,56.54,317200
SQNS,20130206,2.15,2.18,2.08,2.08,60700
SR,20130206,3.4,3.4,3.1,3.2,85500
SRC,20130206,19.84,19.9,19.65,19.83,181400
SRE,20130206,75.5,75.89,75.35,75.74,559800
SRF,20130206,21.51,21.72,21.45,21.51,40900
SRI,20130206,6.1,6.2,6.1,6.14,55100
SRT,20130206,4.38,4.47,4.38,4.45,12800
SRV,20130206,8.29,8.4,8.29,8.36,116700
SSD,20130206,31.84,32.1,31.72,31.97,239200
SSI,20130206,23.76,24.04,23.3,23.96,384700
SSL,20130206,43.4,43.5,43.16,43.5,115300
SSP,20130206,11.28,11.55,11.28,11.55,236500
SSTK,20130206,24.99,25.18,24.84,25.05,14400
SSW,20130206,19.88,20.09,19.8,20.08,138100
SSW-D,20130206,25.65,25.73,25.58,25.6,19000
ST,20130206,33.81,34.07,33.67,33.89,856400
STAG,20130206,20.19,20.36,20.11,20.34,268700
STC,20130206,27.42,27.78,27.26,27.78,84800
STE,20130206,37.9,39.88,37.81,39.84,886400
STI,20130206,28.62,28.84,28.5,28.74,6460700
STI-A,20130206,24.45,24.45,24.1,24.39,68100
STI-E,20130206,24.84,24.95,24.78,24.95,47400
STI.A,20130206,7.17,7.17,7.17,7.17,200
STI.B,20130206,3.06,3.06,3.05,3.05,6100
STK,20130206,15.61,15.74,15.61,15.7,57300
STL,20130206,9.72,9.86,9.65,9.84,85500
STM,20130206,8.38,8.63,8.37,8.62,1026300
STN,20130206,20.09,20.105,19.81,19.99,6600
STNG,20130206,7.94,7.94,7.72,7.78,317100
STO,20130206,26.29,26.44,26.26,26.44,986200
STON,20130206,25,25.23,24.92,25,215300
STT,20130206,55.83,56.5,55.78,56.38,3091500
STT-C,20130206,25.2,25.2,25.13,25.15,90400
STV,20130206,2.2,2.4,2.19,2.27,653400
STWD,20130206,3.6098,3.6435,3.6,3.6421,548800
STZ,20130206,30.85,31.55,30.68,31.37,5717000
STZ.B,20130206,31.12,31.12,31.12,31.12,0
SU,20130206,33.1,33.44,32.32,32.73,15441600
SUI,20130206,42.75,43.1,42.6,43.05,80600
SUI-A,20130206,25.15,25.16,25.08,25.08,13500
SUP,20130206,20.2,20.62,20.17,20.54,95600
SVU,20130206,3.87,3.89,3.84,3.86,3891400
SWFT,20130206,13.49,14.1,13.47,13.82,1390400
SWJ,20130206,26.04,26.04,25.95,25.97,62600
SWK,20130206,77.12,77.66,77.08,77.31,1709500
SWM,20130206,40.46,40.52,40.3,40.43,149200
SWN,20130206,34.06,34.5,33.96,34.46,2223800
SWX,20130206,44.67,44.91,44.34,44.83,79200
SWZ,20130206,12.17,12.26,12.17,12.24,45200
SXC,20130206,16.67,17.11,16.59,17.01,403700
SXCP,20130206,19.66,20.2,19.66,19.78,352700
SXE,20130206,23.05,23.4,23.05,23.15,69500
SXI,20130206,56.43,56.77,55.18,55.87,20100
SXT,20130206,37.93,38.29,37.54,37.97,142100
SYK,20130206,62.57,63.12,62.46,63.06,1404700
SYT,20130206,84.42,85.28,84.35,85.16,192800
SYX,20130206,10.07,10.22,9.91,10.12,10900
SYY,20130206,31.25,31.48,31.13,31.43,6954500
SZC,20130206,24.85,24.85,24.47,24.81,23700
T,20130206,35.16,35.49,35.1,35.43,34952700
TAC,20130206,16.63,16.63,16.41,16.48,53400
TAHO,20130206,16.74,17.25,16.69,17.18,123300
TAL,20130206,42.44,43.39,42.22,43.34,288100
TAP,20130206,44.38,44.42,44.02,44.11,1240600
TAP.A,20130206,44.51,44.51,44.51,44.51,300
TARO,20130206,50.4,50.5,50.02,50.46,12500
TBI,20130206,16.85,18.9,16.85,18.3,1734600
TCAP,20130206,28.88,29.36,28.41,28.47,329500
TCB,20130206,13.69,13.9,13.69,13.82,833200
TCB-B,20130206,27.13,27.2,27,27,3500
TCB-C,20130206,25.07,25.07,25.01,25.05,18000
TCB.W,20130206,2.35,2.35,2.35,2.35,100
TCCA,20130206,25.29,25.44,25.25,25.3,12800
TCI,20130206,4.35,4.38,4.35,4.38,300
TCO,20130206,81,82.15,80.88,81.44,427000
TCO-J,20130206,25.86,25.86,25.73,25.77,7500
TCP,20130206,43.09,43.68,43,43.68,117500
TD,20130206,41.5,41.745,41.385,41.685,380400
TDA,20130206,25.25,25.35,25.15,25.24,101900
TDC,20130206,67.64,67.84,66.24,66.55,2499900
TDE,20130206,26.86,26.95,26.86,26.86,9100
TDF,20130206,29.59,29.7,29.54,29.68,24400
TDG,20130206,139.12,140.05,138.25,139.74,587200
TDI,20130206,25.53,25.61,25.51,25.6,3200
TDJ,20130206,27.06,27.2,27.06,27.12,11100
TDS,20130206,25.38,25.63,25.23,25.6,458200
TDW,20130206,48.04,48.38,47.43,48.36,693700
TDY,20130206,68.48,69.23,68.32,69.01,97100
TEF,20130206,13.56,13.66,13.53,13.66,1017700
TEI,20130206,17.43,17.48,17.31,17.41,94600
TEL,20130206,39.42,40.12,39.33,40.07,1638100
TEN,20130206,36.45,37.04,36.22,36.42,742600
TEO,20130206,15.67,15.98,15.29,15.62,699800
TER,20130206,16.8,17.06,16.64,17,4993200
TEVA,20130206,37.71,38.21,37.53,38.16,8446500
TEX,20130206,32.41,33.17,32.41,32.96,1642500
TFX,20130206,75.96,76.77,75.94,76.75,142200
TG,20130206,22.47,22.74,22.44,22.73,31300
TGH,20130206,41.99,42.8,41.9,42.72,442500
TGI,20130206,69.84,70.75,69.79,70.69,271600
TGP,20130206,39.73,40.16,39.69,40.16,116000
TGS,20130206,1.97,1.97,1.89,1.91,76600
TGT,20130206,62.14,62.85,61.9,62.69,6059900
THC,20130206,38.69,39.41,38.45,39.25,1226200
THG,20130206,41.26,41.67,40.98,41.51,389300
THO,20130206,38.1,38.44,37.37,37.85,2463100
THR,20130206,23.49,24.14,23.44,23.5,491500
THS,20130206,54.07,54.64,53.94,54.14,114100
TI,20130206,9.07,9.16,9.06,9.12,267500
TI.A,20130206,7.93,7.97,7.92,7.96,57200
TIF,20130206,63.58,64.14,62.73,63.19,2021600
TISI,20130206,45.24,45.54,44.83,45.1,143400
TJX,20130206,45.46,45.75,45.26,45.45,3520600
TK,20130206,35.47,35.85,35.38,35.6,217200
TKC,20130206,15.51,15.53,15.35,15.43,492000
TKF,20130206,17.63,17.63,17.47,17.53,9100
TKR,20130206,54.71,56.2,54.33,56.08,1110000
TLI,20130206,13.18,13.27,13.18,13.26,24800
TLK,20130206,19.96,20.04,19.935,20.03,215800
TLLP,20130206,44.53,45,44.52,44.95,119900
TLP,20130206,41.23,41.36,40.76,41.2,26100
TLYS,20130206,13.94,14.02,13.84,13.91,82000
TM,20130206,101.73,102.8,101.46,102.8,1111000
TMK,20130206,36.54,37.24,36.5067,37.1867,769400
TMK-B,20130206,25.6,25.7,25.58,25.7,13100
TMO,20130206,74.26,74.26,73.58,73.83,2127300
TNC,20130206,46.31,46.71,46.25,46.71,38100
TNH,20130206,243.5,244.38,242,242.5,7100
TNK,20130206,2.83,2.92,2.83,2.88,237300
TNP,20130206,3.95,4.03,3.92,4.03,114700
TOL,20130206,36.44,36.75,36.3,36.55,2189300
TOO,20130206,27.35,27.42,26.87,27.33,248000
TOT,20130206,52.53,52.99,52.33,52.99,1484500
TOWR,20130206,9.63,10.01,9.57,10.01,19500
TPC,20130206,16.86,17.05,16.72,17.03,160300
TPH,20130206,18.03,18.72,17.81,18.16,427400
TPL,20130206,52.87,53.35,52.51,53.15,3500
TPX,20130206,38.67,39.14,38.47,38.58,950000
TPZ,20130206,26.23,26.55,26.15,26.42,13500
TR,20130206,27.05,27.51,27.05,27.45,56000
TRC,20130206,30.5,30.5,30.3,30.42,33600
TREX,20130206,20.625,20.78,20.46,20.68,83200
TRGP,20130206,60.23,60.76,60.15,60.76,249200
TRI,20130206,30.51,30.85,30.46,30.82,484300
TRK,20130206,16.63,16.73,16.48,16.61,16400
TRN,20130206,20.055,20.405,19.965,20.365,903700
TRN-A,20130206,26.65,26.7,26.56,26.56,800
TRNO,20130206,16.59,16.78,16.59,16.74,63700
TROX,20130206,18.76,19,18.68,18.75,440800
TRP,20130206,48.43,48.87,48.34,48.81,534000
TRQ,20130206,7.75,7.9,7.65,7.76,2313100
TRR,20130206,6.1,6.4,6.05,6.4,23000
TRV,20130206,78.18,78.98,78.03,78.96,2224100
TS,20130206,40.1,40.49,39.91,40.44,1564100
TSI,20130206,5.86,5.89,5.82,5.89,71000
TSM,20130206,18.24,18.28,17.99,18.04,5810200
TSN,20130206,23,23.46,22.99,23.39,4756000
TSO,20130206,50.11,51.85,50.02,51.16,4928400
TSS,20130206,23.24,23.39,23.1,23.36,913100
TSU,20130206,21.44,21.89,21.39,21.79,1931100
TTC,20130206,22.215,22.445,22.16,22.235,171900
TTF,20130206,22.29,22.37,22.28,22.37,14100
TTI,20130206,8.65,8.84,8.51,8.84,552000
TTM,20130206,26.97,27.29,26.95,27.2,881800
TTP,20130206,27.09,27.13,26.93,27.01,41100
TU,20130206,33.44,34.02,33.4,33.945,50600
TUP,20130206,75.78,76.28,75.68,76.07,596300
TV,20130206,28.8,28.8,28.39,28.47,970400
TVC,20130206,27.4,27.4,26.71,26.72,21600
TVE,20130206,26.27,26.39,26.27,26.36,8700
TWI,20130206,24.57,24.81,24.52,24.7,461700
TWN,20130206,16.86,16.93,16.86,16.89,18000
TWO,20130206,12.47,12.49,12.4,12.43,4833500
TWX,20130206,51.01,52.72,50.7,52.01,13206900
TX,20130206,23.39,23.57,23.36,23.4,521400
TXT,20130206,28.66,29.13,28.57,29.04,2090100
TY,20130206,17.03,17.07,16.97,17.07,71100
TY.P,20130206,49.88,49.88,49.66,49.83,3500
TYG,20130206,44.85,45.39,44.65,44.99,80600
TYL,20130206,53.64,54.25,53.31,54.22,181500
UA,20130206,12.64,12.7725,12.5,12.525,1261400
UAL,20130206,24.28,25.43,24.26,25.32,7331100
UAN,20130206,27.11,27.23,26.81,26.98,123700
UBA,20130206,20.38,20.45,20.15,20.4,41300
UBP,20130206,18.9,19.05,18.9,19.05,400
UBP-F,20130206,26.29,26.67,26.22,26.48,7000
UBS,20130206,17.08,17.3,17.06,17.28,2627200
UDR,20130206,23.33,23.76,23.25,23.61,3152800
UFI,20130206,13.82,14.1,13.82,13.93,53100
UFS,20130206,38.75,39.205,38.705,39.08,306900
UGI,20130206,23.5267,23.9667,23.5133,23.9133,756700
UGP,20130206,23.92,24.32,23.73,24.13,492300
UHS,20130206,56.17,57.12,56.17,56.8,442100
UHT,20130206,54.41,54.89,54.25,54.56,42600
UIS,20130206,23.68,24.07,23.61,23.99,713500
UL,20130206,39.8,39.91,39.77,39.91,663700
UMC,20130206,1.9,1.96,1.89,1.95,3436200
UMH,20130206,10.36,10.44,10.35,10.44,18800
UMH-A,20130206,26.35,26.35,26.35,26.35,300
UN,20130206,39.36,39.47,39.26,39.41,2048800
UNF,20130206,83.13,83.76,82.85,83.46,74700
UNH,20130206,57.44,57.54,57.1,57.38,5266000
UNM,20130206,23.03,24.12,23.02,23.86,4069500
UNP,20130206,66.175,66.675,66.175,66.62,1959300
UNT,20130206,48.64,49.06,48.33,48.89,183900
UPS,20130206,80.4,80.96,80.28,80.91,3733400
URI,20130206,51.56,52.65,51.02,52.55,1545500
USA,20130206,5.01,5.05,4.99,5.05,379000
USAC,20130206,17.75,17.9,17.65,17.79,140600
USB,20130206,32.98,33.63,32.98,33.61,12701900
USB-A,20130206,920,920,915,915,400
USB-H,20130206,24,24,23.92,23.97,137100
USB-M,20130206,28.86,28.92,28.82,28.83,40600
USG,20130206,29.32,29.4,28.06,28.62,5841300
USM,20130206,38.46,38.74,38.27,38.72,172500
USNA,20130206,39,39.34,36.14,37.93,758500
USPH,20130206,25.04,25.04,24.8,24.96,47700
UTF,20130206,19.49,19.51,19.38,19.5,144400
UTI,20130206,11,11.06,10.91,11,150200
UTL,20130206,26.67,26.8,26.36,26.78,33400
UTX,20130206,88.81,89.53,88.66,89.37,3344600
UVV,20130206,54.42,55.38,54.2,54.73,233600
UZA,20130206,26.98,27.05,26.96,27,17500
V,20130206,39.78,40.22,39.655,40.205,3767500
VAC,20130206,44.75,46.04,44.64,45.98,305200
VAL,20130206,66.91,67.92,66.91,67.55,329100
VAL.P,20130206,19.24,19.39,19.11,19.3,10682900
VALE,20130206,20.12,20.28,20,20.19,18357900
VAR,20130206,70.88,71.5,70.88,71.38,726300
VBF,20130206,20.67,20.7,20.51,20.6,24100
VC,20130206,55.9,57.37,55.78,56.17,496700
VCO,20130206,40.03,41.41,40.03,40.88,12500
VCRA,20130206,25.97,26.4,25.76,26.28,68200
VCV,20130206,13.89,13.9,13.85,13.9,70100
VFC,20130206,37.19,38.2725,37.19,37.815,1215900
VG,20130206,2.48,2.52,2.43,2.5,1483200
VGI,20130206,19.3,19.3,19.17,19.26,23800
VGM,20130206,15.73,15.8,15.7,15.74,91500
VGR,20130206,15.27,15.35,15.26,15.35,268000
VHI,20130206,15.8,15.91,15.29,15.81,17900
VIPS,20130206,1.843,2.105,1.839,2.056,434300
VIV,20130206,25.36,25.56,25.11,25.37,1165000
VKQ,20130206,14.89,14.93,14.87,14.93,66100
VLO,20130206,45.55,46.06,45.16,45.44,8980000
VLT,20130206,18.14,18.2,18.07,18.07,19000
VLY,20130206,9.76,9.92,9.75,9.87,822700
VLY-A,20130206,25.8,25.8,25.71,25.71,1400
VLY.W,20130206,0.71,0.72,0.71,0.72,600
VMC,20130206,56.12,56.52,55.77,56.22,967500
VMI,20130206,147.53,148.33,147,147.28,91200
VMO,20130206,15,15.04,14.96,15,117800
VMW,20130206,78,78.96,77.9,78.9,2310100
VNO,20130206,84.1,84.69,83.58,83.81,1042000
VNO-G,20130206,25.32,25.39,25.32,25.36,3200
VNO-I,20130206,25.34,25.35,25.3,25.32,60200
VNO-K,20130206,25.5,25.5,25.41,25.48,29900
VNO-L,20130206,24.54,24.67,24.54,24.67,63900
VNTV,20130206,20.84,20.93,20.76,20.93,637700
VOC,20130206,13.15,13.35,13.14,13.28,85700
VPG,20130206,13.35,13.45,13.3,13.45,8300
VPV,20130206,15.82,16.25,15.8,15.97,73900
VR,20130206,35.88,36.6,35.8,36.38,1290300
VRS,20130206,1,1.05,1,1.03,35800
VRX,20130206,66.52,66.99,66.43,66.91,627600
VSH,20130206,11.76,12.2,11.68,12.1,2341600
VSI,20130206,60.13,60.99,59.99,60.98,169200
VTA,20130206,13.27,13.3,13.23,13.28,289800
VTN,20130206,17.09,17.09,16.71,16.82,11900
VTR,20130206,66.15,66.67,66.05,66.66,1208300
VVC,20130206,31.68,31.82,31.52,31.81,377400
VVI,20130206,27.41,27.48,26.6,26.81,261700
VVR,20130206,5.55,5.57,5.51,5.55,810000
VZ,20130206,44.29,44.88,44.25,44.75,15116400
WAB,20130206,47.76,48.155,47.725,48,160600
WAC,20130206,44.96,45.88,44.69,45.5,240100
WAGE,20130206,19.91,20.9,19.76,20.78,201700
WAIR,20130206,13.53,13.95,13.47,13.89,201500
WAL,20130206,12.63,12.78,12.61,12.75,261200
WAT,20130206,91.41,92.27,91.16,92.21,379000
WBC,20130206,64.47,65.84,64,65.67,1297500
WBK,20130206,28.988,29.186,28.968,29.186,14700
WBS,20130206,22.41,22.67,22.18,22.62,531300
WBS-E,20130206,25.18,25.19,25,25.11,44500
WCC,20130206,72.4,73.2,72.18,73.16,476700
WCG,20130206,52.01,53.28,52,53.24,480000
WCN,20130206,35.68,35.78,35.49,35.73,742700
WD,20130206,21.27,21.72,21.27,21.7,110000
WDAY,20130206,52.01,52.19,51.71,51.99,324200
WDR,20130206,40.26,40.61,40.26,40.55,1023800
WEA,20130206,16.23,16.37,16.23,16.37,16800
WEC,20130206,39.58,39.77,39.38,39.72,1200700
WES,20130206,54.7,55.28,54.41,54.82,178000
WF,20130206,33.65,33.84,33.61,33.84,4900
WFC,20130206,34.83,34.98,34.71,34.97,24087100
WFC-J,20130206,29.63,29.64,29.47,29.53,97400
WFC-L,20130206,1275,1278,1275,1278,2600
WFC-N,20130206,25.11,25.13,25.07,25.1,145900
WFC-O,20130206,25.09,25.19,25.09,25.15,103500
WFC.W,20130206,10.9,10.9,10.48,10.74,37100
WFT,20130206,13.31,13.35,12.96,13.16,7512900
WG,20130206,6.69,6.83,6.61,6.83,119700
WGL,20130206,41.7,42.15,41.19,41.19,737500
WGO,20130206,18.27,18.42,18.13,18.22,233300
WGP,20130206,33.7,35.12,33.45,33.91,27100
WHG,20130206,42.4,42.59,41.73,41.98,2700
WHR,20130206,109.81,111.1,107.95,108.4,1374900
WIA,20130206,13.09,13.11,13.07,13.11,63700
WIT,20130206,9.4,9.47,9.35,9.42,292900
WIW,20130206,13.23,13.28,13.21,13.28,135800
WLK,20130206,45.09,45.395,44.935,45.335,482000
WLL,20130206,49.81,50.16,49.38,49.72,1444800
WM,20130206,35.84,36.13,35.6,36.1,3093600
WMB,20130206,35.53,35.78,35.26,35.78,4317000
WMC,20130206,21.72,21.79,21.52,21.72,281500
WMK,20130206,40.65,41.11,40.6,41.06,26400
WMS,20130206,24.27,24.66,24.27,24.64,1603300
WMT,20130206,70.48,71.32,70.3,71.31,9757800
WNC,20130206,10.46,10.7,9.9,10.1,3247800
WNR,20130206,35.59,35.75,34.92,35.38,1994000
WNS,20130206,12.8,13,12.28,12.38,355500
WOR,20130206,27.88,28.85,27.76,28.36,443800
WPC,20130206,56.2,57.12,56.2,57.01,186300
WPX,20130206,15.14,15.53,15.06,15.48,2976300
WPZ,20130206,50.05,50.29,49.66,50.26,480000
WR,20130206,30.19,30.52,30.08,30.49,459900
WRB,20130206,41.22,41.47,41.2,41.45,384900
WRD,20130206,23.22,23.32,23.06,23.27,5600
WRE,20130206,27.55,27.8,27.54,27.58,524300
WRI,20130206,29.15,29.62,29.15,29.5,920400
WSM,20130206,45.1,46.22,45.05,46.19,911000
WSO,20130206,74.48,75.4,74.48,75.23,260800
WSO.B,20130206,74.5,74.5,74.5,74.5,0
WSR,20130206,14.29,14.35,14.2,14.35,68600
WST,20130206,29.765,29.97,29.725,29.955,86200
WTI,20130206,17.95,18.18,17.78,18.17,449200
WTM,20130206,553,555.62,550.1,553.64,2500
WTR,20130206,21.936,22.376,21.928,22.32,708600
WTS,20130206,45.62,45.83,45.28,45.67,78900
WTW,20130206,51.95,53.29,51.69,53.1,730100
WU,20130206,14.72,14.8,14.66,14.78,10514500
WWE,20130206,8.47,8.57,8.44,8.53,160000
WWW,20130206,21.165,21.58,20.94,21.48,550700
WY,20130206,30.92,31.08,30.67,30.97,3598100
WYN,20130206,57.04,60.32,57.04,60.01,2959600
X,20130206,22.26,23.38,22.12,22.72,15722400
XCO,20130206,6.48,6.76,6.45,6.7,2694200
XEC,20130206,64.7,66.39,64.65,66.3,679300
XEL,20130206,27.78,27.83,27.59,27.83,1717600
XIN,20130206,3.79,3.79,3.72,3.76,152500
XKE,20130206,9.28,9.28,9.23,9.23,1700
XL,20130206,27.44,27.76,27.36,27.72,1790400
XNY,20130206,5.56,5.64,5.48,5.6,29000
XOM,20130206,89.29,89.89,86.59,89.79,11768600
XOXO,20130206,9.21,9.42,9.21,9.37,34200
XPO,20130206,17.2,17.23,16.76,16.92,247000
XRM,20130206,4.16,4.29,3.97,4.15,5900
XRX,20130206,7.98,8.03,7.95,7.99,8894500
XYL,20130206,27.61,28.03,27.54,27.85,1350600
Y,20130206,364.73,367.89,363.33,366.48,37600
YELP,20130206,21.44,22.63,20.8,22.38,2122400
YGE,20130206,32.1,32.9,31.6,32.4,2143600
YPF,20130206,16.65,17.33,16.63,17,523800
YUM,20130206,61.47,63.21,61.11,62.93,9061600
ZB-A,20130206,23.75,23.75,23.53,23.53,13300
ZB-F,20130206,28.73,28.97,28.73,28.9,2800
ZF,20130206,12.69,12.8,12.69,12.8,28100
ZNH,20130206,29.28,29.42,29.19,29.4,8300
ZTR,20130206,12.85,12.89,12.82,12.87,55100
ZTS,20130206,30.98,31.43,30.75,31.03,2126100
ZX,20130206,3.95,3.95,3.94,3.95,7300
