<ticker>,<date>,<open>,<high>,<low>,<close>,<vol>
A,20080619,37.42,38,37.27,37.9,2592000
AA,20080619,117.48,119.37,115.92,117.36,7518900
AAP,20080619,40.15,40.87,39.87,40.75,1575100
AAV,20080619,13.48,13.48,13.06,13.18,503100
AB,20080619,62.15,62.87,61.15,62.47,354900
ABB,20080619,30.53,31.1,30.33,31.06,3994600
ABC,20080619,19.87,20.02,19.755,19.9,1155100
ABG,20080619,13.74,13.94,13.58,13.81,419700
ABM,20080619,23.58,23.8,23.38,23.71,250400
ABR,20080619,11.15,11.48,10.4,10.66,637400
ABT,20080619,53.11,54.41,53,54.14,5705100
ABX,20080619,41.06,41.5,39.96,40.07,8761700
ACC,20080619,28.97,29.22,28.96,29.19,543900
ACH,20080619,34.25,34.86,33.38,34.55,2167800
ACM,20080619,32.3,32.6,30.84,31.8,1058000
ACN,20080619,38.56,39.83,38.51,39.66,1754300
ACV,20080619,26.75,26.91,26.46,26.6,567300
ADC,20080619,25.02,25.66,24.96,25.36,22600
ADM,20080619,33.13,33.35,32.78,33.12,6598300
ADS,20080619,61.37,62.5,61.04,61.99,805800
ADX,20080619,12.39,12.44,12.29,12.41,262800
AEB,20080619,19.05,19.12,18.25,18.25,12300
AED,20080619,19.58,19.63,19.11,19.19,28000
AEE,20080619,42.81,43.39,42.74,43.39,1046900
AEG,20080619,13.57,13.66,13.46,13.61,1247200
AEH,20080619,19.44,19.44,18.91,18.97,56600
AEL,20080619,11.52,11.62,11.36,11.55,212800
AEM,20080619,64.72,66.49,63.75,64,2702800
AEO,20080619,16.22,16.84,16.1,16.82,4219700
AEP,20080619,42,42.2,41.55,42.16,1773200
AER,20080619,13.28,13.46,13.08,13.26,378300
AES,20080619,19.98,20.8,19.88,20.24,3758200
AES-C,20080619,49.17,49.5,49.17,49.49,11100
AET,20080619,40.34,42.29,40.04,41.85,13124800
AF,20080619,22.14,22.17,21.15,21.39,2272000
AFB,20080619,13.89,13.89,13.75,13.77,24900
AFC,20080619,16.85,17.14,16.5,16.7,9700
AFG,20080619,28.51,28.69,28.17,28.54,484900
AFL,20080619,65.84,67,65.65,66.59,2389000
AG,20080619,57.5,58.28,56.5,56.7,1381200
AGC,20080619,14.41,14.59,14.36,14.46,60100
AGCO,20080619,57.5,58.28,56.5,56.7,1381200
AGD,20080619,34.32,34.6,34.28,34.56,63800
AGM,20080619,27.98,28.83,27.98,28.57,21500
AGM.A,20080619,16.69,18.25,16.69,17,600
AGN,20080619,54.72,55.91,54.63,55.7,1628400
AGO,20080619,23.62,23.78,22.18,22.5,3301200
AGU,20080619,113.26,113.26,108.21,108.42,7919800
AHC,20080619,7.41,7.53,6.96,7.01,434200
AHL,20080619,24.76,24.86,24.29,24.86,718600
AHL-A,20080619,22,22,22,22,500
AHT,20080619,5.4,5.43,5.22,5.35,1128100
AHT-A,20080619,18.94,18.94,18.94,18.94,100
AHT-D,20080619,19.25,19.25,18.37,18.37,4700
AIB,20080619,164.25,166.25,161.85,165.15,671500
AIG,20080619,647.6,666.2,639.4,661.4,41813600
AIN,20080619,32.12,32.89,31.94,32.89,144800
AIR,20080619,15.25,15.69,15.03,15.66,431100
AIT,20080619,26.53,27.04,26.33,26.65,430500
AIV,20080619,36.52,36.93,36.02,36.93,843100
AIZ,20080619,69.48,70.87,68.09,69.5,1271400
AJG,20080619,25.76,26.02,25.54,26,374700
AKO.A,20080619,15.18,15.5,15.09,15.29,32000
AKO.B,20080619,17.01,17.16,16.65,17.02,14500
AKP,20080619,14.16,14.22,14.1,14.12,7700
AKR,20080619,24.23,24.72,24.08,24.71,125500
AKS,20080619,70.76,71.75,69.94,71.13,2478600
ALB,20080619,44.12,44.71,43.76,44.38,197700
ALE,20080619,45,45.17,44.49,44.9,136200
ALG,20080619,24.62,24.7,23.94,24.64,32800
ALJ,20080619,13.75,14.13,13.6,13.79,446200
ALK,20080619,4.5475,5.02,4.5475,4.995,818200
ALL,20080619,48.59,49.16,48.1,48.65,4694100
ALP-O,20080619,23.9,23.9,23.9,23.9,2100
ALV,20080619,50.91,52.63,50.75,52.49,829500
ALX,20080619,342.77,354.17,341.05,354.17,4100
AM,20080619,17.99,18.57,17.99,18.56,375800
AME,20080619,22.7111,22.8755,22.5467,22.8,335900
AMG,20080619,101.22,101.6,98.95,101.6,504300
AMN,20080619,116.82,117.98,115,117.02,69800
AMP,20080619,45.91,46.14,44.51,46.14,2484500
AMT,20080619,44.09,44.5,43.76,44.25,2721600
AMX,20080619,26.75,27.115,26.58,26.59,7680900
AN,20080619,12.79,12.93,12.59,12.71,8651300
ANF,20080619,67.72,69.02,67.17,68.84,1710000
ANH,20080619,6.78,6.86,6.67,6.81,736000
ANH-A,20080619,22.2,22.2,21.8,22.15,1700
ANH-B,20080619,18,18,18,18,1000
ANW,20080619,41.65,42.88,41.15,42.2,359900
AOD,20080619,32.96,33.12,32.76,32.98,483000
AOI,20080619,55.1,58.1,54.8,57.9,782000
AON,20080619,47.23,47.99,46.98,47.91,2713800
AOS,20080619,5.96,5.9767,5.8334,5.9467,259700
AP,20080619,52.9,52.99,51.71,52.28,49400
APA,20080619,140.46,143.23,137.15,137.45,5993700
APB,20080619,19,19.19,18.91,18.99,80200
APC,20080619,81.02,81.02,76.25,76.87,6514200
APD,20080619,103.16,104.49,102.66,103.59,1370400
APF,20080619,18.95,19.06,18.87,19.05,23400
APH,20080619,24.225,24.915,24.22,24.79,598400
APU,20080619,32.61,32.92,32.22,32.35,57100
ARA,20080619,81.98,81.98,78.91,79.42,573100
ARE,20080619,102.46,103.73,100.92,103.72,250000
ARL,20080619,10.19,10.25,9.5,9.51,8800
ARW,20080619,32.32,32.34,31.64,32.08,1046900
ASA,20080619,26.2,26.4767,25.5633,25.6667,29800
ASG,20080619,4.89,4.93,4.85,4.91,34800
ASH,20080619,52.2,53.73,52.2,53.34,1153400
ASR,20080619,51.98,52.93,51.53,52.74,61700
ASX,20080619,4.93,4.96,4.86,4.96,248700
ATI,20080619,64.1,64.39,62.65,63.12,1826200
ATO,20080619,27.34,27.62,27.18,27.44,459500
ATR,20080619,42.21,43.13,42.21,42.89,367700
ATU,20080619,34.13,35.23,33.2,33.95,1215400
ATV,20080619,7.88,8,7.8,7.99,82300
ATW,20080619,54.52,54.52,52.485,52.695,658800
AU,20080619,31.96,31.96,30.63,30.7,1293400
AUO,20080619,16.84,17.1,16.6,17.01,3040100
AUY,20080619,14.89,15.03,14.46,14.48,7282700
AVA,20080619,22.13,22.13,21.54,21.6,417400
AVB,20080619,94.29,96.45,94.18,96.42,1061700
AVD,20080619,12.96,12.98,12.7,12.82,78100
AVK,20080619,22.72,22.79,22.62,22.73,29300
AVP,20080619,36.16,37.25,36,37.03,4464300
AVT,20080619,29.16,29.97,28.9,29.85,1389700
AVX,20080619,12.44,12.59,12.44,12.52,267800
AVY,20080619,47.11,47.64,46.77,47.37,918100
AWF,20080619,13.23,13.27,13.15,13.15,195900
AWH,20080619,14.4167,14.4167,14.04,14.3,174000
AWI,20080619,30.79,31.01,30.61,30.98,233000
AWK,20080619,23.09,23.09,22.7,22.89,683400
AWP,20080619,12.14,12.19,11.92,12.14,242600
AWR,20080619,18.03,18.25,17.95,18.135,57900
AXE,20080619,62.63,64.13,62.2,63.5,237900
AXL,20080619,11.71,12,10.87,11.49,4618200
AXP,20080619,42.08,42.79,41.22,42.63,12893500
AXR,20080619,54.09,55,54,54.99,6300
AXS,20080619,32.18,32.43,31.79,31.79,945100
AYI,20080619,52.07,53.74,52.06,53.5,407700
AYR,20080619,8.37,9.04,8.25,9.04,1743600
AZN,20080619,42.06,42.25,41.44,41.82,1555000
AZO,20080619,118.06,119.16,117.21,118.82,725100
AZZ,20080619,17.2,17.91,17.18,17.735,227000
B,20080619,25.3,26.12,25.13,26.07,369500
BA,20080619,75.05,77.21,74.68,76.95,7539600
BAC,20080619,28.46,28.47,26.98,28.14,104461600
BAC-C,20080619,23.01,23.2,22.64,22.65,68400
BAC-D,20080619,20.55,20.74,20.36,20.44,38800
BAC-E,20080619,17.75,17.77,17.47,17.63,36700
BAC-I,20080619,21.95,21.97,21.55,21.72,34200
BAC-L,20080619,954.75,956.75,936.5,952,131000
BAC-W,20080619,23.44,23.44,22.88,22.94,15600
BAC-Y,20080619,20.73,20.76,20,20.22,27300
BAF,20080619,12.75,12.76,12.64,12.69,9400
BAK,20080619,17.21,17.69,16.91,17.46,137200
BAM,20080619,23.3867,23.6933,23,23.6267,753700
BAP,20080619,84.54,85.01,83.78,84.54,178000
BAS,20080619,31.27,32.12,30.44,31.98,598200
BAX,20080619,60.84,63,60.75,62.88,5287000
BBD,20080619,16.697,16.7954,16.5606,16.6743,7569200
BBF,20080619,13.83,13.87,13.68,13.82,30300
BBG,20080619,57.94,58.28,55.3,55.46,477800
BBK,20080619,14.4,14.48,14.29,14.44,19300
BBL,20080619,77.8,78.36,76.9,77.3,575900
BBT,20080619,24.4,25.12,21.4,24.35,49616100
BBVA,20080619,20.23,20.51,20.2,20.51,1111000
BBW,20080619,8.05,8.3,8.02,8.27,356300
BBX,20080619,8.95,8.95,8.5,8.55,350000
BBY,20080619,43.04,43.76,42.6,43.51,6253300
BC,20080619,12.21,12.52,11.99,12.45,3481400
BCE,20080619,34.36,34.68,33.9,33.9,1781400
BCH,20080619,49.2,49.2,48,48.3,7000
BCO,20080619,67.2,68.32,66.95,68.32,270000
BCR,20080619,89.35,90.76,89.17,89.71,647700
BCS,20080619,25.37,25.68,24.96,25.57,2224700
BCS-A,20080619,22.7,23.12,22.54,22.67,52300
BCS-D,20080619,25,25,24.78,24.97,225000
BDC,20080619,36.99,37.9,36.98,37.9,766000
BDJ,20080619,10.56,10.61,10.45,10.55,189700
BDN,20080619,17.08,17.35,16.99,17.33,1337000
BDX,20080619,78.54,79.73,78.23,79.68,1655900
BEN,20080619,34.2733,34.76,33.7067,34.68,2010600
BEP,20080619,16.02,16.03,15.42,15.54,98600
BF.A,20080619,25.3834,25.6634,25.3834,25.6634,6800
BF.B,20080619,25.55,25.5734,25.2467,25.49,302300
BFK,20080619,13.65,13.66,13.54,13.59,56000
BFO,20080619,12.61,12.72,12.61,12.72,700
BFR,20080619,5.31,5.36,5.15,5.31,91500
BFS,20080619,46.73,47.65,46.4,47.65,47000
BFZ,20080619,14.07,14.24,14.07,14.24,24400
BG,20080619,120.96,122.35,118.14,121.08,1972000
BGC,20080619,66.84,67.37,65.56,67.04,374100
BGE-B,20080619,22.78,22.94,22.61,22.65,12500
BGG,20080619,14,14.2,13.75,14.06,875200
BGH,20080619,23.27,23.46,23.05,23.16,10400
BGR,20080619,37.3,37.57,36.58,36.58,98900
BGS,20080619,9.73,9.73,9.56,9.66,46600
BGT,20080619,15.55,15.57,15.42,15.51,59400
BGY,20080619,16.23,16.32,16,16.05,365800
BHE,20080619,17.47,17.78,17.37,17.76,374400
BHI,20080619,87.29,87.9,85.29,86.28,4412100
BHK,20080619,11.7,11.8,11.67,11.75,69400
BHL,20080619,14.05,14.37,14,14.1,22200
BHP,20080619,87.17,87.9,86.25,86.77,3655200
BID,20080619,26.39,26.78,26.02,26.61,1622400
BIF,20080619,7.81,7.88,7.81,7.85,154900
BIG,20080619,32.93,34.46,32.67,34.46,3126300
BIP,20080619,13.3267,13.3267,12.7333,12.8667,15500
BJZ,20080619,15,15.12,14.78,14.97,12200
BK,20080619,40.45,40.82,39.4,40.74,10266800
BKD,20080619,24.58,24.65,23.96,23.99,426500
BKE,20080619,48.39,49.42,48.21,49.22,297100
BKH,20080619,35.12,35.35,34.93,35.2,225600
BKK,20080619,14.31,14.55,14,14.55,40200
BKN,20080619,13.77,13.84,13.29,13.54,52300
BKS,20080619,26.56,27.42,26.3,27.28,838200
BKT,20080619,5.82,5.89,5.82,5.87,86700
BLH,20080619,16.06,16.2,15.98,16.02,2800
BLK,20080619,204.5,206.55,199.76,206.03,526100
BLL,20080619,25.875,26.335,25.635,26.235,521400
BLW,20080619,15.47,15.61,15.47,15.49,56000
BLX,20080619,16.8,16.89,16.39,16.55,211000
BMA,20080619,19.05,19.06,18.69,18.98,124600
BME,20080619,24.69,24.69,24.49,24.55,11300
BMI,20080619,48.89,49.63,48.24,49.34,54800
BMO,20080619,44.89,44.9,43.85,44.16,312700
BMS,20080619,24.18,24.43,24.15,24.32,1084400
BMY,20080619,19.85,20.12,19.55,19.92,12467700
BNJ,20080619,16.22,16.23,16,16.11,6800
BNS,20080619,50.42,50.44,49.38,49.77,380600
BNY,20080619,15.28,15.29,15.18,15.21,5400
BOE,20080619,26.5,26.67,26.5,26.65,12300
BOH,20080619,49.85,50.27,48.65,50.21,808300
BP,20080619,68.99,69.16,67.22,67.42,4792400
BPK,20080619,15.5,15.6,15.49,15.57,6900
BPL,20080619,44.56,44.83,43.79,43.94,74600
BPT,20080619,98.99,98.99,96.05,97.3,253900
BQH,20080619,15.66,15.7,15.66,15.7,700
BR,20080619,22.39,22.8,21.99,22.68,500400
BRC,20080619,37.76,37.97,36.99,37.96,239700
BRK.A,20080619,125900,125900,123700,124990,300
BRK.B,20080619,83.7,83.84,80.2,83.26,11800
BRO,20080619,19.61,20.12,19.52,20.11,658300
BRS,20080619,48.38,49.58,48.06,49.05,499200
BRT,20080619,14.43,15.25,14.4,14.59,76000
BSD,20080619,13.61,13.61,13.57,13.57,6300
BSE,20080619,13.5,13.58,13.5,13.55,2500
BSX,20080619,13.38,13.7,13.15,13.27,9910800
BT,20080619,20.88,20.915,20.505,20.69,201200
BTA,20080619,11.24,11.26,11.07,11.07,101900
BTE,20080619,32.48,32.58,32.04,32.19,211700
BTO,20080619,19.12,19.2,18.56,19,356300
BTZ,20080619,15.97,16.09,15.54,15.81,249800
BUD,20080619,61.8,62.18,60.97,61.05,18026600
BVN,20080619,16,16.073,15.408,15.443,502800
BW,20080619,32.11,32.79,31.91,32.64,207000
BWA,20080619,24.225,25.45,23.985,25.38,1791300
BWP,20080619,24,24.28,23.78,24.17,666200
BX,20080619,18.19,18.45,17.9,18.4,1306700
BXC,20080619,48.3,48.3,41.5,43.7,147600
BXP,20080619,96.49,99,96.04,98.89,1127600
BXS,20080619,20.39,20.72,19.7,20.14,1258400
BYD,20080619,15.2,15.76,14.97,15.73,1437300
BYM,20080619,13.66,13.74,13.56,13.69,31300
BZH,20080619,28,30.95,27.2,29,2052800
C,20080619,204.7,207.1,194.1,201.7,15179050
C-P,20080619,23.65,23.71,22.75,23.3,1214800
C-S,20080619,19.1,19.15,18.75,18.87,35900
CAB,20080619,12.73,13,12.57,12.98,387000
CACI,20080619,51.57,52.29,50.58,52,478900
CAE,20080619,44.68,46.4,44.67,46.32,71200
CAF,20080619,39.5,40.26,38.71,39.35,326000
CAG,20080619,22.01,22.15,21.9,22.06,3380300
CAH,20080619,52.26,52.94,52.11,52.47,1457000
CAI,20080619,51.57,52.29,50.58,52,478900
CAJ,20080619,50.93,51.3,50.46,50.65,726400
CAL,20080619,13.44,15.81,13.21,15.59,11286400
CAS,20080619,30.7,30.87,29.93,30.85,112400
CAT,20080619,79.57,80.34,78.73,79.48,6049000
CB,20080619,52,52.69,51.73,52.35,3501700
CBB,20080619,20.15,20.55,20.1,20.55,1614900
CBB-B,20080619,41,41,40.41,40.49,1900
CBD,20080619,23.79,23.88,23.12,23.215,306500
CBG,20080619,20.09,21.2,19.9,21.08,2262700
CBI,20080619,41.89,42.94,41.47,42.49,839100
CBK,20080619,9.53,9.56,9.35,9.46,640900
CBL,20080619,25.62,25.83,25.29,25.73,876000
CBL-D,20080619,20.5,20.5,20.45,20.5,1200
CBM,20080619,6.37,6.68,6.35,6.66,223200
CBR,20080619,6.91,6.98,6.83,6.98,153100
CBS,20080619,20.32,20.57,20.06,20.43,6686100
CBS.A,20080619,20.24,20.55,20.09,20.44,25800
CBT,20080619,29.06,29.31,28.77,29.25,386300
CBU,20080619,22.24,22.63,21.91,22.63,318300
CBZ,20080619,8,8.15,8,8.15,117300
CC,20080619,4.16,4.26,3.72,3.98,9134600
CCC,20080619,18.52,18.96,17.81,18.21,623400
CCE,20080619,18.29,18.34,18.16,18.28,2802400
CCI,20080619,42.04,42.51,41.78,42.47,1199200
CCJ,20080619,37.54,37.64,36.58,37.07,1542100
CCK,20080619,27.71,28.21,27.59,27.98,701000
CCL,20080619,34.1,37.06,33.87,36.84,12320800
CCO,20080619,18.3,18.71,18.25,18.61,122200
CCS,20080619,22.09,22.19,21.68,21.84,33600
CCU,20080619,14.18,14.212,14.164,14.2,4189100
CCZ,20080619,34.5,34.5,34.5,34.5,0
CDE,20080619,28.8,30.6,28.5,29.2,13371200
CDI,20080619,26.49,26.97,26.13,26.97,101100
CDR,20080619,12.02,12.28,11.92,12.28,210600
CE,20080619,48.88,49.93,48.86,49.44,1056400
CEA,20080619,17.055,17.055,16.6,16.625,70700
CEE,20080619,54.73,55.62,54.53,55.02,58300
CEL,20080619,34.62,35.07,34.43,34.7,127400
CEM,20080619,8.3,8.43,8.18,8.39,1662400
CEO,20080619,166.79,168.94,162.6,163.2,734200
CF,20080619,34.316,34.33,32.276,32.432,2565600
CFC-B,20080619,17.3,18.36,16.75,17.99,197300
CFI,20080619,7.25,7.51,7.08,7.23,32000
CFR,20080619,51.88,52.74,50.69,52.72,656800
CFX,20080619,24.48,24.64,23.02,23.79,555900
CHA,20080619,57.75,57.89,56.63,57.34,401900
CHD,20080619,14.2275,14.3125,14.0575,14.16,278900
CHE,20080619,36.22,36.94,36.01,36.7,275800
CHH,20080619,28.42,29.66,28.2,29.58,395400
CHK,20080619,67.64,68.1,62.78,63.39,19398200
CHK-D,20080619,159.25,162.05,156,156,47300
CHL,20080619,69.49,69.49,68.01,69.16,2483600
CHN,20080619,32.25,32.35,32.02,32.02,46000
CHS,20080619,6.52,6.83,6.43,6.57,2971300
CHT,20080619,24.91,25.13,24.65,24.94,684400
CHU,20080619,19.02,19.15,18.68,18.97,1577500
CI,20080619,37.99,38.34,36.25,36.94,8055300
CIA,20080619,6.21,6.7,6.13,6.4,95400
CIB,20080619,36.35,36.35,33.7,34.49,664900
CIF,20080619,3,3.06,2.98,2.98,21700
CIG,20080619,12.288,12.6362,12.1395,12.503,2163000
CIG.C,20080619,20.75,20.75,20.75,20.75,0
CII,20080619,18.07,18.12,17.95,18.1,21700
CIM,20080619,10.87,11.07,10.7,11.03,165100
CIR,20080619,53.09,53.95,52.84,53.85,78100
CIT,20080619,9.67,9.67,9.14,9.39,7123300
CKH,20080619,91.2,91.2,89.37,89.97,126000
CL,20080619,35.855,36.08,35.615,35.78,3466500
CLB,20080619,71.29,72.395,69.64,69.845,188600
CLC,20080619,38.6,38.61,37.55,38.46,704300
CLF,20080619,105.78,107.6,104.37,105.86,2403100
CLI,20080619,35.48,36.54,35.31,36.54,397700
CLR,20080619,37.14,37.43,34.34,35.225,1199400
CLS,20080619,8.95,9.14,8.74,9.08,1514100
CLX,20080619,53.09,54.14,53,54,1252900
CM,20080619,63.68,63.68,62.35,62.67,564500
CMA,20080619,29.35,29.47,27.13,28.73,8120100
CMC,20080619,37.15,39.41,37.11,39.41,2643400
CMG,20080619,90.55,93.28,88.96,93.21,594100
CMI,20080619,72,73,70.73,72.37,1616000
CMO,20080619,12.46,12.56,12.33,12.5,703800
CMP,20080619,85.9,87.88,84.38,85.61,700900
CMS,20080619,15.68,15.78,15.61,15.65,4276200
CMS-B,20080619,79,79,79,79,100
CMU,20080619,5.01,5.03,5,5.03,5600
CNA,20080619,28.6,28.72,27.67,28.58,743000
CNC,20080619,9.15,9.17,8.875,9.105,665600
CNI,20080619,24.875,25.31,24.65,25.12,1344200
CNK,20080619,12.26,12.67,12.26,12.67,216900
CNO,20080619,11.23,11.39,11.05,11.24,673700
CNP,20080619,16.45,16.56,16.4,16.52,2795300
CNQ,20080619,53.995,54.06,50.67,50.75,3672400
CNS,20080619,29.14,30.16,28.9,30.13,186800
CNX,20080619,118.64,119.1,110,110.41,4780800
COF,20080619,42.4,42.7,40.5,41.88,11167100
COG,20080619,17.0425,17.3675,16.3875,16.775,1725300
COH,20080619,32.06,32.5,31.37,32.38,7205900
COL,20080619,51.84,51.88,51.25,51.6,2001400
COO,20080619,38.8,39.08,38.38,38.76,642500
COP,20080619,95.89,95.94,93.38,93.66,11994000
COT,20080619,2.54,3,2.54,2.99,1158700
CP,20080619,64.38,65.74,63.81,65.4,1036500
CPA,20080619,30.23,32.24,30.23,32.17,886900
CPB,20080619,33.67,33.91,33.5,33.84,1580300
CPE,20080619,27.86,28.31,27.03,27.08,431300
CPF,20080619,225.8,229.8,216.8,229.2,492300
CPK,20080619,18.2,18.2667,18,18.2,30700
CPL,20080619,21.4967,21.6667,20.8333,21.14,258400
CPN,20080619,22.7,22.95,22.54,22.87,1411600
CPS,20080619,48.68,48.75,48.51,48.56,1472500
CPT,20080619,47.23,48.98,47.05,48.78,523800
CR,20080619,40.85,41.38,40.79,41.38,489200
CRD.A,20080619,5.92,6.02,5.92,6.02,5300
CRD.B,20080619,7.28,7.46,7.25,7.45,16400
CRH,20080619,29.27,29.66,29.12,29.55,88100
CRI,20080619,14.51,15.26,14.5,15.23,523700
CRK,20080619,379.45,398.7,368.9,390.75,2907300
CRL,20080619,63.96,64.85,63.77,64.74,346500
CRM,20080619,17.7325,18.77,17.7125,18.3875,1795600
CRR,20080619,57.28,57.66,56.37,56.44,392100
CRS,20080619,46.9,46.95,45.56,46.37,1085600
CRT,20080619,52.75,53.35,51.35,52.11,37700
CRY,20080619,11.39,11.45,11.19,11.32,118300
CS,20080619,46.71,47.11,46.24,47,788300
CSC,20080619,47.48,48.52,47.3,48.42,961600
CSL,20080619,30.96,31.4,30.42,31.12,399600
CSS,20080619,27.1,27.1,26.8,26.91,24600
CSU,20080619,7.65,7.97,7.64,7.97,19400
CSV,20080619,6.37,6.95,6.35,6.67,93000
CTB,20080619,8.67,9.05,8.5,8.95,1233500
CTL,20080619,32.09,32.27,31.75,32.01,813500
CTR,20080619,16.14,16.52,15.93,16.52,293200
CTS,20080619,10.6,10.83,10.47,10.82,123000
CTV,20080619,54.63,55.85,53.82,55.53,640900
CTX,20080619,15.16,15.77,14.88,15.63,6452200
CUB,20080619,22.08,22.34,22,22.34,87700
CUK,20080619,33.35,35.71,33.18,35.57,596200
CUZ,20080619,25,25.36,24.62,25.23,270300
CVA,20080619,27.71,27.71,27.31,27.55,640800
CVB,20080619,9.92,9.99,9.88,9.99,1100
CVG,20080619,15.36,15.68,15.31,15.66,538300
CVI,20080619,25.17,25.17,24.04,24.75,232400
CVO,20080619,91.04,91.28,88.8,91.28,268600
CVS,20080619,41.04,41.69,40.74,41.5,8183500
CVX,20080619,99.56,100.04,96.86,96.86,15344000
CW,20080619,48.14,49.44,47.35,49.44,390700
CWT,20080619,18.125,18.43,18.105,18.375,62000
CX,20080619,24.54,24.76,23.96,24.35,10250100
CXE,20080619,5.36,5.37,5.24,5.27,54000
CXH,20080619,9.31,9.35,9.29,9.29,15300
CXO,20080619,39.85,40.76,39.07,39.5,1040000
CXP,20080619,14.27,14.3,14.26,14.28,2200
CXW,20080619,26.63,27.28,26.47,27.25,441300
CYD,20080619,11,11.1,10.7,11.03,192500
CYH,20080619,33.39,34.1,32.86,33.93,1139000
CZZ,20080619,12.81,12.89,12.11,12.32,821700
D,20080619,46.85,47.75,46.85,47.52,2767000
DAC,20080619,24.09,24.56,23.75,24.23,56800
DAL,20080619,5.47,6.38,5.44,6.38,13867500
DAN,20080619,8.66,8.72,7.99,8.02,1062100
DAR,20080619,17.17,17.45,17.02,17.29,1009600
DB,20080619,94.58,95.05,93.55,94.96,517000
DBD,20080619,38.03,38.09,37.51,37.74,688900
DCA,20080619,5.77,5.83,5.73,5.73,75700
DCI,20080619,24.705,25.235,24.705,25.22,526400
DCM,20080619,14.45,14.48,14.31,14.42,102700
DCO,20080619,24.1,25.49,24.1,25.27,82800
DCT,20080619,35.92,37.12,35.76,37.04,1050700
DD,20080619,46.5,47.7,46.45,47.4,6453600
DD-A,20080619,65,65,65,65,0
DD-B,20080619,81.1,81.1,81.1,81.1,700
DDD,20080619,3.8133,3.9733,3.75,3.8733,49500
DDE,20080619,7.67,7.85,7.58,7.83,20900
DDF,20080619,9.85,9.95,9.8,9.8,26000
DDR,20080619,36.55,37.85,36.44,37.77,2008800
DDS,20080619,13.63,13.81,13.4,13.75,1418200
DDT,20080619,17,17.43,16.75,16.95,14600
DE,20080619,77.71,78.36,77.4,77.68,3367700
DECK,20080619,44.7967,45.6333,44.1067,45.5167,891900
DEI,20080619,22.79,23.37,22.55,23.28,885900
DEL,20080619,54.82,55.96,54.1,55.96,31900
DEO,20080619,73.68,73.97,72.34,73.31,1069300
DEX,20080619,13.97,14,13.74,14,50300
DF,20080619,36.7,37.44,36.7,37.36,5102800
DFP,20080619,19.82,20.44,19.35,19.92,4800
DFS,20080619,14.97,15.27,14.37,14.82,8063100
DFT,20080619,18.59,19.38,18.57,19.34,258900
DGX,20080619,48.25,48.78,48.03,48.54,716000
DHF,20080619,3.66,3.69,3.66,3.67,103900
DHG,20080619,14.1,14.1,13.77,13.98,205600
DHI,20080619,12.21,12.64,11.95,12.56,8150200
DHR,20080619,40.05,41.19,39.915,41,2463700
DHT,20080619,129.96,130.32,127.32,128.88,494600
DHX,20080619,7.5,7.76,7.37,7.65,82400
DIN,20080619,44.09,44.58,43.4,44.01,140800
DIS,20080619,32.96,33.12,32.57,32.89,13912900
DK,20080619,10.44,10.97,10.34,10.9,219300
DKL,20080619,15.63,15.85,15.59,15.61,6200
DKS,20080619,21.47,21.76,20.93,21.53,2559500
DKT,20080619,24.92,25.01,24.81,25,602200
DLB,20080619,45.95,45.95,44.43,45,418500
DLR,20080619,42.02,43.26,41.77,43.23,583500
DLX,20080619,19.64,19.94,19.52,19.62,626000
DM,20080619,19.84,20.39,19.8,20.39,34400
DNB,20080619,91.89,92,91.29,91.79,134700
DNP,20080619,10.92,11.01,10.89,11,165900
DNR,20080619,39.7,40.32,38.28,38.36,3733500
DO,20080619,137.41,137.78,130.54,130.73,2301700
DOV,20080619,51.28,52.43,51.16,52.27,1151000
DOW,20080619,38.19,38.63,38.02,38.29,7524300
DPM,20080619,31.02,31.15,30.1,30.26,103700
DPS,20080619,23.85,24.01,23.4,23.89,2262000
DPZ,20080619,12.3,12.59,12.15,12.39,335800
DRE,20080619,22.39,23.27,22.19,23.27,1423400
DRH,20080619,11.69,12.08,11.66,12.07,1080700
DRI,20080619,31.5,32.36,31.01,32.14,1988800
DRQ,20080619,62.3,63.66,61.87,62.53,364800
DSL,20080619,4.1,4.21,3.61,3.69,1563000
DSM,20080619,7.63,7.63,7.51,7.57,98800
DST,20080619,60.31,60.72,59.84,60.4,643700
DSU,20080619,17.01,17.01,16.5,16.59,492300
DSW,20080619,6.92,7.01,6.875,6.96,337100
DSX,20080619,32.1,32.93,31.81,32.81,934300
DTE,20080619,43.46,44.08,43.45,43.85,802000
DTF,20080619,13.48,13.51,13.39,13.51,26000
DTK,20080619,23.84,23.99,23.2,23.43,189000
DUC,20080619,11.03,11.05,10.76,10.94,56000
DUK,20080619,54.06,54.39,53.82,54.36,7793300
DV,20080619,59.94,60.63,59.05,60.39,768600
DVA,20080619,25.18,25.66,24.635,25.52,754300
DVD,20080619,6.09,6.1,5.91,5.95,32800
DVN,20080619,123.26,124.84,118.69,118.89,5976400
DW,20080619,19.15,19.21,18.26,18.79,343000
DX,20080619,8.62,8.69,8.6,8.67,1500
DXB,20080619,21.1,21.25,20.79,21.02,61800
DY,20080619,16.83,17.22,16.8,17.2,316500
DYN,20080619,47.75,47.75,46.65,47.15,7625200
E,20080619,75.71,75.89,74.11,74.32,712400
EAT,20080619,19.07,19.1,18.48,19.07,1749100
EBF,20080619,18.34,18.68,18.11,18.32,71700
EBS,20080619,11.14,11.14,10.72,11.02,99400
ECA,20080619,96.6,96.6,90.55,90.7,4012900
ECL,20080619,44.72,45.29,44.47,44.94,865600
ED,20080619,40.02,40.44,39.97,40.32,2257000
EDD,20080619,15.6,15.96,15.35,15.95,1118300
EDE,20080619,19.88,20.12,19.88,20.12,175600
EDF,20080619,12.85,12.96,12.81,12.81,47400
EDN,20080619,12.92,13.1,12.72,12.81,39000
EDR,20080619,37.8,38.16,37.53,38.13,67500
EDU,20080619,15.7375,16.2125,15.5,16.13,386300
EE,20080619,21.47,21.73,21.3,21.66,202400
EEA,20080619,10.4,10.4,10.32,10.38,9400
EEP,20080619,26.3,26.3,25.56,25.695,326900
EEQ,20080619,26.235,26.24,25.8,25.91,26700
EFR,20080619,14.98,15,14.82,14.86,68700
EFT,20080619,15.06,15.13,15.05,15.1,71000
EFX,20080619,34.97,35.72,34.84,35.67,812800
EGF,20080619,16.65,16.88,16.59,16.8,23400
EGN,20080619,77.34,78.91,77.31,78.17,687900
EGP,20080619,43.67,45.37,43.58,45.37,145700
EGY,20080619,8.9,8.9,8.21,8.31,1072900
EHI,20080619,11.72,11.78,11.67,11.69,141100
EIG,20080619,19.22,19.49,19.09,19.43,190200
EIX,20080619,51.89,52.65,51.65,52.65,1962700
EL,20080619,23.46,23.76,23.365,23.645,962500
ELP,20080619,18.83,19.13,18.67,19.06,483700
ELS,20080619,23.64,24.05,23.585,23.975,149100
ELY,20080619,12.07,12.21,11.88,12.21,999900
EMD,20080619,13.07,13.12,12.94,12.94,13400
EME,20080619,28.02,29.14,27.95,28.92,789100
EMF,20080619,21.05,21.2,20.97,21.05,31900
EMN,20080619,37.03,37.29,36.675,36.83,718000
EMO,20080619,25.3,25.35,25.06,25.06,1600
EMR,20080619,54.17,54.86,53.97,54.51,4277000
ENB,20080619,22.67,22.7,22.145,22.23,354700
ENH,20080619,32.55,33.4,32.31,33.29,696700
ENR,20080619,77.93,78.48,77.35,77.43,328400
ENS,20080619,37.4,37.71,36.43,37.14,933100
ENZ,20080619,11.03,11.36,10.89,11.3,144300
EOD,20080619,16.3,16.47,15.9,15.97,132200
EOG,20080619,67.445,67.55,65.1,65.15,3587700
EOI,20080619,18.45,18.45,18.31,18.45,65600
EOS,20080619,18.19,18.3,18.05,18.08,108400
EP-C,20080619,41.38,41.38,40.65,40.95,2100
EPD,20080619,15.15,15.31,15.005,15.035,359100
EPE,20080619,31.4,31.46,31.14,31.3,116800
EPR,20080619,53.39,55.03,53,54.99,339900
EPR-C,20080619,21.5,21.5,21.5,21.5,300
EPR-E,20080619,27.75,28,27.21,28,18700
EQR,20080619,40.75,41.61,40.3,41.61,2060600
EQS,20080619,7.03,7.03,7,7,5300
EQT,20080619,71.16,72.16,68.83,68.99,1432800
EQY,20080619,21.54,22.03,21.43,22.03,285200
ERF,20080619,47.52,47.55,45.8,45.99,658500
ERJ,20080619,29.4,30,29.33,29.85,2122400
ES,20080619,26.24,27.42,23.74,24.22,1119400
ESD,20080619,18.07,18.08,17.93,18.04,80100
ESE,20080619,48.87,49.77,48.69,49.77,178200
ESL,20080619,51.89,53.84,51.77,53.84,204100
ESS,20080619,114.76,116.3,113.88,116.3,216500
ESV,20080619,83.24,83.24,79.24,79.37,3764100
ETB,20080619,17.82,17.99,17.77,17.83,28900
ETE,20080619,15.41,15.6,15.205,15.34,235700
ETG,20080619,23.05,23.07,22.82,22.86,150600
ETH,20080619,26.26,26.81,25.63,26.76,439700
ETJ,20080619,18.84,18.89,18.67,18.69,254200
ETM,20080619,7.83,8,7.8,7.99,251400
ETN,20080619,47.085,47.99,46.91,47.96,1444900
ETO,20080619,31.18,31.32,31.05,31.08,47200
ETP,20080619,46.96,47.02,46,46.42,284900
ETR,20080619,120.91,122.5,120.14,122.15,2091900
ETV,20080619,17.03,17.07,16.77,16.81,172800
ETW,20080619,16.23,16.33,16.12,16.19,219800
ETY,20080619,16.02,16.14,15.95,16.02,260600
EV,20080619,42.89,44.4,42.82,44.39,2116400
EVC,20080619,4.58,4.7,4.48,4.59,195300
EVF,20080619,6.85,6.92,6.85,6.86,95400
EVG,20080619,15.77,15.78,15.64,15.64,58100
EVN,20080619,13.7,13.7,13.58,13.58,23400
EVR,20080619,11.26,11.26,10.76,11.15,218300
EVT,20080619,24.35,24.35,24.02,24.18,116900
EW,20080619,15.155,15.575,15.145,15.5,866000
EXC,20080619,89.69,91.15,89.6,90.45,3025200
EXG,20080619,16.24,16.33,16.12,16.18,470700
EXP,20080619,28.84,30.91,28.71,30.8,1128600
EXR,20080619,15.51,15.96,15.34,15.95,599900
F,20080619,6.32,6.35,6.13,6.32,39758300
FAC,20080619,4.24,4.26,4.12,4.19,49500
FAF,20080619,29.96,30.16,29.47,29.64,2492800
FAM,20080619,16.52,16.58,16.41,16.42,49000
FBC,20080619,350,356,330,342,581600
FBP,20080619,125.85,126,120.6,124.95,1554800
FBR,20080619,1.51,1.61,1.51,1.61,514200
FC,20080619,8.91,9,8.9,8.95,5500
FCE.A,20080619,36.38,36.71,35.76,36.24,469000
FCE.B,20080619,36.27,36.4,35.81,36.3,10700
FCF,20080619,10.07,10.75,9.84,10.36,1207700
FCH,20080619,12.47,12.58,12.29,12.57,1019500
FCH-A,20080619,19.89,19.99,19.85,19.99,1800
FCN,20080619,66.24,66.53,65.27,65.8,928900
FCT,20080619,14.64,14.75,14.61,14.75,31000
FCX,20080619,61.75,62.275,60.225,60.28,8427100
FDP,20080619,26.71,26.96,26.27,26.55,938800
FDS,20080619,64.34,66.67,63.59,66.38,696800
FDX,20080619,82.22,82.87,80.33,81.73,6201300
FE,20080619,79.78,81.64,79.63,81.58,2614200
FEO,20080619,18.5,18.5,18.3,18.34,20000
FF,20080619,8.85,8.86,8.67,8.75,65400
FFA,20080619,14.16,14.19,13.96,14.1,68900
FFC,20080619,14.72,14.82,14.56,14.63,119600
FFG,20080619,23.33,23.54,22.63,23.04,128300
FGB,20080619,10.98,11.06,10.76,10.94,50600
FGP,20080619,20.97,21.13,20.36,20.65,231600
FHN,20080619,8.06,8.06,7.45,7.85,8222400
FHY,20080619,35.1,35.61,35.1,35.37,27600
FIF,20080619,25.08,25.12,24.56,25,190600
FIG,20080619,12.41,12.59,12.36,12.51,433900
FII,20080619,36.93,37.72,36.5,37.72,715600
FIS,20080619,38.82,39.42,38.63,39.35,1139000
FIX,20080619,13.08,13.38,13.08,13.25,207100
FL,20080619,13.46,13.67,13.32,13.62,2387800
FLC,20080619,15.15,15.2,15.05,15.09,17100
FLO,20080619,12.4489,12.4889,12.2267,12.2711,600700
FLR,20080619,94.965,96.135,94,94.935,1042400
FLS,20080619,44.9333,45.7,44.8967,45.1433,434100
FLY,20080619,10.3,10.8,10.28,10.65,248200
FMC,20080619,39.565,39.95,39.03,39.11,763200
FMN,20080619,13.63,13.65,13.58,13.6,3800
FMO,20080619,21.99,22.78,21.94,22.5,49200
FMS,20080619,27.15,27.215,27.035,27.115,51200
FMX,20080619,42.36,43.23,41.94,42.99,672500
FMY,20080619,17,17.18,17,17.13,3900
FNB,20080619,12.94,13.1,12.49,12.73,1131800
FNF,20080619,14.09,14.34,13.91,14.29,3176600
FOE,20080619,20.09,20.19,19.82,19.93,216100
FOF,20080619,15.65,15.69,15.55,15.59,57700
FOR,20080619,23.38,23.65,22.93,23.5,153600
FPL,20080619,67,67.51,66.33,67.48,1942000
FPO,20080619,16.64,17.14,16.64,17.1,372500
FPT,20080619,12.6,12.65,12.6,12.63,2000
FR,20080619,29.41,30.15,29.24,30.15,390900
FRA,20080619,15.57,15.63,15.51,15.52,62600
FRO,20080619,348.05,349.45,340.6,342.8,955700
FRT,20080619,73.05,74.34,72.4,74.2,880600
FSB,20080619,21.75,21.75,17.51,18.19,42700
FSS,20080619,13.7,14.46,13.7,14.4,319200
FT,20080619,6.67,6.73,6.66,6.7,33500
FTI,20080619,39.49,40.42,39.185,39.315,2166100
FTK,20080619,21.99,23.14,21.5,22.82,780700
FUL,20080619,24.03,24.33,23.67,23.82,576600
FUN,20080619,21.38,21.48,21.14,21.4,52200
G,20080619,15.21,15.25,14.62,14.95,147900
GAB,20080619,8.62,8.64,8.55,8.6,219000
GAB-D,20080619,23.63,23.63,23.5,23.5,600
GAM,20080619,33.85,34,33.7,33.96,8700
GAM-B,20080619,23.55,23.55,23.06,23.1,9700
GBL,20080619,55.92,56.78,55.71,56.34,40000
GBX,20080619,21.59,22.69,21.59,22.46,152000
GCH,20080619,19.45,19.58,19.36,19.45,47200
GCI,20080619,24.46,24.7,23.57,23.67,6451300
GCO,20080619,27.3,28.09,26.43,27.82,944800
GCV,20080619,7.25,7.48,7,7,10700
GCV-B,20080619,24.71,24.86,24.19,24.19,3200
GD,20080619,85.06,87.6,85.05,87.59,1965500
GDL,20080619,15.99,15.99,15.85,15.85,45200
GDV,20080619,18.68,18.68,18.45,18.55,188000
GDV-A,20080619,22.91,23.25,22.75,22.98,3900
GDV-D,20080619,25.05,25.25,25.05,25.05,600
GE,20080619,28.18,28.23,27.8,27.91,56750700
GEF,20080619,65.19,66.02,64.55,65.72,216200
GEF.B,20080619,57,57.75,57,57.69,700
GEO,20080619,23.18,23.57,22.95,23.48,187500
GER,20080619,25.6,25.65,25.55,25.6,25300
GES,20080619,40.61,41.42,40.13,41.17,833200
GF,20080619,16.98,17.06,16.93,17.01,64800
GFA,20080619,19.17,19.17,18.34,18.685,979100
GFF,20080619,9.03,9.35,9.02,9.35,572700
GFI,20080619,11.14,11.18,10.85,10.88,4583700
GFY,20080619,15.02,15.03,14.98,15.03,1500
GG,20080619,41.5,42.13,40.21,40.37,8298800
GGB,20080619,25.685,26.215,25.395,25.77,2851600
GGG,20080619,40.53,41.76,40.24,41.73,556200
GGP,20080619,38.06,39.44,37.85,39.33,2223600
GGT,20080619,9.91,9.92,9.86,9.87,9000
GGT-B,20080619,23.28,23.66,23.22,23.22,4600
GHL,20080619,56.11,57.37,55.01,57.37,97100
GIB,20080619,10.49,10.61,10.37,10.41,143900
GIL,20080619,13.81,13.81,13.27,13.37,1624600
GIM,20080619,8.91,8.95,8.84,8.88,208600
GIS,20080619,31.64,31.64,31.295,31.395,2938700
GJH,20080619,7.15,7.15,6.77,7.05,4900
GJO,20080619,19.8,19.8,19.71,19.71,1000
GJP,20080619,19.62,19.62,19.62,19.62,600
GJR,20080619,20.76,21.75,20.74,21.75,2000
GJS,20080619,17.65,17.65,17.65,17.65,200
GJT,20080619,18.25,18.25,18,18,1000
GJV,20080619,20.01,20.01,19.81,19.81,400
GLF,20080619,66.73,67,64.69,65.82,248100
GLP,20080619,16.32,16.44,16.26,16.42,35900
GLT,20080619,14.48,14.64,14.33,14.45,160700
GLW,20080619,26.04,26.1,25.12,25.63,18763200
GM,20080619,14.91,14.99,14.39,14.79,24974200
GME,20080619,46.53,48,46.21,47.94,3941300
GMS,20080619,15.84,16,15.68,15.68,56400
GNK,20080619,631.3,642.5,621.1,627.9,595500
GNW,20080619,19.4,19.93,19.19,19.88,2684000
GOF,20080619,16.39,16.54,16.39,16.41,12200
GOL,20080619,130.7,136,129.4,135.1,1046500
GPC,20080619,42.02,42.55,41.84,42.43,1321000
GPE-A,20080619,25.15,25.15,25.15,25.15,600
GPI,20080619,21.74,22.19,21.6,22.19,504000
GPK,20080619,2.61,2.67,2.5,2.6,738700
GPM,20080619,15.8,15.91,15.5,15.76,1496700
GPN,20080619,23.855,24.19,23.85,24.19,358900
GPS,20080619,17.45,17.98,17.32,17.87,9362300
GPX,20080619,10.08,10.17,9.9,9.91,15400
GRA,20080619,27.56,27.88,27.14,27.63,547600
GRR,20080619,22.4,22.55,22.33,22.5,41800
GRX,20080619,6.41,6.45,6.38,6.38,8200
GS,20080619,183.69,186.98,181.11,186.93,10589500
GS-A,20080619,19.1,19.14,18.88,18.96,30300
GS-B,20080619,23.49,23.5,23.02,23.34,28500
GS-C,20080619,19.25,19.27,19.1,19.11,7200
GS-D,20080619,19.08,19.08,18.91,18.95,14500
GSH,20080619,22.43,22.55,22.06,22.54,57800
GSK,20080619,43.97,44.2,43.58,43.64,2328600
GTN,20080619,3.46,3.54,3.36,3.42,259400
GTN.A,20080619,5,5,5,5,2000
GTS,20080619,17.77,18.1,16.69,17.26,478500
GTY,20080619,17.35,17.67,17.21,17.5,339600
GUT,20080619,9.22,9.3,9.22,9.29,14100
GUT-A,20080619,23.2,23.6,23.19,23.19,5200
GVA,20080619,34.28,34.77,33.94,34.65,272600
GWR,20080619,36.51,37.36,36.45,37.16,407600
GWW,20080619,87.97,89.25,87.65,89.09,511400
GXP,20080619,26.45,26.72,26.3,26.61,1137900
GYB,20080619,17.32,17.83,17.32,17.83,11600
GYC,20080619,20.5,20.5,20.5,20.5,0
HAE,20080619,29.18,29.53,28.82,29.4,167600
HAL,20080619,51.26,51.71,50.05,50.15,14262400
HAR,20080619,44.81,46.21,44.81,46.05,459500
HBI,20080619,8.0575,8.0575,7.1425,7.26,6836500
HCN,20080619,45.85,47.12,45.85,47.02,589800
HCP,20080619,32.62,33.56,32.31,33.42,1626900
HD,20080619,26.63,27.29,26.56,27.18,16005800
HDB,20080619,16.338,16.744,16.134,16.692,348300
HE,20080619,26.4,26.43,25.85,25.97,662900
HE-U,20080619,25,25,25,25,0
HEI,20080619,14.4384,14.9627,14.3688,14.9258,384700
HEI.A,20080619,15.2474,15.4675,14.848,15.4573,175900
HEP,20080619,21.26,21.335,20.03,20.265,23200
HES,20080619,129.88,130,122.89,122.91,3973000
HF,20080619,7.07,7.45,7.01,7.45,31000
HFC,20080619,19.875,20.43,19.78,20.05,1507500
HGG,20080619,12.08,13.26,12.08,13.09,273100
HGT,20080619,35.9,36.67,35.34,35.46,290900
HHS,20080619,12.79,12.86,12.62,12.73,167000
HI,20080619,22.98,23.41,22.74,23.01,78000
HIG,20080619,69.99,70.83,69.2,70.59,2931500
HIL,20080619,16.5,17.01,16.42,16.94,238700
HIO,20080619,5.78,5.83,5.77,5.83,116800
HIW,20080619,32.05,33.1,32.03,33.06,471500
HIX,20080619,9.86,9.9,9.85,9.89,98800
HJV,20080619,20.25,20.55,20.06,20.55,2400
HK,20080619,40.6,40.75,38.32,39.3,8043300
HL,20080619,8.71,8.82,8.33,8.35,3033800
HL-B,20080619,58.25,58.25,58.25,58.25,200
HLF,20080619,18.7,18.955,18.53,18.74,700600
HLS,20080619,18.86,18.99,18.56,18.73,487300
HLX,20080619,40.79,41,39.68,40.13,1774200
HMC,20080619,34.11,34.88,34.07,34.81,1206100
HMN,20080619,16.5,16.61,16.37,16.56,179800
HMY,20080619,11.33,11.48,11.27,11.27,1504900
HNI,20080619,20.35,20.61,20.04,20.52,318700
HNP,20080619,34.46,36.85,33.54,35.84,1796600
HNR,20080619,47.24,47.6,46,46.12,329500
HOG,20080619,37.37,38.48,37.21,38.34,1726800
HON,20080619,54.4,55.6,54.34,55.35,3963700
HOS,20080619,58.3,59.43,56.08,56.8,620000
HOV,20080619,6.4,6.75,6.24,6.7,2367200
HP,20080619,72.02,72.67,71.34,71.52,2370500
HPF,20080619,19.53,19.53,19.24,19.29,31000
HPI,20080619,19.61,19.79,19.61,19.65,22900
HPQ,20080619,20.9773,21.3364,20.8136,21.1773,14170800
HPS,20080619,17.7,17.73,17.5,17.57,25800
HQH,20080619,15.25,15.29,15.1,15.28,95000
HQL,20080619,11.77,11.84,11.66,11.82,69100
HR,20080619,25.79,26.7,25.62,26.69,309200
HRB,20080619,23.2,23.38,22.75,23.12,2225200
HRC,20080619,31.45,31.79,30.88,30.93,631500
HRL,20080619,8.97,9.0075,8.895,8.925,405500
HRS,20080619,55.9,56.59,55.16,56.23,1693200
HSC,20080619,59.14,59.46,58.54,59.07,328200
HST,20080619,14.69,15.14,14.61,15.1,7022800
HSY,20080619,34.24,34.73,34.24,34.4,1796200
HT,20080619,8.32,8.46,8.25,8.4,376900
HTD,20080619,15.37,15.44,15.35,15.39,89500
HTH,20080619,10.4,10.55,10.36,10.54,130900
HTY,20080619,16.13,16.22,15.88,16,16200
HTZ,20080619,43.92,44.76,43.6,44.64,1176700
HUM,20080619,42.33,43.73,40.91,42.75,8928900
HUN,20080619,12.37,13.2,12.15,12.86,42929000
HVT,20080619,9.4,9.5,9.31,9.49,145400
HVT.A,20080619,9.43,9.43,9.43,9.43,0
HW,20080619,12.02,12.15,11.83,11.91,586300
HXL,20080619,21.78,22.58,21.35,22.56,663400
HYB,20080619,1.61,1.63,1.61,1.63,199200
HYH,20080619,21.57,21.57,21.54,21.54,200
HYI,20080619,4.63,4.65,4.56,4.57,13400
HYT,20080619,11.37,11.43,11.37,11.39,41100
HZO,20080619,8.17,8.27,7.79,7.85,199000
IAE,20080619,20.21,20.32,20.11,20.18,31300
IAG,20080619,6.15,6.15,5.91,5.92,2033800
IBA,20080619,30.32,30.57,30.04,30.5,5200
IBM,20080619,123.67,125.62,122.36,125.02,7570300
IBN,20080619,7.034,7.14,6.94,7.114,2058300
ICB,20080619,14.83,14.83,14.56,14.56,8500
ICE,20080619,25.148,26.54,25.016,26.53,2432600
IDA,20080619,31.21,31.42,30.94,31.42,278200
IDT,20080619,2.27,2.34,2.21,2.22,416500
IEX,20080619,40.01,40.75,39.38,40.71,378200
IFF,20080619,40.54,40.97,40.19,40.52,633200
IFN,20080619,42.37,42.65,41.72,42.16,394700
IGA,20080619,17,17.03,16.69,16.78,35000
IGD,20080619,16.7,16.7,16.53,16.53,142800
IGR,20080619,14.62,15.24,14.2,15.24,399300
IGT,20080619,29.72,30.31,29.55,30.2,3332000
IHC,20080619,11.9,12.6,11.85,12.57,9700
IHG,20080619,16.836,16.884,16.692,16.836,114300
IID,20080619,16.01,16.14,16,16.08,17400
IIF,20080619,34.79,34.95,34.34,34.72,81100
IIM,20080619,13.21,13.23,13.15,13.16,13400
IMAX,20080619,7.52,7.63,7.29,7.31,179400
IMN,20080619,25.79,26.48,25.74,26.42,214700
INB,20080619,17.12,17.19,16.94,17.1,31500
ING,20080619,34.45,34.63,34,34.33,816300
INT,20080619,11.755,11.925,11.65,11.915,136700
INZ,20080619,22.9,22.94,22.57,22.62,60200
IO,20080619,259.5,267.75,258.15,262.65,1109600
IOC,20080619,31.74,41.62,31.4,41.62,1997400
IP,20080619,24.97,25.57,24.91,25.3,4309100
IPG,20080619,9.09,9.36,9.02,9.28,3387900
IPI,20080619,66.99,67.03,63.35,64.09,2799000
IQI,20080619,12.38,12.38,12.29,12.33,14200
IR,20080619,38.48,39.66,38.32,39.38,7232000
IRL,20080619,18.13,18.13,17.95,18.05,8800
IRM,20080619,30.39,30.59,30.12,30.49,658700
IRR,20080619,17.18,17.29,17.03,17.07,59400
IRS,20080619,11.99,12,11.57,11.96,73800
ISF,20080619,19.96,20.1,19.7,19.83,43700
ISG,20080619,19.45,19.6,19.39,19.47,50600
ISP,20080619,19.7,19.87,19.62,19.69,19100
IT,20080619,21.78,22.36,21.32,22.36,681200
ITG,20080619,38.45,38.96,37.58,38.31,667300
ITT,20080619,31.97,32.77,31.75,32.72,1578800
ITW,20080619,49.11,49.65,48.71,49.48,1524700
IVC,20080619,19.48,19.93,19.33,19.93,270200
IVZ,20080619,25.9,26.51,25.78,26.42,2293100
IX,20080619,82.72,84.04,82.49,83.47,19300
JBK,20080619,17.7,17.7,17.7,17.7,0
JBL,20080619,15.03,15.2,14.71,15.13,3892200
JBR,20080619,19.3,19.82,19.3,19.82,2400
JCE,20080619,14.94,15.03,14.85,15.02,41800
JCI,20080619,31.64,32,31.35,31.85,3838900
JCP,20080619,36.87,37.59,36.72,37.25,6171300
JDD,20080619,12.72,12.9,12.72,12.9,43400
JEC,20080619,89.31,90.54,89.02,89.91,713800
JEQ,20080619,7.19,7.24,7.16,7.24,37200
JFC,20080619,21.04,21.09,20.92,20.93,14700
JFR,20080619,11.23,11.23,11.16,11.18,56600
JHI,20080619,17.37,17.49,17.37,17.44,5700
JHS,20080619,12.81,12.9,12.55,12.7,17800
JHX,20080619,22.43,22.48,22.3,22.41,5300
JLL,20080619,63.65,64.2,62.21,64.01,571100
JMP,20080619,6.7,6.79,6.64,6.72,21000
JNJ,20080619,64.27,64.98,64.14,64.62,9089500
JNPR,20080619,22.52,23.48,21.92,23.31,22305900
JNS,20080619,30.28,30.96,29.41,30.65,4311500
JOE,20080619,35.47,36.15,35.37,35.64,728200
JOF,20080619,9.99,9.99,9.75,9.8,68800
JOY,20080619,82.26,83.8,81.86,83.05,1812800
JPC,20080619,9.93,9.96,9.81,9.87,210600
JPM,20080619,38.79,39.03,36.82,38.65,59945300
JPS,20080619,10.52,10.59,10.41,10.44,106400
JQC,20080619,10.18,10.2,10.1,10.11,208000
JRO,20080619,11.04,11.06,10.95,10.95,64600
JTA,20080619,17.51,17.69,17.5,17.6,49800
JTD,20080619,15.4,15.48,15.3,15.48,57200
JW.A,20080619,48.78,49.76,47.71,49.76,368600
JW.B,20080619,47.51,49.56,47.51,49.52,8600
JWN,20080619,33.9,35.13,33.77,34.94,4183300
K,20080619,51.05,51.5,50.83,51.39,2612400
KAI,20080619,24.79,25.35,24.73,25.11,52000
KB,20080619,59.28,60.69,59.28,60.55,360100
KBH,20080619,18.31,19.13,18.07,19.06,3431900
KBR,20080619,36.36,36.95,36.02,36.21,1408400
KCC,20080619,22.41,22.5,20.63,22.48,2700
KED,20080619,22.42,22.48,22.23,22.37,41500
KEF,20080619,11.15,11.23,11.11,11.23,17500
KEG,20080619,18.15,18.57,18.02,18.15,1800700
KEM,20080619,11.55,11.73,11.28,11.73,149100
KEP,20080619,14.69,15.2,14.69,15.2,692900
KEX,20080619,52.5,53.86,52.5,53.68,463500
KEY,20080619,11.08,11.42,11.02,11.35,15204400
KF,20080619,223.9,225,223.1,224.2,4700
KFS,20080619,8.15,8.23,8.08,8.12,9900
KFY,20080619,16.06,16.46,15.85,16.46,182800
KGC,20080619,19.65,19.86,19.17,19.27,4417900
KIM,20080619,35.75,37.27,35.5,37.24,2365500
KMB,20080619,59.4823,60.0288,59.2617,59.7795,2364700
KMM,20080619,8.45,8.45,8.35,8.4,66700
KMT,20080619,35.3,36.32,34.84,36.1,446600
KMX,20080619,16.39,16.45,15.53,15.76,6265400
KND,20080619,30.67,31,30.05,30.16,628500
KNL,20080619,13.14,13.27,13.03,13.2,147100
KNX,20080619,16.96,18.5,16.78,18.33,2502900
KO,20080619,26.7,26.8,26.5,26.68,12610500
KOF,20080619,54.13,55.61,54.1,55.3,190400
KOP,20080619,44.71,45.9,44.71,45.77,264700
KOS,20080619,24.1,24.61,23.68,23.9,11600
KR,20080619,13.15,13.415,13.15,13.245,5209700
KRC,20080619,49.59,50.98,49.27,50.98,207200
KRG,20080619,52.08,53.2,51.88,52.64,216200
KRO,20080619,10.225,10.84,10,10.395,15100
KSM,20080619,11.22,11.35,11.22,11.24,7000
KSS,20080619,43.6,45.31,43.35,45.2,9279000
KST,20080619,11.45,11.45,11.41,11.41,6500
KSU,20080619,47.47,48.33,46.77,48.25,689100
KSU.P,20080619,22.7,22.7,22.7,22.7,0
KT,20080619,21.85,22.01,21.72,21.97,588700
KTF,20080619,10.32,10.35,10.25,10.34,51800
KTH,20080619,25.51,25.64,25.51,25.64,1200
KTN,20080619,25.31,25.37,24.09,24.29,8500
KTP,20080619,23.45,23.45,23.45,23.45,1600
KW,20080619,9.25,9.25,9.25,9.25,0
KWR,20080619,30.94,30.94,30.21,30.51,40400
KYE,20080619,28.68,28.78,28.16,28.23,66800
KYN,20080619,30.67,30.98,30.29,30.8,82200
KYO,20080619,49.9,50.23,49.705,50.23,21600
LAD,20080619,5.84,6.14,5.73,6.08,305000
LAZ,20080619,38.55,38.88,37.6,38.29,253900
LBF,20080619,8.58,8.59,8.5,8.5,14300
LCM,20080619,14.84,14.91,14.75,14.77,25600
LDF,20080619,31.95,31.98,31.71,31.98,8000
LDL,20080619,13.99,14.32,13.7,13.89,96200
LDR,20080619,59.54,61.09,59.48,61.07,36000
LEA,20080619,9.885,10.06,9.715,9.915,1757700
LEE,20080619,4.8,4.81,4.7,4.76,664000
LEG,20080619,17.77,18.12,17.65,18.06,2406800
LEN,20080619,15.85,16.08,15.41,15.81,5453200
LEN.B,20080619,13.77,14.3,13.77,14.06,66100
LEO,20080619,8.3,8.32,8.28,8.3,69000
LFC,20080619,18.1733,18.5233,18.0333,18.4133,1528800
LFL,20080619,10.9,11.23,10.64,10.97,582700
LGF,20080619,10.49,10.76,10.4,10.54,1336800
LGI,20080619,19.2,19.37,19.2,19.34,9000
LH,20080619,70.67,71.65,70.32,71.49,1022400
LHO,20080619,27.27,28.38,27.2,28.37,545700
LII,20080619,30.78,30.84,29.9,30.54,474500
LL,20080619,14.73,14.92,14.5,14.86,181900
LLL,20080619,95.07,96.6,94.5,96.21,797100
LLY,20080619,46.78,48.03,46.63,47.79,8223300
LM,20080619,52.27,52.5,49.79,51.4,3033600
LMT,20080619,101.44,103.91,100.75,103.34,1829200
LNC,20080619,49.31,49.75,48.54,49.64,2199500
LNN,20080619,102.95,103.75,96.25,98.85,1996400
LNT,20080619,18.32,18.34,18.14,18.225,673600
LOR,20080619,17.23,17.33,17.05,17.32,19700
LOW,20080619,23.1,23.65,22.93,23.57,10066100
LPL,20080619,19.2,19.68,19.11,19.32,1249900
LPX,20080619,10.86,11.09,10.45,10.62,1884700
LSI,20080619,6.85,7.22,6.76,7.16,18112800
LTC,20080619,26.93,27.46,26.87,27.38,136300
LUB,20080619,6.5,6.53,6.5,6.53,50100
LUK,20080619,50.74,50.91,49.63,50.19,918200
LUV,20080619,14.2,14.89,14.15,14.8,12934300
LUX,20080619,24.95,25.11,24.71,25.03,142100
LVLT,20080619,56.4,57,54,55.65,21153200
LVS,20080619,57.49,57.6,55.59,57.5,2854600
LXP,20080619,14.54,15.13,14.51,15.09,666300
LXP-C,20080619,36.5,36.5,36.5,36.5,0
LYG,20080619,26.78,26.88,26.35,26.83,455400
LYV,20080619,12.66,13.26,12.62,13,444500
LZB,20080619,7.39,7.62,7.29,7.6,352600
M,20080619,21.5,21.73,20.76,21.7,6134200
MA,20080619,29.301,29.78,28.858,29.26,2415900
MAA,20080619,55.01,55.45,54.39,55.2,286500
MAC,20080619,66.41,67.72,66,67.7,841800
MAIN,20080619,12.52,12.9,11.82,12.43,16200
MAN,20080619,60.29,60.98,59.58,60.76,491000
MAS,20080619,16.91,17.19,16.7,16.99,6702700
MAV,20080619,13.6,13.62,13.5,13.54,45400
MBI,20080619,6.03,6.45,5.82,6.45,8483800
MBT,20080619,32.224,32.828,32.224,32.436,1001100
MC,20080619,22.32,22.58,22.2,22.34,215700
MCA,20080619,12.54,12.61,12.54,12.57,30400
MCD,20080619,58.07,58.97,57.87,58.59,6060800
MCI,20080619,14.36,14.795,14.3,14.51,8500
MCK,20080619,55.46,56.38,55.05,56.05,2160200
MCN,20080619,10.75,10.81,10.71,10.76,50700
MCO,20080619,37.76,38.57,36.57,38.5,3408300
MCR,20080619,8.28,8.3,8.27,8.29,128800
MCS,20080619,15.29,15.46,14.8,15.46,90200
MCY,20080619,49.14,49.83,49.1,49.51,193300
MDC,20080619,43.11,43.84,42.17,43.57,658400
MDP,20080619,29.27,29.43,28.87,29.15,599000
MDR,20080619,62.58,62.76,60.9,61.44,1649600
MDT,20080619,50.93,51.55,50.76,51.39,3859400
MDU,20080619,33.6,33.93,33.22,33.24,697900
MED,20080619,5.82,6.11,5.82,6.05,70600
MEG,20080619,13.74,13.89,13.49,13.54,280500
MEI,20080619,12.02,12.51,11.8,12.51,154700
MEN,20080619,10.08,10.1,10.02,10.02,45200
MER-K,20080619,19.34,19.34,18.65,18.81,58000
MER-P,20080619,23.03,23.03,22.38,22.61,22700
MET,20080619,56.59,58.57,55.89,58.37,5800500
MET-A,20080619,19.82,20.07,19.62,19.8,39100
MFA,20080619,6.59,6.85,6.59,6.85,1990400
MFC,20080619,38.13,38.16,37.44,37.69,1602800
MFD,20080619,22.6,23.09,22.48,22.76,16700
MFG,20080619,10.18,10.3,10.12,10.25,518800
MFL,20080619,11.93,12.01,11.71,12.01,36000
MFM,20080619,7.25,7.3,7.24,7.26,24000
MFT,20080619,11.92,11.96,11.87,11.94,10800
MFV,20080619,7.36,7.4,7.22,7.34,10700
MGA,20080619,17.1975,17.31,16.915,17.265,460000
MGF,20080619,6.88,6.88,6.7,6.7,146600
MGM,20080619,41.12,41.45,39.86,41.25,2448000
MGU,20080619,25.63,26.31,25.45,26.18,71800
MHD,20080619,14.45,14.55,14.42,14.46,26600
MHF,20080619,8.2,8.29,8.14,8.27,44200
MHI,20080619,13.43,13.46,13.33,13.34,27400
MHK,20080619,67.73,69.23,67.47,69.2,433500
MHN,20080619,12.4,12.41,12.33,12.41,36300
MHO,20080619,17.16,17.69,16.97,17.61,166800
MHO-A,20080619,20.75,20.75,18.85,19.5,2800
MIC,20080619,30.26,30.51,30.12,30.48,239700
MIN,20080619,6.21,6.26,6.21,6.21,410200
MIY,20080619,12.85,12.91,12.71,12.72,29800
MKC,20080619,37.29,37.51,37.04,37.41,656400
MKC.V,20080619,37.18,37.55,37.18,37.25,300
MKL,20080619,398.05,399.5,391.01,396.95,27800
MLI,20080619,17.34,17.565,17.235,17.55,142000
MLM,20080619,111.17,111.55,109.24,109.66,288200
MLP,20080619,28.99,30.99,28.99,30.7,8800
MLR,20080619,10,10.31,10,10.08,10900
MMC,20080619,26.17,26.92,25.75,26.68,3940300
MMM,20080619,74.11,74.45,73.75,74.12,3544000
MMP,20080619,18.34,18.415,18,18.1,120600
MMS,20080619,9.1275,9.275,9.055,9.23,222700
MMT,20080619,5.73,5.77,5.73,5.75,105100
MMU,20080619,10.84,10.86,10.8,10.86,50500
MNE,20080619,12.35,12.35,12.35,12.35,100
MNI,20080619,78.5,78.7,73.5,75.6,2590200
MNP,20080619,12.49,12.53,12.4,12.51,28400
MO,20080619,20.64,20.98,20.61,20.85,17584700
MOD,20080619,15.54,15.73,15.21,15.72,146400
MOG.A,20080619,41.1,42.44,40.76,42.43,119900
MOG.B,20080619,41.19,42.27,41,42.27,2800
MOH,20080619,17.7867,17.9867,16.9333,17.3733,770500
MON,20080619,143.15,144.05,139.28,139.36,6514700
MOS,20080619,162.5,162.77,151.03,151.25,8610200
MOV,20080619,20.05,20.66,19.95,20.64,112400
MP-D,20080619,23.75,23.75,23.75,23.75,0
MPA,20080619,12.97,12.97,12.87,12.96,6600
MPG,20080619,12,12.78,11.91,12.77,641300
MPV,20080619,13.7,15,13.5,13.91,15600
MPW,20080619,12.01,12.4,11.9,12.39,523400
MPX,20080619,6.86,6.92,6.76,6.81,37400
MQT,20080619,11.14,11.15,11.02,11.02,15400
MQY,20080619,13.05,13.14,13.04,13.1,27000
MRK,20080619,34.82,36.07,34.78,35.6,27018700
MRO,20080619,53.54,53.77,51.82,52.14,8548900
MRT,20080619,7.05,7.19,6.96,7.1,133500
MS,20080619,40.63,40.68,38.59,40.19,27248700
MS-A,20080619,18.74,18.74,18,18,1400
MSA,20080619,40.57,40.85,39.94,40.85,166600
MSB,20080619,26.76,27.65,26.51,27.65,33500
MSCI,20080619,35.91,36.61,35.81,36.12,260200
MSD,20080619,9.68,9.76,9.68,9.7,60100
MSF,20080619,22.46,22.9,22.34,22.83,58400
MSI,20080619,59.99,60.06,53.27,56.63,78691296
MSM,20080619,49.86,50.19,49.52,49.81,659700
MSP,20080619,15.13,15.19,15.05,15.11,10900
MT,20080619,101.5,102.34,100.82,101.69,3505900
MTB,20080619,76.03,76.78,72.89,75.96,2249400
MTD,20080619,101.67,102.19,100.65,101.76,301700
MTG,20080619,9.75,9.85,9.09,9.24,2524600
MTH,20080619,16.25,17.95,16.05,17.54,1050200
MTL,20080619,106,109.16,104.34,107.34,2871400
MTN,20080619,43.56,43.7,42.69,43.13,600400
MTR,20080619,80.32,81.5,79.57,79.9,5600
MTRN,20080619,32.11,32.79,31.91,32.64,207000
MTU,20080619,9.69,9.69,9.5,9.64,4639300
MTW,20080619,38.55,39.38,38.42,38.89,1573700
MTX,20080619,35.92,36.16,35.695,35.78,113800
MTZ,20080619,11.55,11.77,11.45,11.7,243100
MUA,20080619,13.15,13.17,13.03,13.1,26100
MUC,20080619,12.39,12.4,12.34,12.38,54700
MUE,20080619,11.51,11.56,11.49,11.5,39200
MUH,20080619,13.4,13.4,13.22,13.22,24600
MUI,20080619,13.08,13.14,13.04,13.1,39300
MUJ,20080619,12.95,13.1,12.95,13.01,25300
MUR,20080619,93.76,94.8,91.23,91.23,1897800
MUS,20080619,11.49,11.58,11.46,11.56,19800
MVC,20080619,14.85,14.96,14.76,14.9,44200
MVO,20080619,26.24,26.49,25.8,26.15,39100
MVT,20080619,14.03,14.03,13.9,13.99,10800
MWA,20080619,9.04,9.32,8.79,8.87,1295200
MXE,20080619,26.41,26.65,26.21,26.6,9900
MXF,20080619,35.26,35.39,35.12,35.38,114100
MYC,20080619,12.71,12.79,12.66,12.74,30700
MYD,20080619,13.2,13.24,13.13,13.17,34600
MYE,20080619,10.2,10.53,9.7,9.91,455200
MYF,20080619,12.11,12.2,12.11,12.2,30400
MYI,20080619,12.64,12.64,12.51,12.58,52300
MYJ,20080619,13.94,14.05,13.9,14.01,8100
MYN,20080619,12.06,12.07,12.04,12.05,7000
MZF,20080619,12.13,12.15,12.05,12.08,9100
NAC,20080619,13.41,13.51,13.41,13.43,13800
NAD,20080619,13.03,13.11,13,13.01,30700
NAN,20080619,13.1,13.17,13.1,13.12,2000
NAT,20080619,40.25,40.25,39.39,39.64,416600
NAZ,20080619,12.4,12.63,12.4,12.49,8200
NBD,20080619,23.9,23.98,23.85,23.98,13900
NBL,20080619,51.495,51.495,48.6,48.615,1987300
NBR,20080619,47.48,47.71,46.48,46.63,6492500
NC,20080619,81.93,84.34,80.58,83.08,29500
NCA,20080619,9.45,9.53,9.42,9.49,21400
NCI,20080619,18.73,19.23,18.19,19.14,450600
NCR,20080619,26.55,26.69,26.06,26.56,1341700
NCS,20080619,193.75,199.05,193.3,197.35,491000
NCT,20080619,49.98,50.94,48.9,50.64,244900
NCT-B,20080619,15.25,15.3,15,15.3,700
NCT-C,20080619,11.75,11.85,11.61,11.85,900
NCT-D,20080619,12.2,12.2,11.5,12,4000
NCV,20080619,12.71,12.76,12.5,12.51,95100
NCZ,20080619,12.21,12.25,12.07,12.11,106700
NE,20080619,68.82,68.99,65.17,65.18,5342700
NEE,20080619,67,67.51,66.33,67.48,1942000
NEM,20080619,49.5,49.98,48.61,48.69,5319500
NEU,20080619,73.29,74.12,72.42,73,215900
NFG,20080619,58.93,59.3,58.06,58.3,394900
NFJ,20080619,21.94,22.14,21.76,21.97,148000
NFX,20080619,67.92,68.13,62.58,62.85,2423800
NGG,20080619,68.96,69.28,68.51,68.65,26600
NHI,20080619,30.13,30.82,30.13,30.82,40100
NI,20080619,17.21,17.43,17.09,17.41,2557800
NIE,20080619,20.81,20.86,20.35,20.6,95500
NIM,20080619,9.88,10.03,9.85,9.95,17200
NJR,20080619,17.06,17.12,16.845,16.895,209900
NKE,20080619,17.0075,17.12,16.755,16.96,2952500
NL,20080619,10.89,11.04,10.8,11.02,72700
NLS,20080619,5.8,6.13,5.7,6.07,177700
NLY,20080619,16.34,16.54,16.04,16.52,5723100
NLY-A,20080619,22.15,22.4,21.51,22.3,9500
NM,20080619,10,10.07,9.77,9.96,774300
NMI,20080619,10.36,10.39,10.22,10.38,7900
NMK-B,20080619,80.01,80.01,80.01,80.01,100
NMK-C,20080619,81,81,81,81,0
NMM,20080619,14.4,14.43,14.25,14.39,12900
NMR,20080619,15.83,15.89,15.68,15.86,166300
NMT,20080619,13.25,13.25,13.11,13.11,800
NMY,20080619,12.5,12.52,12.46,12.46,9000
NNC,20080619,12.87,12.93,12.81,12.83,11600
NNI,20080619,10.87,10.98,10.61,10.98,119900
NNN,20080619,21.32,21.89,21.29,21.89,697900
NNY,20080619,9.45,9.47,9.41,9.43,9800
NOA,20080619,19.45,19.91,19.45,19.75,289500
NOC,20080619,69.75,71.64,69.01,71.35,1761600
NOK,20080619,24.73,24.77,24.36,24.44,31862200
NOV,20080619,85.63,86.48,83.35,84.46,6739800
NP,20080619,19.04,19.27,18.85,19.17,102700
NPK,20080619,66.9,67.89,66.56,67.89,38600
NPO,20080619,39.96,40.5,39.81,40.29,368400
NPV,20080619,13.66,13.66,13.29,13.32,19100
NQP,20080619,12.64,12.71,12.57,12.65,30500
NR,20080619,8.08,8.41,7.98,8.14,915100
NRF,20080619,18.78,18.78,17.98,18.14,1206300
NRF-A,20080619,15.03,15.14,14.64,14.95,11300
NRF-B,20080619,14.27,14.27,13.77,13.91,1800
NRG,20080619,43.22,43.62,43.13,43.47,2776500
NRP,20080619,395.7,399.7,387.3,388.5,77500
NRT,20080619,37.94,38.1,37.7,37.99,3400
NS,20080619,47.84,48.24,47.34,48.09,248200
NSC,20080619,62.34,64.88,62.08,64.67,3695500
NSH,20080619,24.5,24.75,23.89,24.14,122200
NSL,20080619,6.82,6.83,6.75,6.77,67300
NSM,20080619,22.22,22.94,22.04,22.78,7844000
NSR,20080619,22.78,23.07,22.73,22.99,501200
NTC,20080619,13.65,13.65,13.65,13.65,100
NTG,20080619,54,54.21,52.74,53.25,260100
NTL,20080619,14.5,14.54,14.2,14.25,900
NTT,20080619,23.51,23.51,23.3,23.47,1203200
NTX,20080619,13.02,13.1,13,13.01,15000
NTZ,20080619,3.4,3.4,3.3,3.35,6400
NUE,20080619,77.04,78.18,76.21,77.31,4510100
NUM,20080619,12.89,12.97,12.89,12.89,10900
NUO,20080619,13.57,13.6,13.49,13.6,12700
NUS,20080619,15.99,16.01,15.78,15.86,321100
NUV,20080619,9.72,9.72,9.65,9.69,145800
NVO,20080619,12.852,12.886,12.716,12.834,171100
NVR,20080619,540.15,555,532.85,550.25,43500
NVS,20080619,50.6,50.87,50.45,50.75,1552700
NW-C,20080619,24.51,24.53,24.43,24.43,2800
NWE,20080619,26.49,26.58,26.35,26.5,116500
NWL,20080619,18.06,18.74,17.97,18.71,2941600
NWN,20080619,47.5,47.94,47.28,47.67,131000
NWY,20080619,9.14,9.32,9.07,9.18,424300
NX,20080619,16.9,17,16.63,16.75,153100
NXC,20080619,14.04,14.15,14.04,14.15,9300
NXN,20080619,13.76,13.76,13.76,13.76,0
NXP,20080619,14,14.05,13.89,14.01,22800
NXQ,20080619,13.49,13.51,13.44,13.44,34100
NXR,20080619,13.94,13.99,13.93,13.93,4700
NYT,20080619,16.12,16.32,16.07,16.1,1206700
O,20080619,23.68,24.15,23.37,24.15,856700
OB,20080619,18.29,18.64,18.2,18.25,194700
OC,20080619,23.4,24.06,23.23,23.98,1234300
OCN,20080619,6.25,6.38,5.82,6,597300
ODC,20080619,18.86,19.7,18.56,18.76,30500
OFC,20080619,36.36,37.66,36.18,37.65,307800
OFG,20080619,16.43,17.04,16.38,17.03,251100
OFG-A,20080619,24.29,24.29,24.29,24.29,0
OFG-B,20080619,23.5,23.5,23.5,23.5,0
OGE,20080619,16.51,16.62,16.45,16.545,188200
OHI,20080619,17.87,18.16,17.74,18.16,281700
OI,20080619,50.18,50.51,49.75,50.24,1217000
OIA,20080619,7.37,7.54,7.32,7.41,15300
OII,20080619,41.01,41.1,38.92,39.545,1126500
OIS,20080619,60,62.64,59.25,61.14,1168900
OKE,20080619,24.715,24.875,24.26,24.365,487700
OKS,20080619,30.03,30.09,29.1,29.37,112700
OLN,20080619,25.74,26,25.45,25.59,1023800
OLP,20080619,17.41,17.47,16.8,17.01,39400
OMC,20080619,46.3,46.92,46.21,46.7,2246100
OME,20080619,14.46,14.78,14.3,14.59,103600
OMI,20080619,32.1267,32.3333,31.6467,32.3067,387200
OMN,20080619,3.2,3.29,3.07,3.25,44000
OPY,20080619,29.95,30.16,28.76,29.3,48700
ORA,20080619,54.5,54.52,53.66,54.12,176700
ORCL,20080619,22.36,23,22.27,22.7,41127200
ORI,20080619,13.6,13.77,13.38,13.46,1573500
OSG,20080619,84.75,86.44,84.08,86.35,941600
OSK,20080619,35.3,36.06,35.12,35.86,522600
OXM,20080619,21.93,22.1,21.57,21.99,95200
OXY,20080619,91.9,91.98,86.69,86.89,8601900
OZM,20080619,20.45,20.82,20.16,20.78,254300
PAA,20080619,23.795,23.935,23.515,23.61,128500
PAC,20080619,33.53,33.9,33.4,33.7,358000
PAG,20080619,15.57,16.27,15.57,16.13,1765400
PAI,20080619,13.4,13.4,13.16,13.39,14800
PAY,20080619,14.04,14.27,13.7,14.21,684000
PBF,20080619,12.35,12.38,12.31,12.36,55300
PBH,20080619,10.92,11.3,10.87,11.29,289900
PBI,20080619,35.88,36.21,35.53,36.07,803800
PBR,20080619,68.81,68.99,65.74,66.65,18092100
PBR.A,20080619,56.47,56.61,54.41,54.75,7394000
PBT,20080619,23.9,23.99,23.1,23.12,379200
PCF,20080619,7.92,8,7.9,7.91,23000
PCG,20080619,39.39,40.07,39.39,40,1747300
PCK,20080619,14,14.01,13.92,13.95,29500
PCM,20080619,10.45,10.5,10.3,10.3,7300
PCN,20080619,13.9,13.9,13.65,13.65,81700
PCQ,20080619,15.11,15.14,15.06,15.08,13100
PDS,20080619,28.36,28.59,27.25,27.55,1179500
PDT,20080619,9.39,9.47,9.35,9.44,28800
PEG,20080619,45.88,46.86,45.77,46.79,2122100
PEI,20080619,25.2,25.78,24.94,25.75,298200
PEO,20080619,43.75,44,42.91,42.93,90000
PEP,20080619,65,66.23,64.95,65.89,6146100
PER,20080619,16.12,16.42,16.06,16.42,251500
PFD,20080619,11.05,11.15,10.76,11,19600
PFE,20080619,17.81,17.93,17.7,17.77,63205900
PFG,20080619,48.48,50.37,48.03,50.24,1964100
PFH,20080619,22.66,22.7,22.53,22.55,600
PFK,20080619,24.5,24.5,23.55,23.55,6000
PFL,20080619,15.22,15.41,15.18,15.4,80500
PFN,20080619,14.15,14.28,14.12,14.28,134100
PFO,20080619,9.18,9.95,9.13,9.33,24400
PFS,20080619,14.11,14.77,13.85,14.71,567900
PG,20080619,64.96,65.57,64.71,64.9,11544400
PGH,20080619,20.76,20.89,20.2,20.24,1115800
PGP,20080619,21.58,21.74,21.57,21.65,10700
PGR,20080619,20.25,20.65,20.14,20.22,5841600
PH,20080619,76.31,78.88,75.95,78.55,2072500
PHD,20080619,14.28,14.36,14.28,14.3,55600
PHG,20080619,36.13,36.26,35.9,36.17,449400
PHH,20080619,18.97,19.14,18.5,18.53,978000
PHI,20080619,54.59,55.48,54.2,55.37,161700
PHK,20080619,12.56,12.59,12.51,12.53,182300
PHM,20080619,11.14,11.7,11,11.62,7208400
PHT,20080619,14.4,14.4,14.1,14.1,54800
PII,20080619,22.035,22.64,21.955,22.52,299300
PIM,20080619,6.21,6.23,6.15,6.15,120600
PIR,20080619,5.45,5.45,4.42,5.01,16508700
PIY,20080619,24.49,24.49,24.49,24.49,0
PJC,20080619,35.04,35.47,33.42,34.39,650800
PJT,20080619,24.14,24.14,23.76,23.77,3800
PKD,20080619,9.79,10,9.68,9.73,2301600
PKE,20080619,28.5,28.94,28.03,28.73,68400
PKG,20080619,23.69,24.24,23.6,24.1,492600
PKI,20080619,28.67,29,28.67,28.87,561400
PKO,20080619,23,23.16,22.76,22.84,30400
PKX,20080619,133.5,136.45,133.5,135.8,652100
PKY,20080619,36.29,36.59,35.87,36.35,106600
PLD,20080619,53.34,55.37,52.81,55.15,596500
PLT,20080619,23.29,23.95,23.12,23.9,334500
PM,20080619,49.8,50.58,49.7,50.4,9591300
PMC,20080619,19.35,22.41,19.35,22.01,747500
PMF,20080619,15.78,15.8,15.72,15.76,22700
PML,20080619,13.52,13.57,13.48,13.54,63500
PMM,20080619,7.04,7.06,7.01,7.04,117000
PMO,20080619,10.79,10.88,10.76,10.82,500100
PMX,20080619,14.22,14.22,13.98,14,23200
PNC,20080619,57.35,58.19,56.36,57.85,6202900
PNF,20080619,12.92,12.94,12.92,12.92,6900
PNI,20080619,14.5,14.55,14.5,14.55,1500
PNM,20080619,13.54,13.64,13.33,13.5,940000
PNR,20080619,33.99,35.13,33.87,35.01,829800
PNW,20080619,32.46,32.67,32.32,32.62,738100
POL,20080619,7.26,7.5,7.23,7.49,461000
POR,20080619,24.44,24.54,24.12,24.19,773500
POT,20080619,80.5267,80.54,77.2267,77.67,9157800
PPG,20080619,30.395,30.705,30.08,30.485,1018000
PPL,20080619,51,51.78,50.6,51.78,2081700
PPR,20080619,5.85,5.89,5.83,5.84,347800
PPT,20080619,6.22,6.22,6.16,6.18,310700
PQ,20080619,110.08,110.08,101.4,103.68,1273600
PRA,20080619,24.97,25.605,24.97,25.605,203400
PRO,20080619,12.24,12.44,11.98,12.13,229800
PRU,20080619,69,70.37,68.14,70.16,3534000
PSA,20080619,80,83.13,79.75,82.89,1290800
PSA-A,20080619,21.13,21.3,21.03,21.28,2400
PSA-B,20080619,22.73,23.75,22.55,23.75,6800
PSA-C,20080619,21.05,21.12,20.96,21.1,2100
PSA-D,20080619,19.69,19.74,19.5,19.5,6200
PSA-E,20080619,21.49,21.5,21.29,21.31,4400
PSA-V,20080619,24.49,24.49,24.29,24.3,1800
PSA-W,20080619,20.66,20.66,20.52,20.53,2700
PSA-X,20080619,20.44,20.5,20.4,20.4,4300
PSA-Z,20080619,19.92,19.92,19.91,19.92,500
PSO,20080619,12.6,12.63,12.5,12.57,288600
PTR,20080619,134.59,146.25,133.22,140.49,4330200
PTY,20080619,14.3,14.32,14.26,14.26,54500
PUK,20080619,24.41,24.41,23.97,24.24,121000
PUK-A,20080619,21.5,21.68,20.9,21.14,8400
PUK.P,20080619,22.33,22.35,21.85,22.04,7000
PVG,20080619,34.48,34.48,32.89,33.66,38500
PVH,20080619,40.78,42.71,40.6,42.45,1137000
PWE,20080619,34.35,34.74,33.48,33.73,2005900
PWR,20080619,33.7,33.96,33.2,33.38,2347700
PX,20080619,97.85,98.66,97.44,97.91,970500
PXD,20080619,79.87,79.99,75.84,75.96,1757800
PYN,20080619,12.86,12.89,12.86,12.87,1100
PYS,20080619,18.4,19.15,18,18,6100
PYT,20080619,17.1,19.29,17.1,17.57,17100
PZC,20080619,13.4,13.55,13.39,13.55,29900
PZE,20080619,6.145,6.2,5.95,6.02,403700
PZN,20080619,12.26,13.03,12.1,12.64,332900
Q,20080619,4,4.16,3.98,4.09,27068900
QTM,20080619,1.63,1.65,1.54,1.58,327300
R,20080619,70.45,74.09,70.41,73.86,1281900
RAD,20080619,1.96,1.97,1.88,1.91,9434400
RAI,20080619,25.275,25.545,24.87,24.915,2418700
RAS,20080619,25.56,25.86,25.29,25.65,790000
RAS-A,20080619,13.55,13.55,13.55,13.55,0
RAS-B,20080619,14.56,14.56,14.56,14.56,200
RAS-C,20080619,14.8,14.95,14.75,14.85,1400
RBA,20080619,25.76,25.77,25.39,25.57,215000
RBC,20080619,46.55,46.88,46.04,46.29,240100
RBS,20080619,4.56,4.6,4.48,4.6,1388700
RBS-F,20080619,24.35,24.35,24,24.17,8800
RBS-H,20080619,23.17,24.13,23.14,23.45,29400
RBS-L,20080619,17.73,17.85,17.24,17.38,32200
RBS-S,20080619,20.19,20.19,19.46,19.76,62100
RCI,20080619,41.1,42.17,40.69,41.83,527300
RCL,20080619,24.57,26.43,24.54,26.29,3564400
RCS,20080619,11.4,11.4,10.78,10.8,122600
RDC,20080619,47,47.17,44.55,44.56,3346800
RDN,20080619,2.93,2.98,2.52,2.6,2262600
RDS.A,20080619,80.25,80.27,78.33,78.33,1813300
RDS.B,20080619,78.47,78.47,76.73,76.74,290100
RDY,20080619,16.1,16.26,15.72,16.03,183900
RE,20080619,84.35,84.35,83.31,84,862500
REG,20080619,61.78,63.42,61.07,63.42,439200
RES,20080619,6.9733,7.0445,6.7733,6.8533,508700
REV,20080619,0.84,0.86,0.82,0.85,229600
RF,20080619,11.48,11.5,10.32,11.18,32582800
RFI,20080619,14.86,14.96,14.8,14.96,7100
RGA,20080619,48,48.19,46.95,47.3,306000
RGC,20080619,15.88,15.94,15.66,15.88,1120000
RGR,20080619,7.11,7.16,7.05,7.13,125100
RGS,20080619,29.86,30.19,29.52,30.16,184100
RHI,20080619,25.19,25.85,25.03,25.78,1099100
RHT,20080619,21.92,23.01,21.92,22.84,2642500
RIG,20080619,152.14,152.98,147.5,148.09,6994200
RIO,20080619,121.845,121.8725,119.41,119.875,714000
RJF,20080619,29.09,29.35,28.2,29.25,729300
RL,20080619,64.78,66.13,64.16,65.98,1252800
RLH,20080619,7.39,7.39,7.12,7.31,45800
RLI,20080619,26.435,26.69,26.215,26.55,98900
RMD,20080619,17.55,18.065,17.5,17.84,1082100
RMT,20080619,11.25,11.32,11.2,11.22,42800
RNP,20080619,20.07,20.15,19.91,20.15,88300
RNR,20080619,47.21,47.21,46.36,46.94,394000
RNR-C,20080619,18.88,19.13,18.88,18.99,4300
ROG,20080619,40.98,42.27,40.48,41.8,115300
ROK,20080619,53.38,53.92,53.06,53.64,1640200
ROL,20080619,6.7013,6.9251,6.6625,6.8734,399700
ROP,20080619,65.03,67.2,65.03,67.09,442600
RPM,20080619,24.74,25.19,24.7,24.93,808300
RPT,20080619,20.66,21.47,20.65,21.47,95500
RQI,20080619,16.95,17.09,16.8,16.96,68700
RRC,20080619,66.58,67.24,61.76,62.01,3373900
RRD,20080619,30.95,31.64,30.95,31.38,1161100
RS,20080619,73.37,74.5,72.95,73.74,1043100
RSG,20080619,31.5,31.58,30.76,31.51,1554200
RSO,20080619,8.89,8.93,8.55,8.73,166500
RT,20080619,6.93,7.05,6.83,6.94,591600
RTN,20080619,57.55,58.57,56.87,58.38,3521200
RVT,20080619,17.02,17.07,16.88,16.95,72000
RWT,20080619,32.2,32.37,31.55,32,264400
RY,20080619,48.5,48.5,47.51,48.14,679900
RYN,20080619,29.8133,30.5667,29.8133,30.5067,335400
S,20080619,8.23,8.29,8.13,8.28,17751000
SAB,20080619,34.25,34.25,34.25,34.25,100
SAH,20080619,13.99,14.63,13.89,14.38,1775400
SAM,20080619,39.72,40.39,39.34,40.34,60400
SAN,20080619,45,45.75,44.97,45.5,127600
SAP,20080619,52.94,53.05,52.31,52.64,3076400
SAR,20080619,100.3,100.5,97,100,2800
SB,20080619,18.99,18.99,18.34,18.85,130200
SBH,20080619,6.74,6.95,6.63,6.76,933000
SBR,20080619,66.5,66.84,64,64,34600
SBS,20080619,8.955,9.0383,8.86,8.8883,192000
SBW,20080619,13.21,13.23,13.13,13.2,11900
SCCO,20080619,34.7267,35.18,34.2033,35.09,4604700
SCD,20080619,16.13,16.23,16.01,16.23,50200
SCG,20080619,39.11,39.12,38.5,38.77,782000
SCI,20080619,10.08,10.22,10.01,10.22,901600
SCL,20080619,21.855,21.965,21.505,21.905,28200
SCS,20080619,11.67,11.76,11.47,11.75,411100
SCX,20080619,22.19,22.44,22.03,22.4,12400
SD,20080619,69,69,63.01,65.46,2575500
SE,20080619,27.06,27.46,26.51,27.33,3704500
SEE,20080619,21.62,21.79,21.37,21.63,1025800
SEP,20080619,24.15,24.45,23.95,23.99,29600
SF,20080619,25.3467,25.5533,24.56,25.06,211000
SFE,20080619,8.22,8.58,8.22,8.52,161300
SFL,20080619,29.7,30.1,29.57,29.78,278100
SGF,20080619,14.29,14.43,14.21,14.31,15800
SGU,20080619,2.9,2.94,2.85,2.85,91400
SGY,20080619,713.1,723.9,683.4,691,565900
SHG,20080619,46.025,46.225,45.715,46.195,20100
SHI,20080619,26.2667,28.8533,26.2667,28.0067,300900
SHO,20080619,17.6,18.06,17.5,17.8,819100
SHW,20080619,49.21,50.37,49.15,50.19,2042300
SID,20080619,22.755,22.865,22.305,22.42,3147000
SIG,20080619,10.35,10.37,10.16,10.33,23500
SIX,20080619,0.465,0.48,0.4575,0.48,442600
SJI,20080619,19.115,19.4,19.105,19.16,103600
SJM,20080619,43.92,47.46,43.92,45.55,1268900
SJR,20080619,19.86,19.95,19.55,19.65,87100
SJT,20080619,45.61,45.99,43.77,43.91,164500
SJW,20080619,30.37,31.01,30.37,30.99,47900
SKM,20080619,21.04,21.35,20.98,21.26,885900
SKT,20080619,18.995,19.495,18.945,19.495,285000
SKX,20080619,6.8167,6.9933,6.7333,6.8933,565700
SLB,20080619,106.16,107.83,104.69,104.83,11428500
SLF,20080619,44.11,44.7,43.85,44.33,311300
SLG,20080619,89.57,90.2,87.12,89.63,917100
SLW,20080619,14.16,14.16,13.75,13.8,2559600
SM,20080619,62.8,63.48,59.85,62.63,2751000
SMG,20080619,21.93,22.47,21.05,21.08,1107000
SMI,20080619,4.605,4.65,4.545,4.65,59800
SMP,20080619,9.11,9.42,9.11,9.38,58300
SNA,20080619,54.36,55.92,54.04,55.84,714400
SNE,20080619,48.44,48.6,48.06,48.45,775800
SNN,20080619,23.556,23.624,23.172,23.36,164300
SNP,20080619,80.3846,88.1769,79.8154,86.4769,3544100
SNV,20080619,61.25,62.86,59.22,62.86,13514300
SNX,20080619,26.45,27.15,26.43,27.07,498100
SNY,20080619,32.43,32.7,32.35,32.63,1617900
SO,20080619,34.94,35.17,34.72,34.99,5425300
SOL,20080619,21.97,23.28,21.6,22.15,5450700
SON,20080619,34.22,34.35,33.98,34.13,291900
SOR,20080619,56.63,56.79,55.75,56.04,14400
SOV-C,20080619,19.79,20.1,19.79,19.79,1200
SPA,20080619,4.59,4.7,4.56,4.7,17100
SPG,20080619,94.24,98,93.75,97.86,1570300
SPG-J,20080619,63.37,63.37,60.75,60.75,500
SPH,20080619,40.21,40.6,39.86,39.92,75700
SPN,20080619,56.13,56.88,55.28,55.54,999400
SPR,20080619,24.51,24.68,24.06,24.4,1418200
SQM,20080619,55.8,59.45,51.85,52.97,5750000
SR,20080619,49.55,50.5,48.1,49.15,167400
SRE,20080619,56.28,56.44,56,56.23,1586600
SRI,20080619,17.61,17.84,17.33,17.6,196100
SRT,20080619,9.39,9.55,9.31,9.47,11100
SRV,20080619,17.85,18.2,17.53,17.61,17900
SSD,20080619,25.14,25.41,24.8,25.11,416500
SSI,20080619,13.43,13.65,13.08,13.41,722300
SSL,20080619,59.36,59.73,58.39,58.78,1272400
SSP,20080619,45.15,45.42,44.57,44.73,1295200
SSW,20080619,24.99,25.66,24.97,25.38,273100
STC,20080619,23.13,23.32,22.33,22.57,156300
STE,20080619,30.05,30.46,29.62,30.44,447600
STI,20080619,36.95,37.49,33.22,35.33,20383000
STI-A,20080619,17.3,17.45,16.15,16.71,146200
STJ,20080619,40.45,41.19,40.4,41,2168000
STL,20080619,13.38,13.47,13.1,13.47,74400
STM,20080619,11.23,11.47,11.1,11.4,3285200
STO,20080619,38.4,38.58,37.42,37.57,637000
STT,20080619,66.95,68.75,65.78,68.54,5901100
STV,20080619,14.27,15.12,14.21,15.08,495300
STZ,20080619,19.52,19.76,19.37,19.71,2581500
STZ.B,20080619,19.49,19.67,19.42,19.67,500
SU,20080619,65.86,65.98,61.31,61.58,5603700
SUI,20080619,18.69,19.04,18.57,18.86,198900
SUN,20080619,39.65,40.03,38.53,39.75,4637500
SUP,20080619,20.13,20.42,19.98,20.19,258500
SVU,20080619,32.2,32.43,31.61,32.28,1911600
SWC,20080619,11.21,12.66,11.1,11.8,2952100
SWK,20080619,45.91,46.97,45.77,46.87,504100
SWM,20080619,9.12,9.19,8.965,9.19,57800
SWN,20080619,47.26,48,44.04,44.57,7665200
SWX,20080619,30.76,31.22,30.69,30.95,129000
SWZ,20080619,15.59,15.59,15.45,15.46,20000
SXC,20080619,27.54,27.75,27.17,27.31,13100
SXE,20080619,33.51,34,32.92,33.86,209900
SXI,20080619,21.09,21.64,20.93,21.59,32100
SXL,20080619,8.5834,8.5834,8.2984,8.33,87900
SXT,20080619,30.9,31.36,30.85,31.28,208700
SYK,20080619,63.2,64.06,62.84,63.91,1063000
SYT,20080619,65.53,65.86,64.98,65.11,814100
SYX,20080619,18.05,18.63,17.76,18.49,171100
SYY,20080619,29,29.6,28.99,29.41,2300100
T,20080619,35.21,35.52,34.78,35.15,27323900
TAC,20080619,36.66,36.72,36.12,36.3,41400
TAL,20080619,24.89,25.01,23.63,24.65,244000
TAP,20080619,55.17,56.3,55.13,56.11,709000
TAP.A,20080619,55.35,55.35,55.35,55.35,0
TBI,20080619,13.48,13.99,13.22,13.99,188300
TCAP,20080619,11.51,11.68,11.24,11.4,14700
TCB,20080619,12.3,12.59,11.92,12.44,5132200
TCI,20080619,15.75,16,15.51,16,1400
TCO,20080619,51.4,52.72,51.06,52.52,482300
TD,20080619,33.26,33.3,32.555,32.675,975400
TDA,20080619,21.26,21.39,21.21,21.38,17200
TDC,20080619,23.4,23.67,23.36,23.57,1685600
TDF,20080619,26.65,26.65,26.2,26.54,41600
TDG,20080619,36.12,36.41,36,36.3,447700
TDI,20080619,20.55,20.55,20.55,20.55,1200
TDW,20080619,67.5,68.5,64.16,64.79,2057200
TDY,20080619,51.9,53.89,51.73,53.89,264200
TEF,20080619,26.75,26.8667,26.6,26.7967,224200
TEI,20080619,15.15,15.15,14.93,14.93,132900
TEL,20080619,37.23,38.03,37.01,37.64,2965400
TEN,20080619,18.46,18.64,18.09,18.64,669400
TEO,20080619,15.83,16.3,15.35,15.67,851100
TER,20080619,11.07,11.56,11.05,11.45,2999700
TEVA,20080619,44.82,45.17,44.57,45,5348700
TEX,20080619,62.35,63.22,61.8,62.96,1296300
TFX,20080619,57.68,58.24,57.02,58.21,278400
TG,20080619,14.8,15.16,14.8,15.09,143400
TGH,20080619,19.83,19.95,18.97,19.16,143200
TGI,20080619,25.78,26.355,25.58,26.1,176600
TGP,20080619,28.18,28.42,27.13,27.33,174600
TGS,20080619,3.61,3.68,3.56,3.56,31800
TGT,20080619,50.86,52.07,50.8,51.8,9861900
THC,20080619,22.28,22.32,21.48,21.88,4723600
THG,20080619,44.82,44.98,43.62,44.21,437300
THO,20080619,25.19,25.36,24.61,24.82,552600
THS,20080619,25.29,25.45,25.02,25.35,142500
TI,20080619,19.7,19.84,19.59,19.78,205900
TI.A,20080619,15.91,15.98,15.74,15.95,92800
TIF,20080619,46.21,46.95,45.76,46.79,1082400
TJX,20080619,16.125,16.585,16.11,16.55,4082100
TK,20080619,48.62,49.67,48.54,49.47,368400
TKC,20080619,17.09,17.1,16.76,17.07,1225200
TKF,20080619,15,15.07,14.94,14.98,24300
TKR,20080619,35.92,36.48,35.61,36.45,511900
TLI,20080619,10.93,11.02,10.93,11.01,35800
TLK,20080619,16.27,16.55,16.21,16.505,209200
TLP,20080619,28.75,28.78,28,28.39,20600
TM,20080619,102.43,102.43,100.76,102.15,620900
TMK,20080619,26.9378,27.1733,26.6711,27.0978,859400
TMO,20080619,57.93,58.84,57.44,58.48,2127200
TNC,20080619,34.88,35.27,34.51,35.27,111100
TNH,20080619,148.55,148.55,141.06,141.97,180400
TNK,20080619,23.25,23.45,22.68,23.04,94100
TNP,20080619,37.01,37.82,36.99,37.75,152400
TOL,20080619,20.07,20.85,19.88,20.83,2825200
TOO,20080619,19.78,19.89,19.75,19.75,267000
TOT,20080619,81.86,82,79.76,79.82,2756700
TPL,20080619,49,51.6,48.55,50.11,20600
TPX,20080619,8.7,8.91,8.29,8.72,1981800
TR,20080619,26.89,27.41,26.87,27.03,189900
TRC,20080619,38.27,39.29,37.91,39.29,37000
TRI,20080619,34.33,34.39,33.54,33.89,137600
TRK,20080619,23.2,23.38,22.85,23.03,154800
TRN,20080619,19.395,19.895,19.25,19.755,1366400
TRP,20080619,39.63,39.69,39.14,39.56,324400
TRR,20080619,5.19,5.55,5.11,5.55,35700
TRU,20080619,7.8,7.8,6.57,7.1,42800
TRV,20080619,46.37,47.04,46.07,46.42,3868000
TS,20080619,64.9,69.12,64.42,68.38,5311500
TSI,20080619,3.72,3.75,3.71,3.71,38200
TSL,20080619,19.75,19.95,19.28,19.68,1053100
TSM,20080619,11.05,11.24,10.93,11.13,16980200
TSN,20080619,13.6,14.56,13.56,14.47,11136300
TSO,20080619,20.99,21.46,20.05,21.21,10929700
TSS,20080619,23.53,23.89,23.43,23.81,582600
TSU,20080619,31.16,31.31,30.5,31.04,460300
TTC,20080619,9.025,9.045,8.8775,9.025,290900
TTF,20080619,10.69,10.7,10.41,10.54,237700
TTI,20080619,24.9,25,24.28,24.48,716300
TTM,20080619,11.9,11.99,11.71,11.87,1119800
TU,20080619,21.39,21.7,21.235,21.66,63700
TUP,20080619,36.41,36.89,36.25,36.6,298700
TV,20080619,23.56,23.7,23.2,23.62,2600800
TVC,20080619,24.96,24.96,24.75,24.78,12200
TVE,20080619,25.06,25.12,25.01,25.01,8500
TWI,20080619,44.48,44.94,42.79,43.31,691100
TWN,20080619,16.84,17.07,16.75,17.05,64600
TWX,20080619,44.13,45,43.83,44.82,19913500
TX,20080619,41.66,42.41,41.01,41.99,409200
TXT,20080619,52.03,53.05,51.72,52.74,1838800
TY,20080619,17.64,17.69,17.52,17.63,125200
TY.P,20080619,42.59,42.59,42.59,42.59,0
TYG,20080619,31,31.26,30,30,1184900
TYL,20080619,14.79,14.96,14.77,14.93,237600
UA,20080619,3.8375,3.8375,3.605,3.655,2300700
UAL,20080619,6.5,8.11,6.5,8.11,12723500
UAM,20080619,11.67,11.77,11.36,11.51,350000
UBA,20080619,15.66,15.96,15.6,15.94,129000
UBP,20080619,16.08,16.3,16,16.29,2200
UBS,20080619,22.99,23.28,22.42,23.07,9399000
UDR,20080619,24.31,24.7,23.98,24.67,1041700
UFI,20080619,3.01,3.01,2.92,2.97,52000
UFS,20080619,35.64,36.2376,35.2224,35.5176,1555200
UGI,20080619,18.72,18.8267,18.68,18.78,323600
UGP,20080619,9.3025,9.8575,9.3,9.8,68200
UHS,20080619,30.735,31.125,30.355,30.99,605700
UHT,20080619,33.61,34.01,33.48,34.01,32000
UIS,20080619,45,45,42.8,44.7,2508600
UL,20080619,30.05,30.11,29.62,29.82,623900
UMC,20080619,3.02,3.13,2.99,3.1,3984600
UN,20080619,29.93,29.98,29.57,29.78,1869500
UNF,20080619,47.71,48.68,47.71,48.36,131900
UNH,20080619,27.1,28.71,26.93,27.89,51415600
UNM,20080619,22.75,22.86,22.2,22.8,2432700
UNP,20080619,37.69,39.29,37.65,38.9,6542100
UNT,20080619,83.63,84.24,80.28,80.51,641300
UPS,20080619,65.67,67.08,65.28,66.84,5741300
URI,20080619,21.72,21.94,21.5,21.82,2160400
USA,20080619,6.28,6.34,6.26,6.34,345100
USB,20080619,30,30.16,29.25,29.92,23945100
USB-H,20080619,18.72,18.72,18.49,18.69,12100
USG,20080619,33.1,33.17,32.69,32.98,379000
USPH,20080619,17.71,17.78,17.36,17.59,88500
UTF,20080619,24.92,25.18,24.92,25.18,96100
UTI,20080619,12.98,13.21,12.86,13.13,245800
UTX,20080619,67.9,69,66.99,68.82,5260900
UVV,20080619,49.05,49.21,48.22,48.75,300100
V,20080619,20.8425,21.1,20.405,21.0675,9231900
VAL,20080619,20.18,20.24,19.84,20.04,850800
VAR,20080619,51.99,52.62,51.36,52.45,1109200
VBF,20080619,16.46,16.54,16.43,16.43,19200
VC,20080619,3.47,3.53,3.39,3.45,1178900
VCO,20080619,36.5,36.53,36.2,36.53,2700
VCV,20080619,14.49,14.66,14.49,14.62,13300
VFC,20080619,17.9375,18.15,17.745,18.0575,1165900
VG,20080619,1.79,1.81,1.75,1.76,259800
VGM,20080619,13.88,13.88,13.75,13.81,74000
VGR,20080619,17.01,17.7,16.96,17.7,313900
VHI,20080619,9.9833,10.15,9.9333,10.0267,32200
VIV,20080619,27.78,28.15,27.23,28.15,112700
VKQ,20080619,14.03,14.13,14.01,14.11,30400
VLO,20080619,44.26,44.39,43.35,44.17,12486100
VLT,20080619,17.6,17.6,17.25,17.35,12800
VLY,20080619,16.84,17.26,16.45,17.19,694400
VLY-A,20080619,24.76,24.76,24.42,24.75,2300
VMC,20080619,66.84,67.34,64.94,66.14,1695500
VMI,20080619,108.58,109.3,105.34,107.86,433300
VMO,20080619,13.84,13.89,13.77,13.82,26800
VMW,20080619,65.92,66.5,64.69,65.72,549200
VNO,20080619,92.3,94.17,91.63,94.16,986600
VNO-G,20080619,20.75,20.9,20.64,20.67,5100
VNO-I,20080619,20.69,20.82,20.66,20.8,2400
VPV,20080619,12.56,12.61,12.52,12.58,20200
VR,20080619,21.71,21.78,21.2,21.52,141000
VRS,20080619,8.43,8.55,8.43,8.5,52000
VRX,20080619,17.4,17.51,16.49,17.06,2000300
VSH,20080619,9.96,10.05,9.78,10.02,802300
VTA,20080619,14.85,14.93,14.73,14.76,247700
VTN,20080619,14.4,14.51,14.38,14.51,2800
VTR,20080619,43.54,45.04,43.2,45.04,970600
VVC,20080619,30.69,30.89,30.45,30.46,335900
VVI,20080619,29.53,29.72,29.26,29.47,76100
VVR,20080619,6.03,6.06,6.02,6.04,416300
VZ,20080619,36.12,36.72,35.71,36.5,15081500
WAB,20080619,22.47,24.225,22.265,24.09,1281600
WAL,20080619,8.79,8.95,8.02,8.38,374100
WAT,20080619,63.1,63.98,62.82,63.94,658100
WBC,20080619,51.67,52.84,50.94,52.81,151000
WBK,20080619,20.042,20.156,19.878,20.128,28700
WBS,20080619,19.15,19.35,18.55,19.08,1200800
WCC,20080619,41.98,43.16,41.87,43,359500
WCG,20080619,44.41,45.35,40.28,40.28,2373300
WCN,20080619,22.38,22.86,22.14,22.8533,363600
WDR,20080619,36.74,37.41,35.92,37.32,855200
WEA,20080619,12.62,12.69,12.52,12.59,18900
WEC,20080619,23.9,23.955,23.67,23.785,1333400
WES,20080619,17.39,17.39,16.91,17.25,239700
WF,20080619,52.6,52.93,52.2,52.57,3000
WFC,20080619,25.41,25.7,24.56,25.63,47032600
WFT,20080619,46.79,47.17,44.68,44.76,7233900
WG,20080619,46.02,47.4,45.12,45.34,457500
WGL,20080619,35.52,35.86,35.15,35.19,613100
WGO,20080619,12.28,12.95,12.28,12.82,310400
WHG,20080619,41.27,41.27,39.75,40.75,7500
WHR,20080619,65,66.97,64.58,66.9,1219200
WIA,20080619,12.13,12.21,12.13,12.17,160300
WIT,20080619,7.854,8.13,7.758,8.088,382100
WIW,20080619,12.21,12.25,12.19,12.2,174000
WLK,20080619,8.41,8.52,8.35,8.515,206200
WLL,20080619,53.39,53.835,50.755,50.85,766000
WM,20080619,38.95,39.25,38.57,39.1,4401000
WMB,20080619,39.89,40.2,38.71,38.71,7502800
WMK,20080619,34.17,34.89,34.17,34.89,33000
WMS,20080619,34.99,35.25,32.57,34.13,2329700
WMT,20080619,57.74,58.25,57.37,57.69,20677100
WNC,20080619,8.82,8.95,8.73,8.87,146100
WNR,20080619,12.63,13.29,12.54,13.13,1077500
WNS,20080619,18.08,18.29,17.94,18.23,22200
WOR,20080619,22.36,22.81,22.25,22.73,1161300
WPC,20080619,30.71,31.01,30.4,30.74,51700
WPZ,20080619,32.28,32.65,31.91,32.44,267300
WR,20080619,23.09,23.18,22.92,23.14,1184400
WRB,20080619,25.56,25.89,25.22,25.66,663300
WRE,20080619,31.93,32.42,31.65,32.42,402500
WRI,20080619,31.35,32,31.06,31.98,1128100
WSM,20080619,22.21,22.64,22.01,22.63,1069900
WSO,20080619,41.29,42.74,40.95,42.74,242000
WST,20080619,23.495,23.635,22.62,22.715,348900
WTI,20080619,58.7,59.57,55.66,55.92,941600
WTM,20080619,442.04,443.82,438.18,442,6400
WTR,20080619,13.672,13.704,13.488,13.504,1042500
WTS,20080619,25.89,26.55,25.62,26.4,379100
WTW,20080619,39.64,39.74,38.47,39.11,1021000
WU,20080619,22.78,23.33,22.37,23.16,5487200
WWE,20080619,15.35,16.04,15.35,15.98,473500
WWW,20080619,13.825,14,13.585,13.965,401400
WY,20080619,55.57,56.08,54.72,54.92,2273200
WYN,20080619,18.91,19.76,18.64,19.7,1927400
X,20080619,178.41,183.83,177.27,182.17,6645200
XCO,20080619,34.8,35.66,33.41,34.2,3934700
XEC,20080619,73.82,74.5,70.55,70.74,938800
XEL,20080619,20.75,20.92,20.69,20.82,1522300
XIN,20080619,7.04,7.08,6.85,7.01,108100
XKE,20080619,8.54,8.54,8.54,8.54,0
XL,20080619,29.78,30.33,29.1,30.26,3471700
XOM,20080619,88.06,88.2,85.5,85.79,26604100
XRM,20080619,103.8,105,101,103.6,204000
XRX,20080619,13.83,14.22,13.81,14.15,8320900
Y,20080619,367.5,368.5,359.39,363.69,13500
YGE,20080619,204.3,210.5,197.7,205.2,4481500
YPF,20080619,47.69,47.7,47.65,47.67,9500
YUM,20080619,36.85,37.6,36.53,37.33,3034800
YZC,20080619,19.268,19.848,18.624,18.722,603000
ZB-A,20080619,14.85,14.9,14.75,14.76,8100
ZF,20080619,18.92,19.04,18.84,19,356500
ZNH,20080619,23.84,23.99,23.39,23.42,203400
ZTR,20080619,18.32,18.52,18.2,18.24,198400
