<ticker>,<date>,<open>,<high>,<low>,<close>,<vol>
A,20100823,28.74,28.79,27.92,27.96,3123100
AA,20100823,32.01,32.07,31.05,31.11,17216900
AAN,20100823,17.06,17.15,16.7,16.7,520500
AAP,20100823,55.9,56.21,54.74,54.75,1312500
AAV,20100823,5.87,5.89,5.78,5.78,198700
AB,20100823,24.97,25.26,24.87,25.05,246800
ABB,20100823,19.17,19.31,18.99,19.02,1825100
ABC,20100823,29,29.23,28.52,28.54,2903400
ABG,20100823,12.85,13.01,12.12,12.17,144700
ABM,20100823,19.59,19.64,19.08,19.08,205900
ABR,20100823,4.96,4.99,4.88,4.9,38500
ABT,20100823,49.55,50.18,49.55,49.78,7216200
ABX,20100823,44.55,44.65,43.8,44.11,4224400
ACC,20100823,28.21,28.45,28.04,28.23,592400
ACH,20100823,21.11,21.11,20.23,20.37,396000
ACM,20100823,23.35,23.65,22.86,22.89,368100
ACN,20100823,38.69,38.73,37.51,38,5212300
ACV,20100823,29.55,29.76,29.42,29.48,535700
ADC,20100823,23.81,23.88,23.25,23.33,54800
ADM,20100823,30.77,31,30.31,30.33,3933700
ADS,20100823,57.08,57.21,55.97,56,604400
ADX,20100823,9.36,9.43,9.31,9.32,132200
AEB,20100823,19.96,20.23,19.96,20.15,30500
AED,20100823,22.06,22.31,21.98,22.2,58600
AEE,20100823,27.3,27.9,27.27,27.66,2862800
AEG,20100823,5.51,5.55,5.43,5.43,706600
AEH,20100823,22.07,22.22,22,22.15,100000
AEL,20100823,10.13,10.17,9.67,9.68,388300
AEM,20100823,63.03,63.03,62.25,62.5,1730100
AEO,20100823,13.18,13.29,12.95,12.98,3362000
AEP,20100823,35.01,35.4,34.94,35.11,3964800
AER,20100823,11.61,11.65,10.99,10.99,176200
AES,20100823,10.47,10.63,10.42,10.46,3269400
AES-C,20100823,46.68,46.68,46.1,46.1,9000
AET,20100823,27.23,27.52,27.11,27.15,2794600
AF,20100823,12.31,12.31,11.93,11.93,774300
AFB,20100823,14.44,14.55,14.44,14.5,32700
AFC,20100823,21.1,21.25,20.99,21.04,37700
AFG,20100823,29.19,29.38,29.03,29.04,577200
AFL,20100823,46.48,46.98,45.96,46.23,3377900
AGC,20100823,8.93,8.97,8.9,8.9,70800
AGCO,20100823,35.46,35.51,33.37,33.66,1870300
AGD,20100823,12.6,12.64,12.3,12.3,75500
AGM,20100823,12.45,12.54,11.07,11.1,252300
AGM.A,20100823,9.5,9.5,9,9.25,1300
AGN,20100823,63.21,64.22,63.04,63.84,1815300
AGO,20100823,17.19,17.28,16.38,16.45,1939400
AGO-B,20100823,24.4,24.4,23.74,24.13,11900
AGO-E,20100823,22.15,22.35,21.73,22.2,49100
AGO-F,20100823,19.68,19.9,19.68,19.9,8300
AGU,20100823,69.35,70.19,69.14,69.23,2131800
AHC,20100823,6.69,6.76,6.37,6.39,92700
AHL,20100823,28.25,28.36,27.87,27.87,360100
AHL-A,20100823,22.44,22.47,22.35,22.38,40100
AHT,20100823,8.68,8.69,8.28,8.29,277400
AHT-A,20100823,24,24.35,23.84,24.35,2200
AHT-D,20100823,23.41,23.86,23.26,23.68,15400
AI,20100823,20.11,20.33,19.54,19.58,55500
AIB,20100823,10.85,10.85,10.65,10.7,1321500
AIG,20100823,35.27,35.87,35.01,35.04,2248300
AIN,20100823,18.38,18.76,18.07,18.36,155400
AIR,20100823,15.79,15.9,15.21,15.25,244800
AIT,20100823,27.04,27.23,26.18,26.23,184800
AIV,20100823,19.83,19.91,19.59,19.59,1830300
AIZ,20100823,36.49,36.74,36.17,36.19,1257500
AJG,20100823,24.78,24.89,24.64,24.67,443600
AKO.A,20100823,22.15,22.56,22.08,22.51,900
AKO.B,20100823,26.27,26.86,26,26.74,504000
AKP,20100823,14.6,14.65,14.59,14.64,13500
AKR,20100823,17.74,17.78,17.33,17.34,117400
AKS,20100823,13.6,13.64,12.98,13.01,6106100
ALB,20100823,41.44,41.67,40.69,40.81,499300
ALE,20100823,35.5,35.73,35.08,35.13,108900
ALEX,20100823,33.68,34.3,33.61,33.65,154600
ALG,20100823,20.2,20.47,19.53,19.55,59700
ALJ,20100823,5.77,5.77,5.58,5.65,93300
ALK,20100823,12.5675,12.79,12.065,12.0725,469300
ALL,20100823,27.69,28.08,27.62,27.91,3544000
ALP-O,20100823,25.3,25.38,25.15,25.15,11400
ALR,20100823,28.95,29,28.46,28.55,288200
ALR-B,20100823,209.99,210,209.99,210,500
ALV,20100823,54.47,54.72,53.65,53.72,724900
ALX,20100823,305.95,305.95,299.96,300,3700
AM,20100823,19.71,19.75,19.11,19.13,267800
AME,20100823,19.2089,19.3733,19.0089,19.0222,171200
AMG,20100823,68.55,68.56,67.04,67.11,346900
AMN,20100823,57.24,58.37,56.47,56.95,44200
AMP,20100823,43.15,43.61,43.04,43.21,1925500
AMRC,20100823,11.58,12.33,11.34,11.5,370200
AMT,20100823,47.46,47.72,46.91,46.94,1972500
AMX,20100823,24.64,24.79,24.46,24.46,2103700
AN,20100823,23.55,23.77,23.16,23.23,863900
ANF,20100823,36.89,37.15,35.88,36.6,4652500
ANH,20100823,6.87,6.92,6.83,6.83,1173400
ANH-A,20100823,25.45,25.45,25.42,25.42,1600
ANH-B,20100823,23.9,23.9,23.9,23.9,1400
ANW,20100823,15.86,15.98,15.55,15.57,517500
AOD,20100823,10.88,11,10.62,10.64,990200
AOI,20100823,35,35.3,33.4,34.2,515700
AON,20100823,37.05,37.25,36.9,36.92,1682000
AOS,20100823,8.5317,8.6167,8.3367,8.3967,243600
AP,20100823,21.63,21.87,20.83,21.03,40600
APA,20100823,90.9,91.18,89.35,89.46,3645000
APB,20100823,9.95,10,9.93,9.96,22900
APC,20100823,49.02,49.35,46.98,47,6346100
APD,20100823,75.61,76.1,74.58,74.69,876600
APF,20100823,14.67,14.69,14.55,14.59,44300
APH,20100823,20.795,20.96,20.375,20.38,904800
APU,20100823,43.42,43.78,43.19,43.31,36200
ARE,20100823,68.33,68.84,67.69,67.75,326200
ARI,20100823,17.06,17.06,16.8,16.82,36500
ARL,20100823,8.65,8.65,8.44,8.45,1200
ARW,20100823,24.93,25.12,24.42,24.42,885900
ASA,20100823,27.45,27.75,27.31,27.31,46400
ASG,20100823,3.56,3.61,3.52,3.54,34000
ASH,20100823,48.67,48.91,47.8,47.82,1056600
ASR,20100823,46.87,46.87,44.73,44.8,139400
ASX,20100823,3.8,3.86,3.8,3.83,324200
AT,20100823,12.94,13.1,12.9,12.95,158600
ATI,20100823,44.01,44.27,42.54,42.56,2110500
ATO,20100823,28.65,28.77,28.47,28.48,383900
ATR,20100823,42.36,42.36,41.54,41.67,115400
ATU,20100823,19.97,20.03,19.14,19.14,259600
ATV,20100823,3.2,3.33,3.2,3.22,363700
ATW,20100823,24.78,24.82,24.18,24.21,935400
AU,20100823,43.37,43.6,43.19,43.24,856800
AUO,20100823,9,9,8.78,8.82,2914400
AUY,20100823,10,10.17,9.88,10.11,6418600
AV,20100823,12.28,12.39,12.17,12.17,26300
AVA,20100823,20.96,21.02,20.67,20.7,300300
AVB,20100823,105.02,105.38,103.83,103.86,747400
AVD,20100823,6.39,6.43,6.06,6.11,112600
AVK,20100823,17.03,17.07,16.96,17.02,123600
AVP,20100823,29.21,30.13,29.21,29.79,3466800
AVT,20100823,24.33,24.44,23.74,23.77,1174500
AVX,20100823,13.55,13.56,13.02,13.03,435600
AVY,20100823,33.91,34.31,33.31,33.37,882000
AWF,20100823,14.56,14.66,14.55,14.64,253400
AWH,20100823,16.53,16.8367,16.53,16.62,197300
AWI,20100823,37.63,38.18,37.11,37.12,770300
AWK,20100823,22.23,22.49,21.97,22,521400
AWP,20100823,6.12,6.12,6.04,6.06,288700
AWR,20100823,15.86,16.01,15.715,15.8,108600
AXE,20100823,48.29,48.5,46.96,47.15,283000
AXL,20100823,9.02,9.25,8.99,9.04,1931600
AXP,20100823,40.95,40.95,40.17,40.2,5156800
AXR,20100823,11.6,11.88,11.53,11.79,600
AXS,20100823,31.13,31.29,30.99,30.99,772700
AYI,20100823,37.65,38.12,36.8,36.84,561900
AYR,20100823,8.4,8.4,8.03,8.03,591600
AZN,20100823,51.03,51.4,50.95,50.95,859900
AZO,20100823,213.36,215.21,212.89,213.61,343100
AZZ,20100823,20.075,20.35,19.49,19.55,47300
B,20100823,15.87,15.94,15.36,15.43,299900
BA,20100823,65.09,65.24,63.21,63.3,3888100
BAC,20100823,13.07,13.1,12.86,12.87,114682700
BAC-C,20100823,24.7,24.85,24.67,24.85,77000
BAC-D,20100823,22.2,22.3,22.14,22.19,152100
BAC-E,20100823,18.25,18.5,18.17,18.34,33900
BAC-I,20100823,23.21,23.35,23.17,23.32,127500
BAC-L,20100823,955.9,955.9,950.14,952,9400
BAC-W,20100823,24.88,24.95,24.8,24.91,81300
BAC-Y,20100823,23.15,23.15,22.88,23.09,53000
BAC.A,20100823,6.95,7.02,6.86,6.88,65900
BAC.B,20100823,2.7,2.76,2.66,2.66,176800
BAF,20100823,15.55,15.7,15.55,15.64,14600
BAK,20100823,17.29,17.3,16.35,16.42,181200
BAM,20100823,17.08,17.24,16.8933,16.9,512800
BAP,20100823,101.1,101.53,100.81,100.89,114000
BAS,20100823,7.9,8.1,7.58,7.59,381700
BAX,20100823,44.79,45.43,44.66,44.77,3055500
BBD,20100823,13.7348,13.8409,13.5833,13.6061,6960400
BBF,20100823,14.29,14.35,14.28,14.29,4900
BBG,20100823,35.03,35.21,34.6,34.99,1214800
BBK,20100823,15.74,15.77,15.74,15.77,6200
BBL,20100823,57.66,57.91,56.33,56.35,1552800
BBT,20100823,23.21,23.37,22.61,22.62,5264100
BBVA,20100823,12.52,12.66,12.38,12.48,2863100
BBW,20100823,5.9,6.01,5.33,5.35,105700
BBX,20100823,6.8,7,6.55,6.65,349700
BBY,20100823,32.7,32.96,32.13,32.22,3801600
BC,20100823,14.8,14.97,13.79,13.85,1964300
BCE,20100823,31.32,31.86,31.31,31.83,890000
BCH,20100823,77.25,78.25,76.77,77.91,10600
BCO,20100823,20.07,20.17,19.64,19.65,271800
BCR,20100823,79.01,79.68,78.43,78.43,398000
BCS,20100823,19.98,20.22,19.7,19.7,2884900
BCS-A,20100823,25,25.12,24.92,24.95,114000
BCS-D,20100823,26.56,26.8,26.56,26.65,135300
BDC,20100823,23.11,23.26,22.6,22.62,173600
BDJ,20100823,8.26,8.26,8.18,8.19,143600
BDN,20100823,10.8,10.89,10.7,10.75,1360400
BDX,20100823,71.07,71.8,70.99,71.01,1362200
BEN,20100823,33.2033,33.2267,32.8167,32.8233,762800
BF.A,20100823,20.4167,20.6767,20.41,20.46,4600
BF.B,20100823,20.57,20.7634,20.47,20.5067,196300
BFK,20100823,14.18,14.23,14.13,14.14,48400
BFO,20100823,14.5,14.64,14.43,14.64,16400
BFR,20100823,8.75,9.2,8.58,8.59,464900
BFS,20100823,41.35,41.8,40.81,40.93,37500
BFZ,20100823,14.53,14.6,14.5,14.5,36000
BG,20100823,54.24,54.68,53.11,53.12,684700
BGC,20100823,23.75,23.79,22.74,22.79,731600
BGE-B,20100823,24.97,25.1,24.86,24.86,7000
BGG,20100823,17.62,17.71,17.27,17.27,541500
BGH,20100823,42.6,43.43,42.6,43.04,50100
BGR,20100823,23.64,23.75,23.34,23.36,63200
BGS,20100823,10.66,10.89,10.57,10.8,305700
BGT,20100823,14.48,14.55,14.44,14.54,32900
BGY,20100823,10.35,10.45,10.25,10.32,252500
BH,20100823,290.91,291.02,284.01,286.31,5200
BHE,20100823,15.13,15.28,14.61,14.64,282000
BHI,20100823,38.73,39.45,38.38,39.01,4230800
BHK,20100823,13.93,13.93,13.82,13.91,67000
BHL,20100823,12.93,12.93,12.78,12.87,11600
BHP,20100823,68.4,68.66,67.05,67.13,3351800
BID,20100823,29.73,30.44,29.33,29.75,1024100
BIF,20100823,5.69,5.77,5.69,5.7,70400
BIG,20100823,31.82,32.31,31.66,31.75,2753300
BIO,20100823,85.36,85.36,83.28,83.89,68200
BIO.B,20100823,83.82,83.82,83.82,83.82,100
BIP,20100823,11.5333,11.5667,11.46,11.5133,680500
BJZ,20100823,15.82,15.82,15.82,15.82,600
BK,20100823,24.77,24.89,24.5,24.51,4228000
BKD,20100823,13.28,13.46,12.99,13.36,772200
BKE,20100823,24.49,24.71,23.77,23.92,513900
BKH,20100823,30.3,30.69,29.99,30.02,174300
BKK,20100823,15.3,15.35,15.21,15.28,41000
BKN,20100823,14.87,14.92,14.81,14.89,9900
BKS,20100823,15.61,15.83,15,15,787300
BKT,20100823,6.94,6.94,6.9,6.9,348400
BLH,20100823,16.35,16.41,16.31,16.36,14000
BLK,20100823,145.71,146,142.64,143.15,433700
BLL,20100823,28.635,28.855,28.56,28.61,630700
BLW,20100823,16.81,16.94,16.8,16.92,89200
BLX,20100823,12.11,12.33,12,12.02,108000
BMA,20100823,39.19,39.72,38.33,38.73,77800
BME,20100823,24.66,24.79,24.41,24.72,15100
BMI,20100823,37.88,38.5,37.51,37.77,110400
BML-G,20100823,15.96,16.25,15.95,16.25,18500
BML-H,20100823,15.86,16.24,15.86,16.2,46600
BML-I,20100823,21.99,22.18,21.95,22.15,80700
BML-J,20100823,18.32,19.12,18.32,18.75,20700
BML-L,20100823,17.68,18,17.65,17.9,65200
BMO,20100823,56.23,56.54,55.66,56.11,469500
BMS,20100823,29.61,29.65,28.98,28.98,707300
BMY,20100823,26.48,26.76,26.38,26.48,12146700
BNJ,20100823,15.14,15.16,15.05,15.09,10600
BNS,20100823,48.52,48.75,48.2,48.38,189300
BNY,20100823,15.21,15.3,15.21,15.3,4900
BOE,20100823,17.24,17.35,16.95,16.99,190200
BOH,20100823,47.02,47.23,46.51,46.54,326100
BORN,20100823,9.32,9.43,8.2,8.67,771500
BP,20100823,36.42,36.91,36.11,36.12,9267800
BPI,20100823,13.15,13.77,13.01,13.47,576900
BPK,20100823,16.2,16.21,16.1,16.2,11400
BPL,20100823,62.62,63.98,62.62,63.46,105700
BPT,20100823,93.74,94.54,93.74,94.24,67900
BQH,20100823,15.5,15.65,15.5,15.65,2600
BR,20100823,20.2,20.3,20.08,20.09,567600
BRC,20100823,25.99,26.16,25.5,25.59,159300
BRFS,20100823,13.5,13.5,13.08,13.13,1312500
BRK.A,20100823,116600,117000,115882,115890,100
BRK.B,20100823,77.88,78.05,77.21,77.23,2998900
BRO,20100823,19.59,19.67,19.48,19.51,225400
BRS,20100823,33.24,33.4,32.75,33,217000
BRT,20100823,5.01,5.12,4.95,5.01,11600
BSBR,20100823,13.03,13.11,12.97,12.97,6452600
BSD,20100823,13.58,13.69,13.57,13.69,15100
BSE,20100823,14.65,14.75,14.65,14.68,8000
BSL,20100823,19.37,19.38,19.08,19.24,52900
BSX,20100823,5.71,5.75,5.61,5.63,9275200
BT,20100823,10.555,10.605,10.475,10.475,68300
BTA,20100823,11.8,11.8,11.74,11.8,29000
BTE,20100823,33.6,33.86,32.65,32.9,231700
BTO,20100823,14.5,14.54,14.31,14.31,56200
BTZ,20100823,12.93,12.96,12.85,12.93,138300
BUD,20100823,51.48,52.25,51.41,51.55,367700
BVN,20100823,38.02,38.15,37.58,37.61,473800
BW,20100823,22.85,23.06,22.26,22.29,214500
BWA,20100823,22.95,22.985,22.315,22.43,2092700
BWP,20100823,30.9,31.18,30.37,30.47,302000
BX,20100823,10.2,10.91,10.17,10.57,3685500
BXC,20100823,33.1,34.2,31.4,32.1,189500
BXP,20100823,81.57,82.36,81.42,81.53,1024300
BXS,20100823,12.85,12.96,12.68,12.74,372100
BYD,20100823,7.82,7.85,7.4,7.41,1471000
BYM,20100823,14.97,15.04,14.94,14.95,36300
BZH,20100823,18.65,18.65,17.75,17.75,1430600
C,20100823,37.9,38.3,37.5,37.5,29397890
C-J,20100823,26.21,26.35,26.19,26.24,383200
C-P,20100823,24.38,24.38,24.25,24.3,1000
C-S,20100823,22.5,22.69,22.5,22.64,101700
CAB,20100823,16,16.2,15.27,15.27,481500
CACI,20100823,43.28,43.28,41.87,41.92,256000
CAE,20100823,9.62,9.64,9.44,9.46,24500
CAF,20100823,28.65,28.94,28.3,28.3,52200
CAG,20100823,21.5,21.62,21.47,21.49,3961500
CAH,20100823,31.12,31.55,31.09,31.09,2753200
CAJ,20100823,41.76,41.86,41.18,41.18,178000
CAL,20100823,21.78,22.5,21.63,21.69,2112500
CALX,20100823,9.95,10.21,9.84,9.99,153300
CAS,20100823,14.06,14.33,13.51,13.57,191900
CAT,20100823,68.7,69.75,66.72,66.84,8880400
CATO,20100823,23.3,23.62,22.86,22.9,97900
CB,20100823,53.47,53.71,53.18,53.27,2646500
CBB,20100823,12.5,13.25,12.3,12.4,905600
CBB-B,20100823,37.41,37.5,37.09,37.38,5500
CBD,20100823,33.69,33.935,33.49,33.705,352700
CBG,20100823,16.5,16.64,16.24,16.24,2059400
CBI,20100823,21.64,21.86,21.03,21.08,410900
CBK,20100823,6.21,6.28,6,6,204800
CBL,20100823,12.16,12.24,12.01,12.03,1540200
CBL-D,20100823,23.45,23.47,23.35,23.36,5400
CBM,20100823,4.4,4.49,3.91,4.07,156400
CBR,20100823,2.95,3,2.65,2.65,463000
CBS,20100823,13.57,13.76,13.25,13.42,10823400
CBS.A,20100823,13.7,13.7,13.3,13.45,8700
CBT,20100823,28.93,29.48,28.69,28.71,342300
CBU,20100823,23.28,23.49,22.63,22.64,162400
CBZ,20100823,5.77,5.9,5.7,5.7,190700
CCC,20100823,12.72,12.89,12.6,12.6,564900
CCE,20100823,29.01,29.25,28.63,28.64,2490700
CCI,20100823,40.69,41.08,40.67,40.77,3275500
CCJ,20100823,25.68,26.07,25.59,25.63,2150900
CCK,20100823,28.86,28.86,28.53,28.62,1250500
CCL,20100823,31.89,32.1,31.46,31.52,2656300
CCM,20100823,6.9,7.07,6.41,6.49,173500
CCO,20100823,11,11.1,10.36,10.43,193800
CCS,20100823,25.61,25.75,25.47,25.73,61400
CCU,20100823,21.916,22.28,21.916,21.984,47300
CCZ,20100823,34.6,34.6,34.6,34.6,100
CDE,20100823,16.26,16.26,15.64,15.7,1749700
CDI,20100823,13.33,13.33,12.26,12.37,188200
CDR,20100823,5.14,5.16,4.95,4.98,330800
CE,20100823,27.06,27.06,25.81,25.95,1183400
CEA,20100823,26.76,26.76,26.09,26.09,16900
CEE,20100823,34.55,34.55,34.04,34.04,3700
CEL,20100823,29.06,29.3,28.91,28.94,188200
CEM,20100823,20.35,20.35,20.12,20.23,180700
CEO,20100823,170.59,170.59,167.53,167.58,292200
CF,20100823,18.082,18.248,17.758,17.768,2651700
CFC-B,20100823,24.38,24.45,24.14,24.24,185500
CFI,20100823,10.55,10.59,10.08,10.08,155600
CFR,20100823,52.06,52.46,51.8,51.81,278200
CFX,20100823,12.72,12.75,12.4,12.5,126100
CGA,20100823,12.31,12.39,11.83,12.03,629000
CGI,20100823,11.64,11.76,11.37,11.41,142100
CHA,20100823,48.59,48.78,48.11,48.17,53800
CHD,20100823,15.24,15.29,15.075,15.0775,1007700
CHE,20100823,50.88,51.29,50,50.07,84500
CHH,20100823,33.74,33.77,33.16,33.26,130600
CHK,20100823,20.37,20.78,20.33,20.58,9254300
CHK-D,20100823,84,84.37,84,84.24,7100
CHL,20100823,52.39,53.05,52.39,52.69,1135900
CHN,20100823,29.98,30.46,29.76,29.86,282700
CHS,20100823,8.87,9.05,8.68,8.69,4459000
CHSP,20100823,16.46,16.46,16.2,16.24,19000
CHT,20100823,20.37,20.4,20.18,20.18,246300
CHU,20100823,13.35,13.39,13.25,13.25,706900
CI,20100823,32.58,33.04,32.48,32.72,2619600
CIA,20100823,6.7,6.8,6.6,6.65,135600
CIB,20100823,58.42,59.59,58.42,58.9,491500
CIE,20100823,7.53,7.65,7.34,7.34,172300
CIF,20100823,2.95,2.98,2.91,2.97,64300
CIG,20100823,9.6576,9.6704,9.4592,9.4656,1426300
CIG.C,20100823,10.85,10.9,10.85,10.9,700
CII,20100823,14.59,14.69,14.43,14.58,153500
CIM,20100823,3.88,3.92,3.87,3.9,5895600
CIR,20100823,29.43,29.67,28.12,28.2,54300
CIT,20100823,38.05,38.23,37.65,37.76,394300
CKH,20100823,77.31,78.57,77.31,77.95,61800
CL,20100823,38.09,38.29,37.72,37.76,2371700
CLB,20100823,78.63,79.44,77.19,77.38,221000
CLC,20100823,34.5,34.89,34.09,34.23,218200
CLD,20100823,15.92,16.07,15.6,15.65,308400
CLDT,20100823,15.58,15.93,15.45,15.46,30000
CLF,20100823,62.13,62.14,59.72,59.81,3286300
CLGX,20100823,18.01,18.04,17.55,17.62,366700
CLH,20100823,31,31.1,30.625,30.655,258700
CLI,20100823,30.63,30.8,30.32,30.39,424000
CLNY,20100823,17.24,17.24,16.95,16.98,53200
CLR,20100823,20.725,20.88,20.59,20.67,422300
CLS,20100823,8.13,8.19,8.01,8.02,546500
CLW,20100823,32.03,32.87,31.63,31.75,54100
CLX,20100823,64.5,64.76,64.24,64.3,721200
CM,20100823,65.43,65.55,64.52,64.72,231100
CMA,20100823,35.45,35.86,34.98,35.04,1660200
CMA.W,20100823,11.9,11.99,11.57,11.57,28400
CMC,20100823,13.54,13.62,13.2,13.21,964000
CMG,20100823,150.92,152.3,149.25,149.56,469600
CMI,20100823,80.19,80.19,76.04,76.5,3334100
CMO,20100823,11.96,12,11.86,11.86,628300
CMP,20100823,72.49,73.49,72.39,72.92,302700
CMS,20100823,17.12,17.49,17.06,17.33,4389900
CMS-B,20100823,80,80,80,80,100
CMU,20100823,4.77,4.78,4.73,4.73,49600
CNA,20100823,27.33,27.54,27.07,27.09,187000
CNC,20100823,10.175,10.52,10.1,10.36,456000
CNI,20100823,30.455,30.495,29.805,29.845,749300
CNK,20100823,15.49,15.57,14.96,15,705200
CNO,20100823,4.83,4.89,4.64,4.83,3118500
CNP,20100823,14.63,14.74,14.52,14.55,7254600
CNQ,20100823,32.31,32.71,32.03,32.1,2705200
CNS,20100823,20.66,20.75,20.36,20.38,195300
CNX,20100823,34.75,34.77,33.79,33.83,2404200
CO,20100823,4.57,4.8,4.5,4.5,11900
COF,20100823,37.97,38.43,37.81,37.88,4011000
COF.W,20100823,13.75,13.79,13.71,13.72,3900
COG,20100823,7.325,7.4725,7.2925,7.38,2563600
COH,20100823,37.64,38.33,37.39,37.8,3443500
COL,20100823,55.65,55.78,54.13,54.26,1041900
COO,20100823,41,41.59,40.97,41.24,390000
COP,20100823,54.1,54.57,53.59,53.71,11342800
COT,20100823,6.57,6.65,6.52,6.57,545100
CP,20100823,57.16,57.28,55.9,55.99,319900
CPA,20100823,52.35,52.98,50.51,50.57,372600
CPB,20100823,36.77,37.1,36.54,36.9,2320800
CPE,20100823,4.68,4.69,4.33,4.37,596200
CPF,20100823,31,31.6,30.4,31.2,76000
CPK,20100823,22.46,22.7067,22.3267,22.52,45000
CPL,20100823,24.75,24.75,23.8233,23.8833,97900
CPN,20100823,12.46,12.65,12.46,12.55,1524100
CPT,20100823,44.33,44.57,43.76,43.77,317600
CR,20100823,35.63,35.77,34.42,34.44,337400
CRD.A,20100823,2,2.19,2,2.03,9300
CRD.B,20100823,2.62,2.69,2.51,2.52,36100
CRH,20100823,18.31,18.43,17.92,18.03,136400
CRI,20100823,24.21,24.65,23.89,24,824000
CRK,20100823,107.6,108,105.2,105.4,504300
CRL,20100823,30.13,30.35,29.68,29.77,851000
CRM,20100823,27.68,28.35,27.1875,28.07,6795000
CRR,20100823,73.73,74.62,73.1,73.49,132900
CRS,20100823,33.59,33.72,31.66,31.73,635800
CRT,20100823,34.86,36.19,34.86,35.76,24500
CRY,20100823,5.52,5.61,5.17,5.18,94000
CS,20100823,44.39,44.65,43.83,43.85,477900
CSC,20100823,42.15,42.2,41.14,41.15,1139000
CSL,20100823,29.98,30.18,29.48,29.48,544700
CSS,20100823,15.68,15.88,15.08,15.13,30600
CSU,20100823,5.37,5.47,4.99,5.01,57000
CSV,20100823,4.56,4.58,4.49,4.5,30300
CTB,20100823,18.27,18.35,17.55,17.63,788100
CTL,20100823,36.12,36.19,35.86,35.91,2717900
CTS,20100823,8.63,8.74,8.36,8.38,168900
CTV,20100823,19.98,20.03,19.19,19.2,1204000
CUB,20100823,38.6,38.69,37.73,37.75,123800
CUK,20100823,33.2,33.46,32.85,32.85,49500
CUZ,20100823,6.36,6.43,6.26,6.26,793400
CVA,20100823,14.72,14.9,14.51,14.52,380200
CVB,20100823,10.36,10.49,10.36,10.49,1100
CVE,20100823,25.51,25.51,25.25,25.35,1046200
CVG,20100823,10.2,10.28,10.16,10.19,742600
CVI,20100823,7.39,7.54,7.2,7.23,136800
CVO,20100823,51.92,51.92,45.04,46.48,1667700
CVS,20100823,28.18,28.65,28.04,28.47,11243200
CVX,20100823,75.34,75.99,75.05,75.05,9991500
CW,20100823,28.2,28.23,27.11,27.15,179500
CWH,20100823,23.74,23.74,23.25,23.27,223200
CWT,20100823,17.27,17.465,17.01,17.035,85800
CX,20100823,8.44,8.52,8.12,8.13,6488600
CXE,20100823,5.28,5.29,5.22,5.24,137000
CXH,20100823,9.91,9.97,9.91,9.97,7000
CXO,20100823,60.75,62.45,60.72,61.16,834700
CXW,20100823,21.18,21.18,20.44,21.01,1097000
CYD,20100823,16.49,16.68,16,16.01,137800
CYH,20100823,29.04,29.27,28.11,28.32,1107900
CYS,20100823,13.75,13.75,13.41,13.42,283800
CZZ,20100823,10.1,10.28,10.01,10.08,790500
D,20100823,44.05,44.66,44.04,44.35,2700100
DAC,20100823,4.04,4.08,4.02,4.05,39700
DAL,20100823,10.54,10.88,10.39,10.47,6190500
DAN,20100823,11.04,11.14,10.64,10.67,1692900
DAR,20100823,7.71,7.85,7.61,7.68,584100
DB,20100823,65.31,65.88,64.51,64.52,705300
DBD,20100823,27.41,27.7,26.85,26.86,256900
DCA,20100823,2.79,2.81,2.76,2.81,10900
DCI,20100823,21.765,21.84,21.45,21.45,172000
DCM,20100823,16.65,16.68,16.55,16.55,120300
DCO,20100823,19.15,19.55,18.53,18.77,58900
DCT,20100823,18.2,18.24,17.64,17.72,737400
DD,20100823,40.51,40.97,40.32,40.37,11479000
DD-A,20100823,69.9,70.95,69.56,70.95,500
DD-B,20100823,88.75,91.73,88.49,89.53,9900
DDD,20100823,4.3967,4.5133,4.19,4.1933,38900
DDE,20100823,3.43,3.44,3.39,3.42,14400
DDF,20100823,7.35,7.42,7.18,7.37,34900
DDR,20100823,10.34,10.45,10.08,10.1,3050800
DDS,20100823,21.9,21.99,21.33,21.35,704000
DDT,20100823,21.99,21.99,21.81,21.81,11700
DE,20100823,65.55,65.65,62.45,63.02,5790200
DECK,20100823,47.74,47.99,46.75,47.3,969700
DEI,20100823,15.83,15.96,15.75,15.77,1111500
DEL,20100823,42.47,43.39,41.54,41.66,34200
DEO,20100823,66.99,67.74,66.95,67.26,486100
DEX,20100823,12.06,12.08,11.91,11.91,37200
DF,20100823,20.34,20.5,20.04,20.06,3499600
DFP,20100823,22.4,22.4,22.12,22.3,20800
DFS,20100823,14.33,14.45,14.23,14.27,3214500
DFT,20100823,24.54,24.77,24.2,24.25,461700
DG,20100823,29.46,29.46,27.21,28.15,2039500
DGI,20100823,31.19,31.2,30.34,30.57,236100
DGX,20100823,46.55,47.05,46.12,46.19,842300
DHF,20100823,4.5,4.5,4.46,4.47,252400
DHG,20100823,13.08,13.09,12.93,12.95,35000
DHI,20100823,10.31,10.37,9.98,9.98,5837800
DHR,20100823,36.29,36.69,36.11,36.35,3863100
DHT,20100823,48,48.72,46.2,46.44,255400
DHX,20100823,6.95,7.01,6.7,6.75,32800
DIN,20100823,32.24,32.54,31,31.06,155800
DIS,20100823,33.23,33.55,32.8,32.93,8046400
DK,20100823,6.68,6.84,6.35,6.36,50800
DKL,20100823,24.81,24.94,24.81,24.89,2500
DKS,20100823,26.64,26.91,25.78,25.8,2465700
DKT,20100823,26.43,26.56,26.3,26.42,177200
DL,20100823,4.69,4.76,4.68,4.68,5000
DLB,20100823,57.24,57.57,54.43,54.59,942100
DLR,20100823,58.69,58.76,57.63,58.01,1025400
DLX,20100823,17.4,17.65,16.85,17,782200
DM,20100823,9.77,9.79,9.45,9.49,118100
DMO,20100823,20.23,20.5,20.17,20.25,40400
DNB,20100823,68.12,68.52,67.52,67.7,241800
DNP,20100823,9.45,9.6,9.45,9.59,306400
DNR,20100823,14.71,15.11,14.7,14.9,3281000
DO,20100823,59.28,60,58.94,59.08,1247500
DOV,20100823,46.5,46.59,45.26,45.38,1838900
DOW,20100823,24.58,24.71,24.03,24.04,8173300
DPM,20100823,32.25,32.55,32.16,32.23,43200
DPS,20100823,36.78,37,36.53,36.53,1376400
DPZ,20100823,13.16,13.27,13.06,13.15,470700
DRE,20100823,11.17,11.26,11.01,11.02,1338300
DRH,20100823,8.82,8.95,8.76,8.8,1908800
DRI,20100823,41.49,41.99,41.18,41.22,782100
DRQ,20100823,52.25,53,51.92,52.06,196400
DSM,20100823,8.47,8.52,8.42,8.5,70300
DST,20100823,41.86,41.99,41.1,41.12,215200
DSU,20100823,11.91,11.94,11.82,11.94,261000
DSW,20100823,13,13.135,12.45,12.625,323900
DSX,20100823,12.5,12.72,12.28,12.28,241500
DTE,20100823,46.01,46.58,45.94,46.16,729800
DTF,20100823,15.9,16.19,15.9,16.15,10800
DTK,20100823,25.25,25.27,25.15,25.22,232400
DUC,20100823,12.72,12.84,12.63,12.65,78100
DUK,20100823,51.45,51.72,51.18,51.18,14070600
DV,20100823,38.07,38.35,37.63,38.02,1265300
DVA,20100823,32.055,32.3,31.975,32.075,490600
DVD,20100823,1.88,1.97,1.86,1.86,4400
DVN,20100823,62.39,62.76,62.25,62.27,2585400
DW,20100823,19.54,19.72,19.15,19.18,194000
DX,20100823,10.11,10.11,10,10,75200
DXB,20100823,23.35,23.4,23.27,23.34,135300
DY,20100823,8.75,8.77,8.41,8.41,395900
DYN,20100823,4.74,4.87,4.73,4.78,4890600
E,20100823,39.96,40.37,39.68,39.72,328500
EAT,20100823,15.75,16.17,15.69,15.76,2270800
EBF,20100823,15.59,15.8,15.18,15.36,141600
EBR,20100823,13,13,12.63,12.67,625300
EBR.B,20100823,15.31,15.34,14.91,15.08,106700
EBS,20100823,17.71,17.8,17.07,17.09,143400
EC,20100823,37.07,37.28,36.47,36.61,149500
ECA,20100823,27.75,28.08,27.54,27.65,3206700
ECL,20100823,47.66,47.67,46.71,46.72,1439000
ECT,20100823,20.23,20.45,20.15,20.41,133800
ED,20100823,46.78,47.3,46.71,46.98,2439400
EDD,20100823,16.79,16.85,16.65,16.75,166900
EDE,20100823,20,20.17,19.63,19.66,368500
EDN,20100823,6.85,6.85,6.41,6.52,32800
EDR,20100823,20.61,20.61,20.04,20.04,246300
EDU,20100823,25.3175,25.43,25.175,25.21,184500
EE,20100823,22.54,22.58,22.37,22.46,347200
EEA,20100823,6.18,6.19,6.14,6.14,14200
EEP,20100823,27.84,27.84,27.45,27.475,232600
EEQ,20100823,26.525,26.525,26.315,26.315,22300
EFR,20100823,15.14,15.2,15.09,15.16,52300
EFT,20100823,15.24,15.33,15.24,15.29,71300
EFX,20100823,30.14,30.23,29.59,29.62,662800
EGF,20100823,16.72,16.74,16.66,16.74,82400
EGN,20100823,42.94,43.53,42.88,43.27,587900
EGO,20100823,18.46,18.47,18.09,18.29,1922000
EGP,20100823,35.66,35.66,34.92,34.98,111200
EGY,20100823,5.47,5.51,5.38,5.41,178900
EHI,20100823,12.51,12.57,12.46,12.56,148500
EIG,20100823,14.6,14.64,14.21,14.21,262200
EIX,20100823,34.04,34.35,33.88,33.88,1477800
EL,20100823,28.845,28.935,28.24,28.28,1640200
ELP,20100823,23.19,23.27,22.65,22.75,338200
ELS,20100823,25.675,25.825,25.295,25.33,80100
ELY,20100823,6.62,6.64,6.36,6.36,391200
EMD,20100823,13.85,13.93,13.83,13.93,108200
EME,20100823,23.36,23.61,22.63,22.66,472500
EMF,20100823,19.39,19.43,19.18,19.18,64300
EMN,20100823,30.6,30.885,30.135,30.175,578700
EMR,20100823,47.01,47.69,46.97,47.1,4612800
ENB,20100823,24.75,24.98,24.705,24.795,176600
ENH,20100823,37.03,37.46,36.52,36.57,393100
ENR,20100823,65.14,65.34,63.85,63.93,387100
ENS,20100823,22.91,23.29,22.45,22.59,374800
ENV,20100823,10.11,10.11,9.8,10.01,29400
ENZ,20100823,3.71,3.77,3.57,3.57,80900
EOD,20100823,9.77,9.79,9.7,9.73,185900
EOG,20100823,45.815,46.475,45.695,45.865,1991600
EOI,20100823,12.8,12.8,12.49,12.49,124000
EOS,20100823,12.58,12.6,12.26,12.29,248300
EOT,20100823,21.71,21.71,21.55,21.6,47500
EP-C,20100823,36.4,36.74,35.98,36.74,12400
EPD,20100823,18.53,18.835,18.465,18.515,989200
EPE,20100823,48.41,49.17,48.32,48.46,34500
EPR,20100823,41.19,41.38,40.54,40.97,239000
EPR-C,20100823,18.18,18.4,18.17,18.27,20000
EPR-E,20100823,26.83,26.9,26.81,26.9,1100
EQR,20100823,45.05,45.42,44.89,44.92,1503400
EQS,20100823,2.26,2.26,2.19,2.22,12300
EQT,20100823,33.65,34.11,33.62,33.83,1424600
EQY,20100823,15.93,16.05,15.81,15.83,187500
ERF,20100823,22.7,22.94,22.6,22.64,427600
ERJ,20100823,25.73,25.73,24.82,24.82,629500
ES,20100823,4.79,5.25,4.61,4.94,8168500
ESD,20100823,19.09,19.09,18.99,19.03,193300
ESE,20100823,31.33,31.68,30.86,31.28,131500
ESL,20100823,47.11,47.16,45.04,45.11,136000
ESS,20100823,102.87,103.55,101.95,101.95,171300
ESV,20100823,41.82,42.17,41.48,41.68,1025200
ETB,20100823,14.37,14.42,14.09,14.09,80400
ETE,20100823,17.54,17.735,17.5,17.55,201300
ETG,20100823,13.1,13.12,12.92,12.92,178900
ETH,20100823,14.47,14.62,13.91,13.92,181100
ETJ,20100823,14.64,14.68,14.33,14.62,223100
ETM,20100823,5.94,6.18,5.52,5.55,596600
ETN,20100823,36.65,36.775,36.115,36.245,1906000
ETO,20100823,18.2,18.29,18.15,18.16,38700
ETP,20100823,46.82,47.05,46.2,46.47,932100
ETR,20100823,78.02,79.03,77.79,78.39,1100200
ETV,20100823,13.77,13.82,13.6,13.6,171400
ETW,20100823,12.27,12.37,12.12,12.13,311400
ETY,20100823,11.73,11.76,11.37,11.41,385000
EV,20100823,26.79,26.98,26.55,26.71,769100
EVC,20100823,1.81,2.06,1.66,1.66,168700
EVF,20100823,6.71,6.76,6.71,6.76,69700
EVG,20100823,17.14,17.2,17.1,17.19,52600
EVN,20100823,12.91,12.99,12.89,12.96,25800
EVR,20100823,26.24,26.37,25.18,25.37,160400
EVT,20100823,15.03,15.07,14.95,15,109800
EW,20100823,29.16,29.32,28.925,29.13,624100
EXC,20100823,40.65,41.12,40.51,40.55,4388300
EXD,20100823,20.08,20.1,19.98,20.04,20400
EXG,20100823,10.61,10.62,10.4,10.41,757700
EXP,20100823,22.52,22.76,21.9,21.96,351800
EXPR,20100823,14.64,14.8,14.24,14.25,109500
EXR,20100823,15.18,15.24,14.81,14.83,380100
F,20100823,11.84,11.9,11.6,11.61,42449500
FAC,20100823,1.72,1.87,1.65,1.7,22400
FAF,20100823,14.05,14.35,13.87,13.89,329700
FAM,20100823,17.47,17.61,17.38,17.6,41700
FBC,20100823,26.4,27.2,23.3,24.4,2203500
FBP,20100823,7.65,7.8,6.75,6.75,1927300
FBR,20100823,16.11,16.31,15.75,15.77,1397400
FC,20100823,6.02,6.1,5.78,5.8,32800
FCE.A,20100823,11.26,11.44,11.12,11.19,596400
FCE.B,20100823,11.24,11.24,11.24,11.24,0
FCF,20100823,5.13,5.21,4.99,5,554100
FCH,20100823,4.54,4.63,4.24,4.25,1224500
FCH-A,20100823,20.25,20.35,20.22,20.22,9200
FCN,20100823,33.71,33.79,33.32,33.48,340900
FCT,20100823,13.2,13.21,13.16,13.21,56900
FCX,20100823,36.045,36.075,35.105,35.18,6372100
FDP,20100823,20.99,21.54,20.99,21.28,164400
FDS,20100823,75.47,75.92,74.99,75.73,303200
FDX,20100823,82.27,83.27,81.33,81.44,2621900
FE,20100823,36.03,36.37,35.71,36.08,7382500
FEO,20100823,20.42,20.49,20.29,20.29,18800
FFA,20100823,11.32,11.37,11.21,11.34,100000
FFC,20100823,16.65,16.75,16.57,16.62,98600
FFG,20100823,22.34,22.63,21.89,21.94,102600
FGB,20100823,6.67,6.7,6.55,6.59,22200
FGP,20100823,25.04,25.31,25.01,25.25,99500
FHN,20100823,10.25,10.34,10.19,10.24,2481300
FHY,20100823,13.8,13.98,13.8,13.86,87700
FICO,20100823,22.71,23.02,22.44,22.67,411800
FIG,20100823,3.68,3.76,3.57,3.58,529000
FII,20100823,20.57,21.14,20.48,20.89,1985300
FIS,20100823,26.5,26.68,26.11,26.25,2311700
FIX,20100823,10.55,10.69,10.34,10.37,191000
FL,20100823,12.44,12.71,12.08,12.09,3648400
FLC,20100823,16.97,17.36,16.95,17.28,70400
FLO,20100823,11.4845,11.5955,11.44,11.4622,409400
FLR,20100823,46.79,47.59,46.29,46.31,1344000
FLS,20100823,32.03,32.1033,31.1133,31.1467,415900
FLY,20100823,11.5,11.5,11.26,11.33,23500
FMC,20100823,31.015,31.39,31.005,31.065,694400
FMN,20100823,15.2,15.35,15.19,15.34,8700
FMO,20100823,19.1,19.14,19,19,179700
FMS,20100823,28.21,28.41,28.12,28.12,38800
FMX,20100823,48.52,49.96,48.45,49.75,1422700
FMY,20100823,20.12,20.32,19.94,20,45300
FN,20100823,14.32,14.72,13.47,13.77,51600
FNB,20100823,7.85,8.01,7.82,7.9,982300
FNF,20100823,14.87,14.88,14.66,14.68,970800
FOE,20100823,10.36,10.6,10.12,10.22,640400
FOF,20100823,12.2,12.36,12.17,12.2,62500
FOR,20100823,13.82,14.23,13.82,14.01,555900
FPO,20100823,14.55,14.63,14.36,14.41,116700
FPT,20100823,14.36,14.49,14.19,14.36,32800
FR,20100823,4.6,4.68,4.36,4.37,554300
FRA,20100823,14.76,14.89,14.76,14.84,46900
FRO,20100823,141.6,143.05,139.25,139.3,1764900
FRT,20100823,77.56,78.36,77.23,77.43,532500
FSS,20100823,5.4,5.47,5.08,5.08,400400
FT,20100823,6.21,6.32,6.21,6.26,61100
FTI,20100823,30.95,31.32,30.795,30.985,864100
FTK,20100823,1.52,1.52,1.37,1.38,216400
FUL,20100823,19.54,19.64,19.12,19.13,262400
FUN,20100823,12,12.1,11.67,11.75,115600
G,20100823,13.55,13.66,13.46,13.52,282100
GAB,20100823,4.68,4.75,4.53,4.56,790700
GAB-D,20100823,25.28,25.28,25.28,25.28,0
GAM,20100823,22.34,22.5,22.23,22.23,77600
GAM-B,20100823,25.29,25.34,25.2,25.26,3600
GBL,20100823,35.28,35.39,34.13,34.22,11500
GBX,20100823,10.89,11.09,10.09,10.12,216200
GCH,20100823,11.68,11.77,11.59,11.67,158500
GCI,20100823,12.45,12.52,12.06,12.19,2394100
GCO,20100823,26.02,26.55,24.98,25.52,192800
GCV,20100823,5.78,5.78,5.71,5.73,27600
GCV-B,20100823,25.57,25.58,25.57,25.58,600
GD,20100823,60.14,60.36,59.24,59.33,1988100
GDL,20100823,13.66,13.79,13.55,13.71,62100
GDO,20100823,18.81,18.84,18.69,18.8,56200
GDOT,20100823,46.3,46.4,45,45.25,33600
GDV,20100823,12.83,12.89,12.75,12.76,135000
GDV-A,20100823,25.33,25.33,25.21,25.31,2000
GDV-D,20100823,25.55,25.56,25.45,25.45,2700
GE,20100823,15.22,15.27,14.85,14.89,55580900
GEF,20100823,57.12,57.27,56.41,56.66,73000
GEF.B,20100823,54.2,54.35,53.82,53.92,2700
GEO,20100823,21.59,21.64,21.22,21.33,341000
GER,20100823,25.78,25.84,25.67,25.75,74000
GES,20100823,39.17,39.9,38.19,38.25,2104000
GF,20100823,12.63,12.63,12.33,12.33,17300
GFA,20100823,14,14.13,13.81,13.86,1322100
GFF,20100823,12.35,12.57,11.55,11.57,317300
GFI,20100823,14.12,14.22,14.05,14.07,3017100
GFY,20100823,15.8,15.91,15.7,15.78,13400
GG,20100823,41.93,41.96,41.02,41.09,2491900
GGB,20100823,13.99,14.06,13.56,13.56,3639500
GGG,20100823,29.12,29.19,28.34,28.54,267700
GGP,20100823,13.98,14.17,13.88,13.9,1242500
GGT,20100823,7.17,7.23,7.16,7.16,27100
GGT-B,20100823,25.3,25.3,25.3,25.3,0
GHL,20100823,72.93,74.05,72.62,73.56,421500
GIB,20100823,14.05,14.27,14.02,14.08,132200
GIL,20100823,14.42,14.45,14.15,14.155,207400
GIM,20100823,10.6,10.6,10.42,10.5,251700
GIS,20100823,35.17,35.62,35.03,35.41,6044200
GJH,20100823,8.6,8.6,8.6,8.6,0
GJO,20100823,18.12,18.12,17.97,17.97,900
GJP,20100823,21,21,21,21,0
GJR,20100823,18.55,18.55,18.55,18.55,0
GJS,20100823,14.62,14.75,14.53,14.53,6000
GJT,20100823,16.7,16.7,16.7,16.7,100
GJV,20100823,24.7,24.7,24.4,24.45,4200
GLF,20100823,26.36,26.62,26.04,26.13,112000
GLP,20100823,23.34,24.18,23.25,23.92,62000
GLT,20100823,11.41,11.47,10.82,10.85,256000
GLW,20100823,16.23,16.26,15.9,15.94,15479900
GME,20100823,18.93,18.99,18.32,18.42,2931800
GNK,20100823,161.7,163,159.5,160.3,992300
GNRC,20100823,12.65,12.97,12.19,12.25,140400
GNW,20100823,11.46,11.54,11.1,11.11,6244600
GOF,20100823,19.59,19.65,19.43,19.44,131900
GOL,20100823,136.3,139.7,131.4,132.1,1051100
GPC,20100823,42.14,43.35,42.03,42.71,1035300
GPE-A,20100823,25.75,25.81,25.75,25.81,3200
GPI,20100823,26.38,27.1,25.44,25.47,312100
GPK,20100823,3.33,3.37,3.13,3.18,396200
GPM,20100823,8.48,8.48,8.27,8.43,31300
GPN,20100823,18.975,19.065,18.73,18.73,234800
GPS,20100823,17.35,17.51,17.11,17.14,6087700
GPX,20100823,7.68,7.71,7.38,7.41,37300
GRA,20100823,25.83,25.91,25.1,25.26,520300
GRR,20100823,19.46,19.47,19.46,19.47,200
GRX,20100823,6.1,6.16,6.02,6.12,36200
GRX-A,20100823,25.25,25.35,24.84,25.28,69300
GS,20100823,148.12,148.5,146.6,146.74,3729700
GS-A,20100823,20.73,20.81,20.56,20.56,138100
GS-B,20100823,25.32,25.39,25.15,25.15,60800
GS-C,20100823,22.47,22.48,22.1,22.12,56300
GS-D,20100823,20.98,21,20.77,20.77,129800
GSH,20100823,17.85,17.95,17.74,17.8,33800
GSK,20100823,38.03,38.3,37.96,38.01,1908700
GSL,20100823,2.53,2.55,2.5,2.5,45100
GTN,20100823,2.18,2.33,2.1,2.1,167200
GTN.A,20100823,2.23,2.23,1.97,1.97,2800
GTS,20100823,16.24,16.24,15.9,16,106400
GTY,20100823,24.51,24.64,24.1,24.16,103500
GUT,20100823,7.52,7.52,6.27,6.27,968700
GUT-A,20100823,25.5,25.5,25.5,25.5,100
GVA,20100823,22.82,22.95,22.22,22.26,319800
GWR,20100823,38.33,38.67,37.06,37.12,248100
GWW,20100823,108.5,109.63,108.1,108.88,1068900
GXP,20100823,18.6,18.85,18.52,18.6,996200
GYB,20100823,18.1,18.21,18,18.21,5600
GYC,20100823,21.1,21.1,21.1,21.1,0
H,20100823,38.27,38.45,37.4,37.4,66700
HAE,20100823,26.29,26.395,25.85,25.88,75900
HAL,20100823,27.5,28.5,27.36,28.14,10421000
HAR,20100823,30.81,31.34,30.54,30.57,521700
HBI,20100823,6.5975,6.63,6.46,6.4625,362500
HCN,20100823,45.2,45.25,44.65,44.67,966500
HCP,20100823,34.31,34.49,34.03,34.09,1681900
HD,20100823,28.56,28.64,27.8,27.83,11447800
HDB,20100823,33.16,33.2,32.634,32.674,162300
HE,20100823,23.96,24.2,23.75,23.76,276800
HE-U,20100823,25.5,25.5,25.5,25.5,200
HEI,20100823,18.8211,18.9491,18.2221,18.2426,78100
HEI.A,20100823,17.3184,17.3184,16.7552,16.896,36600
HEP,20100823,23.995,24.275,23.895,24.07,46800
HES,20100823,51.18,51.72,51.02,51.23,1827500
HF,20100823,7.6,7.7,7.55,7.64,86700
HFC,20100823,13.51,13.765,13.385,13.395,615800
HGG,20100823,20.66,20.8,20.09,20.16,565200
HGT,20100823,20.14,20.25,19.89,19.92,124400
HHS,20100823,9.93,10,9.6,9.89,587400
HI,20100823,20.11,20.35,20.1,20.27,198700
HIG,20100823,19.92,20.46,19.71,20.08,6229800
HIL,20100823,3.85,4.04,3.77,3.78,115900
HIO,20100823,6.05,6.12,6.01,6.11,273400
HIW,20100823,30.36,30.6,30,30.16,596300
HIX,20100823,9.14,9.42,9.14,9.37,258500
HJV,20100823,24.07,24.24,23.95,24.02,6400
HK,20100823,15.43,15.72,15.35,15.44,4762300
HL,20100823,4.97,5.02,4.86,4.86,3613200
HL-B,20100823,52.5,52.5,52.24,52.24,400
HLF,20100823,27.785,28.64,27.785,27.92,892100
HLS,20100823,17,17.14,16.82,16.83,493200
HLX,20100823,9.12,9.2,8.84,8.86,1341200
HMC,20100823,32.86,33,32.49,32.49,608900
HMN,20100823,15.88,16.07,15.63,15.74,185800
HMY,20100823,9.92,10.04,9.92,9.95,1939300
HNI,20100823,23.99,24.01,22.95,23.31,239100
HNP,20100823,23.98,23.98,23.69,23.78,68400
HNR,20100823,27.52,27.64,26.2,27,330000
HOG,20100823,25.45,25.51,24.87,24.89,1848400
HON,20100823,40.77,41.05,40.14,40.16,3154300
HOS,20100823,15.81,15.95,15.58,15.64,355700
HOV,20100823,3.9,4,3.81,3.81,1045900
HP,20100823,37.52,37.53,36.8,36.96,2756200
HPF,20100823,19.48,19.52,19.32,19.36,77400
HPI,20100823,19.75,19.82,19.53,19.53,93600
HPP,20100823,16.65,16.65,16.27,16.48,11000
HPQ,20100823,18.1545,18.1818,17.55,17.7455,37415700
HPS,20100823,17.35,17.39,17.24,17.31,87600
HQH,20100823,11.35,11.48,11.29,11.3,41100
HQL,20100823,9.02,9.14,9.02,9.07,104900
HR,20100823,22.69,22.77,22.42,22.44,330900
HRB,20100823,13.5,13.78,13.5,13.66,3173700
HRC,20100823,33.71,34.09,32.98,33,435100
HRG,20100823,5.2,5.24,5.04,5.11,36800
HRL,20100823,10.9375,10.9775,10.9175,10.925,641900
HRS,20100823,42.95,43.52,42.95,42.96,1167300
HSC,20100823,21.85,21.89,21.04,21.14,285400
HST,20100823,13.52,13.6,13.29,13.31,4588600
HSY,20100823,47.59,47.8,47.4,47.51,1149100
HT,20100823,4.67,4.75,4.52,4.53,983900
HTD,20100823,14.26,14.29,14.1,14.19,120300
HTH,20100823,9.96,9.96,9.74,9.76,168100
HTY,20100823,12.41,12.41,12.07,12.22,44900
HTZ,20100823,37.24,37.6,36.32,36.32,3064400
HUM,20100823,48.65,48.91,48.32,48.5,1332000
HUN,20100823,9.07,9.18,8.84,8.84,2204300
HVT,20100823,10.6,10.7,9.99,10,72300
HVT.A,20100823,10.26,10.26,10.26,10.26,100
HW,20100823,3.22,3.3,3.06,3.06,519100
HXL,20100823,17.34,17.4,16.81,16.83,620800
HYB,20100823,10.11,10.19,10.03,10.17,129200
HYH,20100823,23.86,23.9,23.8,23.9,4900
HYT,20100823,11.42,11.5,11.39,11.45,125100
HZO,20100823,6.76,6.88,6.48,6.49,272500
IAE,20100823,17.58,17.77,17.37,17.39,30800
IAG,20100823,18.12,18.12,17.56,17.68,2055800
IBA,20100823,18.36,19.67,18.36,19.67,7600
IBM,20100823,127.57,128.03,126.44,126.47,4034600
IBN,20100823,8.574,8.666,8.528,8.536,2226500
ICB,20100823,17.59,17.63,17.49,17.59,16600
ICE,20100823,19.432,19.602,19.262,19.296,1078100
IDA,20100823,35.37,35.7,35.16,35.19,212700
IDE,20100823,16.88,17.04,16.71,16.73,118000
IDT,20100823,17.29,17.46,16.21,16.29,241100
IEX,20100823,31.33,31.6,30.9,31.01,407300
IFF,20100823,45.95,46.2,45.44,45.47,366000
IFN,20100823,33.75,33.86,33.35,33.53,349200
IGA,20100823,13.26,13.33,13.16,13.17,29900
IGD,20100823,10.83,10.93,10.77,10.77,299500
IGI,20100823,21.23,21.42,21.23,21.37,66300
IGR,20100823,6.97,7.04,6.91,6.91,206300
IGT,20100823,15.37,15.5,15.24,15.29,3383400
IHC,20100823,6.73,6.82,6.72,6.76,6800
IHG,20100823,19.38,19.512,19.236,19.38,887700
IID,20100823,10.76,10.76,10.65,10.65,25900
IIF,20100823,25.59,25.59,24.7,24.75,66100
IIM,20100823,15.07,15.2,15.07,15.16,40400
IL,20100823,13.12,13.5,12.85,12.86,138400
IMAX,20100823,14.03,14.33,13.77,13.85,509100
IMN,20100823,8.96,9.14,8.8,8.84,104700
INB,20100823,10.78,10.85,10.63,10.69,65400
ING,20100823,9.12,9.19,8.92,8.92,1202300
INT,20100823,25.48,26.42,25.33,26.32,813200
INZ,20100823,23,23.35,23,23.23,95700
IO,20100823,58.8,60.15,57.3,57.9,718200
IOC,20100823,62.7,63.45,61.02,61.43,356500
IP,20100823,21.48,21.8,20.99,21.01,5069500
IPG,20100823,8.64,8.67,8.35,8.41,4310900
IPI,20100823,24.01,24.44,23.39,23.65,1992500
IQI,20100823,13.7,13.72,13.62,13.67,48900
IR,20100823,35.39,35.59,34.66,34.71,1699800
IRL,20100823,6.15,6.17,6,6.03,11300
IRM,20100823,21.68,21.72,21.29,21.31,1807300
IRR,20100823,15.06,15.07,14.8,14.84,81900
IRS,20100823,12.9,13.02,12.74,12.74,41700
ISF,20100823,20.9,21.11,20.84,21.03,191800
ISG,20100823,21.12,21.18,20.95,21.12,80100
ISP,20100823,20.64,20.86,20.63,20.82,61700
IT,20100823,28.19,28.4,27.91,28,955900
ITG,20100823,14.4,14.47,14.24,14.26,260100
ITT,20100823,22.215,22.34,21.86,21.96,2028200
ITUB,20100823,21.44,21.61,21.1,21.1,5403700
ITW,20100823,42.37,42.55,41.78,41.84,3470600
IVC,20100823,24.06,24.2,23.44,23.45,111400
IVR,20100823,20.75,20.75,20.33,20.38,136200
IVZ,20100823,18.66,18.77,18.18,18.21,1822400
IX,20100823,39.13,39.29,38.97,39,4100
JBK,20100823,20.12,20.14,19.99,20,7500
JBL,20100823,11.28,11.44,11.11,11.12,2357200
JBN,20100823,24.64,24.64,24.11,24.51,5500
JBR,20100823,24.26,24.27,23.82,23.82,4600
JBT,20100823,15.88,16.2,15.48,15.56,191200
JCE,20100823,12.11,12.18,12.05,12.08,44400
JCI,20100823,28.25,28.43,27.84,27.92,4130700
JCP,20100823,21.35,21.4,20.93,20.98,5773100
JDD,20100823,10.69,10.72,10.55,10.57,42500
JEC,20100823,35.71,36.04,35.09,35.1,628000
JEQ,20100823,5.18,5.22,5.18,5.19,53600
JFC,20100823,13.53,13.53,13.36,13.47,11400
JFR,20100823,11.14,11.19,11.12,11.19,96300
JHI,20100823,21.1,21.18,20.9,21.01,8000
JHS,20100823,15,15,14.9,14.98,66200
JHX,20100823,24.42,24.42,23.94,24.38,500
JKS,20100823,26,26.8,24.91,25.59,1062800
JLL,20100823,79.04,79.45,77.25,77.28,379200
JLS,20100823,24.48,24.54,24.36,24.54,29800
JMP,20100823,6.26,6.4,6.13,6.15,41800
JMT,20100823,24.04,24.1,23.83,24.07,21500
JNJ,20100823,58.98,59.35,58.81,58.87,8843900
JNPR,20100823,27.34,27.56,27,27.18,4577700
JNS,20100823,10.03,10.08,9.81,9.87,3577800
JOE,20100823,25.56,25.74,24.83,24.84,516100
JOF,20100823,7.76,7.83,7.69,7.72,52600
JOY,20100823,59.98,60.46,57.74,57.9,1121000
JPC,20100823,8.09,8.1,8.05,8.07,183000
JPM,20100823,37.21,37.41,36.84,36.88,29282700
JPM-B,20100823,26.37,26.44,26.3,26.4,75900
JPM.W,20100823,12.34,12.41,12.1,12.11,422600
JPS,20100823,8.35,8.36,8.27,8.31,305900
JQC,20100823,8.56,8.62,8.55,8.59,247200
JRO,20100823,11.44,11.5,11.43,11.44,65500
JTA,20100823,10.92,10.96,10.71,10.83,52300
JTD,20100823,12.05,12.06,11.8,11.89,25400
JW.A,20100823,36.39,36.83,36.16,36.45,92100
JW.B,20100823,36.51,36.71,36.32,36.51,500
JWN,20100823,31.83,32.24,31.15,31.23,2333300
K,20100823,49.96,50.21,49.75,49.91,1795000
KAI,20100823,17.48,17.76,16.83,16.85,72000
KAR,20100823,11.33,11.42,11.26,11.33,184800
KB,20100823,40.73,40.81,40.13,40.18,224000
KBH,20100823,10.27,10.29,9.79,9.8,3538100
KBR,20100823,23.23,23.45,22.68,22.68,886800
KCC,20100823,25.77,25.99,25.67,25.89,5200
KCG,20100823,12.82,12.94,12.64,12.67,1935800
KED,20100823,14.49,14.62,14.27,14.36,85300
KEF,20100823,9.98,10.1,9.98,10.05,13300
KEG,20100823,8.52,8.65,8.35,8.46,1334600
KEM,20100823,9.48,9.48,8.55,8.7,211200
KEP,20100823,13.06,13.11,12.93,12.98,403500
KEX,20100823,37.56,37.86,36.84,36.84,152900
KEY,20100823,7.75,7.89,7.61,7.64,9727100
KEY-G,20100823,103.5,105.99,103.5,105,1900
KF,20100823,37.48,37.9,37.31,37.46,8000
KFS,20100823,1.75,1.8,1.75,1.79,24700
KFY,20100823,13.76,13.8,13.23,13.36,240600
KGC,20100823,15.45,15.55,15.16,15.18,4274300
KIM,20100823,14.51,14.56,14.34,14.38,2593400
KKR,20100823,10.34,10.39,10.11,10.11,2007900
KMB,20100823,62.3586,62.6654,62.2627,62.2819,2490900
KMM,20100823,9.66,9.7,9.63,9.66,88900
KMT,20100823,26.23,26.46,25.42,25.48,588800
KMX,20100823,21.57,21.85,20.84,20.84,1525100
KND,20100823,12.02,12.25,11.71,11.72,334300
KNL,20100823,13.25,13.46,12.9,12.98,125700
KNX,20100823,19.4,19.62,19.06,19.06,682200
KO,20100823,27.755,27.935,27.705,27.8,7620000
KOF,20100823,74.16,75.2,73.47,73.5,79000
KOP,20100823,22.99,23.11,21.78,21.86,204200
KR,20100823,10.64,10.695,10.455,10.455,6012500
KRA,20100823,25.65,26.2,25.23,25.98,155800
KRC,20100823,29.37,29.71,29.04,29.35,404400
KRG,20100823,16.4,16.48,15.68,15.72,328200
KRO,20100823,17.54,17.675,15.85,16.135,188000
KS,20100823,5.725,5.81,5.52,5.55,183400
KSM,20100823,13.48,13.51,13.47,13.5,18900
KSS,20100823,46.39,46.93,45.97,46.64,3564600
KST,20100823,12.8,12.85,12.8,12.85,5000
KSU,20100823,33.9,34.1,32.69,32.75,1159800
KSU.P,20100823,21.95,21.95,21.95,21.95,100
KT,20100823,19.64,19.64,19.47,19.48,625300
KTF,20100823,12.82,12.89,12.75,12.89,48800
KTH,20100823,28.9,29.25,28.64,29.2,4300
KTN,20100823,26.91,26.94,26.91,26.93,5300
KTP,20100823,25.25,25.47,25.18,25.23,6600
KW,20100823,9.6,9.63,9.56,9.62,32500
KWR,20100823,30.07,30.98,29,29.06,125400
KYE,20100823,24.66,24.81,24.6,24.64,55400
KYN,20100823,26.1,26.1,25.76,25.81,215100
KYO,20100823,44.14,44.14,43.405,43.405,3700
L,20100823,36.36,36.51,35.86,35.86,2036300
LAD,20100823,7.96,8.15,7.85,7.85,199600
LAZ,20100823,33,34.07,32.79,33.35,1576000
LBF,20100823,7.91,7.99,7.88,7.93,23200
LCM,20100823,10.91,10.91,10.78,10.79,16300
LDF,20100823,17.06,17.08,16.85,16.85,8500
LDL,20100823,7.02,7.27,6.56,6.62,252000
LDR,20100823,57.92,57.99,55.92,56.07,50700
LEA,20100823,39.04,39.225,38.475,38.69,112700
LEE,20100823,2.19,2.3,2.13,2.13,149200
LEG,20100823,19.83,19.83,19.46,19.5,1002700
LEN,20100823,12.81,12.89,12.63,12.72,4391200
LEN.B,20100823,10.03,10.15,9.97,10.03,7200
LEO,20100823,8.97,9.01,8.95,8.99,74100
LFC,20100823,21.33,21.4333,21.13,21.13,461200
LFL,20100823,27.3,27.64,26.99,27,280300
LGF,20100823,6.46,6.73,6.37,6.52,810100
LGI,20100823,14.07,14.16,13.97,14.11,25500
LH,20100823,76.13,76.76,75.57,75.61,618900
LHO,20100823,20.77,20.85,20.27,20.32,528500
LII,20100823,44.34,44.34,43.49,43.56,264300
LL,20100823,20.88,21.05,20.39,20.45,359600
LLL,20100823,69.48,69.49,68.67,68.8,1179900
LLY,20100823,34.35,34.54,34.25,34.31,13821000
LM,20100823,27.33,27.53,26.76,26.77,1972600
LMT,20100823,73.68,73.72,72.41,72.48,2499300
LNC,20100823,21.29,21.65,21.04,21.29,4315300
LNN,20100823,36.64,36.83,35.84,35.96,162700
LNT,20100823,17.825,17.91,17.555,17.68,934700
LOR,20100823,11.7,11.86,11.7,11.81,118100
LOW,20100823,20.94,21,20.23,20.23,20863300
LPL,20100823,14.57,14.57,14.2,14.21,1770100
LPX,20100823,6.75,6.95,6.55,6.56,1479900
LRN,20100823,24,24,23.26,23.44,97300
LSI,20100823,4.45,4.51,4.28,4.3,6025100
LTC,20100823,24.5,24.61,24.25,24.57,172300
LUB,20100823,5.01,5.03,4.99,5,53400
LUK,20100823,20.45,20.58,20.28,20.29,862800
LUV,20100823,11.3,11.46,11.04,11.05,4880100
LUX,20100823,23.45,23.62,23.17,23.21,99400
LVLT,20100823,16.2,16.65,15.6,16.05,11832800
LVS,20100823,30.08,30.08,28.9,28.94,20240000
LXP,20100823,6.24,6.37,6.19,6.27,1216000
LXP-C,20100823,39.38,39.38,39,39,700
LXU,20100823,16.65,16.79,16.13,16.2,118300
LYG,20100823,4.33,4.37,4.27,4.27,2672200
LYV,20100823,8.9,9.03,8.64,8.66,1212800
LZB,20100823,7.06,7.19,6.72,6.75,720600
M,20100823,20.93,21.07,20.16,20.2,8156300
MA,20100823,20.833,20.854,20.468,20.519,629500
MAA,20100823,54.91,55.1,54.19,54.27,155700
MAC,20100823,40.02,40.15,39.31,39.46,745000
MAIN,20100823,15.01,15.07,14.91,14.92,90800
MAN,20100823,45.11,45.21,43.9,43.92,471100
MAS,20100823,10.62,10.67,10.36,10.38,2819000
MAV,20100823,14.22,14.35,14.22,14.28,32800
MBI,20100823,9.21,9.25,8.78,8.8,3797500
MBT,20100823,22.18,22.39,21.97,22.16,1377200
MCA,20100823,14.39,14.58,14.39,14.51,74500
MCD,20100823,73.53,73.94,73.33,73.34,5404300
MCI,20100823,14.15,14.28,14.13,14.265,3900
MCK,20100823,61.9,62.38,61.25,61.31,1987400
MCN,20100823,8.34,8.36,8.22,8.25,63400
MCO,20100823,21.74,21.83,21.24,21.5,1860100
MCR,20100823,9.58,9.72,9.58,9.72,148900
MCS,20100823,11.52,11.59,11.03,11.06,84800
MCY,20100823,38.93,39.16,38.73,38.81,187500
MD,20100823,24.135,24.425,24.01,24.015,139500
MDC,20100823,26.57,26.63,25.86,25.91,404200
MDP,20100823,30.5,30.58,29.78,29.83,253300
MDR,20100823,12.65,12.86,12.32,12.46,2721300
MDT,20100823,34.93,35.52,34.8,34.99,6084500
MDU,20100823,18.47,18.76,18.44,18.56,554000
MED,20100823,28.34,28.61,27.45,27.53,218500
MEG,20100823,8.78,8.96,8.33,8.47,76900
MEI,20100823,9.65,9.82,9.23,9.23,181300
MEN,20100823,11.4,11.48,11.39,11.45,61200
MER-K,20100823,23.14,23.38,23.07,23.32,260600
MER-P,20100823,24.96,24.99,24.8,24.98,132500
MET,20100823,36.81,37.66,36.66,37.14,11686500
MET-A,20100823,23.9,23.9,23.76,23.86,62000
MFA,20100823,7.29,7.29,7.22,7.28,2344200
MFC,20100823,11.9,11.94,11.65,11.78,2438100
MFD,20100823,11.88,11.92,11.75,11.76,11500
MFG,20100823,3.15,3.22,3.13,3.15,1157200
MFL,20100823,14.68,14.76,14.68,14.72,77000
MFM,20100823,7.23,7.23,7.16,7.2,81000
MFT,20100823,14.35,14.41,14.35,14.41,13500
MFV,20100823,7.92,8.04,7.92,7.99,9200
MG,20100823,10.19,10.24,9.99,10.01,48200
MGA,20100823,19.89,20.04,19.43,19.4625,599900
MGF,20100823,7.75,7.85,7.72,7.83,97100
MGM,20100823,10.05,10.07,9.67,9.67,16287800
MGU,20100823,15.3,15.42,15.19,15.19,115200
MHD,20100823,16.51,16.68,16.51,16.62,27400
MHF,20100823,7.96,7.98,7.9,7.95,23300
MHI,20100823,15.34,15.43,15.33,15.38,65200
MHK,20100823,45.21,45.21,43.72,43.78,898500
MHN,20100823,14.88,14.95,14.86,14.92,64200
MHO,20100823,9.79,9.83,9.45,9.5,138100
MHO-A,20100823,17,17,16.8,16.8,12400
MIC,20100823,13.29,13.37,13.1,13.11,206200
MIN,20100823,7.04,7.07,7.02,7.03,325200
MIY,20100823,14.88,15,14.88,14.99,26500
MJN,20100823,53.55,53.88,52.65,52.68,990300
MKC,20100823,40.96,41.06,40.51,40.53,814900
MKC.V,20100823,40.59,40.59,40.59,40.59,100
MKL,20100823,327.4,333.54,327.4,327.57,17400
MLI,20100823,11.87,11.97,11.75,11.76,367600
MLM,20100823,78.38,78.73,76.7,76.8,464300
MLP,20100823,4.15,4.23,4.15,4.23,3700
MLR,20100823,12.65,12.69,12.27,12.31,53100
MMC,20100823,23.29,23.64,23.15,23.45,4168800
MMM,20100823,81.01,82.3,80.9,81.08,3243500
MMP,20100823,24.66,24.92,24.65,24.825,302400
MMS,20100823,14.4,14.4075,14.08,14.1475,85100
MMT,20100823,6.89,6.93,6.89,6.89,210100
MMU,20100823,13.17,13.2,13.11,13.14,95100
MNE,20100823,13.99,13.99,13.97,13.97,15100
MNI,20100823,29,29.6,28.3,28.5,785600
MNP,20100823,14.72,14.86,14.71,14.71,28300
MNR,20100823,7.37,7.41,7.2,7.2,44100
MO,20100823,22.83,22.94,22.69,22.73,12292900
MOD,20100823,10.3,10.42,9.84,9.86,278500
MOG.A,20100823,32.09,32.48,31,31,101200
MOG.B,20100823,31.98,31.98,31.3,31.3,300
MOH,20100823,17.5933,17.88,17.2333,17.38,290100
MON,20100823,58.13,58.42,57.26,57.32,4892600
MOS,20100823,57.87,59.88,57.87,59.77,9615900
MOV,20100823,11.01,11.06,10.25,10.35,132600
MP-D,20100823,25.19,25.26,25.07,25.07,1700
MPA,20100823,15.59,15.65,15.56,15.6,17400
MPG,20100823,2.68,2.72,2.6,2.6,669700
MPV,20100823,12.76,13.73,12.76,13.35,12900
MPW,20100823,9.67,9.67,9.46,9.49,673200
MPX,20100823,5.92,6.04,5.77,5.77,30900
MQT,20100823,13.53,13.53,13.45,13.48,48400
MQY,20100823,15.24,15.31,15.21,15.29,48600
MRK,20100823,34.7,35.22,34.56,34.97,9976500
MRO,20100823,31.51,31.92,31.51,31.66,4649200
MRT,20100823,4.41,4.59,4.41,4.52,49800
MS,20100823,26.11,26.17,25.57,25.72,9361600
MS-A,20100823,19.74,19.99,19.51,19.75,104300
MSA,20100823,23.17,23.4,22.95,23.01,178200
MSB,20100823,25.67,26.49,25.55,25.92,238800
MSCI,20100823,31.1,31.1,30.59,30.64,318400
MSD,20100823,11.5,11.5,11.42,11.47,149800
MSF,20100823,13.95,14.14,13.95,13.99,53100
MSI,20100823,52.64,53.2,51.87,52.08,28449800
MSM,20100823,47.84,48.18,46.58,47.01,295700
MSP,20100823,11.61,11.66,11.57,11.6,15200
MT,20100823,29.93,30.13,29.31,29.31,2834700
MTB,20100823,89.71,90.9,88.7,88.78,485800
MTD,20100823,114.27,115.3,112.55,112.76,98700
MTG,20100823,7.36,7.45,7.09,7.09,2429200
MTH,20100823,17.25,17.39,16.38,16.38,263900
MTL,20100823,46.5,46.64,45.02,45.1,1453400
MTL.P,20100823,7.61,7.79,7.43,7.43,97400
MTN,20100823,35.02,35.36,33.87,33.99,239300
MTR,20100823,45.5,45.99,45.08,45.16,3600
MTRN,20100823,22.85,23.06,22.26,22.29,214500
MTT,20100823,21.9,22,21.83,21.84,26200
MTU,20100823,4.87,4.93,4.84,4.85,2814000
MTW,20100823,9.82,9.84,9.3,9.34,2065000
MTX,20100823,25.21,25.42,24.56,24.58,143300
MTZ,20100823,10.18,10.33,10.12,10.2,1227900
MUA,20100823,13.08,13.1,13,13.07,20200
MUC,20100823,14.45,14.48,14.35,14.43,59500
MUE,20100823,14.27,14.37,14.27,14.34,45000
MUH,20100823,15.67,15.68,15.62,15.63,23200
MUI,20100823,15.23,15.33,15.14,15.3,92900
MUJ,20100823,15.4,15.46,15.4,15.44,30200
MUR,20100823,55.13,55.97,55.03,55.03,1125200
MUS,20100823,14.36,14.45,14.36,14.41,27500
MUSA,20100823,11.83,12,11.75,11.81,137500
MVC,20100823,12.67,12.9,12.55,12.58,68300
MVO,20100823,27.75,28,27.51,27.68,57300
MVT,20100823,15.6,15.66,15.59,15.6,19200
MWA,20100823,2.84,2.91,2.66,2.67,991100
MXE,20100823,9.36,9.36,9.24,9.28,7500
MXF,20100823,23.99,24.07,23.44,23.44,13800
MXL,20100823,10.23,11.06,10.23,10.87,140600
MYC,20100823,14.49,14.55,14.43,14.43,54700
MYD,20100823,14.96,15.02,14.9,14.97,73100
MYE,20100823,6.98,7.04,6.75,6.75,147600
MYF,20100823,14.4,14.6,14.4,14.6,49500
MYI,20100823,14.4,14.48,14.39,14.48,73600
MYJ,20100823,15.26,15.3,15.23,15.27,27700
MYN,20100823,13.97,13.97,13.9,13.93,82400
MZF,20100823,15.07,15.14,15.02,15.1,13700
NAC,20100823,14.12,14.2,14.12,14.19,26900
NAD,20100823,14.93,14.99,14.91,14.92,55700
NAN,20100823,14.44,14.45,14.39,14.42,8500
NAT,20100823,28.05,28.1,27.5,27.56,492800
NAV,20100823,45.76,46.09,44.97,45.16,549200
NAZ,20100823,13.72,13.76,13.67,13.76,2400
NBB,20100823,20.17,20.17,20.01,20.05,191100
NBL,20100823,33.665,34.11,33.665,33.685,955300
NBR,20100823,16.53,16.76,16.39,16.43,4205400
NC,20100823,86.31,87.9,80.68,81.17,22400
NCA,20100823,9.75,9.75,9.67,9.69,32400
NCI,20100823,10.25,10.27,9.85,9.89,306000
NCR,20100823,12.7,13,12.7,12.86,2262500
NCS,20100823,9.06,9.16,8.7,8.73,492700
NCT,20100823,15.84,15.9,15.06,15.36,290000
NCT-B,20100823,15.66,15.66,15.66,15.66,0
NCT-C,20100823,14.55,14.55,14.55,14.55,0
NCT-D,20100823,14.34,14.59,14.34,14.59,400
NCV,20100823,9.66,9.66,9.6,9.62,170500
NCZ,20100823,8.9,9.01,8.9,8.99,171100
NE,20100823,31.63,31.84,31.33,31.44,2153300
NEE,20100823,53.39,54,53.39,53.72,1734500
NEE-C,20100823,25.89,26.2,25.76,26.04,7800
NEM,20100823,57.9,58.05,57.06,57.58,3697400
NEU,20100823,98.5,99.27,96.14,96.87,104900
NEV,20100823,14.85,14.88,14.69,14.73,68400
NFG,20100823,44.62,45.06,44.33,44.39,280600
NFJ,20100823,14.99,15.04,14.86,14.86,160700
NFX,20100823,49.78,50.13,49.34,49.42,1050100
NGG,20100823,41.71,42.32,41.65,41.97,579700
NGS,20100823,14.1,14.16,13.93,14.06,65700
NHI,20100823,40.3,40.72,39.97,40.11,123300
NI,20100823,16.6,16.75,16.5,16.56,5498900
NIE,20100823,16.06,16.15,16.04,16.06,44200
NIM,20100823,10.8,10.83,10.8,10.82,6400
NJR,20100823,18.46,18.62,18.31,18.34,214900
NKE,20100823,17.9075,18.0975,17.7375,17.7375,1964000
NL,20100823,9.35,9.49,8.73,8.85,79900
NLS,20100823,1.55,1.56,1.4,1.41,158800
NLY,20100823,17.69,17.84,17.61,17.69,11536600
NLY-A,20100823,26.15,26.25,26.12,26.25,12300
NM,20100823,5.79,5.84,5.64,5.64,275000
NMI,20100823,11.36,11.36,11.31,11.31,7000
NMK-B,20100823,80.02,80.02,80.02,80.02,0
NMK-C,20100823,84,85.05,84,85.05,100
NMM,20100823,17.62,17.85,17.4,17.47,147200
NMR,20100823,5.83,5.86,5.75,5.77,617400
NMT,20100823,15.17,15.19,15.08,15.18,3100
NMY,20100823,15.27,15.31,15.21,15.31,5800
NNA,20100823,5.97,5.97,5.82,5.82,2700
NNC,20100823,15.69,15.69,15.58,15.69,6600
NNI,20100823,21.54,21.72,20.87,20.94,212200
NNN,20100823,23.88,23.92,23.53,23.54,529300
NNY,20100823,9.99,10.01,9.93,9.93,24100
NOA,20100823,9.28,9.34,8.81,8.85,104300
NOC,20100823,57.69,57.92,56.36,56.48,1928600
NOK,20100823,9,9.08,8.91,8.91,13309800
NOV,20100823,38.4,38.77,38.19,38.31,3338000
NP,20100823,15.55,15.81,14.48,14.52,122400
NPK,20100823,98.3,99.44,95.51,95.7,13100
NPO,20100823,28.58,28.9,27.42,27.45,161300
NPV,20100823,16.33,16.49,16.23,16.25,10500
NQP,20100823,14.73,14.8,14.72,14.8,16400
NR,20100823,8.28,8.46,8.14,8.16,1007200
NRF,20100823,6.66,6.78,6.44,6.48,403500
NRF-A,20100823,17.1,17.35,16.95,16.95,8000
NRF-B,20100823,16.2,16.2,15.84,15.85,23100
NRG,20100823,20.87,21.25,20.74,20.81,2735400
NRP,20100823,260.1,261.7,257.4,259.7,155000
NRT,20100823,27.08,27.53,27.01,27.01,3700
NS,20100823,57.96,58.44,57.83,57.98,109300
NSC,20100823,54.81,54.81,53.29,53.46,2617600
NSH,20100823,29.71,29.99,29.55,29.69,116500
NSL,20100823,7.03,7.04,7,7.01,30400
NSM,20100823,13.41,13.41,13.01,13.07,3534100
NSR,20100823,22.22,22.33,21.97,21.99,200900
NTC,20100823,14.63,14.65,14.4,14.56,9800
NTG,20100823,25,25.01,25,25,94400
NTL,20100823,22.44,22.45,22,22.24,5900
NTT,20100823,21.3,21.45,21.19,21.22,215300
NTX,20100823,16.68,16.74,16.68,16.74,4100
NTZ,20100823,3.22,3.5,3.13,3.32,293200
NUE,20100823,38.52,38.58,37.75,37.76,2848000
NUM,20100823,14.52,14.58,14.52,14.54,4300
NUO,20100823,16.42,16.52,16.31,16.31,8200
NUS,20100823,27.26,27.43,26.94,26.98,449600
NUV,20100823,10.06,10.11,10.06,10.06,154700
NUW,20100823,17.17,17.17,17.05,17.1,31500
NVO,20100823,16.836,16.948,16.764,16.814,124900
NVR,20100823,630.45,630.45,621.48,621.73,25500
NVS,20100823,50.41,50.76,50.05,50.1,2853700
NW-C,20100823,23.45,23.5,23.35,23.45,6300
NWE,20100823,28.64,28.77,27.97,28,282000
NWL,20100823,15.43,15.52,15.2,15.24,2749600
NWN,20100823,44.68,45.09,44.39,44.46,90300
NWY,20100823,2.06,2.12,2.01,2.02,439400
NX,20100823,15.95,16.01,15.11,15.15,348900
NXC,20100823,14.23,14.23,14.05,14.15,13500
NXN,20100823,14.17,14.17,14.06,14.15,6500
NXP,20100823,14.95,14.95,14.87,14.91,22100
NXQ,20100823,14.08,14.14,14.08,14.14,17700
NXR,20100823,14.7,14.73,14.65,14.68,9100
NYT,20100823,7.8,7.85,7.54,7.56,958100
O,20100823,32.16,32.33,31.94,31.99,415400
OAS,20100823,16.96,17.37,16.96,17.3,176700
OB,20100823,14.58,14.61,14.03,14.09,82800
OC,20100823,28.15,28.5,27.96,27.98,1890600
OCN,20100823,9.13,9.15,8.91,8.93,796300
ODC,20100823,19.93,19.99,19.38,19.62,8500
OFC,20100823,36.2,36.29,35.74,35.76,564100
OFG,20100823,12.83,13.08,12.67,12.75,118900
OFG-A,20100823,22,22,21.7,21.7,200
OFG-B,20100823,21.31,21.4,21.27,21.31,10100
OGE,20100823,19.77,19.88,19.575,19.605,204000
OHI,20100823,21.19,21.34,21,21.18,614500
OI,20100823,27,27.16,26.44,26.52,1652100
OIA,20100823,6.8,6.9,6.8,6.85,45800
OII,20100823,25.23,25.495,24.825,24.89,300300
OIS,20100823,41.78,41.96,41.19,41.34,257400
OKE,20100823,22.095,22.315,21.88,21.89,626300
OKS,20100823,34.845,35,34.61,34.71,127400
OLN,20100823,18.38,18.59,18,18.04,396300
OLP,20100823,14.2,14.37,14,14.04,43100
OMC,20100823,36.68,36.79,35.77,35.78,1686700
OME,20100823,5.56,5.56,5.35,5.36,14900
OMI,20100823,26.92,27.22,26.75,26.78,400500
OMN,20100823,6.52,6.64,6.25,6.29,245500
OPY,20100823,24.2,24.28,23.07,23.14,27500
ORA,20100823,26.13,26.71,26,26.53,150600
ORCL,20100823,23.06,23.3,22.83,22.84,18250200
ORI,20100823,12.53,12.65,12.4,12.41,940600
ORN,20100823,11.86,11.86,11.1,11.14,501900
OSG,20100823,33.74,33.9,32.85,32.89,516400
OSK,20100823,26.74,27.17,26.43,26.51,1172100
OXM,20100823,20.39,21.16,20.26,20.36,99300
OXY,20100823,75.27,76.39,75.11,75.57,4931400
OZM,20100823,13.8,13.95,13.58,13.71,164800
PAA,20100823,30.62,30.88,30.49,30.5,141600
PAC,20100823,30.98,30.98,30.11,30.18,100600
PAG,20100823,12.41,12.6,12.17,12.19,309500
PAI,20100823,13.7,13.75,13.65,13.72,19200
PAM,20100823,10.5,10.5,10.3,10.32,13800
PAR,20100823,25.25,26.09,25.19,26.09,16636800
PAY,20100823,22.76,22.91,22.16,22.43,930400
PBH,20100823,7.49,7.58,7.32,7.37,180300
PBI,20100823,19.9,20.02,19.66,19.68,3483700
PBR,20100823,34.69,34.79,34.03,34.03,6838100
PBR.A,20100823,30.84,31,30.18,30.18,4076500
PBT,20100823,18.85,19.13,18.8,18.94,129200
PCF,20100823,8.39,8.45,8.37,8.37,31800
PCG,20100823,45.87,46.5,45.84,46.2,3318900
PCK,20100823,9.79,9.82,9.73,9.8,38900
PCM,20100823,10.84,10.84,10.74,10.8,23200
PCN,20100823,15.89,15.98,15.87,15.96,57500
PCQ,20100823,13.89,13.93,13.84,13.93,27500
PDM,20100823,17.44,17.5,17.24,17.33,282900
PDS,20100823,6.53,6.6,6.4,6.45,442100
PDT,20100823,11.3,11.34,11.3,11.31,96900
PEB,20100823,17.38,17.47,17.16,17.21,148900
PEG,20100823,31.8,32.36,31.8,32.2,3047600
PEI,20100823,10.74,10.86,10.43,10.43,805800
PEO,20100823,21.1,21.36,21.1,21.2,54600
PEP,20100823,65.14,65.4,64.78,64.82,3263800
PFD,20100823,12.47,12.62,12.47,12.62,12200
PFE,20100823,16.2,16.24,15.98,16.1,58979500
PFG,20100823,22.53,22.53,21.99,21.99,2383000
PFH,20100823,23.94,24.36,23.94,24.2,9600
PFK,20100823,24.93,24.95,24.79,24.95,23600
PFL,20100823,11.7,11.71,11.6,11.71,148400
PFN,20100823,10.44,10.47,10.41,10.46,209700
PFO,20100823,10.49,10.54,10.31,10.33,87300
PFS,20100823,11.86,11.93,11.72,11.75,302000
PG,20100823,60.01,60.39,59.86,60.03,8468500
PGH,20100823,9.49,9.6,9.43,9.45,568100
PGP,20100823,20.81,20.95,20.78,20.92,35700
PGR,20100823,19.57,19.61,19.38,19.38,2467000
PH,20100823,63.69,64.41,61.91,61.98,1835000
PHD,20100823,12.06,12.13,12.03,12.11,171300
PHG,20100823,27.6,27.93,27.35,27.38,1967600
PHH,20100823,19.63,19.67,19.05,19.1,540100
PHI,20100823,54.24,54.91,54.1,54.23,61100
PHK,20100823,13.03,13.11,12.77,12.92,672700
PHM,20100823,8.14,8.14,7.9,7.93,4759800
PHT,20100823,15.84,15.9,15.8,15.81,74000
PHX,20100823,23.59,23.59,22.84,22.85,12500
PII,20100823,27.52,27.655,26.75,26.79,234400
PIM,20100823,6.4,6.4,6.3,6.32,249100
PIR,20100823,6.24,6.33,6.04,6.05,3074300
PIY,20100823,25.02,25.29,25.01,25.05,3300
PJC,20100823,28.41,28.71,28.08,28.12,202400
PJT,20100823,24.66,24.83,24.66,24.81,6800
PKD,20100823,3.87,3.94,3.8,3.82,429000
PKE,20100823,25.19,25.35,24.28,24.33,70900
PKG,20100823,23.15,23.31,22.37,22.4,597900
PKI,20100823,21.16,21.49,21.12,21.27,881300
PKO,20100823,26.13,26.13,26,26.05,45900
PKX,20100823,106.48,106.84,102.76,103.1,591100
PKY,20100823,14.11,14.35,13.53,14.16,230300
PLD,20100823,24.08,24.37,23.49,23.53,1436000
PLOW,20100823,11.64,11.64,11.37,11.42,82700
PLT,20100823,27.81,27.84,26.86,26.89,327600
PM,20100823,52.1,52.49,51.71,51.73,5506400
PMC,20100823,7.18,7.38,7.17,7.27,724500
PMF,20100823,14.9,14.91,14.8,14.9,41900
PML,20100823,11.76,11.8,11.71,11.8,100000
PMM,20100823,7.91,7.91,7.78,7.78,134500
PMO,20100823,12.05,12.09,12,12.08,83300
PMT,20100823,17.16,17.41,17,17.03,44800
PMX,20100823,11.88,11.93,11.77,11.9,92900
PNC,20100823,53.3,53.5,52.13,52.15,4843900
PNC.W,20100823,10.78,10.85,10.15,10.19,28800
PNF,20100823,11.39,11.53,11.35,11.53,6300
PNI,20100823,12.06,12.14,11.96,12.12,20700
PNM,20100823,11.54,11.65,11.39,11.4,595800
PNR,20100823,31.39,31.47,30.58,30.69,356500
PNW,20100823,39.45,40,39.33,39.75,2044200
POL,20100823,9.75,9.87,9.3,9.31,627300
POR,20100823,19.79,19.95,19.63,19.63,416900
POT,20100823,50.2833,51.0967,50.0333,50.0667,14420900
PPG,20100823,32.91,33.085,32.475,32.505,614000
PPL,20100823,26.62,26.89,26.48,26.57,2726800
PPR,20100823,5.6,5.6,5.57,5.58,324700
PPT,20100823,6.79,6.85,6.77,6.85,369900
PQ,20100823,21.88,22.16,21.12,21.28,643700
PRA,20100823,26.335,26.49,25.72,26.235,362900
PRI,20100823,21.11,21.38,20.94,21.01,159000
PRO,20100823,7.16,7.33,6.99,7.3,124200
PRU,20100823,52.71,52.97,51.81,51.94,3009700
PSA,20100823,98.15,98.62,97.02,97.03,569000
PSA-A,20100823,24.54,24.6,24.4,24.42,10400
PSA-B,20100823,25.55,25.59,25.49,25.49,4300
PSA-C,20100823,24.89,24.91,24.85,24.86,7300
PSA-D,20100823,24.32,24.37,24.08,24.17,8400
PSA-E,20100823,25.17,25.17,24.97,25,4900
PSA-W,20100823,24.7,24.72,24.64,24.69,14400
PSA-X,20100823,24.49,24.63,24.49,24.63,7600
PSA-Z,20100823,24.59,24.75,24.54,24.64,9200
PSB,20100823,57.48,57.48,56.29,56.37,105900
PSO,20100823,14.57,14.69,14.52,14.54,116300
PTR,20100823,110.92,111.58,110,110,363700
PTY,20100823,17.69,17.73,17.52,17.52,138100
PUK,20100823,17.66,17.83,17.58,17.58,149800
PUK-A,20100823,25.33,25.36,25.03,25.1,28300
PUK.P,20100823,25.95,25.95,25.55,25.71,9400
PVG,20100823,19.52,19.59,19.22,19.42,133600
PVH,20100823,49.75,50.47,48.85,48.85,524400
PWE,20100823,19.56,19.6,19.2,19.39,1161800
PWR,20100823,18.89,19.16,18.65,18.69,1406400
PX,20100823,88.68,88.97,87.43,87.49,1250900
PXD,20100823,57.99,59.21,57.97,58.48,1091100
PYN,20100823,9.76,9.83,9.76,9.8,6200
PYS,20100823,21.46,21.79,21.34,21.7,22000
PYT,20100823,18.26,18.36,18.26,18.36,2400
PZC,20100823,10.12,10.12,10.03,10.03,38100
PZE,20100823,7.75,7.815,7.71,7.715,19500
PZN,20100823,6.61,6.67,6.45,6.47,41400
Q,20100823,5.65,5.67,5.63,5.64,29627300
QEP,20100823,31.09,31.48,30.58,31.17,497800
QTM,20100823,1.27,1.33,1.26,1.32,990600
QUAD,20100823,43.86,43.86,42.85,42.94,23400
R,20100823,39.64,39.68,38.43,38.5,776800
RA,20100823,9.84,9.85,9.5,9.7,301000
RAD,20100823,0.98,0.98,0.92,0.92,3450500
RAI,20100823,28.555,28.645,28.22,28.23,970900
RAS,20100823,4.74,4.86,4.53,4.53,1451100
RAS-A,20100823,17.23,17.46,17.05,17.13,9500
RAS-B,20100823,17.59,17.94,17.59,17.77,8300
RAS-C,20100823,18.69,18.85,18.69,18.71,2900
RBA,20100823,18.1,18.29,17.84,17.98,306600
RBC,20100823,57.61,58.17,57.06,57.38,447600
RBS,20100823,14.3,14.4,14.11,14.13,162500
RBS-F,20100823,23.04,23.06,22.9,22.9,53600
RBS-H,20100823,22.4,22.4,22.03,22.08,23200
RBS-L,20100823,17.97,18.11,17.85,17.99,56300
RBS-S,20100823,13.74,13.94,13.74,13.9,79900
RCI,20100823,35.77,36.06,35.55,35.92,243300
RCL,20100823,25.67,25.76,25.01,25.01,1489800
RCS,20100823,11.84,11.93,11.65,11.75,136400
RDC,20100823,25.39,25.65,25.14,25.6,1792600
RDN,20100823,7.07,7.07,6.58,6.6,3420700
RDS.A,20100823,53.89,54.31,53.71,53.9,1090400
RDS.B,20100823,52.28,52.72,52.1,52.32,428200
RDY,20100823,28.52,28.74,28.19,28.35,252100
RE,20100823,80.82,81.65,80.15,80.15,343600
REG,20100823,36.75,36.75,36.14,36.2,315300
REN,20100823,55.15,55.15,53.35,53.45,235400
RES,20100823,7.1955,7.3289,7.0622,7.1867,435200
REV,20100823,11.02,11.39,11.01,11.18,96700
REX,20100823,14.04,14.2,13.43,13.44,22600
RF,20100823,6.93,7.09,6.83,6.84,13212900
RFI,20100823,10.88,11.02,10.88,10.88,28200
RGA,20100823,46.03,46.37,45.51,45.51,406500
RGC,20100823,12.95,12.95,12.34,12.42,1661800
RGR,20100823,13.18,13.29,12.9,13.17,148600
RGS,20100823,17.15,17.63,17.13,17.15,1065300
RHI,20100823,22.51,22.76,21.87,21.99,1867700
RHT,20100823,32.69,33.5,32.56,32.77,3952300
RIG,20100823,51.74,52.24,50.77,50.87,5897200
RIO,20100823,52.09,52.36,50.84,50.84,2592100
RJF,20100823,24.99,25.03,24.36,24.4,472400
RL,20100823,83.01,84,82.27,82.91,1040400
RLH,20100823,6.34,6.4,6.25,6.26,79100
RLI,20100823,26.765,26.765,26.17,26.235,50700
RMD,20100823,31.58,31.935,31.355,31.355,181200
RMT,20100823,7.34,7.4,7.24,7.24,44200
RNP,20100823,11.94,11.99,11.76,11.76,128800
RNR,20100823,56.2,56.5,55.83,55.88,439000
RNR-C,20100823,22.69,22.85,22.5,22.66,21500
ROG,20100823,28.41,28.41,27.62,27.74,52500
ROK,20100823,50.82,51.06,49.77,49.86,1204800
ROL,20100823,9.2089,9.2178,9.04,9.08,135500
ROP,20100823,59.85,60.42,59.18,59.28,357700
RPM,20100823,16.97,17.19,16.77,16.81,1307700
RPT,20100823,10.32,10.5,10.12,10.33,231800
RQI,20100823,6.81,6.9,6.76,6.76,301500
RRC,20100823,33.72,34.09,33.52,33.99,3553100
RRTS,20100823,13,13.08,12.22,12.27,82800
RS,20100823,38.73,38.83,37.28,37.3,938200
RSG,20100823,30.64,30.68,30,30.06,3507100
RSO,20100823,5.95,5.98,5.8,5.8,673800
RST,20100823,18.08,18.41,17.31,17.73,208900
RT,20100823,9.54,9.77,9.46,9.5,583300
RTN,20100823,43.84,44.37,43.44,43.49,3026700
RVT,20100823,10.82,10.92,10.74,10.74,185800
RWT,20100823,14.39,14.65,14.27,14.29,428600
RY,20100823,49.25,49.42,48.91,49.04,450100
RYN,20100823,31.5667,31.7067,31.1733,31.1867,314600
S,20100823,4.23,4.28,4.07,4.09,50675400
SAB,20100823,11.99,11.99,11.85,11.85,4500
SAH,20100823,8.91,9.11,8.7,8.7,427000
SAM,20100823,65.08,66.98,65.08,66.8,99500
SAN,20100823,83.4,83.7,82.58,83.01,101400
SAP,20100823,44.92,45.22,44.5,44.54,1074000
SAR,20100823,19.52,20.24,19.52,19.91,3500
SB,20100823,7.57,7.81,7.54,7.59,201300
SBH,20100823,8.84,9.03,8.75,8.86,709700
SBR,20100823,51.66,52,51.4,51.51,7700
SBS,20100823,6.745,6.7983,6.6867,6.7483,803600
SBW,20100823,13.69,13.83,13.68,13.79,44800
SCCO,20100823,29.68,29.83,29.1,29.1,1394900
SCD,20100823,10.7,10.7,10.52,10.55,108300
SCG,20100823,38.71,39.06,38.59,38.74,503000
SCHW,20100823,14.16,14.21,14.07,14.11,8105600
SCI,20100823,7.99,8.07,7.81,7.83,461000
SCL,20100823,28.255,28.6,27.44,27.57,42700
SCS,20100823,6.98,7.04,6.73,6.75,463400
SCX,20100823,9.65,9.8,9.31,9.31,6800
SD,20100823,4.35,4.36,4.15,4.18,6292100
SDRL,20100823,23.17,23.32,22.96,23.12,739000
SE,20100823,21.07,21.21,20.95,21.05,6434700
SEE,20100823,21.27,21.44,20.93,20.96,429200
SEM,20100823,7.29,7.35,7.15,7.25,369500
SEP,20100823,33.72,33.79,33.59,33.66,32200
SF,20100823,30.68,30.7733,30.3,30.3733,150700
SFE,20100823,11.25,11.46,10.96,10.99,64600
SFL,20100823,18.84,18.88,17.92,17.99,477300
SGF,20100823,13.71,14,13.71,13.8,66400
SGU,20100823,4.37,4.42,4.36,4.4,147600
SGY,20100823,112.7,115,111.5,111.5,563400
SHG,20100823,39.65,39.65,38.61,38.625,19600
SHI,20100823,27.42,27.42,27.02,27.02,19700
SHO,20100823,8.84,9.04,8.63,8.63,1316000
SHW,20100823,68.36,69.16,67.55,67.64,721000
SID,20100823,16.55,16.62,15.95,16,3978600
SIG,20100823,27.98,28.26,27.5,27.6,325500
SIX,20100823,8.83,8.9925,8.8275,8.9375,37100
SJI,20100823,22.83,23.065,22.615,22.665,109900
SJM,20100823,59.86,60.79,59.68,59.79,926700
SJR,20100823,20.5,20.5,20.14,20.32,75800
SJT,20100823,23.37,23.6,23.14,23.19,189700
SJW,20100823,23.35,23.41,22.77,22.84,69600
SKM,20100823,16.21,16.31,16.15,16.26,853900
SKT,20100823,22.025,22.14,21.825,21.855,330900
SKX,20100823,9.57,9.7033,9.11,9.1467,1596800
SLB,20100823,55.63,56.73,55.5,55.82,10497200
SLF,20100823,24.33,24.42,23.96,23.96,557000
SLG,20100823,57.46,58.63,57.09,57.8,1017400
SLW,20100823,21.09,21.23,20.63,20.74,2938400
SM,20100823,35.62,36.21,35.1,35.57,564900
SMG,20100823,48.81,49.35,48.68,49.09,372800
SMI,20100823,3.3,3.3,3.1,3.19,419700
SMP,20100823,9.05,9.27,8.65,8.66,185100
SNA,20100823,41.19,41.22,40.54,40.59,318300
SNE,20100823,29.3,29.4,28.94,28.94,707000
SNN,20100823,17.852,17.96,17.7,17.708,51800
SNP,20100823,62.7385,62.7769,61.6462,61.6692,154200
SNV,20100823,16.17,16.52,15.54,15.54,8092500
SNX,20100823,23.94,24.05,23.61,23.64,198500
SNY,20100823,29.1,29.33,28.96,28.99,1594800
SO,20100823,35.84,36.26,35.82,35.88,4687900
SOL,20100823,7.91,8.1,7.78,7.79,1006400
SON,20100823,31.72,31.76,30.91,30.95,398600
SOR,20100823,42.47,42.47,42,42.35,3100
SOV-C,20100823,25.11,25.11,25.11,25.11,200
SPA,20100823,5.13,5.23,5.05,5.07,37200
SPB,20100823,27.09,27.19,26.87,26.97,178700
SPE,20100823,13.13,13.13,13.09,13.11,25500
SPG,20100823,89.37,89.76,88,88.03,1555300
SPG-J,20100823,63.06,63.9,63.06,63.9,300
SPH,20100823,48.22,48.65,48.2,48.28,109900
SPN,20100823,21.63,22.01,21.33,21.38,509300
SPR,20100823,19.91,20.04,19.46,19.5,954700
SQM,20100823,43.53,43.87,43.18,43.41,538800
SR,20100823,15.9,15.9,15.1,15.1,221900
SRE,20100823,50.78,51.41,50.78,51,1024500
SRI,20100823,8.88,8.98,8.43,8.52,83500
SRT,20100823,4.85,4.89,4.65,4.68,45900
SRV,20100823,8.74,8.82,8.74,8.81,228500
SSD,20100823,23.49,23.55,22.31,22.33,244500
SSI,20100823,11.93,12.2,11.25,11.25,351000
SSL,20100823,39.27,39.66,38.84,38.85,260800
SSP,20100823,7.48,7.63,7.03,7.05,493800
SSW,20100823,10.93,11.18,10.86,11.01,201000
ST,20100823,17.29,17.35,17.04,17.1,103300
STC,20100823,10.47,10.64,10.1,10.11,141800
STE,20100823,29.55,29.83,28.89,29.04,229900
STI,20100823,24.23,24.6,24,24.02,3864500
STI-A,20100823,20.86,21.17,20.86,20.98,1500
STJ,20100823,36.71,37.04,36.52,36.68,1297700
STK,20100823,17.72,17.95,17.7,17.81,28400
STL,20100823,8.63,8.66,8.39,8.39,134200
STM,20100823,7.32,7.35,7.19,7.22,1316600
STN,20100823,11.91,11.96,11.845,11.845,8000
STNG,20100823,10.66,11,10.54,10.57,43500
STO,20100823,19.66,19.84,19.52,19.55,774500
STT,20100823,37.18,37.3,36.42,36.43,2195000
STV,20100823,6.88,6.94,6.72,6.85,110800
STWD,20100823,2.6961,2.6961,2.633,2.6344,241300
STZ,20100823,16.74,16.82,16.61,16.68,1003600
STZ.B,20100823,16.65,16.65,16.65,16.65,0
SU,20100823,31.3,31.61,30.93,30.94,3722300
SUI,20100823,27.99,28.23,27.47,27.56,71400
SUN,20100823,35.15,35.54,34.73,34.85,2298200
SUP,20100823,15.21,15.36,14.88,15.13,170800
SVU,20100823,10.17,10.41,10.05,10.33,4601900
SWC,20100823,13.69,13.76,13.11,13.16,1102300
SWK,20100823,55.44,55.67,54.38,54.51,660800
SWM,20100823,24.89,25.195,24.36,24.375,120500
SWN,20100823,33.9,34.18,33.69,33.88,2394900
SWX,20100823,30.97,31.31,30.67,30.7,128500
SWZ,20100823,11.48,11.56,11.44,11.44,36100
SXI,20100823,24.76,25.04,23.58,23.59,75500
SXL,20100823,12.7084,12.8217,12.6834,12.7567,67900
SXT,20100823,27.61,28,27.21,27.38,225100
SYK,20100823,46.01,46.7,46.01,46.14,2144500
SYT,20100823,47.58,47.83,47.18,47.37,222400
SYX,20100823,13.06,13.2,12.59,12.64,65600
SYY,20100823,28.65,28.86,28.49,28.63,3748400
T,20100823,26.59,26.79,26.48,26.49,33931100
TAC,20100823,19.58,19.88,19.58,19.78,18100
TAL,20100823,23.34,23.5,22.21,22.27,76000
TAP,20100823,46.18,46.18,45.69,45.75,484600
TAP.A,20100823,45,45,45,45,200
TBI,20100823,11.16,11.24,10.68,10.92,343400
TCAP,20100823,14.84,14.84,14.65,14.65,36100
TCB,20100823,14.61,14.62,14.15,14.16,1075500
TCB.W,20100823,5,5.15,5,5.15,700
TCI,20100823,9.15,9.21,9.14,9.15,1100
TCO,20100823,41.19,41.35,40.5,40.51,223100
TD,20100823,33.825,33.885,33.415,33.525,609300
TDA,20100823,25.4,25.44,25.31,25.4,65800
TDC,20100823,30.52,30.71,30.22,30.26,1257300
TDF,20100823,26.77,26.9,26.59,26.8,81600
TDG,20100823,57.66,57.66,56.17,56.33,462600
TDI,20100823,25.04,25.05,24.88,25.05,6300
TDS,20100823,31.49,31.49,30.79,30.81,236700
TDW,20100823,39.51,40.12,39.24,39.8,1051000
TDY,20100823,37.64,37.82,36.79,36.91,130100
TEF,20100823,21.9467,22.1833,21.8433,21.8433,389900
TEI,20100823,16.23,16.31,16.14,16.3,145200
TEL,20100823,26.33,26.43,25.46,25.48,3276700
TEN,20100823,26.33,26.46,25.26,25.69,882900
TEO,20100823,20.88,21,20.17,20.17,120800
TER,20100823,9.64,9.69,9.45,9.47,6140700
TEVA,20100823,50.51,50.89,50.24,50.25,3067600
TEX,20100823,20.43,20.46,19.41,19.54,3740700
TFX,20100823,51.8,51.97,51.01,51.05,178900
TG,20100823,16.86,17.13,16.62,16.75,120200
TGH,20100823,27.77,28.57,27,27.19,136400
TGI,20100823,35.325,35.435,34.14,34.225,183000
TGP,20100823,34.16,34.46,33.25,33.33,82900
TGS,20100823,3.79,3.8,3.6,3.65,28300
TGT,20100823,52.22,52.59,51.9,52.01,4055000
THC,20100823,16.8,17.08,16.4,16.44,4750400
THG,20100823,43.82,44,43.51,43.53,170600
THO,20100823,24.8,24.81,24.18,24.19,444000
THS,20100823,42.28,42.28,41.47,41.47,735600
TI,20100823,13.07,13.26,12.99,13.02,653300
TI.A,20100823,10.52,10.68,10.41,10.41,139600
TIF,20100823,43.65,44.12,42.93,43.05,2193500
TJX,20100823,20.915,21.08,20.71,20.71,3366700
TK,20100823,26.19,26.24,25.24,25.26,444700
TKC,20100823,14.97,15.23,14.97,15.17,464400
TKF,20100823,14.94,15.06,14.92,14.93,17100
TKR,20100823,34.09,34.43,33,33.02,673800
TLI,20100823,11.2,11.22,11.16,11.21,10700
TLK,20100823,19.61,19.695,19.465,19.525,185000
TLP,20100823,32.45,32.57,32.06,32.55,13800
TM,20100823,70.53,70.69,69.9,69.96,336000
TMH,20100823,12.17,12.28,12,12,42200
TMK,20100823,22.0755,22.2578,21.9645,22.0489,761000
TMO,20100823,44.35,44.52,43.95,44.02,2437800
TNC,20100823,33.66,33.9,32.47,33,127200
TNH,20100823,91.02,91.73,86.6,88.7,95500
TNK,20100823,12.4,12.48,12.12,12.13,483500
TNP,20100823,13.14,13.14,12.78,12.81,71900
TOL,20100823,16.63,16.68,16.18,16.2,1907000
TOO,20100823,21.99,22.1,21.26,21.46,247500
TOT,20100823,48.28,48.8,48.02,48.05,2307000
TPC,20100823,19.82,19.99,19.45,19.51,180600
TPL,20100823,29.99,30.7,29.51,29.86,125700
TPX,20100823,29.25,29.36,27.95,28.03,1049800
TPZ,20100823,22.1,22.29,22,22.2,49800
TR,20100823,24.36,24.48,23.97,24.01,86100
TRC,20100823,22.21,22.26,21.55,21.56,78200
TREX,20100823,10.095,10.21,9.835,10.025,242000
TRI,20100823,35.17,35.4,34.81,34.86,529100
TRK,20100823,13.2,13.25,12.89,13,77800
TRN,20100823,8.77,8.78,8.41,8.43,713900
TRNO,20100823,17.61,18.08,17.5,17.54,67000
TRP,20100823,35.07,35.47,35.07,35.29,255300
TRR,20100823,2.94,2.95,2.91,2.95,5900
TRU,20100823,3.93,4.02,3.86,4.02,1200
TRV,20100823,49.77,50.19,49.51,49.74,3939000
TS,20100823,35.4,35.81,34.82,34.82,1085900
TSI,20100823,5.04,5.06,5.01,5.03,70300
TSL,20100823,23.56,23.81,22.35,22.41,4120200
TSM,20100823,9.69,9.8,9.68,9.69,9888000
TSN,20100823,16.55,16.8,16.41,16.59,5185000
TSO,20100823,11.29,11.55,11.28,11.36,2933000
TSS,20100823,14.26,14.3,14.08,14.16,673000
TSU,20100823,28.7,28.9,27.88,27.93,219600
TTC,20100823,12.85,12.9375,12.63,12.6475,307400
TTF,20100823,11.51,11.62,11.5,11.55,46300
TTI,20100823,8.55,8.67,8.37,8.4,426500
TTM,20100823,22.55,22.82,22.2,22.31,1242600
TU,20100823,19.545,19.765,19.32,19.665,99800
TUP,20100823,41.02,41.23,40.22,40.29,825000
TV,20100823,19.35,19.39,19.07,19.09,1590700
TVC,20100823,26.39,26.57,26.39,26.45,9200
TVE,20100823,25.96,26.04,25.78,25.8,15900
TWI,20100823,10.73,10.82,10.04,10.07,319100
TWN,20100823,15.11,15.3,15.11,15.13,72100
TWX,20100823,30.56,30.79,30.05,30.11,4733900
TX,20100823,33.33,33.44,32.27,32.3,163200
TXT,20100823,18.05,18.05,17.3,17.42,7136200
TY,20100823,11.44,11.53,11.41,11.43,77500
TY.P,20100823,48.41,48.41,47,47,300
TYG,20100823,34.35,34.35,33.69,34.04,45800
TYL,20100823,17.87,17.9,17.6,17.64,91200
UA,20100823,4.6463,4.6938,4.515,4.5463,383800
UAL,20100823,20.46,21.25,20.39,20.47,5320600
UAM,20100823,14.13,14.25,13.86,13.91,92400
UBA,20100823,17.9,17.92,17.44,17.72,79800
UBP,20100823,15.41,15.45,15.29,15.34,700
UBS,20100823,16.7,16.83,16.59,16.59,2761700
UDR,20100823,20.03,20.29,19.96,20.07,1141700
UFI,20100823,4.23,4.39,4.23,4.31,328000
UFS,20100823,30.6,31.315,29.375,29.455,626400
UGI,20100823,18.34,18.5267,18.2867,18.2867,486500
UGP,20100823,13.875,13.91,13.3625,13.37,59200
UHS,20100823,34.95,35.18,34.17,34.21,784400
UHT,20100823,31.91,32.06,31.43,31.5,46100
UIS,20100823,22.97,23.16,22.48,22.49,554300
UL,20100823,26.36,26.63,26.31,26.37,1968700
UMC,20100823,2.9,2.9,2.82,2.82,1170800
UN,20100823,26.6,26.86,26.56,26.67,2582900
UNF,20100823,40.07,40.24,38.9,39.02,63600
UNH,20100823,31.63,32.17,31.47,31.5,5077200
UNM,20100823,20.47,20.66,20.35,20.41,2262200
UNP,20100823,37.27,37.445,36.345,36.43,2811000
UNT,20100823,35.06,35.53,34.75,35.06,277600
UPS,20100823,65.69,66.18,65.19,65.22,3380400
URI,20100823,12.6,12.73,11.89,11.93,1538300
USA,20100823,4.17,4.2,4.14,4.16,381900
USB,20100823,21.85,22.02,21.61,21.63,7427100
USB-A,20100823,792,792,792,792,100
USB-H,20100823,21.4,21.4,21.21,21.29,100700
USG,20100823,12.38,12.48,11.85,11.88,1037700
USM,20100823,44.05,44.12,43.44,43.48,54600
USPH,20100823,16.39,16.48,15.99,16.22,39200
UTF,20100823,14.33,14.5,14.33,14.37,186400
UTI,20100823,16.63,16.77,16.41,16.5,244300
UTL,20100823,20.87,21.25,20.81,20.83,57100
UTX,20100823,68.54,68.97,67.21,67.22,3954900
UVV,20100823,37.18,37.37,36.32,36.36,178600
V,20100823,17.6375,17.825,17.4,17.53,4598900
VAL,20100823,29.97,30.41,29.8,29.81,700400
VAL.P,20100823,24.78,24.81,23.91,23.91,8146000
VALE,20100823,28.29,28.3,27.09,27.19,23479200
VAR,20100823,54.42,55.24,53.82,53.91,792800
VBF,20100823,20.69,20.86,20.62,20.68,23100
VCO,20100823,47.6,47.6,46.6,46.6,600
VCV,20100823,13.28,13.31,13.21,13.26,22800
VFC,20100823,18.9225,19.1725,18.815,18.825,1282600
VG,20100823,2.06,2.12,1.98,2.04,2362300
VGM,20100823,14.96,15.08,14.95,15.05,77000
VGR,20100823,19.1,19.12,18.9,18.95,203200
VHI,20100823,5.52,5.7933,5.3967,5.5933,94900
VIV,20100823,21.97,22.18,21.61,21.71,59600
VKQ,20100823,14.32,14.68,14.32,14.68,51200
VLO,20100823,16.58,16.8,16.31,16.37,7026900
VLT,20100823,16.02,16.2,16.02,16.09,33300
VLY,20100823,13.35,13.48,13.18,13.2,610800
VLY-A,20100823,25.6,25.96,25.56,25.56,6300
VLY.W,20100823,2.13,2.13,2.13,2.13,0
VMC,20100823,39.03,39.25,38.22,38.31,1335600
VMI,20100823,69.84,70.01,68.55,68.59,314500
VMO,20100823,14.61,14.72,14.6,14.72,48700
VMW,20100823,82.19,83.63,80.82,81.35,3019200
VNO,20100823,81.71,82.22,80.84,80.96,879500
VNO-G,20100823,23.49,23.7,23.43,23.7,22600
VNO-I,20100823,23.99,24.14,23.87,23.98,21900
VPG,20100823,15.92,15.92,14.82,15.07,47500
VPV,20100823,14.03,14.1,13.97,14.1,29100
VR,20100823,24.86,25.02,24.78,24.78,373200
VRS,20100823,2.36,2.4,2.1,2.15,211100
VRX,20100823,57.44,57.78,57.1,57.27,481200
VSH,20100823,8.58,8.76,8.13,8.21,3564700
VSI,20100823,25.09,25.37,24.73,25.03,121000
VTA,20100823,11.97,12.01,11.94,11.98,134600
VTN,20100823,15.29,15.39,15.23,15.3,17700
VTR,20100823,50.55,50.77,50,50.19,919600
VVC,20100823,24.62,24.8,24.43,24.45,239100
VVI,20100823,16.73,16.73,15.66,15.68,110800
VVR,20100823,4.55,4.61,4.53,4.61,395100
VZ,20100823,29.53,29.66,29.38,29.41,20004400
WAB,20100823,21.54,21.575,21.25,21.27,306100
WAL,20100823,6.57,6.69,6.41,6.45,528800
WAT,20100823,62.72,63.23,62.32,62.67,561900
WBC,20100823,36.86,36.96,35.98,36.06,201100
WBK,20100823,19.93,19.972,19.652,19.652,16200
WBS,20100823,16.99,17.07,16.12,16.21,600100
WCC,20100823,33.91,33.91,33.04,33.12,331300
WCG,20100823,25.36,25.74,24.76,25.12,927400
WCN,20100823,25.8667,25.9667,25.4267,25.6067,276000
WDR,20100823,22.99,23.07,22.65,22.8,640000
WEA,20100823,14.51,14.69,14.43,14.67,42200
WEC,20100823,27.865,28.185,27.825,27.85,559400
WES,20100823,23.99,24.45,23.99,24.28,63300
WF,20100823,34.97,35.02,34.56,34.78,6900
WFC,20100823,24.86,24.88,24.19,24.23,33770300
WFC-J,20100823,28.17,28.25,28.1,28.1,163100
WFC-L,20100823,1003,1009.75,1000,1000.5,6400
WFC.W,20100823,7.75,7.75,7.58,7.59,118200
WFT,20100823,15.28,15.44,15.19,15.21,5862300
WG,20100823,7.2,7.25,6.99,6.99,327100
WGL,20100823,35.49,36.06,35.31,35.55,356700
WGO,20100823,8.85,8.94,8.38,8.4,327200
WHG,20100823,29.35,29.89,29.03,29.14,19100
WHR,20100823,77.7,80.63,77.11,77.71,3007500
WIA,20100823,12.71,12.77,12.66,12.76,71400
WIT,20100823,13.47,13.53,13.25,13.32,153200
WIW,20100823,12.49,12.5,12.43,12.49,109400
WLK,20100823,13.165,13.295,12.87,12.87,134900
WLL,20100823,44.365,44.66,43.425,43.515,1150100
WM,20100823,33.77,33.91,33.36,33.52,1809100
WMB,20100823,18.7,18.95,18.48,18.49,3878900
WMK,20100823,33.96,34.18,33.33,33.4,28900
WMS,20100823,37.68,37.83,36.87,37.05,331000
WMT,20100823,50.57,51.5,50.39,51.14,14659900
WNC,20100823,6.7,6.86,6.33,6.35,1279300
WNR,20100823,4.36,4.42,4.26,4.27,700600
WNS,20100823,9.23,9.23,8.99,9,20600
WOR,20100823,14.71,14.84,14.26,14.26,456800
WPC,20100823,28.84,29.1,28.45,28.45,22800
WPZ,20100823,44.58,44.58,42.56,42.87,209300
WR,20100823,23.51,23.77,23.43,23.54,1130100
WRB,20100823,26.45,26.57,26.32,26.35,807000
WRD,20100823,23.42,23.5,23.1,23.27,5800
WRE,20100823,30.83,30.83,30.4,30.45,715900
WRI,20100823,19.82,19.88,19.54,19.57,730600
WSM,20100823,28.28,28.34,26.41,26.53,3952700
WSO,20100823,53.35,53.71,52.66,52.79,123100
WST,20100823,16.975,17.175,16.705,16.73,78400
WTI,20100823,8.74,8.84,8.65,8.73,350400
WTM,20100823,306.38,307,303.1,303.19,7000
WTR,20100823,15.392,15.536,15.328,15.344,313800
WTS,20100823,31.73,31.85,30.86,30.87,203300
WTW,20100823,29.55,29.6,28.81,28.82,246200
WU,20100823,15.99,16.08,15.84,15.84,2581000
WWE,20100823,14.11,14.33,13.82,13.85,242100
WWW,20100823,13.28,13.4,12.995,13.015,219800
WY,20100823,16.25,16.46,15.77,15.8,4183500
WYN,20100823,24.97,24.98,24.05,24.08,2821700
X,20100823,47.31,47.66,45.57,45.63,10834800
XCO,20100823,14,14.05,13.79,13.85,1731600
XEC,20100823,68.79,68.82,67.16,67.24,803800
XEL,20100823,21.92,22.21,21.91,21.96,2394800
XIN,20100823,2.7,2.77,2.6,2.67,185400
XKE,20100823,9.4,9.4,9.02,9.29,19200
XL,20100823,17.71,17.75,17.47,17.51,2838900
XOM,20100823,58.97,60.05,58.9,59.5,21340800
XRM,20100823,11.06,11.44,10.84,10.85,20300
XRX,20100823,9.03,9.03,8.8,8.8,9504300
Y,20100823,300,301.8,297.02,297.02,7600
YGE,20100823,109.6,111.2,106.8,107.2,1473800
YPF,20100823,40.25,41.54,40.25,41.28,1700
YUM,20100823,42.42,42.64,41.88,41.91,3419400
YZC,20100823,21.67,21.67,21.06,21.06,229900
ZB-A,20100823,16.76,16.96,16.76,16.77,15400
ZF,20100823,12.2,12.24,12.08,12.2,284700
ZNH,20100823,24.35,24.35,23.8,23.81,13900
ZTR,20100823,15,15.04,14.92,15,229500
