<ticker>,<date>,<open>,<high>,<low>,<close>,<vol>
A,20101001,33.69,34.28,33.39,33.73,5893000
AA,20101001,36.72,37.2,36.6,36.69,22999000
AAN,20101001,18.53,18.6,17.96,18.16,436200
AAP,20101001,59.22,59.61,57.96,58.7,838600
AAV,20101001,6.34,6.44,6.3,6.42,363500
AB,20101001,26.7,26.95,26.41,26.59,204100
ABB,20101001,21.53,21.54,21.23,21.39,3473900
ABC,20101001,30.85,30.97,30.4,30.85,3298200
ABG,20101001,14.23,14.47,13.93,14.41,210000
ABM,20101001,21.79,21.79,21.42,21.6,324500
ABR,20101001,5.05,5.06,4.93,5.01,34900
ABT,20101001,52.54,52.58,52.12,52.58,4759000
ABX,20101001,46.85,47.28,46.55,47.01,8649100
ACC,20101001,30.81,30.85,30.19,30.65,763000
ACH,20101001,24.22,24.5,23.63,24.05,509400
ACM,20101001,24.4,24.49,24.17,24.3,935100
ACN,20101001,43.83,45.2,43.83,44.38,13329800
ACV,20101001,37.65,37.92,37.6,37.87,2988900
ADC,20101001,25.15,25.15,24.59,24.79,36200
ADM,20101001,31.89,31.94,31.36,31.92,6611800
ADS,20101001,65.94,66.6,65.5,65.71,745400
ADX,20101001,9.98,10.02,9.93,10,93200
AEB,20101001,21.7,21.7,21.45,21.55,27800
AED,20101001,23.33,23.37,23.04,23.06,65000
AEE,20101001,28.65,28.95,28.43,28.79,2363600
AEG,20101001,6.05,6.1,6,6.04,1085100
AEH,20101001,23.37,23.44,23.16,23.23,72700
AEL,20101001,10.42,10.46,10.27,10.37,726300
AEM,20101001,71.49,71.99,70.77,71.27,2245900
AEO,20101001,15.16,15.45,14.87,15.05,4316600
AEP,20101001,36.4,36.48,36.05,36.22,2417500
AER,20101001,11.9,12.06,11.72,11.95,319200
AES,20101001,11.44,11.57,11.38,11.54,3966500
AES-C,20101001,48.77,48.9,48.77,48.77,3700
AET,20101001,31.61,31.7,30.79,31.2,2983500
AF,20101001,13.8,13.86,13.56,13.63,1031100
AFB,20101001,14.8,14.83,14.76,14.78,37700
AFC,20101001,22.65,23.07,22.47,22.98,58500
AFG,20101001,30.75,30.88,30.26,30.5,450200
AFL,20101001,52.43,52.79,51.54,52.06,3229400
AGC,20101001,9.35,9.43,9.33,9.34,61700
AGCO,20101001,39.32,39.35,37.68,37.77,2728800
AGD,20101001,13,13.18,13,13.04,147700
AGM,20101001,11,11.08,10.4,10.43,182100
AGM.A,20101001,9.25,9.25,9.1,9.1,600
AGN,20101001,66.86,66.92,65.65,66.25,1350300
AGO,20101001,17.39,17.59,17.18,17.42,1541000
AGO-B,20101001,24.79,24.93,24.68,24.73,5400
AGO-E,20101001,23.6,23.64,23.34,23.38,45100
AGO-F,20101001,21.1,21.19,20.7,20.98,14000
AGU,20101001,75.69,76.63,74.84,75.01,2428000
AHC,20101001,7.15,7.19,6.97,7.05,52000
AHL,20101001,30.56,30.56,29.89,30.12,466100
AHL-A,20101001,24.31,24.38,24.31,24.38,5300
AHT,20101001,9.17,9.27,9,9.27,471500
AHT-A,20101001,24.23,24.4,24.23,24.27,2000
AHT-D,20101001,22.7,22.7,22.62,22.65,9100
AI,20101001,23.42,23.43,23.07,23.32,30200
AIB,20101001,7,7.3,6.65,7.05,9068700
AIG,20101001,38.99,39.47,38.3,38.86,6589300
AIN,20101001,19.18,19.41,18.88,19.4,99400
AIR,20101001,18.78,18.82,18.53,18.75,266800
AIT,20101001,30.98,31,30.46,30.99,494500
AIV,20101001,21.57,21.59,21.22,21.53,1651600
AIZ,20101001,41.13,41.18,40.4,40.61,1196700
AJG,20101001,26.4,26.6,26.07,26.16,397200
AKO.A,20101001,24.24,24.24,23.98,24.1,27700
AKO.B,20101001,28.57,29,28.57,29,41600
AKP,20101001,14.62,14.65,14.59,14.65,13100
AKR,20101001,19.2,19.21,18.8,19.08,234700
AKS,20101001,13.98,14.11,13.76,13.97,5489100
ALB,20101001,47.18,47.35,46.5,47.26,1432300
ALE,20101001,36.68,36.88,36.41,36.81,101600
ALEX,20101001,35.25,35.29,34.56,34.83,175500
ALG,20101001,22.61,22.81,22.11,22.68,15000
ALJ,20101001,5.44,5.44,5.29,5.43,21800
ALK,20101001,12.9325,12.9625,12.3675,12.4475,415800
ALL,20101001,31.89,32.03,31.31,31.57,4375000
ALP-O,20101001,25.35,25.35,25.21,25.35,1400
ALR,20101001,31.14,31.14,30.4,30.64,222300
ALR-B,20101001,218,218,217.3,217.3,100
ALV,20101001,66.16,66.3,65.29,65.47,798600
ALX,20101001,317.12,323.64,314.45,322.5,3500
AM,20101001,18.91,19.13,18.69,19.06,456300
AME,20101001,21.2978,21.4089,21.0311,21.3378,452000
AMG,20101001,79.16,80.12,77.93,79.74,598300
AMN,20101001,68.76,69,67.23,67.52,36100
AMP,20101001,47.82,48.08,47.13,47.76,1905100
AMRC,20101001,11.9,12.3,11.85,12.3,139700
AMT,20101001,51.45,51.73,51.15,51.62,3002100
AMX,20101001,26.82,27.125,26.8,27.105,3038500
AN,20101001,23.47,23.67,23.2,23.59,1187500
ANF,20101001,39.76,39.98,37.47,37.75,4843100
ANH,20101001,7.14,7.24,7.14,7.24,2269300
ANH-A,20101001,25.21,25.21,25.21,25.21,0
ANH-B,20101001,24.54,24.65,24.45,24.6,17000
ANW,20101001,16.71,16.87,16.6,16.77,429600
AOD,20101001,10.98,11.08,10.96,11,1297400
AOI,20101001,41.9,42.4,40.6,41,926000
AON,20101001,39.39,39.5,38.97,39.28,14637200
AOS,20101001,9.7584,9.7584,9.4934,9.6234,147800
AP,20101001,25.15,25.15,23.61,24.54,22500
APA,20101001,98.98,99.38,97.43,98.28,4554300
APB,20101001,11.1,11.1,11,11.1,42900
APC,20101001,57.96,58.24,56.82,57.06,4162300
APD,20101001,83.22,84,82.52,83.02,1508200
APF,20101001,15.74,15.85,15.74,15.85,80500
APH,20101001,24.75,24.83,24.315,24.53,778100
APU,20101001,45,45,44.63,44.97,31600
ARE,20101001,70.69,71.07,69.63,71.05,506700
ARI,20101001,16.1,16.24,16,16.21,213100
ARL,20101001,8.03,8.11,7.99,7.99,2200
ARW,20101001,27.11,27.2,26.51,26.78,704600
ASA,20101001,30.39,31.05,30.39,30.94,65000
ASG,20101001,3.85,3.86,3.79,3.81,37200
ASH,20101001,49.21,49.51,48.72,48.99,1279700
ASR,20101001,47.47,48.39,47.47,47.88,54900
ASX,20101001,4.11,4.15,4.08,4.14,603500
AT,20101001,13.86,13.89,13.78,13.87,129600
ATI,20101001,47.27,47.65,46.73,46.95,1192900
ATO,20101001,29.42,29.46,29.19,29.4,532300
ATR,20101001,46.09,46.09,44.83,45.28,169500
ATU,20101001,23.26,23.33,22.9,23.11,539500
ATV,20101001,4.15,4.2,4.09,4.2,30900
ATW,20101001,30.77,31.1,30.47,30.78,660700
AU,20101001,46.51,47.32,46.45,47.06,1975100
AUO,20101001,10.61,10.65,10.52,10.57,1581800
AUY,20101001,11.61,11.66,11.42,11.45,7992100
AV,20101001,12.74,12.74,12.5,12.69,17500
AVA,20101001,21.1,21.2,20.9,21.14,327900
AVB,20101001,105.21,105.32,103.17,105.13,938700
AVD,20101001,6.22,6.49,6.18,6.28,81500
AVK,20101001,17.8,17.84,17.68,17.84,272000
AVP,20101001,32.12,32.34,31.79,32.12,2445100
AVT,20101001,27.33,27.38,26.58,26.84,1186000
AVX,20101001,13.86,13.95,13.76,13.86,164300
AVY,20101001,37.32,37.54,36.88,37.24,481300
AWF,20101001,14.88,14.95,14.81,14.95,142400
AWH,20101001,18.9167,18.9167,18.1767,18.6667,306600
AWI,20101001,41.75,41.75,40.33,40.69,294600
AWK,20101001,23.44,23.55,23.16,23.53,1232500
AWP,20101001,6.66,6.7,6.63,6.69,366000
AWR,20101001,18.06,18.28,17.88,18.225,85400
AXE,20101001,54.33,54.57,53.68,54.28,828600
AXL,20101001,9.14,9.15,8.72,8.75,4395700
AXP,20101001,42.37,42.56,41.55,41.78,10671900
AXR,20101001,12.41,12.8,12.2,12.71,13200
AXS,20101001,33.29,33.52,32.92,32.98,997500
AYI,20101001,44.8,45.09,44.46,44.75,432100
AYR,20101001,8.55,8.55,8.32,8.37,507600
AZN,20101001,51.15,51.27,50.79,50.99,1279000
AZO,20101001,229.95,230,227.81,228.83,614400
AZZ,20101001,21.94,21.94,19.55,19.75,229500
B,20101001,17.66,17.9,17.37,17.59,207600
BA,20101001,67.54,67.98,66.67,66.83,4489400
BAC,20101001,13.22,13.42,13.06,13.3,168812000
BAC-C,20101001,25.16,25.19,25.08,25.1,40900
BAC-D,20101001,22.22,22.23,22.14,22.15,116100
BAC-E,20101001,18.69,18.69,18.45,18.61,175500
BAC-I,20101001,24.24,24.24,24.13,24.18,24000
BAC-L,20101001,984.75,986,982,985.35,4300
BAC-W,20101001,25.14,25.14,25,25.03,54400
BAC-Y,20101001,24,24.06,23.93,23.97,27300
BAC.A,20101001,6.6,6.7,6.42,6.65,365000
BAC.B,20101001,2.8,2.8,2.34,2.51,489000
BAF,20101001,15.43,15.48,15.43,15.48,5700
BAK,20101001,20.93,21.43,20.54,21.27,276100
BAM,20101001,19.0133,19.1267,18.9133,19.1,1172200
BAP,20101001,114,116.81,113.99,115.61,349200
BAS,20101001,8.63,8.74,8.5,8.65,458000
BAX,20101001,48.11,48.23,47.3,47.65,3380900
BBD,20101001,15.5454,15.7879,15.4773,15.7424,10691200
BBF,20101001,14.34,14.34,14.29,14.29,6200
BBG,20101001,36.33,37,36.21,36.89,521000
BBK,20101001,16,16,15.84,15.96,16900
BBL,20101001,65.3,65.46,64.68,65.3,1540100
BBN,20101001,20.22,20.33,20.21,20.32,49300
BBT,20101001,24.21,24.57,24.07,24.37,6178900
BBVA,20101001,13.5,13.52,13.28,13.48,1975100
BBW,20101001,6.12,6.12,5.8,5.9,54000
BBX,20101001,4.1,4.2,4.05,4.15,309300
BBY,20101001,41.07,41.24,39.77,40.76,8970500
BC,20101001,15.41,15.75,14.99,15.33,1362100
BCE,20101001,32.58,32.72,32.07,32.44,852500
BCH,20101001,89.77,91.89,89.42,91.13,13700
BCO,20101001,23.19,23.38,22.93,23.21,204700
BCR,20101001,81.88,82.49,81.11,81.76,661700
BCS,20101001,19.08,19.13,18.86,19.1,2841600
BCS-A,20101001,24.94,25.09,24.87,24.87,88600
BCS-D,20101001,25.95,26.05,25.9,25.94,138600
BDC,20101001,26.72,26.84,26.28,26.5,185800
BDJ,20101001,8.36,8.44,8.34,8.44,222700
BDN,20101001,12.2,12.2,11.95,12.09,1565900
BDX,20101001,74.56,74.72,73.69,74.3,1128800
BEN,20101001,36.07,36.3333,35.5133,35.97,1333500
BF.A,20101001,20.7334,20.7334,20.5534,20.71,5100
BF.B,20101001,20.56,20.6934,20.49,20.6934,347100
BFK,20101001,14.26,14.28,14.18,14.21,73400
BFO,20101001,14.75,14.84,14.72,14.79,31700
BFR,20101001,9.98,9.98,9.62,9.86,212100
BFS,20101001,42.25,42.51,41.52,42.46,25600
BFZ,20101001,14.85,14.9,14.84,14.87,34500
BG,20101001,59.59,59.61,56.38,57.45,3039800
BGC,20101001,27.42,27.58,26.52,26.57,958900
BGE-B,20101001,25.36,25.37,25.27,25.27,17500
BGG,20101001,19.2,19.26,18.77,18.81,489000
BGH,20101001,43.16,43.6,43.14,43.5,335300
BGR,20101001,24.68,25.12,24.61,25,117300
BGS,20101001,11.02,11.02,10.77,10.8,199000
BGT,20101001,15.25,15.33,15.15,15.33,69500
BGY,20101001,10.59,10.69,10.49,10.65,244800
BH,20101001,330.13,330.13,320,326.87,6500
BHE,20101001,16.6,16.6,16.22,16.54,255600
BHI,20101001,43.17,43.66,42.8,43.53,5271400
BHK,20101001,13.85,13.89,13.74,13.77,44600
BHL,20101001,13.33,13.33,13.19,13.27,18600
BHP,20101001,77.69,77.91,76.99,77.69,3641100
BID,20101001,37.47,37.81,36.28,36.6,704900
BIF,20101001,6.22,6.29,6.22,6.27,29700
BIG,20101001,33.38,33.64,33.28,33.44,1040600
BIO,20101001,90.96,91.41,90.58,91.28,37500
BIO.B,20101001,91.05,91.05,91.05,91.05,0
BIP,20101001,12.98,13.1333,12.8733,13.0867,95100
BJZ,20101001,16,16.02,15.96,16.02,1300
BK,20101001,26.51,26.68,26.14,26.34,6157000
BKD,20101001,16.44,16.78,16.35,16.7,1288700
BKE,20101001,26.82,27.45,26.23,26.33,634700
BKH,20101001,31.49,31.84,31.36,31.68,222400
BKK,20101001,15.63,15.63,15.47,15.5,30600
BKN,20101001,15.24,15.25,15.17,15.22,26500
BKS,20101001,16.46,16.5,16.05,16.15,298700
BKT,20101001,7,7,6.94,6.96,173700
BLH,20101001,16.6,16.62,16.6,16.6,1200
BLK,20101001,171.8,171.8,169.35,171.34,416300
BLL,20101001,29.59,29.745,29.455,29.695,646100
BLW,20101001,17.3,17.39,17.21,17.26,193200
BLX,20101001,14.59,14.65,14.42,14.58,87600
BMA,20101001,45.14,45.14,43.23,44.14,130100
BME,20101001,25.62,25.69,25.43,25.6,12900
BMI,20101001,40.92,40.92,40.11,40.7,30900
BML-G,20101001,16.98,17.05,16.95,16.95,5500
BML-H,20101001,16.56,16.71,16.3,16.57,312400
BML-I,20101001,23.21,23.27,23.09,23.09,29400
BML-J,20101001,19.26,19.36,19.23,19.25,21100
BML-L,20101001,18.05,18.05,17.99,17.99,36500
BMO,20101001,58.21,58.29,57.46,58.08,905600
BMS,20101001,31.88,32.09,31.79,31.96,533600
BMY,20101001,27.11,27.32,26.95,27.28,8901900
BNJ,20101001,15.86,16.02,15.8,15.85,16400
BNS,20101001,53.04,53.52,52.63,53.36,493900
BNY,20101001,15.39,15.4,15.35,15.39,7200
BOE,20101001,18.5,18.64,18.45,18.59,125500
BOH,20101001,45.14,45.41,44.48,44.64,311800
BORN,20101001,11.6,11.76,10.7,11.07,767000
BP,20101001,41.94,42,41.73,41.95,20690000
BPI,20101001,15.47,15.85,15.28,15.45,999200
BPK,20101001,16.43,16.43,16.31,16.31,21000
BPL,20101001,63.65,64.2,63.65,63.95,152600
BPT,20101001,103.45,104.9,103.44,104.75,93400
BQH,20101001,16,16,16,16,1800
BR,20101001,23,23.25,22.86,23.08,1031100
BRC,20101001,29.48,29.48,29.01,29.13,175700
BRFS,20101001,15.56,15.76,15.47,15.76,1721100
BRK.A,20101001,124850,125150,123545,123914,400
BRK.B,20101001,83.3,83.48,82.33,82.71,4520900
BRO,20101001,20.33,20.33,20.07,20.17,603300
BRS,20101001,36.44,36.66,36.05,36.45,131800
BRT,20101001,6.38,6.4,6.3,6.38,27300
BSBR,20101001,13.81,14.11,13.78,14.06,10038400
BSD,20101001,13.84,13.94,13.79,13.86,6500
BSE,20101001,14.52,14.6,14.49,14.6,16800
BSL,20101001,19.27,19.4,19.26,19.4,48500
BSX,20101001,6.15,6.2,6.03,6.07,12427100
BT,20101001,11.335,11.355,11.235,11.305,80700
BTA,20101001,11.68,11.7,11.61,11.69,21600
BTE,20101001,36.59,37.88,36.45,37.43,343500
BTO,20101001,15.02,15.06,14.87,15.02,165100
BTZ,20101001,13.15,13.23,13.1,13.15,124800
BUD,20101001,59.09,59.14,58.1,58.66,606700
BVN,20101001,45.41,46.71,45.25,46.53,906100
BW,20101001,28.94,29.23,28.4,28.83,77600
BWA,20101001,26.18,26.74,25.685,26.09,1492900
BWP,20101001,32.68,33.02,32.63,32.89,159500
BX,20101001,12.75,12.79,12.3,12.44,3450100
BXC,20101001,39.9,40,39.8,40,57900
BXP,20101001,83.9,83.99,82.71,83.64,1213400
BXS,20101001,14.33,14.44,14.07,14.16,581000
BYD,20101001,7.31,7.35,7.21,7.28,1126600
BYM,20101001,14.79,14.82,14.7,14.82,50100
BZH,20101001,20.9,21.15,20.4,20.95,2244900
C,20101001,39.8,41,39.4,40.9,77491080
C-J,20101001,26.45,26.6,26.4,26.52,3395100
C-P,20101001,24.09,24.09,23.76,23.95,59200
C-S,20101001,22.93,23.16,22.92,22.95,125800
CAB,20101001,19.24,19.65,18.84,19.17,432800
CACI,20101001,45.35,45.69,45.16,45.67,240700
CAE,20101001,10.38,10.5,10.33,10.36,31900
CAF,20101001,27.7,27.87,27.62,27.87,62300
CAG,20101001,22.06,22.17,21.92,22.13,4101800
CAH,20101001,33.28,33.31,32.7,32.85,1541800
CAJ,20101001,47.57,47.74,47.34,47.48,476800
CALX,20101001,14.36,14.45,13.26,13.9,256300
CAS,20101001,13.42,13.69,13.11,13.66,67400
CAT,20101001,78.29,78.88,77.53,78.22,8543600
CATO,20101001,26.93,27.17,26.55,26.76,108900
CB,20101001,56.71,56.99,55.86,56.37,3307200
CBB,20101001,13.5,13.5,12.9,13.05,840800
CBB-B,20101001,38.72,39.41,38.72,39.41,3300
CBD,20101001,34.935,35.535,34.805,35.525,517900
CBG,20101001,18.42,18.46,18.07,18.13,5634500
CBI,20101001,24.58,24.61,24.03,24.29,741500
CBK,20101001,6.72,6.95,6.5,6.67,1145800
CBL,20101001,13.21,13.25,12.98,13.15,2456500
CBL-D,20101001,23.84,23.85,23.78,23.85,7800
CBM,20101001,4.27,4.28,4.08,4.1,84600
CBR,20101001,3.06,3.15,3.06,3.11,254000
CBS,20101001,15.98,16.39,15.89,16.38,10470600
CBS.A,20101001,16.05,16.36,15.94,16.36,8600
CBT,20101001,32.92,33.4,32.19,32.64,283300
CBU,20101001,23.14,23.31,22.48,22.75,185100
CBZ,20101001,5.93,6.02,5.85,6,461300
CCC,20101001,14.6,14.88,14.41,14.87,677400
CCE,20101001,31.15,31.8,30.63,31.8,16959300
CCI,20101001,42.98,44.45,42.98,44.11,2670700
CCJ,20101001,27.96,28.27,27.82,28.02,1834500
CCK,20101001,28.87,29.12,28.81,28.99,1225100
CCL,20101001,38.52,38.81,38.01,38.39,3967500
CCM,20101001,7,7.15,6.81,7.1,184700
CCO,20101001,11.5,11.5,11.19,11.19,88200
CCS,20101001,26.04,26.06,25.95,26,61300
CCU,20101001,22.272,22.68,22.076,22.524,58100
CCZ,20101001,33.5,33.5,33.5,33.5,0
CDE,20101001,20.11,20.43,19.83,20.09,1713900
CDI,20101001,13.06,13.38,12.81,13.29,80600
CDR,20101001,6.15,6.18,6.09,6.13,229300
CE,20101001,32.39,32.67,32.03,32.25,1225600
CEA,20101001,30.77,30.77,30.25,30.36,13400
CEE,20101001,37.62,38,37.62,37.99,12000
CEL,20101001,30.51,30.69,30.4,30.62,159800
CEM,20101001,20.45,20.46,20.26,20.44,217000
CEO,20101001,195.86,196.96,194.87,196.39,167000
CF,20101001,19.154,19.41,18.71,18.93,4432000
CFC-B,20101001,24.6,24.72,24.59,24.63,169700
CFI,20101001,9.84,10.02,9.73,10.02,57000
CFR,20101001,54.13,54.6,53.53,53.8,348800
CFX,20101001,15.03,15.08,14.72,15.02,51200
CGA,20101001,8.9,9.02,8.82,9.01,237000
CGI,20101001,13.9,13.9,13.23,13.69,163200
CHA,20101001,55.16,55.16,54.73,54.96,43100
CHD,20101001,16.3175,16.3175,16.11,16.305,506800
CHE,20101001,57.45,57.67,56.12,56.5,120900
CHH,20101001,36.65,36.74,36.25,36.44,125300
CHK,20101001,22.92,23.1,22.65,22.8,13567800
CHK-D,20101001,86,86,85.9,86,2300
CHL,20101001,51.4,51.75,51.26,51.54,978600
CHN,20101001,33.16,33.3,32.95,32.98,104800
CHS,20101001,10.64,10.86,10.43,10.51,2724000
CHSP,20101001,16.5,16.98,16.37,16.52,38200
CHT,20101001,22.6,22.63,22.44,22.51,754800
CHU,20101001,14.69,14.81,14.55,14.72,1370500
CI,20101001,36.05,36.18,35.37,36.03,2715000
CIA,20101001,6.92,7,6.8,6.97,64100
CIB,20101001,66.41,66.87,65.35,65.81,504000
CIE,20101001,9.65,9.73,9.45,9.51,274800
CIF,20101001,2.95,2.98,2.94,2.98,50700
CIG,20101001,10.5856,10.7008,10.496,10.6624,1655000
CIG.C,20101001,12.16,12.17,11.88,11.88,900
CII,20101001,14.71,14.72,14.57,14.61,118700
CIM,20101001,3.96,3.97,3.95,3.96,8257900
CIR,20101001,32.02,32.25,31.36,31.69,45600
CIT,20101001,41,41.09,40.25,40.57,1386100
CKH,20101001,85.9,85.9,84.59,85.04,53600
CL,20101001,38.555,38.69,38.22,38.285,4528300
CLB,20101001,88.83,90.03,87.99,88.68,235200
CLC,20101001,38.9,38.9,38.39,38.79,181700
CLD,20101001,18.38,19,18.23,18.84,266200
CLDT,20101001,18.75,18.92,18.09,18.8,29400
CLF,20101001,65.28,66.97,64.65,66.58,5801800
CLGX,20101001,19.3,19.38,18.59,18.75,802900
CLH,20101001,34.06,34.22,33.565,34.06,214500
CLI,20101001,32.56,32.58,31.89,32.29,674200
CLNY,20101001,18.62,18.62,18.18,18.5,32400
CLR,20101001,23.415,23.78,23.265,23.72,645700
CLS,20101001,8.47,8.53,8.4,8.47,489000
CLW,20101001,38.35,39.065,38.125,39.03,102400
CLX,20101001,66.8,67.1,66.54,67,936500
CM,20101001,72.7,73.2,72.05,73.03,426300
CMA,20101001,37.66,37.94,36.76,37.16,2663000
CMA.W,20101001,12.97,13.34,12.67,12.8,22900
CMC,20101001,14.75,14.96,14.71,14.8,923900
CMG,20101001,173.8,175,172.26,174.5,689800
CMI,20101001,91.37,91.7,89.66,91.31,2543400
CMO,20101001,10.87,10.92,10.85,10.88,490300
CMP,20101001,77.33,77.4,75.67,76.13,181900
CMS,20101001,18.19,18.28,18.04,18.22,2518400
CMS-B,20101001,84,84,84,84,100
CMU,20101001,4.77,4.84,4.76,4.83,40300
CNA,20101001,28.23,28.37,27.57,27.81,171200
CNC,20101001,11.895,11.945,11.52,11.685,434200
CNI,20101001,32.225,32.24,31.815,32.07,1127200
CNK,20101001,16.28,16.5,15.95,16.42,423200
CNO,20101001,5.58,5.58,5.36,5.4,2683700
CNP,20101001,15.84,16.01,15.73,15.9,3715400
CNQ,20101001,34.95,36.16,34.95,36.15,5419400
CNS,20101001,21.87,22.5,21.67,22.22,241300
CNX,20101001,37.47,38.42,37.39,38.31,5043200
CO,20101001,5.2,5.43,5.01,5.09,47800
COF,20101001,39.93,40.03,38.72,39.3,4673600
COF.W,20101001,14.38,14.38,13.81,13.97,3400
COG,20101001,7.625,7.7425,7.6,7.64,1691300
COH,20101001,43.5,43.51,42.81,43.12,3344500
COL,20101001,58.54,58.82,58.05,58.51,976100
COO,20101001,46.58,46.99,46.24,46.91,423200
COP,20101001,57.97,58.09,57.34,57.86,12094300
COR,20101001,16.35,16.56,16.11,16.28,270000
COT,20101001,7.86,7.94,7.77,7.91,532800
CP,20101001,61.42,61.67,60.39,61.13,676400
CPA,20101001,54.42,54.95,53.84,54.01,325600
CPB,20101001,35.91,36.1,35.72,36.09,2766500
CPE,20101001,5.09,5.09,4.75,4.78,687100
CPF,20101001,28,28.6,27.6,28.2,133100
CPK,20101001,24.2333,24.42,24.0733,24.3667,16200
CPL,20101001,23.62,23.9933,23.55,23.8633,172600
CPN,20101001,12.56,12.85,12.52,12.75,2447200
CPT,20101001,48.28,48.33,47.26,48.18,1392900
CR,20101001,38.14,38.66,38.06,38.57,344500
CRD.A,20101001,2.05,2.05,1.99,2.03,28600
CRD.B,20101001,2.46,2.46,2.38,2.41,21100
CRH,20101001,16.84,16.91,16.57,16.73,126300
CRI,20101001,26.7,27.04,26.14,26.44,1083400
CRK,20101001,113.75,114.55,112,113.5,491900
CRL,20101001,33.25,33.59,32.83,33.48,1294400
CRM,20101001,28.2725,28.2875,27.63,28,2569200
CRR,20101001,81.82,81.82,78.1,78.35,516300
CRS,20101001,34.27,34.7,33.85,34.3,333200
CRT,20101001,36,36,35.25,35.74,24900
CRY,20101001,6.2,6.25,5.91,6.11,254900
CS,20101001,42.84,43.3,42.56,43.24,1772300
CSC,20101001,46.36,46.81,45.65,45.73,1676500
CSL,20101001,30.22,30.56,29.83,30.38,330700
CSS,20101001,17.42,17.42,16.93,17.32,9700
CSU,20101001,5.35,5.54,5.15,5.53,23800
CSV,20101001,5.07,5.1,5.02,5.04,11500
CTB,20101001,19.94,20.07,19.72,19.79,472900
CTL,20101001,39.62,39.89,39.39,39.77,2350100
CTS,20101001,9.77,9.9,9.59,9.85,132900
CTV,20101001,24.01,24.06,23.17,23.49,1197100
CUB,20101001,41.18,41.29,40.83,41.27,79400
CUK,20101001,39.98,40.17,39.55,39.88,111700
CUZ,20101001,7.21,7.22,7.06,7.14,577700
CVA,20101001,15.83,16,15.68,15.81,681900
CVB,20101001,10.35,10.43,10.35,10.42,1100
CVE,20101001,28.97,29.99,28.89,29.68,919100
CVG,20101001,10.58,10.75,10.58,10.71,822800
CVI,20101001,8.21,8.3,8.07,8.19,264200
CVO,20101001,40.56,40.96,38.8,39.36,440000
CVS,20101001,31.67,32.02,31.53,31.78,8487400
CVX,20101001,81.89,82.36,81.48,81.95,9576000
CW,20101001,30.61,30.61,30.06,30.27,115000
CWH,20101001,25.75,25.87,25.5,25.86,653400
CWT,20101001,18.625,18.625,18.39,18.565,101400
CX,20101001,8.56,8.67,8.51,8.62,6978900
CXE,20101001,5.2,5.23,5.18,5.23,70600
CXH,20101001,10.05,10.05,9.83,9.97,24400
CXO,20101001,66.68,67.8,66.5,67.49,741500
CXW,20101001,24.76,24.95,24.15,24.87,754700
CYD,20101001,19.15,19.39,19,19.21,136900
CYH,20101001,31.2,31.32,30.3,30.59,1341200
CYS,20101001,13.43,13.47,13.25,13.47,692700
CZZ,20101001,11.72,11.87,11.64,11.68,678800
D,20101001,43.94,44.14,43.56,44.03,2704300
DAC,20101001,4.43,4.5,4.42,4.49,35900
DAL,20101001,11.75,12.01,11.71,12.01,9096000
DAN,20101001,12.5,12.54,12.2,12.52,3445200
DAR,20101001,8.62,8.66,8.38,8.52,410300
DB,20101001,55.11,55.39,54.5,55.12,1918500
DBD,20101001,31.42,31.52,30.81,31.05,236500
DCA,20101001,3.05,3.07,2.99,3.04,106000
DCI,20101001,23.715,23.8,23.42,23.605,241600
DCM,20101001,16.8,16.86,16.75,16.86,74200
DCO,20101001,21.95,22.08,21.58,22.04,38100
DCT,20101001,19.32,19.32,18.88,19.2,2661200
DD,20101001,44.95,45.25,44.46,44.85,6042400
DD-A,20101001,72.75,72.75,72.26,72.7,4400
DD-B,20101001,92.25,92.25,91.75,92.17,1500
DDD,20101001,5.2967,5.3133,5.1933,5.31,23500
DDE,20101001,3.37,3.47,3.36,3.44,60200
DDF,20101001,7.53,7.56,7.46,7.54,51500
DDR,20101001,11.29,11.42,11.15,11.41,2724900
DDS,20101001,23.85,24.26,23.81,23.99,592900
DDT,20101001,23.8,23.99,23.55,23.85,10000
DE,20101001,69.15,69.65,68.42,68.57,8342500
DECK,20101001,50.74,50.85,49.29,49.91,721000
DEI,20101001,17.71,17.77,17.47,17.69,1002000
DEL,20101001,45.5,45.5,44.22,44.76,21100
DEO,20101001,70.17,70.44,69.67,70.09,504400
DEX,20101001,12.75,12.84,12.7,12.78,60300
DF,20101001,20.54,20.66,20.2,20.6,2745700
DFP,20101001,23.35,23.48,23.35,23.4,6800
DFS,20101001,16.9,16.9,16.39,16.58,3803500
DFT,20101001,25.25,25.31,24.92,25,666900
DG,20101001,29.29,29.41,28.8,29.15,997200
DGI,20101001,30.64,30.74,30.19,30.61,362800
DGX,20101001,50.58,50.96,49.93,50.13,1181000
DHF,20101001,4.48,4.51,4.47,4.51,320600
DHG,20101001,13.51,13.54,13.43,13.47,43600
DHI,20101001,11.27,11.34,11.04,11.08,3684100
DHR,20101001,40.95,41.04,40.04,40.4,4866300
DHT,20101001,49.8,49.8,48.96,49.56,169600
DHX,20101001,8.57,8.71,8.44,8.56,163900
DIN,20101001,45.23,45.51,44.47,44.96,261900
DIS,20101001,33.3,33.58,33.12,33.34,12916200
DK,20101001,7.22,7.23,7.06,7.21,21300
DKL,20101001,25.42,25.46,25.42,25.46,5000
DKS,20101001,28.23,28.41,27.92,28.35,913500
DKT,20101001,26.71,26.82,26.62,26.68,224600
DL,20101001,5.01,5.01,4.95,4.95,2400
DLB,20101001,57.53,57.81,56.82,57.48,702300
DLR,20101001,62.2,62.2,60.49,60.94,1851700
DLX,20101001,19.41,19.57,19.06,19.37,204800
DM,20101001,11.47,11.47,10.94,11.15,132500
DMO,20101001,21.29,21.7,21.25,21.5,19800
DNB,20101001,74.72,74.8,74.24,74.65,347600
DNP,20101001,9.84,9.84,9.76,9.8,147300
DNR,20101001,16.18,16.54,16.02,16.41,3322000
DO,20101001,68.91,69.32,66.21,66.66,2930700
DOV,20101001,52.74,52.85,52,52.52,1652500
DOW,20101001,27.7,27.88,27.38,27.88,7392700
DPM,20101001,33.57,33.94,33.35,33.81,70000
DPS,20101001,35.56,36.03,34.83,35.11,3338700
DPZ,20101001,13.27,13.33,13.06,13.15,631000
DRE,20101001,11.74,11.76,11.5,11.75,1822400
DRH,20101001,9.56,9.56,9.24,9.54,1745600
DRI,20101001,43.17,43.34,42.5,42.99,1854600
DRQ,20101001,62.69,63.93,61.71,63.59,315500
DSM,20101001,8.68,8.78,8.68,8.76,70700
DST,20101001,45,45.03,44.63,44.91,217200
DSU,20101001,11.94,12.03,11.91,12,237400
DSW,20101001,14.495,15.105,14.455,14.985,348400
DSX,20101001,12.76,12.9,12.61,12.68,407300
DTE,20101001,46.22,46.68,45.92,46.48,1810600
DTF,20101001,16.59,16.62,16.21,16.38,22400
DTK,20101001,26.56,26.68,26.52,26.59,275800
DUC,20101001,12.79,12.81,12.76,12.77,30300
DUK,20101001,53.55,53.76,53.19,53.49,7059500
DV,20101001,49.43,51.07,48.75,49.43,1154300
DVA,20101001,34.58,34.985,34.3,34.435,1283100
DVD,20101001,1.84,2.01,1.8,1.96,56200
DVN,20101001,65.32,65.68,64.82,65.25,2405500
DW,20101001,21.14,21.16,20.48,20.97,70900
DX,20101001,10.75,10.75,10.58,10.61,133300
DXB,20101001,24.57,24.73,24.54,24.61,174600
DY,20101001,10.09,10.19,9.87,10.11,244700
DYN,20101001,4.89,4.89,4.67,4.7,3707500
E,20101001,44.12,44.23,43.74,44.02,699200
EAT,20101001,18.89,19.06,18.76,19.06,1961500
EBF,20101001,18.02,18.5,17.89,18.44,74500
EBR,20101001,12.99,13.1,12.87,13.03,913100
EBR.B,20101001,15.11,15.32,15.03,15.31,308500
EBS,20101001,17.83,17.83,17.1,17.73,101700
EC,20101001,42.02,42.02,41.12,42.01,359900
ECA,20101001,30.41,30.8,30,30.26,5734900
ECL,20101001,50.96,51.45,50.91,51.32,1344900
ECT,20101001,20.21,20.49,20.03,20.29,87900
ED,20101001,48.4,48.44,47.95,48.33,2043700
EDD,20101001,17.09,17.3,16.84,17.21,304700
EDE,20101001,20.18,20.3,20.06,20.25,202800
EDN,20101001,7.84,8,7.79,7.87,40400
EDR,20101001,21.75,21.75,21.27,21.69,319400
EDU,20101001,24.4275,24.6575,24.245,24.635,374300
EE,20101001,23.95,24.04,23.78,24.01,174000
EEA,20101001,6.96,7.11,6.96,7.03,27800
EEP,20101001,28.055,28.475,28.025,28.45,180800
EEQ,20101001,27.6,27.895,27.52,27.865,27800
EFR,20101001,15.7,15.73,15.62,15.62,51500
EFT,20101001,15.73,15.75,15.61,15.62,103000
EFX,20101001,31.44,31.52,30.94,31.11,697400
EGF,20101001,16.68,16.71,16.64,16.71,47600
EGN,20101001,46,46.55,45.8,46.55,320500
EGO,20101001,18.7,18.81,18.31,18.45,4721000
EGP,20101001,37.78,37.78,37.02,37.5,106400
EGY,20101001,5.79,5.8,5.67,5.7,181400
EHI,20101001,12.77,12.81,12.7,12.75,126400
EIG,20101001,15.92,15.92,15.55,15.7,123200
EIX,20101001,34.63,34.76,34.38,34.63,1642300
EL,20101001,32.005,32.025,31.315,31.645,1203700
ELP,20101001,22.4,22.56,22.27,22.38,410700
ELS,20101001,27.465,27.47,26.94,27.395,173700
ELY,20101001,6.97,7.17,6.87,7.15,496600
EMD,20101001,13.71,13.78,13.7,13.78,106300
EME,20101001,24.77,24.85,24.32,24.61,379900
EMF,20101001,22.13,22.35,22.09,22.34,87200
EMN,20101001,37.38,37.45,36.975,37.285,781500
EMR,20101001,53.04,53.67,52.94,53.67,5212400
ENB,20101001,26.24,26.61,26.15,26.46,328100
ENH,20101001,40,40.15,39.12,39.38,382300
ENR,20101001,67.72,68.66,67.25,68.25,866200
ENS,20101001,25.21,25.3,24.71,25.08,156100
ENV,20101001,10.67,11.23,10.39,11.23,108200
ENZ,20101001,3.8,3.89,3.79,3.89,72400
EOD,20101001,9.97,10.06,9.93,10.04,128200
EOG,20101001,47.055,48.295,46.99,48.085,3013800
EOI,20101001,13.05,13.06,12.95,12.96,107800
EOS,20101001,13,13.03,12.91,12.95,143100
EOT,20101001,21.63,21.63,21.46,21.61,26600
EP-C,20101001,38.5,38.5,38.23,38.25,4100
EPD,20101001,19.845,20.075,19.845,20.025,1070500
EPE,20101001,58.82,59.32,58.75,59.17,135400
EPR,20101001,43.44,43.44,42.82,43.35,312200
EPR-C,20101001,18.9,18.9,18.9,18.9,38200
EPR-E,20101001,27.75,27.75,27.47,27.57,1500
EQR,20101001,47.78,47.98,47.23,47.82,2905300
EQS,20101001,2.38,2.38,2.35,2.38,4700
EQT,20101001,36.49,36.62,36.14,36.41,1268200
EQY,20101001,17.05,17.13,16.75,17.03,513600
ERF,20101001,25.93,26.34,25.85,26.24,1089800
ERJ,20101001,28.55,28.67,28.05,28.39,717300
ES,20101001,5.06,5.13,4.91,4.97,1495700
ESD,20101001,19.17,19.18,19.07,19.17,228400
ESE,20101001,33.72,33.72,32.5,32.94,72300
ESL,20101001,57.95,57.95,56.71,57.51,159400
ESS,20101001,110.63,110.63,107.6,109.08,267100
ESV,20101001,45.07,45.57,44.6,44.84,1904700
ETB,20101001,15.39,15.4,15.27,15.32,62300
ETE,20101001,18.56,18.74,18.455,18.66,297100
ETG,20101001,14.09,14.14,14.03,14.14,167700
ETH,20101001,17.72,17.72,17.08,17.48,151600
ETJ,20101001,13.92,14.09,13.92,14.09,340000
ETM,20101001,8.01,8.12,7.81,8.07,77900
ETN,20101001,42.205,42.29,41.125,41.265,2114100
ETO,20101001,19.72,19.87,19.67,19.87,30900
ETP,20101001,48.5,48.55,48.05,48.52,460900
ETR,20101001,76.7,77.41,76.51,77.17,1245500
ETV,20101001,13.65,13.7,13.56,13.64,83600
ETW,20101001,12.94,12.94,12.73,12.81,228100
ETY,20101001,11.76,11.76,11.68,11.74,274000
EV,20101001,29.39,29.62,28.76,28.98,717500
EVC,20101001,2.01,2.01,1.95,2.01,33500
EVF,20101001,6.89,7.01,6.89,6.99,97600
EVG,20101001,17.44,17.49,17.33,17.42,108600
EVN,20101001,12.93,13.06,12.92,13,75900
EVR,20101001,28.78,28.89,27.76,28.15,221700
EVT,20101001,15.82,15.94,15.79,15.91,218800
EW,20101001,33.71,34.125,33.105,33.555,997300
EXC,20101001,42.9,43.07,42.55,43.03,3870300
EXD,20101001,19.91,19.93,19.5,19.59,22400
EXG,20101001,11,11.02,10.94,11,667600
EXP,20101001,23.69,23.91,23.31,23.61,181400
EXPR,20101001,15.34,15.5,15.03,15.48,326000
EXR,20101001,16.16,16.3,15.97,16.17,681200
F,20101001,12.35,12.41,12.12,12.26,54564900
FAC,20101001,1.69,1.69,1.66,1.68,64600
FAF,20101001,15.11,15.13,13.96,14.48,798000
FAM,20101001,18.1,18.13,17.89,18.02,180200
FBC,20101001,18.5,19,18.3,19,367800
FBP,20101001,4.2,4.35,4.2,4.2,2747000
FBR,20101001,17.58,17.71,17.24,17.53,1476900
FC,20101001,8,8,7.85,7.95,26400
FCE.A,20101001,12.92,12.93,12.43,12.91,1589100
FCE.B,20101001,12.5,12.73,12.5,12.73,200
FCF,20101001,5.52,5.55,5.39,5.53,448300
FCH,20101001,4.63,4.66,4.57,4.58,736300
FCH-A,20101001,21.5,21.65,21.5,21.51,3300
FCN,20101001,34.89,35.16,34.61,34.85,357000
FCT,20101001,13.12,13.21,13.07,13.21,154900
FCX,20101001,43.475,44.645,43.185,44.565,15633600
FDP,20101001,21.89,21.93,21.49,21.84,335000
FDS,20101001,81.78,82.24,81.02,81.98,492200
FDX,20101001,86.41,87.42,85.23,85.64,3260700
FE,20101001,38.86,38.97,38.46,38.89,3183200
FEO,20101001,21.84,22.14,21.77,22.07,27900
FFA,20101001,11.81,11.92,11.77,11.92,72800
FFC,20101001,16.89,16.99,16.78,16.96,150500
FFG,20101001,26.35,26.46,25.74,26.13,44600
FGB,20101001,7.14,7.2,7.1,7.15,22300
FGP,20101001,25.4,25.57,25.16,25.4,61600
FHN,20101001,11.57,11.64,11.11,11.51,4034000
FHY,20101001,14.1,14.1,13.98,14.01,16100
FICO,20101001,24.95,24.99,24.55,24.78,1096600
FIG,20101001,3.61,3.64,3.54,3.59,730700
FII,20101001,22.92,23.12,22.76,23.06,659600
FIS,20101001,27.2,27.38,26.92,26.99,1732600
FIX,20101001,10.84,10.86,10.68,10.8,149400
FL,20101001,14.69,14.88,14.56,14.81,2750300
FLC,20101001,17.96,17.99,17.79,17.86,27700
FLO,20101001,11.0445,11.16,11.0089,11.0622,420200
FLR,20101001,50,50.84,50,50.35,1957500
FLS,20101001,36.8733,37.1133,36.33,36.8567,661500
FLY,20101001,13.23,13.27,12.99,13.11,35500
FMC,20101001,34.02,34.135,33.42,33.915,1230400
FMN,20101001,15.52,15.56,15.5,15.51,8900
FMO,20101001,19.36,19.39,19.27,19.39,134900
FMS,20101001,31.405,31.6,31.32,31.45,126200
FMX,20101001,51.08,51.41,50.39,51.07,524900
FMY,20101001,21.75,21.75,21.56,21.61,49600
FN,20101001,15.95,16.64,15.52,16.41,151000
FNB,20101001,8.62,8.66,8.52,8.57,506400
FNF,20101001,15.89,15.92,14.57,15.04,6306000
FOE,20101001,13.12,13.19,12.78,12.98,506100
FOF,20101001,12.82,12.9,12.73,12.83,101900
FOR,20101001,17.17,17.37,16.77,16.98,154400
FPO,20101001,15.16,15.19,14.91,15,218100
FPT,20101001,14.28,14.33,14.21,14.33,17500
FR,20101001,5.1,5.16,5.02,5.11,853600
FRA,20101001,15.62,15.67,15.44,15.67,123900
FRO,20101001,140.9,142.5,140.25,140.5,696500
FRT,20101001,82.51,82.51,81,81.9,645700
FSD,20101001,20.12,20.2,20.09,20.15,50200
FSS,20101001,5.42,5.42,5.26,5.35,275500
FT,20101001,6.6,6.6,6.48,6.52,25600
FTI,20101001,34.53,34.885,34.125,34.7,1124800
FTK,20101001,1.41,1.43,1.4,1.42,106300
FUL,20101001,20.18,20.24,19.91,20.2,316300
FUN,20101001,13.19,13.58,12.93,13.55,157100
G,20101001,17.79,17.99,17.69,17.81,710200
GAB,20101001,5.06,5.08,5.02,5.07,199300
GAB-D,20101001,25.46,25.46,25.46,25.46,100
GAM,20101001,24.45,24.53,24.3,24.44,25500
GAM-B,20101001,25.47,25.48,25.42,25.48,2300
GBL,20101001,38.76,38.87,38.28,38.76,3600
GBX,20101001,16.04,16.24,15.85,16.03,318300
GCH,20101001,12.8,12.82,12.75,12.8,212900
GCI,20101001,12.42,12.59,12.3,12.59,4826300
GCO,20101001,30.2,30.45,29.62,30.43,178600
GCV,20101001,5.84,5.91,5.84,5.89,12500
GCV-B,20101001,25.35,25.35,25.35,25.35,0
GD,20101001,63.33,63.43,62.38,62.46,1757100
GDL,20101001,13.95,14.02,13.87,13.98,28600
GDO,20101001,18.93,19.04,18.93,19.04,44900
GDOT,20101001,48.73,50,48.3,48.85,101400
GDV,20101001,13.96,13.99,13.91,13.99,165600
GDV-A,20101001,25.3,25.31,25.21,25.21,1500
GDV-D,20101001,26.01,26.01,26.01,26.01,700
GE,20101001,16.4,16.53,16.26,16.36,48433300
GEF,20101001,59.45,59.78,58.84,59.59,109200
GEF.B,20101001,57.5,57.99,57.25,57.25,1600
GEL,20101001,23.37,23.71,23.08,23.71,98600
GEO,20101001,23.53,23.68,23.13,23.67,313700
GER,20101001,25.76,25.88,25.67,25.84,57200
GES,20101001,41.08,41.24,40.07,40.29,1324100
GF,20101001,14.7,15.05,14.53,14.65,46800
GFA,20101001,15.85,16.44,15.82,16.34,3976500
GFF,20101001,12.35,12.45,12.12,12.25,112400
GFI,20101001,15.31,15.5,15.19,15.27,3139700
GFY,20101001,15.89,16,15.89,15.99,8000
GG,20101001,43.87,44.3,43.38,43.72,6014200
GGB,20101001,13.73,13.78,13.45,13.67,4099600
GGG,20101001,31.89,32.18,31.78,31.81,457000
GGP,20101001,15.69,15.73,15.26,15.58,1491200
GGT,20101001,7.6,7.66,7.52,7.63,16200
GGT-B,20101001,25.3,25.3,25.3,25.3,200
GHL,20101001,79.59,80.19,78.81,79.4,173200
GIB,20101001,15.03,15.36,15.03,15.21,190400
GIL,20101001,14.12,14.275,13.905,14.02,322800
GIM,20101001,10.8,10.86,10.66,10.78,412000
GIS,20101001,36.86,36.96,36.52,36.95,3589600
GJH,20101001,9.07,9.08,9.03,9.08,1600
GJO,20101001,18.45,18.66,18.45,18.6,1400
GJP,20101001,22.59,22.59,22.17,22.58,9400
GJR,20101001,19.89,20.05,19.87,19.87,1800
GJS,20101001,15.85,15.85,15.75,15.75,2200
GJT,20101001,17.63,17.63,17.63,17.63,0
GJV,20101001,25.09,25.68,25.03,25.45,13000
GLF,20101001,31,31,30.25,30.81,79200
GLP,20101001,25.09,25.28,24.92,25,24200
GLT,20101001,12.2,12.27,12.03,12.16,105900
GLW,20101001,18.37,18.5,18.03,18.23,9333400
GME,20101001,19.95,20.05,19.51,20,2946000
GNK,20101001,161.5,161.8,157.6,159.6,926100
GNRC,20101001,13.78,14.04,13.53,14.03,106900
GNW,20101001,12.44,12.44,12.11,12.28,3615800
GOF,20101001,20.03,20.09,19.88,20.01,82600
GOL,20101001,158.5,164.2,156.7,163.1,784400
GPC,20101001,44.93,44.93,44.25,44.55,693400
GPE-A,20101001,26.5,26.6,26.5,26.6,1900
GPI,20101001,30.34,30.55,29.61,29.79,338600
GPK,20101001,3.38,3.4,3.26,3.4,259600
GPM,20101001,8.93,8.95,8.92,8.94,159000
GPN,20101001,21.625,21.76,20.785,21.035,970600
GPS,20101001,18.64,18.82,18.38,18.51,6759600
GPX,20101001,9.21,9.24,8.77,8.82,49500
GRA,20101001,28.3,28.47,27.88,28.25,347500
GRR,20101001,21.17,21.17,21.09,21.17,4600
GRX,20101001,6.4,6.45,6.4,6.45,22600
GRX-A,20101001,25.35,25.45,25.35,25.45,1400
GS,20101001,145.2,148.5,144.82,147.7,7439700
GS-A,20101001,21.26,21.36,21.21,21.21,38600
GS-B,20101001,25.19,25.24,25.13,25.17,65800
GS-C,20101001,22.16,22.22,22.16,22.16,13300
GS-D,20101001,21.44,21.52,21.41,21.41,78900
GSH,20101001,18.65,18.73,18.55,18.71,28400
GSK,20101001,39.98,40.02,39.64,39.79,2009000
GSL,20101001,2.65,2.65,2.58,2.65,37500
GTN,20101001,2.02,2.04,1.94,2.01,120600
GTN.A,20101001,1.9,1.9,1.9,1.9,0
GTS,20101001,17.01,17.01,16.62,16.85,101800
GTY,20101001,27,27,26.33,26.76,130600
GUT,20101001,6.35,6.39,6.3,6.33,49700
GUT-A,20101001,25.75,25.75,25.57,25.57,600
GVA,20101001,22.94,23.29,22.68,22.97,408700
GWR,20101001,43.8,43.8,42.22,42.9,253500
GWW,20101001,120,120,118.79,119.13,425100
GXP,20101001,18.95,19.08,18.9,18.97,846300
GYB,20101001,19.2,19.26,19.16,19.21,3900
GYC,20101001,21.89,21.89,21.8,21.8,2000
H,20101001,37.77,38,36.84,37.08,530700
HAE,20101001,29.5,29.505,29.025,29.285,349900
HAL,20101001,33.48,33.63,33.04,33.33,10306100
HAR,20101001,33.85,34.1,32.95,33.12,458300
HBI,20101001,6.5275,6.5475,6.435,6.505,556400
HCN,20101001,47.6,47.72,46.74,47.38,1155200
HCP,20101001,36.31,36.34,35.33,35.85,2717200
HD,20101001,31.81,32.04,31.65,31.82,8654500
HDB,20101001,37.354,37.8,37.274,37.532,282600
HE,20101001,22.59,22.78,22.5,22.73,316800
HE-U,20101001,25.08,25.21,25.05,25.05,23200
HEI,20101001,23.6442,23.7414,23.3062,23.6493,56600
HEI.A,20101001,22.0352,22.2208,21.728,22.0544,17000
HEP,20101001,25.65,26.175,25.605,26.02,57000
HES,20101001,60,61.12,59.99,60.92,4574200
HF,20101001,9.4,9.4,8.98,9.01,209100
HFC,20101001,14.525,14.62,14.38,14.45,326500
HGG,20101001,25.08,25.19,24.42,25,325200
HGT,20101001,20.15,20.15,19.9,19.97,90900
HHS,20101001,11.72,11.74,11.21,11.4,235800
HI,20101001,21.6,21.71,21.5,21.71,319100
HIG,20101001,23.16,23.46,22.9,23.42,7804500
HIG.W,20101001,14.45,14.9,14.44,14.85,372700
HIL,20101001,4.52,4.52,4.36,4.44,61900
HIO,20101001,6.27,6.3,6.26,6.28,110200
HIW,20101001,32.78,32.79,31.72,32.1,1058900
HIX,20101001,9.79,9.83,9.71,9.79,252700
HJV,20101001,23.62,23.92,23.61,23.92,700
HK,20101001,16.3,16.6,16.25,16.47,6511500
HL,20101001,6.39,6.45,6.35,6.38,6608000
HL-B,20101001,53.8,53.8,53.8,53.8,100
HLF,20101001,30.24,30.73,30.145,30.42,505200
HLS,20101001,19.38,19.44,19.03,19.09,526100
HLX,20101001,11.3,11.49,11.07,11.46,1869600
HMC,20101001,35.95,36.32,35.8,35.99,696400
HMN,20101001,17.98,17.98,17.31,17.43,166000
HMY,20101001,11.21,11.45,11.21,11.32,1913000
HNI,20101001,29.19,29.24,28.43,29.02,129200
HNP,20101001,24.97,24.98,24.79,24.92,43200
HNR,20101001,42,42.68,41.4,41.76,610000
HOG,20101001,28.71,28.98,28.27,28.57,1597900
HON,20101001,44.22,44.71,44.02,44.15,4857200
HOS,20101001,19.76,19.87,19.17,19.29,577100
HOV,20101001,3.98,3.98,3.85,3.89,1182500
HP,20101001,40.88,41.04,40.19,40.26,1644100
HPF,20101001,20.1,20.14,20,20,42700
HPI,20101001,20.28,20.38,20.24,20.24,119000
HPP,20101001,16.43,16.45,16.23,16.43,244800
HPQ,20101001,18.7318,18.7682,18.2955,18.5318,62986300
HPS,20101001,17.54,17.69,17.52,17.61,164600
HQH,20101001,12.15,12.19,12.05,12.13,47400
HQL,20101001,9.69,9.69,9.57,9.59,68300
HR,20101001,23.55,23.58,23.1,23.46,422100
HRB,20101001,13.06,13.09,12.33,12.59,7706300
HRC,20101001,36.33,36.49,35.96,36.42,546100
HRG,20101001,5.59,5.68,5.53,5.68,14300
HRL,20101001,11.165,11.2125,11.0625,11.165,347000
HRS,20101001,44.78,44.87,44.18,44.7,1181900
HSC,20101001,24.85,25.04,24.29,24.5,367100
HST,20101001,14.66,14.71,14.24,14.65,9108900
HSY,20101001,47.86,47.98,47.39,47.79,835300
HT,20101001,5.2,5.29,5.12,5.2,1219600
HTD,20101001,15.3,15.51,15.3,15.48,154900
HTH,20101001,9.66,9.66,9.5,9.64,140300
HTY,20101001,13.03,13.03,12.91,12.99,13200
HTZ,20101001,42.48,42.48,39.8,40.04,19066700
HUM,20101001,50.59,50.75,49.79,50.13,1918700
HUN,20101001,11.69,11.74,11.45,11.67,3074600
HVT,20101001,11.05,11.05,10.62,10.99,38500
HVT.A,20101001,10.9,10.9,10.9,10.9,100
HW,20101001,3.62,3.74,3.54,3.65,767800
HXL,20101001,18.07,18.17,17.7,17.98,822700
HYB,20101001,10.16,10.25,10.16,10.25,104300
HYH,20101001,24.2,24.4,24.2,24.4,3400
HYT,20101001,11.55,11.6,11.5,11.54,105000
HZO,20101001,7.14,7.32,6.94,7.27,81700
IAE,20101001,18.69,18.74,18.53,18.62,55000
IAG,20101001,17.85,17.98,17.6,17.67,3776900
IBA,20101001,18.95,20.29,18.83,20.16,12900
IBM,20101001,135.51,136.28,135.09,135.64,5621100
IBN,20101001,10.12,10.276,10.102,10.176,2927100
ICB,20101001,17.75,18.17,17.57,17.76,20700
ICE,20101001,21.126,21.44,21.016,21.31,735900
IDA,20101001,36.44,36.97,36.28,36.66,522100
IDE,20101001,18.64,19.01,18.44,18.6,89600
IDT,20101001,18,18.19,17.3,17.75,156800
IEX,20101001,35.75,36.07,35.38,35.89,388400
IFF,20101001,49.26,49.26,48.58,48.79,486900
IFN,20101001,36.96,37.19,36.85,36.89,320600
IGA,20101001,13.58,13.65,13.51,13.65,57700
IGD,20101001,11.57,11.57,11.49,11.56,261100
IGI,20101001,22,22.09,21.9,22.06,95500
IGR,20101001,7.59,7.62,7.57,7.62,277900
IGT,20101001,14.56,14.66,14.27,14.31,4046700
IHC,20101001,7.04,7.04,7.04,7.04,0
IHG,20101001,21.672,21.744,21.456,21.564,79200
IID,20101001,11.47,11.59,11.46,11.57,15600
IIF,20101001,27.75,28.02,27.73,27.85,110100
IIM,20101001,15.35,15.41,15.32,15.41,57700
IL,20101001,16.97,17.42,16.85,17.21,401700
IMAX,20101001,17.18,18.25,17.08,18.02,2346500
IMN,20101001,9.44,9.45,9.27,9.39,87700
INB,20101001,11.47,11.57,11.34,11.49,53500
ING,20101001,10.53,10.55,10.34,10.53,3245100
INT,20101001,26.17,26.83,26.08,26.72,913100
INZ,20101001,24.24,24.25,24.1,24.2,83200
IO,20101001,78.15,78.75,76.5,78.45,2252900
IOC,20101001,69.1,69.72,66.21,66.72,647800
IP,20101001,22.06,22.52,21.96,22.36,6698900
IPG,20101001,10.18,10.19,9.97,10.15,4234800
IPI,20101001,26.44,26.77,26.21,26.45,766900
IQI,20101001,13.85,13.95,13.85,13.93,37800
IR,20101001,36.14,36.19,35.7,35.91,1849300
IRL,20101001,6.6,6.6,6.37,6.4,50500
IRM,20101001,22.47,22.5,21.85,22.32,5069900
IRR,20101001,15.29,15.32,15.14,15.27,64600
IRS,20101001,14.78,14.78,14.16,14.38,48900
ISF,20101001,22.77,22.86,22.59,22.66,261200
ISG,20101001,22.74,22.74,22.53,22.54,165000
ISP,20101001,22.89,22.92,22.72,22.75,158000
IT,20101001,29.55,30.04,29.54,30.04,883300
ITG,20101001,14.29,14.38,14.19,14.29,308800
ITT,20101001,23.68,23.68,23.27,23.51,1320500
ITUB,20101001,24.27,24.64,24.24,24.58,9511800
ITW,20101001,47.23,47.76,47.08,47.26,4603800
IVC,20101001,26.77,26.84,26.45,26.78,141400
IVR,20101001,21.7,21.7,21.14,21.3,465000
IVZ,20101001,21.49,21.56,21.06,21.37,4435500
IX,20101001,38.14,38.14,37.91,38.13,6300
JBK,20101001,21.46,21.48,21,21.01,10500
JBL,20101001,14.63,14.66,14.25,14.3,5007500
JBN,20101001,23.8,23.8,23.57,23.57,2400
JBR,20101001,23.65,23.78,23.61,23.78,2100
JBT,20101001,16.31,16.33,15.97,16.18,78100
JCE,20101001,12.73,12.89,12.73,12.89,89700
JCI,20101001,30.91,30.91,30.21,30.54,3696300
JCP,20101001,27.31,27.62,27.19,27.44,10039300
JDD,20101001,11.09,11.12,11.01,11.07,59000
JEC,20101001,39.04,39.63,38.97,39.01,1502700
JEQ,20101001,5.49,5.49,5.39,5.44,32300
JFC,20101001,14.83,14.86,14.73,14.75,11400
JFR,20101001,11.24,11.24,11.12,11.14,106400
JHI,20101001,22.28,22.62,21.63,22.04,25200
JHS,20101001,15.07,15.16,15,15.13,25400
JHX,20101001,27.03,27.03,26.73,26.82,4300
JKS,20101001,32.5,32.72,30.88,31.89,397400
JLL,20101001,87.18,87.37,85.66,86.06,434500
JLS,20101001,24.75,24.97,24.66,24.95,39900
JMP,20101001,6.18,6.24,6.08,6.13,16800
JMT,20101001,24.21,24.34,24.2,24.34,6700
JNJ,20101001,62.09,62.25,61.57,61.75,9773100
JNPR,20101001,30.6,30.73,30.11,30.3,5478400
JNS,20101001,11.12,11.22,10.93,11.1,2257900
JOE,20101001,25.19,25.31,24.91,25.3,607200
JOF,20101001,8.14,8.18,8.05,8.18,46500
JOY,20101001,71.16,71.33,69.73,70.02,2016100
JPC,20101001,8.5,8.5,8.43,8.44,236100
JPM,20101001,38.34,39.09,38.29,38.81,38973600
JPM-B,20101001,26.78,26.87,26.74,26.78,359600
JPM.W,20101001,11.76,12.18,11.73,12.1,291800
JPS,20101001,8.64,8.66,8.58,8.59,308800
JQC,20101001,8.97,8.97,8.86,8.9,346100
JRO,20101001,11.5,11.6,11.46,11.6,104000
JTA,20101001,10.8,10.92,10.8,10.89,40600
JTD,20101001,12.45,12.45,12.27,12.4,40800
JW.A,20101001,41.14,41.44,40.8,41.26,67300
JW.B,20101001,41.23,41.23,41.23,41.23,0
JWN,20101001,37.61,37.83,36.8,37.11,2838400
K,20101001,50.54,51,50.52,50.91,2041800
KAI,20101001,19.15,19.92,18.69,19.66,28000
KAR,20101001,12.68,12.86,12.47,12.6,131800
KB,20101001,44.15,45.09,44.15,44.78,281700
KBH,20101001,11.52,11.63,11.3,11.34,2366700
KBR,20101001,24.74,25.1,24.74,25.08,2907300
KCC,20101001,25.81,25.81,25.55,25.81,3300
KCG,20101001,12.45,12.72,12.37,12.69,644800
KED,20101001,16.13,16.27,16.1,16.14,43300
KEF,20101001,11.14,11.26,11.14,11.23,26400
KEG,20101001,9.65,9.81,9.55,9.74,1199400
KEM,20101001,10.17,10.17,9.6,10.14,70500
KEP,20101001,13.19,13.43,13.19,13.4,985700
KEX,20101001,40.3,40.44,40,40.27,199000
KEY,20101001,8.15,8.25,8.07,8.11,17373100
KEY-G,20101001,106.8,107.75,106.8,107.5,5000
KF,20101001,42.47,42.77,42.47,42.77,4700
KFS,20101001,1.62,1.65,1.59,1.65,14500
KFY,20101001,16.74,16.77,16.45,16.51,154400
KGC,20101001,18.93,19.08,18.82,18.9,5165600
KIM,20101001,15.75,15.89,15.64,15.79,6037500
KKR,20101001,10.65,10.9,10.62,10.84,1459500
KMB,20101001,62.3873,62.8284,62.186,62.349,2124300
KMM,20101001,9.97,9.98,9.88,9.95,65100
KMT,20101001,31.31,31.56,30.86,31.19,823000
KMX,20101001,27.95,28.22,27.48,27.79,2605700
KND,20101001,13.15,13.25,12.86,13.11,324000
KNL,20101001,15.68,15.69,15.35,15.57,264400
KNX,20101001,19.16,19.29,18.82,19.08,1036100
KO,20101001,29.52,29.62,29.26,29.56,8234200
KOF,20101001,79.3,79.6,78.42,78.78,80300
KOP,20101001,27.07,27.59,26.57,26.74,70100
KR,20101001,10.93,10.93,10.765,10.86,5480000
KRA,20101001,27.23,27.74,26.84,27.71,355600
KRC,20101001,33.46,33.46,32.6,33.05,780700
KRG,20101001,17.88,18.32,17.6,18.28,515500
KRO,20101001,19.875,19.875,19.29,19.41,8200
KS,20101001,6.16,6.18,5.935,6.125,153000
KSM,20101001,13.81,13.89,13.73,13.89,16300
KSS,20101001,53.22,53.51,52.5,52.64,2812400
KST,20101001,13.06,13.06,13,13.03,8800
KSU,20101001,37.61,37.8,36.17,37.26,1826800
KSU.P,20101001,23.5,23.5,23.5,23.5,0
KT,20101001,20.65,20.84,20.63,20.77,836700
KTF,20101001,13.34,13.39,13.27,13.33,60000
KTH,20101001,29.11,29.25,29.11,29.2,2600
KTN,20101001,28.4,28.52,28.11,28.52,7800
KTP,20101001,24.76,24.92,24.76,24.88,7900
KW,20101001,10.68,10.68,10.4,10.66,29200
KWR,20101001,33.18,33.38,32.3,33.04,73200
KYE,20101001,25.49,25.83,25.49,25.64,42000
KYN,20101001,25.98,26,25.84,26,339700
KYO,20101001,48.015,48.015,47.635,47.91,4400
L,20101001,38.19,38.23,37.68,38.02,1874700
LAD,20101001,9.7,9.87,9.56,9.7,142200
LAZ,20101001,35.65,36,34.79,35.16,542000
LBF,20101001,7.88,7.98,7.87,7.97,26800
LCM,20101001,11.16,11.29,11.13,11.18,38000
LDF,20101001,18.74,18.91,18.65,18.84,7400
LDL,20101001,7.46,7.52,7.24,7.45,64200
LDR,20101001,62.84,63.64,61.9,62.39,25600
LEA,20101001,39.83,39.975,38.515,39.36,458500
LEE,20101001,2.69,2.7,2.63,2.67,90800
LEG,20101001,23.02,23.05,22.72,23.02,1722500
LEN,20101001,15.66,15.88,15.52,15.67,5090600
LEN.B,20101001,12.39,12.62,12.39,12.43,7500
LEO,20101001,9.07,9.07,9.01,9.05,46700
LFC,20101001,19.8233,19.9767,19.8233,19.9267,436700
LFL,20101001,29.66,29.9,29.55,29.9,353200
LGF,20101001,7.41,7.42,7.2,7.25,309900
LGI,20101001,14.93,15.11,14.93,15.03,30300
LH,20101001,78.53,79.47,77.65,78.03,699600
LHO,20101001,23.7,23.72,22.8,23.1,1595700
LII,20101001,41.98,42.34,41.75,42.12,424800
LL,20101001,24.88,24.99,24.12,24.44,336300
LLL,20101001,72.75,73.01,71.53,71.72,589600
LLY,20101001,36.68,36.77,36.42,36.54,5212500
LM,20101001,30.64,30.94,30.2,30.6,1413100
LMT,20101001,71.53,71.55,69,69.61,7533300
LNC,20101001,24.19,24.38,23.74,23.97,2936200
LNC.W,20101001,16.27,16.27,15.9,16.12,9900
LNN,20101001,43.56,43.56,42.32,42.75,288400
LNT,20101001,18.24,18.345,18.165,18.33,357900
LOR,20101001,12.9,13.12,12.89,13.05,67000
LOW,20101001,22.38,22.7,22.19,22.35,10985800
LPL,20101001,17.61,17.61,17.3,17.37,842500
LPX,20101001,7.72,7.82,7.49,7.63,2410400
LRN,20101001,29.18,29.38,28.64,28.98,189600
LSI,20101001,4.62,4.64,4.49,4.55,6318000
LTC,20101001,25.68,25.89,25.37,25.54,122700
LUB,20101001,4.88,4.95,4.83,4.87,17500
LUK,20101001,23.97,23.98,23.5,23.79,736300
LUV,20101001,13.23,13.24,12.92,12.94,5722500
LUX,20101001,27.49,27.53,27.08,27.23,45100
LVLT,20101001,14.1,14.4,13.95,13.95,56420100
LVS,20101001,35.34,35.42,34.61,35.19,22679300
LXP,20101001,7.26,7.28,7.17,7.25,1078200
LXP-C,20101001,42.41,42.62,42.4,42.6,4000
LXU,20101001,18.75,19.14,18.6,18.99,197300
LYG,20101001,4.68,4.7,4.59,4.63,4208700
LYV,20101001,10.05,10.06,9.58,9.91,1909100
LZB,20101001,8.46,8.73,8.35,8.72,634200
M,20101001,23.32,23.4,23.04,23.15,8078000
MA,20101001,22.5,22.6,22.27,22.478,957100
MAA,20101001,58.77,59.08,57.96,58.64,306600
MAC,20101001,43.17,43.91,42.71,43.87,1489600
MAIN,20101001,16,16.14,15.89,16.08,122000
MAN,20101001,52.92,52.92,51.37,51.82,813900
MAS,20101001,11.18,11.33,11.08,11.18,3962900
MAV,20101001,14.12,14.2,14.08,14.2,23900
MBI,20101001,10.24,10.32,10.03,10.18,4706200
MBT,20101001,21.4,22.1,21.39,21.62,2734400
MCA,20101001,14.38,14.4,14.32,14.36,105100
MCD,20101001,75.04,75.2,74.54,74.92,7196100
MCI,20101001,14.91,14.96,14.685,14.87,8600
MCK,20101001,62.09,62.22,60.18,60.7,3140800
MCN,20101001,8.92,8.99,8.9,8.95,50900
MCO,20101001,25,25.53,25,25.23,1471800
MCR,20101001,9.75,9.79,9.75,9.79,82900
MCS,20101001,11.97,12.2,11.7,12.16,75300
MCY,20101001,41.16,41.22,40.51,40.93,207000
MD,20101001,26.71,26.82,26.115,26.545,366200
MDC,20101001,29.32,29.65,28.51,28.79,311000
MDP,20101001,33.62,33.91,32.92,33.06,575300
MDR,20101001,14.97,14.99,14.61,14.92,2499300
MDT,20101001,33.66,33.74,33.31,33.63,5244000
MDU,20101001,20.16,20.65,19.86,20.52,1414000
MED,20101001,27.27,27.38,26.51,26.85,148500
MEG,20101001,9.09,9.24,8.92,9.21,48500
MEI,20101001,9.19,9.19,8.94,9.07,108500
MEN,20101001,11.44,11.48,11.38,11.47,82100
MER-K,20101001,24.15,24.15,23.81,23.85,120300
MER-P,20101001,25.5,25.64,25.28,25.3,71100
MET,20101001,38.79,39.35,38.53,38.94,6352100
MET-A,20101001,23.45,23.45,23.25,23.25,33000
MFA,20101001,7.69,7.76,7.67,7.73,3517000
MFC,20101001,12.76,12.77,12.53,12.57,1883800
MFD,20101001,13.35,13.43,13.25,13.36,69300
MFG,20101001,2.88,2.89,2.83,2.87,1513200
MFL,20101001,14.64,14.7,14.59,14.65,84700
MFM,20101001,7.17,7.18,7.05,7.18,47300
MFT,20101001,14.33,14.34,14.26,14.34,17500
MFV,20101001,8.12,8.14,8.04,8.04,19500
MG,20101001,11.65,11.75,11.57,11.72,37700
MGA,20101001,20.7275,20.81,20.5775,20.6225,631300
MGF,20101001,7.62,7.66,7.57,7.65,46800
MGM,20101001,11.42,11.44,11.22,11.25,12552100
MGU,20101001,16.56,16.72,16.56,16.69,88100
MHD,20101001,16.83,16.91,16.81,16.86,20500
MHF,20101001,7.86,7.9,7.82,7.85,18500
MHI,20101001,14.95,14.98,14.93,14.97,38700
MHK,20101001,54.11,54.11,53,54,548600
MHN,20101001,15.3,15.36,15.22,15.33,36600
MHO,20101001,10.48,10.57,10.16,10.44,62200
MHO-A,20101001,17.65,17.65,17.46,17.46,900
MIC,20101001,15.5,15.89,15.5,15.77,143400
MIN,20101001,6.9,6.96,6.9,6.96,201800
MIY,20101001,14.9,14.95,14.87,14.95,35700
MJN,20101001,56.99,57.25,55.79,56.25,1332100
MKC,20101001,42.33,42.33,41.44,41.66,1082500
MKC.V,20101001,42.22,42.22,41.77,41.8,1600
MKL,20101001,346.1,347,341.6,346.8,20200
MLI,20101001,13.39,13.47,13.235,13.445,184500
MLM,20101001,77.88,78.5,77.27,78.18,518700
MLP,20101001,4.58,4.6,4.49,4.58,12200
MLR,20101001,13.59,13.65,13.12,13.59,20200
MMC,20101001,24.35,24.35,23.8,23.92,2535800
MMM,20101001,87.38,87.89,86.9,87.62,3206700
MMP,20101001,25.725,26.16,25.725,25.985,297100
MMS,20101001,15.3625,15.3975,15.1275,15.27,75600
MMT,20101001,6.94,6.99,6.94,6.99,229400
MMU,20101001,13.03,13.11,13.02,13.11,50800
MNE,20101001,14.06,14.11,14.06,14.11,4200
MNI,20101001,39.3,39.5,38.3,38.6,789300
MNP,20101001,14.7,14.81,14.66,14.81,16700
MNR,20101001,7.81,7.82,7.7,7.76,53700
MO,20101001,24.01,24.05,23.66,23.78,16443300
MOD,20101001,13.13,13.13,12.75,12.93,220100
MOG.A,20101001,36,36,35.11,35.4,145900
MOG.B,20101001,35.73,35.73,35.73,35.73,100
MOH,20101001,18.1133,18.2133,17.6133,17.8533,155000
MON,20101001,48.12,48.48,47.79,48.26,6197300
MOS,20101001,59.36,60.66,58.76,59.62,5328500
MOV,20101001,10.99,11.03,10.73,10.97,41900
MP-D,20101001,24.85,24.99,24.85,24.99,15000
MPA,20101001,15.36,15.4,15.12,15.34,28700
MPG,20101001,2.5,2.55,2.46,2.47,348100
MPV,20101001,13.88,13.9,13.77,13.9,3600
MPW,20101001,10.25,10.27,10.03,10.23,749200
MPX,20101001,6.23,6.33,6.12,6.32,14600
MQT,20101001,13.38,13.47,13.33,13.44,67200
MQY,20101001,15.33,15.35,15.26,15.34,54300
MRK,20101001,36.76,36.84,36.35,36.6,11746100
MRO,20101001,33.43,33.9,33.33,33.81,6232200
MRT,20101001,4.87,5.17,4.86,5.17,53200
MS,20101001,24.93,25.2,24.68,25.02,16297200
MS-A,20101001,20.16,20.24,20,20.12,106900
MSA,20101001,27.41,27.41,26.78,27.13,76300
MSB,20101001,36.83,38.16,36.76,38.04,419800
MSCI,20101001,33.47,34.44,33.33,34.33,740300
MSD,20101001,11.26,11.5,11.26,11.44,93100
MSF,20101001,15.51,15.75,15.51,15.71,31700
MSI,20101001,59.92,60.55,59.43,59.92,15934600
MSM,20101001,54.44,54.85,54.13,54.51,296100
MSP,20101001,12.43,12.45,12.35,12.38,31400
MT,20101001,33.69,33.76,33.16,33.49,4418900
MTB,20101001,83.06,83.99,81,81.91,706200
MTD,20101001,125.38,125.99,124,124.99,126100
MTG,20101001,9.4,9.43,9.05,9.25,1963100
MTH,20101001,19.8,19.94,19.5,19.71,239700
MTL,20101001,50.52,50.76,49.36,50.42,2292200
MTL.P,20101001,8.2,8.26,8.15,8.24,784000
MTN,20101001,37.93,38.75,37.59,38.68,1896300
MTR,20101001,46.5,46.5,46.44,46.45,6000
MTRN,20101001,28.94,29.23,28.4,28.83,77600
MTT,20101001,21.58,21.6,21.43,21.48,24600
MTU,20101001,4.7,4.73,4.69,4.73,1893100
MTW,20101001,12.06,12.1,11.67,11.88,3592800
MTX,20101001,29.75,29.75,29.065,29.325,65900
MTZ,20101001,10.43,10.43,10.25,10.3,329100
MUA,20101001,13.11,13.21,13.04,13.17,56700
MUC,20101001,14.32,14.43,14.32,14.4,80400
MUE,20101001,14.53,14.58,14.39,14.58,35800
MUH,20101001,15.9,15.92,15.84,15.91,22400
MUI,20101001,15.37,15.51,15.36,15.44,96800
MUJ,20101001,15.2,15.35,15.19,15.35,34600
MUR,20101001,62.56,62.65,61.6,62.14,1975000
MUS,20101001,14.56,14.56,14.47,14.48,45200
MUSA,20101001,12.93,13.02,12.64,12.97,229300
MVC,20101001,12.99,13.07,12.81,12.93,72800
MVO,20101001,30.02,30.3,29.95,30.25,153400
MVT,20101001,15.73,15.77,15.71,15.76,27400
MWA,20101001,3.04,3.05,3,3.05,1167400
MXE,20101001,9.89,9.97,9.75,9.96,132500
MXF,20101001,25.43,25.79,25.27,25.73,163000
MXL,20101001,11.35,11.41,11.05,11.2,59900
MYC,20101001,14.7,14.76,14.7,14.76,33100
MYD,20101001,15.11,15.17,15.1,15.14,71500
MYE,20101001,8.71,8.72,8.54,8.69,142600
MYF,20101001,15,15.08,14.97,15.08,58300
MYI,20101001,14.17,14.17,14.05,14.14,174600
MYJ,20101001,15.61,15.69,15.6,15.62,13800
MYN,20101001,13.97,13.97,13.86,13.92,81000
MZF,20101001,15.39,15.44,15.34,15.34,8800
NAC,20101001,14.09,14.12,14.05,14.11,29600
NAD,20101001,14.81,14.82,14.74,14.81,58900
NAN,20101001,14.44,14.44,14.39,14.44,7100
NAT,20101001,26.87,26.89,26.58,26.79,400700
NAV,20101001,43.83,44.51,42.71,43.41,1330300
NAV-D,20101001,13.36,13.36,13.36,13.36,100
NAZ,20101001,14.11,14.11,14.11,14.11,300
NBB,20101001,20.53,20.54,20.4,20.41,59900
NBL,20101001,37.98,38.085,37.535,37.88,1332000
NBR,20101001,18.33,18.44,17.7,17.83,6411600
NC,20101001,88.55,89.6,87.77,88.4,23500
NCA,20101001,9.58,9.58,9.46,9.54,25500
NCI,20101001,11.69,11.79,11.5,11.62,295000
NCR,20101001,13.72,13.8,13.55,13.76,1548500
NCS,20101001,9.67,9.77,9.52,9.77,101500
NCT,20101001,18.72,18.9,18.18,18.66,468300
NCT-B,20101001,17,17,17,17,0
NCT-C,20101001,14.42,14.45,14.42,14.45,200
NCT-D,20101001,14.8,14.8,14.6,14.6,2000
NCV,20101001,9.88,9.92,9.86,9.89,126800
NCZ,20101001,9.22,9.31,9.16,9.16,192800
NE,20101001,34.12,34.48,33.4,33.5,5146200
NEE,20101001,54.08,54.51,53.94,54.41,2235400
NEE-C,20101001,25.48,25.53,25.41,25.41,3200
NEM,20101001,63.73,64.24,63.34,63.68,4770100
NEU,20101001,115.37,116.59,114.02,115.55,103300
NEV,20101001,14.9,14.92,14.87,14.92,25200
NFG,20101001,52.05,52.56,51.69,52.48,455800
NFJ,20101001,15.76,15.86,15.73,15.85,254700
NFX,20101001,58.11,59.02,57.82,58.64,1922100
NGG,20101001,43.16,43.35,42.76,43.2,952400
NGS,20101001,14.95,15.03,14.52,14.94,60900
NHI,20101001,44.57,44.69,43.87,44.62,58800
NI,20101001,17.55,17.68,17.43,17.58,2253600
NIE,20101001,17.19,17.22,17.07,17.21,81700
NIM,20101001,11.05,11.09,10.99,11.03,11400
NJR,20101001,19.795,19.825,19.605,19.76,110300
NKE,20101001,20.24,20.24,19.9575,20.0625,3542500
NL,20101001,9.03,9.17,8.67,9.02,47900
NLS,20101001,1.37,1.39,1.32,1.36,73500
NLY,20101001,17.67,17.71,17.46,17.46,11158000
NLY-A,20101001,25.88,26,25.83,26,12700
NM,20101001,5.91,5.91,5.81,5.88,310200
NMI,20101001,11.31,11.33,11.22,11.33,10100
NMM,20101001,18.6,18.6,18.2,18.41,267900
NMR,20101001,4.89,4.97,4.87,4.94,810300
NMT,20101001,15.34,15.41,15.34,15.38,1600
NMY,20101001,15.3,15.33,15.24,15.25,6500
NNA,20101001,5.49,5.51,5.48,5.5,50100
NNC,20101001,16.04,16.17,15.89,15.89,8300
NNI,20101001,23.05,23.32,22.62,23.23,105500
NNN,20101001,25.24,25.24,24.85,25.19,642100
NNY,20101001,9.94,9.98,9.93,9.95,10300
NOA,20101001,8.18,8.35,8.1,8.15,95000
NOC,20101001,61.25,61.5,60.2,60.33,2823300
NOK,20101001,10.31,10.35,10.16,10.31,22834400
NOV,20101001,45.02,45.7,44.87,45.18,4336000
NP,20101001,15.4,15.58,15.12,15.26,101700
NPK,20101001,107.91,107.91,105.32,106.99,17000
NPO,20101001,31.49,31.7,30.85,31.29,111300
NPV,20101001,16.94,16.94,16.24,16.39,14700
NQP,20101001,14.84,14.9,14.76,14.86,26900
NR,20101001,8.45,8.6,8.3,8.51,1231100
NRF,20101001,7.52,7.52,7.36,7.48,281100
NRF-A,20101001,19.3,19.62,19.29,19.5,10400
NRF-B,20101001,17.33,17.49,17.26,17.4,12500
NRG,20101001,21.02,21.14,20.89,21.09,2774400
NRP,20101001,272.7,272.7,267.6,268,140500
NRT,20101001,26.55,27.24,26.55,27,9800
NS,20101001,61.99,62.36,61.76,62.25,134500
NSC,20101001,59.09,59.45,58.4,59.02,2614300
NSH,20101001,33.97,34.26,33.81,34.26,78000
NSL,20101001,7.19,7.34,7.19,7.28,114200
NSM,20101001,12.9,13,12.67,12.8,5242300
NSR,20101001,24.98,25.1,24.68,24.77,249600
NTC,20101001,14.34,14.34,14.31,14.31,2500
NTG,20101001,24.14,24.35,24.1,24.35,99900
NTL,20101001,24.03,24.25,23.22,23.89,11900
NTT,20101001,21.81,21.95,21.77,21.92,350100
NTX,20101001,16.6,16.6,16.42,16.46,9000
NTZ,20101001,3.8,3.97,3.73,3.79,14500
NUE,20101001,38.61,38.87,38.31,38.87,3528600
NUM,20101001,14.7,14.72,14.43,14.68,35400
NUO,20101001,16.93,16.97,16.89,16.9,7400
NUS,20101001,28.85,29,28.5,28.95,654900
NUV,20101001,10.18,10.18,10.08,10.09,189800
NUW,20101001,17.65,17.79,17.65,17.79,24100
NVO,20101001,19.792,19.868,19.714,19.854,182200
NVR,20101001,652.28,654.56,638.99,643.07,25300
NVS,20101001,57.18,57.58,57.1,57.13,6950200
NW-C,20101001,23.82,23.95,23.72,23.72,7800
NWE,20101001,28.77,29,28.52,28.93,359000
NWL,20101001,17.97,18.03,17.72,17.99,1887600
NWN,20101001,47.64,47.96,47.23,47.93,114400
NWY,20101001,2.6,2.7,2.58,2.65,540400
NX,20101001,17.51,17.57,16.78,17.21,249100
NXC,20101001,14.01,14.01,13.83,13.86,13700
NXN,20101001,14.38,14.38,14.38,14.38,800
NXP,20101001,15.27,15.32,15.25,15.32,19800
NXQ,20101001,14.29,14.29,14.18,14.19,17100
NXR,20101001,15.02,15.06,14.87,14.94,15800
NYT,20101001,7.86,7.99,7.8,7.85,946300
O,20101001,33.9,33.97,33.6,33.97,914500
OAS,20101001,19.46,20.06,18.99,19.98,705700
OB,20101001,14.45,14.48,14.09,14.17,72400
OC,20101001,25.88,26.31,25.81,25.92,2541000
OCN,20101001,10.22,10.28,10.03,10.2,282400
ODC,20101001,21.65,21.79,21.02,21.79,7900
OFC,20101001,37.64,37.71,37.25,37.6,854700
OFG,20101001,13.3,13.44,13.19,13.3,319100
OFG-A,20101001,23.4,23.4,23.4,23.4,100
OFG-B,20101001,23.45,23.45,23.45,23.45,0
OGE,20101001,20.1,20.29,19.965,20.29,881600
OHI,20101001,22.71,22.71,22.18,22.5,724900
OI,20101001,28.46,29.06,28.46,28.85,1389500
OIA,20101001,6.93,6.95,6.91,6.95,12100
OII,20101001,27.235,27.25,26.44,26.77,897800
OIS,20101001,46.81,47.15,46.21,47,399100
OKE,20101001,22.675,22.865,22.535,22.82,732100
OKS,20101001,37.5,37.835,37.31,37.5,278600
OLN,20101001,20.38,20.46,20.06,20.3,704600
OLP,20101001,16,16,15.6,15.95,23800
OMC,20101001,39.65,39.98,39.39,39.66,1696800
OME,20101001,5.75,5.81,5.68,5.8,102500
OMI,20101001,28.66,28.7,27.62,28.16,432600
OMN,20101001,7.29,7.39,7.15,7.27,360100
OPY,20101001,28.06,28.06,27.54,27.8,25300
ORA,20101001,29.37,29.72,29.28,29.72,128000
ORCL,20101001,27.18,27.61,27.14,27.24,33690400
ORI,20101001,13.9,13.97,13.59,13.67,1949800
ORN,20101001,12.56,12.56,12.17,12.35,108600
OSG,20101001,34.7,34.7,33.71,33.88,569600
OSK,20101001,27.82,28.41,27.6,28.07,1689000
OXM,20101001,23.9,23.93,23.45,23.93,134600
OXY,20101001,79.11,81.99,78.9,80.77,8803400
OZM,20101001,14.94,15.09,14.71,14.82,113300
PAA,20101001,31.555,31.93,31.435,31.91,247500
PAC,20101001,34.66,34.93,34.51,34.75,146000
PAG,20101001,13.28,13.43,13.1,13.28,440900
PAI,20101001,13.6,13.62,13.52,13.54,25000
PAM,20101001,11.5,11.54,10.99,11.25,54200
PAY,20101001,31.23,31.4,28.46,28.46,3055600
PBH,20101001,9.98,9.98,9.81,9.89,324200
PBI,20101001,21.44,21.45,21.21,21.4,1642800
PBR,20101001,36.74,36.92,36.13,36.46,21133500
PBR.A,20101001,33.08,33.34,32.7,32.96,10267900
PBT,20101001,20,20,19.57,19.8,131300
PCF,20101001,8.74,8.74,8.52,8.61,75900
PCG,20101001,45.58,45.94,45.38,45.72,2909400
PCK,20101001,9.85,9.86,9.74,9.8,73800
PCM,20101001,10.86,10.98,10.73,10.98,30600
PCN,20101001,16.2,16.25,16.08,16.23,70000
PCQ,20101001,14.24,14.3,14.21,14.25,39400
PDM,20101001,18.86,18.86,18.37,18.72,212400
PDS,20101001,6.97,7.12,6.95,6.98,1900600
PDT,20101001,11.68,11.68,11.61,11.68,89600
PEB,20101001,18.03,18.14,17.88,18.09,179900
PEG,20101001,33.37,33.38,32.94,33.08,2032100
PEI,20101001,12,12,11.59,11.85,505600
PEO,20101001,23.18,23.46,23.1,23.44,46700
PEP,20101001,66.76,67,66.28,67,5398700
PFD,20101001,13.16,13.4,13.03,13.11,36200
PFE,20101001,17.25,17.29,17.11,17.18,35523000
PFG,20101001,26.22,26.5,25.66,25.92,2641600
PFH,20101001,24.64,24.9,24.64,24.65,3800
PFK,20101001,25.64,25.66,25.45,25.51,6800
PFL,20101001,11.95,11.99,11.94,11.98,80700
PFN,20101001,10.03,10.18,10.03,10.18,144400
PFO,20101001,10.71,10.78,10.65,10.74,11300
PFS,20101001,12.43,12.49,12.22,12.35,124600
PG,20101001,60.09,60.37,59.95,60.16,10256200
PGH,20101001,11.1,11.16,11.03,11.16,860400
PGP,20101001,22.11,22.43,22.11,22.38,38100
PGR,20101001,21.07,21.07,20.7,20.86,3318400
PH,20101001,70.56,70.91,69.33,70.41,1518000
PHD,20101001,12.19,12.33,12.17,12.33,163100
PHG,20101001,31.86,31.96,31.37,31.52,1197100
PHH,20101001,21.28,21.48,20.96,21.38,565900
PHI,20101001,59.88,60.25,59.52,59.81,83400
PHK,20101001,13.02,13.11,13.02,13.04,458200
PHM,20101001,8.86,8.92,8.66,8.73,4876200
PHT,20101001,16.11,16.24,16.04,16.24,56500
PHX,20101001,24.78,24.78,23.75,24.29,12000
PII,20101001,32.81,33.1,32.415,32.775,167400
PIM,20101001,6.28,6.37,6.28,6.35,288400
PIR,20101001,8.29,8.4,8.14,8.26,1702800
PIY,20101001,24.96,25,24.84,25,5700
PJC,20101001,29.37,29.58,29.05,29.39,76800
PJT,20101001,25.03,25.05,25.01,25.01,3900
PKD,20101001,4.4,4.44,4.32,4.42,250900
PKE,20101001,26.66,26.67,26.07,26.36,55200
PKG,20101001,23.26,23.77,23.26,23.33,905200
PKI,20101001,23.18,23.34,22.77,23.02,2043300
PKO,20101001,26.55,26.6,26.49,26.57,22900
PKX,20101001,116.38,116.9,114.96,116.63,444400
PKY,20101001,14.95,15.07,14.66,15.03,85300
PLD,20101001,26.44,26.81,26.14,26.6,2586400
PLOW,20101001,12.37,12.65,11.97,12.48,23900
PLT,20101001,34.12,34.29,33.56,33.91,254400
PM,20101001,56.04,56.51,55.45,55.55,7625500
PMC,20101001,9.59,9.64,9.34,9.52,396100
PMF,20101001,14.17,14.2,14.15,14.16,67900
PML,20101001,11.79,11.8,11.72,11.76,48500
PMM,20101001,7.79,7.88,7.77,7.82,113100
PMO,20101001,12.3,12.3,12.23,12.28,47200
PMT,20101001,17.92,18,17.72,17.92,31700
PMX,20101001,11.46,11.53,11.44,11.44,49900
PNC,20101001,52.56,53,51.94,52.84,5008700
PNC.W,20101001,10.99,11.11,10.73,11,8000
PNF,20101001,11.45,11.5,11.45,11.48,4200
PNI,20101001,12.37,12.37,12.2,12.23,11900
PNM,20101001,11.5,11.54,11.37,11.5,599100
PNR,20101001,33.89,33.99,33.31,33.57,431800
PNW,20101001,41.11,41.71,41,41.65,707300
POL,20101001,12.26,12.42,12.09,12.16,601500
POR,20101001,20.37,20.41,20.24,20.38,686400
POT,20101001,47.9767,48.3667,47.45,47.5467,3320900
PPG,20101001,36.75,36.75,36.34,36.545,612900
PPL,20101001,27.5,27.51,27.14,27.44,2512900
PPR,20101001,5.72,5.76,5.67,5.72,345600
PPT,20101001,6.83,6.83,6.73,6.83,342000
PQ,20101001,24.72,24.72,24.04,24.24,405400
PRA,20101001,29.03,29.065,28.53,28.625,192000
PRI,20101001,20.47,20.7,20.35,20.5,114800
PRO,20101001,9.36,9.72,9.34,9.42,87600
PRU,20101001,54.72,54.84,52.9,53.07,7693000
PSA,20101001,97.75,98,96.36,97.98,1129900
PSA-A,20101001,25.09,25.1,24.98,25.1,4200
PSA-B,20101001,25.41,25.41,25.29,25.39,7400
PSA-C,20101001,25.02,25.12,25.02,25.08,2700
PSA-D,20101001,24.85,24.96,24.8,24.8,5900
PSA-E,20101001,25.09,25.13,25.01,25.13,6000
PSA-W,20101001,24.97,24.97,24.92,24.94,2700
PSA-X,20101001,25,25,24.94,24.94,5300
PSA-Z,20101001,25,25,24.79,24.95,6300
PSB,20101001,57.15,57.15,55.87,57.04,108900
PSO,20101001,15.59,15.61,15.43,15.61,1078600
PTR,20101001,116.66,118.58,116.04,117.55,327900
PTY,20101001,17.55,17.67,17.49,17.63,130900
PUK,20101001,20.48,20.67,20.38,20.53,271100
PUK-A,20101001,25,25.05,24.92,24.93,22300
PUK.P,20101001,25.13,25.3,25.13,25.13,6100
PVG,20101001,23.01,23.7,22.91,23.57,291700
PVH,20101001,60.86,61.39,59.76,59.99,887200
PWE,20101001,20.2,20.4,19.98,20.33,2183900
PWR,20101001,19.24,19.27,18.95,19.01,1860900
PX,20101001,90.86,90.99,89.45,89.65,1727400
PXD,20101001,65.8,66.32,64.97,66.06,1712500
PYN,20101001,9.72,9.89,9.72,9.88,3100
PYS,20101001,23.43,23.65,23.43,23.65,800
PYT,20101001,19.25,19.25,19,19,2500
PZC,20101001,10.44,10.47,10.36,10.45,48600
PZE,20101001,8.275,8.3,8.105,8.255,78600
PZN,20101001,6.95,6.96,6.72,6.9,18200
Q,20101001,6.28,6.36,6.26,6.34,12110400
QEP,20101001,30.29,30.89,30.21,30.35,1063100
QTM,20101001,2.13,2.15,2.04,2.09,2519900
QUAD,20101001,46.69,46.69,45.88,46.33,47800
R,20101001,43.15,43.3,42.38,42.51,514400
RA,20101001,9.73,9.73,9.2,9.24,281300
RAD,20101001,0.95,0.95,0.93,0.94,1777100
RAI,20101001,29.95,29.95,29.295,29.425,1014200
RAS,20101001,5.04,5.1,4.95,5.07,851700
RAS-A,20101001,17.13,17.2,17.01,17.2,5100
RAS-B,20101001,17.29,17.31,17.2,17.3,7200
RAS-C,20101001,18.29,18.29,18.29,18.29,1000
RBA,20101001,20.86,21.48,20.73,21.41,569500
RBC,20101001,59.13,59.55,58.51,59.2,355700
RBS,20101001,15,15.18,14.87,15.16,247200
RBS-F,20101001,24.07,24.07,23.67,23.83,23100
RBS-H,20101001,23.85,23.85,23.35,23.48,23800
RBS-L,20101001,19.59,19.59,19,19.1,86500
RBS-S,20101001,15.79,16.03,15.7,16.02,116700
RCI,20101001,37.51,37.8,37.12,37.39,360500
RCL,20101001,32.05,32.19,31.36,31.96,1731000
RCS,20101001,10.5,10.65,10.5,10.65,285900
RDC,20101001,30.89,31.26,30.38,31.02,3621900
RDN,20101001,8.04,8.09,7.74,7.81,2285600
RDS.A,20101001,61.62,61.88,61.26,61.78,2598500
RDS.B,20101001,59.95,60.38,59.67,60.17,1954100
RDY,20101001,32.93,33.9,32.92,33.89,546900
RE,20101001,87.09,87.15,84.65,85.19,329800
REG,20101001,39.75,39.79,39.01,39.6,761300
REN,20101001,55.4,56.65,55.4,55.9,143600
RES,20101001,9.5067,9.5333,9.1822,9.2622,499000
REV,20101001,12.77,12.77,12.32,12.71,60300
REX,20101001,14.56,14.9,14.39,14.71,13300
RF,20101001,7.33,7.43,7.13,7.18,12211600
RFI,20101001,12.25,12.27,11.97,12.16,55500
RGA,20101001,48.71,48.79,47.65,47.98,407200
RGC,20101001,13.23,13.36,13.08,13.22,680000
RGR,20101001,13.73,13.77,13.02,13.75,272800
RGS,20101001,19.34,19.34,18.95,19.12,391600
RHI,20101001,26.22,26.33,25.89,26.07,1348700
RHT,20101001,41.07,41.71,40.95,41.27,2792900
RIG,20101001,65.03,65.13,64,64.35,4070700
RIO,20101001,59.78,60,59.08,59.83,2354600
RJF,20101001,25.48,25.96,25.21,25.96,1138000
RL,20101001,90.79,90.83,89.34,90.31,704700
RLH,20101001,7.51,7.51,7.25,7.36,30600
RLI,20101001,28.515,28.58,28.025,28.24,56900
RMD,20101001,33,33.02,32.51,32.83,662500
RMT,20101001,8.32,8.33,8.22,8.28,51000
RNP,20101001,13.23,13.23,13.05,13.22,187100
RNR,20101001,60.33,60.38,59.19,59.46,296300
RNR-C,20101001,23.57,23.57,23.38,23.38,26700
ROG,20101001,31.93,31.94,30.75,31.3,93300
ROK,20101001,62.06,62.64,60.97,61.87,1137700
ROL,20101001,10.4845,10.4845,10.2755,10.3067,156800
ROP,20101001,65.74,66.25,65.23,66.01,718400
RPM,20101001,20.07,20.1,19.76,20.04,862000
RPT,20101001,10.81,10.91,10.7,10.88,150400
RQI,20101001,7.91,7.92,7.76,7.8,688300
RRC,20101001,38.61,38.74,37.16,37.83,5098800
RRTS,20101001,11.02,11.07,10.61,10.96,143000
RS,20101001,42.3,42.54,41.76,42.19,731100
RSG,20101001,30.57,30.74,30.34,30.56,2400800
RSO,20101001,6.38,6.38,6.25,6.3,522300
RST,20101001,21.33,21.43,20.85,21.18,68400
RT,20101001,11.93,12.42,11.87,12.34,698500
RTN,20101001,45.68,45.8,44.58,44.61,3779800
RVT,20101001,12.19,12.22,12.09,12.22,157000
RWT,20101001,14.57,14.7,14.41,14.6,334700
RY,20101001,52.46,52.77,52.07,52.69,1416600
RYN,20101001,33.6867,33.76,33.1467,33.6,594500
S,20101001,4.63,4.74,4.57,4.72,49862700
SAB,20101001,11.67,11.71,11.67,11.67,1800
SAH,20101001,9.91,9.98,9.6,9.9,364000
SAM,20101001,67.5,67.53,65.75,66.74,65500
SAN,20101001,96.49,97.94,96.49,97.02,139300
SAP,20101001,50.76,50.81,50.05,50.28,4919500
SAR,20101001,18.88,19.06,18.88,19,1800
SB,20101001,7.92,7.98,7.88,7.96,100600
SBH,20101001,11.33,11.45,11.14,11.31,650400
SBR,20101001,53.25,53.77,53.14,53.77,18800
SBS,20101001,7.61,7.6183,7.4867,7.6033,350300
SBW,20101001,13.92,13.96,13.87,13.96,124000
SCCO,20101001,35.44,36,35.39,35.88,2158200
SCD,20101001,11.5,11.5,11.41,11.42,71700
SCG,20101001,40.68,40.73,40.3,40.55,556200
SCHW,20101001,14.02,14.17,13.89,14.13,7583800
SCI,20101001,8.69,8.73,8.49,8.69,778700
SCL,20101001,29.98,30.03,29.5,29.56,65200
SCS,20101001,8.41,8.51,8.32,8.34,612800
SCX,20101001,10.69,10.95,10.47,10.78,15800
SD,20101001,5.79,5.93,5.64,5.89,12244200
SDRL,20101001,29.04,29.45,28.74,29.26,1195000
SE,20101001,22.76,22.86,22.45,22.8,3045300
SEE,20101001,22.73,22.95,22.67,22.73,998100
SEM,20101001,7.79,7.79,7.61,7.68,90800
SEP,20101001,34.6,35.1,34.26,34.96,91400
SF,20101001,31.2067,31.3067,30.6,31.06,207700
SFE,20101001,12.51,12.71,12.36,12.51,40300
SFL,20101001,19.68,19.68,19.15,19.26,188000
SFUN,20101001,3.297,3.385,3.259,3.277,85300
SGF,20101001,15.84,15.9,15.75,15.81,36900
SGU,20101001,4.72,4.74,4.7,4.74,152400
SGY,20101001,149.6,150.6,147.6,149.2,805900
SHG,20101001,41.05,41.05,40.24,40.83,57400
SHI,20101001,27.6333,27.7,27.4733,27.5333,7500
SHO,20101001,9.13,9.35,8.93,9.33,1044400
SHW,20101001,75.12,75.79,73.89,74.04,1605400
SID,20101001,17.76,17.84,17.43,17.76,4389900
SIG,20101001,32.19,32.59,31.94,32.37,529500
SIX,20101001,11.0875,11.0875,10.9875,11.0025,54400
SJI,20101001,24.82,25,24.635,24.99,206000
SJM,20101001,60.66,61.14,59.71,60.27,760300
SJR,20101001,22.2,22.2,21.83,21.86,69300
SJT,20101001,24.77,24.95,24.34,24.44,170900
SJW,20101001,24.91,25.29,24.41,25.05,32000
SKM,20101001,17.71,17.83,17.62,17.74,1572000
SKT,20101001,23.79,23.92,23.63,23.83,560700
SKX,20101001,7.8833,7.8833,7.45,7.52,2169600
SLB,20101001,62.37,62.85,61.8,62.43,8851200
SLF,20101001,26.25,26.42,25.88,25.94,669200
SLG,20101001,64,64.24,62.81,63.75,890500
SLW,20101001,26.91,27.13,26.53,26.67,7539000
SM,20101001,37.89,38.33,37.39,38.13,691000
SMG,20101001,52.15,52.55,51.51,51.84,353500
SMI,20101001,3.53,3.55,3.48,3.5,334400
SMP,20101001,10.56,10.76,10.36,10.63,94800
SNA,20101001,46.74,47.03,46.35,46.64,190400
SNE,20101001,30.8,30.8,30.4,30.54,944800
SNN,20101001,18.404,18.588,18.352,18.492,111500
SNP,20101001,68.3846,68.9231,68.3385,68.4,279800
SNV,20101001,17.5,17.85,17.29,17.36,6284100
SNX,20101001,28.27,28.65,27.81,28.1,373300
SNY,20101001,33.36,33.38,32.88,33.12,3272300
SO,20101001,37.32,37.39,37.1,37.14,4786700
SOL,20101001,12.68,12.7,12.06,12.35,2195800
SON,20101001,33.64,33.7,33.33,33.7,505900
SOR,20101001,46.46,46.67,45.75,46.27,12600
SOV-C,20101001,25.92,25.92,25.82,25.82,1300
SPA,20101001,6.15,6.2,6.1,6.15,20000
SPB,20101001,27.41,27.85,26.89,27.83,20500
SPE,20101001,13.86,14,13.86,13.98,3600
SPG,20101001,93.47,93.67,92.13,93.59,2270900
SPG-J,20101001,68.8,69.2,68,69,1700
SPH,20101001,56.9,57.24,54.94,55.3,137200
SPN,20101001,26.85,27.18,26.1,26.65,962500
SPR,20101001,20.08,20.32,19.81,19.98,1108500
SQM,20101001,48.48,48.69,47.93,48.08,660900
SR,20101001,14.7,14.9,14.55,14.8,43800
SRE,20101001,53.86,54.26,53.64,54.16,1102100
SRI,20101001,10.66,10.73,10.35,10.7,27800
SRT,20101001,4.2,4.25,4.1,4.19,36000
SRV,20101001,8.43,8.55,8.4,8.55,148300
SSD,20101001,26,26,25.41,25.98,167300
SSI,20101001,13.15,13.18,12.77,13,207900
SSL,20101001,44.77,45.29,44.7,45.23,279300
SSP,20101001,7.96,7.99,7.73,7.82,190400
SSW,20101001,12.32,12.63,12.32,12.5,238100
ST,20101001,19.78,20.2,19.43,20.09,406500
STC,20101001,11.4,11.4,10.75,11.18,131100
STE,20101001,33.52,33.52,32.66,33.43,321400
STI,20101001,26.13,26.33,25.88,26.1,5390200
STI-A,20101001,19.74,19.79,19.61,19.79,5900
STJ,20101001,39.64,39.64,39.07,39.48,2219500
STK,20101001,18.76,18.9,18.67,18.75,37500
STL,20101001,8.78,8.84,8.57,8.74,70000
STM,20101001,7.65,7.67,7.5,7.6,1454200
STN,20101001,13.33,13.555,13.245,13.49,28400
STNG,20101001,11.38,11.38,11.24,11.28,107100
STO,20101001,21.45,21.47,21.27,21.42,1487200
STT,20101001,38.13,38.66,37.9,38.21,3601500
STV,20101001,6.8,6.9,6.76,6.9,44600
STWD,20101001,2.8126,2.8295,2.7888,2.8042,394700
STZ,20101001,17.78,17.86,17.67,17.77,1566100
STZ.B,20101001,17.77,17.77,17.77,17.77,100
SU,20101001,32.96,33.35,32.75,33.3,9879100
SUI,20101001,30.71,31.08,30.49,31.03,103100
SUN,20101001,36.74,36.84,35.95,36.59,1942300
SUP,20101001,17.47,17.51,17.28,17.45,56700
SVU,20101001,11.61,11.61,11.25,11.34,3588500
SWC,20101001,17.2,17.28,16.87,16.98,1411000
SWK,20101001,61.95,62.34,61.27,62.02,1516100
SWM,20101001,29.41,29.425,28.165,28.875,241900
SWN,20101001,33.9,33.97,33.3,33.46,4159600
SWX,20101001,33.93,34.01,33.63,33.95,135800
SWZ,20101001,12.58,12.71,12.51,12.68,40800
SXI,20101001,24.46,24.5,23.61,24.13,50900
SXL,20101001,13.265,13.265,13.1184,13.24,112000
SXT,20101001,30.78,31.08,30.5,30.99,180100
SYK,20101001,50.26,50.4,49.36,50.01,2475900
SYT,20101001,50.15,50.39,49.9,50.27,410900
SYX,20101001,12.42,12.42,12.02,12.26,37800
SYY,20101001,28.75,28.75,28.02,28.58,4841300
T,20101001,28.85,28.96,28.66,28.81,22208800
TAC,20101001,21.45,21.8,21.36,21.58,26400
TAL,20101001,24.5,24.5,23.9,24.3,123400
TAP,20101001,47.61,47.86,47.38,47.78,971600
TAP.A,20101001,46.29,46.49,46.25,46.49,300
TBI,20101001,13.85,13.85,13.52,13.78,124100
TCAP,20101001,16.15,16.15,15.98,16.14,157400
TCB,20101001,16.53,16.63,16.1,16.27,1736700
TCB.W,20101001,5.92,5.96,5.57,5.75,27900
TCI,20101001,8.9,8.9,8.74,8.74,1800
TCO,20101001,44.98,44.98,44.02,44.41,835100
TD,20101001,36.125,36.205,35.725,36.16,1021200
TDA,20101001,25.21,25.21,25.09,25.14,94900
TDC,20101001,39,39.49,38.81,39.08,2077200
TDF,20101001,29,29,28.65,28.69,155400
TDG,20101001,62.01,62.74,61.59,61.99,252600
TDI,20101001,25.09,25.09,24.86,24.96,5800
TDS,20101001,33.05,33.51,33.05,33.19,355500
TDW,20101001,45.29,45.65,43.9,43.97,1069600
TDY,20101001,40.23,40.37,39.8,40.14,178000
TEF,20101001,25.0867,25.1333,24.7167,25.0433,806800
TEI,20101001,17.01,17.03,16.75,16.99,213800
TEL,20101001,29.62,29.94,29.23,29.83,1861400
TEN,20101001,29.3,29.78,28.66,29.31,1304800
TEO,20101001,21.43,21.59,21.16,21.58,169200
TER,20101001,11.28,11.33,10.96,11.1,5160600
TEVA,20101001,53.4,53.79,52.91,53.52,3880800
TEX,20101001,23,23.38,22.91,23.33,2171800
TFX,20101001,57.2,57.54,56.62,57.17,146900
TG,20101001,19.21,20.09,18.98,20.09,133100
TGH,20101001,27.11,27.16,26.26,26.76,84700
TGI,20101001,37.495,37.945,37,37.805,204500
TGP,20101001,31.8,32.27,31.76,32.12,79500
TGS,20101001,3.7,3.73,3.5,3.56,10900
TGT,20101001,53.78,53.94,53.3,53.47,5092000
THC,20101001,18.88,18.96,18.04,18.12,10380300
THG,20101001,47.07,47.22,45.81,46.05,543700
THO,20101001,33.57,34.21,33.2,34.12,611100
THS,20101001,46.49,46.73,46.06,46.61,147400
TI,20101001,14.15,14.19,13.99,14.13,365000
TI.A,20101001,11.46,11.53,11.39,11.46,48600
TIF,20101001,47.72,47.72,46.48,46.97,1495000
TJX,20101001,22.49,22.585,22.14,22.27,2884600
TK,20101001,26.9,27.63,26.48,26.59,247800
TKC,20101001,16.98,17.11,16.94,17.03,594400
TKF,20101001,17.94,17.94,17.7,17.75,38100
TKR,20101001,38.79,38.93,38.36,38.68,695100
TLI,20101001,11.12,11.22,11.1,11.21,64100
TLK,20101001,21.03,21.13,21.005,21.055,152800
TLP,20101001,34.35,34.64,34.2,34.36,19400
TM,20101001,71.75,71.99,71.53,71.8,535300
TMH,20101001,12.93,13.35,12.9,13.34,63900
TMK,20101001,23.7867,23.9111,23.5555,23.7022,726600
TMO,20101001,48.16,48.43,47.43,47.82,1926900
TNC,20101001,31.17,31.35,30.61,30.89,125200
TNH,20101001,91.54,94.12,91.12,93.97,88300
TNK,20101001,12.04,12.13,12,12,7291100
TNP,20101001,13.43,13.43,13.25,13.3,44600
TOL,20101001,19.13,19.33,18.79,18.84,2557500
TOO,20101001,23.15,23.75,23.02,23.59,245700
TOT,20101001,52.94,53,52.11,52.69,3546700
TPC,20101001,20.23,20.35,19.81,20.28,214200
TPL,20101001,40.26,43.97,40.26,43.82,122100
TPX,20101001,31.49,31.55,30.31,31.36,1294100
TPZ,20101001,22.88,22.98,22.67,22.97,35300
TR,20101001,25.12,25.13,24.88,25.01,59700
TRC,20101001,21.79,21.97,21.49,21.97,101200
TREX,20101001,9.645,9.82,9.44,9.765,426900
TRI,20101001,37.84,38.17,37.64,37.82,609900
TRK,20101001,15.85,15.93,15.48,15.78,34800
TRN,20101001,11.195,11.38,11.135,11.375,1024400
TRNO,20101001,18.37,18.37,18.1,18.14,24600
TRP,20101001,37.25,37.58,37.12,37.48,340700
TRR,20101001,2.53,2.54,2.46,2.5,20900
TRU,20101001,3.54,3.59,3.54,3.55,2200
TRV,20101001,52.67,52.67,51.68,52.12,3211300
TS,20101001,39.06,39.13,38.53,38.96,1642000
TSI,20101001,5.28,5.32,5.22,5.3,96600
TSL,20101001,30.71,30.71,29,29.46,3439100
TSM,20101001,10.21,10.27,10.12,10.25,11122900
TSN,20101001,16.19,16.33,15.92,16.26,6623600
TSO,20101001,13.46,13.5,13.13,13.41,3426700
TSS,20101001,15.36,15.45,15.21,15.27,1217400
TSU,20101001,33.06,33.46,32.45,33.35,501200
TTC,20101001,14.0975,14.24,14.0875,14.185,250500
TTF,20101001,13.91,14.16,13.89,14.16,79700
TTI,20101001,10.38,10.48,9.98,10.03,998200
TTM,20101001,25.9,26.04,25.29,25.59,1382200
TU,20101001,21.255,21.41,21.125,21.23,115900
TUP,20101001,46.35,46.43,45.57,45.77,533100
TV,20101001,19,19.13,18.83,18.96,1666300
TVC,20101001,26.98,27.02,26.72,26.98,4600
TVE,20101001,26.27,26.29,26.17,26.18,9400
TWI,20101001,13.69,13.87,13.51,13.6,1006500
TWN,20101001,16.74,16.9,16.7,16.89,81800
TWX,20101001,30.98,30.98,30.37,30.61,9240700
TX,20101001,32.92,33.21,32.51,33,202800
TXT,20101001,20.79,20.89,20.42,20.75,3958300
TY,20101001,12.36,12.4,12.31,12.34,64100
TY.P,20101001,48.25,49,48.25,49,2900
TYG,20101001,34.69,34.69,34.21,34.43,35600
TYL,20101001,20.33,20.5,20.06,20.45,140000
UA,20101001,5.665,5.73,5.535,5.6313,550100
UAL,20101001,25,25.45,23.63,24.7,5674500
UAM,20101001,14.93,15.03,14.7,14.96,115100
UBA,20101001,18.27,18.35,17.97,18.16,131900
UBP,20101001,15.58,15.74,15.54,15.6,1600
UBS,20101001,17.15,17.25,17.02,17.12,6950400
UDR,20101001,21.35,21.47,20.99,21.43,2199300
UFI,20101001,4.53,4.53,4.41,4.48,85600
UFS,20101001,32.495,32.87,32.34,32.515,532000
UGI,20101001,19.2533,19.3067,19.0867,19.2133,718900
UGP,20101001,15.485,15.5525,15.235,15.4525,110500
UHS,20101001,39.03,39.26,38.09,38.69,712200
UHT,20101001,34.7,34.8,34.42,34.78,50100
UIS,20101001,28.26,28.57,28,28.36,363100
UL,20101001,29.22,29.27,28.9,29.24,1423300
UMC,20101001,2.85,2.85,2.78,2.8,2808400
UN,20101001,29.96,30.01,29.57,29.91,2830400
UNF,20101001,44.63,44.82,43.91,44.21,29300
UNH,20101001,35.07,35.47,34.76,35.43,6504000
UNM,20101001,22.26,22.34,21.8,22.04,2816100
UNP,20101001,40.805,40.905,40.18,40.515,3505800
UNT,20101001,37.56,37.74,36.82,37.05,314600
UPS,20101001,67.16,67.43,66.17,66.44,3913400
URI,20101001,14.98,15.11,14.57,14.95,1378600
USA,20101001,4.43,4.45,4.4,4.43,388700
USB,20101001,21.77,22,21.61,21.71,13478000
USB-A,20101001,772,772,772,772,0
USB-H,20101001,21.45,21.69,21.4,21.65,38000
USG,20101001,13.48,13.48,12.88,13.03,1246000
USM,20101001,46.41,46.48,45.86,46.11,36600
USPH,20101001,16.86,17.35,16.71,17.22,27600
UTF,20101001,15.96,16.08,15.9,16.04,323400
UTI,20101001,19.66,19.73,19.13,19.31,110900
UTL,20101001,21.94,22.57,21.7,22.41,45100
UTX,20101001,71.68,72.03,70.98,71.13,4998600
UVV,20101001,40.37,40.77,40.01,40.39,219400
V,20101001,18.685,18.6925,18.2925,18.33,4530300
VAL,20101001,31.98,32.12,31.74,31.9,343800
VAL.P,20101001,27.89,28.22,27.68,28.02,16007300
VALE,20101001,31.6,31.94,31.35,31.7,23829200
VAR,20101001,60.82,61.14,60.23,60.68,644800
VBF,20101001,20.83,20.89,20.51,20.59,19700
VCO,20101001,47.5,50,47.5,48.4,3600
VCV,20101001,13.47,13.47,13.42,13.46,12700
VFC,20101001,20.3825,20.4625,20.0925,20.205,763200
VG,20101001,2.56,2.58,2.52,2.57,716600
VGM,20101001,15.08,15.09,15.03,15.06,76300
VGR,20101001,18.67,18.77,18.3,18.42,434400
VHI,20101001,6.88,6.9467,6.8,6.8733,20400
VIV,20101001,24.43,24.64,24.01,24.6,270300
VKQ,20101001,14.38,14.45,14.35,14.4,29200
VLO,20101001,17.69,17.77,17.45,17.65,5669700
VLT,20101001,16.7,16.84,16.67,16.83,44600
VLY,20101001,13.03,13.03,12.71,12.84,555600
VLY-A,20101001,25.41,25.45,25.41,25.45,1200
VLY.W,20101001,2.02,2.02,2.02,2.02,100
VMC,20101001,37.28,37.89,37.16,37.5,2140700
VMI,20101001,73.06,73.25,71.21,71.87,187800
VMO,20101001,14.57,14.58,14.49,14.58,34800
VMW,20101001,85.6,86.37,84.49,85.51,1917800
VNO,20101001,86.48,86.57,84.8,85.96,1329900
VNO-G,20101001,24.58,24.58,24.4,24.41,2100
VNO-I,20101001,24.5,24.72,24.35,24.51,7900
VPG,20101001,15.62,15.87,15.57,15.67,107200
VPV,20101001,14.55,14.55,14.47,14.51,10800
VR,20101001,26.4,26.64,26.13,26.64,431000
VRS,20101001,2.93,2.94,2.8,2.9,326600
VRX,20101001,25.12,25.88,25.1,25.75,5778600
VSH,20101001,9.79,9.92,9.42,9.56,2556600
VSI,20101001,27.71,28,27.15,27.92,72100
VTA,20101001,11.96,12.08,11.96,12.07,248600
VTN,20101001,15.69,15.71,15.5,15.56,32800
VTR,20101001,51.86,51.96,50.77,51.65,1173100
VVC,20101001,26.05,26.05,25.86,25.97,374000
VVI,20101001,19.59,19.59,18.91,19.11,68200
VVR,20101001,4.64,4.67,4.63,4.67,283400
VZ,20101001,32.78,32.97,32.65,32.89,14511700
WAB,20101001,24.145,24.215,23.595,23.82,262000
WAL,20101001,6.77,6.82,6.49,6.58,220600
WAT,20101001,71.39,71.65,70.52,70.89,400200
WBC,20101001,42.27,42.74,41.84,42.54,355700
WBK,20101001,22.414,22.42,22.072,22.414,13800
WBS,20101001,17.69,17.89,17.41,17.59,472600
WCC,20101001,39.58,39.92,38.86,39.57,476700
WCG,20101001,29.33,29.52,28.85,29.5,538500
WCN,20101001,26.52,26.7133,26.2333,26.3133,473600
WDR,20101001,27.67,27.86,27.21,27.55,749000
WEA,20101001,15.02,15.25,15.01,15.21,33900
WEC,20101001,29.025,29.17,28.86,29.13,695500
WES,20101001,27.12,27.84,27.12,27.43,92300
WF,20101001,38.52,38.72,38.33,38.51,3400
WFC,20101001,25.3,25.69,25.12,25.56,32117800
WFC-J,20101001,27.4,27.52,27.35,27.36,88800
WFC-L,20101001,1006,1008.74,1003.5,1005.05,6300
WFC.W,20101001,8,8.38,7.98,8.3,165100
WFT,20101001,17.36,17.45,17.15,17.33,11459800
WG,20101001,9.27,9.49,9.1,9.46,297700
WGL,20101001,37.94,38.25,37.8,38.11,237500
WGO,20101001,10.55,10.65,10.33,10.47,239700
WHG,20101001,34,34,33.66,33.89,2300
WHR,20101001,81.78,82.26,79.33,80.2,1588800
WIA,20101001,12.92,13,12.85,12.97,69500
WIT,20101001,14.83,15.81,14.8,15.64,1674800
WIW,20101001,12.62,12.83,12.62,12.79,135800
WLK,20101001,15.18,15.48,14.955,15.455,150100
WLL,20101001,48.47,48.955,47.95,48.735,876400
WM,20101001,35.9,36.04,35.79,35.93,2057500
WMB,20101001,19.25,19.5,19.02,19.37,5585800
WMK,20101001,39.2,39.33,38.82,39.02,38700
WMS,20101001,38.43,38.65,38.11,38.26,810800
WMT,20101001,53.6,53.62,53.2,53.36,8231400
WNC,20101001,8.2,8.3,7.86,8.22,1527200
WNR,20101001,5.25,5.29,5.15,5.23,844000
WNS,20101001,8.91,9.09,8.85,9.04,35000
WOR,20101001,15.26,15.33,15.06,15.11,826700
WPC,20101001,29.1,29.25,28.83,29.01,51900
WPZ,20101001,42.3,42.6,42.3,42.6,565700
WR,20101001,24.43,24.5,24.21,24.5,668000
WRB,20101001,27.24,27.25,26.76,26.96,839100
WRD,20101001,23.41,23.65,23.25,23.65,6700
WRE,20101001,32.07,32.16,31.41,31.83,369100
WRI,20101001,22.04,22.1,21.64,21.92,935000
WSM,20101001,32.13,32.16,31.43,31.52,2769300
WSO,20101001,55.55,56.78,55.55,56.24,4378500
WST,20101001,17.295,17.295,16.89,17.06,114100
WTI,20101001,10.69,11.06,10.68,10.9,519400
WTM,20101001,311.24,311.5,307.48,311.36,21400
WTR,20101001,16.448,16.48,16.28,16.432,530500
WTS,20101001,34.43,34.53,34,34.34,139800
WTW,20101001,31.25,31.44,30.94,31.25,169600
WU,20101001,17.84,18.13,17.56,17.68,5873900
WWE,20101001,13.98,13.98,13.81,13.97,129100
WWW,20101001,14.675,14.69,14.35,14.56,251800
WY,20101001,16,16.18,15.88,16.09,4737700
WYN,20101001,27.72,27.85,27.13,27.32,2456900
X,20101001,44.72,44.95,43.21,43.63,12299100
XCO,20101001,15.1,15.31,14.84,15.14,1823000
XEC,20101001,66.85,69,65.48,68.98,1882000
XEL,20101001,23.12,23.27,23.02,23.23,3114400
XIN,20101001,2.5,2.52,2.45,2.48,106100
XKE,20101001,9.46,9.46,9.33,9.33,1700
XL,20101001,21.84,21.93,21.5,21.55,4909800
XOM,20101001,62.32,62.58,61.8,62.54,24167000
XRM,20101001,13.34,13.34,12.32,12.64,76700
XRX,20101001,10.41,10.52,10.3,10.5,9816900
Y,20101001,305.05,305.11,301.36,305.11,16000
YGE,20101001,137.9,139.8,132.6,133.9,5361100
YPF,20101001,39.5,39.66,39.04,39.2,13100
YUM,20101001,46.31,46.62,46.13,46.48,3935300
YZC,20101001,24.61,25,24.54,24.95,324600
ZB-A,20101001,18.49,18.51,18.36,18.39,11600
ZF,20101001,13,13.08,12.96,13.04,287300
ZNH,20101001,29.25,29.25,29.01,29.09,17500
ZTR,20101001,15.28,15.32,15.16,15.32,384200
