<ticker>,<date>,<open>,<high>,<low>,<close>,<vol>
A,20090218,16,17.22,15.87,16.05,10706800
AA,20090218,20.46,20.67,19.17,19.47,31198500
AAP,20090218,32.22,33.08,31.83,32.63,3239200
AAV,20090218,2.77,2.91,2.56,2.6,1259400
AB,20090218,14.35,14.74,13.62,13.94,652600
ABB,20090218,12.37,12.39,12.03,12.18,9244500
ABC,20090218,18.16,18.215,17.89,18.06,1399800
ABG,20090218,3.63,3.63,3.18,3.18,156700
ABM,20090218,12.5,12.72,12.06,12.58,494500
ABR,20090218,1.46,1.58,1.25,1.25,128400
ABT,20090218,54.16,54.46,53.64,54.2,6277800
ABX,20090218,37.36,38.76,36.18,38.48,20747900
ACC,20090218,17.88,18.45,17.66,17.93,1744700
ACH,20090218,12.91,13.11,12.7,12.97,1079800
ACM,20090218,22.83,22.83,20.84,21.82,2298800
ACN,20090218,30.01,31.68,30.01,31.01,4896800
ACV,20090218,22.92,22.93,22.12,22.33,1132400
ADC,20090218,15.09,15.09,13.7,13.87,52000
ADM,20090218,27.04,27.78,26.73,27.54,7966300
ADS,20090218,32.5,32.63,29,32.05,7026100
ADX,20090218,7.38,7.38,7.2,7.25,159200
AEB,20090218,6.25,6.25,5.19,5.7,71300
AED,20090218,8.28,8.28,6.79,6.99,46300
AEE,20090218,26.25,26.75,25.88,26.6,3952400
AEG,20090218,4.3,4.3,4.03,4.13,1494700
AEH,20090218,8.5,8.51,6.76,6.95,137200
AEL,20090218,5.11,5.16,4.78,4.93,340200
AEM,20090218,54.26,54.57,51.86,53.93,5511400
AEO,20090218,9.3,9.75,9.24,9.5,7774500
AEP,20090218,30.19,30.19,29.59,29.8,2633300
AER,20090218,4.71,4.84,4.63,4.76,693900
AES,20090218,7.25,7.31,6.95,7.09,6179600
AES-C,20090218,35.16,36.06,35.05,36,24800
AET,20090218,30.31,30.62,29.45,30.03,4384000
AF,20090218,7.21,7.49,6.93,7.05,2043400
AFB,20090218,10.58,10.58,10.42,10.42,61500
AFC,20090218,7.01,7.01,6.7,6.8,29600
AFG,20090218,18.19,18.6,17.84,18.11,1054100
AFL,20090218,18.2,18.62,17.52,18.17,10726800
AG,20090218,18.24,19.74,17.89,18.94,3707600
AGC,20090218,5.64,5.68,5.25,5.61,183700
AGCO,20090218,18.24,19.74,17.89,18.94,3707600
AGD,20090218,15.42,15.68,15.22,15.46,228800
AGM,20090218,3.85,4.02,3.75,3.97,118900
AGM.A,20090218,3.3,3.46,3.25,3.25,400
AGN,20090218,41.91,42.28,40.95,41.24,2060500
AGO,20090218,6.38,6.67,5.99,6.54,1519100
AGU,20090218,37.8,38.71,36.74,38.48,4417800
AHC,20090218,1.81,1.81,1.59,1.59,55500
AHL,20090218,21.87,22.21,21.5,21.81,587100
AHL-A,20090218,14,14,14,14,600
AHT,20090218,1.3,1.36,1.26,1.31,589500
AHT-A,20090218,7.01,7.01,7,7,2500
AHT-D,20090218,7.18,7.18,6.5,7.09,8300
AIB,20090218,8.5,8.55,7.75,8.1,1108000
AIG,20090218,15.8,16,14.2,14.6,26357000
AIN,20090218,9.66,10.45,9.62,10.14,391300
AIR,20090218,17.06,17.23,16.1,16.12,624600
AIT,20090218,16.96,17.06,16.24,16.57,378400
AIV,20090218,5.6,5.6,5.15,5.43,5160100
AIZ,20090218,23.49,23.93,22.73,23.61,1626100
AJG,20090218,17.31,17.81,17.01,17.57,1307000
AKO.A,20090218,12.15,12.5,11,12.22,3400
AKO.B,20090218,14.32,15.08,14.32,15.08,15500
AKP,20090218,10.61,10.73,10.6,10.6,21400
AKR,20090218,9.83,9.83,9.2,9.46,308900
AKS,20090218,8.05,8.14,7.18,7.46,7015100
ALB,20090218,21.75,21.79,20.87,21,1149500
ALE,20090218,29.29,29.53,28.62,28.82,346700
ALG,20090218,11.7,12.33,11.22,11.98,14100
ALJ,20090218,11.55,11.58,10.32,10.53,207600
ALK,20090218,7.3175,7.3675,6.7,6.7875,1247000
ALL,20090218,19.63,19.99,18.89,19.74,7813800
ALP-O,20090218,24,24,23.4,23.4,400
ALV,20090218,17.92,18.33,17.45,18.17,2733100
ALX,20090218,158.48,158.48,145.71,155.42,20300
AM,20090218,4.64,4.67,4.42,4.6,556800
AME,20090218,13.6222,13.6578,13.2533,13.5111,781300
AMG,20090218,42.09,42.66,40.09,41.66,1499000
AMN,20090218,52.32,52.9,50.85,51.78,89600
AMP,20090218,18.33,18.91,17.49,18.61,5745400
AMT,20090218,27.38,27.56,26.27,26.93,4653300
AMX,20090218,14.055,14.34,13.735,13.99,8257900
AN,20090218,10.25,10.51,10.02,10.2,2096900
ANF,20090218,22.92,23.34,21.99,22.38,5441800
ANH,20090218,5.93,5.96,5.8,5.93,687700
ANH-A,20090218,19.61,19.61,19.25,19.46,1300
ANH-B,20090218,17.5,17.65,17.5,17.65,700
ANW,20090218,16.13,16.13,15,15.1,573800
AOD,20090218,14.32,14.54,13.92,14.06,1121600
AOI,20090218,29.7,31.6,29,30.9,386800
AON,20090218,39.75,40.09,38.95,39.7,4486500
AOS,20090218,4.395,4.4534,4.26,4.3234,281400
AP,20090218,14.37,14.58,13.33,13.34,32100
APA,20090218,68.81,69.27,66,67.09,5763700
APB,20090218,5.65,5.73,5.58,5.73,84700
APC,20090218,36.8,36.8,34.79,35.26,7627200
APD,20090218,52.33,53.74,52.3,52.84,2211400
APF,20090218,9.28,9.28,9,9.05,72700
APH,20090218,13.31,13.435,12.895,13.205,1472100
APU,20090218,29.71,30.32,29.18,30.07,240300
ARA,20090218,7.67,7.74,7.53,7.6,336900
ARE,20090218,46.83,47.69,44.34,45.94,845900
ARL,20090218,9.55,9.55,9.46,9.46,200
ARW,20090218,18.08,18.14,17.52,17.96,1299700
ASA,20090218,17.9967,18.1833,17.5133,18.12,52800
ASG,20090218,2.41,2.41,2.35,2.36,104000
ASH,20090218,6.89,7.09,6.5,6.74,2475800
ASR,20090218,30.25,30.71,29.59,29.86,53400
ASX,20090218,1.72,1.75,1.63,1.65,523300
ATI,20090218,23.08,23.39,21.89,22.61,2417100
ATO,20090218,24.27,24.45,23.8,23.92,505200
ATR,20090218,28.06,28.22,27.43,27.8,310800
ATU,20090218,14.88,15.24,14.48,14.79,1680900
ATV,20090218,3.74,3.75,3.74,3.74,6100
ATW,20090218,15.47,15.78,14.96,15.61,934600
AU,20090218,31.3,31.64,30.1,31.55,4128200
AUO,20090218,7.29,7.58,7.29,7.51,3010500
AUY,20090218,9.57,9.63,9.02,9.6,22602700
AVA,20090218,17.08,17.32,16.58,16.78,413300
AVB,20090218,42.2,43.25,40.69,42.89,2871400
AVD,20090218,14.6,14.72,13.66,14.12,227800
AVK,20090218,10.22,10.33,10,10.03,167400
AVP,20090218,20.12,20.12,19.51,19.82,4651800
AVT,20090218,18.85,19,18.12,18.62,1873900
AVX,20090218,8.63,8.66,8.37,8.46,274500
AVY,20090218,21.45,21.6,20.8,21.36,1266700
AWF,20090218,8.98,9.04,8.16,8.2,524400
AWH,20090218,13.3,13.4833,12.8633,13,190900
AWI,20090218,16.78,16.88,16.1,16.33,271300
AWK,20090218,20.8,21.09,20.28,20.57,354700
AWP,20090218,3.15,3.17,3.04,3.08,352100
AWR,20090218,18.02,18.02,17.3,17.57,136700
AXE,20090218,33.17,33.19,31.06,31.62,710600
AXL,20090218,0.99,0.99,0.93,0.94,225600
AXP,20090218,14.11,14.24,13.4,14.1,26263800
AXR,20090218,29.1,29.25,27.4,27.4,3700
AXS,20090218,25.25,25.55,24.75,24.97,1370800
AYI,20090218,25.61,25.61,24.16,24.34,831200
AYR,20090218,3.35,3.35,3,3.04,355400
AZN,20090218,35.48,35.7,34.93,35.51,1109500
AZO,20090218,132,133.45,129.21,133.11,1733400
AZZ,20090218,11.115,11.345,10.68,10.865,133300
B,20090218,10.32,10.54,10.04,10.29,500200
BA,20090218,38.77,38.77,37.76,37.98,6324400
BAC,20090218,5.16,5.21,4.51,4.57,325834688
BAC-C,20090218,10.52,10.79,9.07,9.7,405900
BAC-D,20090218,7.32,7.32,6.05,6.05,124400
BAC-E,20090218,5.54,5.54,4.34,4.44,426100
BAC-I,20090218,7.49,7.49,6.16,6.16,154900
BAC-L,20090218,333.17,333.17,250,272,184800
BAC-W,20090218,10.85,10.9,9.38,9.56,195800
BAC-Y,20090218,9.22,9.23,7.8,8.25,172500
BAF,20090218,11.55,11.55,11.24,11.27,16600
BAK,20090218,4.8,4.87,4.65,4.81,66400
BAM,20090218,9.64,9.82,9.2333,9.6667,3669400
BAP,20090218,37.77,38.06,36.76,37.53,671600
BAS,20090218,7.62,7.76,7.15,7.16,331600
BAX,20090218,58.35,58.67,57.53,58.16,3189800
BBD,20090218,7.0909,7.0909,6.7954,6.9167,9466200
BBF,20090218,10.99,11.1,10.99,11.09,5800
BBG,20090218,21.26,21.26,19.9,20.26,732200
BBK,20090218,11.55,12,11.41,11.5,29900
BBL,20090218,33.07,33.42,31.9,33.07,1377800
BBT,20090218,14.95,15.12,14.16,14.61,15124000
BBVA,20090218,7.91,7.94,7.58,7.81,842400
BBW,20090218,4.2,4.53,3.99,4.27,241000
BBX,20090218,7.75,8,7,7.35,208200
BBY,20090218,28.65,28.76,27.5,27.72,9324500
BC,20090218,3.49,3.53,3.16,3.18,1456000
BCE,20090218,20.49,20.51,19.97,20,1500900
BCH,20090218,36.79,37.37,36.22,36.22,13800
BCO,20090218,25.87,26.13,25.48,25.62,733900
BCR,20090218,87.36,87.53,86.41,86.65,719400
BCS,20090218,5.53,5.57,5.18,5.32,3798100
BCS-A,20090218,8.57,8.57,7.61,8.02,308800
BCS-D,20090218,9.51,9.9,8.92,9.45,515100
BDC,20090218,13,13.28,12.44,12.85,277200
BDJ,20090218,6.59,6.65,6.27,6.37,310000
BDN,20090218,5.18,5.46,4.83,5.22,2028700
BDX,20090218,70.13,70.19,69.12,69.53,1026400
BEN,20090218,17.08,17.4933,16.4567,16.8933,2348200
BEP,20090218,9.48,9.58,9.03,9.05,124700
BF.A,20090218,14.6367,14.8334,14.16,14.5067,18500
BF.B,20090218,14.3567,14.4334,14.0634,14.3067,508300
BFK,20090218,9.98,9.98,9.43,9.5,84000
BFO,20090218,11.59,11.75,11.4,11.51,13900
BFR,20090218,2.4,2.42,2.33,2.4,116000
BFS,20090218,29.01,29.51,27.51,28.56,65900
BFZ,20090218,11,11.11,10.92,11.02,24500
BG,20090218,48.04,49.24,47.47,48.79,1630000
BGC,20090218,17.23,17.23,16.2,16.65,904600
BGE-B,20090218,17.6,17.63,17.1,17.63,10300
BGG,20090218,13.92,14.24,13.56,13.67,918500
BGH,20090218,15.4,15.64,15.17,15.47,32600
BGR,20090218,16.23,16.5,15.94,16.43,122800
BGS,20090218,4.5,4.59,4.4,4.42,102100
BGT,20090218,9.84,9.84,9.05,9.18,149800
BGY,20090218,7.95,7.95,7.7,7.75,446200
BHE,20090218,11.71,11.73,11.35,11.39,466800
BHI,20090218,31.37,31.61,30.07,31.2,5404500
BHK,20090218,11.02,11.15,10.85,11.15,69000
BHL,20090218,9.95,9.99,9.88,9.88,8700
BHP,20090218,38.72,38.72,37.19,38.62,4953700
BID,20090218,8.15,8.16,7.75,7.76,622000
BIF,20090218,4.21,4.21,4,4.1,118400
BIG,20090218,14.42,14.51,13.98,14.16,2152400
BIO,20090218,63.76,64.11,62.15,62.4,59000
BIO.B,20090218,64.4,64.4,64.4,64.4,0
BIP,20090218,9.3533,9.5333,9,9.0667,138800
BJZ,20090218,13.95,14.17,13.7,14.17,4200
BK,20090218,23.74,24.91,22.67,23.68,13533400
BKD,20090218,5.12,5.3,4.78,5,640000
BKE,20090218,23.61,23.93,22.87,23.3,446500
BKH,20090218,20.64,21.71,20.22,20.34,587400
BKK,20090218,12.22,12.43,12.22,12.3,17500
BKN,20090218,10.6,10.75,10.27,10.27,26500
BKS,20090218,16.88,17.41,16.42,16.77,920900
BKT,20090218,6.08,6.13,6.08,6.11,149900
BLH,20090218,15.05,15.1,14.83,15.02,1200
BLK,20090218,109.3,109.3,102.91,106.55,463800
BLL,20090218,20.205,20.335,19.705,19.875,1613200
BLW,20090218,12.45,12.6,12.29,12.59,87400
BLX,20090218,10.56,10.97,9.86,9.9,181100
BMA,20090218,9.75,10.16,9.75,9.95,97300
BME,20090218,20.39,20.49,20.08,20.17,28500
BMI,20090218,29.25,29.25,26.92,27.17,164300
BML-G,20090218,3.8,3.8,3.4,3.5,185900
BML-H,20090218,4.28,4.28,3.27,3.55,295100
BML-I,20090218,6.17,6.17,4.74,4.84,260200
BML-J,20090218,4.73,4.85,4.1,4.38,15500
BML-L,20090218,4.6,4.6,3.91,3.99,483400
BMO,20090218,22.45,22.57,21.04,21.19,1407200
BMS,20090218,20.39,20.49,19.85,20.01,917900
BMY,20090218,21.34,21.4,20.69,20.92,14453600
BNJ,20090218,12.88,13.4,12.79,13.36,12500
BNS,20090218,21.75,21.91,20.53,20.77,1306700
BNY,20090218,12.15,12.15,11.84,11.87,16500
BOE,20090218,14.09,14.27,13.51,13.69,57900
BOH,20090218,35.88,36.01,34.5,34.7,989700
BP,20090218,40.66,40.93,39.91,40.72,9754200
BPK,20090218,14.4,14.5,14.35,14.35,33300
BPL,20090218,40.9,40.9,38.84,39.04,86800
BPT,20090218,66,67,62.12,62.33,285000
BQH,20090218,12.16,12.2,12.04,12.08,4600
BR,20090218,16.57,16.63,16.15,16.27,1325400
BRC,20090218,20.35,20.56,19.84,19.94,449200
BRK.A,20090218,83800,83930,79100,80000,1900
BRK.B,20090218,55.4,55.4,51.8,52.3,75400
BRO,20090218,19.54,20.2,18.01,18.3,677600
BRS,20090218,22.19,22.19,21.25,21.37,388100
BRT,20090218,4.16,4.2,4.09,4.09,8800
BSD,20090218,9.75,9.78,9.59,9.59,5100
BSE,20090218,11.6,11.61,11.49,11.49,3400
BSX,20090218,8.65,8.65,8.31,8.46,12806200
BT,20090218,6.55,6.55,6.355,6.41,401900
BTA,20090218,8.5,8.5,8.25,8.28,32800
BTE,20090218,9.86,9.98,9.2,9.31,684500
BTO,20090218,10.1,10.18,9.73,9.88,160500
BTZ,20090218,7.07,7.07,6.44,6.63,490600
BVN,20090218,21.73,22,20.89,21.6,1562300
BW,20090218,14.39,14.55,13.65,14.09,194600
BWA,20090218,10.17,10.28,9.71,10.03,3732500
BWP,20090218,21.37,21.37,20.62,20.77,260700
BX,20090218,4.64,4.75,4.21,4.23,1980700
BXC,20090218,20.7,23.3,20.6,22.8,74100
BXP,20090218,38.23,39.24,36.42,38.52,4039100
BXS,20090218,18.54,18.8,17.76,18.03,906300
BYD,20090218,4.64,4.68,4,4.05,1816000
BYM,20090218,12.22,12.25,11.69,11.96,51700
BZH,20090218,4.15,4.2,3.65,3.7,750200
C,20090218,31.8,32,28.5,29.1,18611830
C-P,20090218,6.47,6.47,5.33,5.48,1215900
C-S,20090218,7.19,7.28,6.08,6.62,168300
CAB,20090218,6.19,6.37,6.01,6.09,334400
CACI,20090218,43.9,44.03,43.1,43.45,307000
CAE,20090218,20.91,21.2,20,20.21,43600
CAF,20090218,24.32,24.95,23.81,24.93,129200
CAG,20090218,16.36,16.41,15.94,16.07,4185800
CAH,20090218,36.81,36.95,36.14,36.68,1728000
CAI,20090218,43.9,44.03,43.1,43.45,307000
CAJ,20090218,24.96,25.43,24.65,24.97,1537300
CAL,20090218,12.48,12.49,10.95,11.13,7296200
CAS,20090218,9.38,9.38,8.77,8.85,109600
CAT,20090218,29.16,29.22,27.77,28.44,17864100
CB,20090218,39.65,40.43,38.71,39.13,4299800
CBB,20090218,9.25,9.5,8.95,9,1337900
CBB-B,20090218,27.5,27.5,27,27.4,5700
CBD,20090218,12.46,12.55,12.14,12.325,431800
CBG,20090218,3.49,3.67,3.34,3.58,5187200
CBI,20090218,9.83,10.13,8.91,9.28,2148800
CBK,20090218,4.56,4.69,4.25,4.26,123600
CBL,20090218,3.49,3.59,3.2,3.38,1812300
CBL-D,20090218,6.75,7.25,6.61,7.01,21600
CBM,20090218,3.9,3.9,3.61,3.66,167300
CBR,20090218,3.94,3.98,3.8,3.92,226800
CBS,20090218,5.31,5.31,4.91,5.13,23726300
CBS.A,20090218,5.27,5.27,4.98,5.14,10100
CBT,20090218,12.3,12.44,11.9,12.08,383400
CBU,20090218,17.29,17.59,16.93,17.13,313400
CBZ,20090218,7.21,7.38,7.08,7.27,310600
CCC,20090218,14.5,14.54,13.67,13.92,443600
CCE,20090218,12.76,12.87,12.2,12.46,4840800
CCI,20090218,17.84,17.84,16.22,16.8,4656200
CCJ,20090218,14.43,15.32,14.2,15.2,4695000
CCK,20090218,21.21,21.28,20.6,20.99,2469300
CCL,20090218,20,20.03,19.37,19.72,6303000
CCO,20090218,3.95,4.36,3.87,3.99,420500
CCS,20090218,21.1,21.1,20.16,20.7,63500
CCU,20090218,12.092,12.2,11.976,12.024,43100
CCZ,20090218,23,23,23,23,0
CDE,20090218,7.2,7.6,7,7.5,24435800
CDI,20090218,10.89,11.29,10.74,11,99200
CDR,20090218,5.77,5.77,5.4,5.64,200600
CE,20090218,10.25,10.25,9.57,9.62,2213800
CEA,20090218,6.83,6.91,6.775,6.875,9900
CEE,20090218,13.35,13.39,12.29,12.61,143100
CEL,20090218,20.74,20.9,20.63,20.9,66300
CEM,20090218,0.59,0.65,0.53,0.65,1627900
CEO,20090218,88.99,89.34,86.5,88,762700
CF,20090218,10.178,10.654,10.148,10.536,4917500
CFC-B,20090218,10.04,10.15,8.55,8.72,511800
CFI,20090218,2.05,2.25,1.98,2,18700
CFR,20090218,42.97,43.39,41.35,41.95,760000
CFX,20090218,9.35,9.71,8.85,9.1,165100
CHA,20090218,35.31,35.74,34.71,35.37,355400
CHD,20090218,12.77,12.8175,12.6,12.7325,562400
CHE,20090218,44.87,44.93,43.58,44.19,288700
CHH,20090218,25.65,25.68,24.79,25.03,805000
CHK,20090218,16.91,17.2,15.8,16.38,20595400
CHK-D,20090218,61.5,61.5,59.01,60.25,6300
CHL,20090218,45.74,46.11,44.91,45.48,1676100
CHN,20090218,14.86,15.24,14.68,15.21,235100
CHS,20090218,4.2,4.32,4.07,4.11,2204300
CHT,20090218,14.58,14.86,14.58,14.78,1139200
CHU,20090218,8.89,9.13,8.65,9.13,2231900
CI,20090218,20.08,20.89,19.59,20.6,8543400
CIA,20090218,7.78,7.96,7.38,7.54,149000
CIB,20090218,17.91,17.94,17.42,17.58,779300
CIF,20090218,1.71,1.71,1.59,1.59,38900
CIG,20090218,7.04,7.1731,6.8403,6.9274,1114000
CIG.C,20090218,9.9,11.15,9.9,10,6200
CII,20090218,10.65,10.81,10.33,10.47,285100
CIM,20090218,3.04,3.04,2.67,2.75,1336100
CIR,20090218,21.03,21.52,20.58,21.14,217900
CIT,20090218,2.63,2.63,2.1,2.17,11684600
CKH,20090218,67.09,67.86,64.98,65.61,274600
CL,20090218,30.76,30.875,30.25,30.445,2512500
CLB,20090218,31.79,33.375,31.425,32.8,678700
CLC,20090218,30.27,30.94,29.43,30.11,574700
CLF,20090218,24.58,24.75,22.06,22.65,3769100
CLH,20090218,24.75,25.485,24.535,25,243900
CLI,20090218,18.41,18.67,17.09,17.96,2771500
CLR,20090218,9.13,9.13,8.12,8.275,1735300
CLS,20090218,3.79,3.79,3.56,3.69,1636100
CLW,20090218,5.29,5.6,4.975,5.045,81600
CLX,20090218,50.24,50.56,49.54,49.99,1842200
CM,20090218,34.9,35.06,33.03,33.27,757000
CMA,20090218,14.31,14.31,13.08,13.68,3887800
CMC,20090218,11.68,11.68,10.69,10.93,1931900
CMG,20090218,53.49,54.65,52.43,54.45,599100
CMI,20090218,22.4,22.92,21.49,22.23,4915600
CMO,20090218,10.97,10.99,10.51,10.79,556900
CMP,20090218,59.18,60.43,58.3,59.27,866600
CMS,20090218,10.84,10.87,10.64,10.69,4224400
CMS-B,20090218,76.15,76.15,76.15,76.15,0
CMU,20090218,3.19,3.2,3.12,3.15,22400
CNA,20090218,9.75,9.89,9.31,9.57,700200
CNC,20090218,10.805,10.845,10.51,10.73,369600
CNI,20090218,16.99,17.065,16.5,16.7,1690900
CNK,20090218,8.8,8.8,8.27,8.43,356700
CNO,20090218,1.63,1.73,1.6,1.67,1436500
CNP,20090218,12.62,12.65,12.19,12.24,7274500
CNQ,20090218,16,16.105,15.355,15.685,3856600
CNS,20090218,10.02,10.11,9.23,9.8,266300
CNX,20090218,28.2,28.93,26.86,27.6,3432200
COF,20090218,10.47,11.09,9.57,10.95,24198500
COG,20090218,6.0175,6.0175,5.5175,5.5775,4344600
COH,20090218,14.24,14.37,13.44,13.67,6269400
COL,20090218,35.86,36.21,35.27,35.82,1794700
COO,20090218,22,22.09,21.05,22.01,1002800
COP,20090218,43.26,43.55,41.89,42.27,15848800
COT,20090218,0.86,0.87,0.77,0.77,135400
CP,20090218,29.08,29.18,28.19,28.74,1010000
CPA,20090218,29.65,30.03,28.7,29.49,370500
CPB,20090218,29.87,30.16,29.13,29.37,3264000
CPE,20090218,1.75,1.8,1.56,1.56,452100
CPF,20090218,126.2,126.2,114.2,116,278500
CPK,20090218,18.8733,19.2067,17.6333,18.4867,56700
CPL,20090218,12.82,12.8433,12.59,12.7933,85400
CPN,20090218,6.71,6.77,5.93,6.3,3144600
CPT,20090218,21.45,21.45,20.17,21.19,1144700
CR,20090218,17.89,18.16,17.4,17.55,435900
CRD.A,20090218,5.34,5.76,5.19,5.36,273400
CRD.B,20090218,8.02,8.49,7.94,8.34,414800
CRH,20090218,20.86,21.12,20.45,20.79,278800
CRI,20090218,15.19,15.23,14.56,14.79,957700
CRK,20090218,179,179.45,167.7,169.45,1101900
CRL,20090218,27.69,27.69,26.76,26.86,1177500
CRM,20090218,6.595,6.595,6.4275,6.4425,3077600
CRR,20090218,36.29,36.9,35.42,36.35,525300
CRS,20090218,15.8,16.25,15.24,15.72,908000
CRT,20090218,27.5,28.61,23.03,23.31,90700
CRY,20090218,7.88,8.04,7.64,7.83,243700
CS,20090218,25.44,25.55,24.47,24.61,1245300
CSC,20090218,38.14,38.3,37.68,37.88,1317500
CSL,20090218,20.87,21.29,20.51,21.01,469700
CSS,20090218,15.59,15.69,15.16,15.47,21300
CSU,20090218,2.96,3,2.91,2.95,47500
CSV,20090218,2.03,2.03,1.91,1.94,4500
CTB,20090218,5.1,5.1,4.71,4.86,316000
CTL,20090218,25.23,25.45,24.85,25.27,2650200
CTR,20090218,14.35,14.39,13.95,14.21,135100
CTS,20090218,4.85,4.9,4.45,4.47,88700
CTV,20090218,13.6,14.11,12.91,13.91,1204200
CTX,20090218,8.24,8.39,7.45,7.71,7082800
CUB,20090218,29.92,30.58,28.66,29.39,216500
CUK,20090218,19.35,19.41,18.96,19.17,272700
CUZ,20090218,7.66,8.04,7.52,7.95,789200
CVA,20090218,18.42,19.21,18.4,18.6,1536800
CVB,20090218,8.68,8.9,8.68,8.8,6400
CVG,20090218,7.01,7.02,6.67,6.78,846500
CVI,20090218,6.18,6.18,4.76,4.84,763900
CVO,20090218,25.04,25.52,23.2,23.84,223400
CVS,20090218,27.43,27.49,26.92,26.99,11241400
CVX,20090218,66.49,67.2,65.6,66.12,12563900
CW,20090218,29.77,30.79,28.8,30.49,720600
CWT,20090218,21.64,21.64,20.775,20.925,158300
CX,20090218,7.21,7.21,6.73,6.95,11422400
CXE,20090218,3.57,3.57,3.4,3.4,28200
CXH,20090218,7.21,7.23,7.1,7.19,16500
CXO,20090218,22.69,22.89,21.11,21.49,656200
CXW,20090218,10.25,10.9,10.25,10.73,2347400
CYD,20090218,3.89,3.9,3.67,3.89,53700
CYH,20090218,19.1,19.2,17.76,18.51,2074600
CZZ,20090218,3.41,3.65,3.34,3.47,355800
D,20090218,33.92,33.97,32.48,32.57,8495500
DAC,20090218,5.2,5.21,4.72,4.9,400000
DAL,20090218,6.35,6.46,5.43,5.71,21440200
DAN,20090218,0.53,0.65,0.5,0.5,289400
DAR,20090218,4.82,4.82,4.5,4.58,635700
DB,20090218,25.74,26.02,24.54,25.35,2213300
DBD,20090218,25.16,25.43,24.71,25.08,672000
DCA,20090218,1.46,1.47,1.29,1.36,85700
DCI,20090218,15.28,15.53,14.905,15.03,665000
DCM,20090218,16.14,16.36,16.11,16.19,591400
DCO,20090218,17.43,17.87,16.73,16.77,34300
DCT,20090218,12.72,13.12,12.04,12.92,2463100
DD,20090218,21.49,21.54,20.88,21.14,8068400
DD-A,20090218,59.75,59.75,59.75,59.75,0
DD-B,20090218,72.44,72.45,71.94,71.95,900
DDD,20090218,1.87,1.9167,1.8067,1.8433,56400
DDE,20090218,3.55,3.55,3.25,3.34,49700
DDF,20090218,4.31,4.37,4.24,4.34,16600
DDR,20090218,3.03,3.2,2.83,3.08,4989900
DDS,20090218,4.59,4.61,4.28,4.39,983100
DDT,20090218,6.5,6.9,6.3,6.87,14900
DE,20090218,32.54,33.75,31.7,32.23,12787900
DECK,20090218,17.4933,18.2533,17.4433,17.9467,1766100
DEI,20090218,8.67,8.82,8.16,8.5,2633900
DEL,20090218,35.26,35.26,34.16,34.41,53600
DEO,20090218,49.52,49.52,48.42,49.19,1066100
DEX,20090218,7.04,7.04,6.7,6.93,30800
DF,20090218,40.06,40.08,39.14,40.02,2999400
DFP,20090218,11.84,11.84,11.19,11.19,1100
DFS,20090218,6.19,6.36,5.91,6.3,6690600
DFT,20090218,5.15,5.2,4.76,4.91,651100
DGX,20090218,50.72,50.97,50.09,50.53,1259400
DHF,20090218,2.43,2.55,2.42,2.49,268400
DHG,20090218,3.8,3.84,3.58,3.8,274400
DHI,20090218,9.01,9.31,8.34,8.44,16625700
DHR,20090218,27.02,27.195,26.515,26.945,3199200
DHT,20090218,75.96,77.04,72.12,72.6,540300
DHX,20090218,2.61,2.83,2.5,2.75,80300
DIN,20090218,6.99,7.05,6.09,6.48,319500
DIS,20090218,17.95,18.01,17.53,17.63,18669200
DK,20090218,7.57,7.65,6.91,6.97,237300
DKL,20090218,4.75,4.75,4,4.12,3200
DKS,20090218,11.96,12.14,11.5,11.66,1425700
DKT,20090218,13.35,13.35,11.57,11.76,420800
DL,20090218,4.33,4.53,4.33,4.53,7100
DLB,20090218,32.16,32.28,30.79,30.95,964600
DLR,20090218,28.55,29.38,27.4,28.55,2486300
DLX,20090218,10,10.02,9.37,9.73,528200
DM,20090218,4.64,5.21,4.63,4.9,179700
DNB,20090218,75.72,76.41,75.01,75.41,443600
DNP,20090218,8,8,7.25,7.42,734900
DNR,20090218,12.63,12.73,12.04,12.13,4529900
DO,20090218,60.87,61.97,59.11,61.58,4270700
DOV,20090218,28.67,28.69,27.81,28.15,2050100
DOW,20090218,8.7,8.94,8.4,8.6,21474000
DPM,20090218,10.19,10.98,10.19,10.51,204400
DPS,20090218,15.97,16.23,15.63,16.18,1368400
DPZ,20090218,6.09,6.16,5.79,5.94,459600
DRE,20090218,7.45,7.59,6.95,7.39,3313500
DRH,20090218,3.25,3.27,2.98,3.17,1345800
DRI,20090218,28.09,28.46,27.29,27.6,4104500
DRQ,20090218,22.77,23.09,21.66,22.01,379700
DSM,20090218,6.15,6.15,6,6.01,111200
DST,20090218,31.18,31.4,30.3,31.16,619100
DSU,20090218,6.84,6.96,6.78,6.81,578800
DSW,20090218,4.82,4.895,4.56,4.615,169800
DSX,20090218,14.13,14.5,12.87,13.63,1944900
DTE,20090218,30.94,30.94,30.27,30.54,1619700
DTF,20090218,12.47,12.52,12.47,12.49,4300
DTK,20090218,11.53,11.6,9.6,10,355700
DUC,20090218,11.25,11.55,11.23,11.47,62100
DUK,20090218,42.69,43.38,42.09,43.23,15160900
DV,20090218,57.16,57.68,55.63,57.35,948800
DVA,20090218,25.72,25.975,25.29,25.855,1020200
DVD,20090218,1.94,2.4,1.89,2.2,19500
DVN,20090218,48.84,49.35,47.55,48.99,6821300
DW,20090218,8,8.14,7.2,7.27,139100
DX,20090218,7.13,7.19,7.03,7.08,4300
DXB,20090218,9.97,10.09,8.88,8.9,203100
DY,20090218,5.34,5.48,5.05,5.1,835300
DYN,20090218,7.85,8.4,7.65,7.8,9500100
E,20090218,42.26,42.53,41.43,42.03,610100
EAT,20090218,11.11,11.28,10.63,11,2279500
EBF,20090218,10.2,10.2,9.65,9.9,129300
EBR,20090218,11.43,11.58,11.15,11.25,788800
EBR.B,20090218,10.5,10.63,10.03,10.26,95000
EBS,20090218,24.39,24.67,22.25,22.38,653400
EC,20090218,16.75,16.75,16.26,16.33,49200
ECA,20090218,40.96,41.16,38.97,39.36,4413600
ECL,20090218,32.75,33.42,32.19,32.44,3062300
ED,20090218,38.28,38.5,37.51,37.74,2193700
EDD,20090218,10.05,10.07,9.53,9.59,467100
EDE,20090218,16.32,16.54,15.98,15.98,331800
EDN,20090218,3.6,3.76,3.6,3.65,22300
EDR,20090218,12.69,12.84,12.09,12.33,185500
EDU,20090218,10.3025,10.575,10.095,10.2825,899600
EE,20090218,14.6,14.68,14.35,14.48,293500
EEA,20090218,4.3,4.3,4.21,4.22,5000
EEP,20090218,15.12,15.33,14.435,14.555,320500
EEQ,20090218,14.915,14.95,13.99,14.12,82500
EFR,20090218,8.43,8.52,8,8.27,285200
EFT,20090218,8.72,8.72,8.32,8.5,180600
EFX,20090218,22.58,22.79,22.18,22.25,1300600
EGF,20090218,17.6,17.63,17.08,17.3,48100
EGN,20090218,29.02,29.2,27.8,28.05,613300
EGP,20090218,25.8,26.77,25.2,26.63,406500
EGY,20090218,7.25,7.25,6.61,6.64,423500
EHI,20090218,7.13,7.14,6.84,7,120800
EIG,20090218,11.4,11.53,10.98,11.14,217100
EIX,20090218,29.38,29.4,28.37,28.57,4276600
EL,20090218,12.84,12.87,12.57,12.74,2141400
ELP,20090218,9.24,9.28,8.91,9,303300
ELS,20090218,17.155,17.31,16.42,16.9,526600
ELY,20090218,7.23,7.36,7,7.3,581900
EMD,20090218,8.27,8.33,7.87,7.89,113700
EME,20090218,19.32,19.37,18.39,18.83,775600
EMF,20090218,8.33,8.38,8.04,8.27,224000
EMN,20090218,11.84,12.05,11.655,11.825,1235800
EMO,20090218,25.05,25.05,24.82,24.87,1200
EMR,20090218,30.05,30.27,29.45,29.9,7679500
ENB,20090218,16.15,16.15,15.775,15.91,563600
ENH,20090218,25.6,26.01,25.16,25.47,546200
ENR,20090218,44.74,45.41,43.85,44.4,772200
ENS,20090218,10.93,11.49,10.59,11.38,481800
ENZ,20090218,4.73,4.73,4.46,4.5,118400
EOD,20090218,8.6,8.87,8.42,8.55,195100
EOG,20090218,28.42,28.535,27.5,28.31,5905200
EOI,20090218,11.98,11.98,11.29,11.35,95300
EOS,20090218,10.54,10.8,10.33,10.35,299800
EP-C,20090218,29.25,30.2,28.55,28.55,5800
EPD,20090218,11.275,11.34,11.08,11.175,783900
EPE,20090218,21.75,22.44,21.13,21.2,105900
EPR,20090218,18.58,18.6,17.62,18.18,675500
EPR-C,20090218,7.91,7.95,7.75,7.94,10300
EPR-E,20090218,12.53,12.85,12.4,12.85,400
EQR,20090218,19.23,19.99,18.65,19.92,7209200
EQS,20090218,4.01,4.02,3.99,3.99,4500
EQT,20090218,34.04,34.17,32.07,32.25,2922900
EQY,20090218,12.33,12.66,11.88,12.13,459200
ERF,20090218,18.54,18.54,17.25,17.46,930200
ERJ,20090218,14.8,14.86,14.32,14.77,1126400
ES,20090218,4.95,5.67,4.95,5.51,1343800
ESD,20090218,11.96,11.96,11.13,11.43,275200
ESE,20090218,36.6,37.33,36.08,36.77,421300
ESL,20090218,36.87,37.27,36.09,36.43,145400
ESS,20090218,52.6,53.64,50.77,52.75,1276300
ESV,20090218,23.61,25.29,23.61,24.27,5390900
ETB,20090218,11.2,11.33,10.66,10.99,178800
ETE,20090218,9.525,9.525,9.145,9.22,865000
ETG,20090218,8.51,8.58,8.21,8.35,264300
ETH,20090218,10.72,10.95,10.28,10.56,397000
ETJ,20090218,17.17,17.37,17.08,17.17,206800
ETM,20090218,1.16,1.2,1.16,1.16,100500
ETN,20090218,21.205,21.52,20.875,20.965,1951200
ETO,20090218,11.97,11.97,11.37,11.52,149100
ETP,20090218,35.35,35.86,34.72,35.04,931800
ETR,20090218,69.97,70.01,68.18,68.67,2093700
ETV,20090218,10.52,10.52,10.2,10.36,274100
ETW,20090218,9.48,9.48,9.18,9.38,511500
ETY,20090218,10.55,10.55,10.01,10.04,424600
EV,20090218,18.46,18.6,17.6,17.86,1571500
EVC,20090218,0.54,0.62,0.47,0.47,251200
EVF,20090218,3.84,3.9,3.64,3.67,84000
EVG,20090218,12.97,13.06,12.81,12.94,140200
EVN,20090218,10.19,10.19,9.78,9.81,32900
EVR,20090218,11.88,12.61,11.65,12.53,185500
EVT,20090218,9.83,9.83,9.18,9.45,395300
EW,20090218,15.465,15.59,15.25,15.37,654900
EXC,20090218,50.25,50.39,48.63,49.11,3784000
EXG,20090218,9.31,9.31,8.81,8.84,813700
EXP,20090218,19.87,20.12,19.22,19.73,845300
EXR,20090218,6.23,6.5,6.1,6.28,833500
F,20090218,1.78,1.79,1.63,1.67,25053000
FAC,20090218,2.42,2.42,2.3,2.31,8600
FAF,20090218,25.33,26.32,24.88,25.85,1222700
FAM,20090218,10.56,10.56,10.23,10.24,85800
FBC,20090218,76,80,70,72,133400
FBP,20090218,63.75,63.75,53.4,59.7,3181900
FBR,20090218,0.22,0.22,0.2,0.2,215700
FC,20090218,3.86,3.93,3.76,3.82,12800
FCE.A,20090218,5.06,5.55,4.75,5.31,831600
FCE.B,20090218,5.42,5.42,4.38,5.15,30500
FCF,20090218,8.95,9.05,8.51,8.57,631100
FCH,20090218,1.17,1.18,1.02,1.11,914900
FCH-A,20090218,5.44,5.44,5.11,5.12,10200
FCN,20090218,43.56,43.79,42.61,43.15,476500
FCT,20090218,8.16,8.41,7.91,8.3,320600
FCX,20090218,13.825,14.325,13.28,14.22,35766200
FDP,20090218,24.69,24.93,23.68,23.89,166900
FDS,20090218,42.12,42.82,40.54,40.8,712400
FDX,20090218,49.49,50.38,47.47,48,3965500
FE,20090218,48.14,48.32,46.91,47.23,2702100
FEO,20090218,10.34,10.48,10.33,10.4,22900
FF,20090218,4.09,4.11,4.02,4.11,47000
FFA,20090218,8.41,8.44,8.29,8.39,55000
FFC,20090218,7.43,7.43,6.73,6.81,158600
FFG,20090218,6.71,6.89,6.06,6.19,124600
FGB,20090218,2.94,3.1,2.84,3.1,34700
FGP,20090218,13.35,13.42,12.5,12.68,310900
FHN,20090218,9.09,9.1,8.46,8.65,7895300
FHY,20090218,20.55,20.61,19.83,19.89,44700
FIF,20090218,19.82,20.02,19.56,19.76,225200
FIG,20090218,1.51,1.65,1.48,1.51,282500
FII,20090218,20.78,21.28,20.3,20.77,2856300
FIS,20090218,17.86,17.86,17.38,17.58,1463400
FIX,20090218,10.46,10.54,9.65,9.73,340600
FL,20090218,7.62,7.97,7.37,7.47,3744800
FLC,20090218,7.71,7.71,7.21,7.3,33600
FLO,20090218,10.4133,10.4578,10.1911,10.3289,792300
FLR,20090218,39.88,39.99,38.05,38.57,3214800
FLS,20090218,16.7533,17.2033,16.2233,16.7867,1165600
FLY,20090218,3.99,3.99,3.01,3.2,351000
FMC,20090218,22.845,22.9,22.105,22.38,608000
FMN,20090218,10.92,11.04,10.75,10.8,6500
FMO,20090218,13.87,14.09,13.6,13.61,128500
FMS,20090218,21.775,21.795,21.295,21.495,84300
FMX,20090218,24.61,25.03,24.38,24.74,1189300
FMY,20090218,15.6,16.14,15.6,16.05,25500
FNB,20090218,6.5,6.66,5.64,5.84,716400
FNF,20090218,17.58,19.38,17.42,18.58,5567600
FOE,20090218,2.72,2.72,2.17,2.19,698700
FOF,20090218,8.66,8.66,8.25,8.49,71900
FOR,20090218,8.99,9.01,8.43,8.67,514700
FPL,20090218,49.05,49.1,48.05,48.4,2385200
FPO,20090218,6.15,6.67,6.15,6.58,616400
FPT,20090218,10.83,10.83,10.63,10.64,15000
FR,20090218,3.43,3.43,3.03,3.4,1084400
FRA,20090218,9.52,9.55,9,9.16,56200
FRO,20090218,125.45,125.8,117.65,122.65,1362100
FRT,20090218,43.73,45.17,41.08,42.57,1967200
FSB,20090218,9.27,10,9.25,10,10800
FSS,20090218,7,7.23,6.79,7.1,305100
FT,20090218,4.19,4.4,3.95,4.09,67800
FTI,20090218,13.84,13.965,13.295,13.495,3880800
FTK,20090218,2.26,2.32,2.15,2.21,179400
FUL,20090218,13.12,13.3,12.51,12.56,324800
FUN,20090218,9.42,10.03,9.42,9.49,258400
G,20090218,8,9.37,7.52,8.54,758200
GAB,20090218,3.31,3.31,3.02,3.1,383000
GAB-D,20090218,22.57,22.57,22.45,22.45,800
GAM,20090218,15.28,15.32,14.85,15.03,76100
GAM-B,20090218,23.15,23.15,22.65,22.65,7100
GBL,20090218,33.84,33.84,30.23,30.6,97400
GBX,20090218,5.61,5.61,5.12,5.12,123300
GCH,20090218,7.75,7.87,7.47,7.86,92500
GCI,20090218,4.08,4.22,3.92,4.06,5939700
GCO,20090218,14.35,14.69,13.94,14.57,201000
GCV,20090218,5.97,6.12,5.75,5.95,7900
GCV-B,20090218,23.5,23.5,23.5,23.5,2300
GD,20090218,53.11,53.11,51.9,51.96,2690800
GDL,20090218,12.88,13.06,12.8,12.83,86700
GDV,20090218,8.98,9.04,8.32,8.44,280000
GDV-A,20090218,22.99,23.12,22.5,22.9,11400
GDV-D,20090218,24.13,24.2,22.75,22.76,14100
GE,20090218,11.07,11.15,10.68,10.86,95255000
GEF,20090218,30.5,30.87,29.5,30.54,339200
GEF.B,20090218,30.1,30.94,29.4,30.21,8300
GEO,20090218,13.76,13.78,12.69,13.24,369700
GER,20090218,21.57,21.89,20.7,21.18,34400
GES,20090218,17.05,17.24,16.3,16.6,1208200
GF,20090218,6.5,6.65,6.45,6.51,60300
GFA,20090218,5.49,5.545,5.105,5.14,1127800
GFF,20090218,8.23,8.31,7.94,8.12,342300
GFI,20090218,11.57,12,11.22,11.95,8788900
GFY,20090218,11.59,11.59,11.5,11.54,14500
GG,20090218,32.21,32.67,31.02,32.56,14142600
GGB,20090218,6.5,6.5,6.15,6.26,6015400
GGG,20090218,20.18,20.2,19.58,19.72,520800
GGP,20090218,0.53,0.59,0.5,0.52,5076100
GGT,20090218,3.57,3.61,3.38,3.38,21000
GGT-B,20090218,22.23,22.23,21.75,21.75,1000
GHL,20090218,66.6,67.1,65.02,65.55,187200
GIB,20090218,7.6,7.82,7.6,7.8,148700
GIL,20090218,3.605,3.775,3.51,3.64,1419900
GIM,20090218,7.7,7.7,7.51,7.6,296400
GIS,20090218,28.29,28.425,27.605,27.74,3213500
GJH,20090218,5.4,5.4,5.11,5.26,2800
GJO,20090218,17.6,18.23,17.6,17.85,1100
GJP,20090218,16.25,16.25,16,16,900
GJR,20090218,12.8,13.4,12.8,13,4200
GJS,20090218,10,10,10,10,200
GJT,20090218,7,7.21,7,7.21,2800
GJV,20090218,15,15,15,15,200
GLF,20090218,24.09,24.09,21.41,21.58,415200
GLP,20090218,12.77,12.77,12.51,12.56,7100
GLT,20090218,6.7,6.81,6.48,6.68,285900
GLW,20090218,10.86,11.03,10.63,10.75,14557800
GM,20090218,2.3,2.32,2.02,2.06,11707600
GME,20090218,25.21,25.53,24.62,24.87,2013900
GMS,20090218,3.27,3.55,3.15,3.23,74700
GNK,20090218,154.9,154.9,128,130.9,2762100
GNW,20090218,2.13,2.23,1.85,1.94,14456500
GOF,20090218,9.9,10.01,9.65,9.91,23300
GOL,20090218,41.9,41.9,40,40.1,529100
GPC,20090218,30.83,31.4,29.7,30,3421000
GPE-A,20090218,24.6,24.6,24.5,24.5,1000
GPI,20090218,9.05,9.15,7.82,7.87,901200
GPK,20090218,0.65,0.67,0.57,0.58,872900
GPM,20090218,2.7,2.85,2.7,2.82,496300
GPN,20090218,17.1,17.305,16.895,17.085,598200
GPS,20090218,11.47,11.55,11.11,11.26,9036100
GPX,20090218,3.84,3.98,3.66,3.91,27500
GRA,20090218,6.64,6.94,6.31,6.8,862600
GRR,20090218,9.84,10.08,9.81,9.81,6900
GRX,20090218,4.8,4.89,4.8,4.82,7700
GS,20090218,87.69,87.69,81.07,84.5,32603900
GS-A,20090218,12.48,12.48,11.31,11.94,89400
GS-B,20090218,17.83,18.15,16.59,16.91,112600
GS-C,20090218,13.32,13.7,13.25,13.25,20200
GS-D,20090218,13.2,13.2,11.76,12.25,76800
GSH,20090218,16.09,16.48,16.09,16.26,69400
GSK,20090218,34,34,33.59,33.68,1373000
GSL,20090218,3.19,3.2,2.77,2.86,334100
GTN,20090218,0.44,0.47,0.43,0.43,74700
GTN.A,20090218,0.92,1.08,0.92,1.08,1100
GTS,20090218,13.62,14.03,13.4,13.75,112800
GTY,20090218,17.25,17.66,16.81,17.32,53800
GUT,20090218,7.35,7.37,6.5,6.5,143300
GUT-A,20090218,23.3,23.75,23.29,23.75,1600
GVA,20090218,32.17,32.43,30.25,30.76,1108500
GWR,20090218,23.2,23.2,22.23,22.86,456800
GWW,20090218,73.51,73.51,70.11,71,1903500
GXP,20090218,14.52,14.63,14.03,14.14,2540700
GYB,20090218,11.41,11.8,10.62,10.62,18700
GYC,20090218,14.03,14.03,14.03,14.03,0
HAE,20090218,29.885,29.895,28.725,29.01,439800
HAL,20090218,16.5,17.24,16.39,17.01,17276400
HAR,20090218,11.33,11.45,10.62,10.82,1985300
HBI,20090218,1.8425,1.8425,1.7175,1.74,861600
HCN,20090218,31.98,32.29,30.82,31.62,2458200
HCP,20090218,19.42,19.7,18.6,19.32,6202500
HD,20090218,20.25,20.26,19.43,19.8,23376000
HDB,20090218,11.282,11.34,10.66,10.862,594400
HE,20090218,20.35,20.37,19.11,19.16,1775900
HE-U,20090218,24,24,23.33,24,900
HEI,20090218,15.405,15.5115,14.4507,14.5326,236100
HEI.A,20090218,13.4656,13.7779,12.3904,12.7846,83600
HEP,20090218,13.61,13.995,12.635,12.68,117300
HES,20090218,53.29,53.73,50.9,51.78,4501400
HF,20090218,1.79,1.9,1.75,1.88,13100
HFC,20090218,12.755,12.87,11.465,11.74,1348700
HGG,20090218,10.15,10.4,9.6,10.16,543000
HGT,20090218,11.6,11.65,10.71,10.91,358200
HHS,20090218,6.04,6.14,5.8,5.98,257500
HI,20090218,18.3,18.35,17.47,18.06,208100
HIG,20090218,10.27,10.68,9.3,10.24,22765000
HIL,20090218,4.5,4.57,3.74,3.77,635000
HIO,20090218,4.13,4.17,4.01,4.02,315100
HIW,20090218,20.17,20.27,18.73,19.89,1645900
HIX,20090218,5.47,5.57,5.31,5.43,415000
HJV,20090218,12.8,12.85,12.8,12.85,1400
HK,20090218,19.49,19.5,17.79,18.24,5532200
HL,20090218,1.82,1.82,1.67,1.77,3352400
HL-B,20090218,39.7,39.7,39.7,39.7,0
HLF,20090218,9.86,10.175,9.685,10.09,442100
HLS,20090218,10.63,10.72,10.14,10.28,523700
HLX,20090218,4.13,4.25,3.94,4.04,2388600
HMC,20090218,24.4,24.45,24.01,24.27,1958100
HMN,20090218,9.83,10.16,9.12,9.38,336900
HMY,20090218,12.46,13.12,12.24,13.06,6042900
HNI,20090218,12.47,14,12.3,12.6,994600
HNP,20090218,26.6,26.6,25.85,26.31,270200
HNR,20090218,16,16,13.96,14,348200
HOG,20090218,11.95,12.17,11.09,11.35,7704100
HON,20090218,31.4,31.4,30.04,30.29,7309600
HOS,20090218,15.03,15.03,13.42,14.01,2306900
HOV,20090218,1.43,1.43,1.07,1.22,3517400
HP,20090218,21.77,22.27,21.61,22.15,3465700
HPF,20090218,11.63,11.83,10.3,10.3,130500
HPI,20090218,12.38,12.38,11.02,11.2,144600
HPQ,20090218,15.7318,15.8955,15.2409,15.4909,28617700
HPS,20090218,10.71,10.71,9.16,9.27,129200
HQH,20090218,11.45,11.45,10.83,11.08,72300
HQL,20090218,8.76,8.81,8.49,8.64,69200
HR,20090218,14.83,14.9,14.16,14.73,1050000
HRB,20090218,21.15,21.25,20.52,20.68,3714200
HRC,20090218,11.94,11.94,11.39,11.62,819600
HRL,20090218,7.6675,7.7525,7.51,7.605,566500
HRS,20090218,40.78,41.59,40.11,41.14,2224400
HSC,20090218,23.5,23.88,22.95,23.5,786500
HST,20090218,4.15,4.44,3.93,4.11,16931900
HSY,20090218,35.21,35.21,34.48,34.79,1582700
HT,20090218,2.29,2.33,2.23,2.23,331000
HTD,20090218,9.03,9.03,8.42,8.55,243600
HTH,20090218,10.68,10.74,10.45,10.57,383800
HTY,20090218,10.46,10.96,10.27,10.36,36400
HTZ,20090218,18.72,19.12,17.72,18.08,1152900
HUM,20090218,42.09,42.42,40.26,41.66,2380300
HUN,20090218,2.79,2.79,2.5,2.52,2608800
HVT,20090218,7.99,8.27,7.98,8.07,96600
HVT.A,20090218,8.16,8.23,8.16,8.21,300
HW,20090218,3.39,3.39,2.8,2.87,951100
HXL,20090218,7.91,7.93,7.49,7.55,758700
HYB,20090218,5.4,5.4,5.04,5.04,168800
HYH,20090218,18.75,18.75,17.86,17.86,1200
HYI,20090218,3.37,3.48,3.16,3.22,45100
HYT,20090218,6.65,6.73,6.25,6.29,157400
HZO,20090218,1.55,1.8,1.47,1.67,203600
IAE,20090218,10.5,10.8,10.44,10.77,54300
IAG,20090218,8.65,8.72,8.11,8.67,5804800
IBA,20090218,12.87,12.87,12.26,12.55,5500
IBM,20090218,91.17,92.25,90.44,91.51,8491000
IBN,20090218,2.988,3.048,2.878,2.94,2650200
ICB,20090218,14.5,14.69,14.27,14.59,10000
ICE,20090218,11.88,12.016,11.286,11.628,1574300
IDA,20090218,26.14,26.14,25.54,25.63,484800
IDT,20090218,0.38,0.39,0.33,0.33,132300
IEX,20090218,21.52,21.52,20.59,20.85,724400
IFF,20090218,28.57,28.67,27.62,27.95,920700
IFN,20090218,15.57,15.88,15.35,15.73,240500
IGA,20090218,10.65,10.75,10.35,10.46,145300
IGD,20090218,9.15,9.19,8.91,8.99,622000
IGR,20090218,3.21,3.33,3.1,3.12,462400
IGT,20090218,9.51,9.6,9.14,9.34,4699200
IHC,20090218,3.7,3.7,3.42,3.49,13400
IHG,20090218,8.244,8.268,8.076,8.208,235800
IID,20090218,8.33,8.61,8.31,8.39,63100
IIF,20090218,11.6,11.78,11.5,11.65,83000
IIM,20090218,12.08,12.08,11.79,11.88,32500
IMAX,20090218,4.35,4.35,4.2,4.27,89400
IMN,20090218,8.96,9.29,8.86,8.99,283800
INB,20090218,6.96,7.03,6.51,6.86,53900
ING,20090218,6.29,6.34,6,6.14,1628000
INT,20090218,14.25,14.5,13.895,14.115,954400
INZ,20090218,9.27,10.01,7.69,7.94,228000
IO,20090218,21.75,21.75,19.65,19.65,1434600
IOC,20090218,18,18.5,16.75,17.5,236400
IP,20090218,6.53,6.74,6.27,6.47,10895000
IPG,20090218,3.54,3.58,3.33,3.39,4620800
IPI,20090218,22,22.84,21.5,22.33,750400
IQI,20090218,10.3,10.33,10.08,10.1,29600
IR,20090218,16.48,16.98,16.22,16.59,6590100
IRL,20090218,4.25,4.25,4,4.15,29500
IRM,20090218,19.83,20.02,19.42,19.82,1754800
IRR,20090218,13.4,13.43,13.15,13.21,121800
IRS,20090218,3.2,3.31,3.13,3.28,47400
ISF,20090218,8.13,8.13,6.15,6.41,215900
ISG,20090218,8.4,8.4,6,6.23,153300
ISP,20090218,7.77,7.77,6,6.35,98600
IT,20090218,11.25,11.31,10.93,11,688300
ITG,20090218,22.94,23.6,21.25,21.42,391100
ITT,20090218,20.835,21.205,20.47,20.775,1818700
ITW,20090218,33.14,33.23,32.27,32.78,6064900
IVC,20090218,19.18,19.23,18.62,18.81,267400
IVZ,20090218,12.8,13,12.27,12.81,4411500
IX,20090218,12.06,12.95,12.06,12.64,132300
JBK,20090218,13.65,13.65,13.5,13.5,200
JBL,20090218,5.72,5.75,5.51,5.63,2213600
JBR,20090218,12.98,13.46,12.88,13,3400
JBT,20090218,10.05,10.66,9.9,10.07,284700
JCE,20090218,9.03,9.03,8.8,8.96,46400
JCI,20090218,12.94,12.94,12.2,12.59,6253700
JCP,20090218,15.58,15.83,14.67,14.86,6856100
JDD,20090218,5.69,5.79,5.55,5.56,144100
JEC,20090218,37.24,37.9,35.27,36.48,4441400
JEQ,20090218,4.17,4.26,4.12,4.17,65700
JFC,20090218,7.7,7.98,7.66,7.66,4300
JFR,20090218,6.62,6.67,5.91,6.13,791800
JHI,20090218,12.9,13.14,12.86,12.97,10800
JHS,20090218,10.5,10.78,10.5,10.53,18300
JHX,20090218,10.55,10.56,10.37,10.37,2000
JLL,20090218,23.47,23.56,21.94,22.89,762900
JMP,20090218,4.85,5,4.57,4.88,41400
JNJ,20090218,55.7,56.26,55.42,55.83,15517100
JNPR,20090218,15.1,15.25,14.6,14.71,8261600
JNS,20090218,5.26,5.43,4.88,5.08,2664300
JOE,20090218,23.03,23.19,21.9,22.29,1339800
JOF,20090218,6.05,6.11,6,6.01,117000
JOY,20090218,19.36,19.88,18.39,19.02,4114600
JPC,20090218,4.21,4.21,4,4.09,409500
JPM,20090218,22.18,22.3,21,21.51,82841504
JPM-E,20090218,38.5,38.5,31.46,32.2,71800
JPM-F,20090218,35.65,35.85,31.35,31.35,5800
JPM-G,20090218,29.88,33.95,29.88,31,9400
JPS,20090218,4.18,4.19,3.89,4.06,434200
JQC,20090218,4.3,4.36,4.08,4.18,507000
JRO,20090218,5.95,6.05,5.6,5.67,113500
JTA,20090218,6.81,6.99,6.8,6.89,38000
JTD,20090218,7.85,7.89,7.51,7.7,39000
JW.A,20090218,34.66,34.66,32.97,33.07,314000
JW.B,20090218,34.47,34.47,33.17,33.26,1100
JWN,20090218,12.75,12.81,11.93,12.04,6013900
K,20090218,40.54,40.74,39.98,40.33,2851400
KAI,20090218,10.11,10.36,9.95,10.04,52700
KB,20090218,19.29,19.54,18.36,19.15,811700
KBH,20090218,11.34,11.68,10.43,10.63,4826600
KBR,20090218,14.22,14.31,13.58,13.81,2563400
KCC,20090218,16.62,16.62,15.7,16.02,3500
KED,20090218,11.52,11.55,10.2,10.79,109900
KEF,20090218,4.89,4.9,4.85,4.85,10500
KEG,20090218,2.94,2.94,2.75,2.79,1123900
KEM,20090218,0.66,0.69,0.6,0.6,21100
KEP,20090218,8.44,8.44,8.21,8.27,855400
KEX,20090218,24.18,24.18,22.44,22.83,957400
KEY,20090218,6.39,6.39,5.75,6.18,10174100
KEY-G,20090218,56.5,57.2,53.89,55.26,9700
KF,20090218,19.7,19.9,19.51,19.84,171900
KFS,20090218,2.35,2.44,2.11,2.35,152800
KFY,20090218,10.14,10.38,9.97,10.24,311500
KGC,20090218,19.2,19.64,18.32,19.49,11146900
KIM,20090218,9.72,9.84,9.25,9.79,8965200
KMB,20090218,46.999,47.2675,46.1361,46.4334,2454400
KMM,20090218,6.2,6.2,6,6.07,104600
KMT,20090218,17.73,17.95,17.03,17.31,847600
KMX,20090218,9,9.2,8.83,9.05,3014700
KND,20090218,15.12,15.16,14.49,14.89,329800
KNL,20090218,7.07,7.3,6.71,7.16,822800
KNX,20090218,13.37,13.5,13.13,13.31,918200
KO,20090218,21.39,21.52,21.125,21.34,9054300
KOF,20090218,34.15,34.15,33.02,33.38,110500
KOP,20090218,16.12,16.77,15.81,16.1,416900
KOS,20090218,22.85,22.96,22.1,22.45,8400
KR,20090218,10.52,10.94,10.43,10.86,11144500
KRC,20090218,19.58,20.16,18.7,19.74,939800
KRG,20090218,14.12,15.36,13.8,14.28,201300
KRO,20090218,7.29,7.29,6.735,6.735,10300
KSM,20090218,9.52,9.58,9.32,9.58,20700
KSS,20090218,35.25,36.11,33.95,34.24,8440400
KST,20090218,8.49,8.53,8.18,8.25,16500
KSU,20090218,18.84,19.23,18.38,19.14,1989300
KSU.P,20090218,20.15,20.15,20.15,20.15,0
KT,20090218,12.65,12.65,12.17,12.25,1036200
KTF,20090218,9.52,9.74,9.24,9.35,78900
KTH,20090218,24.85,24.85,24.85,24.85,1300
KTN,20090218,17.15,17.16,17.05,17.05,1400
KTP,20090218,14.76,15.11,14,14.5,3000
KW,20090218,9.43,9.43,9.42,9.42,154400
KWR,20090218,9.91,9.97,9.06,9.2,88900
KYE,20090218,14.83,14.87,14,14.02,135100
KYN,20090218,18.7,18.73,17.84,17.9,126800
KYO,20090218,31.325,31.375,30.52,30.74,10900
L,20090218,21.36,21.89,20.65,21.28,5860400
LAD,20090218,3.3,3.3,3,3.18,53800
LAZ,20090218,28.23,29.4,27.91,28.12,855200
LBF,20090218,6.01,6.01,5.7,5.75,33800
LCM,20090218,8.01,8.06,7.9,7.98,67400
LDF,20090218,8.2,8.24,8.1,8.1,44800
LDL,20090218,3.41,3.41,3.06,3.11,64300
LDR,20090218,54.28,55.07,54.11,54.48,69300
LEA,20090218,0.325,0.345,0.315,0.32,868000
LEE,20090218,0.31,0.31,0.24,0.29,370800
LEG,20090218,12.81,12.81,12.35,12.45,2377500
LEN,20090218,7.61,7.74,6.67,6.9,8728200
LEN.B,20090218,5.52,5.7,5.01,5.19,36700
LEO,20090218,6.47,6.47,6.23,6.31,111000
LFC,20090218,14.4967,14.5233,14.0133,14.3067,2607100
LFL,20090218,8.55,8.69,8.36,8.47,300000
LGF,20090218,4.25,4.69,3.9,4.48,1421300
LGI,20090218,10.23,10.23,9.84,10,35200
LH,20090218,62.65,62.66,61.46,61.93,1368600
LHO,20090218,5.62,5.74,5.16,5.6,1259300
LII,20090218,27.56,27.7,26.53,26.67,1155900
LL,20090218,9.82,10.04,9.08,9.19,297100
LLL,20090218,76.09,76.54,75.2,75.72,1308400
LLY,20090218,34.76,34.76,34.11,34.4,5916800
LM,20090218,15.15,15.34,14.37,14.81,3432400
LMT,20090218,75.99,78.42,74.98,77.03,3980800
LNC,20090218,13.1,13.69,12.41,13.38,6402300
LNN,20090218,27.85,28.98,27.18,27.68,339300
LNT,20090218,13.02,13.02,12.45,12.62,1889100
LOR,20090218,7.27,7.27,6.96,6.96,50100
LOW,20090218,17.17,17.3,16.79,16.89,18041700
LPL,20090218,8.9,9.09,8.8,8.95,1022800
LPX,20090218,2.09,2.11,1.98,1.99,486400
LRN,20090218,18.14,18.99,18.14,18.49,133200
LSI,20090218,3.08,3.09,2.95,2.97,7449900
LTC,20090218,18.32,18.68,17.91,18.05,178900
LUB,20090218,4.57,4.69,4.49,4.56,76500
LUK,20090218,14.46,15.52,14.35,15.49,3840600
LUV,20090218,7.02,7.05,6.6,6.69,13973400
LUX,20090218,13.73,13.93,13.51,13.73,108700
LVLT,20090218,14.4,14.4,12,12,11420400
LVS,20090218,3.2,3.22,2.9,2.95,13697700
LXP,20090218,3.9,4,3.63,3.85,894600
LXP-C,20090218,15,17,15,15.86,2000
LXU,20090218,8.31,8.34,8.03,8.19,203100
LYG,20090218,3.12,3.12,2.8,2.83,1401900
LYV,20090218,3.62,3.74,3.39,3.4,1370700
LZB,20090218,0.95,1.13,0.95,0.95,1738700
M,20090218,8.17,8.27,7.72,7.89,12778000
MA,20090218,15.704,16.05,15.37,15.904,3137300
MAA,20090218,26.43,26.89,25.45,26.05,630900
MAC,20090218,11.76,11.8,10.5,10.79,3368500
MAIN,20090218,9.95,9.95,9.38,9.74,10400
MAN,20090218,31.12,31.57,30.5,31.26,843800
MAS,20090218,6.02,6.14,5.58,5.89,8641000
MAV,20090218,9.89,9.89,9.25,9.37,68000
MBI,20090218,4.84,4.93,3.51,4.51,28785400
MBT,20090218,8.88,9.052,8.6,8.956,2793700
MCA,20090218,10.42,10.56,10.42,10.53,43100
MCD,20090218,56,56.56,55.55,56.41,9489600
MCI,20090218,10.96,10.96,10.37,10.775,3100
MCK,20090218,45.06,45.24,44.03,44.59,3635500
MCN,20090218,5.52,5.55,5.36,5.45,65600
MCO,20090218,23.03,23.4,22.11,22.3,4720100
MCR,20090218,7.51,7.55,7.31,7.44,148700
MCS,20090218,10.43,10.62,10.22,10.28,48400
MCY,20090218,31.36,31.5,30.08,30.58,524300
MD,20090218,18.415,19.39,18.09,18.605,144400
MDC,20090218,29.14,29.5,27.18,27.4,1317200
MDP,20090218,14,14.09,13.29,13.56,718600
MDR,20090218,12.15,12.41,11.57,12.04,5186300
MDT,20090218,34.71,35.14,34.1,34.33,8710900
MDU,20090218,16.87,16.89,15.86,16.02,2754900
MED,20090218,5.42,5.65,5.15,5.2,374000
MEG,20090218,1.92,2.03,1.78,1.9,205400
MEI,20090218,4.48,4.58,4.31,4.37,182100
MEN,20090218,8.52,8.57,8.26,8.35,47100
MER-K,20090218,8,8.02,6.41,6.55,371700
MER-P,20090218,9.28,9.28,7.23,7.55,178900
MET,20090218,24.94,25.23,23.43,24.2,9193900
MET-A,20090218,13,13.35,12.85,13.05,28400
MFA,20090218,5.79,5.95,5.64,5.89,6610400
MFC,20090218,12.69,12.69,11.59,11.99,3874800
MFD,20090218,8.87,8.91,8.46,8.55,42500
MFG,20090218,4.18,4.29,4.11,4.19,1094800
MFL,20090218,10.49,10.61,10.46,10.5,55900
MFM,20090218,5.12,5.16,4.96,5.01,97800
MFT,20090218,10.47,10.48,10.41,10.41,38200
MFV,20090218,4.31,4.34,4.25,4.25,8600
MGA,20090218,7.2425,7.3175,6.96,7.0425,846600
MGF,20090218,7.62,7.74,7.38,7.4,113700
MGM,20090218,4.99,4.99,4.64,4.75,4954700
MGU,20090218,11.86,11.99,10.75,10.97,153500
MHD,20090218,11.3,11.32,11.12,11.19,31300
MHF,20090218,6.48,6.6,6.23,6.23,55700
MHI,20090218,10.09,10.09,9.77,9.82,60200
MHK,20090218,32.46,32.72,30.23,30.34,1225900
MHN,20090218,10.32,10.35,10.17,10.24,60300
MHO,20090218,6.5,6.68,6.02,6.27,271800
MHO-A,20090218,6.5,6.5,6,6.35,2400
MIC,20090218,3.92,3.92,3.25,3.36,302100
MIN,20090218,6.4,6.43,6.38,6.43,414000
MIY,20090218,10.7,10.7,10.44,10.48,53000
MJN,20090218,27.63,28.22,27.2,27.95,1465700
MKC,20090218,31.35,31.35,30.6,30.8,731800
MKC.V,20090218,30.69,30.69,30.69,30.69,100
MKL,20090218,295,301.48,293.6,295.06,44400
MLI,20090218,10.5,10.615,10.105,10.18,306800
MLM,20090218,74.07,74.57,70.31,71.51,712200
MLP,20090218,9.3,9.43,8.46,8.47,19700
MLR,20090218,5.3,5.56,5.3,5.55,8000
MMC,20090218,19.87,20.19,19.32,19.67,5491900
MMM,20090218,47.26,47.58,46.61,47.14,4963700
MMP,20090218,17.495,17.495,16.98,17.04,266800
MMS,20090218,9.1675,9.23,8.97,9.13,177500
MMT,20090218,5.16,5.28,5.03,5.08,248900
MMU,20090218,10.01,10.09,9.93,10.01,53800
MNE,20090218,10.17,10.22,9.84,9.84,19700
MNI,20090218,5.4,6.1,5.1,5.1,184600
MNP,20090218,10.91,10.92,10.87,10.88,12400
MO,20090218,15.63,15.75,15.41,15.53,19202800
MOD,20090218,1.1,1.24,1.05,1.05,827000
MOG.A,20090218,29.46,29.49,28.52,29.03,158400
MOG.B,20090218,28.98,29.49,28.77,29.32,1400
MOH,20090218,14.46,15.16,14.1,14.48,535600
MON,20090218,77.5,77.76,74.95,77.19,6990800
MOS,20090218,40.38,41.7,39.41,40.88,7728800
MOV,20090218,7.16,7.2,6.69,6.8,139800
MP-D,20090218,23.1,23.1,23.1,23.1,0
MPA,20090218,11.34,11.34,11.2,11.24,10300
MPG,20090218,2.02,2.02,1.8,1.92,528900
MPV,20090218,10.15,10.15,9.31,9.55,11500
MPW,20090218,4.01,4.09,3.65,3.8,1349000
MPX,20090218,3.6,3.7,3.47,3.5,22300
MQT,20090218,9.63,9.69,9.54,9.61,38600
MQY,20090218,11.81,11.92,11.56,11.59,36600
MRK,20090218,28.71,28.8,28,28.64,14352200
MRO,20090218,25.25,25.45,24.16,24.47,7559000
MRT,20090218,1.63,1.79,1.56,1.7,25000
MS,20090218,20.38,20.56,18.82,20.18,45580300
MS-A,20090218,9.98,10.16,9.64,10,49800
MSA,20090218,19.06,19.23,18.46,18.87,179600
MSB,20090218,8,8,7.79,7.96,121600
MSCI,20090218,16.62,16.85,16.08,16.26,560700
MSD,20090218,7.39,7.4,7.1,7.1,122400
MSF,20090218,7.2,7.3,7.15,7.29,34100
MSI,20090218,26.18,26.39,24.85,25.41,19392600
MSM,20090218,33.82,33.92,33.01,33.32,444900
MSP,20090218,8.15,8.22,8.03,8.13,20900
MT,20090218,23.59,23.59,22.35,23.08,6788600
MTB,20090218,35.93,36.26,34.3,36.03,2212500
MTD,20090218,59.55,59.55,56.69,57.5,1195800
MTG,20090218,2.73,2.86,2.3,2.38,3731100
MTH,20090218,12.1,12.74,11.35,11.41,1236200
MTL,20090218,7.92,8.28,7,7.36,4519800
MTN,20090218,21.5,21.54,20.85,21.13,186900
MTR,20090218,29,29,24.5,24.54,9100
MTRN,20090218,14.39,14.55,13.65,14.09,194600
MTU,20090218,4.7,4.72,4.61,4.68,2571400
MTW,20090218,4.8,4.88,4.6,4.64,4835700
MTX,20090218,17.42,17.475,16.825,16.925,236500
MTZ,20090218,10.3,10.42,9.95,9.97,1361500
MUA,20090218,10.81,10.89,10.53,10.79,43700
MUC,20090218,10.29,10.39,10.27,10.35,120000
MUE,20090218,10.38,10.38,10.16,10.16,48100
MUH,20090218,10.7,10.7,10.55,10.6,33300
MUI,20090218,11.27,11.27,11.05,11.08,70800
MUJ,20090218,11.71,11.75,11.56,11.57,17600
MUR,20090218,43.76,43.76,41.74,42.22,1856400
MUS,20090218,10.37,10.39,10.17,10.17,17000
MVC,20090218,9.82,9.99,9.57,9.6,74100
MVO,20090218,10.3,10.74,10.3,10.42,7000
MVT,20090218,10.6,10.83,10.38,10.51,34400
MWA,20090218,2.83,2.83,2.5,2.6,1577900
MXE,20090218,4.52,4.52,4.39,4.5,11400
MXF,20090218,12.48,12.48,12.21,12.3,20600
MYC,20090218,10.56,10.62,10.54,10.57,52200
MYD,20090218,10.72,10.8,10.5,10.63,44300
MYE,20090218,5.11,5.23,4.92,4.92,171200
MYF,20090218,10.35,10.42,10.32,10.37,49500
MYI,20090218,10.61,10.72,10.36,10.48,190200
MYJ,20090218,11.79,11.79,11.59,11.65,8300
MYN,20090218,9.92,9.96,9.86,9.87,45600
MZF,20090218,10.2,10.2,10.1,10.13,13800
NAC,20090218,10.45,10.57,10.43,10.44,42800
NAD,20090218,11.07,11.1,10.98,11.02,57200
NAN,20090218,11.45,11.45,11.15,11.15,6200
NAT,20090218,29.11,29.3,28.05,28.67,682100
NAV,20090218,27.87,28.84,27.36,27.49,849900
NAV-D,20090218,10.6,10.6,10.6,10.6,0
NAZ,20090218,10.92,11.02,10.92,10.98,2300
NBL,20090218,24.96,25.115,23.815,24.32,2483200
NBR,20090218,10.33,10.41,9.53,9.69,8453500
NC,20090218,30.67,30.67,28.61,28.91,19500
NCA,20090218,8.59,8.65,8.51,8.53,26900
NCI,20090218,13.32,13.38,12.72,12.76,400900
NCR,20090218,9.89,9.96,9.56,9.59,1929200
NCS,20090218,52.4,53.65,51,51.95,187600
NCT,20090218,3.18,3.18,2.82,2.82,322500
NCT-B,20090218,2.1,2.3,2.1,2.2,2300
NCT-C,20090218,1.9,1.9,1.9,1.9,0
NCT-D,20090218,1.82,1.82,1.78,1.78,600
NCV,20090218,5.53,5.53,4.91,4.96,594800
NCZ,20090218,4.91,4.91,4.24,4.33,494200
NE,20090218,24.15,24.5,23.37,24.17,8146800
NEE,20090218,49.05,49.1,48.05,48.4,2385200
NEM,20090218,42.49,43.08,41.28,42.76,9768000
NEU,20090218,38.43,38.7,36.95,38.29,108200
NFG,20090218,32.45,32.45,31.86,32.13,888300
NFJ,20090218,12,12,11.54,11.63,369400
NFX,20090218,20.67,20.94,19.83,20.11,3629700
NGG,20090218,45.28,45.46,44.79,45.18,233900
NGS,20090218,8.27,8.4,7.75,8.06,119700
NHI,20090218,25.5,25.69,25,25.61,112700
NI,20090218,9.53,9.59,8.85,8.92,7592900
NIE,20090218,12.57,12.65,11.98,12.27,95200
NIM,20090218,9.63,9.85,9.63,9.82,27300
NJR,20090218,19.08,19.08,18.585,18.655,450200
NKE,20090218,10.58,10.985,10.4875,10.88,5862600
NL,20090218,11.29,11.29,10.5,10.62,16800
NLS,20090218,0.7,0.7,0.56,0.57,236400
NLY,20090218,14.82,14.86,14.08,14.44,15350800
NLY-A,20090218,21.25,21.25,20.32,20.32,10200
NM,20090218,3.51,3.55,3,3.1,2305800
NMI,20090218,9.97,9.97,9.85,9.95,8700
NMK-B,20090218,80.5,80.5,80.5,80.5,100
NMK-C,20090218,89.7,89.7,89.7,89.7,0
NMM,20090218,7.99,8.04,7.18,7.2,126500
NMR,20090218,4.89,4.89,4.51,4.55,1276200
NMT,20090218,12.49,12.8,12.13,12.21,9500
NMY,20090218,11.44,11.55,11.15,11.17,16200
NNA,20090218,8.98,9,8.98,8.99,9100
NNC,20090218,11.97,12.1,11.97,12.1,6300
NNI,20090218,10.85,11.14,10.61,10.88,188400
NNN,20090218,14.26,14.6,13.76,14.48,1652300
NNY,20090218,9.05,9.05,8.9,8.94,16200
NOA,20090218,2.39,2.48,2.31,2.34,200600
NOC,20090218,45.18,46.19,45.01,45.49,2364300
NOK,20090218,11.38,11.39,10.91,11.03,28469500
NOV,20090218,25.74,25.98,25.18,25.77,9679400
NP,20090218,5.34,5.35,4.82,5.17,134300
NPK,20090218,58.4,59.64,55.43,57.76,15400
NPO,20090218,22.03,22.1,20.93,21.07,337800
NPV,20090218,13.74,13.75,13.01,13.38,7800
NQP,20090218,11.13,11.13,10.94,10.97,36900
NR,20090218,3.82,3.86,3.62,3.64,263300
NRF,20090218,6.7,6.8,6.1,6.3,544200
NRF-A,20090218,9.5,9.9,9.5,9.75,4700
NRF-B,20090218,9.4,9.4,9.01,9.02,9100
NRG,20090218,20.51,20.51,19.51,19.68,2559200
NRP,20090218,234,235.1,216.7,220.2,227800
NRT,20090218,25,25,22.85,23.2,37000
NS,20090218,47.36,47.5,45.45,45.92,238800
NSC,20090218,35.68,36.5,35.12,35.56,3450600
NSH,20090218,19.25,19.4,18.79,18.91,201300
NSL,20090218,3.58,3.61,3.35,3.42,115100
NSM,20090218,11,11.4,10.79,11.27,8148300
NSR,20090218,16.31,16.32,15.74,15.99,780500
NTC,20090218,11.68,11.77,11.68,11.68,3400
NTG,20090218,16.84,17.34,16.43,17.07,193100
NTL,20090218,4.1,4.25,4.09,4.25,4400
NTT,20090218,22.28,22.28,21.95,22.08,1705500
NTX,20090218,12.93,13.14,12.92,12.92,14300
NTZ,20090218,1.42,1.54,1.41,1.45,27400
NUE,20090218,41.18,41.5,38.36,38.69,9083900
NUM,20090218,10.98,11.05,10.97,11.05,7000
NUO,20090218,12.92,12.95,12.92,12.92,8000
NUS,20090218,10.8,10.93,10.55,10.83,332500
NUV,20090218,9.27,9.31,9.2,9.25,220100
NVO,20090218,10.176,10.176,10.028,10.076,201100
NVR,20090218,369,372.86,351.69,356,177400
NVS,20090218,41.85,41.97,41.45,41.9,2056100
NW-C,20090218,4.56,6.99,4.27,4.52,41400
NWE,20090218,23.46,23.46,22.62,22.86,486100
NWL,20090218,7.37,7.37,6.89,6.94,5525300
NWN,20090218,43.03,43.24,42.26,42.53,121800
NWY,20090218,2.13,2.27,2.11,2.17,757000
NX,20090218,8.36,8.7,7.81,8,92500
NXC,20090218,13.05,13.05,12.78,12.85,8800
NXN,20090218,13.07,13.22,12.81,13.11,10400
NXP,20090218,13.81,13.81,13.41,13.66,26200
NXQ,20090218,13.5,13.5,13.21,13.35,22200
NXR,20090218,14.04,14.04,13.7,13.7,18600
NYT,20090218,3.78,3.83,3.65,3.71,825900
O,20090218,18.3,18.55,17.8,18.33,2280700
OB,20090218,11.07,11.49,10.76,11.16,116600
OC,20090218,13,13.47,11.3,11.91,2007600
OCN,20090218,8.74,9.12,8.63,9.07,575200
ODC,20090218,15.54,15.75,15.54,15.7,2000
OFC,20090218,24.54,24.68,23.44,24.28,1080500
OFG,20090218,4.6,4.6,4.18,4.21,195600
OFG-A,20090218,15.61,16.6,14.9,14.9,2500
OFG-B,20090218,16.5,16.5,16.5,16.5,0
OGE,20090218,12.135,12.19,11.775,11.875,668100
OHI,20090218,13.49,13.9,13.03,13.68,1422600
OI,20090218,15.81,16.03,15.19,15.42,2876500
OIA,20090218,5.54,5.67,5.54,5.56,7100
OII,20090218,15.505,15.535,14.895,15.245,976800
OIS,20090218,16.9,16.94,15.82,16.17,1159600
OKE,20090218,13.305,13.305,12.685,12.775,1089700
OKS,20090218,22.985,23.01,22.52,22.665,136200
OLN,20090218,13.5,13.59,13,13.29,1100100
OLP,20090218,4.34,4.34,3.81,4.06,43900
OMC,20090218,26.75,26.75,25.74,26,3967500
OME,20090218,3.59,3.65,3.36,3.41,80300
OMI,20090218,24.7933,24.86,24,24.48,633100
OMN,20090218,0.94,0.94,0.9,0.9,121900
OPY,20090218,12.8,12.95,11.7,12.35,32200
ORA,20090218,32.82,32.82,31.3,31.4,202500
ORCL,20090218,17.07,17.51,17,17.24,41327900
ORI,20090218,10.62,10.64,10,10.19,1537500
OSG,20090218,30.71,30.91,29.22,30.02,787900
OSK,20090218,7.62,7.69,6.95,7.08,1604300
OXM,20090218,5.74,5.74,5.49,5.69,101100
OXY,20090218,52.85,53.21,51.05,51.54,7838400
OZM,20090218,5.5,5.57,5.26,5.45,327400
PAA,20090218,20.085,20.085,19.265,19.5,570300
PAC,20090218,18.54,18.54,17.71,17.85,153200
PAG,20090218,6.12,6.14,5.41,5.44,1371800
PAI,20090218,11.3,11.5,11.06,11.07,17200
PAR,20090218,7.19,7.47,7.19,7.43,252900
PAY,20090218,5.1,5.17,4.81,4.87,680900
PBH,20090218,6.45,6.46,6.23,6.27,302600
PBI,20090218,22.12,22.38,21.51,21.73,1771400
PBR,20090218,28.1,28.16,26.36,26.82,30178600
PBR.A,20090218,23.01,23.05,21.75,22.02,12601700
PBT,20090218,10.91,10.95,8.75,9.07,1012000
PCF,20090218,5.56,5.66,5.25,5.36,64200
PCG,20090218,37.04,37.1,35.23,35.56,4568000
PCK,20090218,8.06,8.28,7.8,7.8,103200
PCM,20090218,6.1,6.83,6.1,6.45,35800
PCN,20090218,10.49,10.49,9.99,10,290800
PCQ,20090218,10.09,10.25,9.91,9.94,38500
PDS,20090218,2.57,2.6,2.35,2.41,4518600
PDT,20090218,6.65,6.65,6.11,6.13,100300
PEG,20090218,29.56,29.6,28.98,29.18,3054900
PEI,20090218,3.95,4.35,3.88,4.26,932100
PEO,20090218,18.77,18.99,18.57,18.72,72300
PEP,20090218,52.27,52.27,51.13,51.53,6145300
PER,20090218,11.96,11.96,11.37,11.59,1504400
PFD,20090218,6,6.13,5.56,5.7,53400
PFE,20090218,14.11,14.4,14.06,14.16,48398000
PFG,20090218,11.05,11.19,10.32,10.55,5365100
PFH,20090218,13.31,13.31,13.17,13.17,300
PFK,20090218,16.87,16.87,15.1,15.85,14000
PFL,20090218,7.34,7.44,7,7.1,142500
PFN,20090218,6.11,6.4,5.65,6.05,461400
PFO,20090218,5.25,5.3,4.6,4.8,89000
PFS,20090218,9.39,9.61,9.01,9.18,700800
PG,20090218,49.84,51.17,49.75,50.95,16755000
PGH,20090218,7.73,7.76,7.26,7.31,1328900
PGP,20090218,10.49,10.49,9.5,9.62,77400
PGR,20090218,12.17,12.53,11.95,12.09,6181300
PH,20090218,38.99,39.55,38.08,38.67,1954800
PHD,20090218,7.91,7.91,7.43,7.65,104300
PHG,20090218,17.61,17.81,17.19,17.56,985600
PHH,20090218,10.39,10.67,9.98,10.35,395900
PHI,20090218,46.88,46.88,45.07,45.42,163600
PHK,20090218,7.08,7.15,6.48,6.53,2169400
PHM,20090218,10.16,10.22,9.31,9.51,8063800
PHT,20090218,8.42,8.42,7.76,7.8,143900
PHX,20090218,18.03,18.04,16.22,16.88,51700
PII,20090218,9.73,9.79,8.945,9.02,722900
PIM,20090218,4.32,4.34,4.23,4.24,187400
PIR,20090218,0.3,0.34,0.29,0.32,380600
PIY,20090218,14,14,14,14,0
PJC,20090218,28.25,28.53,26.58,27.18,170600
PJT,20090218,19.26,19.46,18.86,18.97,10700
PKD,20090218,1.7,1.77,1.6,1.63,1081000
PKE,20090218,17.17,17.31,16.76,16.91,49100
PKG,20090218,12.66,12.82,12.23,12.37,833200
PKI,20090218,13.91,14.05,13.12,13.42,2658200
PKO,20090218,17.05,17.85,17.05,17.75,101300
PKX,20090218,57.77,57.89,55,57.05,612300
PKY,20090218,12.79,12.81,12.22,12.6,115300
PLD,20090218,13.63,13.72,12.1,13.65,2851500
PLT,20090218,9.31,9.58,9.19,9.31,426900
PM,20090218,34.96,35.63,34.79,35.4,13314000
PMC,20090218,18.76,19.16,18.39,19.1,499700
PMF,20090218,10.58,10.79,10.51,10.58,37400
PML,20090218,8.45,8.46,8.01,8.17,207500
PMM,20090218,5.4,5.41,5.36,5.38,85700
PMO,20090218,9.21,9.24,9.16,9.18,85400
PMX,20090218,8.79,8.84,8.28,8.42,185200
PNC,20090218,27,27,24.47,25.6,11216000
PNF,20090218,8.41,8.59,8.2,8.24,31000
PNI,20090218,9.84,9.84,9.59,9.74,5400
PNM,20090218,7.99,8.09,7.79,7.87,1258800
PNR,20090218,23.74,23.9,23,23.31,825200
PNW,20090218,31.25,31.25,30.13,30.68,2174400
POL,20090218,2.33,2.38,2.19,2.3,413400
POR,20090218,17.76,17.76,17.13,17.23,785200
POT,20090218,26.5533,27.3967,25.4633,27.2433,14844100
PPG,20090218,17.135,17.315,16.69,17.045,1895500
PPL,20090218,29.89,30,29.43,29.61,2424300
PPR,20090218,3.75,3.79,3.55,3.57,326200
PPT,20090218,4.29,4.3,4.24,4.29,355500
PQ,20090218,23.12,23.2,21.32,21.6,973700
PRA,20090218,24.325,24.735,23.75,23.95,186800
PRO,20090218,4.9,5.33,4.84,4.84,270000
PRU,20090218,23.32,23.32,21.56,22.61,10103300
PSA,20090218,55.08,55.88,52.97,55.14,2838100
PSA-A,20090218,18.45,20.37,18.2,18.36,6000
PSA-B,20090218,20.15,20.15,19,19.1,4400
PSA-C,20090218,18.15,18.31,17.84,18.31,3300
PSA-D,20090218,17.28,17.28,16.83,16.85,6600
PSA-E,20090218,18.56,18.56,18.23,18.3,6500
PSA-V,20090218,20.27,20.94,20.27,20.94,22600
PSA-W,20090218,18.09,18.09,17.75,17.75,6300
PSA-X,20090218,18.05,18.05,17.92,17.92,1300
PSA-Z,20090218,17.7,17.7,16.8,16.8,4400
PSB,20090218,36.29,36.89,35.11,36.16,185900
PSO,20090218,9.17,9.21,9.02,9.15,190700
PTR,20090218,75.76,76.51,74.58,75.4,815200
PTY,20090218,9.67,9.86,9.31,9.39,458900
PUK,20090218,7.66,7.66,7.26,7.47,416700
PUK-A,20090218,14.5,14.5,11.43,12.19,32700
PUK.P,20090218,14.66,14.8,11.88,12.87,34200
PVG,20090218,12.05,12.9,10.5,10.79,66200
PVH,20090218,17.99,18.18,17.29,17.75,550100
PWE,20090218,10.42,10.42,9.38,9.39,4408600
PWR,20090218,18.04,18.25,17.07,17.28,3374000
PX,20090218,65.38,66,63.47,64.03,4623700
PXD,20090218,15.76,15.9,14.8,15.11,3831400
PYN,20090218,8.29,8.31,8.16,8.2,5900
PYS,20090218,12.25,12.7,12.05,12.7,400
PYT,20090218,10.43,10.43,10.43,10.43,0
PZC,20090218,7.85,7.88,7.63,7.64,80800
PZE,20090218,3,3,2.82,2.855,369600
PZN,20090218,2.64,2.71,2.41,2.63,26700
Q,20090218,3.57,3.58,3.25,3.32,33123300
QTM,20090218,0.6,0.6,0.51,0.54,1023500
R,20090218,28.22,28.27,26.41,26.96,2403900
RAD,20090218,0.25,0.27,0.23,0.24,2852800
RAI,20090218,19.015,19.015,18.525,18.61,1950300
RAS,20090218,4.68,4.8,4.02,4.11,770000
RAS-A,20090218,6.1,6.1,5.67,5.67,3900
RAS-B,20090218,6.18,6.29,6,6.01,6000
RAS-C,20090218,6.96,6.96,6.66,6.8,11700
RBA,20090218,17.45,19.2,17.43,18.46,1160200
RBC,20090218,31.74,31.74,29.25,29.38,708100
RBS,20090218,5.44,5.44,4.75,5.1,1076800
RBS-F,20090218,5.2,5.2,4,4,17000
RBS-H,20090218,3.75,3.75,2.95,3.25,59300
RBS-L,20090218,3.03,3.03,2.61,2.64,93600
RBS-S,20090218,3.22,3.29,2.82,2.95,157300
RCI,20090218,25.83,25.99,24.26,25.25,1725500
RCL,20090218,6.4,6.47,6.05,6.4,4414400
RCS,20090218,9.35,9.47,9.19,9.2,58100
RDC,20090218,11.78,11.78,10.97,11.21,4792800
RDN,20090218,2.82,2.96,2.39,2.43,1606100
RDS.A,20090218,48.2,48.92,47.35,48.47,3352100
RDS.B,20090218,47.8,48.38,46.87,48.2,934400
RDY,20090218,8.58,8.93,8.58,8.85,177900
RE,20090218,70.6,73.4,70.03,72.39,1154200
REG,20090218,27.81,28.54,26.92,28.11,2209100
RES,20090218,2.7022,2.76,2.5867,2.7067,222000
REV,20090218,3.02,3.08,2.73,2.73,233800
RF,20090218,3.26,3.4,2.93,2.99,17051200
RFI,20090218,5.61,5.63,5.38,5.54,44900
RGA,20090218,33.14,33.55,32.02,32.2,707900
RGC,20090218,10.24,10.45,10,10.3,2298700
RGR,20090218,6.26,6.41,6.26,6.36,34900
RGS,20090218,13.14,13.39,12.83,13.14,379400
RHI,20090218,16.54,16.97,16.37,16.87,2264000
RHT,20090218,14.41,14.57,13.99,14.04,2232300
RIG,20090218,56.88,57.75,55.1,57.2,6615700
RIO,20090218,27.0025,27.0025,25.57,26.85,3914400
RJF,20090218,18.59,18.84,17.66,17.83,2659500
RL,20090218,35.77,36.36,34.98,36.12,2072200
RLH,20090218,2.45,2.58,2.28,2.5,31500
RLI,20090218,27.225,27.705,26.1,26.465,134900
RMD,20090218,21.175,21.175,20.115,20.475,698200
RMT,20090218,5.2,5.26,5.07,5.14,59900
RNP,20090218,4.61,4.68,4.36,4.48,338300
RNR,20090218,45.77,46.37,44.93,45.26,933500
RNR-C,20090218,14.46,14.7,12.76,12.99,44100
ROG,20090218,22.63,23.07,21.38,21.52,100000
ROK,20090218,22.86,23.25,22.15,22.95,3292100
ROL,20090218,6.9543,7.0501,6.8367,6.8629,184300
ROP,20090218,43.48,43.65,42.03,42.85,1297400
RPM,20090218,12.67,12.74,12.38,12.46,1067200
RPT,20090218,4.76,4.84,4.5,4.78,275700
RQI,20090218,2.91,2.91,2.61,2.68,198600
RRC,20090218,35.5,35.93,33.72,34.13,2262400
RRD,20090218,8.7,8.86,8.22,8.54,3046100
RS,20090218,22.17,22.19,20.25,20.97,2326700
RSG,20090218,23.8,24.02,23.25,23.76,2854400
RSO,20090218,2.55,2.7,2.1,2.14,312200
RT,20090218,1.39,1.4,1.31,1.33,120200
RTN,20090218,45.26,46.73,45.26,46.13,3427400
RVT,20090218,7.68,7.68,7.31,7.35,168800
RWT,20090218,13.55,13.88,13.09,13.82,768600
RY,20090218,22.59,22.59,21.23,21.51,3486400
RYN,20090218,19.16,19.26,18.48,18.94,1604100
S,20090218,2.87,2.95,2.51,2.71,57721300
SAB,20090218,14.52,14.52,14.01,14.5,800
SAH,20090218,1.5,1.5,1.35,1.38,579300
SAM,20090218,26.91,27,25.77,25.91,48500
SAN,20090218,36.15,36.57,35.61,35.93,325800
SAP,20090218,35.2,35.49,34.7,35.11,2496900
SAR,20090218,23,25,22.7,22.7,1400
SB,20090218,5.51,5.54,4.64,4.68,200000
SBH,20090218,4.18,4.2,3.95,4.01,565900
SBR,20090218,39.5,40.89,37.92,38.3,41000
SBS,20090218,3.5067,3.51,3.3333,3.3833,319400
SBW,20090218,8.67,8.67,8.28,8.65,28100
SCCO,20090218,14.03,14.35,13.5,14.12,6905600
SCD,20090218,7.52,7.6,7.4,7.48,121500
SCG,20090218,31.98,31.99,31.39,31.65,977800
SCI,20090218,4.18,4.27,4.04,4.07,1481700
SCL,20090218,16.445,16.445,15.66,15.795,40300
SCS,20090218,4.38,4.58,4.29,4.45,555700
SCX,20090218,11,11.2,10.7,11,21600
SD,20090218,6.95,7.03,6.41,6.5,2349300
SE,20090218,13.62,13.79,13.14,13.34,3827300
SEE,20090218,12.36,12.36,11.83,11.97,2193600
SEP,20090218,20.45,20.49,20,20.3,45400
SF,20090218,23.6733,23.6733,22.7,23.0467,315900
SFE,20090218,3.48,3.54,3.42,3.42,135200
SFL,20090218,10.39,10.39,9.51,9.8,890700
SGF,20090218,6.64,7.02,6.62,6.69,21400
SGU,20090218,2.6,2.65,2.57,2.65,77700
SGY,20090218,67.5,68,53,53.2,1656500
SHG,20090218,16.425,16.46,15.985,16.235,96200
SHI,20090218,16.3533,16.62,16.2467,16.38,28100
SHO,20090218,3,3,2.67,2.82,1715100
SHW,20090218,46.38,46.64,45.31,46.01,1473400
SID,20090218,7.805,7.805,7.255,7.335,5863400
SIG,20090218,7.74,7.84,7.55,7.71,119700
SIX,20090218,0.075,0.075,0.07,0.0725,443700
SJI,20090218,18.71,18.775,18.275,18.375,239300
SJM,20090218,42.12,42.25,41.15,41.39,1137400
SJR,20090218,15.77,15.77,15.06,15.07,649400
SJT,20090218,16.78,16.78,15.88,16.03,295100
SJW,20090218,28.39,28.78,26.88,26.88,35000
SKM,20090218,14.56,14.58,14.31,14.55,1079900
SKT,20090218,13.475,14.645,13.355,14.18,1405900
SKX,20090218,2.3867,2.3867,2.26,2.3067,748800
SLB,20090218,38.64,38.96,37.42,38.2,11307400
SLF,20090218,16.18,16.53,15.77,16,1261100
SLG,20090218,13.25,13.63,12.44,13.42,2661700
SLW,20090218,7.5,7.62,7.12,7.41,10573400
SM,20090218,17.32,17.59,16.15,16.29,1205500
SMG,20090218,30.98,31.63,30.7,31.07,912000
SMI,20090218,2.64,2.775,2.64,2.73,87700
SMP,20090218,2.45,2.45,2.25,2.28,39600
SNA,20090218,27.12,27.31,26.38,26.92,1112800
SNE,20090218,17.52,17.52,16.99,17.21,1835500
SNN,20090218,15.316,15.348,15.08,15.26,137800
SNP,20090218,42,42,40.9615,41.4846,591300
SNV,20090218,22.19,22.89,20.16,21.7,5562200
SNX,20090218,16.03,16.61,15.73,16.33,296100
SNY,20090218,29,29.09,28.49,28.86,1070500
SO,20090218,30.54,30.82,30.28,30.72,5703700
SOL,20090218,3.31,3.31,2.84,2.84,810300
SON,20090218,18.98,19.04,18.41,18.63,545800
SOR,20090218,27.51,27.51,26.37,26.44,7300
SOV-C,20090218,12.9,12.9,10.99,10.99,5200
SPA,20090218,1.5,1.65,1.5,1.65,6100
SPG,20090218,36.44,36.55,33.94,35.94,7200800
SPG-J,20090218,46,46,45.9,46,800
SPH,20090218,37.66,38.09,36.02,36.21,142400
SPN,20090218,14.91,15.24,14.4,14.67,999800
SPR,20090218,12.73,12.9,12.1,12.18,796500
SQM,20090218,29.36,30.12,29.04,29.81,1057300
SR,20090218,34.6,34.6,31.35,32.1,132800
SRE,20090218,41.4,41.49,40.21,40.61,2105500
SRI,20090218,2.28,2.34,2.09,2.11,164200
SRT,20090218,4.02,4.1,3.81,3.96,32500
SRV,20090218,5.72,5.79,5.05,5.3,41400
SSD,20090218,18.12,18.18,17.38,17.48,382700
SSI,20090218,7.77,7.82,7.35,7.46,195100
SSL,20090218,25.68,25.76,24.93,25.3,704600
SSP,20090218,1.59,1.59,1.49,1.5,161200
SSW,20090218,10.44,10.44,9.23,9.54,414400
STC,20090218,15.47,16.36,15.01,15.63,191700
STE,20090218,26.79,26.88,26.13,26.49,430800
STI,20090218,7.32,7.8,6.87,7.46,17718900
STI-A,20090218,8.45,8.45,7,7.75,30900
STJ,20090218,38.24,38.59,37.74,38,4146800
STL,20090218,9.89,9.97,9.21,9.33,82300
STM,20090218,5.28,5.28,5.06,5.1,1432200
STN,20090218,10.595,10.595,10.295,10.41,17000
STO,20090218,16.85,16.85,16.44,16.56,1938500
STT,20090218,24,24.12,22.16,23.68,9140000
STV,20090218,6.55,6.71,6.39,6.48,156800
STZ,20090218,14.51,14.51,13.83,14.08,2231100
STZ.B,20090218,14.24,14.24,14.09,14.09,300
SU,20090218,18.5,18.5,17.53,17.71,11053800
SUI,20090218,9.94,9.94,9.25,9.47,163700
SUN,20090218,36.25,36.77,34.23,34.59,3263400
SUP,20090218,9.58,9.76,9.4,9.5,127700
SVU,20090218,17.31,18,16.95,17.71,5858200
SWC,20090218,4.89,4.89,4.21,4.37,824600
SWK,20090218,30.88,30.91,30.05,30.28,1049700
SWM,20090218,8.565,8.675,8.455,8.545,74700
SWN,20090218,29.85,29.9,27.92,28.56,5715100
SWX,20090218,23.52,23.57,22.63,22.75,256900
SWZ,20090218,9.43,9.6,9.33,9.38,81900
SXE,20090218,29.6,29.91,28.75,29.63,230100
SXI,20090218,14.61,15.26,14.21,14.5,58100
SXL,20090218,9,9.0834,8.4167,8.7917,52200
SXT,20090218,22.77,22.89,22.36,22.51,326400
SYK,20090218,42.05,42.2,41.48,41.87,1943400
SYT,20090218,39.37,39.73,38.88,39.5,673500
SYX,20090218,10.62,10.74,10.07,10.19,72600
SYY,20090218,23.19,23.5,22.74,23.25,4521700
T,20090218,23.35,23.4,22.75,22.96,28523700
TAC,20090218,16.36,16.36,15.05,15.12,56700
TAL,20090218,8.96,9.17,8.8,8.93,108000
TAP,20090218,37.71,37.85,37.39,37.66,1972500
TAP.A,20090218,37.31,37.31,37.31,37.31,0
TBI,20090218,7.91,8.35,7.84,8.18,408700
TCAP,20090218,10.29,10.29,10.08,10.18,8700
TCB,20090218,12.43,12.58,11.84,12.44,2974400
TCI,20090218,9.76,10.25,9.75,10.25,2500
TCO,20090218,16.97,17.1,15.9,16.79,1939600
TD,20090218,14.175,14.185,13.42,13.775,2113700
TDA,20090218,17.35,17.35,17,17.33,105300
TDC,20090218,14.36,14.83,14.36,14.6,2359000
TDF,20090218,15.52,15.84,15.1,15.5,227200
TDG,20090218,38.42,38.61,37.35,38,509700
TDI,20090218,15.8,16.12,15.55,15.67,6000
TDS,20090218,33.4,33.42,31.51,31.9,433500
TDW,20090218,39.25,39.68,37.56,38.13,1820200
TDY,20090218,26.01,26.04,24.69,25.1,482000
TEF,20090218,17.6833,17.6833,17.24,17.4733,379400
TEI,20090218,9.28,9.36,8.66,8.66,592800
TEL,20090218,12.86,12.9,12.18,12.28,7526400
TEN,20090218,1.38,1.42,1.28,1.38,773700
TEO,20090218,7.7,7.7,7.36,7.49,143000
TER,20090218,4.5,4.56,4.28,4.32,3848100
TEVA,20090218,45.45,46.49,45.3,45.87,10390400
TEX,20090218,8.24,8.42,7.62,8.09,5346100
TFX,20090218,52.25,52.26,51.01,51.34,235700
TG,20090218,17.46,18.62,17.46,18.12,312500
TGH,20090218,7.65,7.93,7.4,7.41,131200
TGI,20090218,21.865,22.02,20.89,21.05,175200
TGP,20090218,17.69,17.75,17,17.01,55800
TGS,20090218,2.03,2.05,2,2,3800
TGT,20090218,29.81,30.45,28.87,29.44,21037400
THC,20090218,4.44,4.52,4.16,4.24,4153700
THG,20090218,37.02,37.41,36.32,36.63,431400
THO,20090218,11.85,11.93,11.19,11.31,497100
THS,20090218,28.21,28.48,27.76,27.89,332800
TI,20090218,12.54,12.59,12.32,12.39,260300
TI.A,20090218,9.87,9.9,9.72,9.77,159500
TIF,20090218,20.14,20.21,19.4,19.82,3599900
TJX,20090218,10.86,10.86,10.465,10.685,4864300
TK,20090218,16.13,16.3,15.61,16.14,2034800
TKC,20090218,12.53,12.89,12.47,12.75,838800
TKF,20090218,5.19,5.52,5.19,5.52,16700
TKR,20090218,13.59,13.62,12.6,12.75,1275300
TLI,20090218,6.94,7.09,6.81,6.96,93900
TLK,20090218,10.675,10.76,10.41,10.575,263100
TLP,20090218,17.95,18,16.41,16.7,55000
TM,20090218,66.02,66.66,65.59,66.03,1319900
TMK,20090218,12.1555,12.3333,11.64,12.0267,2722900
TMO,20090218,38.87,38.87,37.21,37.78,4715000
TNC,20090218,13.51,13.68,13.15,13.34,135300
TNH,20090218,117.76,122.58,117.76,121.5,89500
TNK,20090218,10.64,10.89,10,10.12,184400
TNP,20090218,17.24,17.28,15.63,15.85,376000
TOL,20090218,18.36,18.49,16.47,17.16,7265400
TOO,20090218,13.9,14.25,13.2,13.22,59400
TOT,20090218,49.41,49.99,48.22,49.34,5044600
TPL,20090218,21.75,22.37,21.3,22.25,23300
TPX,20090218,6.94,7.12,6.67,6.97,879600
TR,20090218,22.63,22.72,22,22.15,133000
TRC,20090218,21.71,22.09,21.18,21.23,30600
TRI,20090218,23.95,24.01,23.53,23.78,334200
TRK,20090218,13,13.31,12.84,13.04,90200
TRN,20090218,5.25,5.325,4.95,5.135,2106000
TRP,20090218,25.87,26.08,24.96,25.09,706200
TRR,20090218,2.98,2.98,2.67,2.71,18900
TRU,20090218,1.4,1.75,1.35,1.45,4500
TRV,20090218,40,40.19,38.49,38.93,6125800
TS,20090218,20.23,20.23,19.36,19.63,2790500
TSI,20090218,3.5,3.5,3.38,3.38,97500
TSL,20090218,4.2,4.2,3.81,3.965,361500
TSM,20090218,7.92,8,7.72,7.97,18422200
TSN,20090218,8.28,8.29,7.96,8.18,3786600
TSO,20090218,17.59,17.74,16.22,16.76,10390900
TSS,20090218,12.71,13.22,12.59,12.85,2344700
TSU,20090218,14.96,14.99,14.6,14.84,625300
TTC,20090218,6.61,6.7875,6.4025,6.47,1053900
TTF,20090218,5.57,5.58,5.38,5.39,30500
TTI,20090218,3.72,3.72,3.5,3.55,867800
TTM,20090218,3.93,3.93,3.55,3.55,771500
TU,20090218,12.64,12.695,12.175,12.25,228800
TUP,20090218,17.42,17.61,16.89,17.14,731900
TV,20090218,12.44,12.49,11.91,12.16,4959500
TVC,20090218,26.8,27.25,26.8,27.06,26300
TVE,20090218,26.2,26.92,26.2,26.82,21900
TWI,20090218,7.68,7.88,7.32,7.75,361900
TWN,20090218,8.55,8.8,8.54,8.77,63000
TWX,20090218,23.88,24.24,23.58,23.82,19023900
TX,20090218,8.45,8.45,7.74,7.79,482800
TXT,20090218,6.27,6.72,6.13,6.49,7385600
TY,20090218,8.85,8.85,8.54,8.7,91200
TY.P,20090218,41.3,41.3,41.3,41.3,0
TYG,20090218,21.7,22,20.85,21.33,84000
TYL,20090218,12.98,13.02,12.46,12.62,362900
UA,20090218,1.9388,2.0063,1.8788,1.9288,664600
UAL,20090218,7.53,7.66,6.24,6.36,10006200
UAM,20090218,9.96,10.49,9.52,10.05,434700
UBA,20090218,12.61,13.67,12.51,13.45,121700
UBP,20090218,11.5,12.7,10.95,12.2,7400
UBS,20090218,10.51,10.61,10.17,10.33,3651300
UDR,20090218,8.79,9.08,8.48,8.99,4327100
UFI,20090218,1.06,1.13,1.05,1.05,251400
UFS,20090218,6.66,6.66,5.7024,6.0624,9382700
UGI,20090218,16.9133,16.9267,16.44,16.5467,1016900
UGP,20090218,6.01,6.01,5.8125,5.935,92200
UHS,20090218,20.245,20.35,19.72,20.255,562900
UHT,20090218,32.76,33.12,31.91,33.02,36100
UIS,20090218,6.1,6.4,5.5,5.9,1921500
UL,20090218,19.64,19.65,19.25,19.34,1553400
UMC,20090218,1.84,1.92,1.84,1.9,4449200
UN,20090218,19.87,19.87,19.32,19.41,4519500
UNF,20090218,28.06,28.06,27.42,27.68,65200
UNH,20090218,28.44,28.44,27.8,28.33,10999300
UNM,20090218,12.26,12.26,11.15,11.68,5230000
UNP,20090218,20.405,20.87,20.155,20.48,5213500
UNT,20090218,24.1,24.34,23.09,23.25,1183000
UPS,20090218,43.18,43.33,42.25,42.73,5958800
URI,20090218,4.97,5.05,4.71,5.02,658000
USA,20090218,2.95,2.98,2.87,2.9,675500
USB,20090218,11.25,11.54,10.09,11.02,44351200
USB-H,20090218,12.22,12.45,12.1,12.45,7100
USG,20090218,6.86,6.86,6.32,6.39,1103200
USM,20090218,44.4,44.72,43.44,43.62,167200
USPH,20090218,12.41,12.61,12.02,12.18,23200
UTF,20090218,10.56,10.58,10.11,10.25,376800
UTI,20090218,12.03,12.24,11.85,11.97,343300
UTL,20090218,20.49,20.49,20.01,20.01,37000
UTX,20090218,45.75,45.9,44.52,44.85,6362300
UVV,20090218,34.22,34.27,32.67,33,404300
V,20090218,13.6425,14.2225,13.5625,14.0375,9084000
VAL,20090218,16.57,16.59,16,16.21,1017000
VAR,20090218,36.46,36.46,35.43,35.75,1499700
VBF,20090218,17.34,17.4,17.15,17.19,30100
VC,20090218,0.13,0.15,0.13,0.13,586300
VCO,20090218,35.05,35.05,34.51,34.51,400
VCV,20090218,10.3,10.3,9.92,9.98,34600
VFC,20090218,13.3,13.3475,12.9475,13.1275,1458500
VG,20090218,0.4,0.42,0.35,0.37,217700
VGM,20090218,10.48,10.51,10.27,10.29,135500
VGR,20090218,14.18,14.32,13.84,14,242900
VHI,20090218,4.7633,4.7967,4.3633,4.5733,44400
VIV,20090218,18.5,18.76,18.3,18.65,120800
VKQ,20090218,10.23,10.26,9.86,9.9,108400
VLO,20090218,22.34,22.34,21,21.25,13155000
VLT,20090218,9.7,9.7,9,9.05,31700
VLY,20090218,11.62,11.83,10.98,11.26,1481900
VLY-A,20090218,21.85,21.85,21.5,21.75,3000
VMC,20090218,44.89,44.89,41,42.81,2404300
VMI,20090218,43.53,46,43.53,44.25,1228100
VMO,20090218,10.45,10.54,10.07,10.1,80700
VMW,20090218,23.77,23.77,22.41,22.6,1936800
VNO,20090218,38.72,39.59,36.08,38.98,7105300
VNO-G,20090218,14.56,14.59,13.3,14.39,11500
VNO-I,20090218,14.97,15.17,13.46,14.27,13200
VPV,20090218,11.03,11.07,10.3,10.33,31400
VR,20090218,24.34,24.44,23.62,24.16,744300
VRS,20090218,0.66,0.7,0.6,0.67,50700
VRX,20090218,22.4,22.6,21.77,22.04,606300
VSH,20090218,3.1,3.1,2.98,3.01,828800
VTA,20090218,7.45,7.49,7.19,7.24,208300
VTN,20090218,11.15,11.2,10.93,10.93,15300
VTR,20090218,22.85,23.29,22.17,23.16,3686300
VVC,20090218,23.83,23.83,22.83,22.97,624300
VVI,20090218,16,16.2,15.45,15.95,157600
VVR,20090218,2.68,2.69,2.43,2.46,813600
VZ,20090218,28.45,28.5,27.67,28.07,18429500
WAB,20090218,14.595,14.755,13.645,13.92,980000
WAL,20090218,5.51,5.66,5.3,5.59,180500
WAT,20090218,39.13,39.4,37.2,37.65,2207000
WBC,20090218,11.69,11.69,11.06,11.22,415700
WBK,20090218,10.35,10.4,10.122,10.342,23900
WBS,20090218,3.63,4.2,3.28,3.62,1425500
WCC,20090218,19.53,19.53,18.56,18.9,1020200
WCG,20090218,14.49,14.52,13.97,14.05,332800
WCN,20090218,17.4533,17.5067,16.9067,16.98,870700
WDR,20090218,14.78,15.13,14.44,14.82,1008700
WEA,20090218,9.5,9.5,9.03,9.04,22900
WEC,20090218,21.255,21.305,20.895,21.075,1077200
WES,20090218,15.27,15.31,14.67,14.9,97300
WF,20090218,13.25,14.48,13.2,13.45,21100
WFC,20090218,14.33,14.4,12.06,13.05,190536800
WFC-J,20090218,16.79,16.79,14.28,14.4,723000
WFC-L,20090218,500,500,425,428.76,26200
WFT,20090218,9.55,10.01,9.08,9.75,39474200
WG,20090218,9.03,9.04,8.11,8.22,825800
WGL,20090218,32.7,32.71,31.95,32.12,819800
WGO,20090218,5,5,4.5,4.61,140000
WHG,20090218,37.95,38.15,37.21,37.51,20400
WHR,20090218,30.62,30.92,28.48,28.93,2917200
WIA,20090218,11.45,11.55,11.38,11.51,103800
WIT,20090218,3.762,3.828,3.666,3.75,468100
WIW,20090218,10.73,10.76,10.54,10.75,344200
WLK,20090218,6.815,7.735,6.665,7.125,599700
WLL,20090218,13.545,13.545,12.35,12.755,2143400
WM,20090218,28.63,29.03,28.4,28.54,4861200
WMB,20090218,14.29,14.46,13.53,13.85,9053700
WMK,20090218,30.6,30.63,30.08,30.43,32800
WMS,20090218,18.57,19.46,17.91,18.46,1856000
WMT,20090218,48.94,50,48.52,50,47360000
WNC,20090218,2.72,2.88,2.54,2.71,203700
WNR,20090218,12.96,13.36,11.46,12.14,1755500
WNS,20090218,5.66,5.91,5.6,5.79,20900
WOR,20090218,10.17,10.26,9.74,9.85,809000
WPC,20090218,20.53,20.53,19.11,20.13,122300
WPZ,20090218,16.37,16.37,15.23,15.43,247100
WR,20090218,18.31,18.31,17.8,17.95,1116300
WRB,20090218,22.54,22.75,21.99,22.06,2317000
WRE,20090218,22.89,23.04,21.8,22.79,941900
WRI,20090218,12.84,12.85,12.1,12.64,1598600
WSM,20090218,8.91,9.14,8.71,8.98,1967000
WSO,20090218,34.52,35.8,33.42,33.61,426900
WST,20090218,17.1,17.125,16.74,16.78,280200
WTI,20090218,10.66,11.02,10.31,10.41,1101600
WTM,20090218,216,225.05,216,218,34300
WTR,20090218,16.264,16.344,15.76,15.864,1240500
WTS,20090218,19.46,19.59,18.76,18.96,506100
WTW,20090218,19.72,19.79,19.02,19.17,251800
WU,20090218,11.93,12.12,11.7,12.01,7491400
WWE,20090218,9.31,9.6,9.31,9.49,271900
WWW,20090218,8.32,8.35,8.03,8.105,524000
WY,20090218,25.42,25.81,24.77,25.27,2058000
WYN,20090218,4.6,4.64,3.69,3.94,7042600
X,20090218,27.69,27.7,24.71,25.46,17864200
XCO,20090218,10.7,10.7,9.59,9.86,3235600
XEC,20090218,23.93,24.26,21.78,21.82,3381900
XEL,20090218,17.59,17.84,17.35,17.7,4114200
XIN,20090218,3.94,4,3.87,3.96,70600
XKE,20090218,2.85,3,2.5,3,4700
XL,20090218,3.72,3.89,3.34,3.73,11718300
XOM,20090218,71.51,72.58,71.27,71.94,34330000
XRM,20090218,11.8,12.8,11.8,12,140200
XRX,20090218,6.09,6.13,5.9,5.98,5385400
Y,20090218,268.12,271.88,265.53,267,17200
YGE,20090218,52.1,52.1,46.9,47.3,3987100
YPF,20090218,37.99,37.99,36.26,36.77,6000
YUM,20090218,28.89,29.17,28.44,28.94,5111600
YZC,20090218,6.47,6.55,6.34,6.5,734600
ZB-A,20090218,7.95,7.95,7.3,7.5,17500
ZF,20090218,10.2,10.24,9.96,10.04,297900
ZNH,20090218,8.06,8.19,7.96,8.08,143800
ZTR,20090218,12.64,12.92,12.36,12.44,445400
