<ticker>,<date>,<open>,<high>,<low>,<close>,<vol>
A,20120726,26.4235,26.824,26.0372,26.1874,3055400
AA,20120726,24.45,24.6,24.03,24.57,21529900
AAN,20120726,29.36,29.61,28.98,29.52,283100
AAP,20120726,72.89,72.98,69.31,69.39,2864800
AAT,20120726,25.14,25.77,25.13,25.45,220500
AAV,20120726,3.5,3.58,3.48,3.55,280900
AB,20120726,12.05,12.75,11.84,12.01,282300
ABB,20120726,16.9,17.11,16.84,16.97,5718600
ABC,20120726,38.18,38.65,36.91,37.96,6482100
ABG,20120726,26.14,26.2,25.36,25.51,348800
ABM,20120726,18.89,18.94,18.59,18.67,423600
ABR,20120726,5.4,5.4,5.31,5.35,65500
ABT,20120726,64.78,65,64.46,64.65,5666700
ABX,20120726,31.57,33.06,31,32.73,26772200
ACC,20120726,47.36,47.45,46.77,47.01,927400
ACCO,20120726,8.49,8.6,8.15,8.41,1452500
ACH,20120726,9.93,9.93,9.78,9.9,155800
ACM,20120726,15.59,15.91,15.45,15.62,466500
ACN,20120726,58.57,59.54,58.57,59.21,3172300
ACP,20120726,16.78,16.89,16.77,16.89,33000
ACRE,20120726,16.7,16.87,16.48,16.75,65300
ADC,20120726,23.54,23.75,23.28,23.56,53200
ADM,20120726,27.04,27.26,26.8,27.18,4394800
ADS,20120726,129.21,129.58,127.6,128.48,525300
ADX,20120726,10.72,10.77,10.65,10.7,95500
AEB,20120726,21.17,21.24,21.12,21.2,33100
AED,20120726,25.01,25.01,24.73,24.85,80700
AEE,20120726,33.68,33.93,33.54,33.84,951500
AEG,20120726,4.32,4.35,4.31,4.32,478400
AEH,20120726,25.12,25.17,25.03,25.15,179300
AEK,20120726,27.37,27.37,27.16,27.18,102600
AEL,20120726,10.89,11.02,10.85,11.02,710200
AEM,20120726,41.64,42.83,41.55,42.09,7182100
AEO,20120726,20.51,20.6,19.89,20.34,3588400
AEP,20120726,41.6,42.06,41.5,41.95,2510600
AER,20120726,11.19,11.25,10.96,11.05,228700
AES,20120726,11.97,12.13,11.89,11.97,7507400
AES-C,20120726,49.87,50.06,49.77,50.06,8100
AET,20120726,35.8,36,34.98,35.3,4729000
AF,20120726,9.24,9.27,9.12,9.16,619000
AFB,20120726,15.84,15.89,15.81,15.84,30100
AFC,20120726,25,25.08,24.92,25.08,16300
AFG,20120726,37.62,37.75,36.77,36.92,489400
AFL,20120726,42.1,42.39,41.13,41.48,4152300
AFT,20120726,18.14,18.17,18.01,18.12,73100
AFW,20120726,26.15,26.15,26.03,26.15,82400
AG,20120726,16.6,16.95,16.36,16.84,815600
AGC,20120726,6.56,6.58,6.48,6.52,73900
AGCO,20120726,42.73,44.9,41,43.45,2437500
AGD,20120726,10.92,11.04,10.86,10.92,97700
AGM,20120726,25.47,25.47,24.81,24.89,20300
AGM.A,20120726,18.35,19.06,18.35,18.67,600
AGN,20120726,84.72,85.6,84.47,85.13,2058200
AGO,20120726,11.79,12.02,11.63,12,1055000
AGO-B,20120726,25.35,25.35,25.25,25.25,1100
AGO-E,20120726,24.91,25,24.8,24.98,14000
AGO-F,20120726,24.44,24.55,24.3,24.43,18000
AGRO,20120726,10.03,10.21,9.91,10.08,837500
AGU,20120726,94.15,95.22,92.92,94.91,1067900
AHC,20120726,4.19,4.19,4.05,4.05,42600
AHL,20120726,29.29,30,28.77,28.95,661900
AHL-B,20120726,25.93,25.93,25.75,25.82,24400
AHT,20120726,7.49,7.58,7.33,7.4,277900
AHT-A,20120726,25.35,25.35,25.31,25.31,200
AHT-D,20120726,25.15,25.22,25.14,25.17,7700
AI,20120726,22.29,22.29,22.05,22.1,51200
AIG,20120726,30.77,30.9,30.08,30.69,8140600
AIG.W,20120726,10.66,10.74,10.45,10.57,42400
AIN,20120726,18.08,18.13,17.8,17.97,98800
AIR,20120726,13.58,13.85,13.48,13.67,310600
AIT,20120726,36.06,36.24,35.45,35.68,80600
AIV,20120726,27.44,27.44,26.79,26.95,1165500
AIZ,20120726,34,36.17,34,34.78,1159500
AJG,20120726,35.49,35.7,35.26,35.44,260700
AKO.A,20120726,27.04,28.03,27.04,27.97,1300
AKO.B,20120726,33.6,34.41,33.6,34.15,14900
AKP,20120726,15.98,16.09,15.98,16.01,9400
AKR,20120726,23.48,23.75,23.12,23.28,789100
AKS,20120726,4.82,4.84,4.44,4.66,6907100
AL,20120726,19.41,19.69,18.96,19.2,219000
ALB,20120726,56.1,56.43,55.49,56.37,557500
ALE,20120726,40.91,41.19,40.67,40.89,169400
ALEX,20120726,32.51,33.01,32.13,32.3,198800
ALG,20120726,28.04,28.42,27.85,28.2,10800
ALJ,20120726,11.18,11.31,10.83,10.98,223400
ALK,20120726,17.51,17.645,17,17.31,784800
ALL,20120726,34.08,34.47,34,34.15,4745200
ALL-A,20120726,24.47,24.75,24.34,24.36,181100
ALL-B,20120726,23.75,23.95,23.56,23.7,134500
ALP-O,20120726,27.75,27.82,27.13,27.59,3400
ALR,20120726,17.7,18.09,17.56,17.83,388700
ALR-B,20120726,204.3,206.95,204.3,206,800
ALSN,20120726,17.27,18.04,17.05,17.85,166600
ALV,20120726,53.1,53.93,52.86,53.67,906500
ALX,20120726,429.03,429.03,425.55,425.55,1400
AM,20120726,13.18,13.18,12.85,12.87,329600
AME,20120726,31.5,31.95,30.73,30.74,2798500
AMG,20120726,105.4,106.29,104,105.31,444900
AMID,20120726,20.74,21.1,20.35,20.55,5300
AMP,20120726,49.33,50.97,49.31,50.76,2119600
AMRC,20120726,11.84,11.97,11.61,11.89,72900
AMT,20120726,70.15,71.48,70.15,71.03,3141700
AMX,20120726,26.64,26.93,25.84,26.82,3913600
AN,20120726,39.63,39.72,38.98,39.17,562600
ANF,20120726,36.04,36.15,35,35.78,1601400
ANH,20120726,6.8,6.8,6.66,6.69,1448700
ANH-A,20120726,26.06,26.46,26.06,26.45,2000
ANH-B,20120726,25.46,25.46,25.26,25.26,1300
ANTM,20120726,54.22,54.22,52.52,53.39,8685200
ANW,20120726,5.59,5.65,5.32,5.65,177000
AOD,20120726,8.46,8.48,8.34,8.4,716000
AOI,20120726,31.6,31.9,31.4,31.7,187600
AON,20120726,46.79,46.92,46.29,46.48,2508000
AOS,20120726,12.5125,12.58,12.18,12.4275,539400
AP,20120726,16.28,16.5,15.93,16.05,9100
APA,20120726,85.01,85.38,83.94,85.16,2638000
APB,20120726,9.21,9.26,9.17,9.26,142800
APC,20120726,71.09,71.63,69.84,71.16,2868400
APD,20120726,80.01,80.66,79.34,79.88,1433500
APF,20120726,13.2,13.24,13.15,13.17,15800
APH,20120726,29.75,30.06,29.57,29.965,795700
APO,20120726,13.12,13.25,12.87,12.92,78400
APU,20120726,41.4,41.44,41.02,41.28,96700
ARC,20120726,4.15,4.18,4,4.06,31800
ARCO,20120726,13.11,13.43,13.02,13.33,876700
ARE,20120726,72.29,72.87,71.28,71.73,235900
ARH-C,20120726,27.23,27.24,27.12,27.19,99100
ARI,20120726,16.9,16.9,16.59,16.72,124600
ARL,20120726,1.96,1.96,1.95,1.95,900
ARNC,20120726,8.15,8.2,8.01,8.19,9569700
ARR,20120726,7.54,7.57,7.52,7.55,3950100
ARR-A,20120726,25.6,25.6,25.5,25.55,13700
ARW,20120726,33.28,33.83,32.89,33.63,687600
ASA,20120726,21.54,21.98,21.54,21.94,23600
ASG,20120726,3.82,3.86,3.81,3.86,64000
ASH,20120726,34.14,34.14,32.73,33.83,1235900
ASR,20120726,88.2,88.52,86.92,87.35,49000
ASX,20120726,3.74,3.75,3.58,3.63,5168100
AT,20120726,13.62,13.65,13.55,13.6,638000
ATI,20120726,28.57,29.03,27.81,28.85,2410300
ATO,20120726,35.79,36.19,35.55,35.67,480900
ATR,20120726,50.01,50.14,49.44,49.81,316600
ATU,20120726,26.93,27.22,26.49,26.95,413700
ATV,20120726,3,3.35,3,3.01,2600
ATW,20120726,43.34,44.16,42.88,44,422500
AU,20120726,33.59,33.8,33.11,33.7,2815700
AUO,20120726,2.99,3.04,2.94,3.03,1310300
AUY,20120726,14.81,15.3,14.76,15.26,7566900
AVA,20120726,27.45,27.55,27.21,27.39,161800
AVB,20120726,142.5,146.39,142.5,144.58,880300
AVD,20120726,23.94,23.99,23,23.11,214900
AVK,20120726,15.77,15.85,15.72,15.8,76300
AVP,20120726,15.35,15.72,15.3,15.69,5457500
AVT,20120726,30.83,31.36,30.6,30.99,877000
AVX,20120726,10.39,10.41,10.22,10.29,100100
AVY,20120726,30.61,30.81,29.97,30.31,888800
AWF,20120726,15.7,15.72,15.54,15.66,220900
AWH,20120726,25.3033,25.3533,25.02,25.1133,201100
AWI,20120726,44.37,44.37,42.98,43.73,557600
AWK,20120726,35.9,36.11,35.5,35.92,652200
AWP,20120726,6.39,6.42,6.31,6.35,469700
AWR,20120726,20.3,20.3,19.875,19.975,97700
AXE,20120726,50.39,51.14,49.76,51.04,671700
AXL,20120726,10.02,10.41,9.99,10.38,2131000
AXP,20120726,56.87,57.87,56.61,57.76,7456900
AXR,20120726,6.13,6.21,6.1,6.2,6300
AXS,20120726,33.3,33.43,32.81,32.81,710600
AYI,20120726,60.08,60.24,58.62,59.47,218900
AYR,20120726,11.85,11.85,11.55,11.64,247800
AZN,20120726,45.62,46.17,45.54,45.8,2234200
AZO,20120726,380,380,367.14,373.38,507600
AZZ,20120726,31.265,31.265,30.405,30.635,48600
B,20120726,22.88,23.01,22.09,22.23,349700
BA,20120726,75.13,75.96,74.27,74.91,4949300
BAC,20120726,7.22,7.24,7.11,7.17,121349200
BAC-C,20120726,25.39,25.39,25.26,25.34,45100
BAC-D,20120726,24.76,24.94,24.76,24.87,53200
BAC-E,20120726,20.86,21.53,20.86,21.18,23800
BAC-I,20120726,26.3,26.3,26.11,26.22,32100
BAC-L,20120726,1000.35,1004,997,997,18200
BAC-W,20120726,25.16,25.2,25.13,25.19,28200
BAC-Y,20120726,24.93,25,24.88,25,42800
BAC.A,20120726,2.98,3.05,2.95,2.97,107100
BAC.B,20120726,0.67,0.67,0.61,0.64,215500
BAF,20120726,16.85,16.85,16.63,16.69,11800
BAH,20120726,16.6,16.6,16.37,16.45,334700
BAK,20120726,11.38,11.53,11.26,11.44,385600
BAM,20120726,22.16,22.4267,22.1,22.18,2072000
BAP,20120726,116.73,117,115.8,116.52,367900
BAS,20120726,9.84,10.39,9.74,9.99,2463000
BAX,20120726,57.45,57.8,56.95,57.74,3792200
BBD,20120726,10.1171,10.1239,9.9449,10.0482,16532000
BBDO,20120726,10.3333,10.3333,10.3333,10.3333,0
BBF,20120726,16.26,16.26,16.16,16.17,22500
BBG,20120726,19.01,19.84,18.75,19.66,1146000
BBK,20120726,17.83,17.83,17.75,17.8,9300
BBL,20120726,57.06,57.28,56.65,57.09,1006400
BBN,20120726,24.07,24.07,23.59,23.85,308800
BBT,20120726,32.11,32.17,31.86,32.08,3570700
BBT-D,20120726,26.38,26.5,26.3,26.39,82800
BBVA,20120726,5.85,6.06,5.83,6.02,2737200
BBW,20120726,4.3,4.67,4.24,4.62,112700
BBY,20120726,17.59,17.68,16.97,17.23,10931500
BC,20120726,20.98,21.34,19.41,20.21,2708300
BCE,20120726,41.53,41.68,41.23,41.52,544100
BCEI,20120726,17.2,17.22,16.8,17,227600
BCH,20120726,83.54,84.48,82.65,83.57,24600
BCO,20120726,22.89,23.6,21.91,23.51,397700
BCR,20120726,97,100,97,98.46,1715100
BCS,20120726,9.7,9.79,9.6,9.69,4213900
BCS-D,20120726,25.64,25.75,25.64,25.75,110400
BCX,20120726,13.37,13.41,13.13,13.3,213700
BDC,20120726,31.96,32.81,31.91,32.75,216600
BDJ,20120726,7.32,7.34,7.3,7.34,379800
BDN,20120726,11.6,11.84,11.49,11.68,3018300
BDX,20120726,74.16,74.63,74.06,74.49,1132100
BEN,20120726,36.3367,36.4967,35.7867,36.1067,1044300
BF.A,20120726,30.1834,30.5034,30.1734,30.3334,1400
BF.B,20120726,31.14,31.4534,31.06,31.18,199200
BFK,20120726,16.02,16.1,15.94,16,47800
BFO,20120726,15.75,15.86,15.68,15.73,18000
BFR,20120726,3.33,3.46,3.28,3.43,78800
BFS,20120726,41.63,41.66,40.96,41.03,35300
BFZ,20120726,16.65,16.65,16.52,16.57,37300
BG,20120726,61.8,65.1,61.78,64.81,2073200
BGC,20120726,25.78,26.71,25.55,26.57,572600
BGCA,20120726,26.38,26.38,25.95,25.99,73600
BGE-B,20120726,25.55,25.86,25.55,25.81,5300
BGG,20120726,16.67,16.71,16.29,16.41,310300
BGR,20120726,23.82,23.82,23.4,23.63,70900
BGS,20120726,28.26,28.47,27.83,27.99,382200
BGT,20120726,14.67,14.71,14.45,14.58,32800
BGX,20120726,18.47,18.47,18.25,18.38,62900
BGY,20120726,7.1,7.18,7.1,7.18,371000
BH,20120726,368.78,373.1,364.87,371.23,3600
BHE,20120726,14.55,15.35,14.36,15.09,581400
BHI,20120726,45.88,46.65,45.71,46.48,4839900
BHK,20120726,15.27,15.34,15.16,15.26,122100
BHL,20120726,13.69,13.7,13.55,13.7,18300
BHP,20120726,65.18,65.4,64.53,64.88,6493800
BID,20120726,28.67,28.71,27.92,28.44,1124600
BIF,20120726,6.11,6.17,6.11,6.16,63600
BIG,20120726,39.04,39.89,38.51,39.68,885700
BIO,20120726,93.43,93.53,91.52,92.97,195000
BIO.B,20120726,93.98,93.98,93.98,93.98,0
BIP,20120726,22.3267,22.8933,22.3267,22.8267,368100
BITA,20120726,4.06,4.06,3.86,3.96,5000
BJZ,20120726,16.02,16.02,15.92,16,6300
BK,20120726,20.84,21.01,20.73,20.94,7230100
BKD,20120726,16.52,16.6,16.02,16.06,1021600
BKE,20120726,38.77,38.98,38.13,38.61,228700
BKH,20120726,31.9,32.06,31.5,31.55,309500
BKK,20120726,17.03,17.05,16.55,16.55,32000
BKN,20120726,16.87,16.89,16.8,16.89,14100
BKS,20120726,14.65,14.99,13.38,13.44,1768100
BKT,20120726,7.71,7.71,7.68,7.68,178600
BKU,20120726,24,24,23.72,23.82,196900
BLH,20120726,16.51,16.51,16.5,16.5,500
BLK,20120726,166.64,167.24,164.42,165,1041300
BLL,20120726,21.045,21.255,20.285,20.48,1550100
BLW,20120726,17.91,17.97,17.75,17.79,118500
BLX,20120726,20.44,20.77,20.21,20.68,168500
BMA,20120726,11.63,11.89,11.55,11.84,78600
BME,20120726,27.71,28.2,27.71,27.89,7500
BMI,20120726,34.41,34.82,34.07,34.27,53300
BML-G,20120726,18.28,18.52,18.28,18.52,21200
BML-H,20120726,18.26,18.5,18.17,18.17,13900
BML-I,20120726,24.84,24.94,24.79,24.94,46200
BML-J,20120726,20.45,20.82,20.45,20.66,53700
BML-L,20120726,20.5,21,20.5,20.81,28700
BMO,20120726,57.19,57.37,56.86,57.12,319400
BMS,20120726,30.87,31.35,30.59,30.75,1052500
BMY,20120726,35.42,35.95,35.16,35.8,9306900
BNJ,20120726,17.29,17.54,17.29,17.33,29600
BNS,20120726,50.5,50.96,50.23,50.77,447300
BNY,20120726,16.7,16.75,16.65,16.66,27500
BOE,20120726,13.45,13.53,13.43,13.48,229900
BOH,20120726,46.81,46.99,46.49,46.58,425200
BORN,20120726,1.74,1.82,1.7,1.75,64900
BOX,20120726,17.67,17.69,17.1,17.1,28800
BOXC,20120726,28.72,28.75,28.72,28.75,200
BP,20120726,40.7,41.01,40.54,40.91,6501300
BPI,20120726,8.63,8.74,8.22,8.4,878400
BPK,20120726,16.96,16.96,16.84,16.89,9500
BPL,20120726,54.11,54.18,53.32,53.84,147300
BPT,20120726,115.75,116.49,114.7,116.25,90300
BQH,20120726,16.86,16.86,16.69,16.69,900
BR,20120726,21.04,21.18,20.93,21.08,445500
BRC,20120726,26.73,26.73,26.25,26.41,406100
BRFS,20120726,13.93,13.96,13.69,13.89,1813500
BRK.A,20120726,127000,127675.5,126626,127150,500
BRK.B,20120726,84.69,85.17,84.42,84.67,4039200
BRO,20120726,25.55,25.63,25.16,25.35,951200
BRS,20120726,45,45.88,44.71,45.79,133400
BRT,20120726,6.25,6.26,6.25,6.25,2500
BSAC,20120726,77.7501,79.0902,76.5102,76.86,207900
BSBR,20120726,6.85,7.19,6.72,7.15,12597300
BSD,20120726,14.99,15.11,14.99,15.11,10500
BSE,20120726,16.2,16.2,16.12,16.12,7600
BSL,20120726,19.59,19.59,19.24,19.47,35500
BSX,20120726,5.2,5.29,4.79,4.97,75284300
BT,20120726,16.95,17.16,16.905,17.135,147500
BTA,20120726,12.94,13.05,12.94,13.01,69500
BTE,20120726,41.49,42.14,41,41.78,157600
BTO,20120726,16.43,16.44,16.25,16.33,50900
BTU,20120726,19.52,19.79,18.78,19.69,11796900
BTZ,20120726,13.79,13.81,13.68,13.69,136400
BUD,20120726,79.74,80.34,79.41,80.01,1998000
BUI,20120726,19.45,19.51,19.26,19.26,36800
BVN,20120726,35.74,36.25,35.36,36.15,827600
BWA,20120726,30.675,32.11,30.425,31.495,2569000
BWG,20120726,19.4,19.4,18.98,19.05,79700
BWP,20120726,29.14,29.14,28.63,28.99,322500
BX,20120726,14,14.08,13.79,13.95,3244700
BXC,20120726,22.1,24.9,21.9,24.9,89800
BXP,20120726,110.09,111.09,109.08,110.11,861800
BXS,20120726,14.57,14.59,14.18,14.24,976500
BYD,20120726,5.4,5.46,5.18,5.37,1792400
BYM,20120726,16.46,16.46,16.26,16.27,39600
BZH,20120726,12.05,12.3,11.8,12.3,4760100
C,20120726,26.47,26.52,26,26.28,29947800
C-N,20120726,27.22,27.41,27.18,27.34,256800
C-P,20120726,29,29,29,29,0
C-S,20120726,24.93,24.96,24.88,24.88,64700
C.A,20120726,0.29,0.3,0.29,0.3,67800
CAB,20120726,40,45.1,39.88,44.91,2099600
CACI,20120726,56.04,57.5,55.51,55.83,417100
CAE,20120726,10.13,10.16,10,10.1,29500
CAF,20120726,18.28,18.28,18.11,18.17,61300
CAG,20120726,24.02,24.23,23.96,24.09,3639100
CAH,20120726,42.57,42.8,41.62,42.07,2564400
CAJ,20120726,31.87,31.93,31.68,31.82,906600
CALX,20120726,5.01,5.12,4.65,4.7,422100
CAT,20120726,83.84,84.65,82.1,83.3,10139000
CATO,20120726,28.63,28.82,28.12,28.47,66400
CB,20120726,70.03,70.72,69.3,69.55,1799000
CBB,20120726,18.2,18.5,17.9,18.3,1329600
CBB-B,20120726,43.07,43.2,42.53,43.2,8200
CBD,20120726,39.62,40.38,38.95,40.29,347300
CBG,20120726,15.42,15.72,15.22,15.37,4076000
CBI,20120726,39.96,40.49,39.45,40.14,1075200
CBK,20120726,2.12,2.22,1.97,2,539100
CBL,20120726,19,19.23,18.81,19.1,2563800
CBL-D,20120726,25.52,25.6,25.46,25.58,13700
CBM,20120726,9.45,9.45,9.17,9.33,135800
CBS,20120726,31.73,32.74,31.59,32.63,7179500
CBS.A,20120726,32.15,33.02,32.14,33.02,8800
CBT,20120726,37.69,37.69,36.66,37.33,282800
CBU,20120726,27.18,27.25,26.82,27.03,115700
CBZ,20120726,5.28,5.28,5.07,5.21,183700
CCC,20120726,13.82,13.98,13.63,13.7,154600
CCE,20120726,28.35,29.22,28.35,29.09,4017900
CCI,20120726,59.76,62.95,59.18,60.69,3117500
CCJ,20120726,22.37,22.5,22.05,22.35,1567000
CCK,20120726,35.11,35.37,34.47,35.06,1589000
CCL,20120726,32.46,32.85,31.9,32.72,5965800
CCM,20120726,2.88,2.9,2.83,2.83,12800
CCO,20120726,4.97,5.04,4.77,4.9,309800
CCU,20120726,26.548,26.744,26.48,26.48,18900
CCZ,20120726,40.63,40.63,40.63,40.63,0
CDE,20120726,16.05,16.33,15.89,16.15,1043400
CDI,20120726,16.5,16.58,16.1,16.31,31200
CDR,20120726,4.76,4.81,4.65,4.8,1032000
CDR-B,20120726,24.4,24.5,24.4,24.5,7000
CE,20120726,37.36,37.72,36.68,37.61,1742500
CEA,20120726,17.13,17.32,17.09,17.24,18700
CEE,20120726,29.82,30.25,29.82,30.17,14000
CEL,20120726,5.47,5.52,5.27,5.35,296100
CEM,20120726,23.74,23.84,23.54,23.66,109300
CEO,20120726,194.33,195.5,190.97,194.01,85900
CF,20120726,39.42,39.72,38.44,38.924,1251100
CFC-B,20120726,25.2,25.26,25.17,25.24,158400
CFI,20120726,10,10,9.9,10,20800
CFR,20120726,55.13,55.43,54.76,54.87,281200
CFX,20120726,27.51,28.05,27.15,28.04,760500
CGA,20120726,4.14,4.18,3.72,3.93,108100
CGI,20120726,13.95,14.02,13.8,13.88,175600
CHA,20120726,50.7,50.85,50.13,50.58,79500
CHD,20120726,28.345,28.73,28.19,28.675,733400
CHE,20120726,62.16,66.29,62.08,64.25,535300
CHH,20120726,39.12,39.3,38.59,39.11,68600
CHK,20120726,17.5,18.27,17.36,18.15,24232900
CHK-D,20120726,81.88,82.23,81.51,82,5200
CHKR,20120726,21.29,21.85,20.98,21.66,184000
CHL,20120726,56.97,57.27,56.92,57.12,923100
CHN,20120726,21.13,21.28,21.06,21.23,33400
CHS,20120726,14.8,15.11,14.53,14.97,5614400
CHS-A,20120726,25.29,25.35,25.17,25.2,46000
CHSP,20120726,16.15,16.15,15.79,16.06,58800
CHT,20120726,29.53,29.54,29.34,29.38,110200
CHU,20120726,14.65,14.65,14.4,14.52,1306200
CI,20120726,40.54,40.56,39.57,39.66,3785900
CIA,20120726,9.88,10.01,9.83,9.98,34900
CIB,20120726,61.15,61.5,60.4,60.79,318900
CIE,20120726,23.15,23.73,23.03,23.38,1138800
CIF,20120726,3.2,3.22,3.15,3.16,61500
CIG,20120726,15.056,15.232,15,15.168,1308300
CIG.C,20120726,16,16,16,16,0
CII,20120726,13.2,13.3,13.11,13.2,167200
CIM,20120726,2.3,2.32,2.05,2.13,44445400
CIR,20120726,30.72,30.79,29.67,30.25,226000
CIT,20120726,34.75,34.79,34.15,34.2,1523900
CKH,20120726,90.42,90.77,87.87,89.74,60200
CL,20120726,52.385,53.415,52.06,53.19,2810700
CLB,20120726,111.37,111.48,109.48,111.37,482800
CLD,20120726,15.78,16.19,15.66,15.8,1051500
CLDT,20120726,14.36,14.5,13.8,13.92,37100
CLF,20120726,41.39,41.39,36.06,38.57,15621600
CLGX,20120726,22.71,23.1,22.68,22.75,1465100
CLH,20120726,59.99,59.99,58.95,59.7,481200
CLI,20120726,28.32,28.74,27.47,27.66,1320000
CLN-A,20120726,25.44,25.48,25.34,25.46,80700
CLR,20120726,34.475,34.5,32.24,33.695,3516300
CLS,20120726,7.3,7.37,7.17,7.31,288600
CLW,20120726,36.59,36.59,34.94,35.25,195000
CLX,20120726,72.68,72.94,72.54,72.87,773400
CM,20120726,71.24,71.68,70.94,71.25,342000
CMA,20120726,30.34,30.53,30.1,30.49,2059500
CMA.W,20120726,7.82,7.83,7.79,7.83,1300
CMC,20120726,12.02,12.12,11.82,12.05,860700
CMG,20120726,300,302.87,289.64,289.86,1145000
CMI,20120726,88.68,89.38,87.29,89.09,2209400
CMO,20120726,14.11,14.18,13.8,13.86,1860900
CMP,20120726,75.9,75.97,73.94,73.97,226900
CMRE,20120726,13.16,13.21,12.98,13,105200
CMS,20120726,24.26,24.54,24.1,24.53,1539600
CMS-B,20120726,95.07,97,95.07,97,200
CMU,20120726,5.07,5.12,5.06,5.1,54000
CNA,20120726,26.96,27.09,26.6,26.66,67900
CNC,20120726,18.705,18.93,18.525,18.845,980500
CNCO,20120726,16.76,17.15,16.76,16.9,191000
CNI,20120726,43.555,44.22,43.355,43.925,742200
CNK,20120726,23.23,23.41,22.83,22.97,485200
CNO,20120726,7.89,8.05,7.83,8,2722700
CNP,20120726,20.73,20.95,20.73,20.89,2828900
CNQ,20120726,27.58,27.79,27.22,27.55,4385300
CNS,20120726,33.13,33.28,32.67,33,152800
CNX,20120726,28.83,29.33,27.72,28.46,4088900
CO,20120726,2.49,2.52,2.46,2.48,47500
CODI,20120726,13.9,14.14,13.77,13.85,111500
COF,20120726,55.77,56.5,55.47,56.36,3540800
COF.W,20120726,21.91,22.22,21.55,22.22,6600
COG,20120726,20.08,21.05,20.045,20.89,5201900
COH,20120726,59.77,60.66,58.44,59.72,4764600
COL,20120726,49.31,49.71,48.64,49.61,1208500
COO,20120726,76.35,76.8,74.75,75.04,411500
COP,20120726,54.03,54.53,53.32,54.4,10985500
COR,20120726,25.99,26.82,25.82,26.13,221100
COT,20120726,8.28,8.43,8.27,8.35,772400
CP,20120726,78.5,81.29,78.5,80.13,1597500
CPA,20120726,75.6,77.96,74.79,76.14,394400
CPAC,20120726,10.05,10.07,9.8,9.97,62000
CPB,20120726,32.88,33,32.71,32.75,1720600
CPE,20120726,4.83,4.85,4.74,4.79,509700
CPF,20120726,13.12,13.37,13.04,13.08,52900
CPK,20120726,30.7333,30.7333,30.1933,30.3533,21900
CPL,20120726,22.79,22.86,22.57,22.74,407300
CPN,20120726,17.27,17.65,17.23,17.62,2802800
CPT,20120726,71.54,71.76,70.12,70.65,640900
CR,20120726,39.53,39.74,38.94,39.28,377600
CRD.A,20120726,3.45,3.54,3.36,3.54,8900
CRD.B,20120726,3.49,3.89,3.49,3.84,19400
CRH,20120726,18.37,18.44,18.07,18.33,301000
CRI,20120726,52.26,53.12,50.35,50.9,1318300
CRK,20120726,86.8,87.35,83.8,85.85,1488700
CRL,20120726,33.64,33.84,33.15,33.76,318700
CRM,20120726,32.09,32.6875,30.7225,31.1525,4610900
CRR,20120726,84.24,87.33,67.98,68.48,2746700
CRS,20120726,45.02,45.2,44.19,44.88,375100
CRT,20120726,37.75,38.49,37.26,38.36,11000
CRY,20120726,5.09,5.09,4.97,5.01,33700
CS,20120726,16.7,16.92,16.62,16.7,3194300
CSL,20120726,51.21,51.43,49.25,49.83,600100
CSS,20120726,18.72,18.84,17.96,18.06,27700
CSU,20120726,11.6,11.63,11.24,11.32,85400
CSV,20120726,7.87,7.91,7.75,7.88,25200
CTB,20120726,16.15,16.38,15.74,16.12,707000
CTL,20120726,40.76,41,40.63,40.85,4394300
CTR,20120726,20.41,20.56,20.26,20.43,136000
CTS,20120726,8.9,9.03,8.88,8.93,140100
CTU,20120726,26.17,26.18,26.02,26.1,175700
CTW,20120726,26.79,27.05,26.72,26.87,67500
CTX,20120726,26.41,26.64,26.3,26.44,209500
CUB,20120726,49.02,49.02,47.74,48.41,84900
CUBE,20120726,11.82,11.97,11.71,11.77,560200
CUK,20120726,33.08,33.29,32.53,33.13,337400
CUZ,20120726,7.57,7.59,7.44,7.5,283100
CVA,20120726,16.63,16.76,16.38,16.6,404000
CVE,20120726,31.39,31.8,30.8,31.11,1938800
CVG,20120726,14.66,14.75,14.59,14.71,332100
CVI,20120726,28.22,28.22,27.43,27.77,311600
CVO,20120726,14.96,15.2,14.48,14.72,525200
CVS,20120726,45.26,45.37,44.47,44.56,7786400
CVX,20120726,107.59,108.63,107.26,108.27,6813600
CW,20120726,29.86,29.98,28.85,29.24,139900
CWH,20120726,18.29,18.35,18.13,18.22,447200
CWT,20120726,18.76,18.76,18.33,18.34,247600
CX,20120726,6.92,7.12,6.8,7.07,13185000
CXE,20120726,5.67,5.77,5.67,5.77,79500
CXH,20120726,11.17,11.19,11.07,11.1,17300
CXO,20120726,83.93,84.12,80.76,82.86,1327500
CXW,20120726,30.17,30.4,29.55,29.81,1083400
CYD,20120726,12.61,12.63,12.28,12.56,62500
CYH,20120726,25.88,26,22.51,24.2,7023100
CYS,20120726,14.28,14.31,14.12,14.2,2208000
CZZ,20120726,12.5,12.56,12.38,12.55,1116900
D,20120726,53.58,54.24,53.48,54.13,1773700
DAC,20120726,3.95,4.23,3.9,4.06,8300
DAL,20120726,9.57,9.58,9.2,9.41,19560500
DAN,20120726,12,13.18,11.97,12.99,7593800
DAR,20120726,16.41,16.63,16.19,16.24,704700
DB,20120726,28.94,29.19,28.66,28.88,4107000
DBD,20120726,35.79,36.01,35.43,35.57,314700
DBL,20120726,26.26,26.35,25.98,26.02,118500
DCI,20120726,32.92,33.3,32.78,33.28,582400
DCM,20120726,16.32,16.39,16.28,16.29,457800
DCO,20120726,10.08,10.11,9.7,9.76,38700
DCT,20120726,24.36,24.64,24.2,24.32,2780400
DD,20120726,48.99,49.33,48.48,48.77,3953300
DD-A,20120726,90.65,91.05,90.65,90.65,1000
DD-B,20120726,108.62,111,108.62,111,200
DDD,20120726,20.2667,23.3,20.2467,22.7867,1556500
DDE,20120726,3,3,2.9,2.91,10500
DDF,20120726,7.95,7.97,7.89,7.95,17000
DDR,20120726,14.74,14.88,14.72,14.82,3383800
DDS,20120726,63.72,63.91,62.55,63.38,487100
DDT,20120726,25.43,25.43,25.3,25.35,7100
DE,20120726,74.95,75.38,73.86,75.03,3563100
DECK,20120726,41.63,42.17,39.9,42.13,3605000
DEI,20120726,23.16,23.52,23.16,23.26,653800
DEL,20120726,61.59,62.71,59.64,61.15,22100
DEO,20120726,106.65,106.85,106.02,106.4,1002800
DEX,20120726,12.01,12.02,11.86,11.95,43800
DF,20120726,24.32,24.62,24.06,24.5,3859600
DFS,20120726,34.8,35.62,34.59,35.53,4350500
DFT,20120726,26.55,27.19,26.48,26.75,1330000
DG,20120726,51.57,51.97,50.58,51.28,4110500
DGI,20120726,18.04,18.7,17.83,18.55,1652500
DGX,20120726,58.3,58.34,57.83,58.25,748200
DHF,20120726,4.45,4.45,4.27,4.37,1556000
DHG,20120726,15.86,15.95,15.86,15.89,38800
DHI,20120726,18.4,18.97,18.34,18.8,8707000
DHR,20120726,52.07,52.59,51.56,52.05,3271100
DHT,20120726,6.14,6.14,5.8,5.83,120600
DHX,20120726,7.31,7.35,7.03,7.1,1696200
DIN,20120726,44.98,46.59,44.67,45.1,148500
DIS,20120726,49.06,49.87,49.06,49.71,10497100
DK,20120726,19.23,19.27,18.54,18.69,290800
DKS,20120726,47.52,48.39,47.49,48.18,1059200
DKT,20120726,26.6,26.6,26.33,26.33,108500
DL,20120726,3.1,3.1,3.1,3.1,200
DLB,20120726,35.14,35.3,34.59,34.85,500200
DLPH,20120726,27.05,27.05,26.62,26.95,1834100
DLR,20120726,75.57,76.76,75.57,76.38,1796100
DLX,20120726,27.12,28,26.68,27.46,718800
DM,20120726,5.11,5.13,4.98,5.05,165000
DMO,20120726,23.19,23.19,22.86,23,77400
DNB,20120726,71.7,71.7,70.42,70.91,336700
DNI,20120726,13.44,13.52,13.44,13.52,40300
DNP,20120726,11.51,11.6,11.51,11.55,280000
DNR,20120726,14.85,15.55,14.83,15.48,10396100
DO,20120726,65.41,66.25,65.13,65.9,1871500
DOV,20120726,51.78,52.69,51.5,52.07,1586600
DOW,20120726,29.39,30.59,29.01,29.18,20800700
DPG,20120726,18.23,18.52,18.16,18.36,149200
DPS,20120726,44.43,44.85,42.34,44.66,3044100
DPZ,20120726,33.96,34.08,33.51,33.74,541800
DQ,20120726,4.75,5.1,4.4,4.8,69000
DRD,20120726,6.09,6.2,5.99,6.15,26900
DRE,20120726,14.21,14.34,14.07,14.3,3961100
DRH,20120726,9.37,9.48,9.23,9.31,1894400
DRI,20120726,49.86,51.13,49.86,50.99,2150100
DRQ,20120726,71.78,72.57,71.68,71.9,394500
DSM,20120726,9.4,9.46,9.4,9.43,91900
DST,20120726,53.45,54.12,52.79,53.32,129600
DSU,20120726,12.9,12.96,12.78,12.81,331800
DSW,20120726,28.205,28.625,27.985,28.5,444200
DSX,20120726,6.71,6.77,6.57,6.65,336600
DTE,20120726,60.06,60.55,59.82,60.12,996400
DTF,20120726,17.23,17.23,17.16,17.2,16000
DTK,20120726,25.83,25.87,25.47,25.61,407900
DUC,20120726,12.53,12.57,12.47,12.54,50200
DUK,20120726,65.99,67.4,65.98,67.34,5642500
DV,20120726,19.8,20.37,18.15,19.94,3362200
DVA,20120726,48.48,48.91,47.925,48.86,624200
DVD,20120726,1.29,1.4,1.29,1.4,6500
DVN,20120726,57.62,58.19,57.18,57.95,3130900
DX,20120726,10.33,10.34,10.06,10.19,361700
DXB,20120726,25.1,25.14,24.93,25.03,96100
DY,20120726,17.21,17.36,17.15,17.28,232600
E,20120726,39.14,39.69,38.93,39.5,1017300
EAT,20120726,31.42,31.85,31.03,31.52,1560600
EBF,20120726,14.13,14.13,13.77,13.94,40300
EBR,20120726,6.51,6.52,6.38,6.48,675900
EBR.B,20120726,9.19,9.25,9.06,9.22,155900
EBS,20120726,13.81,13.83,13.49,13.77,100800
EC,20120726,54.75,55.32,54.69,55.15,616700
ECA,20120726,19.96,20.26,19.81,20.16,5692000
ECL,20120726,66.25,66.83,65.67,66,1097600
ECT,20120726,20.69,20.99,20.41,20.57,48400
ED,20120726,63.85,64.54,63.79,64.42,1393100
EDD,20120726,16.28,16.54,16.25,16.5,195400
EDF,20120726,23.49,23.99,23.26,23.45,62700
EDN,20120726,2.59,2.62,2.59,2.6,19400
EDR,20120726,34.68,34.68,33.93,34.14,397100
EDU,20120726,11.59,11.87,11.42,11.72,3808800
EE,20120726,33.61,33.98,33.32,33.46,151900
EEA,20120726,6.04,6.06,5.98,6.06,31600
EEP,20120726,29.18,29.18,28.52,28.97,542100
EEQ,20120726,31.22,31.27,30.78,31.11,64500
EFC,20120726,22.44,22.49,22.15,22.39,236500
EFR,20120726,15.77,15.78,15.49,15.54,143200
EFT,20120726,15.85,15.85,15.67,15.69,141700
EFX,20120726,48.8,49.49,45.48,46.97,2946400
EGF,20120726,15.38,15.4,15.3,15.33,14600
EGL,20120726,15.39,16.3,14.75,15.17,417600
EGN,20120726,47.47,50.09,47.47,49.84,1094800
EGO,20120726,10.53,10.59,10.14,10.39,4063900
EGP,20120726,52.6,52.81,52.15,52.43,154800
EGY,20120726,7.26,7.38,6.96,7.26,438600
EHI,20120726,13.41,13.42,13.29,13.35,74900
EIG,20120726,17.86,18.05,17.77,17.9,70800
EIX,20120726,45.63,45.86,45.53,45.67,1803600
EL,20120726,52.93,53.94,52.93,53.7,2451600
ELJ,20120726,26.19,26.28,26.1,26.15,103400
ELLI,20120726,19.75,19.88,19.15,19.47,157300
ELP,20120726,19.85,19.94,19.69,19.74,308900
ELS,20120726,36.335,36.52,35.935,36.11,158100
ELY,20120726,5.54,5.58,5.46,5.53,275700
EMD,20120726,15,15,14.92,14.99,55300
EME,20120726,26.91,27.85,26.24,26.41,460600
EMF,20120726,17.01,17.09,16.79,17.06,53500
EMN,20120726,49.73,50.13,49,49.59,1866100
EMO,20120726,20.5,20.5,20.16,20.3,96500
EMR,20120726,46.29,46.9,46.16,46.69,2711400
ENB,20120726,41.5,41.73,41.17,41.65,541900
ENR,20120726,77.78,79.27,77.43,78.71,784800
ENS,20120726,33.72,33.83,33.17,33.63,138200
ENV,20120726,11.59,11.65,11.5,11.56,11000
ENZ,20120726,1.54,1.57,1.52,1.56,64200
EOD,20120726,7.91,7.95,7.87,7.95,180000
EOG,20120726,48.67,49.29,48.13,48.71,2020800
EOI,20120726,10.52,10.56,10.47,10.55,107700
EOS,20120726,10.45,10.46,10.41,10.43,135700
EOT,20120726,23.24,23.38,23.12,23.37,81400
EP-C,20120726,53.46,53.65,52.88,52.88,15900
EPAM,20120726,14.32,14.5,13.95,14.47,63700
EPD,20120726,26.91,27.05,26.75,26.95,1142800
EPR,20120726,43.44,43.44,42.25,42.47,197700
EPR-C,20120726,19.49,19.57,19.42,19.5,18300
EPR-E,20120726,28.28,28.28,28.28,28.28,0
EQM,20120726,26.89,26.9,26.27,26.6,113600
EQR,20120726,64.25,64.44,62.12,62.92,2475400
EQS,20120726,2.35,2.39,2.31,2.37,6500
EQT,20120726,55.85,57.08,55.18,55.76,2155500
ERF,20120726,13.6,13.76,13.46,13.67,1126800
ERJ,20120726,24.98,25.22,24.36,25.09,1835200
ES,20120726,1.72,1.72,1.56,1.57,1040900
ESE,20120726,34.88,35.26,34.14,34.8,80500
ESL,20120726,58.73,59.05,57.76,58.5,94900
ESS,20120726,159.19,159.69,155.2,156.47,302000
ESV,20120726,50.75,52.01,50.11,51.59,4586700
ETB,20120726,13.73,13.81,13.65,13.75,72400
ETE,20120726,20.895,21.03,20.7,20.945,281100
ETG,20120726,13.58,13.66,13.52,13.61,176400
ETH,20120726,19.66,20.74,19.54,20.15,1442000
ETJ,20120726,10.36,10.39,10.33,10.35,195800
ETM,20120726,5.8,5.88,5.41,5.49,80300
ETN,20120726,42.91,43.5,42.57,43.16,6833600
ETO,20120726,18.27,18.46,18.27,18.4,49300
ETP,20120726,44.76,45.13,44.46,45.07,874300
ETR,20120726,71.45,71.81,71.04,71.49,777300
ETV,20120726,12.66,12.69,12.63,12.66,146800
ETW,20120726,10.54,10.54,10.44,10.49,278600
ETY,20120726,9.14,9.17,9.08,9.16,328300
EV,20120726,26.35,26.42,26.03,26.39,845800
EVC,20120726,1.21,1.3,1.2,1.29,47900
EVER,20120726,12,12.17,9.4,11.35,802100
EVF,20120726,7.2,7.22,7.14,7.17,115700
EVG,20120726,17.32,17.34,17.21,17.3,65200
EVN,20120726,13.94,14.01,13.94,14.01,56600
EVR,20120726,21.43,22.57,20.84,21.98,324800
EVT,20120726,16.48,16.55,16.43,16.5,102700
EW,20120726,52.14,52.53,50.3,51.27,1877600
EXC,20120726,38.75,39.09,38.75,38.98,3288300
EXD,20120726,17.95,17.95,17.63,17.85,38000
EXG,20120726,8.34,8.37,8.31,8.37,786900
EXK,20120726,8.24,8.38,8.06,8.31,1517000
EXP,20120726,35.73,35.93,34.09,34.81,701600
EXPR,20120726,16.48,16.61,16.01,16.25,1009900
EXR,20120726,31.88,32.22,31.74,31.94,397300
F,20120726,9.05,9.11,8.83,8.96,51818600
FAC,20120726,1.18,1.18,1.18,1.18,0
FAF,20120726,17,17.3,16.73,17.04,600800
FAM,20120726,17.65,17.71,17.62,17.7,30600
FBC,20120726,9.2,9.5,8.9,9.4,904000
FBHS,20120726,21.25,21.97,21.05,21.33,1142100
FBP,20120726,3.48,3.5,3.43,3.5,93500
FBR,20120726,7.26,7.76,7.12,7.61,3191000
FC,20120726,9.53,9.67,9.25,9.61,23300
FCE.A,20120726,14.12,14.13,13.82,14.07,279200
FCE.B,20120726,14.06,14.06,14.06,14.06,100
FCF,20120726,6.91,6.91,6.75,6.81,730000
FCH,20120726,4.61,4.7,4.57,4.67,512500
FCH-A,20120726,25.48,25.48,25.24,25.25,14100
FCN,20120726,26.16,26.21,25.27,25.37,431800
FCT,20120726,14.99,15.02,14.85,15.02,99300
FCX,20120726,32.24,32.5,31.68,32.31,16614800
FDP,20120726,23.64,24.02,23.6,23.94,152200
FDS,20120726,91.89,92.94,91.12,92.4,349900
FDX,20120726,88.74,89.34,88.2,88.55,1893500
FE,20120726,49.34,49.73,49.13,49.7,1406400
FENG,20120726,3.92,4.05,3.86,3.91,83300
FEO,20120726,20.2,20.24,19.91,20.17,20400
FET,20120726,19.75,21.15,19.72,20.8,745200
FF,20120726,9.78,9.78,9.59,9.71,22600
FFA,20120726,11.79,11.83,11.65,11.74,62900
FFC,20120726,19.5,19.67,19.4,19.59,190300
FFG,20120726,29.53,30.03,29.51,29.91,55400
FGB,20120726,7.39,7.53,7.39,7.53,31200
FGP,20120726,19.9,20.01,19.85,19.89,119000
FHN,20120726,8.11,8.13,7.95,8,4310000
FHY,20120726,17.52,17.53,17.43,17.51,32900
FICO,20120726,43.87,43.87,38.99,39.19,536900
FIF,20120726,21.86,21.86,21.02,21.52,148000
FIG,20120726,3.75,3.78,3.72,3.76,229000
FII,20120726,20.09,20.24,19.75,19.93,1298800
FIS,20120726,32.14,32.33,31.69,31.7,2094500
FIX,20120726,9.65,9.72,9.43,9.5,32500
FL,20120726,32.92,33.11,32.4,32.94,1410700
FLC,20120726,20.51,20.7,20.41,20.63,68200
FLO,20120726,14.1267,14.2467,14.0533,14.18,415800
FLR,20120726,48.34,49.37,48.15,49.21,1659100
FLS,20120726,37.5633,37.92,37.08,37.3967,637500
FLT,20120726,36.25,36.61,35.68,36.52,308500
FLY,20120726,12.74,12.8,12.62,12.72,35800
FMC,20120726,55.01,55.45,54.64,55.21,971800
FMN,20120726,16.52,16.53,16.47,16.53,25200
FMO,20120726,22.99,22.99,22.52,22.64,34700
FMS,20120726,36.41,36.635,36.32,36.485,74800
FMX,20120726,84.95,86.21,84.46,85.95,485000
FMY,20120726,19.62,19.63,19.57,19.57,18400
FN,20120726,11.75,12.01,11.75,11.97,126300
FNB,20120726,10.99,11,10.85,10.92,370500
FNF,20120726,18.71,18.91,18.48,18.53,4237800
FNV,20120726,47.5,47.93,46.6,47.58,219600
FOE,20120726,3.13,3.3,2.65,2.8,3955300
FOF,20120726,12.34,12.41,12.32,12.39,80400
FOR,20120726,12.09,12.09,11.73,11.88,46900
FPO,20120726,11.41,11.48,11.05,11.22,310900
FPT,20120726,15.16,15.16,15,15.12,21000
FR,20120726,12.09,12.68,12.03,12.51,584500
FRA,20120726,15,15.04,14.84,14.92,74100
FRC,20120726,32.44,32.54,32.23,32.41,346900
FRC-B,20120726,25.93,26.06,25.79,26,107900
FRO,20120726,18.3,18.4,17.6,17.9,370500
FRT,20120726,107.23,108.17,106.23,106.77,285400
FSD,20120726,18.09,18.1,17.98,18.03,91800
FSM,20120726,3.71,3.87,3.71,3.85,369300
FSS,20120726,5.65,5.69,5.54,5.66,82500
FT,20120726,7.28,7.45,7.27,7.31,62600
FTI,20120726,44.54,45.54,43.8,45.46,4707400
FTK,20120726,10.08,10.2,9.73,10.05,531900
FUL,20120726,28.79,28.96,28.17,28.34,336700
FUN,20120726,32.77,33.1,32,32.01,245900
G,20120726,17.2,17.28,16.97,17.04,341100
GAB,20120726,5.42,5.43,5.39,5.43,244400
GAB-D,20120726,25.84,25.84,25.76,25.77,1300
GAM,20120726,27.16,27.16,27.01,27.1,33300
GAM-B,20120726,26.05,26.05,25.88,25.97,4000
GBAB,20120726,24.09,24.31,23.85,24.08,104100
GBL,20120726,44.34,44.72,43.2,43.61,23000
GBX,20120726,14.32,14.9,14.31,14.85,427200
GCAP,20120726,4.59,4.66,4.5,4.6,55200
GCH,20120726,10.31,10.34,10.29,10.31,13200
GCI,20120726,14.3,14.36,13.99,14.15,3933400
GCO,20120726,61.58,62.07,60.81,61.73,187200
GCV,20120726,5.53,5.54,5.47,5.53,11400
GCV-B,20120726,25.72,25.75,25.62,25.7,1600
GD,20120726,62.85,63.72,62.44,62.9,2331700
GDI,20120726,52.06,52.32,50.86,52.14,434800
GDL,20120726,11.91,11.91,11.85,11.89,33300
GDL-B,20120726,50.3,50.3,50.26,50.27,2100
GDO,20120726,19.76,19.77,19.54,19.59,70600
GDOT,20120726,23.6,23.7,23.15,23.32,555900
GDV,20120726,16.11,16.14,16,16.1,175400
GDV-A,20120726,25.71,25.77,25.7,25.73,2400
GDV-D,20120726,26.87,26.87,26.42,26.82,1300
GE,20120726,20.2,20.7,20.16,20.56,57282200
GEF,20120726,41.28,41.91,41.02,41.53,132900
GEF.B,20120726,49.46,49.5,48.89,49.25,7600
GEL,20120726,31.32,31.32,30.36,30.92,170200
GEN,20120726,2.33,2.38,2.29,2.37,15828300
GEO,20120726,15.16,15.3467,15.06,15.34,389200
GER,20120726,26.27,26.47,26.12,26.19,31800
GES,20120726,28.69,29.53,28.64,29.35,1221300
GF,20120726,13.58,13.72,13.58,13.72,20600
GFA,20120726,2.21,2.29,2.2,2.24,1689800
GFF,20120726,8.82,8.92,8.55,8.77,74400
GFI,20120726,12.57,12.81,12.54,12.81,3397100
GFY,20120726,16.92,16.95,16.86,16.9,22400
GG,20120726,34.51,36.4,34.41,36.09,7956700
GGB,20120726,8.4,8.59,8.34,8.5,6517500
GGG,20120726,41.49,46.25,41.09,43.01,485300
GGP,20120726,17.64,17.88,17.61,17.87,3257900
GGT,20120726,7,7.12,6.99,7.1,25500
GGT-B,20120726,25.75,25.75,25.75,25.75,0
GHL,20120726,38.05,38.97,37.78,38.76,355900
GIB,20120726,23.41,23.83,23.38,23.73,186100
GIL,20120726,13.73,13.97,13.59,13.735,488100
GIM,20120726,9.52,9.52,9.41,9.5,195200
GIS,20120726,38.24,38.4,38.07,38.19,3334200
GJH,20120726,10.1,10.1,10.1,10.1,0
GJO,20120726,18.48,18.8,18.38,18.71,5200
GJP,20120726,21.85,22.44,21.85,22.34,900
GJR,20120726,17.6,17.6,17.6,17.6,0
GJS,20120726,14.24,14.24,14,14.01,900
GJT,20120726,15.11,15.26,15.11,15.11,1900
GJV,20120726,25.33,25.47,25.33,25.37,7600
GLOG,20120726,10,10.13,9.57,9.71,82300
GLP,20120726,23.97,24.25,23.6,24.02,33600
GLT,20120726,15.76,15.9,15.48,15.51,194300
GLW,20120726,11.12,11.34,10.98,11.23,22643500
GM,20120726,19.02,19.15,18.75,19.11,5577700
GM.B,20120726,6.37,6.45,6.21,6.45,64500
GME,20120726,15.99,16.06,15.77,15.97,2411600
GNC,20120726,41.01,41.01,34.5,37.11,9677200
GNE,20120726,7.13,7.24,7,7.05,23300
GNK,20120726,24.3,24.8,23.5,23.6,263400
GNRC,20120726,22.34,22.55,22.1,22.39,197900
GNT,20120726,14.74,14.92,14.6,14.92,69100
GNW,20120726,4.83,4.85,4.62,4.77,6162700
GOF,20120726,21.23,21.27,21.2,21.24,42700
GOL,20120726,20.65,21.4,20.3,21.35,873300
GPC,20120726,63.79,63.88,62.82,63.58,611100
GPE-A,20120726,27.99,27.99,27.66,27.8,4800
GPI,20120726,53.29,53.71,50.14,51.17,447500
GPK,20120726,5.2,5.67,5.2,5.58,1029500
GPM,20120726,9.13,9.2,9.08,9.16,33300
GPN,20120726,21.665,21.85,21.255,21.255,1152600
GPS,20120726,29.75,29.94,29.24,29.65,6670900
GPX,20120726,17.38,17.6,16.93,17.18,46100
GRA,20120726,57.05,57.89,56.45,56.97,942900
GRR,20120726,12.97,13.1,12.97,13.1,5900
GRX,20120726,8.36,8.4,8.32,8.33,17200
GRX-A,20120726,27.36,27.67,27.36,27.41,4100
GS,20120726,97.44,98.2,96.75,98.06,5077500
GS-A,20120726,18.76,18.98,18.76,18.84,309000
GS-B,20120726,25.19,25.23,25.12,25.12,46400
GS-C,20120726,20.83,21.09,20.83,20.9,9500
GS-D,20120726,20,20.23,20,20.17,144400
GSH,20120726,15.42,15.44,15.14,15.27,35800
GSK,20120726,44.81,45,44.62,44.9,2201900
GSL,20120726,3.48,3.48,3.25,3.39,14600
GTN,20120726,1.62,1.62,1.55,1.57,102100
GTN.A,20120726,1.5,1.5,1.5,1.5,0
GTS,20120726,18.23,18.23,17.5,17.7,61200
GTY,20120726,18.56,18.63,18.17,18.37,52000
GUT,20120726,8.2,8.26,8.13,8.19,46600
GUT-A,20120726,25.73,25.75,25.73,25.74,700
GVA,20120726,25.58,25.58,25.21,25.37,206900
GWR,20120726,60.11,61.01,59.55,60.85,618800
GWRE,20120726,25.15,25.5,24.6,25.14,477200
GWW,20120726,202.33,208.71,199.13,202.26,382500
GXP,20120726,21.98,22.2,21.98,22.04,1367500
GYB,20120726,17.48,17.65,17.1,17.18,30700
GYC,20120726,21.75,22.09,21.75,22.08,2100
GZT,20120726,9.16,9.31,9.16,9.2,3400
H,20120726,34.11,34.17,33.48,33.79,501700
HAE,20120726,37.27,37.325,36.42,36.5,96200
HAL,20120726,31.84,32.72,31.75,32.56,20175700
HBI,20120726,7.1725,7.2125,7.055,7.1775,853600
HBM,20120726,8.44,8.45,8.22,8.36,6000
HCA,20120726,27.5,27.54,25.99,26.9,4275200
HCC,20120726,30.65,30.88,30.23,30.48,458600
HCN,20120726,61.4,61.59,60.68,61.05,1575600
HCN-I,20120726,55.97,56.03,55.74,56.02,48900
HCP,20120726,46.68,47.75,46,46.44,2214200
HD,20120726,51.74,52.96,51.74,52.91,12550300
HDB,20120726,33.48,33.69,32.85,33.5,634700
HE,20120726,28.26,28.57,28.22,28.37,257900
HE-U,20120726,25.93,25.93,25.93,25.93,0
HEI,20120726,23.3024,23.4624,22.6816,22.9376,72500
HEI.A,20120726,18.7008,18.8608,18.4768,18.7008,15500
HEP,20120726,30.75,31.53,30.75,31.445,84700
HEQ,20120726,15.96,16,15.77,15.88,89000
HES,20120726,46.65,47.69,46.43,47.56,6841100
HF,20120726,14.36,14.55,14.19,14.48,36500
HFC,20120726,34.81,35.36,34.21,35.19,2604800
HGH,20120726,27.55,27.85,27.45,27.56,113400
HGT,20120726,7.44,7.51,7.3,7.5,224000
HHC,20120726,62,62.81,61.64,62.38,73200
HHS,20120726,6.48,6.5,6.32,6.37,170200
HI,20120726,17.21,17.21,16.88,17.08,276700
HIG,20120726,16.33,16.39,16,16.16,7037500
HIG.W,20120726,9.12,9.16,8.85,8.9,60200
HII,20120726,39.37,39.48,38.39,38.74,138500
HIL,20120726,3.48,3.63,3.44,3.55,66300
HIO,20120726,6.61,6.62,6.55,6.56,139700
HIW,20120726,33.16,33.43,32.83,33.11,577600
HIX,20120726,10.21,10.21,10.15,10.19,166200
HJV,20120726,23.5,23.8,23.47,23.57,12100
HK,20120726,7.32,7.37,6.41,7.03,3214300
HL,20120726,4.52,4.61,4.48,4.56,4222200
HL-B,20120726,56.7,56.7,55.7,56.2,600
HLF,20120726,49.16,51.46,49.16,51.14,1466000
HLS,20120726,23.11,23.34,22.15,22.93,602900
HLX,20120726,16.88,17.14,16.36,16.79,1041700
HMC,20120726,30.89,31.21,30.8,31.16,244700
HMN,20120726,18.2,18.37,17.36,17.5,183200
HMY,20120726,9.51,9.78,9.47,9.75,1690000
HNI,20120726,26.48,26.75,25.9,26.15,174200
HNP,20120726,28.34,28.58,28.26,28.52,75100
HNR,20120726,32,32.4,31.4,31.88,291500
HOG,20120726,42.77,43.47,42.35,43.2,1810900
HON,20120726,57.85,58.67,57.38,57.74,3079400
HOS,20120726,40.84,41.6,40.5,41.1,404000
HOV,20120726,2.42,2.49,2.33,2.48,3939100
HP,20120726,44.34,45.99,44.09,45.77,1942900
HPF,20120726,22.53,22.67,22.53,22.64,56800
HPI,20120726,23.23,23.35,23.14,23.26,48500
HPP,20120726,17.58,17.71,17.24,17.35,210100
HPQ,20120726,8.2045,8.2727,8.0909,8.1864,16666900
HPS,20120726,19.49,19.52,19.4,19.48,78200
HQH,20120726,17.14,17.16,16.93,16.97,113700
HQL,20120726,14.93,14.98,14.85,14.89,49000
HR,20120726,24.33,24.36,24,24.15,436400
HRB,20120726,16.24,16.26,16.09,16.1,3463500
HRC,20120726,29,29.61,24.69,25.8,2501300
HRG,20120726,8.89,9.19,8.89,9.17,143400
HRL,20120726,14.08,14.23,13.975,13.99,870900
HRS,20120726,41.18,41.46,40.83,41.25,418500
HSC,20120726,19.93,20.07,19.56,19.78,349800
HST,20120726,14.33,14.46,14.13,14.41,11566500
HSY,20120726,71.2,72.55,71.05,71.43,988500
HT,20120726,4.77,4.83,4.66,4.74,853900
HTA,20120726,19.2,19.2,18.78,19.08,185300
HTD,20120726,18.77,18.85,18.74,18.76,105500
HTF,20120726,25.67,25.67,25.37,25.37,7100
HTGC,20120726,11.25,11.34,11.09,11.15,174900
HTH,20120726,10.52,10.53,10.24,10.3,83000
HTY,20120726,11.98,12.04,11.96,12.03,17000
HTZ,20120726,43.32,43.4,40.88,42.6,9814000
HUM,20120726,70.73,70.75,67.98,68.2,3159500
HUN,20120726,12.06,12.08,11.91,12,3438500
HVT,20120726,11.33,11.37,10.99,11.03,13600
HVT.A,20120726,11.32,11.32,11.32,11.32,100
HW,20120726,5.45,5.45,5.27,5.4,626100
HXL,20120726,24.16,24.34,23.34,23.65,696100
HYB,20120726,10.88,10.95,10.71,10.9,90400
HYH,20120726,25.72,25.94,25.67,25.94,1500
HYI,20120726,19.01,19.09,18.94,19.09,27800
HYT,20120726,12.85,12.92,12.82,12.88,97900
HZO,20120726,8.92,8.92,6.82,7.08,834500
IAE,20120726,15.02,15.24,14.99,15.2,28200
IAG,20120726,10.47,11.04,10.45,10.98,3020000
IBA,20120726,22.88,23.15,22.55,22.83,12500
IBM,20120726,193.49,194.95,192.57,193.95,3284300
IBN,20120726,6.678,6.816,6.652,6.774,1936500
ICB,20120726,18.72,18.78,18.59,18.78,13400
ICE,20120726,26.794,26.794,26.164,26.546,583100
IDA,20120726,42.37,42.67,42.15,42.31,134900
IDE,20120726,16.78,16.9,16.77,16.8,40400
IDT,20120726,10.3,10.3,9.94,10.03,48800
IEX,20120726,36.73,37.43,36.55,37.41,507700
IFF,20120726,54.71,54.97,53.75,54.08,411200
IFN,20120726,19.9,20.12,19.9,20.08,128800
IGA,20120726,11.3,11.3,11.15,11.16,148800
IGD,20120726,9,9.03,8.98,8.98,354800
IGI,20120726,23.43,23.5,23.24,23.35,27100
IGR,20120726,8.3,8.35,8.11,8.16,638000
IGT,20120726,11.89,11.89,11.12,11.14,13141200
IHC,20120726,9.28,9.37,9.04,9.18,3000
IHD,20120726,14.14,14.18,13.79,13.95,65400
IHG,20120726,29.052,29.328,28.908,29.244,517200
IID,20120726,9.62,9.75,9.6,9.65,24100
IIF,20120726,14.85,14.9,14.79,14.9,41800
IIM,20120726,16.88,16.9,16.72,16.77,39700
IMAX,20120726,23.92,23.95,22.05,22.46,3303900
INB,20120726,10.48,10.52,10.39,10.49,62800
INF,20120726,19.36,19.49,18.99,19.1,56900
ING,20120726,6.18,6.23,6.13,6.19,2957600
INGR,20120726,47.86,48.82,47.81,48.77,476100
INN,20120726,7.93,8.14,7.82,8.12,127400
INT,20120726,39.33,39.43,38.77,38.9,316800
INVN,20120726,12.35,12.85,11.9,12.62,2736200
INXN,20120726,18,19.04,17.91,18.88,498800
IO,20120726,97.95,99,96.3,97.95,613600
IP,20120726,32.22,33.66,32,32.44,5529600
IPG,20120726,10.19,10.22,9.04,9.9,32281500
IPHI,20120726,9.38,10.59,9.34,10.47,724700
IPI,20120726,23.23,23.23,22.4,22.82,425000
IQI,20120726,14.98,15,14.83,14.91,75600
IR,20120726,40.01,40.49,39.55,40,5036600
IRL,20120726,7.21,7.31,7.15,7.23,17000
IRM,20120726,31.64,32.36,31.48,32.3,1329200
IRR,20120726,10.85,10.89,10.76,10.85,68900
IRS,20120726,7.12,7.12,6.82,6.98,35600
ISD,20120726,19.77,20,19.77,19.89,94700
ISF,20120726,22.09,22.13,21.99,22.11,182500
ISG,20120726,21.12,21.15,20.99,21.02,118900
ISP,20120726,21.26,21.35,21.22,21.26,110200
IT,20120726,43.32,43.86,42.49,43.69,1519400
ITG,20120726,7.83,7.86,7.68,7.82,141700
ITT,20120726,18.59,18.7,18.35,18.67,1201200
ITUB,20120726,15.18,15.52,15.07,15.46,20113100
ITW,20120726,53.45,54,52.7,53.56,3482600
IVC,20120726,15.63,15.63,14.18,14.35,214100
IVR,20120726,19.62,19.73,19.51,19.6,1150400
IVZ,20120726,21.09,21.53,20.81,20.91,14439700
IX,20120726,47.63,47.85,47.55,47.84,10700
JAG,20120726,0.66,0.69,0.61,0.61,1910500
JBK,20120726,23.4,23.4,22.54,22.54,15800
JBL,20120726,20.53,20.77,20.3,20.65,2544000
JBN,20120726,23.53,23.53,23.1,23.24,28200
JBR,20120726,24.57,24.57,23.8,23.8,25200
JBT,20120726,13.98,14.21,13.91,14.15,89900
JCE,20120726,13.43,13.52,13.31,13.4,20700
JCI,20120726,24.12,24.29,23.81,24.14,6660500
JCP,20120726,22.22,22.53,21.45,22.21,10810600
JDD,20120726,12.05,12.09,11.85,11.89,54900
JE,20120726,10.78,10.85,10.7,10.82,39300
JEC,20120726,37.37,37.74,37.28,37.65,1392500
JEQ,20120726,4.95,4.98,4.92,4.97,64400
JFC,20120726,11.77,11.82,11.76,11.82,6600
JFR,20120726,12,12.01,11.84,11.89,113600
JHI,20120726,24.35,24.49,24.28,24.38,36600
JHS,20120726,16.39,16.48,16.25,16.39,23600
JHX,20120726,44.12,45,43.29,43.56,2600
JKS,20120726,2.55,2.71,2.53,2.59,100000
JLL,20120726,66.5,66.88,65.55,66.03,298100
JLS,20120726,24.73,24.75,24.51,24.58,51900
JMF,20120726,18.49,18.73,18.27,18.5,68400
JMP,20120726,6.28,6.34,5.85,6.15,23600
JMT,20120726,24.96,24.97,24.68,24.79,23200
JNJ,20120726,68.3,68.98,68.21,68.74,16477600
JNPR,20120726,16.64,16.98,16.37,16.83,13488300
JNS,20120726,6.83,7.05,6.72,6.8,3181600
JOE,20120726,17,17.24,16.84,17.08,275800
JOF,20120726,7.06,7.12,7.03,7.12,76900
JPC,20120726,9.67,9.67,9.54,9.63,374100
JPM,20120726,35.78,35.94,35.34,35.81,28903200
JPM.W,20120726,10.29,10.29,9.87,10.05,443000
JPS,20120726,9.33,9.38,9.31,9.35,257700
JQC,20120726,9.31,9.32,9.29,9.3,256100
JRI,20120726,18.03,18.45,17.86,17.99,39100
JRO,20120726,12.05,12.06,11.96,12.06,93300
JSD,20120726,19.4,19.4,19.2,19.31,60400
JTA,20120726,10.17,10.17,10.02,10.08,35000
JTD,20120726,13.67,13.76,13.53,13.75,29000
JW.A,20120726,47.75,47.76,47.22,47.58,84300
JW.B,20120726,47.17,47.17,47.17,47.17,0
JWN,20120726,53.18,53.68,52.2,53.34,1533800
K,20120726,46.98,47.39,46.61,46.61,2912500
KAI,20120726,21.96,22.29,21.29,21.71,43100
KAMN,20120726,32.03,32.03,31.17,31.9,45900
KAR,20120726,16.32,16.38,16.05,16.26,69400
KB,20120726,29.83,30.05,29.36,29.98,323000
KBH,20120726,9.54,9.77,9.48,9.68,4920700
KBR,20120726,28.57,29.65,23.4,26.12,4076600
KCG,20120726,10.1,10.1,9.93,10.02,1038500
KED,20120726,24,24.46,23.92,24.4,40200
KEF,20120726,8.46,8.48,8.43,8.48,35700
KEG,20120726,7.24,7.46,7.15,7.37,2766900
KEM,20120726,5.11,5.14,4.52,4.69,1046700
KEP,20120726,11.16,11.21,11.15,11.18,295500
KEX,20120726,50.01,55.6,50.01,53.51,1564600
KEY,20120726,8.04,8.09,7.93,8.06,12694100
KF,20120726,34.86,35.11,34.86,35.05,49500
KFS,20120726,2.43,2.43,2.39,2.43,1400
KFY,20120726,13.76,13.88,13.35,13.42,165500
KGC,20120726,8.2,8.49,8.08,8.42,8584600
KIM,20120726,19.08,19.23,18.77,18.93,3324100
KIM-I,20120726,26.2,26.21,25.62,25.83,103700
KKR,20120726,14.1,14.32,14.04,14.25,2062900
KMB,20120726,80.5369,82.6942,80.4219,82.186,2840100
KMF,20120726,27.92,27.92,27.29,27.51,117900
KMG,20120726,17.66,17.72,16.85,17.46,25100
KMI,20120726,35.59,35.87,35.32,35.72,4061800
KMI.W,20120726,2.77,2.82,2.65,2.75,3013600
KMM,20120726,10.83,10.88,10.78,10.81,41300
KMPR,20120726,32.05,32.36,31.99,32.11,181400
KMT,20120726,35.2,38.07,34.09,35.93,2048500
KMX,20120726,27.23,27.42,26.88,27.03,2007900
KND,20120726,9.28,9.3,8.87,8.9,295800
KNL,20120726,13.61,13.77,13.17,13.45,160100
KNX,20120726,15.02,15.11,14.55,14.87,1049400
KO,20120726,38.85,39.455,38.85,39.425,7072200
KOF,20120726,112.5,114.72,112.5,113.6,175100
KOP,20120726,31.68,31.68,30.57,31.36,44900
KORS,20120726,40.4,42,40.4,41.44,2863000
KOS,20120726,10.05,10.08,9.57,9.69,245500
KR,20120726,10.69,10.84,10.675,10.765,6228800
KRA,20120726,22.37,22.45,21.8,22.16,194500
KRC,20120726,47.13,47.31,46.59,46.87,542900
KRG,20120726,19.88,20.12,19.6,19.64,72300
KRO,20120726,15.35,15.63,15.18,15.61,537600
KS,20120726,8.77,8.82,8.44,8.47,173300
KSM,20120726,15.79,15.85,15.76,15.83,22200
KSS,20120726,48.61,48.64,47.14,47.6,3440000
KST,20120726,14.73,14.73,14.69,14.69,3300
KSU,20120726,72.3,72.96,71.71,72.36,727600
KSU.P,20120726,25.5,25.5,25.4,25.4,600
KT,20120726,14.35,14.35,14.19,14.26,851700
KTF,20120726,15.09,15.28,15.07,15.18,128100
KTH,20120726,32.62,32.62,32.26,32.36,500
KTN,20120726,28.75,28.75,28.41,28.51,1400
KTP,20120726,24.65,24.99,24.5,24.62,9900
KW,20120726,13.5,13.5,13.26,13.36,145700
KWR,20120726,42,42.07,40.21,40.35,33700
KYE,20120726,27.14,27.18,26.85,26.91,94100
KYN,20120726,31.5,31.5,31.21,31.49,170900
KYO,20120726,39.465,39.465,39.025,39.17,13400
L,20120726,40.96,41.11,40.74,40.99,1287600
LAD,20120726,27.71,27.8,26.43,26.5,481400
LAZ,20120726,23.98,25.93,23.52,25.64,1259600
LBF,20120726,8.4,8.41,8.39,8.39,18200
LCM,20120726,9.36,9.46,9.36,9.39,20800
LDF,20120726,14.01,14.1,13.92,14.1,32100
LDL,20120726,12.38,12.54,12.23,12.5,29800
LDR,20120726,59.19,59.19,56.95,57.59,51300
LEA,20120726,35.66,35.66,34.81,34.81,882300
LEE,20120726,1.15,1.37,1.15,1.3,448500
LEG,20120726,22.17,22.55,21.9,22.49,4735300
LEN,20120726,29.63,30.36,29.46,30.19,5644000
LEN.B,20120726,22.99,23.58,22.99,23.55,17600
LEO,20120726,9.74,9.75,9.64,9.69,126700
LFC,20120726,13.65,13.6933,13.5467,13.6567,169700
LFL,20120726,24.76,24.89,24.41,24.69,629500
LGI,20120726,14.12,14.27,14.12,14.26,14800
LH,20120726,85.1,85.5,84.56,85,889900
LHO,20120726,25.42,25.64,25.12,25.31,867100
LII,20120726,42.39,43.37,41.72,43.26,903800
LL,20120726,42.12,43.51,41.3,42.55,2017800
LLL,20120726,69.34,70.49,68.76,69.55,1100100
LLY,20120726,43.72,43.87,43.37,43.61,6966500
LM,20120726,25.36,25.55,24.7,25.13,1533000
LMT,20120726,88.65,88.87,87.96,88.55,1356700
LNC,20120726,19.77,20.02,19.52,19.61,2976300
LNC.W,20120726,12.2,12.2,11.9,12.04,2500
LNN,20120726,69.28,71.16,69.01,70.96,175700
LNT,20120726,23.345,23.535,23.325,23.49,333800
LOR,20120726,11.13,11.29,11.13,11.24,26500
LOW,20120726,25.95,26.67,25.91,26.6,13969100
LPI,20120726,22.76,22.95,22.44,22.87,79500
LPL,20120726,9.58,9.93,9.56,9.89,1133800
LPX,20120726,10.62,10.84,10.41,10.62,2778200
LRN,20120726,18.5,18.5,17.19,17.47,985500
LSI,20120726,6.43,7.37,6.43,7.04,39353600
LTC,20120726,35.67,35.95,35.23,35.43,96300
LTM,20120726,42.76,43.41,42.52,43.2,329900
LUB,20120726,6.66,6.75,6.64,6.69,27500
LUK,20120726,21.46,21.75,21.34,21.58,605500
LUV,20120726,8.59,8.69,8.51,8.68,8194100
LUX,20120726,34.64,34.73,34.31,34.47,94000
LVLT,20120726,18.62,18.95,17.8,18.12,3268800
LVS,20120726,35.83,36.58,34.72,36.41,35937700
LXP,20120726,8.99,9.1,8.86,8.88,461300
LXP-C,20120726,48,48.27,47.65,48.1,3200
LXU,20120726,31.65,31.95,30.9,31.39,84300
LYB,20120726,41.38,41.67,40.1,40.9,4470100
LYG,20120726,1.81,1.81,1.77,1.8,1037300
LYV,20120726,8.9,8.92,8.71,8.74,685200
LZB,20120726,11.78,11.93,11.37,11.66,268200
M,20120726,35.13,35.72,34.91,35.58,5263200
MA,20120726,41.882,42.744,41.762,42.377,706100
MAA,20120726,70.15,70.21,68.7,69,167000
MAC,20120726,57.28,58.01,57.18,58,1357600
MAIN,20120726,25.01,25.18,24.4,24.59,167400
MAN,20120726,33.72,34.19,33.54,33.91,1286100
MAS,20120726,13.23,13.47,12.9,13.06,8866200
MATX,20120726,24.78,24.78,23.87,24.47,152000
MAV,20120726,15.36,15.36,15.29,15.31,52500
MBI,20120726,9.88,10.03,9.57,9.63,1836100
MBT,20120726,18.09,18.41,17.96,18.36,2018000
MCA,20120726,16.3,16.33,16.18,16.3,62900
MCC,20120726,12.31,12.32,12.15,12.2,113800
MCD,20120726,89.19,89.47,88.59,89,4517500
MCI,20120726,16.6,16.6,16.3,16.3,5500
MCK,20120726,93.7,94.47,91.31,92.26,3221500
MCN,20120726,7.82,7.82,7.72,7.78,60600
MCO,20120726,36.85,40.39,36.85,40.09,4191500
MCR,20120726,9.89,9.96,9.88,9.96,113100
MCS,20120726,13.58,13.58,12.9,12.97,67000
MCY,20120726,41.08,41.19,40.32,40.33,198100
MD,20120726,30.915,31.145,30.755,31.09,267500
MDC,20120726,31.97,33.58,31.68,33.36,1037700
MDP,20120726,31.66,32.17,30,31.25,424700
MDR,20120726,11.3,11.59,11.14,11.49,3194500
MDT,20120726,38,38.18,37.55,37.56,7114700
MDU,20120726,22.28,22.32,22.02,22.17,434900
MED,20120726,20.6,20.81,20.13,20.63,181300
MEI,20120726,8.88,8.95,8.77,8.86,61700
MEN,20120726,12.76,12.77,12.51,12.68,73500
MER-K,20120726,24.87,24.95,24.86,24.93,94000
MER-P,20120726,25.2,25.27,25.2,25.22,17300
MET,20120726,29.2,29.48,28.86,29.34,7336500
MET-A,20120726,24.88,24.88,24.81,24.85,45300
MFA,20120726,7.97,7.98,7.87,7.95,3441400
MFC,20120726,10.27,10.33,10.13,10.3,1700700
MFD,20120726,15.08,15.34,15.05,15.34,14400
MFG,20120726,3.19,3.24,3.18,3.24,363600
MFL,20120726,16.16,16.19,16.06,16.13,105700
MFM,20120726,7.76,7.79,7.71,7.73,77700
MFO,20120726,25.54,25.55,25.5,25.55,43000
MFT,20120726,15.46,15.55,15.45,15.55,17400
MFV,20120726,7.33,7.35,7.22,7.29,10700
MG,20120726,23.46,23.62,23.02,23.17,101900
MGA,20120726,19.15,19.455,18.905,19.39,961600
MGF,20120726,7.13,7.13,7.03,7.07,84300
MGM,20120726,9.2,9.29,9,9.22,12403100
MGU,20120726,18.02,18.24,18,18.24,31700
MHD,20120726,18.74,18.79,18.67,18.75,24700
MHF,20120726,8.59,8.68,8.59,8.68,39400
MHI,20120726,15.49,15.52,15.42,15.42,104300
MHK,20120726,69.87,70.93,69.46,70.65,685800
MHN,20120726,16.24,16.3,16.21,16.24,80100
MHNB,20120726,26.15,26.31,25.79,26.08,12500
MHO,20120726,16.75,17.83,16.75,17.41,238000
MHO-A,20120726,17.25,17.25,17.25,17.25,0
MIC,20120726,33.29,33.59,33.16,33.47,85400
MIN,20120726,6.6,6.62,6.53,6.54,261000
MITT,20120726,21.53,22.15,21.25,21.92,331900
MIY,20120726,15.9,15.97,15.88,15.97,41800
MJN,20120726,72.66,74.83,68.09,70.69,6224900
MKC,20120726,60.23,60.82,60.14,60.62,378700
MKC.V,20120726,59.45,60.45,59.45,60.45,500
MKL,20120726,431.95,431.99,428.41,431.45,15200
MLI,20120726,21.41,21.46,20.64,20.87,218000
MLM,20120726,82.06,82.79,76.92,78.27,967800
MLP,20120726,3.3,3.43,3.19,3.4,4600
MLR,20120726,15.77,15.81,15.6,15.74,14600
MMC,20120726,32.22,32.48,32.03,32.28,1612100
MMD,20120726,20.62,20.84,20.5,20.5,49700
MMM,20120726,90,92,89.53,90.59,4759300
MMP,20120726,37.065,39.12,36.96,38.86,641400
MMS,20120726,24.745,25,24.58,24.98,143100
MMT,20120726,7.28,7.28,7.22,7.25,141100
MMU,20120726,14.87,15.03,14.87,15.02,54400
MN,20120726,13.62,13.62,13.41,13.53,125300
MNE,20120726,15.7,15.74,15.67,15.73,2200
MNI,20120726,15.6,16.9,15.6,16.8,436100
MNP,20120726,17.55,17.63,17.48,17.62,25600
MNR,20120726,11,11,10.75,10.75,141200
MNR-B,20120726,26.95,27.03,26.76,26.81,16700
MO,20120726,35.41,35.81,35.33,35.63,11288800
MOD,20120726,6.07,6.17,5.89,6.01,251400
MOG.A,20120726,36,36.02,35.58,35.87,186000
MOG.B,20120726,35.8,35.91,35.8,35.91,300
MOH,20120726,25.96,25.96,24.96,25.29,552700
MON,20120726,85.9,86.58,85.16,85.6,2560200
MOS,20120726,57.86,58.25,57,57.98,5050800
MOV,20120726,23.14,23.68,22.97,23.46,111100
MP-D,20120726,27.03,27.03,26.75,26.75,800
MPA,20120726,16,16,15.9,15.95,17100
MPC,20120726,22.655,23.08,22.54,22.91,2588100
MPO,20120726,9.35,9.38,8.76,8.92,98900
MPV,20120726,14.81,15.15,14.81,14.82,3100
MPW,20120726,9.8,9.82,9.66,9.72,601600
MPX,20120726,5.29,5.38,5.29,5.32,8600
MQT,20120726,14.69,14.77,14.51,14.65,53600
MQY,20120726,16.8,16.92,16.8,16.88,52200
MRC,20120726,23.09,23.59,22.9,23.47,95400
MRK,20120726,43.05,43.75,42.98,43.33,16303600
MRO,20120726,25.77,26.36,25.77,26.3,7354800
MS,20120726,13.28,13.32,12.86,13,33526000
MS-A,20120726,17.95,18,17.85,17.88,72900
MSA,20120726,35.61,35.91,34.57,34.63,189300
MSB,20120726,26.48,26.7,25.61,25.92,120600
MSCI,20120726,33.12,33.24,32.52,32.85,495800
MSD,20120726,11.64,11.78,11.57,11.64,75100
MSF,20120726,13.51,13.6,13.43,13.56,39800
MSI,20120726,48.2,48.2,46.59,47.48,3859300
MSM,20120726,67.72,68.57,67.4,68.39,422700
MSP,20120726,11.11,11.17,11.07,11.11,8800
MT,20120726,44.22,45,43.65,44.73,8836600
MTB,20120726,85.8,86.11,85.14,85.62,412100
MTD,20120726,153.9,155.71,150.27,155.07,290500
MTDR,20120726,10.33,10.33,10.13,10.16,51700
MTG,20120726,2.27,2.29,2.16,2.21,6144400
MTH,20120726,34.61,37.53,34.29,37.23,2073100
MTL,20120726,11.24,11.5,10.96,11.38,2294900
MTL.P,20120726,2.37,2.41,2.31,2.4,198900
MTN,20120726,49.76,49.76,48.22,49.1,175000
MTOR,20120726,4.11,4.45,4.11,4.41,1838300
MTR,20120726,30.92,30.92,30.3,30.44,1400
MTRN,20120726,20.01,20.16,19.55,19.77,382900
MTT,20120726,24.39,24.46,24.33,24.4,18800
MTU,20120726,4.67,4.77,4.65,4.77,1612700
MTW,20120726,10.68,11.5,10.64,11.41,8930000
MTX,20120726,31.28,31.3,30.44,30.5,103000
MTZ,20120726,15.9,16.28,15.54,15.74,705500
MUA,20120726,13.98,13.98,13.7,13.73,71300
MUC,20120726,16.17,16.37,16.16,16.36,71000
MUE,20120726,15.42,15.5,15.33,15.44,68000
MUH,20120726,17.18,17.31,17.18,17.26,30400
MUI,20120726,16.95,17.05,16.95,17.02,40900
MUJ,20120726,16.04,16.17,16.04,16.12,47800
MUR,20120726,52.32,52.88,51.88,52.79,2165500
MUS,20120726,15.35,15.38,15.27,15.32,41400
MUSA,20120726,15.73,15.97,15.44,15.86,161800
MUX,20120726,2.88,2.95,2.83,2.92,1241400
MVC,20120726,12.61,12.77,12.54,12.59,38100
MVO,20120726,36.55,36.6,36,36.35,54500
MVT,20120726,17.46,17.56,17.42,17.54,22600
MWA,20120726,3.5,3.6,3.5,3.52,819700
MX,20120726,8.56,8.71,8.38,8.62,71200
MXE,20120726,11.94,12.16,11.85,12.05,58100
MXF,20120726,24.72,25.1,24.72,25.03,68500
MXL,20120726,4.16,4.28,4.09,4.25,121700
MYC,20120726,17.15,17.23,17.02,17.19,43700
MYD,20120726,16.6,16.72,16.59,16.69,110500
MYE,20120726,16.4,16.47,16.01,16.09,111000
MYF,20120726,16.65,16.66,16.58,16.66,13900
MYI,20120726,15.57,15.57,15.47,15.5,66400
MYJ,20120726,16.87,16.91,16.73,16.79,34400
MYN,20120726,14.95,14.99,14.87,14.96,102900
MZF,20120726,16.31,16.32,16.22,16.23,12000
NAC,20120726,15.51,15.51,15.35,15.47,18100
NAD,20120726,15.84,15.85,15.79,15.85,107900
NAN,20120726,15.44,15.45,15.4,15.45,10200
NAT,20120726,11.84,11.85,11.5,11.54,368100
NAV,20120726,23.61,23.74,22.65,23.2,1546000
NAZ,20120726,15.75,15.89,15.75,15.89,1000
NBB,20120726,21.6,21.82,21.5,21.78,192700
NBD,20120726,22.26,22.33,22.24,22.32,18500
NBL,20120726,42.71,44,42.485,43.495,1802300
NBR,20120726,13.57,13.99,13.45,13.92,8141900
NC,20120726,103.74,104.08,100.58,103.38,14700
NCA,20120726,10.63,10.65,10.57,10.58,18700
NCI,20120726,12.8,12.8,10.78,11.23,413900
NCR,20120726,22.82,23.05,22.46,22.77,1268500
NCS,20120726,10.71,11.02,10.56,10.61,65300
NCV,20120726,9.07,9.08,9.01,9.07,122500
NCZ,20120726,8.26,8.34,8.23,8.31,172300
NDRO,20120726,18.48,18.64,18.17,18.27,57400
NE,20120726,35.54,36.76,35.51,36.61,4771300
NEE,20120726,69.35,70.97,69.35,70.72,1944300
NEE-C,20120726,26.19,26.46,26.19,26.44,8700
NEE-G,20120726,27.16,27.25,26.95,27.08,95600
NEE-H,20120726,26.45,26.62,26.41,26.54,82400
NEM,20120726,45.92,46.25,45.3,46.09,5561900
NEU,20120726,231.58,232.42,228.13,231.25,55100
NEV,20120726,16.25,16.25,16.01,16.1,66900
NFG,20120726,48.41,48.5,47.79,48.1,672500
NFJ,20120726,16.76,16.8,16.62,16.73,186100
NFX,20120726,30.69,31.18,30.28,30.96,2763400
NGG,20120726,51.66,51.8,51.37,51.46,543600
NGL,20120726,24.99,25.25,24.77,24.8,51100
NGS,20120726,14.61,14.7,14.32,14.36,19400
NGVC,20120726,18.95,19.25,18.49,19.25,707800
NHF,20120726,25.16,25.28,24.92,25.2,267400
NHI,20120726,53.96,54.19,53.35,53.59,56400
NI,20120726,25.36,25.57,25.25,25.46,2706300
NIE,20120726,16.83,16.87,16.69,16.82,90600
NIM,20120726,10.85,10.87,10.66,10.71,32800
NJR,20120726,22.83,22.83,22.6,22.69,89300
NKE,20120726,23.6225,24.2225,23.5725,24.145,3693000
NL,20120726,11.55,11.61,11.36,11.41,4800
NLS,20120726,3.08,3.12,3.01,3.09,132200
NLSN,20120726,27.75,28.06,27.52,27.98,2151100
NLY,20120726,17.48,17.48,17.28,17.33,9220800
NLY-A,20120726,26.62,26.64,26.57,26.57,2700
NLY-C,20120726,25.51,25.56,25.43,25.48,92500
NM,20120726,3.32,3.35,3.32,3.34,274400
NMFC,20120726,14.34,14.37,14.2,14.27,120100
NMI,20120726,12.25,12.26,12.25,12.26,1200
NMK-B,20120726,96.99,96.99,96.99,96.99,0
NMK-C,20120726,99.04,99.04,99.04,99.04,0
NMM,20120726,14.24,14.4,14,14.36,472800
NMR,20120726,3.32,3.62,3.31,3.42,900700
NMT,20120726,15.55,15.55,15.53,15.53,500
NMY,20120726,15.94,16.22,15.94,16.17,26100
NNA,20120726,2.41,2.44,2.3,2.4,4200
NNC,20120726,15.2,15.28,15.1,15.15,32600
NNI,20120726,22.87,23,22.36,22.64,39200
NNN,20120726,29.87,29.87,29.12,29.29,1945200
NNY,20120726,10.45,10.54,10.4,10.4,22100
NOA,20120726,2.66,2.74,2.57,2.65,45300
NOAH,20120726,5.06,5.06,4.76,4.95,68500
NOC,20120726,65.16,65.47,64.19,64.8,2887700
NOK,20120726,1.95,2.02,1.91,2.02,48013000
NOV,20120726,68.89,73.5,68.89,73.31,6795200
NOW,20120726,24.93,25.35,24,24.42,157900
NP,20120726,26.42,26.51,25.37,25.4,56900
NPK,20120726,68.47,68.75,65.06,66.54,32500
NPO,20120726,35.36,35.6,33.91,33.99,250100
NPTN,20120726,4.96,5.06,4.84,4.98,48800
NPV,20120726,16.92,17.05,16.92,17.01,12000
NQ,20120726,7.45,7.45,6.83,6.89,378400
NQP,20120726,16.01,16.07,15.97,16.07,11800
NR,20120726,6.08,6.4,6.06,6.4,699500
NRG,20120726,19.27,19.68,18.98,19.6,5721100
NRP,20120726,209.3,213.1,205.1,206.1,202400
NRT,20120726,30.91,31.3,30.42,30.5,4100
NS,20120726,53.35,53.57,52.52,52.75,188800
NSC,20120726,72.87,73.2,72.27,73,1859200
NSH,20120726,30.58,30.78,29.99,30.5,42300
NSL,20120726,7.36,7.36,7.21,7.21,116100
NSM,20120726,22.7,22.87,21.73,21.9,805300
NSP,20120726,26.87,26.87,26.29,26.48,92400
NSR,20120726,33.5,34.1,33.3,34.02,418400
NTC,20120726,14.4,14.46,14.4,14.41,10400
NTG,20120726,25.8,26.34,25.8,25.89,169400
NTL,20120726,13.54,13.65,13.43,13.55,1200
NTX,20120726,16.89,16.96,16.8,16.86,20700
NTZ,20120726,2.14,2.2,2.05,2.2,10700
NUE,20120726,37.39,37.62,36.61,37.3,3161800
NUM,20120726,15.77,15.79,15.69,15.7,6900
NUO,20120726,18.44,18.63,18.44,18.52,9900
NUS,20120726,47.16,50,45,48.55,2615500
NUV,20120726,10.64,10.67,10.54,10.56,282600
NUW,20120726,18.09,18.16,17.98,18.08,18100
NVO,20120726,29.746,29.996,29.726,29.938,203400
NVR,20120726,745.69,773.9,741.43,764.71,72300
NVS,20120726,57.68,57.9,57.56,57.69,1742700
NW-C,20120726,24.48,24.5,24.15,24.3,34800
NWE,20120726,36.5,36.64,36.35,36.54,190700
NWL,20120726,17.78,17.91,17.55,17.7,2805600
NWN,20120726,48.7,49.41,48.45,48.75,190900
NWY,20120726,4.62,4.63,4.45,4.45,56100
NX,20120726,17.18,17.25,16.76,17.09,180700
NXC,20120726,15.32,15.49,15.26,15.45,17300
NXN,20120726,14.95,14.98,14.9,14.94,1300
NXP,20120726,15.34,15.37,15.3,15.34,12500
NXQ,20120726,14.59,14.75,14.53,14.6,15100
NXR,20120726,15.28,15.36,15.24,15.27,12300
NYT,20120726,7.17,7.97,7.17,7.8,2309000
O,20120726,42,42.01,40.49,40.91,1004200
OAK,20120726,36.49,37,35.83,36.19,103400
OAS,20120726,26.52,26.67,25.39,25.88,1285700
OB,20120726,12.91,12.91,12.65,12.69,36900
OC,20120726,26.63,26.85,25.7,26.8,3488400
OCN,20120726,19.22,19.4,18.98,19.05,910000
ODC,20120726,21.9,21.9,21.5,21.66,2500
OFC,20120726,21.49,22.1,21.49,21.84,888600
OFC-L,20120726,25.38,25.47,25.33,25.35,52600
OFG,20120726,10.55,10.58,10.16,10.27,312200
OFG-A,20120726,24.9,24.9,24.9,24.9,1900
OFG-B,20120726,24.24,24.24,24.2,24.23,1800
OGE,20120726,26.4,26.615,26.285,26.37,440600
OHI,20120726,24.27,24.36,23.83,23.95,771400
OI,20120726,18.65,18.74,17.32,17.58,2937200
OIA,20120726,7.47,7.49,7.43,7.47,55900
OIB.C,20120726,27.55,28.05,27.15,27.95,29000
OII,20120726,50.6,50.87,48.75,49.97,1358600
OIS,20120726,74.34,74.99,73.63,74.58,962600
OKE,20120726,43.86,44.05,43.44,43.6,835700
OKS,20120726,57.03,57.4,56.39,57.27,150000
OLN,20120726,19.9,20.09,19.64,19.77,888400
OLP,20120726,18.73,18.79,18.36,18.57,17500
OMC,20120726,49.19,49.9,49.15,49.6,1924300
OME,20120726,8.68,8.68,8.19,8.23,144300
OMI,20120726,28.44,28.44,27.89,28.21,480400
OMN,20120726,7.36,7.49,7.14,7.18,308600
OPY,20120726,13.94,13.95,13.3,13.57,44000
ORA,20120726,18.03,18.14,17.74,17.88,69800
ORCL,20120726,29.79,30.36,29.7,30,26747000
ORI,20120726,8,8.55,7.89,7.96,4518500
ORN,20120726,7.51,7.56,7.23,7.36,51600
OSG,20120726,5.86,5.96,5.7,5.81,350200
OSK,20120726,20.58,22.67,20.58,22.63,1493600
OXM,20120726,43.25,43.85,42.65,43.07,64900
OXY,20120726,85.49,87.51,84.21,87.32,5217400
OZM,20120726,6.9,7.04,6.84,6.84,488800
P,20120726,9.44,9.49,9,9.36,3266400
PAA,20120726,42.88,43.085,42.51,42.98,358600
PAC,20120726,38.29,38.85,38.29,38.68,14100
PACD,20120726,89.3,91.5,88,90.9,1063400
PAG,20120726,23.32,23.54,22.83,22.97,516100
PAI,20120726,14.58,14.62,14.55,14.62,15700
PAM,20120726,4.38,4.38,4.24,4.3,6500
PANW,20120726,59.78,61.85,58.08,59.88,427800
PAR,20120726,5.07,5.15,5.07,5.13,3800
PAY,20120726,35.2,36.86,34.82,36.68,2373000
PB,20120726,39.96,40.23,39.14,39.61,363400
PBA,20120726,26.74,27.04,26.54,26.62,122300
PBH,20120726,16.22,16.39,16.14,16.26,175600
PBI,20120726,13.32,13.32,13.01,13.06,4001200
PBR,20120726,19.41,19.67,19.15,19.55,12370100
PBR.A,20120726,18.94,19.2,18.74,19.09,5949400
PBT,20120726,18.54,18.66,18.38,18.65,106200
PCF,20120726,8.15,8.21,8.1,8.16,37800
PCG,20120726,45.31,45.75,45.27,45.67,1705900
PCK,20120726,10.73,10.85,10.73,10.8,46400
PCM,20120726,11.69,11.69,11.53,11.61,9800
PCN,20120726,17.55,17.64,17.52,17.55,69000
PCQ,20120726,15.93,15.93,15.75,15.86,26700
PDI,20120726,26.1,26.15,25.94,26.11,202800
PDM,20120726,16.91,17.07,16.78,16.86,889300
PDS,20120726,7.48,7.91,7.48,7.89,2149300
PDT,20120726,14.97,14.98,14.83,14.94,114000
PEB,20120726,21.95,22,21.5,21.69,325900
PEG,20120726,32.87,33.31,32.81,33.26,2633200
PEI,20120726,14.23,14.29,13.93,14.01,226000
PEI-A,20120726,26.45,26.74,26.16,26.31,45800
PEO,20120726,24.45,24.63,24.32,24.59,29100
PEP,20120726,70.72,71.5,70.67,71.22,9458200
PER,20120726,20.71,20.83,20.44,20.81,108800
PFD,20120726,14.39,14.68,14.33,14.57,25500
PFE,20120726,23.54,23.69,23.43,23.49,25507500
PFG,20120726,25.63,26.18,25.49,25.63,2878100
PFH,20120726,24.85,24.85,24.24,24.42,6100
PFK,20120726,28.53,28.53,28.19,28.45,1300
PFL,20120726,12.23,12.39,12.22,12.3,87300
PFN,20120726,10.68,10.74,10.64,10.7,244200
PFO,20120726,11.84,11.9,11.74,11.84,12700
PFS,20120726,15.36,15.36,14.98,15,199900
PG,20120726,64.59,65.1,64.44,64.56,10480100
PGH,20120726,6.06,6.15,6.02,6.13,1069100
PGP,20120726,21.08,21.24,21,21.24,28500
PGR,20120726,19.85,19.99,19.55,19.59,5408700
PH,20120726,78.3,79.48,77.43,78.44,1185400
PHD,20120726,13.01,13.16,12.91,12.99,76600
PHG,20120726,21.95,22.04,21.79,21.94,1054300
PHH,20120726,16.03,16.22,15.49,16.03,1005200
PHI,20120726,63.34,63.6,62.91,63.12,186500
PHK,20120726,13.65,13.67,13.6,13.6,486900
PHM,20120726,10.66,11.95,10.66,11.86,29332200
PHT,20120726,17.81,17.83,17.72,17.75,54300
PHX,20120726,29.93,29.93,29.06,29.3,4700
PII,20120726,73.04,75.38,72.77,75.21,1241700
PIM,20120726,5.22,5.22,5.18,5.18,146400
PIR,20120726,15.6,15.74,15.32,15.68,958600
PIY,20120726,26,26.34,26,26,3600
PJC,20120726,21.01,21.01,20.18,20.47,126700
PKD,20120726,4.57,4.65,4.48,4.59,429600
PKE,20120726,26.01,26.59,25.8,26.28,31900
PKG,20120726,30.67,30.99,30.43,30.65,882200
PKI,20120726,24.8,25.38,24.59,24.88,647000
PKO,20120726,28.3,28.56,28.27,28.37,63600
PKX,20120726,78.24,78.42,77.59,78.16,195600
PKY,20120726,11.21,11.24,10.93,11.04,136200
PL-C,20120726,25.99,26.3,25.99,26.28,34900
PLD,20120726,31.99,32.69,31.68,32.25,3420200
PLOW,20120726,13.79,13.92,13.55,13.61,48000
PLT,20120726,32.29,32.31,31.57,32.09,236400
PM,20120726,87.89,89.01,87.89,88.6,5351900
PMC,20120726,10.17,10.24,10.03,10.08,97000
PMF,20120726,16.06,16.21,16.06,16.2,52600
PML,20120726,13.35,13.35,13.24,13.29,112900
PMM,20120726,8.31,8.34,8.25,8.3,218700
PMO,20120726,13.25,13.25,13.21,13.23,169200
PMT,20120726,21.03,21.16,20.63,20.69,401900
PMX,20120726,12.79,12.8,12.75,12.78,64000
PNC,20120726,58.64,58.84,57.97,58.44,4990900
PNC-P,20120726,27.23,27.28,27.1,27.2,321000
PNC.W,20120726,9.9,10.07,9.67,9.83,12000
PNF,20120726,12.83,12.99,12.83,12.93,17700
PNI,20120726,13.27,13.35,13.19,13.28,25700
PNM,20120726,20.64,20.83,20.6,20.76,557500
PNR,20120726,41.96,43.01,41.73,43.01,942700
PNW,20120726,53.17,53.6,52.95,53.47,586300
POL,20120726,14.41,14.51,14.15,14.28,451700
POR,20120726,27.05,27.19,26.91,27.06,324000
POST,20120726,29.85,30.14,29.63,29.87,214700
POT,20120726,43.6,45.33,42.96,44.99,12712500
PPG,20120726,54.895,54.895,53.96,54.115,1203200
PPL,20120726,28.73,28.86,28.71,28.79,3845100
PPP,20120726,3.27,3.29,3.18,3.26,228200
PPR,20120726,5.84,5.86,5.77,5.8,392800
PPT,20120726,5.6,5.61,5.57,5.57,352000
PQ,20120726,21.76,22.4,21.4,22.24,818400
PRA,20120726,45.34,45.5,44.86,44.98,82600
PRI,20120726,27.2,27.29,26.88,27.06,172100
PRLB,20120726,33.57,35.4,33.57,35.4,93500
PRO,20120726,14,14.04,13.65,13.87,82300
PRU,20120726,46.71,47.35,46.25,46.62,2315400
PSA,20120726,146.95,147.68,146.29,147.05,544600
PSA-A,20120726,25.85,25.88,25.78,25.78,3100
PSA-D,20120726,25.66,25.83,25.66,25.76,4200
PSA-S,20120726,26.41,26.53,26.38,26.44,24200
PSA-T,20120726,26.29,26.49,26.21,26.33,140200
PSA-U,20120726,26.1,26.15,26.01,26.14,59600
PSA-W,20120726,25.14,25.15,25.14,25.15,4800
PSA-X,20120726,25.44,25.44,25.39,25.41,5100
PSA-Z,20120726,26.04,26.04,25.66,25.7,2500
PSB,20120726,68.39,69.15,67.6,67.86,65300
PSB-T,20120726,25.38,25.44,25.35,25.4,46900
PSF,20120726,25.28,25.28,25.07,25.07,72600
PSO,20120726,20.37,20.48,20.18,20.2,369600
PSX,20120726,35.76,36.06,35.59,35.96,2951700
PTR,20120726,122.27,123.67,121.88,123.2,110100
PTY,20120726,19.46,19.5,19.38,19.41,138300
PUK,20120726,23.43,23.54,23.33,23.47,87700
PUK-A,20120726,25.85,26.01,25.73,25.81,11000
PUK.P,20120726,26.22,26.3,26.03,26.15,12800
PVG,20120726,14.44,14.57,14.17,14.24,226800
PVH,20120726,77.35,78.51,76.7,78.19,420100
PWE,20120726,13.18,13.38,13.12,13.32,1728800
PWR,20120726,22.48,22.77,22.33,22.69,1147100
PX,20120726,104.68,105.73,103.94,104.48,1380600
PXD,20120726,90.11,90.84,88.59,89.52,2160800
PYN,20120726,10.7,10.7,10.55,10.66,8700
PYS,20120726,22.96,23,22.64,22.75,9200
PYT,20120726,17.31,17.31,16.76,16.97,16200
PZC,20120726,11.44,11.47,11.4,11.44,37700
PZE,20120726,4.25,4.335,4.225,4.305,57300
PZN,20120726,4.13,4.31,3.95,3.95,11200
QEP,20120726,28.86,29.1,28.3,28.89,1669100
QTM,20120726,9.92,11.28,9.92,11.2,2272200
QUAD,20120726,15.87,16.1,15.49,15.95,172200
R,20120726,38.06,38.56,37.88,38.09,1200200
RA,20120726,27.29,27.35,27.27,27.31,900600
RAD,20120726,1.17,1.19,1.15,1.18,4627400
RAI,20120726,45.8,46.01,45.51,45.54,1833500
RAS,20120726,4.49,4.6,4.29,4.55,886300
RAS-A,20120726,20.67,20.9,20.67,20.85,8200
RAS-B,20120726,22.32,22.35,22.26,22.35,2600
RAS-C,20120726,22.85,23.09,22.84,23.09,5000
RATE,20120726,16.62,16.91,16.57,16.83,296500
RBA,20120726,20.97,21.2,20.88,21.07,269200
RBC,20120726,64.59,64.93,63.81,64.79,334800
RBS,20120726,6.54,6.59,6.46,6.58,267200
RBS-F,20120726,23.98,24.25,23.79,23.84,26500
RBS-H,20120726,23.2,23.34,23.03,23.03,57800
RBS-L,20120726,19.61,19.9,19.48,19.57,61700
RBS-S,20120726,19.06,19.53,18.97,19.37,1384700
RCI,20120726,39.12,39.23,38.29,38.69,404900
RCL,20120726,23.41,24.74,22.45,24.62,7739200
RCS,20120726,11.94,11.95,11.85,11.9,93800
RDC,20120726,34.73,35,34.14,34.7,1652600
RDN,20120726,2.8,2.85,2.7,2.74,2965200
RDS.A,20120726,66.7,67.81,66.7,67.34,4921400
RDS.B,20120726,69.18,70.32,69.13,69.74,1249700
RDY,20120726,29.33,29.71,29.21,29.53,256500
RE,20120726,103.5,103.5,101.19,101.81,433100
REG,20120726,46.72,47.07,46.18,46.61,1232700
REN,20120726,43.35,43.5,41.7,42.25,412400
RENN,20120726,3.95,3.99,3.78,3.9,3578500
RES,20120726,12.92,13.28,12.69,13.24,1161300
REV,20120726,13.99,14.01,13.42,13.6,30500
REX,20120726,17.89,17.89,16.22,16.26,42200
RF,20120726,6.97,7.09,6.93,7.07,25423700
RFI,20120726,13.78,13.99,13.6,13.7,12000
RFP,20120726,9.55,9.62,9.35,9.4,300500
RGA,20120726,57.34,57.89,56.37,56.83,373500
RGC,20120726,13.29,13.43,13,13.13,1665700
RGR,20120726,44.6,45.76,44.36,45.63,446700
RGS,20120726,16.95,16.95,16.59,16.72,155900
RHI,20120726,26.61,26.67,26.1,26.35,1222300
RHT,20120726,52.98,54.5,52.11,52.97,2144300
RIG,20120726,46.47,46.62,45.87,46.4,4040400
RIO,20120726,44.44,44.54,43.87,44.19,4260300
RJF,20120726,32.58,32.78,30.99,31.77,2765600
RL,20120726,146.45,148.4,143.63,147.54,1152200
RLH,20120726,7.5,7.5,7.21,7.34,60900
RLI,20120726,32.37,32.49,31.885,31.98,48100
RLJ,20120726,16.87,16.97,16.65,16.92,306800
RM,20120726,15.33,16.02,14.84,15.5,32500
RMD,20120726,31.11,31.34,30.52,30.68,744200
RMT,20120726,8.74,8.76,8.65,8.75,51800
RNP,20120726,17.04,17.09,16.81,16.96,95100
RNR,20120726,75.01,75.53,74.18,74.21,200500
RNR-C,20120726,25.34,25.36,25.3,25.3,23800
ROG,20120726,35.4,35.6,34.78,35.16,40700
ROK,20120726,63.45,65.03,62.76,64.8,2900000
ROL,20120726,15.6667,15.88,15.58,15.6867,188600
ROP,20120726,95.63,96.1,94.45,95.87,579300
ROYT,20120726,18.75,18.75,18.5,18.58,79600
RPAI,20120726,9.84,9.93,9.73,9.91,316800
RPM,20120726,27.09,27.23,26.24,26.38,1111100
RPT,20120726,12.44,12.58,12.35,12.4,176200
RPT-D,20120726,50.33,50.5,50.04,50.12,2400
RQI,20120726,10.78,10.85,10.66,10.67,253400
RRC,20120726,62.02,62.46,58.76,61.17,2097600
RRTS,20120726,16.5,16.61,16.39,16.55,68700
RS,20120726,46.09,48.46,46.09,48.1,1353400
RSG,20120726,27.25,27.41,26.8,27.22,4364600
RSO,20120726,5.32,5.39,5.28,5.28,659800
RSO-A,20120726,24.2,24.22,24.1,24.22,17300
RST,20120726,12.73,12.73,12.3,12.35,53400
RT,20120726,5.14,5.93,4.98,5.68,3249100
RTN,20120726,55,55.48,54.25,54.56,2564500
RVT,20120726,12.3,12.31,12.14,12.2,108900
RWT,20120726,12.82,12.84,12.71,12.74,223700
RXN,20120726,19.51,19.51,19.02,19.03,235000
RY,20120726,50.32,50.54,49.91,50.38,461500
RYN,20120726,47.35,47.78,46.9,47.34,830900
S,20120726,3.9,4.12,3.77,4.05,304924500
SA,20120726,14.76,14.89,14.08,14.47,275700
SAB,20120726,7.2,7.2,7.19,7.19,700
SAH,20120726,17.63,17.71,16.85,17.01,976400
SAM,20120726,109.2,110.72,108.46,110.63,71800
SAN,20120726,5.41,5.55,5.37,5.48,10052000
SAN-A,20120726,22.7,23.07,22.7,23.06,30100
SAN-B,20120726,14.95,15.35,14.94,15.05,39300
SAN-C,20120726,21.9,22,21.74,21.92,4100
SAN-I,20120726,21.97,22.37,21.92,21.93,15500
SAP,20120726,62.83,63.82,62.74,63.6,2164900
SAR,20120726,16.91,16.95,16.91,16.95,700
SB,20120726,6.05,6.09,5.9,5.97,154300
SBH,20120726,25.72,26.36,25.64,26.28,1595000
SBR,20120726,53.8,53.8,52.2,52.54,12700
SBS,20120726,13.4,13.6183,13.3683,13.6017,353700
SCCO,20120726,31.09,31.16,30.55,31.07,1442400
SCD,20120726,13.48,13.62,13.46,13.57,120400
SCE-F,20120726,26.35,26.43,26.27,26.42,120800
SCG,20120726,48.28,48.63,48.22,48.51,414700
SCH-B,20120726,26.35,26.54,26.21,26.48,164900
SCHW,20120726,12.54,12.68,12.42,12.62,7569700
SCI,20120726,12.72,13.03,12.58,13.01,733900
SCL,20120726,45.405,45.405,42.72,42.935,36400
SCS,20120726,8.09,8.29,7.94,8.28,664600
SCX,20120726,11.36,11.37,11,11.23,4200
SD,20120726,6.48,6.68,6.42,6.64,10698700
SDR,20120726,20.64,20.83,20.33,20.75,149300
SDRL,20120726,39.27,39.43,38.88,39.37,3523500
SDT,20120726,28.4,28.49,27.83,28.07,143600
SEE,20120726,15.45,15.55,15.19,15.33,2064900
SEM,20120726,11.13,11.2,10.94,11.06,255800
SEMG,20120726,32.54,32.9,32.17,32.27,142000
SEP,20120726,32.07,32.15,31.34,31.86,61500
SF,20120726,29.35,29.47,28.46,28.72,202000
SFE,20120726,15.78,16,15.01,15.49,246500
SFL,20120726,14.31,14.41,14.13,14.29,226600
SFUN,20120726,2.59,2.68,2.574,2.604,232500
SGF,20120726,13.33,13.42,13.33,13.38,61000
SGU,20120726,4.31,4.31,4.23,4.3,59200
SGY,20120726,1024.4,1028.4,995.2,1018.4,584200
SHG,20120726,29.855,30.055,29.635,29.955,40000
SHI,20120726,17.7667,17.9267,17.66,17.8667,9500
SHO,20120726,9.9,9.93,9.68,9.72,1958100
SHW,20120726,131.28,133.9,131.2,133.17,1660300
SID,20120726,4.63,4.64,4.43,4.56,5205000
SIG,20120726,44.15,44.24,43.28,43.7,302200
SIX,20120726,28.325,28.505,28.045,28.475,354200
SJI,20120726,26.135,26.21,25.975,26.09,84200
SJM,20120726,76.07,76.43,75.34,75.92,356200
SJR,20120726,19.45,19.57,19.35,19.52,236700
SJT,20120726,16.25,16.36,16.12,16.3,193900
SJW,20120726,23.55,23.55,23.01,23.02,27200
SKM,20120726,13.54,13.6,13.4,13.41,4102500
SKT,20120726,32.07,32.35,31.97,32.08,516300
SKX,20120726,6.3333,6.8033,6.1033,6.36,1465700
SLB,20120726,70.01,71.67,69.34,71.31,10057700
SLCA,20120726,10.39,10.64,9.31,9.5,731300
SLF,20120726,20.14,20.72,20.14,20.64,409700
SLG,20120726,78.06,78.82,76.03,77.57,1195400
SLW,20120726,26.86,27.38,26.63,27.24,4416700
SM,20120726,48.72,49.39,47,47.83,1107500
SMFG,20120726,6.36,6.4,6.33,6.38,299400
SMG,20120726,39.02,39.09,38.4,38.71,355200
SMI,20120726,1.79,1.83,1.77,1.79,189800
SMM,20120726,19.8,20.05,19.8,19.95,10700
SMP,20120726,13.93,14.05,13.48,13.55,120300
SN,20120726,17.72,17.81,16.68,16.71,189300
SNA,20120726,68.21,69.98,68.21,69.18,1022700
SNE,20120726,11.69,11.94,11.69,11.9,2007900
SNN,20120726,20.644,20.696,20.552,20.656,61500
SNP,20120726,66.9692,67.3154,66.5385,66.9538,140900
SNV,20120726,12.95,13.16,12.88,13.09,4619900
SNX,20120726,33.36,33.75,32.79,33.66,292900
SNY,20120726,38.79,39.23,38.76,39.14,5604700
SO,20120726,47.54,48.19,47.53,48.08,3782800
SOL,20120726,6.9,6.9,6.65,6.8,246700
SON,20120726,29.61,29.91,29.49,29.69,451900
SOR,20120726,50,50,48.54,49.15,12600
SOV-C,20120726,25.76,25.76,25.25,25.45,256900
SPA,20120726,9.71,9.82,9.6,9.82,5200
SPB,20120726,35.28,35.62,34.79,35.05,62200
SPE,20120726,15.09,15.16,15.09,15.13,9600
SPG,20120726,158.41,160,158.04,159,1014200
SPG-J,20120726,71.77,71.77,71.76,71.76,400
SPH,20120726,43.49,44.19,43.25,43.61,145500
SPLP,20120726,10.82,10.82,10.48,10.58,13100
SPN,20120726,21.7,22.47,21.65,22.32,2039100
SPR,20120726,22.88,23.13,22.55,22.82,764500
SQM,20120726,59.54,59.66,58.88,59.29,386500
SQNS,20120726,1.95,1.96,1.54,1.9,215100
SR,20120726,4.5,4.5,3.8,3.85,195700
SRE,20120726,68.8,69.77,68.8,69.68,759900
SRF,20120726,23.53,23.73,23.07,23.08,70300
SRI,20120726,5.95,6.08,5.94,6.03,56800
SRT,20120726,2.93,3.08,2.92,2.94,13400
SRV,20120726,8.8,8.91,8.75,8.77,230200
SSD,20120726,26.93,26.93,26.04,26.68,194800
SSI,20120726,18.73,18.81,18.32,18.46,210900
SSL,20120726,40.99,41.55,40.84,41.39,266900
SSP,20120726,9.12,9.23,9.05,9.21,78000
SSW,20120726,15.04,15.19,14.62,15.04,140600
ST,20120726,28.16,28.28,27.52,27.85,1233000
STAG,20120726,14.75,14.76,14.32,14.38,148100
STC,20120726,15.85,15.98,14.94,15.4,835300
STE,20120726,30.91,30.91,29.91,29.96,369400
STI,20120726,23.26,23.47,23.12,23.41,4485700
STI-A,20120726,21.75,22.05,21.42,21.61,18000
STI.A,20120726,4.35,4.35,4.35,4.35,700
STI.B,20120726,2.5,2.5,2.5,2.5,100
STK,20120726,16.07,16.07,15.8,15.87,36500
STL,20120726,9.58,9.58,9.26,9.34,65500
STM,20120726,5.03,5.06,4.95,4.99,2615600
STN,20120726,13.27,13.27,13.13,13.175,800
STNG,20120726,5.38,5.41,5.26,5.38,44100
STO,20120726,24.11,24.17,23.92,24.12,1113200
STON,20120726,26.41,26.77,25.44,25.54,223800
STT,20120726,39.6,39.84,39.3,39.69,5521400
STV,20120726,2.69,2.74,2.69,2.69,36500
STWD,20120726,3.1186,3.1186,3.0849,3.0961,611000
STZ,20120726,28.27,28.75,28.27,28.71,1804200
STZ.B,20120726,28.41,28.41,28.41,28.41,300
SU,20120726,30.91,31.66,30.86,31.53,6603300
SUI,20120726,46.65,46.83,45.34,46,135400
SUN,20120726,47.9,47.9,47.5,47.82,759200
SUP,20120726,16.58,16.62,16.11,16.35,41400
SVU,20120726,1.79,2.05,1.74,1.94,10506500
SWFT,20120726,8.07,8.14,7.7,7.81,1281100
SWJ,20120726,25.72,25.85,25.55,25.68,1458500
SWK,20120726,65.56,66.63,65.3,66.03,2193300
SWM,20120726,34.495,34.495,33.89,34.15,45100
SWN,20120726,32.34,32.89,31.85,32.83,3724400
SWX,20120726,44.41,44.7,44.01,44.31,139600
SWZ,20120726,10.17,10.18,10.06,10.1,57600
SXC,20120726,14.8,15.43,14.39,15.12,1214300
SXI,20120726,43.87,43.99,42.28,42.89,19500
SXT,20120726,35.49,35.55,34.8,34.9,236400
SYK,20120726,51.82,51.88,50.93,51.3,2064200
SYT,20120726,67.22,68.79,67.22,68.39,533300
SYX,20120726,12.23,12.33,12.02,12.3,9300
SYY,20120726,28.65,28.88,28.62,28.81,2521300
T,20120726,35.84,36.43,35.83,36.3,34757100
TAC,20120726,15.58,15.61,15.29,15.48,132400
TAHO,20120726,14.7,15.05,14.52,14.76,136100
TAL,20120726,33.93,34.69,31.41,32.11,818500
TAP,20120726,40.8,41.48,40.53,41.3,1702000
TAP.A,20120726,41,41,41,41,0
TARO,20120726,40,40.21,39.45,39.54,28000
TBI,20120726,15.04,15.53,14.18,14.46,548700
TCAP,20120726,22.81,22.93,22.61,22.86,197400
TCB,20120726,10.13,10.21,10,10.19,2726900
TCB-B,20120726,26.1,26.1,25.87,25.95,119700
TCB.W,20120726,1.39,1.39,1.39,1.39,0
TCI,20120726,3.09,3.09,2.9,2.9,2800
TCO,20120726,77.01,77.59,76.34,76.9,358000
TCP,20120726,45.05,45.05,43.71,44.58,61700
TD,20120726,38.905,39.08,38.43,38.765,521400
TDC,20120726,67.55,68.4,66.46,67.93,1139100
TDE,20120726,26.88,27.2,26.77,27.07,189600
TDF,20120726,25.03,25.06,24.89,24.98,74800
TDG,20120726,122.32,122.68,119.04,120.07,355100
TDI,20120726,25.57,25.79,25.55,25.79,1600
TDJ,20120726,27.59,27.74,27.47,27.62,25000
TDS,20120726,23.05,23.46,22.83,23.4,496900
TDW,20120726,48.7,49.18,47.99,48.85,334100
TDY,20120726,63.07,65.95,60.23,61.66,201900
TEF,20120726,10.74,11.19,10.57,10.82,10923100
TEI,20120726,16.6,16.73,16.54,16.59,135400
TEL,20120726,31.98,32.57,31.98,32.47,1712400
TEN,20120726,28.12,28.68,27.06,28.01,1380000
TEO,20120726,11.33,11.46,11.2,11.28,94600
TER,20120726,13.89,15.02,13.86,14.85,8570900
TEVA,20120726,40.48,40.85,40.26,40.48,2605700
TEX,20120726,16.01,18.46,16.01,18.23,16787800
TFX,20120726,62.04,62.19,61.34,61.43,193400
TG,20120726,13.85,13.87,13.55,13.71,58800
TGH,20120726,36.84,37.74,36.21,36.65,78400
TGI,20120726,60.33,60.94,59.32,60.45,608300
TGP,20120726,37.71,38.39,37.53,38.35,90400
TGS,20120726,1.73,1.73,1.65,1.65,24500
TGT,20120726,61.15,61.38,60.7,61.06,3232200
THC,20120726,18,18.08,17.24,17.6,5115700
THG,20120726,35.08,35.37,34.55,34.63,261600
THO,20120726,27.63,28.01,27.09,27.94,211300
THR,20120726,20.92,21.43,20.84,21.25,82800
THS,20120726,56.43,56.56,55.82,56.26,154600
TI,20120726,7.88,7.93,7.84,7.88,316900
TI.A,20120726,6.57,6.63,6.54,6.61,288600
TIF,20120726,55.59,56.28,55.11,56.04,1598400
TISI,20120726,30.81,30.81,29.92,30.09,46200
TJX,20120726,44.46,44.61,43.69,44.2,4854800
TK,20120726,28.73,29.13,28.4,28.97,244100
TKC,20120726,13.59,13.85,13.59,13.82,751000
TKF,20120726,13.91,14.02,13.91,14.01,68000
TKR,20120726,39.52,39.52,32.59,35.21,8630300
TLI,20120726,12.36,12.46,12.31,12.35,57100
TLK,20120726,18.925,19.2,18.905,19.13,315200
TLLP,20120726,36.86,37.13,36,36.99,65200
TLP,20120726,35.86,37,35.46,36.75,40300
TLYS,20120726,16.51,16.66,16,16.07,48800
TM,20120726,73.86,74.25,73.67,74.11,211700
TMK,20120726,33.6667,33.6667,32.1533,32.7333,2092300
TMO,20120726,54.75,55.39,53.6,54.69,2962200
TNC,20120726,37.51,38.66,35.26,36.97,180100
TNH,20120726,215.98,218.48,213.8,216.63,56700
TNK,20120726,3.88,3.88,3.77,3.82,639100
TNP,20120726,5.27,5.27,4.72,4.8,414000
TOL,20120726,29.82,30.82,29.82,30.74,3456700
TOO,20120726,28.16,28.22,27.92,28.18,112600
TOT,20120726,43.95,44.41,43.71,44.19,5455900
TOWR,20120726,8.52,8.6,8.1,8.48,52300
TPC,20120726,10.8,11.15,10.64,11.08,243800
TPL,20120726,56.25,56.67,55.79,56.06,8400
TPX,20120726,30.02,30.33,28.87,30.14,2436800
TPZ,20120726,25.57,25.64,25.05,25.16,20500
TR,20120726,24.41,24.6,24.29,24.35,61400
TRC,20120726,26.51,26.51,25.6,25.95,39000
TREX,20120726,13.935,14.7,12.39,12.975,1209900
TRGP,20120726,44.49,44.53,43.43,43.86,211300
TRI,20120726,28.37,28.76,28.09,28.56,880000
TRK,20120726,16.68,16.68,16.31,16.33,17100
TRN,20120726,12.63,13.855,12.63,13.42,3201100
TRN-A,20120726,25.63,25.75,25.53,25.59,24400
TRNO,20120726,15.05,15.1,14.97,14.97,12500
TROX,20120726,23,23.75,22.83,23.72,530600
TRP,20120726,44.11,44.61,44.11,44.31,433000
TRR,20120726,6.77,6.89,6.75,6.83,15700
TRU,20120726,1.63,1.63,1.6,1.61,3000
TRV,20120726,61.78,62.64,61.57,61.61,2720600
TS,20120726,37.78,38.34,37.4,38.24,1584900
TSI,20120726,5.3,5.37,5.3,5.36,67900
TSM,20120726,13.12,13.43,13.12,13.36,19660700
TSN,20120726,14.83,14.89,14.62,14.69,3163600
TSO,20120726,26.91,27.27,26.58,27.11,3000400
TSS,20120726,22.94,23.02,22.55,22.88,2194400
TSU,20120726,21.98,22.62,21.95,22.59,2650800
TTC,20120726,18.81,18.96,18.5,18.765,353600
TTF,20120726,15.68,15.82,15.68,15.81,116500
TTI,20120726,6.79,6.86,6.57,6.65,689100
TTM,20120726,18.88,19.13,18.84,19.01,1987700
TTP,20120726,24.6,24.6,24,24.06,86900
TU,20120726,30.07,30.555,30.07,30.355,133600
TUP,20120726,53.19,53.19,51.88,52.37,499800
TV,20120726,22.3,22.95,22.24,22.8,1959400
TVC,20120726,27.19,27.42,27.11,27.3,18500
TVE,20120726,26.9,27,26.72,26.86,12400
TWI,20120726,19.61,20.7,18.34,20,3012200
TWN,20120726,14.47,14.5,14.4,14.5,40100
TWO,20120726,11.35,11.38,11.26,11.31,4667600
TWX,20120726,39.07,39.2,38.33,38.35,8561800
TX,20120726,18.65,18.76,17.96,18.48,381400
TXT,20120726,25.94,26.2,24.86,25.57,5226200
TY,20120726,15.49,15.6,15.47,15.57,53700
TY.P,20120726,51.25,51.25,51.25,51.25,0
TYG,20120726,40.49,40.55,39.76,39.92,63200
TYL,20120726,39.06,40.11,36.99,37.75,438800
UA,20120726,13.72,13.9875,13.685,13.8275,2366700
UAL,20120726,19.51,19.75,18.58,19.2,11803100
UAN,20120726,24.35,24.62,23.5,23.93,159400
UBA,20120726,19.19,19.25,18.92,19,45800
UBP,20120726,18.35,18.35,18.35,18.35,0
UBS,20120726,10.56,10.64,10.49,10.52,3572800
UDR,20120726,27.16,27.23,26.56,26.72,2376200
UFI,20120726,11.34,11.34,10.44,10.91,85800
UFS,20120726,36.645,37.31,36.545,36.7,399300
UGI,20120726,20.1467,20.4867,19.98,19.9933,677400
UGP,20120726,22.7,22.85,22.49,22.69,368800
UHS,20120726,38.63,39.02,37.4,38.32,1198700
UHT,20120726,43.43,43.48,42.73,42.91,60500
UIS,20120726,18.91,19.05,18.62,18.97,854000
UL,20120726,35.76,35.79,35.29,35.4,1868000
UMC,20120726,2.1,2.11,2.05,2.08,3604700
UMH,20120726,11.46,11.46,11.17,11.18,11200
UMH-A,20120726,26.5,26.6,26.43,26.44,600
UN,20120726,34.61,34.61,34.18,34.28,4066700
UNF,20120726,62.8,62.8,62,62.16,45400
UNH,20120726,53.12,53.35,50.89,52.01,10510500
UNM,20120726,18.71,18.73,18.44,18.58,2323500
UNP,20120726,59.82,60.5,59.675,60.405,2448400
UNT,20120726,38.97,39.87,38.67,39.67,208900
UPS,20120726,75.22,75.71,74.53,74.87,4626500
URI,20120726,28.07,28.25,26.91,27.43,4681600
USA,20120726,4.5,4.53,4.47,4.48,729000
USB,20120726,33.79,33.87,33.52,33.59,9943100
USB-A,20120726,800,815,800,815,3400
USB-H,20120726,23.4,23.4,23.31,23.33,36100
USB-M,20120726,28.88,29.05,28.86,28.86,94500
USG,20120726,16.09,16.44,15.25,16.31,5106600
USM,20120726,39.87,40.71,39.74,40.41,112800
USNA,20120726,42.5,44,42.13,43.92,175500
USPH,20120726,24.92,25.46,24.78,25.21,35800
UTF,20120726,17.43,17.61,17.43,17.59,113700
UTI,20120726,11.85,11.85,11.21,11.35,90300
UTL,20120726,26.89,26.93,26.31,26.33,110400
UTX,20120726,72.98,75.31,72.34,72.93,6466700
UVV,20120726,44.45,44.78,43.91,44.03,263800
UZA,20120726,27.07,27.35,26.97,27.06,31300
V,20120726,31.2425,32.0475,31.05,31.6925,5259500
VAC,20120726,30.19,32,29.69,31.6,523200
VAL,20120726,49.88,50.29,49.03,49.37,629100
VAL.P,20120726,17.07,17.57,16.69,17.41,10366700
VALE,20120726,17.37,17.79,16.88,17.65,32310800
VAR,20120726,55,55,52.9,53.73,6532100
VBF,20120726,21.36,21.74,21.36,21.58,37200
VC,20120726,30.73,31.57,30.69,31.1,434400
VCO,20120726,37.86,38.33,37.86,38.33,1300
VCRA,20120726,28.28,28.4,27.19,27.62,43600
VCV,20120726,14.35,14.4,14.32,14.37,17200
VFC,20120726,37.27,37.6775,36.7825,37.2275,644300
VG,20120726,1.71,1.75,1.63,1.67,2995500
VGI,20120726,18.27,18.37,18.21,18.25,18000
VGM,20120726,15.68,15.71,15.65,15.71,183400
VGR,20120726,17.05,17.08,16.92,16.94,219100
VHI,20120726,11.06,11.35,10.88,11.05,43500
VIPS,20120726,0.525,0.538,0.517,0.538,12300
VIV,20120726,22.76,23.19,22.63,23.12,2685900
VKQ,20120726,15.4,15.4,15.3,15.33,50500
VLO,20120726,25.22,25.64,25.05,25.51,6222600
VLT,20120726,17.3,17.38,17.3,17.37,11700
VLY,20120726,10.4,10.42,9.59,9.65,3193600
VLY-A,20120726,25.76,25.92,25.76,25.78,1600
VLY.W,20120726,0.75,0.79,0.75,0.75,5800
VMC,20120726,42.27,42.3,36.76,37.83,2043300
VMI,20120726,126.09,126.09,122.81,125.17,306900
VMO,20120726,15.4,15.41,15.35,15.4,48200
VMW,20120726,89.46,92.85,89.17,92.41,2900000
VNO,20120726,82.58,83.01,81.86,82.62,1092300
VNO-G,20120726,25.41,25.68,25.41,25.5,9400
VNO-I,20120726,25.48,25.48,25.33,25.46,4600
VNO-K,20120726,24.78,24.83,24.71,24.75,253900
VNTV,20120726,22.38,22.57,22.27,22.44,432100
VOC,20120726,19.6,19.6,18.8,18.93,134600
VPG,20120726,13.52,13.58,13.42,13.48,39700
VPV,20120726,15.81,15.92,15.72,15.89,34800
VR,20120726,32.79,33.26,32.58,32.71,539200
VRS,20120726,1.5,1.6,1.45,1.48,11200
VRX,20120726,47.68,47.88,47.2,47.68,1463900
VSH,20120726,8.57,8.69,8.43,8.67,1725200
VSI,20120726,57.41,58.49,55.21,56.98,511400
VTA,20120726,11.94,11.94,11.82,11.89,216200
VTN,20120726,16.75,16.87,16.75,16.87,57700
VTR,20120726,66.14,66.53,65.01,65.72,1896300
VVC,20120726,29.62,29.83,29.4,29.45,427400
VVI,20120726,17.46,17.46,17.17,17.24,80600
VVR,20120726,4.91,4.91,4.84,4.87,560100
VZ,20120726,44.24,44.71,44.23,44.46,15494800
WAB,20120726,39.805,40.04,39.075,39.255,453300
WAGE,20120726,13.25,13.74,13.24,13.74,33400
WAIR,20120726,13.11,13.21,12.94,13.13,100000
WAL,20120726,9.09,9.12,8.86,8.92,183600
WAT,20120726,77.17,79.98,76.38,77.09,741100
WBC,20120726,52.17,53.21,52.03,52.74,967500
WBK,20120726,23.734,23.85,23.624,23.77,17600
WBS,20120726,21.15,21.17,20.69,20.85,335100
WCC,20120726,53.01,54.32,52.98,54.07,507400
WCG,20120726,67.2,67.4,65.7,66.12,615300
WCN,20120726,29.82,30.06,29.37,29.92,956100
WD,20120726,12.51,12.51,12.37,12.46,12900
WDR,20120726,28.41,28.65,27.02,28.62,1703700
WEA,20120726,16.33,16.33,16,16.05,113900
WEC,20120726,40.36,40.67,40.34,40.52,1319100
WES,20120726,45.22,45.22,44.3,45.08,187400
WF,20120726,27.76,27.88,27.6,27.88,7900
WFC,20120726,33.67,33.84,33.28,33.78,22763100
WFC-J,20120726,30.79,30.88,30.76,30.79,101700
WFC-L,20120726,1157,1157.5,1155.02,1155.1,1600
WFC.W,20120726,9.7,9.8,9.6,9.8,38400
WFT,20120726,11.72,11.96,11.17,11.8,24184800
WG,20120726,6.68,6.86,6.58,6.8,424100
WGL,20120726,40.79,41.13,40.42,40.58,163300
WGO,20120726,10.36,10.58,10.08,10.11,104700
WHG,20120726,36.97,37,36.51,36.75,4900
WHR,20120726,65.82,67.23,65.01,66.9,1369900
WIA,20120726,13.23,13.23,13.1,13.14,75500
WIT,20120726,7.85,7.85,7.61,7.69,594900
WIW,20120726,13.41,13.41,13.33,13.35,135500
WLK,20120726,28.76,28.985,28.375,28.73,145500
WLL,20120726,39.5,40.89,38.65,39.52,4055100
WM,20120726,32.34,33.27,32.01,33.1,9325700
WMB,20120726,31.12,31.25,30.81,31.13,6554200
WMC,20120726,19.71,19.78,19.63,19.73,57900
WMK,20120726,42.2,43.21,42.19,42.38,25000
WMS,20120726,17.71,18.32,17.56,18.17,1222200
WMT,20120726,72.7,73.95,72.69,73.67,8192300
WNC,20120726,5.98,6.12,5.83,6.11,581800
WNR,20120726,22.49,22.93,22.1,22.7,1735400
WNS,20120726,10.34,10.44,9.25,9.27,110600
WOR,20120726,21.54,21.71,21,21.41,1176200
WPC,20120726,46.12,46.49,45.8,46.13,19500
WPX,20120726,15.08,15.11,14.78,15.05,1884500
WPZ,20120726,54.55,54.6,53.45,53.92,495900
WR,20120726,30.52,30.68,30.41,30.59,603900
WRB,20120726,37.28,37.36,36.51,36.58,995400
WRD,20120726,23.05,23.15,22.82,23.05,21300
WRE,20120726,28.02,28.13,27.52,27.69,432600
WRI,20120726,26.13,26.37,25.93,26.06,697900
WSM,20120726,34.28,34.35,33.69,34.03,1026100
WSO,20120726,67.31,68.8,66.42,67.5,747500
WSR,20120726,13.85,13.85,13.71,13.8,28600
WST,20120726,25.64,25.73,24.985,25.045,197200
WTI,20120726,15.56,15.72,15.21,15.56,431900
WTM,20120726,530,533.57,528.32,532.94,4700
WTR,20120726,21.128,21.224,20.768,20.944,1346300
WTS,20120726,32.44,32.67,31.76,32.32,123900
WTW,20120726,50.19,50.26,48.91,49.45,522900
WU,20120726,17.25,17.37,17.08,17.27,4899800
WWE,20120726,7.71,7.73,7.64,7.64,79100
WWW,20120726,22.285,22.575,22.13,22.395,439500
WY,20120726,23.2,23.53,22.62,22.91,6306900
WYN,20120726,50.7,50.82,49.93,50.71,1816300
X,20120726,18.45,18.52,17.87,18.26,6045200
XCO,20120726,7.09,7.1,6.75,6.97,5071300
XEC,20120726,55.02,56.19,54.35,55.66,744200
XEL,20120726,28.94,29.18,28.87,29.13,1311600
XIN,20120726,2.62,2.63,2.53,2.57,81200
XKE,20120726,9.29,9.29,9.29,9.29,0
XL,20120726,20.9,21.1,20.41,20.56,4030400
XNY,20120726,4.8,4.8,4.32,4.6,115400
XOM,20120726,85.56,86.7,85.26,86.52,19150700
XOXO,20120726,8.59,8.65,8.45,8.65,88600
XPO,20120726,13,13,12.59,12.86,222300
XRM,20120726,3.42,3.49,2.98,3.14,171200
XRX,20120726,6.49,6.66,6.4,6.64,21606200
XYL,20120726,24.25,24.25,23.69,23.73,1402100
Y,20120726,341.95,344,339.81,342.54,32300
YELP,20120726,21.42,21.74,19.24,19.68,755100
YGE,20120726,21,21.5,20.2,21,1184500
YPF,20120726,12.6,12.6,12.05,12.31,577800
YUM,20120726,64.34,65.47,64.34,65.11,3783400
ZB-A,20120726,19.81,19.99,19.76,19.98,17000
ZB-F,20120726,27.79,28.23,27.38,27.38,4500
ZF,20120726,11.94,11.99,11.93,11.95,86900
ZNH,20120726,24.45,24.66,24.37,24.65,16100
ZTR,20120726,12.38,12.4,12.33,12.37,104800
ZX,20120726,2.58,2.6,2.46,2.5,9200
