<ticker>,<date>,<open>,<high>,<low>,<close>,<vol>
A,20120702,28.2761,28.3333,27.5393,27.8326,1737400
AA,20120702,26.22,26.31,25.77,25.89,21355800
AAN,20120702,28.27,28.53,27.95,28.53,567200
AAP,20120702,68.4,68.4,67.33,67.67,1149500
AAT,20120702,24.38,24.66,24.22,24.65,130400
AAV,20120702,2.96,2.97,2.84,2.96,363100
AB,20120702,12.74,12.87,12.59,12.8,234900
ABB,20120702,16.47,16.47,16.24,16.42,2609100
ABC,20120702,39.53,39.87,39.4,39.85,2006300
ABG,20120702,23.9,24.89,23.64,24.89,633200
ABM,20120702,19.38,19.5,18.95,19.26,681000
ABR,20120702,5.37,5.39,5.32,5.38,56900
ABT,20120702,64.22,64.67,64,64.63,5642700
ABX,20120702,37.63,37.91,37.08,37.45,4355500
ACC,20120702,44.84,45.56,44.8,45.56,577700
ACCO,20120702,10.29,10.55,10.26,10.55,816600
ACH,20120702,10.86,10.97,10.73,10.87,125100
ACM,20120702,16.53,16.72,16.37,16.7,794800
ACN,20120702,59.79,60.72,59.5,60.49,3930700
ACP,20120702,16.53,16.55,16.42,16.55,9800
ACRE,20120702,17.49,17.82,17.03,17.38,40300
ADC,20120702,22.18,22.45,21.94,22.44,38600
ADM,20120702,28.95,29.33,28.72,29.04,3706000
ADS,20120702,135.45,136.81,134.98,136.64,397200
ADX,20120702,10.53,10.58,10.51,10.56,70700
AEB,20120702,19.27,19.29,19.19,19.27,13500
AED,20120702,23.91,23.99,23.77,23.88,96700
AEE,20120702,33.69,33.88,33.56,33.59,1417900
AEG,20120702,4.65,4.68,4.6,4.68,453100
AEH,20120702,24.41,24.49,24.29,24.48,101500
AEK,20120702,26.53,26.68,26.32,26.4,82800
AEL,20120702,11.05,11.2,10.94,11.17,977500
AEM,20120702,40.56,40.99,40,40.56,1336200
AEO,20120702,19.88,20.34,19.75,19.94,3136400
AEP,20120702,39.92,40.42,39.62,40.42,5012200
AER,20120702,11.27,11.33,11.07,11.24,195600
AES,20120702,12.94,12.94,12.64,12.72,3358100
AES-C,20120702,49.32,49.35,49.22,49.29,11600
AET,20120702,39.02,39.41,38.46,38.57,3886200
AF,20120702,9.83,10.01,9.77,10.01,635600
AFB,20120702,15.65,15.9,15.65,15.84,146700
AFC,20120702,24.58,24.94,24.58,24.75,15600
AFG,20120702,39.45,39.64,39.29,39.44,311900
AFL,20120702,42.88,43.4,42.28,42.83,2367700
AFT,20120702,18.12,18.28,18.05,18.12,64600
AFW,20120702,25.75,25.89,25.7,25.85,61400
AG,20120702,14.39,14.8,14.39,14.62,381300
AGC,20120702,6.45,6.48,6.4,6.48,89600
AGCO,20120702,45.89,46,44.05,44.51,1724600
AGD,20120702,10.78,10.98,10.74,10.92,174600
AGM,20120702,26.42,26.49,25.61,26.07,55900
AGM.A,20120702,19.5,19.5,19.5,19.5,100
AGN,20120702,92.53,94.94,92.42,94.77,1944500
AGO,20120702,14.21,14.24,13.54,14.08,1963300
AGO-B,20120702,25.22,25.44,25.02,25.44,8800
AGO-E,20120702,24.67,24.79,24.53,24.79,41800
AGO-F,20120702,23.23,23.23,22.82,22.82,12100
AGRO,20120702,9.19,9.56,9.19,9.56,113700
AGU,20120702,89.11,89.31,88.02,88.79,473500
AHC,20120702,4.06,4.1,3.97,4.1,71400
AHL,20120702,29.23,29.75,29.13,29.75,488600
AHL-B,20120702,25.7,25.74,25.61,25.7,2900
AHT,20120702,8.47,8.5,8.28,8.5,390100
AHT-A,20120702,25.01,25.15,25.01,25.15,700
AHT-D,20120702,24.95,24.98,24.89,24.97,18200
AI,20120702,21.72,22.5,21.59,22.5,118200
AIG,20120702,32.38,32.45,31.48,31.84,8431500
AIG.W,20120702,10.36,10.53,10.03,10.19,68500
AIN,20120702,18.74,18.8,18.38,18.7,168500
AIR,20120702,13.5,13.62,13.02,13.2,395700
AIT,20120702,36.85,37.07,35.84,36.41,226000
AIV,20120702,27.17,27.37,26.87,27.35,2750000
AIZ,20120702,35.05,35.23,34.72,34.83,776700
AJG,20120702,35.07,35.62,35.07,35.44,569500
AKO.A,20120702,26.51,26.51,26.51,26.51,100
AKO.B,20120702,32.4,32.5,32.27,32.45,1000
AKP,20120702,15.79,16.09,15.79,16.05,20500
AKR,20120702,23.34,23.64,23.19,23.62,288000
AKS,20120702,5.89,6,5.61,5.79,7349500
AL,20120702,19.39,20.28,19.19,19.41,349700
ALB,20120702,59.94,60.26,59.01,60.19,604600
ALE,20120702,42.02,42.34,41.81,42.33,210600
ALEX,20120702,26.93,26.93,23.5,25.3,463700
ALG,20120702,31.53,31.53,31.25,31.37,48500
ALJ,20120702,8.52,8.73,8.37,8.71,109100
ALK,20120702,18.06,18.27,17.92,18.215,796600
ALL,20120702,35.32,35.39,34.82,35.22,4166100
ALL-A,20120702,24.15,24.25,24.12,24.21,128900
ALL-B,20120702,22.94,23.07,22.94,22.95,99100
ALP-O,20120702,27.18,27.44,27.18,27.44,1000
ALR,20120702,19.35,19.67,19.24,19.67,330700
ALR-B,20120702,210,210.95,208,210.4,1000
ALSN,20120702,17.75,17.78,17.36,17.58,373100
ALV,20120702,54.94,55.07,54.02,54.6,751300
ALX,20120702,430.82,441.73,429.41,441.73,2600
AM,20120702,14.45,14.73,14.21,14.66,393300
AME,20120702,33.32,33.67,33.01,33.51,1113900
AMG,20120702,109.76,111.19,109.46,110.57,427400
AMID,20120702,19.56,19.96,19.5,19.79,14100
AMP,20120702,52.36,52.6,51.73,51.99,1448000
AMRC,20120702,11.93,12.45,11.9,12.45,185300
AMT,20120702,70.88,71.6,70.11,71.5,2208700
AMX,20120702,26.07,26.2,25.79,26.17,4643400
AN,20120702,35.53,36.82,35.44,36.76,856600
ANF,20120702,34.81,34.82,33.26,34.02,3073800
ANH,20120702,6.78,7.03,6.77,7.01,4195800
ANH-A,20120702,25.68,25.87,25.68,25.87,1800
ANH-B,20120702,25.5,25.67,25.12,25.67,7100
ANTM,20120702,64.22,64.66,62.26,62.26,6537600
ANW,20120702,5.32,5.43,5.23,5.4,246500
AOD,20120702,8.34,8.44,8.32,8.44,1072200
AOI,20120702,34.9,36.5,34.3,35.9,610400
AON,20120702,46.95,47.39,46.64,47.36,1863600
AOS,20120702,12.24,12.3075,11.9925,12.2675,295000
AP,20120702,18.23,18.72,17.73,18.63,41000
APA,20120702,87.51,88.72,86.22,87.29,2593900
APB,20120702,9.57,9.64,9.53,9.6,13800
APC,20120702,66.18,66.29,64.8,65.66,3909000
APD,20120702,79.95,80.49,78.69,79.62,1542500
APF,20120702,13.73,13.77,13.66,13.75,18000
APH,20120702,27.445,27.575,27.145,27.345,578700
APO,20120702,12.44,12.77,12.39,12.73,236200
APU,20120702,40.75,41.81,40.61,41.81,343600
ARC,20120702,5.04,5.15,4.95,5.13,108200
ARCO,20120702,14.8,14.84,14.39,14.71,835300
ARE,20120702,72.71,72.99,72.22,72.74,343800
ARH-C,20120702,26.05,26.46,26.02,26.41,16000
ARI,20120702,16.09,16.41,16.03,16.41,145300
ARL,20120702,2.01,2.12,2.01,2.12,600
ARNC,20120702,8.74,8.77,8.59,8.63,9496000
ARR,20120702,7.11,7.22,7.11,7.22,6591800
ARR-A,20120702,25.4,25.41,25.26,25.26,47800
ARW,20120702,32.91,33.53,32.8,33.39,909000
ASA,20120702,22.26,22.26,22,22.2,127700
ASG,20120702,3.97,4.02,3.97,4.01,61400
ASH,20120702,34.62,34.86,34.135,34.5,613300
ASR,20120702,78.46,79.51,78.19,79.03,55400
ASX,20120702,4.12,4.2,4.11,4.2,437700
AT,20120702,12.9,13.25,12.86,13.14,1044400
ATI,20120702,31.79,32.14,31.01,31.74,1597600
ATO,20120702,35.04,35.98,35.04,35.88,855400
ATR,20120702,51.07,51.94,50.92,51.78,196500
ATU,20120702,27.3,27.46,26.69,27.11,654500
ATV,20120702,2.96,2.96,2.96,2.96,100
ATW,20120702,37.76,38.29,37.11,37.91,742800
AU,20120702,34.2,34.23,33.33,33.54,2279700
AUO,20120702,4.02,4.02,3.99,4.02,471300
AUY,20120702,15.39,15.55,15.22,15.47,3161000
AVA,20120702,26.79,27.03,26.6,26.95,497500
AVB,20120702,141.38,143.51,141.2,143.36,630300
AVD,20120702,26.64,27.83,26.27,27.8,257500
AVK,20120702,15.3,15.44,15.3,15.41,72800
AVP,20120702,16.17,16.2,15.7,15.75,5632200
AVT,20120702,31.11,31.66,30.6,31.39,1078500
AVX,20120702,10.76,10.82,10.63,10.76,157700
AVY,20120702,27.49,27.55,27.01,27.22,738200
AWF,20120702,15.02,15.12,15,15.12,164300
AWH,20120702,26.3567,26.5133,26.15,26.5133,523800
AWI,20120702,49.07,49.13,47.7,48.75,226200
AWK,20120702,34.38,34.74,34.3,34.67,766700
AWP,20120702,6.3,6.36,6.27,6.36,366600
AWR,20120702,19.845,19.95,19.72,19.91,142500
AXE,20120702,53.35,53.73,52.82,53.72,202900
AXL,20120702,10.49,10.59,10.11,10.42,1115000
AXP,20120702,58.51,59.11,58.36,59.05,4257600
AXR,20120702,6.05,6.05,6.05,6.05,0
AXS,20120702,32.88,33.48,32.76,33.41,1008600
AYI,20120702,53.94,59.65,53.81,58.97,1795200
AYR,20120702,12.11,12.53,12.08,12.4,594700
AZN,20120702,44.83,45.75,44.75,45.67,3942900
AZO,20120702,366.22,366.66,362.81,364.22,384000
AZZ,20120702,30.52,32.465,30.52,32.44,200500
B,20120702,24.29,24.44,23.77,24,345000
BA,20120702,74.21,74.74,72.45,73.18,4893300
BAC,20120702,8.2,8.21,7.87,8.05,152981000
BAC-C,20120702,25.18,25.19,25.11,25.11,23600
BAC-D,20120702,24.43,24.57,24.43,24.54,43900
BAC-E,20120702,20,20.09,19.88,19.98,7300
BAC-I,20120702,25.48,25.57,25.44,25.47,23900
BAC-L,20120702,975,979,974,974,2700
BAC-W,20120702,25.05,25.14,25.05,25.1,18800
BAC-Y,20120702,24.73,24.86,24.72,24.85,50600
BAC.A,20120702,3.54,3.54,3.38,3.45,75300
BAC.B,20120702,0.8,0.8,0.76,0.76,4900
BAF,20120702,15.6,15.72,15.58,15.72,31300
BAH,20120702,15.16,15.22,14.7,14.8,384100
BAK,20120702,13.35,13.38,13,13.21,465300
BAM,20120702,22.0667,22.2933,21.96,22.2467,609000
BAP,20120702,127.35,128.46,125.82,127.96,435700
BAS,20120702,10.36,10.47,10,10.3,1374500
BAX,20120702,53.45,53.88,53.23,53.86,3164200
BBD,20120702,10.2893,10.4684,10.248,10.4201,9329900
BBDO,20120702,10.4333,10.4333,10.4333,10.4333,100
BBF,20120702,15.78,15.94,15.78,15.94,11500
BBG,20120702,21.29,21.45,20.57,21.1,1806400
BBK,20120702,17.23,17.33,17.2,17.28,20500
BBL,20120702,57.56,57.62,56.77,57.56,528100
BBN,20120702,23.05,23.24,23,23.14,190700
BBT,20120702,31.26,31.29,30.77,31.11,4367900
BBT-D,20120702,26.2,26.2,25.93,26.09,102900
BBVA,20120702,7.06,7.11,6.96,7.1,2276600
BBW,20120702,4.76,4.78,4.56,4.65,71600
BBY,20120702,21.88,23.57,21.82,22.2,35781700
BC,20120702,22.31,22.56,22.09,22.41,1177800
BCE,20120702,41.21,41.6,41.21,41.57,189800
BCEI,20120702,16.68,16.69,16.05,16.36,89800
BCH,20120702,83.23,84.98,83.23,84.8,16400
BCO,20120702,23.26,23.42,22.78,22.94,312700
BCR,20120702,107.04,107.94,106.95,107.83,757600
BCS,20120702,10.61,10.77,10.53,10.77,5860100
BCS-D,20120702,25.43,25.67,25.38,25.6,122700
BCX,20120702,13.37,13.47,13.3,13.43,133200
BDC,20120702,33.63,34.57,33.17,34.56,403200
BDJ,20120702,7.24,7.28,7.2,7.24,552400
BDN,20120702,12.18,12.34,12.09,12.13,2087500
BDX,20120702,75.12,75.4,74.23,75.37,748500
BEN,20120702,37.0267,37.3333,36.8267,37.3033,609600
BF.A,20120702,31.57,31.6467,31.4,31.52,7200
BF.B,20120702,32.3567,32.6634,32.15,32.3134,429100
BFK,20120702,15.74,15.91,15.74,15.91,90200
BFO,20120702,15.58,15.59,15.45,15.59,11300
BFR,20120702,3.36,3.55,3.33,3.52,92500
BFS,20120702,43.12,43.39,42.48,43.2,156200
BFZ,20120702,15.96,16.07,15.89,16,214500
BG,20120702,62.79,63.01,62.25,62.65,908500
BGC,20120702,25.91,26.18,25.34,25.9,666100
BGE-B,20120702,25.53,25.63,25.49,25.58,5600
BGG,20120702,17.6,17.91,17.37,17.89,351800
BGR,20120702,22.59,22.65,22.43,22.65,92200
BGS,20120702,26.61,26.87,26.47,26.87,664900
BGT,20120702,14.38,14.38,14.24,14.32,21500
BGX,20120702,18.36,18.4,18.12,18.15,33100
BGY,20120702,7.13,7.17,7.12,7.15,556100
BH,20120702,387,389.72,378.49,389,3100
BHE,20120702,14.03,14.07,13.57,13.8,279200
BHI,20120702,41.15,41.41,40.36,40.91,3760300
BHK,20120702,14.5,14.57,14.5,14.51,83500
BHL,20120702,13.54,13.58,13.21,13.45,23500
BHP,20120702,65.62,65.65,64.73,65.54,2016600
BID,20120702,33.54,34.09,33.31,34.09,1092100
BIF,20120702,6.08,6.1,6.04,6.1,34000
BIG,20120702,41.03,41.34,40.74,40.88,1280600
BIO,20120702,99.96,100.81,98.24,99.24,81100
BIO.B,20120702,100.33,100.33,100.33,100.33,0
BIP,20120702,22.3733,22.7133,22.2467,22.6467,184500
BITA,20120702,4.13,4.19,4.03,4.06,7500
BJZ,20120702,15.88,15.97,15.84,15.96,16800
BK,20120702,22.09,22.2,21.82,22.18,5939100
BKD,20120702,17.82,18,17.5,18,861400
BKE,20120702,40,40.98,39.54,39.83,470700
BKH,20120702,32.24,32.43,31.5,32.13,814800
BKK,20120702,16.26,16.34,16.24,16.33,20000
BKN,20120702,16.36,16.5,16.36,16.5,36800
BKS,20120702,16.49,16.95,16.47,16.94,763400
BKT,20120702,7.54,7.6,7.51,7.55,133800
BKU,20120702,23.58,23.82,23.4,23.46,262500
BLH,20120702,16.25,16.29,16.2,16.29,3000
BLK,20120702,169.81,170.37,168.46,169.63,853200
BLL,20120702,20.545,20.605,20.12,20.26,1029600
BLW,20120702,17.67,17.77,17.66,17.68,111400
BLX,20120702,21.45,21.72,21.32,21.7,169700
BMA,20120702,13.03,13.16,12.52,13.12,177300
BME,20120702,28.85,28.85,27.87,27.88,19200
BMI,20120702,37.55,38.14,37.32,38.06,61800
BML-G,20120702,17.7,17.7,17.7,17.7,0
BML-H,20120702,17.57,17.61,17.56,17.56,4700
BML-I,20120702,24.26,24.5,24.26,24.45,64100
BML-J,20120702,19.37,19.45,19.36,19.36,8100
BML-L,20120702,19.52,19.62,19.45,19.45,6600
BMO,20120702,55.25,55.58,54.97,55.36,210600
BMS,20120702,31.24,31.41,30.89,31.23,733600
BMY,20120702,35.74,36.34,35.71,36.05,15680300
BNJ,20120702,16.87,17,16.87,17,17600
BNS,20120702,51.71,51.76,51.39,51.72,172100
BNY,20120702,16.55,16.61,16.55,16.59,13200
BOE,20120702,13.25,13.32,13.18,13.23,230700
BOH,20120702,45.86,46.25,45.67,46.11,273100
BORN,20120702,2.12,2.22,2.11,2.2,29300
BOX,20120702,17.17,17.19,16.95,17.18,42100
BOXC,20120702,26.62,26.62,26.62,26.62,0
BP,20120702,40.57,40.72,40.25,40.69,5062000
BPI,20120702,21.92,22.19,21.47,21.89,345200
BPK,20120702,16.97,16.99,16.9,16.95,13400
BPL,20120702,51.66,52.91,51.64,52.75,301600
BPT,20120702,117.23,118.45,116.35,118.39,100700
BQH,20120702,16.62,16.65,16.62,16.65,500
BR,20120702,21.3,21.4,21.11,21.37,644500
BRC,20120702,27.68,27.73,26.65,27,468000
BRFS,20120702,15.24,15.3,15.13,15.16,1606300
BRK.A,20120702,124895,125495,124335,125495,900
BRK.B,20120702,83.34,83.67,82.86,83.65,3668300
BRO,20120702,27.41,28.17,27.35,27.42,764800
BRS,20120702,40.82,41.37,40.38,41.37,200100
BRT,20120702,6.45,6.47,6.36,6.37,2700
BSAC,20120702,76.9602,79.38,76.9602,78.99,124000
BSBR,20120702,7.79,7.92,7.74,7.89,5088000
BSD,20120702,14.53,14.64,14.53,14.64,7900
BSE,20120702,15.76,15.78,15.63,15.65,17500
BSL,20120702,19.14,19.35,19.13,19.26,38100
BSX,20120702,5.73,5.82,5.66,5.8,10634500
BT,20120702,16.735,17.005,16.71,16.995,182500
BTA,20120702,12.65,12.78,12.56,12.62,53300
BTE,20120702,42,42.11,41.21,41.86,93300
BTO,20120702,16.52,16.54,16.28,16.37,40800
BTU,20120702,24.41,25.24,24.4,24.86,9672400
BTZ,20120702,13.32,13.37,13.29,13.32,89100
BUD,20120702,78.8,79.35,78.73,79.3,2123300
BUI,20120702,18.85,18.97,18.75,18.91,35200
BVN,20120702,37.95,38.53,37.74,38.23,461700
BWA,20120702,32.235,32.74,31.255,32.615,1023600
BWG,20120702,18.6,18.9,18.6,18.86,34000
BWP,20120702,27.66,28.1,27.55,28.1,264100
BX,20120702,13.08,13.35,12.99,13.33,2027600
BXC,20120702,23.3,25,22.6,25,77000
BXP,20120702,109.23,109.57,108.04,109.57,900700
BXS,20120702,14.52,14.7,14.32,14.64,604300
BYD,20120702,7.24,7.29,7.11,7.2,591200
BYM,20120702,16.24,16.33,16.15,16.33,66500
BZH,20120702,16.45,16.7,16.05,16.65,2474300
C,20120702,27.47,27.93,26.97,27.46,29979400
C-J,20120702,25.08,25.09,25.07,25.08,143300
C-N,20120702,27.6,27.71,27.42,27.68,47500
C-P,20120702,28.08,28.08,28.08,28.08,200
C-S,20120702,24.6,24.74,24.55,24.7,74900
C.A,20120702,0.32,0.32,0.31,0.31,12300
CAB,20120702,37.87,37.96,37.06,37.78,576600
CACI,20120702,55.18,56.05,55.11,55.99,636300
CAE,20120702,9.73,9.83,9.62,9.73,2400
CAF,20120702,19.24,19.3,19.15,19.19,242300
CAG,20120702,25.85,25.92,25.65,25.81,3293800
CAH,20120702,42,42.54,41.94,42.4,3203300
CAJ,20120702,39.71,39.85,39.51,39.73,219000
CALX,20120702,8.26,8.26,7.93,8.02,363000
CAT,20120702,85.35,85.48,83.04,83.68,6421200
CATO,20120702,30.58,31.29,30.35,31.27,137700
CB,20120702,73.21,73.5,72.69,73.06,1246200
CBB,20120702,18.75,19,18.35,19,1679800
CBB-B,20120702,41.65,41.7,41.46,41.59,3800
CBD,20120702,40.35,40.68,40.07,40.5,434100
CBG,20120702,16.49,16.58,15.89,16.16,3048400
CBI,20120702,38.2,38.62,37.82,37.99,859000
CBK,20120702,1.17,1.2,1.15,1.16,105100
CBL,20120702,19.67,19.9,19.45,19.85,1576900
CBL-D,20120702,25.47,25.47,25.15,25.38,47700
CBM,20120702,9.38,9.77,9.3,9.71,341900
CBS,20120702,32.76,33.11,32.54,33,3888800
CBS.A,20120702,33.49,33.5,33.17,33.32,2600
CBT,20120702,40.93,40.93,39.7,40.32,395200
CBU,20120702,27.14,27.5,26.85,27.38,143400
CBZ,20120702,5.94,5.96,5.77,5.96,101900
CCC,20120702,14.32,14.63,14.23,14.63,489500
CCE,20120702,28.06,28.34,27.96,28.32,3276000
CCI,20120702,58.89,60.03,58.66,60.01,1680600
CCJ,20120702,21.87,22.15,21.6,21.78,2605100
CCK,20120702,34.43,34.43,33.94,33.94,1252300
CCL,20120702,34.52,34.55,34.15,34.42,3862100
CCM,20120702,2.9,2.9,2.85,2.87,26600
CCO,20120702,6.02,6.16,5.94,6.05,487000
CCS,20120702,25.28,25.3,25.28,25.29,46800
CCU,20120702,25.1,25.888,24.904,25.768,135800
CCZ,20120702,39.9,39.9,39.9,39.9,0
CDE,20120702,17.52,17.68,17.05,17.35,1385500
CDI,20120702,16.42,17.08,16.32,17.06,43400
CDR,20120702,5.07,5.27,4.99,5.27,197600
CDR-B,20120702,23.25,23.25,23.24,23.25,12100
CE,20120702,34.64,34.64,33.17,33.54,2461700
CEA,20120702,15.9,16.03,15.9,15.95,13900
CEE,20120702,30.52,30.53,30.28,30.51,19400
CEL,20120702,6,6.09,5.92,6.02,1244900
CEM,20120702,22.2,22.42,22.17,22.4,102500
CEO,20120702,200.7,202.51,199.94,202.35,164500
CF,20120702,39.152,39.342,38.31,38.688,902800
CFC-B,20120702,24.89,24.89,24.8,24.84,436300
CFI,20120702,10.23,10.28,10,10.26,43300
CFR,20120702,57.47,57.79,57.3,57.76,248400
CFX,20120702,27.55,27.91,27.09,27.87,650000
CGA,20120702,3.52,3.59,3.47,3.58,69800
CGI,20120702,16.46,16.46,15.76,16.05,209000
CHA,20120702,44.17,44.21,43.64,43.74,60600
CHD,20120702,27.67,27.985,27.52,27.985,900500
CHE,20120702,60.67,61.32,60.23,61.26,178600
CHH,20120702,40.02,40.07,39.49,39.85,220800
CHK,20120702,18.58,18.94,18.46,18.73,18928300
CHK-D,20120702,80.16,80.25,79.3,80.25,3200
CHKR,20120702,19.72,19.9,19.7,19.8,185600
CHL,20120702,54.65,54.85,54.51,54.78,431400
CHN,20120702,21.84,21.85,21.71,21.82,113100
CHS,20120702,14.93,15,14.65,14.83,2350100
CHSP,20120702,17.32,17.47,17.05,17.4,127200
CHT,20120702,31.35,31.57,31.31,31.54,219600
CHU,20120702,12.58,12.63,12.5,12.59,662100
CI,20120702,44.3,44.48,42.79,42.98,4708700
CIA,20120702,9.73,9.98,9.28,9.96,110300
CIB,20120702,62.02,64.38,62.02,64.32,411800
CIE,20120702,23.31,24.45,22.83,24.38,1519600
CIF,20120702,3.14,3.14,3.08,3.12,57400
CIG,20120702,15.064,15.296,14.912,15.248,2048500
CIG.C,20120702,15.91,16.15,15.9,15.9,1900
CII,20120702,12.74,12.85,12.72,12.79,184700
CIM,20120702,2.37,2.4,2.32,2.4,11940200
CIR,20120702,34.18,34.18,33.11,33.91,65400
CIT,20120702,35.85,36.09,35.38,35.78,790800
CKH,20120702,89.42,90.18,88.7,89.39,105100
CL,20120702,51.705,51.915,51.5,51.86,1723900
CLB,20120702,115.94,115.95,112.28,114.36,999000
CLD,20120702,16.95,17.66,16.74,17.64,1230300
CLDT,20120702,14.37,14.41,14.08,14.38,41700
CLF,20120702,49.23,49.81,47.76,48.99,2488100
CLGX,20120702,18.42,19.3,18.35,19.25,2062300
CLH,20120702,56.5,57.36,56.04,57.33,540800
CLI,20120702,28.75,29.08,28.66,29.05,1341400
CLN-A,20120702,25.5,25.58,25.46,25.58,4500
CLR,20120702,33.225,33.45,32.295,33.36,1258800
CLS,20120702,7.28,7.38,7.2,7.3,120800
CLW,20120702,34.28,35.14,33.64,35.13,189900
CLX,20120702,71.68,72.35,71.12,72.31,808800
CM,20120702,70.34,70.77,70.12,70.6,111700
CMA,20120702,31,31.12,30.56,31.1,1667200
CMA.W,20120702,8.19,8.25,7.94,8.25,5900
CMC,20120702,12.59,12.84,12.51,12.79,1189300
CMG,20120702,386.03,386.03,376.26,383.46,872400
CMI,20120702,97.25,97.53,94.68,96.08,2326100
CMO,20120702,13.94,14.02,13.85,14.02,1118600
CMP,20120702,76.58,76.82,75.6,76.11,241300
CMRE,20120702,13.9,13.95,13.61,13.84,82000
CMS,20120702,23.61,23.85,23.46,23.59,2700500
CMS-B,20120702,93.75,93.75,93.75,93.75,100
CMU,20120702,5.24,5.35,5.23,5.33,136000
CNA,20120702,27.8,27.96,27.67,27.94,144400
CNC,20120702,15.185,15.29,14.69,14.945,1198900
CNCO,20120702,18.5,20.99,16.98,19.6,137300
CNI,20120702,42.385,42.385,41.81,42.265,456200
CNK,20120702,22.77,23.03,22.64,22.97,839300
CNO,20120702,7.84,8.07,7.74,8,2546300
CNP,20120702,20.76,20.83,20.6,20.76,3287900
CNQ,20120702,26.9,26.9,26.38,26.81,1974400
CNS,20120702,34.75,35.42,34.45,35.42,116600
CNX,20120702,30.14,30.95,29.84,30.44,2770600
CO,20120702,2.53,2.62,2.49,2.53,48700
CODI,20120702,14.03,14.17,13.76,14.15,148000
COF,20120702,54.87,54.9,53.82,54.75,2516200
COF.W,20120702,21.47,21.47,20.65,21.46,3200
COG,20120702,19.67,19.975,19.35,19.865,5405600
COH,20120702,58.76,59.31,58.35,58.57,3754500
COL,20120702,49.62,49.76,48.8,49.18,561800
COO,20120702,79.63,80.96,79.63,79.95,822200
COP,20120702,55.97,56.1,55.19,55.73,6163600
COR,20120702,25.91,26.39,25.9,26.38,176300
COT,20120702,8.26,8.31,8.16,8.26,322900
CP,20120702,73.72,74.46,73.01,74.27,485400
CPA,20120702,82.3,83.21,81.86,82.5,307500
CPAC,20120702,10.1,10.34,10,10.21,254400
CPB,20120702,33.3,33.39,32.98,33.39,2117400
CPE,20120702,4.28,4.35,4.16,4.35,267100
CPF,20120702,14.18,14.66,14.03,14.62,85900
CPK,20120702,29.2733,29.62,29.1,29.5867,36300
CPL,20120702,25.3,25.76,25.1,25.72,631300
CPN,20120702,16.51,16.62,16.46,16.5,1815000
CPT,20120702,67.92,68.55,67.6,68.46,615900
CR,20120702,36.57,36.66,35.55,35.82,375300
CRD.A,20120702,3.86,3.86,3.68,3.8,5000
CRD.B,20120702,4.13,4.24,4.02,4.24,54400
CRH,20120702,19.55,19.59,19.34,19.56,169800
CRI,20120702,52.96,52.96,52.25,52.93,350400
CRK,20120702,82.65,83.55,77.75,80.95,1304400
CRL,20120702,32.87,33.51,32.78,33.51,253400
CRM,20120702,34.2275,34.81,33.9825,34.7675,2135400
CRR,20120702,77.17,77.17,74.89,75.6,312800
CRS,20120702,47.8,48.02,46.62,47.75,430900
CRT,20120702,34.77,35.9,34.54,35.6,16900
CRY,20120702,5.22,5.32,5.12,5.32,58400
CS,20120702,18.37,18.46,18.1,18.45,2319000
CSL,20120702,53.45,54.38,52.98,53.85,573400
CSS,20120702,20.54,20.82,20.52,20.79,47400
CSU,20120702,10.68,11.26,10.56,11.25,110300
CSV,20120702,8.32,8.39,8.27,8.34,77800
CTB,20120702,17.7,17.72,17.35,17.66,1186800
CTL,20120702,39.49,39.66,39.37,39.66,5048900
CTR,20120702,20.09,20.22,20.03,20.2,84700
CTS,20120702,9.42,9.5,9.25,9.5,72500
CTU,20120702,25.6,25.67,25.47,25.55,316100
CTW,20120702,26.29,26.6,26.26,26.6,66200
CTX,20120702,25.66,25.75,25.57,25.73,124400
CUB,20120702,48.01,48.35,47.71,48.02,89300
CUBE,20120702,11.53,11.91,11.53,11.91,821400
CUK,20120702,34.57,34.57,34.24,34.46,98100
CUZ,20120702,7.76,7.82,7.69,7.81,431100
CVA,20120702,17.15,17.35,17.04,17.12,1363000
CVE,20120702,32.07,32.52,31.43,32.42,913900
CVG,20120702,14.81,14.96,14.73,14.86,883300
CVI,20120702,26.81,27.1,26.53,26.89,382700
CVO,20120702,15.52,18.96,15.52,18.72,1734900
CVS,20120702,46.89,47.81,46.73,47.81,7665100
CVX,20120702,105.59,106.09,104.69,105.86,5695900
CW,20120702,31.04,31.05,30.49,31.03,210400
CWH,20120702,19.16,19.25,18.96,19.21,478700
CWT,20120702,18.51,18.6,18.4,18.51,234800
CX,20120702,6.86,6.86,6.64,6.72,8640300
CXE,20120702,5.76,5.85,5.74,5.85,279000
CXH,20120702,10.99,11.07,10.9,11.05,22500
CXO,20120702,85.7,86.67,82.96,85.06,1193900
CXW,20120702,29.35,29.76,29.1,29.67,1434200
CYD,20120702,13.7,13.7,13.22,13.55,54300
CYH,20120702,28.24,28.24,27.43,27.96,1614900
CYS,20120702,13.76,13.95,13.75,13.95,1524500
CZZ,20120702,12.68,12.88,12.53,12.78,962300
D,20120702,54,54.46,53.93,54.39,1557200
DAC,20120702,4.02,4.08,3.99,4.07,12400
DAL,20120702,11.11,11.25,10.95,11.12,7967300
DAN,20120702,12.76,12.83,12.12,12.4,3794500
DAR,20120702,16.54,16.57,16.18,16.49,749300
DB,20120702,36.52,36.89,36.14,36.88,1243900
DBD,20120702,37.07,37.75,36.51,36.99,461600
DBL,20120702,26.91,26.91,26.63,26.82,44600
DCI,20120702,33.18,33.73,32.77,33.06,682400
DCM,20120702,16.69,16.73,16.61,16.7,65800
DCO,20120702,9.83,9.95,9.66,9.83,42500
DCT,20120702,25.36,25.64,25.04,25.56,3594900
DD,20120702,49.48,50.48,48.73,49.43,6397200
DD-A,20120702,89.25,89.25,88.95,89,900
DD-B,20120702,105.74,105.74,105.73,105.73,200
DDD,20120702,23.3333,23.6667,23,23.5333,1182900
DDE,20120702,3.07,3.07,3,3.01,33800
DDF,20120702,7.76,7.78,7.75,7.76,18900
DDR,20120702,14.73,14.78,14.56,14.72,2831700
DDS,20120702,64.12,64.27,63.08,63.6,794100
DDT,20120702,25.42,25.51,25.3,25.3,12300
DE,20120702,81,81.05,79.91,80.45,3375900
DECK,20120702,44.01,44.37,43.36,43.72,975800
DEI,20120702,23.15,23.39,23,23.38,1302400
DEL,20120702,61.01,63.24,60.14,63.21,36100
DEO,20120702,102.93,104.06,102.88,104.06,747200
DEX,20120702,11.42,11.74,11.42,11.74,37700
DF,20120702,33.74,34,33.28,33.54,3327800
DFS,20120702,34.68,35,34.5,34.89,3523000
DFT,20120702,28.56,28.94,28.47,28.94,506700
DG,20120702,54.61,55.02,54.28,54.73,2317700
DGI,20120702,15.23,16.1,15.21,16,218200
DGX,20120702,60.1,60.55,59.88,60.4,1220000
DHF,20120702,4.46,4.5,4.44,4.49,178100
DHG,20120702,15.42,15.57,15.33,15.54,23800
DHI,20120702,18.45,18.56,18.19,18.51,9842600
DHR,20120702,52.08,52.19,51.45,52.09,2654400
DHT,20120702,7.56,7.92,7.56,7.68,717500
DHX,20120702,9.47,9.5,9.24,9.44,384600
DIN,20120702,44.5,44.8,43.81,44.33,86300
DIS,20120702,48.62,48.75,48.24,48.72,7276600
DK,20120702,17.86,18.24,17.57,18.22,433000
DKS,20120702,48.23,48.99,48.14,48.99,1285300
DKT,20120702,26.23,26.47,26.11,26.43,127300
DL,20120702,3.49,3.51,3.16,3.18,6600
DLB,20120702,41.27,41.77,41.04,41.62,346600
DLPH,20120702,25.6,25.65,24.9,25.29,1528800
DLR,20120702,75.19,75.9,75.02,75.83,1185800
DLX,20120702,25.11,25.57,25.02,25.57,365300
DM,20120702,6.71,6.75,6.36,6.64,144000
DMO,20120702,22.15,22.5,22.06,22.41,110500
DNB,20120702,71.5,72.28,70.75,71.72,491600
DNI,20120702,13.48,13.56,13.44,13.56,104200
DNP,20120702,11.2,11.2,11.14,11.18,188100
DNR,20120702,15.03,15.15,14.67,14.97,6669200
DO,20120702,59.28,59.58,58.64,59.32,1171300
DOV,20120702,53.91,54.03,52.83,53.18,1328300
DOW,20120702,31.56,31.59,31.01,31.51,6949000
DPG,20120702,17.78,18.06,17.77,18.01,92500
DPS,20120702,43.61,43.85,43.4,43.54,1257900
DPZ,20120702,30.95,31.15,30.31,30.95,471600
DQ,20120702,4.3,4.35,4.1,4.1,33500
DRD,20120702,6.56,6.56,6.5,6.5,1700
DRE,20120702,14.7,14.82,14.55,14.82,2047400
DRH,20120702,10.27,10.37,10.15,10.36,1429600
DRI,20120702,50.86,51.27,50.43,50.71,1504200
DRQ,20120702,65.59,66.55,64.84,65.87,429400
DSM,20120702,9.32,9.36,9.29,9.35,110300
DST,20120702,54.33,55.21,54.33,55.2,203300
DSU,20120702,12.45,12.75,12.45,12.75,209700
DSW,20120702,27.21,27.665,27.125,27.64,406900
DSX,20120702,7.7,7.82,7.53,7.79,321600
DTE,20120702,58.78,59.97,58.78,59.38,1340000
DTF,20120702,16.88,16.88,16.85,16.88,14400
DTK,20120702,25.68,25.87,25.57,25.85,75400
DUC,20120702,12.44,12.44,12.36,12.43,25700
DUK,20120702,70.35,71.13,69.39,69.84,16977500
DV,20120702,31.41,31.8,30.47,31.17,992700
DVA,20120702,49.32,49.355,48.59,48.81,1051800
DVD,20120702,1.29,1.29,1.23,1.23,6800
DVN,20120702,57.39,58.51,56.92,57.13,3430500
DX,20120702,10.41,10.54,10.38,10.53,1324900
DXB,20120702,24.79,24.94,24.65,24.85,61700
DY,20120702,18.62,19,18.45,19,328300
DYN,20120702,0.59,0.6,0.58,0.58,285900
E,20120702,42.66,43.1,42.54,43.1,434200
EAT,20120702,31.86,32.28,31.48,31.84,1607800
EBF,20120702,15.5,15.61,15.28,15.61,72400
EBR,20120702,7.09,7.17,7.05,7.17,617000
EBR.B,20120702,9.65,9.85,9.62,9.85,255900
EBS,20120702,15.08,15.59,14.96,15.58,147900
EC,20120702,56.67,56.67,54.2,54.92,897100
ECA,20120702,20.76,20.96,20.26,20.47,5871800
ECL,20120702,68.68,68.87,68.01,68.77,1347800
ECT,20120702,18.5,18.8,18.25,18.53,61200
ED,20120702,62.24,62.78,62.19,62.72,1248500
EDD,20120702,15.83,15.91,15.8,15.87,113800
EDF,20120702,23.17,23.35,23.15,23.28,23000
EDN,20120702,1.98,2.06,1.98,2.06,1000
EDR,20120702,33.42,33.66,32.85,33.66,935400
EDU,20120702,24.73,24.73,23.93,24.01,1758000
EE,20120702,33.17,33.73,33.17,33.72,314800
EEA,20120702,6.08,6.21,6.08,6.2,16500
EEP,20120702,30.94,31.12,30.56,30.99,1813000
EEQ,20120702,31.91,32.22,31.69,32.09,53400
EFC,20120702,21.25,21.42,21.25,21.36,25500
EFR,20120702,15.3,15.45,15.26,15.27,56800
EFT,20120702,15.46,15.76,15.46,15.53,88400
EFX,20120702,46.78,47.99,46.73,47.77,1305500
EGF,20120702,15.25,15.27,15.24,15.26,7200
EGN,20120702,45.08,45.11,44.01,45.08,463500
EGO,20120702,12.22,12.7,12.21,12.67,1972100
EGP,20120702,53.6,53.95,53.06,53.94,176900
EGY,20120702,8.7,8.92,8.22,8.92,614800
EHI,20120702,13.23,13.29,13.1,13.28,67300
EIG,20120702,18.08,18.27,17.94,18.26,129300
EIX,20120702,46.45,46.56,46.03,46.56,4182300
EL,20120702,54.26,54.76,53.73,54.7,1332000
ELLI,20120702,18,18.43,17.88,18.39,503600
ELP,20120702,21.81,22.12,21.76,21.97,382000
ELS,20120702,34.5,34.86,34.39,34.835,309700
ELY,20120702,5.92,6.13,5.82,6.13,321000
EMD,20120702,14.8,14.8,14.55,14.7,88000
EME,20120702,27.8,28.29,27.63,28.29,249300
EMF,20120702,17.67,17.71,17.48,17.69,15300
EMN,20120702,50.71,50.87,49.57,49.72,4388900
EMO,20120702,19.61,19.9,19.6,19.85,39400
EMR,20120702,46.76,46.76,45.05,45.4,4780300
ENB,20120702,39.95,40.45,39.87,40.35,296800
ENR,20120702,75.25,75.66,74.26,75.05,309100
ENS,20120702,35.15,35.16,34,35.13,344200
ENV,20120702,12.08,12.3,11.9,12.19,47100
ENZ,20120702,1.68,1.69,1.6,1.64,252100
EOD,20120702,7.94,7.96,7.86,7.96,328900
EOG,20120702,44.77,44.97,43.77,44.47,1715800
EOI,20120702,10.58,10.6,10.51,10.57,126400
EOS,20120702,10.61,10.63,10.52,10.54,163500
EOT,20120702,22.05,22.17,21.97,22.16,35100
EP-C,20120702,50.75,51.05,50.72,51.05,13600
EPAM,20120702,16.99,17.38,16.94,17.2,64600
EPD,20120702,25.63,25.935,25.545,25.875,1066700
EPR,20120702,41.37,41.79,41.13,41.79,423400
EPR-C,20120702,18.95,18.95,18.91,18.95,4600
EPR-E,20120702,27.31,27.82,27.31,27.4,29400
EQM,20120702,23.91,24.54,23.7,24.3,199600
EQR,20120702,62.84,62.96,61.98,62.94,1870300
EQS,20120702,2.41,2.44,2.34,2.42,7000
EQT,20120702,54.16,54.16,52.78,53.79,2026800
ERF,20120702,12.8,12.94,12.66,12.84,1081400
ERJ,20120702,26.5,26.63,26.08,26.62,898300
ES,20120702,1.69,1.75,1.61,1.74,1766500
ESE,20120702,36.64,36.64,35.75,36.39,109100
ESL,20120702,62.46,64.08,62.46,64.05,211700
ESS,20120702,154.42,155.67,153.73,155.41,335100
ESV,20120702,47,47.37,46.23,47.07,2421800
ETB,20120702,13.42,13.48,13.34,13.41,73400
ETE,20120702,20.565,20.7,20.305,20.355,779300
ETG,20120702,13.27,13.39,13.23,13.38,187500
ETH,20120702,19.91,20.2,19.68,20.05,280200
ETJ,20120702,10.2,10.21,10.13,10.18,368400
ETM,20120702,6.02,6.21,5.97,6.2,69800
ETN,20120702,39.55,39.61,38.73,39.21,5470500
ETO,20120702,18.01,18.36,18.01,18.36,122800
ETP,20120702,44.21,44.5,43.96,44.4,1639400
ETR,20120702,68.15,68.65,67.84,68.58,819800
ETV,20120702,12.37,12.4,12.25,12.3,460100
ETW,20120702,10.44,10.46,10.38,10.42,703600
ETY,20120702,9.01,9.05,8.97,9.05,631000
EV,20120702,27.01,27.24,26.75,27.24,1052600
EVC,20120702,1.21,1.39,1.19,1.39,85300
EVER,20120702,11.2,11.68,11.08,11.35,619600
EVF,20120702,7.04,7.08,7,7.08,60100
EVG,20120702,16.76,16.77,16.55,16.58,36200
EVN,20120702,13.85,13.99,13.81,13.96,77100
EVR,20120702,23.48,24.11,23.16,24.1,299300
EVT,20120702,15.96,16.15,15.92,16.13,186500
EW,20120702,51.5,52.22,51.155,52.105,643900
EXC,20120702,37.63,37.84,37.5,37.69,4751700
EXD,20120702,17.69,17.69,17.46,17.52,46900
EXG,20120702,8.26,8.31,8.24,8.26,1300800
EXK,20120702,8.07,8.35,7.94,8.3,991500
EXP,20120702,37.38,38.62,37.3,38.51,959100
EXPR,20120702,18.16,18.41,18,18.41,795000
EXR,20120702,30.8,30.89,30.45,30.59,1427600
F,20120702,9.5,9.6,9.3,9.39,63406800
FAC,20120702,1.31,1.31,1.23,1.25,5500
FAF,20120702,17.01,17.17,16.93,17.1,490500
FAM,20120702,16.99,17.18,16.99,17.16,25500
FBC,20120702,8.4,8.4,8,8.1,555600
FBHS,20120702,22.42,23.55,22.32,23.37,2206300
FBP,20120702,3.93,4,3.83,4,309400
FBR,20120702,7.49,7.79,7.4,7.63,2882400
FC,20120702,10.23,10.39,10,10.39,35600
FCE.A,20120702,14.64,14.7,14.45,14.69,604600
FCE.B,20120702,14.52,14.52,14.52,14.52,0
FCF,20120702,6.74,6.8,6.66,6.79,349900
FCH,20120702,4.75,4.77,4.66,4.77,1082600
FCH-A,20120702,26.08,26.44,26.07,26.44,12700
FCN,20120702,28.82,29.2,28.44,29.19,601100
FCT,20120702,14.85,14.85,14.44,14.55,45800
FCX,20120702,34.02,34.24,33.3,33.88,12288400
FDP,20120702,23.45,23.81,23.31,23.75,195500
FDS,20120702,93.21,94.6,92.39,93.27,451000
FDX,20120702,91.59,91.87,89.55,91.54,1833800
FE,20120702,49.42,49.93,49.26,49.9,2242700
FENG,20120702,4.78,4.78,4.55,4.62,50300
FEO,20120702,19.28,19.69,19.28,19.46,41300
FET,20120702,19.69,19.81,19.45,19.66,218900
FF,20120702,10.51,10.57,10.4,10.56,58100
FFA,20120702,11.75,11.77,11.65,11.77,58700
FFC,20120702,18.6,18.75,18.58,18.73,96100
FFG,20120702,27.98,28.2,27.6,28.17,81800
FGB,20120702,7.43,7.6,7.35,7.37,36800
FGP,20120702,18.81,19.12,18.77,19.07,204100
FHN,20120702,8.7,8.74,8.52,8.72,4563700
FHY,20120702,16.93,17.18,16.85,17.09,69000
FICO,20120702,42.56,43.43,42.24,43.41,156700
FIF,20120702,20.92,20.96,20.6,20.7,50100
FIG,20120702,3.38,3.53,3.38,3.49,1898900
FII,20120702,21.89,22.12,21.24,22.06,1134700
FIS,20120702,34.11,34.48,33.87,34.46,2146700
FIX,20120702,10,10.43,9.96,10.4,161600
FL,20120702,30.45,31.01,30.45,30.74,1813500
FLC,20120702,19.51,19.51,19.1,19.43,105500
FLO,20120702,15.5133,15.6533,15.4533,15.6467,432900
FLR,20120702,49.49,49.68,48.75,49.17,1290500
FLS,20120702,38.32,38.57,37.84,38.43,444500
FLT,20120702,35.24,35.24,34.68,34.95,394100
FLY,20120702,12.26,12.7,12.25,12.67,37400
FMC,20120702,53.58,53.7,52.52,53.59,755500
FMN,20120702,16.52,16.58,16.44,16.58,10300
FMO,20120702,22.04,22.6,22.04,22.38,43400
FMS,20120702,35.355,35.485,35.125,35.485,32900
FMX,20120702,89.99,90.88,89.29,90.61,742600
FMY,20120702,19.79,19.82,19.67,19.8,37800
FN,20120702,12.57,12.85,12.1,12.22,144700
FNB,20120702,10.93,11.13,10.9,11.13,747000
FNF,20120702,19.3,19.35,19.1,19.34,1503500
FNV,20120702,45.25,45.92,45.04,45.68,92400
FOE,20120702,4.81,4.83,4.67,4.8,801300
FOF,20120702,12.2,12.3,12.15,12.24,70400
FOR,20120702,12.88,12.89,12.25,12.5,101000
FPO,20120702,11.86,11.98,11.67,11.98,258700
FPT,20120702,15.13,15.18,15.04,15.14,11100
FR,20120702,12.72,12.91,12.55,12.91,466000
FRA,20120702,14.33,14.55,14.31,14.5,94800
FRC,20120702,33.76,34,33.14,33.49,925800
FRC-B,20120702,25.5,25.64,25.43,25.59,89900
FRO,20120702,22.65,22.9,21.5,22.05,794800
FRT,20120702,104.33,105.23,103.94,105.15,434800
FSD,20120702,17.79,17.88,17.67,17.88,76100
FSM,20120702,3.46,3.49,3.41,3.44,64200
FSS,20120702,5.84,6.04,5.74,6.04,299700
FT,20120702,7.14,7.15,7.06,7.13,70700
FTI,20120702,39.28,40.18,39.04,40.16,3118700
FTK,20120702,9.4,9.45,9.15,9.33,635100
FUL,20120702,30.73,30.88,30.18,30.62,318800
FUN,20120702,30.02,30.32,29.84,30.11,208400
G,20120702,16.62,16.76,16.35,16.74,412300
GAB,20120702,5.38,5.47,5.37,5.47,388800
GAB-D,20120702,25.72,25.86,25.72,25.76,2500
GAM,20120702,27.26,27.39,27.12,27.37,21600
GAM-B,20120702,25.75,25.8,25.67,25.68,4300
GBAB,20120702,23.09,23.31,23,23.31,41500
GBL,20120702,44.33,45.27,44.33,45.1,16200
GBX,20120702,16.93,17.58,15.6,15.83,958400
GCAP,20120702,5.02,5.32,5.02,5.29,56000
GCH,20120702,10.7,10.78,10.58,10.66,21800
GCI,20120702,14.96,15.01,14.54,14.85,2803100
GCO,20120702,60.05,60.13,58.13,59,388400
GCV,20120702,5.6,5.63,5.47,5.54,7600
GCV-B,20120702,25.72,25.73,25.72,25.73,1500
GD,20120702,66.09,66.54,65.49,66.06,2001000
GDI,20120702,52.89,53.07,51.29,52.21,520300
GDL,20120702,11.91,11.97,11.91,11.94,7000
GDL-B,20120702,50.23,50.23,50.17,50.17,400
GDO,20120702,19.07,19.22,19.02,19.22,61300
GDOT,20120702,22.61,24.35,22.27,24.25,986600
GDV,20120702,15.5,15.66,15.5,15.65,167600
GDV-A,20120702,25.68,25.73,25.67,25.68,1500
GDV-D,20120702,26.84,26.84,26.84,26.84,100
GE,20120702,20.74,20.82,20.28,20.49,61728000
GEF,20120702,41.23,41.7,40.76,41.2,335100
GEF.B,20120702,45.4,46.5,45.4,46.05,6000
GEL,20120702,29.05,29.28,28.82,29.24,283700
GEN,20120702,1.73,1.75,1.69,1.74,4241500
GEO,20120702,15.1333,15.1867,14.94,15.14,691800
GER,20120702,26.17,26.43,26.17,26.42,28000
GES,20120702,30.31,30.31,29.59,29.92,1420300
GF,20120702,13.61,13.67,13.54,13.67,12100
GFA,20120702,2.53,2.58,2.48,2.49,1223200
GFF,20120702,8.59,8.62,8.39,8.58,192400
GFI,20120702,12.64,12.73,12.39,12.6,3704000
GFY,20120702,16.75,16.78,16.62,16.77,23900
GG,20120702,37.46,37.8,36.95,37.34,3367200
GGB,20120702,8.84,8.92,8.75,8.92,6692500
GGG,20120702,46.03,46.28,44.98,45.45,424500
GGP,20120702,18.15,18.41,18.07,18.36,7079100
GGT,20120702,6.98,6.99,6.9,6.99,33700
GGT-B,20120702,25.71,25.71,25.71,25.71,0
GHL,20120702,35.72,35.74,34.81,35.72,267300
GIB,20120702,23.98,24,23.78,23.99,52000
GIL,20120702,13.76,13.815,13.365,13.525,476500
GIM,20120702,9.25,9.25,9.12,9.17,214500
GIS,20120702,38.41,39,38.27,38.98,4636400
GJH,20120702,10.16,10.16,10.16,10.16,0
GJO,20120702,19.1,19.1,19.1,19.1,800
GJP,20120702,23.97,23.97,23.97,23.97,0
GJR,20120702,17.48,17.48,17.48,17.48,0
GJS,20120702,14.02,14.35,14.02,14.35,1000
GJT,20120702,15.22,15.22,15.22,15.22,0
GJV,20120702,25.68,25.68,25.68,25.68,100
GLOG,20120702,10.18,10.33,10.15,10.23,136800
GLP,20120702,22.9,23.32,22.62,22.96,33900
GLT,20120702,16.37,16.45,16.14,16.25,272900
GLW,20120702,12.92,12.93,12.77,12.91,8171600
GM,20120702,19.7,19.74,19.3,19.57,6310700
GM.B,20120702,6.7,6.79,6.51,6.7,66500
GME,20120702,18.44,18.49,17.86,17.98,2081100
GNC,20120702,39.34,41.63,39.34,41.08,4201600
GNE,20120702,7.8,8,7.65,7.99,67200
GNK,20120702,30.5,30.5,29.4,29.9,322200
GNRC,20120702,18.5,20.81,18.35,20.77,1124300
GNT,20120702,14.74,14.76,14.59,14.59,22600
GNW,20120702,5.74,5.79,5.61,5.71,5416700
GOF,20120702,21.14,21.14,20.87,21.09,30600
GOL,20120702,22.45,22.75,22.25,22.35,465000
GPC,20120702,60.52,60.66,59.42,60.17,988400
GPE-A,20120702,27.85,28.09,27.85,28.05,1000
GPI,20120702,45.68,46.26,44.98,46.26,303600
GPK,20120702,5.52,5.6,5.42,5.59,840000
GPM,20120702,9.19,9.39,9.19,9.39,64700
GPN,20120702,21.705,21.89,21.445,21.735,517300
GPS,20120702,27.53,27.68,26.96,27.52,4244700
GPX,20120702,18.6,18.81,18.19,18.77,75300
GRA,20120702,50.83,50.9,49.06,49.9,680100
GRR,20120702,12.98,12.98,12.83,12.83,11000
GRX,20120702,8.34,8.47,8.34,8.45,9000
GRX-A,20120702,27.65,27.95,27.62,27.9,2100
GS,20120702,96.56,97.3,95.59,97.13,3515800
GS-A,20120702,18.07,18.55,18.07,18.47,81200
GS-B,20120702,25.04,25.25,25.04,25.18,83000
GS-C,20120702,19.65,20.03,19.61,19.97,15600
GS-D,20120702,18.64,19.16,18.64,19.12,124500
GSH,20120702,15,15.06,14.88,14.88,16500
GSK,20120702,45.62,46.4,45.53,46.36,2996500
GSL,20120702,3.2,3.27,3.12,3.24,30400
GTN,20120702,1.48,1.52,1.46,1.48,55800
GTN.A,20120702,1.34,1.34,1.34,1.34,0
GTS,20120702,18.36,18.36,17.8,18.14,65300
GTY,20120702,19.28,19.5,19.06,19.48,170400
GUT,20120702,8.04,8.08,8.01,8.08,28700
GUT-A,20120702,26.87,26.87,26.87,26.87,0
GVA,20120702,26.25,26.25,25.38,25.8,297200
GWR,20120702,52.93,53.33,52.4,53.27,251400
GWRE,20120702,28.25,28.49,27.62,28.15,202700
GWW,20120702,190.69,191.6,187.07,190.1,464200
GXP,20120702,21.46,21.66,21.42,21.66,771400
GYB,20120702,17.82,17.93,17.46,17.93,2900
GYC,20120702,22.71,22.71,22.71,22.71,0
GZT,20120702,9.8,9.89,9.5,9.6,59800
H,20120702,37.13,37.37,36.7,37.05,197100
HAE,20120702,37.115,37.18,36.22,36.865,223300
HAL,20120702,28.46,28.86,28.29,28.6,14043400
HBI,20120702,7.0025,7.0225,6.935,7.0225,699200
HBM,20120702,7.8,7.86,7.69,7.8,4200
HCA,20120702,30.44,30.5,28.99,29.99,3461300
HCC,20120702,31.48,31.81,31.42,31.8,379200
HCN,20120702,58.52,59.19,58.28,59.07,1832200
HCN-I,20120702,54.1,54.62,54.1,54.49,60900
HCP,20120702,44.61,44.7,43.89,44.55,2920300
HD,20120702,52.96,53.24,52.51,53.01,9744900
HDB,20120702,32.67,33.02,32.46,33.02,501200
HE,20120702,28.64,28.93,28.55,28.84,350600
HE-U,20120702,27.05,27.05,27.05,27.05,100
HEI,20120702,25.3696,25.4208,24.928,25.2544,221800
HEI.A,20120702,20.7744,20.8576,20.4352,20.4352,16100
HEP,20120702,28.595,28.995,28.555,28.86,48600
HEQ,20120702,15.8,15.89,15.76,15.89,71100
HES,20120702,43.14,43.84,42.63,43.46,3589100
HF,20120702,13.92,13.95,13.45,13.82,114700
HFC,20120702,35.94,36,35.16,35.69,3599300
HGH,20120702,26.97,27.22,26.75,27.15,43100
HGT,20120702,7.9,7.9,7.38,7.5,245600
HHC,20120702,62,62.22,61.65,62.17,213400
HHS,20120702,9.14,9.58,9.09,9.58,107700
HI,20120702,18.4,18.4,18.09,18.19,299500
HIG,20120702,17.7,17.84,17.25,17.45,4632700
HIG.W,20120702,10.15,10.3,9.83,10.02,17300
HII,20120702,40.33,40.7,39.86,40.08,213500
HIL,20120702,3.25,3.34,3.17,3.34,37200
HIO,20120702,6.45,6.52,6.4,6.52,251600
HIW,20120702,33.82,34.1,33.59,34.1,887000
HIX,20120702,10.02,10.11,9.98,10.06,202200
HJV,20120702,21.4,21.4,21.04,21.07,9400
HK,20120702,9.54,9.7,9.15,9.3,1502600
HL,20120702,4.74,4.84,4.72,4.79,3576200
HL-B,20120702,57.71,57.71,57.71,57.71,0
HLF,20120702,48.37,49.41,48.1,49.4,1507700
HLS,20120702,23.3,23.49,23.13,23.35,704100
HLX,20120702,16.49,16.84,16.45,16.84,918400
HMC,20120702,34.47,34.54,34.05,34.27,618200
HMN,20120702,17.56,17.69,17.21,17.69,126500
HMY,20120702,9.24,9.28,9.18,9.22,1146800
HNI,20120702,25.76,26.54,25.76,26.53,241900
HNP,20120702,29.61,29.97,29.53,29.96,246500
HNR,20120702,34.4,34.52,33.64,34.16,736000
HOG,20120702,46.12,46.66,45.36,45.81,2853400
HON,20120702,55.94,56.19,54.63,55.16,4295200
HOS,20120702,38.72,39.18,37.99,39.17,747700
HOV,20120702,2.93,2.95,2.73,2.83,6759200
HP,20120702,43.24,43.64,42.56,43.23,1572900
HPF,20120702,22,22.28,21.97,22.04,51500
HPI,20120702,22.96,23.09,22.86,22.98,25300
HPP,20120702,17.42,17.54,17.31,17.49,204000
HPQ,20120702,9.1409,9.2,9.0318,9.1636,14849200
HPS,20120702,19.05,19.37,18.97,19.1,105600
HQH,20120702,17.25,17.57,17.25,17.46,166800
HQL,20120702,14.81,15.06,14.81,14.98,60000
HR,20120702,23.86,24.2,23.79,24.03,916700
HRB,20120702,16.08,16.08,15.87,15.99,4779300
HRC,20120702,30.89,31.26,30.66,31.15,335500
HRG,20120702,7.86,8.04,7.8,8.02,303700
HRL,20120702,15.16,15.34,15.09,15.34,1080600
HRS,20120702,41.5,41.83,41.39,41.57,856700
HSC,20120702,20.43,20.78,20.12,20.5,520100
HST,20120702,15.94,15.95,15.62,15.91,6055100
HSY,20120702,71.97,72.3,71.5,72.09,1191900
HT,20120702,5.28,5.31,5.2,5.3,1059600
HTA,20120702,19.8,19.86,19.74,19.86,256200
HTD,20120702,18.33,18.38,18.26,18.38,104300
HTF,20120702,25.15,25.3,25.01,25.12,1100
HTGC,20120702,11.32,11.57,11.26,11.57,206200
HTH,20120702,10.29,10.47,10.24,10.46,117400
HTY,20120702,11.88,12.04,11.73,11.99,16600
HTZ,20120702,51.2,51.68,50.2,51.24,4627200
HUM,20120702,77.69,78.2,76.19,76.98,2621200
HUN,20120702,12.99,13,12.32,12.57,5377800
HVT,20120702,11.29,11.83,11.17,11.81,35000
HVT.A,20120702,11.4,11.6,11.4,11.6,300
HW,20120702,5.14,5.19,5.01,5.17,1646400
HXL,20120702,25.77,26.14,25.6,26.14,758300
HYB,20120702,10.21,10.29,10.2,10.29,78200
HYH,20120702,25.57,25.68,25.55,25.68,800
HYI,20120702,18.86,18.86,18.74,18.8,40900
HYT,20120702,12.39,12.51,12.39,12.51,103200
HZO,20120702,9.57,9.63,9.46,9.63,82900
IAE,20120702,15.13,15.8,15.02,15.45,54600
IAG,20120702,11.78,11.94,11.7,11.86,2102000
IBA,20120702,22.01,22.04,21.32,21.98,21400
IBM,20120702,196.36,197.2,194.85,195.83,2831600
IBN,20120702,6.47,6.518,6.414,6.482,1565200
ICB,20120702,18.16,18.25,18.05,18.14,13400
ICE,20120702,28.354,28.354,26.374,27.164,632800
IDA,20120702,42.23,42.72,42.15,42.72,202300
IDE,20120702,16.04,16.5,16.04,16.5,86000
IDT,20120702,9.83,10.07,9.73,10.05,180600
IEX,20120702,39.07,39.4,38.33,38.77,313800
IFF,20120702,54.57,55.03,54.21,54.34,725100
IFN,20120702,20.29,20.37,20.19,20.35,251800
IGA,20120702,11.04,11.04,10.94,11.04,85600
IGD,20120702,8.8,8.8,8.71,8.8,364800
IGI,20120702,22.61,22.73,22.57,22.58,33900
IGR,20120702,7.9,8.07,7.89,8.07,381300
IGT,20120702,16.07,16.07,15.53,15.63,3705300
IHC,20120702,9.73,10,9.51,10,14900
IHD,20120702,14.2,14.2,13.93,14.19,51700
IHG,20120702,29.04,29.496,28.92,29.496,563300
IID,20120702,9.35,9.47,9.3,9.42,42000
IIF,20120702,15.46,15.47,15.28,15.39,244700
IIM,20120702,16.82,16.97,16.82,16.96,23100
IMAX,20120702,24.39,25.12,23.62,23.89,1635900
INB,20120702,10.09,10.18,10,10.18,115800
INF,20120702,18.85,18.85,18.47,18.8,44900
ING,20120702,6.62,6.67,6.55,6.67,2069000
INGR,20120702,49.55,49.73,49.22,49.63,290800
INN,20120702,8.37,8.55,8.29,8.54,102900
INT,20120702,38.04,38.14,37.71,38.13,450600
INVN,20120702,11.35,11.4,10.8,10.98,1317400
INXN,20120702,18.09,18.42,17.97,18.32,113100
IO,20120702,99,99.75,95.7,99.6,1067900
IP,20120702,28.91,29.04,28.34,28.96,3641700
IPG,20120702,10.88,11.04,10.82,11.04,5641200
IPHI,20120702,9.51,9.51,8.8,9.2,149500
IPI,20120702,22.76,22.92,22.34,22.57,462300
IQI,20120702,14.36,14.51,14.36,14.49,57300
IR,20120702,42.38,42.58,41.64,42.41,2204500
IRL,20120702,7.33,7.42,7.33,7.4,6900
IRM,20120702,32.9,32.99,32.52,32.55,1243400
IRR,20120702,10.81,10.81,10.73,10.78,74900
IRS,20120702,6.7,7.16,6.62,7.16,15700
ISD,20120702,19.78,19.87,19.71,19.82,49400
ISF,20120702,20.95,21.32,20.9,21.28,118100
ISG,20120702,20.36,20.68,20.31,20.68,71500
ISP,20120702,20.75,20.96,20.46,20.96,39200
IT,20120702,43.36,45.09,43.36,45.02,902100
ITG,20120702,9.19,9.26,8.97,9.26,184300
ITT,20120702,17.88,17.91,17.57,17.88,1320800
ITUB,20120702,14.04,14.19,13.89,14.18,10154200
ITW,20120702,52.46,53.1,51.72,52.06,4031700
IVC,20120702,15.4,15.66,15.24,15.65,142100
IVR,20120702,18.47,18.73,18.36,18.73,1644000
IVZ,20120702,22.62,22.73,22.35,22.56,3321200
IX,20120702,46.62,46.81,46.56,46.81,3400
JAG,20120702,1.18,1.19,1.14,1.15,792500
JBK,20120702,22.48,22.48,22.45,22.46,800
JBL,20120702,20.33,20.38,19.79,20.04,2436100
JBN,20120702,23.08,23.3,23.01,23.25,5700
JBR,20120702,23.54,23.54,23.54,23.54,0
JBT,20120702,13.58,13.58,13.26,13.46,127100
JCE,20120702,13.41,13.82,13.25,13.4,56500
JCI,20120702,27.75,27.75,26.79,27.04,3510200
JCP,20120702,23.18,23.25,22.48,22.72,6687900
JDD,20120702,11.37,11.59,11.35,11.59,59900
JE,20120702,11.08,11.3,11.08,11.25,23800
JEC,20120702,37.93,38.11,37.4,37.65,773200
JEQ,20120702,5.19,5.24,5.18,5.24,17000
JFC,20120702,12.09,12.13,12.02,12.05,2800
JFR,20120702,11.71,11.79,11.65,11.74,98600
JHI,20120702,24.23,24.24,24.15,24.2,10900
JHS,20120702,15.57,15.57,15.42,15.44,28400
JHX,20120702,41.53,42.21,40.15,40.45,10800
JKS,20120702,3.47,3.55,3.36,3.42,92000
JLL,20120702,70.5,70.96,68.92,69.82,237800
JLS,20120702,24.42,24.83,24.4,24.45,152100
JMF,20120702,17.9,18.2,17.9,18.1,51900
JMP,20120702,6.21,6.21,5.97,6.16,40200
JMT,20120702,24.29,24.89,24.29,24.62,28200
JNJ,20120702,67.42,68,67.34,68,12553300
JNPR,20120702,16.24,16.25,15.75,15.85,4341300
JNS,20120702,7.86,7.93,7.76,7.87,1799400
JOE,20120702,15.88,16,15.65,15.93,198200
JOF,20120702,7.39,7.43,7.36,7.41,97000
JPC,20120702,9.08,9.12,9.06,9.12,258000
JPM,20120702,36.27,36.36,35.59,36.28,34281500
JPM-B,20120702,25.08,25.1,25.08,25.1,117000
JPM.W,20120702,9.95,10.12,9.77,10,46700
JPS,20120702,9.14,9.14,9.02,9.04,309900
JQC,20120702,9.17,9.2,9.11,9.18,566300
JRI,20120702,18.25,18.62,18.25,18.5,14400
JRO,20120702,11.89,11.94,11.83,11.91,65800
JSD,20120702,19.12,19.23,19.03,19.06,18600
JTA,20120702,10.32,10.38,10.1,10.21,91000
JTD,20120702,13.49,13.5,13.28,13.46,36300
JW.A,20120702,48.58,49.05,48,48.99,186800
JW.B,20120702,48.19,49.04,48.19,49.04,1800
JWN,20120702,49.93,50.54,49.5,50.48,1929800
K,20120702,49.16,49.52,48.98,49.45,1610100
KAI,20120702,23.61,23.61,22.8,23.39,40100
KAMN,20120702,31.11,31.52,30.26,31.5,63200
KAR,20120702,17.04,17.35,16.85,17.3,174300
KB,20120702,32.42,32.57,32.25,32.39,53000
KBH,20120702,9.66,9.82,9.49,9.67,8262100
KBR,20120702,24.71,24.96,24.33,24.71,1691100
KCG,20120702,11.92,11.93,11.7,11.89,687400
KED,20120702,24.74,25.19,24.65,24.91,57600
KEF,20120702,9.22,9.22,9,9,46300
KEG,20120702,7.64,7.64,7.16,7.2,4681600
KEM,20120702,6.06,6.21,5.96,6.11,366000
KEP,20120702,11.13,11.23,11.11,11.23,676800
KEX,20120702,48.98,48.98,46.35,46.96,771800
KEY,20120702,7.8,7.8,7.6,7.72,12234300
KF,20120702,36.6,37.19,36.6,37,7500
KFS,20120702,0.6,0.6,0.6,0.6,0
KFY,20120702,14.38,14.48,14.11,14.48,274600
KGC,20120702,8.14,8.41,8.08,8.39,6255300
KIM,20120702,18.77,18.98,18.62,18.98,2581000
KIM-I,20120702,25.25,25.5,25.19,25.36,73700
KKR,20120702,13.09,13.43,13.03,13.15,1706700
KMB,20120702,80.0096,80.441,79.6261,80.441,1916900
KMF,20120702,26.65,27.03,26.65,26.81,66700
KMG,20120702,19.25,19.57,19.01,19.57,24200
KMI,20120702,32.41,32.75,32.03,32.74,4980200
KMI.W,20120702,2.23,2.25,2.17,2.21,1744600
KMM,20120702,10.64,10.75,10.64,10.75,33500
KMPR,20120702,30.77,31,30.46,30.85,102300
KMT,20120702,33.11,33.2,32.06,32.21,806700
KMX,20120702,26.05,26.19,25.79,26.1,2921800
KND,20120702,9.88,10,9.79,10,408600
KNL,20120702,13.49,13.72,13.28,13.53,390800
KNX,20120702,16.15,16.17,15.76,15.99,696800
KO,20120702,39.05,39.5,39.005,39.46,6676000
KOF,20120702,130.52,132.01,128.36,131.93,124800
KOP,20120702,34.04,34.44,33.26,34.22,73100
KORS,20120702,42.03,43.17,41.72,42.89,2351200
KOS,20120702,11.06,11.08,10.75,10.93,474900
KR,20120702,11.55,11.59,11.3,11.405,7358100
KRA,20120702,21.86,23.02,21.73,22.11,509100
KRC,20120702,48.45,48.89,48.37,48.77,943900
KRG,20120702,20.16,20.36,20,20.32,247600
KRO,20120702,15.9,16.09,14.86,15.24,1386900
KS,20120702,7.95,7.95,7.525,7.745,304300
KSM,20120702,15.4,15.5,15.35,15.45,25500
KSS,20120702,45.7,45.72,45.05,45.38,3016200
KST,20120702,14.39,14.59,14.37,14.59,17400
KSU,20120702,69.87,69.91,68.01,68.59,941800
KSU.P,20120702,25.56,25.9,25.56,25.9,400
KT,20120702,13.26,13.47,13.21,13.45,544800
KTF,20120702,14.46,14.65,14.46,14.62,181500
KTH,20120702,32.23,32.25,32.23,32.25,600
KTN,20120702,28.77,28.83,28.66,28.66,1100
KTP,20120702,22.06,22.38,22.06,22.32,27600
KW,20120702,14.02,14.23,13.94,14.19,105400
KWR,20120702,46.14,47.41,45.39,47.33,61100
KYE,20120702,25.88,26.14,25.53,25.68,92300
KYN,20120702,30.39,30.61,30.22,30.3,156100
KYO,20120702,43.14,43.14,42.92,43.05,1400
L,20120702,40.93,41.25,40.73,41.01,1156000
LAD,20120702,23.18,23.18,22.08,22.75,419200
LAZ,20120702,26.29,26.86,26.07,26.83,1103900
LBF,20120702,8.28,8.35,8.26,8.35,5700
LCM,20120702,9.32,9.39,9.28,9.37,32300
LDF,20120702,14.31,14.55,14.27,14.42,39900
LDL,20120702,13.44,13.72,12.94,13.7,56800
LDR,20120702,57.09,58.88,57.08,58.87,36300
LEA,20120702,37.94,37.98,37.16,37.41,599500
LEE,20120702,1.65,1.66,1.61,1.63,347600
LEG,20120702,21.19,21.37,20.86,21.04,1747800
LEN,20120702,31.14,31.2,30.26,31.1,6304200
LEN.B,20120702,24.24,24.44,23.66,24.44,69900
LEO,20120702,9.45,9.5,9.38,9.45,128700
LFC,20120702,13.11,13.15,12.9667,13.1133,257600
LFL,20120702,26.14,26.42,25.59,25.75,446400
LGI,20120702,14.23,14.28,14.15,14.28,18200
LH,20120702,93.6,94.46,91.86,92.23,952900
LHO,20120702,29.3,29.4,28.92,29.35,944700
LII,20120702,46.67,46.76,45.56,46.21,577300
LL,20120702,33.01,34.56,33.01,34.42,1105500
LLL,20120702,74.08,74.33,73.2,74.05,504000
LLY,20120702,43.06,43.22,42.87,42.99,4710500
LM,20120702,26.4,26.75,26.4,26.64,1216200
LMT,20120702,87.32,87.65,86.51,87.16,1088200
LNC,20120702,21.73,21.89,21.08,21.42,3227500
LNC.W,20120702,13.72,13.87,13.35,13.49,500
LNN,20120702,65.31,65.96,64.51,65.95,248600
LNT,20120702,22.685,23.13,22.685,23.125,423300
LOR,20120702,11.24,11.38,11.23,11.35,22500
LOW,20120702,28.46,28.63,27.9,28.62,9952700
LPI,20120702,20.65,21.16,20.44,21.1,265800
LPL,20120702,9.5,9.5,9.43,9.45,398400
LPX,20120702,10.88,10.97,10.75,10.95,2871600
LRN,20120702,23.63,24.03,23.23,23.79,299100
LSI,20120702,6.44,6.55,6.3,6.39,6874600
LTC,20120702,36.33,37.35,36.21,37.2,215200
LTM,20120702,46.73,47.9,46.51,47.82,447900
LUB,20120702,6.66,6.83,6.58,6.81,83800
LUK,20120702,21.33,21.58,21,21.53,1066400
LUV,20120702,9.3,9.35,9.07,9.31,11771800
LUX,20120702,34.91,35.12,34.72,35.06,80800
LVLT,20120702,22.14,22.25,21.31,21.62,1899700
LVS,20120702,43.26,43.83,42.82,42.97,7603100
LXP,20120702,8.52,8.67,8.44,8.67,925900
LXP-C,20120702,44.75,45.38,44.5,45.38,5300
LXU,20120702,30.83,31.14,29.89,30.85,140100
LYB,20120702,40.59,41.86,40.35,40.85,3164800
LYG,20120702,1.95,1.96,1.93,1.94,2531500
LYV,20120702,9.2,9.57,9.17,9.56,1068100
LZB,20120702,12.32,12.45,12.05,12.33,491800
M,20120702,34.45,34.54,33.84,33.89,4802700
MA,20120702,43.507,43.993,43.016,43.99,618300
MAA,20120702,68.7,69.18,67.88,68.98,316700
MAC,20120702,59.26,59.6,58.95,59.54,742200
MAIN,20120702,24.28,24.9,24.22,24.9,251300
MAN,20120702,36.78,36.99,35.96,36.39,659100
MAS,20120702,13.87,14.25,13.68,14.17,5913100
MATX,20120702,27.74,30.3,26.91,27.83,339300
MAV,20120702,15.08,15.23,15.07,15.23,75400
MBI,20120702,10.84,10.93,10.67,10.91,1872700
MBT,20120702,17.4,17.49,17.19,17.45,2373600
MCA,20120702,15.64,15.77,15.62,15.7,63400
MCC,20120702,12.08,12.15,11.84,12.13,129300
MCD,20120702,88.41,88.41,87.65,88.08,5088400
MCI,20120702,15.24,15.44,15.1,15.2,7100
MCK,20120702,94,95.29,93.75,95.03,1345600
MCN,20120702,7.6,7.65,7.6,7.65,66700
MCO,20120702,36.54,36.89,36.08,36.57,1211200
MCR,20120702,9.83,9.85,9.79,9.84,101100
MCS,20120702,13.7,13.79,13.42,13.75,43600
MCY,20120702,41.91,42.32,41.46,41.74,249700
MD,20120702,34.415,34.56,33.99,34.13,316900
MDC,20120702,32.71,33.03,32.36,32.79,915700
MDP,20120702,32,32.7,31.84,32.5,313300
MDR,20120702,11.09,11.27,10.92,11.15,2496600
MDT,20120702,38.75,39.17,38.59,39.17,4133000
MDU,20120702,21.77,21.95,21.66,21.88,1192600
MED,20120702,19.68,20.34,19.68,20.24,192600
MEI,20120702,8.52,8.64,8.3,8.64,96400
MEN,20120702,11.92,12.04,11.91,12.02,129700
MER-K,20120702,24.61,24.73,24.61,24.65,94900
MER-P,20120702,25.23,25.24,25.17,25.21,26000
MET,20120702,31.31,31.31,30.27,30.66,5034800
MET-A,20120702,24.77,24.91,24.77,24.9,36900
MFA,20120702,7.94,7.99,7.9,7.99,4137200
MFC,20120702,10.93,10.99,10.77,10.92,1215000
MFD,20120702,14.82,15.38,14.82,15.19,41100
MFG,20120702,3.33,3.35,3.31,3.35,340700
MFL,20120702,15.42,15.64,15.42,15.63,85400
MFM,20120702,7.82,7.99,7.75,7.85,127900
MFO,20120702,25.48,25.64,25.43,25.64,19300
MFT,20120702,14.95,15.06,14.92,15.04,13500
MFV,20120702,7.07,7.1,7,7.08,18500
MG,20120702,26.43,26.6,25.81,26.57,184600
MGA,20120702,19.82,19.82,19.44,19.665,607600
MGF,20120702,6.93,6.94,6.92,6.94,44500
MGM,20120702,11.05,11.33,11.01,11.05,5231800
MGU,20120702,17.39,17.76,17.39,17.7,80400
MHD,20120702,17.84,18.18,17.84,18.18,46000
MHF,20120702,8.1,8.17,8.05,8.12,43800
MHI,20120702,15.6,15.7,15.6,15.67,63300
MHK,20120702,69.71,70.38,69.32,70.05,611800
MHN,20120702,15.61,15.81,15.57,15.57,76000
MHNB,20120702,25.59,25.7,25.55,25.55,15900
MHO,20120702,17.34,18.04,17.12,17.97,220300
MHO-A,20120702,17.78,17.8,17.15,17.25,7000
MIC,20120702,33.23,34.25,33.08,34.22,183500
MIN,20120702,6.55,6.55,6.41,6.44,180600
MITT,20120702,21.42,21.54,21.2,21.53,137900
MIY,20120702,15.37,15.44,15.35,15.42,30700
MJN,20120702,80.3,81,78.83,80.83,3033500
MKC,20120702,60.69,61.2,60.43,60.95,805300
MKC.V,20120702,60.67,60.67,60.42,60.67,300
MKL,20120702,440.73,443.98,432,443.75,24600
MLI,20120702,21.225,21.425,20.93,21.375,134000
MLM,20120702,79.45,79.45,77.86,78.7,408500
MLP,20120702,3.8,3.84,3.69,3.81,5100
MLR,20120702,15.92,16.42,15.57,16.36,32500
MMC,20120702,32.47,32.62,32.28,32.47,2773100
MMD,20120702,20.13,20.3,20.05,20.2,42500
MMM,20120702,89.29,89.69,88.28,89.28,2291000
MMP,20120702,35.165,36.175,35.08,35.875,375100
MMS,20120702,25.915,26.4,25.63,26.34,533900
MMT,20120702,7.1,7.14,7.1,7.14,198300
MMU,20120702,14.86,14.99,14.83,14.93,93000
MN,20120702,14.31,14.31,13.65,14.12,55700
MNE,20120702,15.02,15.13,15.02,15.1,9000
MNI,20120702,22,22.2,21.3,22.2,201100
MNP,20120702,16.92,17.24,16.92,17.07,28800
MNR,20120702,11.7,11.85,11.55,11.84,145600
MNR-B,20120702,26.43,26.92,26.43,26.65,3000
MO,20120702,34.57,34.96,34.5,34.96,8387200
MOD,20120702,6.99,7.05,6.8,6.9,246300
MOG.A,20120702,41.36,41.37,40.04,40.75,136600
MOG.B,20120702,40.8,40.8,40.32,40.32,300
MOH,20120702,23.3,23.38,22.29,23.13,955000
MON,20120702,82.98,83.87,82.41,83.48,4556500
MOS,20120702,54.94,55.45,54.35,54.88,3453500
MOV,20120702,25.09,25.4,24.77,25.34,191000
MP-D,20120702,27.1,27.1,27.1,27.1,1000
MPA,20120702,15.68,15.68,15.65,15.65,7600
MPC,20120702,22.8,23.26,22.44,23.035,3695200
MPO,20120702,9.72,9.95,9.58,9.95,88000
MPV,20120702,14.4,14.44,14.06,14.06,14600
MPW,20120702,9.63,9.7,9.54,9.68,1079600
MPX,20120702,6.18,6.19,6,6.1,54800
MQT,20120702,14.06,14.16,14.05,14.16,100600
MQY,20120702,16.46,16.59,16.45,16.59,37900
MRC,20120702,21.34,21.9,21.18,21.57,237600
MRK,20120702,41.25,41.85,41.23,41.85,14339300
MRO,20120702,25.56,25.65,25.14,25.3,6284100
MS,20120702,14.61,14.98,14.51,14.94,25582400
MS-A,20120702,16.83,16.97,16.65,16.89,61200
MSA,20120702,40.32,40.61,40.05,40.1,157200
MSB,20120702,27.38,27.47,26.75,27.4,67600
MSCI,20120702,34.05,34.33,33.9,34.28,809200
MSD,20120702,11.12,11.14,11.06,11.08,35100
MSF,20120702,14,14.1,13.98,14.03,112800
MSI,20120702,47.89,48.24,47.2,47.35,2090600
MSM,20120702,65.49,66.12,64.3,64.74,762900
MSP,20120702,11.07,11.12,11.06,11.08,8500
MT,20120702,46.23,46.23,45.3,46.23,7421500
MTB,20120702,83.04,83.53,82.4,83.44,419700
MTD,20120702,156.8,157.41,154.2,157.18,217100
MTDR,20120702,10.65,11.01,10.46,11.01,133500
MTG,20120702,2.9,2.98,2.88,2.95,4413400
MTH,20120702,34.09,34.61,33.64,34.61,729600
MTL,20120702,12.88,12.96,12.5,12.86,1810400
MTL.P,20120702,2.55,2.59,2.43,2.55,67900
MTN,20120702,50.03,50.92,49.35,50.89,482100
MTOR,20120702,5.25,5.27,5.1,5.22,955600
MTR,20120702,34.12,34.12,27.44,30.2,25900
MTRN,20120702,23.04,23.04,22.36,22.55,81300
MTT,20120702,23.91,24.16,23.86,24.14,29200
MTU,20120702,4.76,4.77,4.72,4.75,580700
MTW,20120702,11.69,11.69,11.15,11.23,2109200
MTX,20120702,32.03,32.1,31.425,32.05,81500
MTZ,20120702,15.07,15.8,15.04,15.6,1318300
MUA,20120702,13.5,13.56,13.44,13.56,71400
MUC,20120702,16.04,16.09,15.99,16.07,94300
MUE,20120702,14.93,15.14,14.93,15.1,65100
MUH,20120702,16.83,17,16.81,17,38600
MUI,20120702,16.43,16.55,16.41,16.54,59300
MUJ,20120702,15.62,15.85,15.62,15.81,54400
MUR,20120702,50.25,50.39,49.27,50.36,1927000
MUS,20120702,14.94,15.08,14.85,15.08,34300
MUSA,20120702,15.93,16.19,15.79,16.19,135600
MUX,20120702,2.99,3.05,2.87,2.93,1746400
MVC,20120702,12.95,13,12.72,12.82,63000
MVO,20120702,33.7,34.46,33.61,34.37,46800
MVT,20120702,17.12,17.35,17.08,17.35,30000
MWA,20120702,3.46,3.62,3.42,3.62,1274400
MX,20120702,9.55,9.72,9.43,9.72,77800
MXE,20120702,11.62,11.73,11.62,11.73,4600
MXF,20120702,24.95,25.1,24.94,25.1,29000
MXL,20120702,4.94,5.07,4.94,5.07,176000
MYC,20120702,16.22,16.35,16.21,16.27,54300
MYD,20120702,16.08,16.31,16.06,16.27,136400
MYE,20120702,17.21,17.32,16.99,17.27,228700
MYF,20120702,16.55,16.58,16.39,16.47,29900
MYI,20120702,15.01,15.07,14.98,15.06,112100
MYJ,20120702,16.43,16.57,16.42,16.46,27000
MYN,20120702,14.42,14.58,14.37,14.57,129300
MZF,20120702,16.17,16.33,16.17,16.22,20500
NAC,20120702,15.26,15.32,15.17,15.32,78400
NAD,20120702,15.16,15.23,15.14,15.2,111800
NAN,20120702,15.08,15.25,15.07,15.19,23200
NAT,20120702,13.58,13.62,13.24,13.61,380200
NAV,20120702,28.37,28.4,26.57,27.09,1919600
NAV-D,20120702,8.5,8.5,8.5,8.5,0
NAZ,20120702,15.42,15.52,15.4,15.51,12300
NBB,20120702,21.2,21.32,21.13,21.26,107600
NBD,20120702,21.46,21.71,21.46,21.7,13000
NBL,20120702,42.5,42.56,41.575,42.06,1048800
NBR,20120702,14.46,14.5,13.98,14.23,6924100
NC,20120702,116.24,117.95,114.98,117.94,58100
NCA,20120702,10.46,10.67,10.46,10.63,43700
NCI,20120702,12.7,12.7,12.42,12.69,174700
NCR,20120702,22.79,23.14,22.64,22.82,1571900
NCS,20120702,10.83,11.27,10.66,11.27,120500
NCV,20120702,9.07,9.09,8.95,9.08,312600
NCZ,20120702,8.34,8.39,8.24,8.34,386200
NDRO,20120702,16.49,16.65,16.37,16.65,54700
NE,20120702,32.53,32.61,32,32.41,3685600
NEE,20120702,69.23,69.26,68.32,68.84,1613900
NEE-C,20120702,26.08,26.14,25.88,25.93,8300
NEE-G,20120702,26.43,26.44,26.14,26.39,52900
NEE-H,20120702,25.85,25.99,25.81,25.95,90300
NEM,20120702,48.29,48.88,47.93,48.49,4470500
NEU,20120702,218,224.46,215.63,224.33,145000
NEV,20120702,15.83,15.99,15.8,15.98,76600
NFG,20120702,47.02,47.36,46.32,46.96,559100
NFJ,20120702,16.78,16.87,16.65,16.86,206200
NFX,20120702,29.15,29.55,28.46,29.41,4566300
NGG,20120702,53.09,53.66,53.08,53.58,313100
NGL,20120702,21.8,22.45,21.8,22.11,8800
NGS,20120702,14.82,14.84,14.37,14.64,51200
NHF,20120702,25,25.2,24.96,25,174900
NHI,20120702,51.22,52.06,51,52.05,121300
NI,20120702,24.85,24.95,24.63,24.82,1714000
NIE,20120702,16.58,16.71,16.55,16.71,49500
NIM,20120702,10.93,10.94,10.65,10.75,14700
NJR,20120702,21.935,22.095,21.7,22.09,246200
NKE,20120702,22.0975,22.3725,22.0075,22.2125,5876000
NL,20120702,12.58,12.58,12.1,12.48,24000
NLS,20120702,3.3,3.5,3.29,3.42,163000
NLSN,20120702,26.27,26.47,25.96,26.45,1058600
NLY,20120702,16.74,16.96,16.69,16.95,14542300
NLY-A,20120702,26.46,26.49,26.3,26.49,30600
NLY-C,20120702,25.13,25.28,25.13,25.23,211800
NM,20120702,3.3,3.36,3.26,3.35,114000
NMFC,20120702,14.28,14.78,14.22,14.77,41900
NMI,20120702,11.99,12.1,11.85,12.09,18100
NMK-B,20120702,93.17,93.17,93.17,93.17,0
NMK-C,20120702,96.41,96.41,96.41,96.41,0
NMM,20120702,13.6,13.85,13.5,13.56,164000
NMR,20120702,3.68,3.75,3.67,3.75,184300
NMT,20120702,15.13,15.13,15.06,15.07,4900
NMY,20120702,15.83,15.83,15.68,15.78,3900
NNA,20120702,2.34,2.34,2.29,2.3,2600
NNC,20120702,15.91,15.91,15.68,15.82,23700
NNI,20120702,23.05,24.08,23.05,24.06,104500
NNN,20120702,28.36,28.78,28.3,28.76,1108000
NNY,20120702,10.28,10.53,10.23,10.31,26000
NOA,20120702,2.59,2.75,2.54,2.62,116300
NOAH,20120702,5,5.02,4.83,4.88,48500
NOC,20120702,63.85,64.05,63.15,63.54,1299800
NOK,20120702,2.11,2.14,2.08,2.14,18455900
NOV,20120702,64.24,65.16,63.63,64.4,3000400
NOW,20120702,24.75,25.2,24.1,24.77,656600
NP,20120702,26.91,27.33,26.54,27.31,73600
NPK,20120702,69.46,71.6,68.61,71.6,30600
NPO,20120702,36.89,37.35,36.19,36.9,258900
NPTN,20120702,4.91,5.14,4.88,5.1,56200
NPV,20120702,16.62,16.72,16.61,16.69,11900
NQ,20120702,8.2,9.03,8.13,8.99,398500
NQP,20120702,15.87,15.95,15.86,15.94,17800
NR,20120702,5.92,6.3,5.91,6.3,712200
NRG,20120702,17.44,17.48,17.15,17.26,2792900
NRP,20120702,222,224.6,217.8,219.1,250700
NRT,20120702,28.02,28.7,27.89,28.47,5100
NS,20120702,54,54.54,53.71,54.28,150000
NSC,20120702,71.77,72,70.98,71.42,1745500
NSH,20120702,31.05,31.49,30.91,31.28,110800
NSL,20120702,7.21,7.22,7.15,7.22,55000
NSM,20120702,21.57,22.58,21.5,22.4,963500
NSP,20120702,27.13,27.86,27,27.83,96700
NSR,20120702,33.4,34.09,33.29,33.91,828600
NTC,20120702,14.34,14.41,14.33,14.41,11000
NTG,20120702,24.88,25.38,24.86,25.38,112600
NTL,20120702,15.69,15.88,15.56,15.79,3200
NTX,20120702,16.68,16.79,16.65,16.78,11300
NTZ,20120702,2.43,2.65,2.42,2.55,29800
NUE,20120702,37.92,38.2,37.23,37.87,2319400
NUM,20120702,15.61,15.69,15.61,15.65,19600
NUO,20120702,18.19,18.19,18.14,18.16,3300
NUS,20120702,47.05,47.93,46.6,47.93,719100
NUV,20120702,10.19,10.39,10.16,10.32,440600
NUW,20120702,17.57,17.62,17.47,17.61,29200
NVO,20120702,28.832,29.59,28.826,29.494,419900
NVR,20120702,853.6,853.6,831,851.01,64900
NVS,20120702,55.78,56.17,55.58,56.15,1421300
NW-C,20120702,22.47,22.75,22.35,22.6,28900
NWE,20120702,36.73,37.52,36.73,37.2,430700
NWL,20120702,18.23,18.23,17.9,18.16,2134800
NWN,20120702,47.69,48.08,46.8,47.71,280600
NWY,20120702,3.47,3.61,3.45,3.6,201900
NX,20120702,17.95,18.09,17.63,17.92,460500
NXC,20120702,15.42,15.45,15.35,15.45,9600
NXN,20120702,14.9,14.9,14.88,14.89,5500
NXP,20120702,14.99,15.06,14.97,15.06,38800
NXQ,20120702,14.15,14.16,14.06,14.14,46100
NXR,20120702,15.07,15.07,14.92,15,46800
NYT,20120702,7.88,7.96,7.73,7.96,1144100
O,20120702,41.87,42.12,41.72,42.04,588300
OAK,20120702,35.31,35.73,35.2,35.72,193600
OAS,20120702,24.09,24.44,23.28,24.43,1259500
OB,20120702,13.02,13.15,12.97,13.12,92400
OC,20120702,28.61,28.84,27.87,28.73,2176000
OCN,20120702,18.8,19.02,18.67,18.99,1365500
ODC,20120702,21.78,22.09,21.72,22.08,7700
OFC,20120702,23.5,23.62,23.24,23.48,724600
OFC-L,20120702,25.25,25.4,25.25,25.26,102500
OFG,20120702,11.16,11.47,10.99,11.44,398500
OFG-A,20120702,24.2,24.99,24.2,24.7,13300
OFG-B,20120702,23.91,24.41,23.91,24.15,400
OGE,20120702,25.885,26.14,25.825,26.08,364200
OHI,20120702,22.61,23.02,22.54,23.01,1111600
OI,20120702,19.13,19.22,18.83,19.14,1083100
OIA,20120702,7.23,7.31,7.23,7.27,34700
OIB.C,20120702,23.1,24.7,23.1,24.5,62000
OII,20120702,47.85,48.57,47.8,48.38,1178100
OIS,20120702,66.48,66.87,65.35,66.11,678600
OKE,20120702,42.58,42.73,42.03,42.73,848700
OKS,20120702,53.17,55,53.17,54.96,245100
OLN,20120702,20.89,21.13,20.71,21.01,391300
OLP,20120702,19.02,19.02,18.53,18.92,52300
OMC,20120702,48.78,49.19,48.38,49.15,1659400
OME,20120702,7.38,7.79,7.32,7.78,157800
OMI,20120702,30.74,31.04,30.54,30.99,632400
OMN,20120702,7.59,8.02,7.52,8,535900
OPY,20120702,15.79,15.99,15.25,15.96,44000
ORA,20120702,21.39,21.47,21.03,21.47,198500
ORCL,20120702,29.53,29.8,29.15,29.8,24449500
ORI,20120702,8.28,8.4,8.08,8.17,2732000
ORN,20120702,6.98,7.15,6.89,7.14,571000
OSG,20120702,11.13,11.14,10.44,10.6,488400
OSK,20120702,20.99,20.99,20.29,20.52,469400
OXM,20120702,44.84,44.93,43.76,44.22,101800
OXY,20120702,85.93,86.19,84.28,85.94,5105300
OZM,20120702,7.56,7.61,7.39,7.56,327200
P,20120702,11.22,11.24,10.5,10.7,1986400
PAA,20120702,40.355,41.135,40.18,40.92,515700
PAC,20120702,38.94,39.1,38.15,38.64,24300
PACD,20120702,85.4,87.2,84.5,85.7,514400
PAG,20120702,21.37,21.87,21.32,21.87,729200
PAI,20120702,14.02,14.1,14.01,14.1,16400
PAM,20120702,4.13,4.2,4.05,4.12,40200
PAR,20120702,4.96,5.09,4.93,5.02,23700
PAY,20120702,33.3,33.56,32.29,32.62,2210400
PB,20120702,41.9,42.3,41.43,41.95,561100
PBA,20120702,25.57,25.65,24.95,25.3,127700
PBH,20120702,15.87,16.03,15.74,15.94,410500
PBI,20120702,15.11,15.13,14.58,14.69,3711500
PBR,20120702,18.82,19.14,18.64,19.07,11844100
PBR.A,20120702,18.17,18.61,18.08,18.55,8271600
PBT,20120702,17.74,17.91,17.58,17.91,184300
PCF,20120702,8.22,8.22,8.11,8.15,37600
PCG,20120702,45.55,45.81,45.25,45.52,3792600
PCK,20120702,10.3,10.36,10.27,10.28,130300
PCM,20120702,11.16,11.23,11.15,11.19,23000
PCN,20120702,16.66,16.92,16.58,16.75,137600
PCQ,20120702,15.61,15.78,15.46,15.62,168300
PDI,20120702,25.42,25.73,25.03,25.36,488800
PDM,20120702,17.27,17.42,17.17,17.4,786100
PDS,20120702,6.77,6.87,6.64,6.84,979400
PDT,20120702,14.48,14.58,14.31,14.52,248500
PEB,20120702,23.4,23.57,22.98,23.13,368600
PEG,20120702,32.66,32.74,32.36,32.6,2452400
PEI,20120702,14.86,15.23,14.63,15.18,395200
PEI-A,20120702,25.79,26,25.79,25.96,14900
PEO,20120702,23.99,24.05,23.74,24.02,96400
PEP,20120702,70.34,70.79,70,70.76,6249500
PER,20120702,20.22,20.23,19.82,20.06,128000
PFD,20120702,14.15,14.26,14.07,14.23,18300
PFE,20120702,22.85,23.09,22.85,23,23186300
PFG,20120702,26.51,26.69,25.95,26.15,1954500
PFH,20120702,22.58,22.95,22.1,22.23,16300
PFK,20120702,27.3,27.44,27.3,27.4,2100
PFL,20120702,11.99,12.02,11.95,12.02,67300
PFN,20120702,10.49,10.53,10.49,10.51,192600
PFO,20120702,11.48,11.5,11.37,11.4,20300
PFS,20120702,15.4,15.53,15.19,15.51,288200
PG,20120702,61.04,61.26,60.78,61.19,8916500
PGH,20120702,6.3,6.45,6.28,6.36,1205500
PGP,20120702,20.49,20.72,20.48,20.61,37400
PGR,20120702,20.67,20.84,20.51,20.69,3875900
PH,20120702,77.2,77.24,74.96,75.69,1399600
PHD,20120702,12.73,12.73,12.55,12.67,51800
PHG,20120702,19.79,19.94,19.65,19.91,628600
PHH,20120702,17.48,17.56,16.98,17.38,680200
PHI,20120702,64.67,64.7,64.19,64.46,131100
PHK,20120702,13.62,13.69,13.53,13.68,529700
PHM,20120702,10.68,10.97,10.56,10.91,13541300
PHT,20120702,17.09,17.2,17.09,17.2,59500
PHX,20120702,29.99,30.4,29.14,30.29,13300
PII,20120702,71.7,72.54,70.58,71.69,520400
PIM,20120702,5.1,5.11,5.03,5.05,145400
PIR,20120702,16.45,16.73,16.32,16.72,1560100
PIY,20120702,25.71,25.71,25.71,25.71,0
PJC,20120702,23.45,23.45,22.72,23.41,114400
PKD,20120702,4.52,4.73,4.52,4.73,1171700
PKE,20120702,25.98,26.43,25.72,26.35,66600
PKG,20120702,28.25,28.44,27.59,28.15,429600
PKI,20120702,26.02,26.02,25.45,25.88,977200
PKO,20120702,26.93,27.18,26.88,27.16,55800
PKX,20120702,80.52,80.78,80.21,80.66,155200
PKY,20120702,11.52,11.85,11.35,11.82,174800
PL-C,20120702,25.63,25.65,25.47,25.6,117800
PLD,20120702,33.36,33.45,32.75,33.35,2612500
PLOW,20120702,14.25,14.29,13.84,14.17,78600
PLT,20120702,33.61,33.62,33.04,33.62,483900
PM,20120702,87.34,89.06,87.2,89,4728800
PMC,20120702,11,11.17,10.89,11.16,266800
PMF,20120702,15.44,15.51,15.42,15.5,39700
PML,20120702,13.06,13.06,12.96,13.06,109700
PMM,20120702,7.97,7.98,7.96,7.98,123400
PMO,20120702,12.91,12.93,12.9,12.92,162300
PMT,20120702,19.78,20.33,19.72,20.32,602200
PMX,20120702,12.59,12.79,12.58,12.77,136200
PNC,20120702,61.66,62.14,60.85,61.49,2251700
PNC-P,20120702,26.48,26.63,26.34,26.59,301700
PNC.W,20120702,10.75,11.13,10.49,10.9,33300
PNF,20120702,12.5,12.6,12.44,12.5,16600
PNI,20120702,13.12,13.15,12.92,13.1,50200
PNM,20120702,19.58,19.98,19.57,19.97,528100
PNR,20120702,38.48,38.77,37.93,38.72,864600
PNW,20120702,52.06,52.25,51.73,52.25,865800
POL,20120702,13.67,14.06,13.65,14.04,715800
POR,20120702,26.76,27.07,26.68,26.9,801600
POST,20120702,30.87,32.22,30.81,32.21,311200
POT,20120702,43.69,44.31,43.54,43.97,5514600
PPG,20120702,53.155,53.155,51.89,52.35,888300
PPL,20120702,27.98,28.17,27.91,28.17,3767500
PPP,20120702,2.59,2.59,2.5,2.57,174700
PPR,20120702,5.8,5.8,5.7,5.77,408900
PPT,20120702,5.36,5.39,5.34,5.39,378200
PQ,20120702,19.88,20.36,19.28,20.36,615600
PRA,20120702,44.845,45.135,44.59,45.135,185200
PRI,20120702,26.74,27.1,26.69,27.09,229800
PRLB,20120702,28.76,30.48,28.76,30.09,209500
PRO,20120702,16.62,16.7,16.22,16.59,90000
PRU,20120702,48.87,49.12,47.69,48.26,2177300
PSA,20120702,144.27,145.2,143.75,145.14,623400
PSA-A,20120702,26.09,26.09,25.89,26.08,5300
PSA-C,20120702,25.04,25.06,25.04,25.05,3300
PSA-D,20120702,25.69,25.7,25.52,25.56,1600
PSA-S,20120702,26.7,26.95,26.65,26.95,37200
PSA-T,20120702,26.24,26.65,26.13,26.65,116100
PSA-U,20120702,25.98,25.98,25.76,25.85,141500
PSA-W,20120702,25.39,25.55,25.11,25.12,20100
PSA-X,20120702,25.44,25.44,25.35,25.37,5700
PSA-Z,20120702,25.78,25.98,25.7,25.98,3300
PSB,20120702,67.87,68.34,67.41,68.28,174800
PSB-T,20120702,25.32,25.36,25.26,25.33,87400
PSF,20120702,24.77,25.04,24.77,25,36400
PSO,20120702,19.73,19.94,19.7,19.91,163100
PSX,20120702,33.59,34.32,33.37,34,3868400
PTR,20120702,128.89,129.42,127.96,129.29,213600
PTY,20120702,18.71,19.04,18.71,18.94,167500
PUK,20120702,23.6,23.77,23.38,23.77,102600
PUK-A,20120702,25.64,25.73,25.62,25.71,6500
PUK.P,20120702,25.82,25.95,25.8,25.92,5400
PVG,20120702,14.65,14.65,13.81,14.16,58900
PVH,20120702,78.11,78.88,77.76,78.81,491500
PWE,20120702,13.35,13.84,13.32,13.81,1762700
PWR,20120702,24.13,24.25,23.76,23.89,1957300
PX,20120702,108.9,108.9,106.82,108.34,903200
PXD,20120702,88.61,89.27,85.23,86.72,1728300
PYN,20120702,10.49,10.57,10.4,10.48,29400
PYS,20120702,22.07,22.12,21.62,21.62,1700
PYT,20120702,17.83,17.86,17.83,17.86,900
PZC,20120702,11.41,11.54,11.37,11.46,84800
PZE,20120702,3.775,3.915,3.775,3.895,45300
PZN,20120702,4.5,4.55,4.31,4.55,38400
QEP,20120702,29.89,29.99,29,29.37,1765800
QTM,20120702,16.16,16.56,15.92,16.56,1671000
QUAD,20120702,14.43,14.55,14.06,14.55,160400
R,20120702,35.86,35.95,34.89,35.31,1220800
RA,20120702,24.25,24.64,24.16,24.64,177700
RAD,20120702,1.38,1.46,1.37,1.45,8982100
RAI,20120702,44.87,45.52,44.67,45.52,1607800
RAS,20120702,4.62,4.79,4.62,4.78,260600
RAS-A,20120702,20.3,20.3,20.1,20.1,3900
RAS-B,20120702,21.3,21.3,21.1,21.25,2800
RAS-C,20120702,22.35,22.35,22.32,22.35,13600
RATE,20120702,18.24,18.73,18.18,18.5,479700
RBA,20120702,21.18,22.04,21.05,21.8,637700
RBC,20120702,62.41,62.8,61.67,62.22,207400
RBS,20120702,6.89,6.99,6.8,6.99,549700
RBS-F,20120702,23.35,23.4,22.88,23.3,32300
RBS-H,20120702,22.16,22.27,21.76,22.09,17700
RBS-L,20120702,18.19,18.77,18,18.64,36000
RBS-S,20120702,18.11,18.11,17.65,17.85,595700
RCI,20120702,36.2,36.6,36.18,36.55,63300
RCL,20120702,26.43,26.56,26,26.28,1354700
RCS,20120702,11.51,11.56,11.44,11.54,48700
RDC,20120702,32.24,32.76,32.08,32.71,2068600
RDN,20120702,3.3,3.39,3.19,3.39,2524700
RDS.A,20120702,67.79,67.93,67.34,67.79,1553500
RDS.B,20120702,70.3,70.59,69.89,70.5,643700
RDY,20120702,29.6,29.81,29.5,29.7,161800
RE,20120702,104.17,105.74,103.81,104.98,384600
REG,20120702,47.86,47.86,47.07,47.81,453500
REN,20120702,47.45,47.85,45.4,47.3,582200
RENN,20120702,4.53,4.61,4.32,4.41,3161400
RES,20120702,11.88,12,11.69,11.86,1712100
REV,20120702,14.2,14.51,14.01,14.45,38400
REX,20120702,19.7,19.76,18.9,19.29,61000
RF,20120702,6.82,6.85,6.67,6.85,16386700
RFI,20120702,13.3,13.58,13.3,13.58,34300
RFP,20120702,11.59,12.03,11.45,11.66,486600
RGA,20120702,53.52,54.71,53.37,54.65,541000
RGC,20120702,13.75,13.99,13.6,13.95,2272400
RGR,20120702,40.25,41.3,39.23,40.24,589500
RGS,20120702,18.06,18.25,17.86,18.25,608900
RHI,20120702,28.62,28.69,28.26,28.48,966300
RHT,20120702,56.4,56.77,55.39,55.84,1873700
RIG,20120702,44.95,45.07,44.38,44.66,2082200
RIO,20120702,48.29,48.45,47.73,48.19,2893200
RJF,20120702,34.47,34.57,34.03,34.5,620100
RL,20120702,140.16,140.62,138.81,140.48,1451900
RLH,20120702,8.36,8.44,8.06,8.44,72500
RLI,20120702,34.225,34.94,34.135,34.94,64300
RLJ,20120702,18.2,18.31,18.11,18.14,843800
RM,20120702,16.41,16.44,15.66,16,38300
RMD,20120702,31.09,31.19,30.84,31.19,768000
RMT,20120702,8.96,9.04,8.89,9.04,53000
RNP,20120702,16.52,16.7,16.4,16.7,123100
RNR,20120702,76.44,76.71,75.81,76.09,370100
RNR-C,20120702,25.4,25.4,25.28,25.3,17400
ROG,20120702,39.69,39.93,39.37,39.9,102600
ROK,20120702,65.45,65.91,63.64,64.46,2378300
ROL,20120702,14.86,14.9667,14.7733,14.96,205200
ROP,20120702,97.2,98.45,96.67,97.52,509600
ROYT,20120702,18.62,18.79,18.35,18.74,117800
RPAI,20120702,9.69,9.74,9.54,9.65,488600
RPM,20120702,27.3,27.94,27.13,27.41,1169600
RPT,20120702,12.6,12.69,12.54,12.62,273100
RPT-D,20120702,50,50,50,50,0
RQI,20120702,10.48,10.69,10.48,10.64,326600
RRC,20120702,61.48,61.61,59.47,60.89,2093300
RRTS,20120702,16.9,16.95,16.21,16.78,110900
RS,20120702,50.8,50.8,49.75,50.15,485100
RSG,20120702,26.46,26.47,26.1,26.14,2502700
RSO,20120702,5.33,5.39,5.31,5.38,644200
RSO-A,20120702,24.3,24.3,24.25,24.27,16700
RST,20120702,13.78,13.99,13.71,13.95,100300
RT,20120702,6.82,6.91,6.79,6.89,863300
RTN,20120702,56.09,56.5,55.6,55.98,1635400
RVT,20120702,12.49,12.66,12.47,12.66,169700
RWT,20120702,12.49,12.93,12.46,12.93,528700
RXN,20120702,20,20.39,19.78,20.34,197500
RY,20120702,51.4,51.64,51.1,51.57,238200
RYN,20120702,44.9,45.44,44.82,45.38,911600
S,20120702,3.26,3.45,3.25,3.4,78121200
SA,20120702,14.36,14.98,14.24,14.66,169700
SAB,20120702,7.35,7.63,7.31,7.63,700
SAH,20120702,13.71,14.06,13.51,14.05,648000
SAM,20120702,121.49,123.87,120.76,123.42,155700
SAN,20120702,6.57,6.64,6.49,6.64,4502300
SAN-A,20120702,22.54,23.02,22.5,22.83,43700
SAN-B,20120702,15.2,15.26,14.76,15,26200
SAN-C,20120702,22.4,22.4,22.15,22.2,16100
SAN-I,20120702,21.08,21.09,20.77,20.77,5800
SAP,20120702,60.03,60.05,59.36,60.03,1795800
SAR,20120702,17,17,17,17,100
SB,20120702,6.14,6.14,5.93,6.11,103700
SBH,20120702,25.85,26.14,25.68,26.13,1331700
SBR,20120702,50.43,51.17,50.1,51.15,27200
SBS,20120702,12.9083,12.9433,12.8333,12.9217,288400
SCCO,20120702,31.52,31.75,31.13,31.49,1381400
SCD,20120702,12.88,12.9,12.81,12.85,42400
SCE-F,20120702,25.47,25.55,25.37,25.55,209800
SCG,20120702,48.07,48.51,47.94,48.46,708100
SCH-B,20120702,25.91,26.05,25.63,25.85,595000
SCHW,20120702,12.95,12.99,12.74,12.93,6083100
SCI,20120702,12.44,12.51,12.36,12.49,731400
SCL,20120702,47.08,47.25,45.825,47.215,32100
SCS,20120702,9.11,9.24,9.05,9.15,777300
SCX,20120702,11.8,11.8,11.45,11.51,2000
SD,20120702,6.61,6.65,6.41,6.54,8318200
SDR,20120702,18.88,18.91,18.68,18.84,179200
SDRL,20120702,35.79,36.03,35.27,36,2297800
SDT,20120702,26.08,26.15,25.7,25.86,189400
SEE,20120702,15.49,15.55,15.29,15.54,3029900
SEM,20120702,10.12,10.45,9.96,10.43,348400
SEMG,20120702,31.95,32,31.36,32,265500
SEP,20120702,30.45,30.99,30.3,30.7,124100
SF,20120702,30.92,31.39,30.27,31.39,286100
SFE,20120702,15.58,15.73,15.53,15.72,75400
SFL,20120702,15.72,15.75,15.35,15.75,262200
SFUN,20120702,3.138,3.212,2.95,3.044,217200
SGF,20120702,12.63,12.69,12.61,12.68,27800
SGU,20120702,4.21,4.26,4.21,4.22,19000
SGY,20120702,1006,1021.6,970,1021.6,1173900
SHG,20120702,35.355,35.56,35.26,35.35,26000
SHI,20120702,18.98,19.1733,18.9333,18.9867,3900
SHO,20120702,11.07,11.1,10.78,10.94,1327100
SHW,20120702,132.3,133,129.84,132.26,1094000
SID,20120702,5.7,5.84,5.68,5.83,4774500
SIG,20120702,44.24,45.08,44.24,45,738300
SIX,20120702,27.225,27.535,27.08,27.245,461500
SJI,20120702,25.48,26.035,25.465,26,186200
SJM,20120702,75.68,76.46,75.54,76.39,585400
SJR,20120702,19.01,19.43,19.01,19.33,154200
SJT,20120702,15.02,15.34,14.78,15.28,273500
SJW,20120702,24.09,24.45,23.99,24.44,38900
SKM,20120702,12.03,12.23,12.03,12.23,1614100
SKT,20120702,32.04,32.53,31.91,32.41,729800
SKX,20120702,6.8133,6.8767,6.7133,6.8333,1085800
SLB,20120702,64.86,66.01,64.48,64.94,6916600
SLCA,20120702,11.5,11.64,10.91,11.1,340900
SLF,20120702,21.89,22.03,21.68,21.98,186800
SLG,20120702,82.6,82.6,76.28,80.69,508000
SLW,20120702,26.8,27.12,26.52,26.93,2814200
SM,20120702,48.93,49.53,47.59,48.11,904600
SMFG,20120702,6.62,6.7,6.62,6.67,276200
SMG,20120702,41.21,41.26,40.54,40.88,284600
SMI,20120702,1.64,1.64,1.59,1.59,56900
SMM,20120702,20,20.01,20,20,170500
SMP,20120702,14.11,14.16,13.54,13.86,179700
SN,20120702,20.76,20.97,20.58,20.85,232300
SNA,20120702,62.35,62.44,61.22,61.93,352900
SNE,20120702,14.18,14.2,14.01,14.2,813700
SNN,20120702,19.784,20.092,19.772,20.056,29700
SNP,20120702,68.7615,68.8538,68.2154,68.7308,74000
SNV,20120702,14,14.28,13.65,14.28,7839800
SNX,20120702,34.6,34.6,33.92,34.44,258700
SNY,20120702,37.8,38.05,37.53,38.02,6836100
SO,20120702,46.45,46.85,46.35,46.71,3783700
SOL,20120702,6.45,6.65,6.3,6.5,230800
SON,20120702,30.17,30.35,29.62,29.91,573500
SOR,20120702,50.11,50.25,49.5,49.51,10800
SOV-C,20120702,24.5,25.22,24.5,25.22,1700
SPA,20120702,9.7,9.7,9.51,9.69,27600
SPB,20120702,32.58,32.9,32.58,32.85,187200
SPE,20120702,15.08,15.17,15.01,15.12,15200
SPG,20120702,156.66,158.08,155.68,158.08,1478500
SPG-J,20120702,69.87,69.87,69.6,69.86,400
SPH,20120702,41.49,42.88,41.37,42.78,174900
SPLP,20120702,10.97,10.97,10.66,10.9,47300
SPN,20120702,20.2,20.65,20.13,20.43,2200200
SPR,20120702,23.88,24.13,23.59,23.67,883900
SQM,20120702,55.88,56.28,55.44,56.19,207000
SQNS,20120702,2.22,2.3,2.22,2.23,35300
SR,20120702,3.15,3.2,2.95,2.95,84900
SRE,20120702,69.1,69.5,68.65,69.4,809600
SRF,20120702,21.67,21.87,21.52,21.66,16100
SRI,20120702,6.82,6.85,6.69,6.82,87000
SRT,20120702,2.86,2.99,2.78,2.85,67500
SRV,20120702,8.13,8.44,8.13,8.41,126400
SSD,20120702,29.02,29.46,28.31,29.4,208700
SSI,20120702,18.32,19.1,18.16,19.1,266000
SSL,20120702,42.76,42.9,41.62,42.69,512400
SSP,20120702,9.23,9.9,8.85,9.9,226600
SSW,20120702,17.28,17.6,17.12,17.52,164000
ST,20120702,26.78,27.19,26.57,26.88,1210000
STAG,20120702,14.65,14.92,14.45,14.75,224400
STC,20120702,15.26,15.62,14.93,15.59,103400
STE,20120702,31.54,31.65,31.34,31.65,558100
STI,20120702,24.67,24.86,24.33,24.69,7312100
STI-A,20120702,20.4,20.4,20.4,20.4,0
STI.A,20120702,5.38,5.38,5.38,5.38,700
STI.B,20120702,3.12,3.12,3.1,3.1,500
STK,20120702,15.98,16.43,15.98,16.28,42200
STL,20120702,10.12,10.12,9.66,9.97,117000
STM,20120702,5.45,5.46,5.36,5.44,1602900
STN,20120702,14.115,14.375,14.115,14.37,1300
STNG,20120702,6.42,6.88,6.31,6.79,186900
STO,20120702,24.1,24.28,23.91,24.26,1789200
STON,20120702,25.98,26.07,25.85,26,44000
STT,20120702,44.62,45.02,44.15,44.72,2288200
STV,20120702,2.92,2.98,2.9,2.95,19800
STWD,20120702,2.9965,3.0512,2.96,3.0428,924600
STZ,20120702,26.74,28.97,26.55,28.81,11361800
STZ.B,20120702,27.27,28.84,26.8,28.84,3100
SU,20120702,28.95,29,28.35,28.96,2207000
SUI,20120702,44.78,45.26,44.38,45.19,196900
SUN,20120702,47.59,47.85,47.31,47.65,711500
SUP,20120702,16.5,16.5,16.11,16.49,70600
SVU,20120702,5.16,5.25,5.16,5.25,2735300
SWFT,20120702,9.44,9.72,9.1,9.71,1886400
SWK,20120702,64.64,64.64,62.51,63.01,1673500
SWM,20120702,34.285,34.285,33.1,33.5,109100
SWN,20120702,31.89,32.05,31.18,31.9,5400500
SWX,20120702,43.58,43.98,43.34,43.83,574900
SWZ,20120702,10.16,10.33,10.16,10.27,43900
SXC,20120702,14.67,14.83,14.36,14.83,499100
SXI,20120702,42.75,42.91,41.29,42.89,60700
SXT,20120702,36.87,37.19,36.75,37.03,317500
SYK,20120702,55,55.02,53.96,54.67,1743900
SYT,20120702,67.23,67.26,66.73,67.14,322100
SYX,20120702,11.73,12.36,11.7,12.35,36400
SYY,20120702,29.14,29.88,29.14,29.88,3115100
T,20120702,35.7,36.2,35.64,36.2,24804700
TAC,20120702,16.98,17,16.76,16.95,33400
TAHO,20120702,13.63,13.89,13.07,13.53,101300
TAL,20120702,33.7,34.21,33.62,34.12,292000
TAP,20120702,41.84,41.84,40.85,41.47,1184900
TAP.A,20120702,41.5,41.5,41.5,41.5,0
TARO,20120702,37.02,37.31,36.64,36.87,16200
TBI,20120702,15.5,15.83,15.11,15.83,177900
TCAP,20120702,22.87,24.27,22.66,24.24,518300
TCB,20120702,11.55,11.75,11.44,11.74,3197600
TCB-B,20120702,25.33,25.51,25.33,25.5,111300
TCB.W,20120702,2.1,2.1,2.1,2.1,1600
TCI,20120702,2.83,2.86,2.79,2.84,900
TCO,20120702,77.62,77.73,76.61,77.69,509000
TCP,20120702,43.47,43.74,42.67,43.73,109400
TD,20120702,38.91,39.135,38.77,39.085,217100
TDC,20120702,71.95,72.47,71.37,71.88,1043900
TDE,20120702,27.07,27.1,26.96,27.1,22500
TDF,20120702,26.32,26.42,26.19,26.34,58800
TDG,20120702,134.93,136.34,130.91,131.95,715000
TDI,20120702,25.46,25.58,25.46,25.58,3700
TDJ,20120702,26.72,27.04,26.72,26.85,25600
TDS,20120702,21.38,22.38,21.3,22.17,1556300
TDW,20120702,46.52,46.83,46.03,46.55,360900
TDY,20120702,61.93,62.06,61.4,62,152000
TEF,20120702,13.02,13.15,12.93,13.14,3423500
TEI,20120702,15.74,15.93,15.56,15.83,117100
TEL,20120702,32.07,32.14,31.46,31.76,1005500
TEN,20120702,26.78,26.79,25.51,26.32,674300
TEO,20120702,11.87,11.94,11.82,11.94,122000
TER,20120702,14.1,14.15,13.79,14.01,2740500
TEVA,20120702,39.48,39.72,38.92,39.25,3605600
TEX,20120702,17.81,17.91,16.85,17.23,4771800
TFX,20120702,60.67,62,60.67,61.5,128000
TG,20120702,14.64,14.79,14.22,14.76,77900
TGH,20120702,37.2,37.58,36.79,37.55,120000
TGI,20120702,56.68,56.99,55.71,56.2,526100
TGP,20120702,38.72,39.4,38.56,38.89,133500
TGS,20120702,1.76,1.85,1.76,1.85,39000
TGT,20120702,58.34,58.47,57.78,58.27,4113700
THC,20120702,21.32,21.4,20.56,20.68,7542900
THG,20120702,39.12,39.27,38.89,39.22,148600
THO,20120702,27.58,27.87,27.08,27.5,422100
THR,20120702,20.54,22,20.38,22,141200
THS,20120702,62.13,62.91,61.25,62.88,219900
TI,20120702,9.68,9.79,9.64,9.78,259300
TI.A,20120702,8.01,8.04,7.97,8.01,217800
TIF,20120702,53.49,53.5,52.25,52.89,2416100
TISI,20120702,31.14,31.54,30.28,31.53,80000
TJX,20120702,43.05,43.5,42.93,43.22,4931100
TK,20120702,29.29,29.29,28.69,29.13,283400
TKC,20120702,12.59,12.61,12.44,12.59,602300
TKF,20120702,13.96,14.19,13.78,14.18,58500
TKR,20120702,46.07,46.08,44.26,44.82,1117200
TLI,20120702,12.14,12.28,12.1,12.24,33500
TLK,20120702,17.305,17.47,17.235,17.465,411300
TLLP,20120702,34.1,34.92,33.68,34.58,174900
TLP,20120702,33.47,33.75,33.28,33.5,35700
TLYS,20120702,16.09,16.14,15.95,16.12,72800
TM,20120702,80.34,80.35,79.6,80.18,270600
TMK,20120702,33.9,33.9667,33.5667,33.8267,631000
TMO,20120702,52.29,52.3,51.09,51.38,2272800
TNC,20120702,39.71,40.67,39.4,40.63,74300
TNH,20120702,212.66,218.99,212.66,218.29,43800
TNK,20120702,4.58,4.58,4.37,4.41,591500
TNP,20120702,4.85,5.1,4.85,5.08,566900
TOL,20120702,29.6,29.99,29.25,29.96,3676600
TOO,20120702,27.88,28.26,27.86,28.05,156700
TOT,20120702,45.44,45.54,45.12,45.5,5685800
TOWR,20120702,10.49,10.49,10.07,10.38,23300
TPC,20120702,12.69,12.69,12.38,12.67,188700
TPL,20120702,56.97,57.12,56.41,57.09,9400
TPX,20120702,23.32,23.49,22.08,22.35,1880800
TPZ,20120702,24.99,25.15,24.57,24.88,12800
TR,20120702,23.86,24.38,23.71,24.38,88200
TRC,20120702,28.64,29.14,28.31,29.13,33900
TREX,20120702,15.03,15.54,14.67,15.535,140100
TRGP,20120702,42.57,42.59,41.82,42.23,280800
TRI,20120702,28.45,28.73,28.2,28.71,673900
TRK,20120702,16.94,17.33,16.87,17.33,32400
TRN,20120702,12.555,12.575,11.835,11.865,894100
TRNO,20120702,15.18,15.5,15.1,15.41,56700
TROX,20120702,24.2,25.176,24,24.562,185900
TRP,20120702,42.04,42.1,41.68,41.79,259900
TRR,20120702,6.1,6.14,5.91,6.14,37500
TRU,20120702,1.69,1.72,1.6,1.67,10700
TRV,20120702,64.08,64.16,63.57,63.92,2291200
TS,20120702,35.7,35.88,35.04,35.58,1375200
TSI,20120702,5.23,5.24,5.16,5.18,52800
TSM,20120702,14.22,14.27,14.02,14.27,10545200
TSN,20120702,18.88,18.88,18.46,18.56,3503500
TSO,20120702,25.01,25.57,24.83,25.48,4480700
TSS,20120702,23.85,24.32,23.81,24.32,1485000
TSU,20120702,28.05,28.14,27.67,28,808500
TTC,20120702,18.34,18.46,18.075,18.38,484700
TTF,20120702,16.01,16.03,15.85,15.98,41000
TTI,20120702,7.12,7.13,6.94,7.04,688300
TTM,20120702,21.84,22,21.52,21.97,1600900
TTP,20120702,23.25,23.3,23.05,23.13,20800
TU,20120702,29.385,29.625,29.075,29.495,25300
TUP,20120702,54.72,55.2,54.57,54.98,223800
TV,20120702,21.55,21.6,21.28,21.53,1930500
TVC,20120702,26.62,26.75,26.56,26.75,12000
TVE,20120702,26.65,26.72,26.56,26.72,5000
TWI,20120702,24.66,24.69,23.6,24.16,596700
TWN,20120702,15.02,15.07,14.99,15.05,24000
TWO,20120702,10.4,10.52,10.4,10.52,2795000
TWX,20120702,38.51,38.76,38.35,38.75,4588000
TX,20120702,19.78,20.03,19.45,19.67,557000
TXT,20120702,24.94,24.98,24.3,24.52,2179000
TY,20120702,15.45,15.48,15.36,15.44,39400
TY.P,20120702,50.9,50.9,50.9,50.9,0
TYG,20120702,39.75,40.86,39.75,40.16,82800
TYL,20120702,40.57,41.06,40.13,40.85,156600
UA,20120702,11.6725,11.6725,11.2775,11.4713,1193700
UAL,20120702,24.43,24.84,24.2,24.82,4134300
UAN,20120702,24.4,24.84,24,24.08,144200
UBA,20120702,19.74,20,19.41,19.98,121300
UBP,20120702,18.72,18.98,18.72,18.98,700
UBS,20120702,11.83,11.85,11.67,11.85,1821500
UDR,20120702,25.86,26.26,25.67,26.26,2454000
UFI,20120702,11.37,11.68,11.3,11.65,42900
UFS,20120702,38.465,38.785,37.865,38.475,336400
UGI,20120702,19.74,20.34,19.68,20.1933,1179800
UGP,20120702,22.63,23.21,22.58,23.15,426900
UHS,20120702,43.15,43.18,42.56,42.9,838000
UHT,20120702,41.69,42.1,41.26,42.1,50800
UIS,20120702,19.53,19.53,18.71,19,1080900
UL,20120702,33.86,34.07,33.77,34.07,1363400
UMC,20120702,2.29,2.29,2.23,2.23,2365900
UMH,20120702,10.61,11.18,10.61,11.16,52600
UMH-A,20120702,25.89,26.19,25.89,26,2800
UN,20120702,33.46,33.58,33.35,33.58,1744800
UNF,20120702,63.74,65.89,63.46,65.88,113300
UNH,20120702,58.89,59.31,55.96,56.26,12997900
UNM,20120702,19.24,19.39,19.05,19.38,2967900
UNP,20120702,59.945,59.97,58.63,59.28,1867600
UNT,20120702,37.02,37.18,36.24,36.79,211200
UPS,20120702,78.23,78.78,77.61,78.69,3584600
URI,20120702,34.24,34.4,33.28,33.87,2190800
USA,20120702,4.5,4.55,4.5,4.55,443400
USB,20120702,32.47,32.5,32.05,32.44,8126600
USB-A,20120702,790,795,790,795,200
USB-H,20120702,22.81,22.97,22.78,22.96,220700
USB-M,20120702,28.44,28.64,28.4,28.51,154500
USG,20120702,18.97,19.96,18.94,19.96,3382800
USM,20120702,38.77,39.94,38.64,39.91,170900
USNA,20120702,41.2,41.5,40.19,41.1,154600
USPH,20120702,25.5,26.04,25.05,26.04,72300
UTF,20120702,17.19,17.39,17.13,17.38,168000
UTI,20120702,13.55,13.85,13.38,13.81,62500
UTL,20120702,26.6,27,26.5,26.99,114300
UTX,20120702,75.4,76.13,74.52,75.04,3517800
UVV,20120702,46.32,47.05,46.3,46.89,269900
UZA,20120702,26.96,27.21,26.89,26.9,39800
V,20120702,31.065,31.7,31,31.655,4262200
VAC,20120702,30.87,30.99,30.01,30.9,262800
VAL,20120702,52.75,53.07,52.1,53.07,900200
VAL.P,20120702,19.62,19.73,19.46,19.67,4241600
VALE,20120702,20.01,20.12,19.83,20.1,10098200
VAR,20120702,60.71,61.03,59.31,60.65,1223400
VBF,20120702,21.78,22.02,21.78,21.96,27200
VC,20120702,37.37,37.45,35.84,36.42,294000
VCO,20120702,39.42,39.42,39.05,39.05,700
VCRA,20120702,26.78,27.97,26.5,27.97,19300
VCV,20120702,14.25,14.35,14.24,14.35,47100
VFC,20120702,33.0925,33.4175,32.835,32.975,1632400
VG,20120702,2.04,2.04,1.95,2,3630500
VGI,20120702,17.99,18.41,17.99,18.32,15200
VGM,20120702,15.29,15.4,15.29,15.37,101800
VGR,20120702,17.1,17.25,17.02,17.25,293700
VHI,20120702,12.53,13.37,12.53,13.37,36600
VIPS,20120702,0.605,0.61,0.6,0.61,14000
VIV,20120702,24.99,25.69,24.78,25.66,1510100
VKQ,20120702,15.06,15.15,15.06,15.09,79500
VLO,20120702,24.48,24.48,23.88,24.19,6781700
VLT,20120702,17.24,17.24,17.1,17.2,14300
VLY,20120702,10.68,10.94,10.67,10.87,951300
VLY-A,20120702,25.6,25.64,25.55,25.64,1600
VLY.W,20120702,0.85,0.85,0.85,0.85,0
VMC,20120702,39.86,39.96,38.86,39.89,1073500
VMI,20120702,120.89,123.55,119.4,123.55,218100
VMO,20120702,15.29,15.37,15.29,15.37,79400
VMW,20120702,89.98,91.31,89.15,90.51,1803700
VNO,20120702,83.72,84.49,82.84,84.49,1211300
VNO-G,20120702,25.79,25.97,25.75,25.95,23100
VNO-I,20120702,25.58,25.75,25.4,25.75,5500
VNTV,20120702,23.39,23.84,23.26,23.71,284300
VOC,20120702,18.5,18.89,18.37,18.85,95000
VPG,20120702,14.02,14.09,13.78,13.92,131500
VPV,20120702,15.53,15.57,15.47,15.48,13400
VR,20120702,32.15,32.4,31.98,32.4,762200
VRS,20120702,1.21,1.22,1.16,1.17,17200
VRX,20120702,45.08,45.38,44.49,44.96,1252200
VSH,20120702,9.42,9.46,9.12,9.39,1160600
VSI,20120702,55.23,56.62,54.79,56.07,470600
VTA,20120702,11.75,11.85,11.73,11.79,193200
VTN,20120702,15.87,15.9,15.66,15.72,40800
VTR,20120702,63.35,63.58,62.82,63.35,1554900
VVC,20120702,29.68,30,29.61,29.8,413900
VVI,20120702,19.9,19.98,19.38,19.76,92500
VVR,20120702,4.88,4.9,4.83,4.83,268900
VZ,20120702,44.32,44.93,44.25,44.93,12354500
WAB,20120702,39,39.72,38.805,39.03,346000
WAGE,20120702,15.05,15.41,14.99,15.41,19800
WAIR,20120702,12.8,13.03,12.7,13.02,110900
WAL,20120702,9.4,9.46,9.2,9.46,366000
WAT,20120702,79.47,79.66,78,78.5,849700
WBC,20120702,53.14,53.24,51.6,52.16,480300
WBK,20120702,22.032,22.162,21.914,22.162,32000
WBS,20120702,21.88,22.08,21.47,21.9,408900
WCC,20120702,57.63,58.12,56.68,58.07,492600
WCG,20120702,53.68,53.94,52.49,53.04,1021500
WCN,20120702,29.93,29.94,29.74,29.87,634700
WD,20120702,12.85,12.85,12.3,12.54,81400
WDR,20120702,30.48,30.5,30.01,30.49,577800
WEA,20120702,15.48,15.63,15.45,15.63,38600
WEC,20120702,39.85,40.22,39.75,40.15,1813000
WES,20120702,43.65,43.88,43.33,43.88,274200
WF,20120702,32.59,32.8,31.9,32.32,38900
WFC,20120702,33.67,33.73,33.21,33.55,19659900
WFC-J,20120702,30.15,30.16,29.99,30.15,104000
WFC-L,20120702,1127.76,1135.01,1127.73,1131.1,6800
WFC.W,20120702,8.8,8.96,8.72,8.76,56400
WFT,20120702,12.67,12.73,12.46,12.64,6426600
WG,20120702,6.49,6.89,6.47,6.89,599300
WGL,20120702,39.75,40.37,39.73,40.22,389600
WGO,20120702,10.19,10.5,10.08,10.5,210700
WHG,20120702,37.46,37.93,37.46,37.84,12100
WHR,20120702,61.43,61.61,60.41,61.53,1377700
WIA,20120702,13,13.03,12.96,12.98,64200
WIT,20120702,9.07,9.16,9.02,9.07,394500
WIW,20120702,13.02,13.13,13.01,13.09,140600
WLK,20120702,26.32,26.45,25.425,26.055,440200
WLL,20120702,40.97,41.41,40.09,41.25,2162300
WM,20120702,33.55,33.55,33.03,33.27,3771000
WMB,20120702,28.82,29.04,28.5,29.04,5707600
WMC,20120702,19.5,19.9,19.25,19.51,253800
WMK,20120702,44.55,45.21,44.34,45.18,26700
WMS,20120702,20,20.21,19.84,20,566200
WMT,20120702,69.6,69.95,69.15,69.35,10426400
WNC,20120702,6.64,6.67,6.34,6.51,482900
WNR,20120702,22.27,23.02,22.03,22.99,1633900
WNS,20120702,9.7,9.98,9.49,9.63,55200
WOR,20120702,20.4,20.64,20.1,20.64,1150800
WPC,20120702,46.29,46.75,46,46.6,23200
WPX,20120702,15.9,15.98,15.21,15.9,2988000
WPZ,20120702,52.44,52.57,52.1,52.3,627100
WR,20120702,30.09,30.39,30.02,30.26,551400
WRB,20120702,39.04,39.33,38.95,39.29,456000
WRD,20120702,22.89,23,22.75,22.9,5800
WRE,20120702,28.5,28.86,28.28,28.86,377200
WRI,20120702,26.34,26.76,26.18,26.74,636900
WSM,20120702,35,35.51,34.74,35.47,1828400
WSO,20120702,73.54,74.53,72.99,74.15,269800
WSR,20120702,13.8,13.95,13.61,13.9,47900
WST,20120702,25.27,25.515,25.135,25.485,150200
WTI,20120702,15.3,15.45,14.71,15.22,993000
WTM,20120702,519.98,525.04,518.7,525.04,5700
WTR,20120702,19.68,20.504,19.648,20.488,1424100
WTS,20120702,33.59,33.85,32.59,33.18,265800
WTW,20120702,51.84,51.85,50.03,50.19,726800
WU,20120702,16.95,17.03,16.79,16.98,3242500
WWE,20120702,7.8,7.84,7.63,7.78,138900
WWW,20120702,19.23,19.335,18.77,18.91,1410200
WY,20120702,22.34,22.38,22.05,22.34,3772500
WYN,20120702,52.87,53,52.12,52.89,1184500
X,20120702,20.53,21.04,20.18,20.93,7879100
XCO,20120702,7.64,7.71,7.35,7.65,3928800
XEC,20120702,54.2,54.75,53.16,54.37,998300
XEL,20120702,28.36,28.85,28.36,28.73,3259000
XIN,20120702,3.01,3.07,3,3.02,133000
XKE,20120702,9,9,9,9,0
XL,20120702,21.11,21.26,20.94,21.08,2601400
XNY,20120702,5.56,5.92,5.52,5.92,61600
XOM,20120702,85.44,85.47,84.54,85.34,14447900
XOXO,20120702,8.88,8.96,8.8,8.96,175300
XPO,20120702,16.82,16.82,16.1,16.32,251500
XRM,20120702,2.91,3.03,2.83,3.02,51300
XRX,20120702,7.89,7.89,7.76,7.87,8557200
XYL,20120702,25.27,25.46,24.9,25.04,708600
Y,20120702,339.48,341,335.54,339.89,65900
YELP,20120702,23.4,23.74,22.97,23.74,336700
YGE,20120702,27.4,28.2,26.8,27.9,1236300
YPF,20120702,12.25,12.83,12.12,12.58,795400
YUM,20120702,64.71,64.71,63.33,63.95,3201400
ZB-A,20120702,20,20,20,20,6100
ZB-F,20120702,27,27.5,27,27.01,900
ZF,20120702,11.99,12.03,11.94,12.03,42700
ZNH,20120702,21.91,22.11,21.81,21.92,53800
ZTR,20120702,12.28,12.32,12.27,12.29,116100
ZX,20120702,2.42,2.6,2.41,2.42,18600
