<ticker>,<date>,<open>,<high>,<low>,<close>,<vol>
A,20080520,35.97,35.99,35.01,35.62,2748200
AA,20080520,132.24,132.27,126.78,129.69,15140800
AAP,20080520,38.89,39.54,38.24,38.94,2311300
AAV,20080520,12.8,13.17,12.74,13.06,1371700
AB,20080520,64.87,64.98,63.69,64.54,277400
ABB,20080520,32.53,32.76,32.28,32.57,4858600
ABC,20080520,20.725,20.825,20.675,20.755,755100
ABG,20080520,17.18,17.21,16.77,16.98,201400
ABM,20080520,20.89,21.02,20.63,20.89,124700
ABR,20080520,15.34,15.69,15.34,15.47,146000
ABT,20080520,55.17,55.3,54.46,54.68,5070600
ABX,20080520,41.38,42.53,41.2,42.35,9247100
ACC,20080520,30.57,30.84,30.31,30.39,490800
ACH,20080520,45.88,45.99,44.81,45.24,1367700
ACM,20080520,31.15,32,30.93,31.94,2389700
ACN,20080520,38.56,38.56,37.35,37.87,1850000
ACV,20080520,26.44,26.54,25.85,26.14,507400
ADC,20080520,25.77,25.82,25.28,25.57,27500
ADM,20080520,43.9,44.4,43.63,43.96,3335400
ADS,20080520,58.15,58.56,57.31,57.88,1243400
ADX,20080520,13.15,13.18,13.1,13.14,69100
AEB,20080520,20.25,20.41,19.76,19.81,23000
AED,20080520,21.63,21.65,21.35,21.53,26300
AEE,20080520,45.93,46.06,45.52,45.65,1514200
AEG,20080520,15.68,15.74,15.53,15.65,580000
AEH,20080520,21,21.1,21,21.04,24800
AEL,20080520,10.39,10.44,10.23,10.3,261100
AEM,20080520,69.99,73.11,69.99,73.11,2326000
AEO,20080520,17.59,17.93,17.45,17.8,4180500
AEP,20080520,43.06,44.15,43.06,43.86,4748600
AER,20080520,17.87,17.93,16.88,17.73,302800
AES,20080520,19.81,19.81,19.46,19.53,3312200
AES-C,20080520,48.62,48.95,48.25,48.59,7400
AET,20080520,43.69,44.74,43.69,44.41,3864500
AF,20080520,23.07,23.21,22.93,23.07,674600
AFB,20080520,13.96,13.98,13.91,13.98,46500
AFC,20080520,17.33,17.6,17.33,17.49,14100
AFG,20080520,28.28,28.48,28.04,28.48,715300
AFL,20080520,66.87,67.39,66.87,67.11,2190300
AG,20080520,56.78,58.11,56.6,57.99,2343600
AGC,20080520,15.11,15.29,15.01,15.16,161500
AGCO,20080520,56.78,58.11,56.6,57.99,2343600
AGD,20080520,37.76,38.08,37.64,38.08,62200
AGM,20080520,28.22,28.27,26.8,27.67,119200
AGM.A,20080520,17,17,16.23,16.3,2000
AGN,20080520,54.99,55.17,53.88,54.36,1686700
AGO,20080520,23.72,23.76,22.85,23.69,1273200
AGU,20080520,87.4,88.89,85.58,88.89,3297300
AHC,20080520,8.45,8.45,8,8.07,177200
AHL,20080520,24.78,25.21,24.78,25.01,596100
AHL-A,20080520,22.28,22.28,21.88,22.05,3700
AHT,20080520,6.37,6.42,6.26,6.28,991900
AHT-A,20080520,19.3,19.3,19.3,19.3,100
AHT-D,20080520,19.3,19.4,18.69,18.7,4500
AIB,20080520,216.55,217.1,214,215.15,174000
AIG,20080520,774.6,779,755.2,762.4,46455900
AIN,20080520,33.99,34.03,33.54,33.77,147900
AIR,20080520,22.41,22.58,21.48,21.73,606900
AIT,20080520,27.37,27.67,26.86,27.37,347300
AIV,20080520,40.19,40.22,39.48,39.69,897800
AIZ,20080520,66.89,67.43,66.44,66.62,767000
AJG,20080520,26.15,26.24,25.9,26.01,468300
AKO.A,20080520,16.69,17.13,16.69,16.92,3800
AKO.B,20080520,19,19.21,18.57,19.21,21800
AKP,20080520,14.2,14.23,14.2,14.2,3100
AKR,20080520,25.08,25.25,24.75,24.85,178800
AKS,20080520,70.13,72.89,68.01,72.89,2779200
ALB,20080520,42.86,43,42.23,42.74,679400
ALE,20080520,43.08,43.49,43.03,43.37,202200
ALG,20080520,23.22,23.22,22.31,22.49,25500
ALJ,20080520,15.73,15.75,14.8,14.92,272100
ALK,20080520,5.36,5.36,5.0975,5.15,420400
ALL,20080520,49.73,50,49.67,49.78,3061400
ALP-O,20080520,23.95,23.95,23.9,23.9,900
ALV,20080520,58.66,58.72,57.9,58.02,536600
ALX,20080520,336.78,338.03,331.03,336.69,5400
AM,20080520,19.23,19.29,18.88,19.15,302200
AME,20080520,22.4489,22.5867,21.8755,22.1333,1036900
AMG,20080520,102.18,102.18,99.22,99.75,540500
AMN,20080520,109.98,110.58,108.51,110.58,105700
AMP,20080520,49.08,49.21,47.77,48.15,2920500
AMT,20080520,45.18,45.47,44.59,44.96,2529300
AMX,20080520,28.45,28.5,28.06,28.395,6034500
AN,20080520,16.26,16.29,15.8,16.08,1934400
ANF,20080520,74.06,74.43,73.24,73.55,1604500
ANH,20080520,6.88,6.96,6.76,6.83,969800
ANH-A,20080520,22.05,22.2,22.05,22.15,2000
ANH-B,20080520,18.05,18.05,18.05,18.05,100
ANW,20080520,41,41.8,40.46,41.31,457500
AOD,20080520,34.5,35.1,34.38,35.1,493600
AOI,20080520,59.4,60.8,57.8,60.1,323100
AON,20080520,47,47.2,46.61,46.78,1688200
AOS,20080520,5.8584,5.97,5.8517,5.885,191500
AP,20080520,44.65,46.32,44.54,45.73,80000
APA,20080520,145.5,147.9,144.26,146.8,4708800
APB,20080520,21.98,21.98,21.6,21.66,80700
APC,20080520,78.19,78.88,77.72,78.49,8077500
APD,20080520,101.5,103,100.8,102.71,1180400
APF,20080520,20.52,20.6,20.27,20.55,45900
APH,20080520,23.5,23.5,23.035,23.225,662100
APU,20080520,34.97,34.98,34.72,34.86,72400
ARA,20080520,86.91,87.57,85.62,87.49,720100
ARE,20080520,104.6,105.2,103.36,103.86,505500
ARL,20080520,11.85,12,11.75,11.94,3300
ARW,20080520,30.28,30.65,29.65,30.12,1469000
ASA,20080520,28.7233,29.3833,28.6667,29.3267,40000
ASG,20080520,4.99,5.02,4.95,4.97,81200
ASH,20080520,57.4,57.46,56.88,57.32,509400
ASR,20080520,54.75,54.96,53,53.61,125300
ASX,20080520,5.57,5.57,5.43,5.44,217800
ATI,20080520,81.45,82,78.76,81.61,1682400
ATO,20080520,28.16,28.39,27.97,28.05,400700
ATR,20080520,43.86,44.67,43.45,44.27,489700
ATU,20080520,35.01,35.03,34.21,34.95,356400
ATV,20080520,7.72,7.72,7.52,7.59,78400
ATW,20080520,54.615,55.99,54.5,55.36,677300
AU,20080520,39.78,40,39.48,39.96,1008800
AUO,20080520,19.27,19.27,18.52,18.78,3476800
AUY,20080520,15.42,15.92,15.31,15.92,12356100
AVA,20080520,21.25,21.38,20.99,21.19,462600
AVB,20080520,104.4,105.01,103.31,104.07,624100
AVD,20080520,14.23,14.7,14.22,14.44,131800
AVK,20080520,23.95,24.2,23.74,23.89,36400
AVP,20080520,38.61,38.97,38.19,38.4,1562600
AVT,20080520,27.82,27.89,27.09,27.36,1798000
AVX,20080520,13.47,13.47,13.18,13.3,162100
AVY,20080520,50.7,50.83,49.86,50.51,645200
AWF,20080520,13.77,13.77,13.58,13.61,259900
AWH,20080520,15.25,15.6067,15.11,15.3767,166600
AWI,20080520,33.8,34.03,33.52,33.85,299900
AWK,20080520,21.75,21.97,21.45,21.65,504000
AWP,20080520,13.65,13.65,13.38,13.52,220300
AWR,20080520,17.09,17.32,16.825,16.995,62000
AXE,20080520,64.38,64.47,63.33,64.16,173400
AXL,20080520,21.23,21.23,19.62,19.82,1923000
AXP,20080520,47.93,48.19,46.93,47.31,10335600
AXR,20080520,53.4,53.62,49.51,50.55,36400
AXS,20080520,35.45,35.56,34.84,35.17,923100
AYI,20080520,50.7,51.06,50.38,50.9,430000
AYR,20080520,15.68,15.72,15.05,15.11,650400
AZN,20080520,45.26,45.27,44.27,44.57,1839900
AZO,20080520,129,130.79,125.67,126.99,1028600
AZZ,20080520,14.625,14.785,14.255,14.76,150200
B,20080520,31.84,31.87,30.77,31.46,457200
BA,20080520,87.05,87.05,84.61,85.14,5697900
BAC,20080520,35.84,35.95,35.27,35.39,36537300
BAC-C,20080520,24.02,24.04,23.75,23.82,122300
BAC-D,20080520,21.75,21.9,21.65,21.8,172400
BAC-E,20080520,18.51,18.6,18.3,18.39,61700
BAC-I,20080520,23.12,23.12,22.85,22.96,125900
BAC-L,20080520,1050,1050,1039.41,1039.41,46100
BAC-W,20080520,24.41,24.55,24.38,24.45,58800
BAC-Y,20080520,21.25,21.25,20.76,21.12,33600
BAF,20080520,13.02,13.09,13.02,13.09,9600
BAK,20080520,16.04,16.16,16.01,16.11,114200
BAM,20080520,24.46,24.6133,23.5067,23.5933,2266000
BAP,20080520,81.7,82.07,81,81.19,115600
BAS,20080520,28.82,29,28.46,28.91,185700
BAX,20080520,61.27,61.75,61.05,61.37,2251200
BBD,20080520,17.6591,17.7273,17.3939,17.6515,10529700
BBF,20080520,14.85,14.93,14.85,14.86,8600
BBG,20080520,57.17,58.89,56.56,58.42,692300
BBK,20080520,15.34,15.46,15.25,15.45,19500
BBL,20080520,81.31,81.55,79.38,80.56,914600
BBT,20080520,34.18,34.29,33.5,33.66,4200300
BBVA,20080520,23.55,23.61,23.36,23.52,794700
BBW,20080520,8.66,9.01,8.55,8.92,323200
BBX,20080520,11.5,11.5,10.6,11.25,1086600
BBY,20080520,43.93,43.96,42.86,43.34,5173400
BC,20080520,16.42,16.45,15.93,16,1859500
BCE,20080520,36.87,37.98,36.87,37.75,2567100
BCH,20080520,49.91,49.91,48.75,49.28,33500
BCO,20080520,72.21,72.34,70.86,71.16,313000
BCR,20080520,90.06,90.94,90.06,90.72,572900
BCS,20080520,32.24,32.52,31.9,32.07,1133800
BCS-A,20080520,24.29,24.39,24.08,24.08,83000
BCS-D,20080520,25.21,25.25,25.08,25.2,813800
BDC,20080520,38.14,39.17,38,38.93,695900
BDJ,20080520,11.41,11.43,11.35,11.37,153700
BDN,20080520,19.24,19.36,18.98,19.11,454400
BDX,20080520,83.59,84.81,83.3,84.12,1958200
BEN,20080520,34.0567,34.0833,33.5567,33.8767,1480700
BEP,20080520,17.1,17.1,16.97,16.97,40700
BF.A,20080520,25.06,25.2467,24.9367,25.06,3900
BF.B,20080520,24.5,24.8134,24.4167,24.64,334600
BFK,20080520,14.78,14.92,14.78,14.84,67000
BFO,20080520,12.96,13.01,12.96,13.01,5000
BFR,20080520,6.38,6.51,6.17,6.28,292600
BFS,20080520,50.53,50.8,49.92,50.54,58600
BFZ,20080520,15.82,15.9,15.77,15.79,20200
BG,20080520,123.39,123.4,119.53,122.34,1510800
BGC,20080520,73.3,73.3,71.37,73.12,723300
BGE-B,20080520,22.96,23.52,22.96,23.34,14100
BGG,20080520,15.67,15.78,15.06,15.23,981200
BGH,20080520,25.52,25.52,25.25,25.32,22600
BGR,20080520,36.4,36.57,36.23,36.48,129500
BGS,20080520,9.65,9.65,9.56,9.6,126400
BGT,20080520,15.45,15.58,15.45,15.55,73500
BGY,20080520,16.95,17,16.81,17,208100
BHE,20080520,17.7,17.82,17.36,17.54,379200
BHI,20080520,86.98,87.36,85.52,87.03,4323600
BHK,20080520,12.29,12.38,12.26,12.38,48200
BHL,20080520,14.69,14.85,14.69,14.8,17900
BHP,20080520,90.1,91.24,88.56,89.69,7023300
BID,20080520,27.93,27.99,26.54,27,2997700
BIF,20080520,8.39,8.39,8.32,8.38,107300
BIG,20080520,27.85,27.85,27.22,27.58,1209900
BIP,20080520,13.7267,13.7667,13.3533,13.5133,78300
BJZ,20080520,15.16,15.17,15.16,15.17,1000
BK,20080520,44.92,44.96,44.1,44.28,5238500
BKD,20080520,26.02,26.34,25.66,26.09,364800
BKE,20080520,50.01,50.42,49.46,49.5,261700
BKH,20080520,35.6,35.98,35.36,35.62,212600
BKK,20080520,14.9,14.96,14.75,14.87,53300
BKN,20080520,15.73,15.82,15.65,15.82,12000
BKS,20080520,30.15,30.29,29.57,29.95,496100
BKT,20080520,6.13,6.15,6.13,6.14,148500
BLH,20080520,16.1,16.1,15.97,15.97,2000
BLK,20080520,211.4,211.4,204.28,206.65,412700
BLL,20080520,27.02,27.15,26.775,27.02,893100
BLW,20080520,15.84,15.84,15.74,15.81,114400
BLX,20080520,17.49,17.59,17.33,17.46,187700
BMA,20080520,20.79,21.3,20.43,21.3,269600
BME,20080520,25.45,25.47,25.25,25.25,13000
BMO,20080520,49.95,50.17,49.25,49.36,316500
BMS,20080520,26.05,26.81,26.05,26.45,2108800
BMY,20080520,22.02,22.39,22,22.08,12097800
BNJ,20080520,16.97,16.97,16.42,16.9,5700
BNS,20080520,48.98,49.58,48.7,49.05,302900
BNY,20080520,16.3,16.36,16.16,16.16,4500
BOE,20080520,26.75,26.81,26.54,26.75,26700
BOH,20080520,54.4,54.44,53.79,53.95,502700
BP,20080520,75.31,75.34,73.79,74.93,5065400
BPK,20080520,15.74,15.78,15.67,15.75,9200
BPL,20080520,49.24,49.65,49.03,49.63,92000
BPT,20080520,95.97,97.25,95.3,96.88,162800
BQH,20080520,16.17,16.22,16.17,16.22,600
BR,20080520,21.94,22.28,21.8,21.98,730900
BRC,20080520,33.1,33.6,32.71,33.54,211800
BRK.A,20080520,124400,124950,122320,123300,700
BRK.B,20080520,83.14,83.34,81.62,82.02,27700
BRO,20080520,19.1,19.11,18.9,19.04,531500
BRS,20080520,57.88,57.88,56.4,57.06,318800
BRT,20080520,12.74,12.75,12.5,12.67,45400
BSD,20080520,14.56,14.63,14.56,14.63,5700
BSE,20080520,13.99,14.02,13.93,14.02,6600
BSX,20080520,13.34,13.7,13.26,13.55,9214400
BT,20080520,22.905,22.985,22.6,22.715,314000
BTA,20080520,11.7,11.73,11.65,11.73,34200
BTE,20080520,29.43,30.27,29.25,30.15,491600
BTO,20080520,23.2,23.36,22.92,23,185400
BTZ,20080520,17.03,17.07,16.91,17.07,99400
BUD,20080520,50.29,51.28,50,50.65,6564400
BVN,20080520,16.568,17.115,16.568,16.893,618700
BW,20080520,33.68,33.95,33.06,33.9,173600
BWA,20080520,27.545,27.585,26.755,26.96,1810000
BWP,20080520,26,26.37,25.77,26.08,191600
BX,20080520,20.1,20.38,19.63,20.27,1409800
BXC,20080520,49.7,52.8,49.5,51.4,69600
BXP,20080520,99.62,100.07,98.15,99.01,605800
BXS,20080520,23.91,24.36,23.65,24.16,535000
BYD,20080520,17.88,18.1,17.3,17.42,1181800
BYM,20080520,14.02,14.24,14.02,14.13,32100
BZH,20080520,40.75,41.5,38.55,40.75,1763600
C,20080520,228,228.5,220.1,221.1,8972410
C-P,20080520,24.82,24.82,24.45,24.62,942000
C-S,20080520,20.39,20.39,20.02,20.12,41900
CAB,20080520,14.85,14.85,14.04,14.2,441800
CACI,20080520,50.97,51.03,50.27,50.95,293400
CAE,20080520,46.17,46.86,45.7,46.39,87500
CAF,20080520,46.01,46.07,43.94,44,376400
CAG,20080520,23.79,23.8,23.41,23.63,3381100
CAH,20080520,55.9,56.15,55.41,55.63,818300
CAI,20080520,50.97,51.03,50.27,50.95,293400
CAJ,20080520,54.03,54.18,53.38,53.56,515000
CAL,20080520,16.52,16.64,16.03,16.35,5132100
CAS,20080520,32.51,32.51,31.68,32.03,141800
CAT,20080520,83.59,84.05,82.75,83.84,5570200
CB,20080520,53.76,53.89,53.45,53.54,1304000
CBB,20080520,21.35,21.75,21.25,21.55,1244900
CBB-B,20080520,43.5,43.8,43.5,43.8,5500
CBD,20080520,22.805,23.015,22.625,22.86,141300
CBG,20080520,24,24.09,22.87,23.21,2254800
CBI,20080520,44.5,44.5,42.23,43.88,1718200
CBK,20080520,10.05,10.33,9.98,10.2,230500
CBL,20080520,27.2,27.29,26.73,26.78,315900
CBL-D,20080520,21.97,21.97,21.67,21.67,3800
CBM,20080520,6.21,6.41,5.98,5.98,129600
CBR,20080520,6.72,7.02,6.55,6.72,482200
CBS,20080520,23.17,23.35,23,23.12,8408100
CBS.A,20080520,23.13,23.33,23.08,23.13,15900
CBT,20080520,33.33,33.39,32.82,32.9,240700
CBU,20080520,24.03,24.19,23.5,23.66,261000
CBZ,20080520,8.21,8.52,8.07,8.45,437200
CC,20080520,4.95,4.95,4.8,4.85,4600000
CCC,20080520,17.99,18.34,17.71,17.8,442200
CCE,20080520,21.65,21.68,21.41,21.49,3277000
CCI,20080520,42.5,42.5,41.85,42.32,897100
CCJ,20080520,42.76,44,41.71,43.34,4194300
CCK,20080520,28.4,28.95,28.11,28.68,858400
CCL,20080520,39.13,39.48,39.06,39.22,5431400
CCO,20080520,20.26,20.42,20.1,20.35,306000
CCS,20080520,22.69,22.69,22.25,22.3,29600
CCU,20080520,13.956,13.96,13.92,13.92,15460800
CCZ,20080520,37.74,37.74,37.74,37.74,0
CDE,20080520,34.2,34.3,33,33.6,15223200
CDI,20080520,28.29,28.45,27.5,27.82,75200
CDR,20080520,11.93,11.97,11.77,11.95,292900
CE,20080520,47.95,48.92,47.24,48.73,1497200
CEA,20080520,22.56,22.72,22.2,22.235,20300
CEE,20080520,57.58,58,56.77,57.09,72800
CEL,20080520,36.39,36.39,35.56,35.76,379800
CEM,20080520,7.93,8.02,7.82,7.94,976600
CEO,20080520,194,194.58,191.8,192.31,639900
CF,20080520,26.802,27.44,26.278,27.09,1859100
CFC-B,20080520,15.31,15.35,15.23,15.28,128100
CFI,20080520,7.23,7.23,7.1,7.18,6100
CFR,20080520,57,57.07,56.42,56.68,267200
CFX,20080520,23.82,23.82,22.65,23,530600
CGI,20080520,36.63,36.68,36.59,36.67,366100
CHA,20080520,69.25,69.25,67.53,67.75,325600
CHD,20080520,14.225,14.3275,14.2075,14.3075,420200
CHE,20080520,34,35.65,33.3,35.3,839000
CHH,20080520,34.06,34.06,33.67,33.8,162800
CHK,20080520,58.41,59.32,57.26,57.26,25278200
CHK-D,20080520,143.5,148.47,142.26,144,62000
CHL,20080520,83.75,83.83,80.92,82.03,4304000
CHN,20080520,35.83,35.85,35.2,35.41,67500
CHS,20080520,7.67,7.77,7.38,7.42,2458500
CHT,20080520,26.04,26.04,24.84,25.13,868800
CHU,20080520,21.15,21.21,20.75,20.81,1460500
CI,20080520,40.02,40.36,38.87,39.55,4683900
CIA,20080520,6.11,6.38,6,6.02,130000
CIB,20080520,39.05,39.16,37.82,38.4,820000
CIF,20080520,3.09,3.1,3.07,3.09,26300
CIG,20080520,11.7862,11.863,11.4893,11.735,2058900
CIG.C,20080520,20.5,20.5,20,20,1500
CII,20080520,19.5,19.5,19.39,19.49,13800
CIM,20080520,13.6,13.74,13.3,13.49,325500
CIR,20080520,50.32,51.35,50.04,51.34,103400
CIT,20080520,12.24,12.24,11.39,11.63,6364600
CKH,20080520,90.24,91.44,90.24,90.91,155700
CL,20080520,35.935,36.305,35.775,35.89,3646300
CLB,20080520,68.83,70.985,68.83,70.175,197200
CLC,20080520,40.88,41.23,40.55,41.05,202500
CLF,20080520,93.56,97.48,93,97.42,2275700
CLI,20080520,38.81,39.03,38.3,38.51,337400
CLR,20080520,26.045,31.845,26.045,31.42,4930900
CLS,20080520,9.55,9.76,9.44,9.6,1156000
CLX,20080520,58.72,59.11,58.44,58.55,1246200
CM,20080520,74.71,75.29,73.5,73.97,425500
CMA,20080520,38.29,38.29,37.03,37.12,2141000
CMC,20080520,33.93,35.39,33.88,35.38,2002200
CMG,20080520,90.2,90.44,87.17,89.4,801900
CMI,20080520,70.69,70.85,69.25,69.8,3906500
CMO,20080520,13.52,13.6,13.18,13.31,921900
CMP,20080520,72.87,72.87,70.25,72.16,546100
CMS,20080520,15.44,15.59,15.34,15.43,2401100
CMS-B,20080520,82.5,82.5,82.5,82.5,0
CMU,20080520,5.07,5.09,5.06,5.06,54500
CNA,20080520,30.52,30.57,30.04,30.19,548700
CNC,20080520,9.575,9.7,9.475,9.59,240200
CNI,20080520,28.63,28.685,28.215,28.355,1267300
CNK,20080520,13.81,13.88,13.33,13.52,231800
CNO,20080520,11.55,12.04,11.5,11.7,2041100
CNP,20080520,15.82,16.13,15.78,16.03,4143200
CNQ,20080520,53.165,53.275,52.02,53.12,3698600
CNS,20080520,31.51,31.54,30.18,31.01,368100
CNX,20080520,96.38,99.74,95.08,99.18,3145900
COF,20080520,50.85,50.85,49.2,49.76,10792100
COG,20080520,15.4875,16.0325,15.4875,15.885,788600
COH,20080520,36.27,36.3,35.24,35.91,4737800
COL,20080520,66.1,66.1,64.9,65.33,738500
COO,20080520,38.8,39.35,38.64,39.27,504500
COP,20080520,93.38,94.14,93.06,93.55,15881200
COT,20080520,2.75,3.03,2.71,3,1788000
CP,20080520,74.57,74.73,73.79,74.23,325400
CPA,20080520,34.05,34.5,33.56,33.94,734300
CPB,20080520,33.54,33.54,32.83,33.18,4460500
CPE,20080520,26.5,26.85,26.1,26.32,265100
CPF,20080520,306,308,302,303.2,264900
CPK,20080520,18.86,19.04,18.86,18.9867,14300
CPL,20080520,23.84,23.92,23.5833,23.7533,137200
CPN,20080520,21.5,21.6,21.19,21.2,1084200
CPS,20080520,48.38,48.6,48.38,48.55,292700
CPT,20080520,52.07,52.54,51.01,51.35,575700
CR,20080520,42.78,42.85,42.39,42.56,371800
CRD.A,20080520,4.84,4.92,4.75,4.88,14000
CRD.B,20080520,5.66,5.68,5.5,5.58,28200
CRH,20080520,38.48,38.94,38.27,38.65,856900
CRI,20080520,14.85,14.87,14.46,14.77,258500
CRK,20080520,276.1,288.8,276.1,284.55,843500
CRL,20080520,65,65.21,64.09,64.81,466200
CRM,20080520,16.435,16.435,15.6,15.7,3150500
CRR,20080520,49.36,49.8,48.96,49.36,202000
CRS,20080520,60.83,61.21,59.21,60.72,674900
CRT,20080520,50.65,51.5,50.49,51.5,20200
CRY,20080520,10.87,11.02,10.7,11.01,212500
CS,20080520,53.88,53.99,53.18,53.61,445500
CSC,20080520,47.44,47.55,46.52,47.14,916600
CSL,20080520,32.52,32.52,32,32.28,608000
CSS,20080520,30.52,31.06,30.14,30.46,30500
CSU,20080520,8.66,8.89,8.5,8.58,76900
CSV,20080520,7.28,7.59,7.25,7.28,34300
CTB,20080520,12.26,12.37,12.11,12.22,699100
CTL,20080520,35.5,35.57,34.75,34.96,751300
CTR,20080520,15.15,15.41,14.83,14.99,98800
CTS,20080520,10.6,10.79,10.52,10.67,130600
CTV,20080520,51.53,52.43,51.29,52.19,682500
CTX,20080520,23.03,23.06,21.6,21.81,5333800
CUB,20080520,27.95,28.04,27.49,27.66,143200
CUK,20080520,38.35,38.53,38.15,38.28,617600
CUZ,20080520,27.98,28.25,27.21,27.53,265800
CVA,20080520,28.17,28.32,27.85,28.31,462500
CVB,20080520,9.95,9.95,9.95,9.95,100
CVG,20080520,16.61,16.61,15.95,16,510000
CVI,20080520,23.93,24.43,23.6,24.19,355800
CVO,20080520,88.56,89.68,86.24,87.12,447300
CVS,20080520,42.89,43.13,42.3,42.69,5922900
CVX,20080520,102.76,103.25,102.22,103.09,16271400
CW,20080520,50.22,50.39,49.46,50.09,184200
CWT,20080520,17.995,18.31,17.935,18.05,53800
CX,20080520,31.59,31.8,30.79,31.26,4549600
CXE,20080520,5.4,5.52,5.4,5.48,74500
CXH,20080520,9.56,9.57,9.5,9.51,3100
CXO,20080520,29,31.1,28.99,30.78,1317400
CXP,20080520,12.63,12.76,12.62,12.66,58800
CXW,20080520,25.4,25.85,25.23,25.7,564200
CYD,20080520,11.6,11.66,11.2,11.65,185300
CYH,20080520,37.08,37.17,36.45,36.76,1010500
CZZ,20080520,13.16,13.56,13.1,13.47,402400
D,20080520,45.99,46.58,45.71,46.37,2313200
DAC,20080520,26.38,27.14,26.14,27.14,161400
DAL,20080520,7.1,7.1,6.68,6.9,7107100
DAN,20080520,11.77,11.88,11.72,11.8,434800
DAR,20080520,14.59,15.03,14.45,14.98,1751200
DB,20080520,118.25,118.3,117.42,118.15,335500
DBD,20080520,40.09,40.25,39.29,39.47,1031400
DCA,20080520,7.66,7.76,7.66,7.68,49300
DCI,20080520,23.335,23.485,23.155,23.375,173200
DCM,20080520,15.03,15.03,14.81,14.9,222900
DCO,20080520,32.5,32.69,31.63,32.54,36100
DCT,20080520,38.24,38.6,36.8,37.44,3031500
DD,20080520,49.24,49.66,48.67,48.95,5737900
DD-A,20080520,63.5,63.5,63.5,63.5,100
DD-B,20080520,80.01,82,80.01,82,400
DDD,20080520,2.9567,2.9767,2.84,2.9333,122500
DDE,20080520,8.51,8.6,8.4,8.58,42800
DDF,20080520,10.39,10.39,10.15,10.16,37300
DDR,20080520,42.26,42.42,41.3,41.68,1023300
DDS,20080520,18.46,18.52,17.84,17.96,1145900
DDT,20080520,18.41,18.84,18.3,18.7,12500
DE,20080520,80.5,82.5,79.92,82.01,7590800
DECK,20080520,46.1233,46.9967,45.18,45.6367,675300
DEI,20080520,24.64,24.8,24.24,24.35,496300
DEL,20080520,51.7,51.74,50.47,50.96,19700
DEO,20080520,79.92,80.1,79.49,79.98,617500
DEX,20080520,14.58,14.58,14.36,14.52,32800
DF,20080520,46.42,46.48,45.82,46.3,1273500
DFP,20080520,20.2,21,20.05,20.25,4000
DFS,20080520,18.32,18.45,17.42,17.9,5609700
DFT,20080520,18.58,18.77,18.37,18.77,125900
DGX,20080520,49.9,51.04,49.88,50.44,703600
DHF,20080520,3.78,3.78,3.76,3.78,82900
DHG,20080520,14.72,14.73,14.5,14.7,161000
DHI,20080520,14.91,14.91,14.15,14.32,8971400
DHR,20080520,39.035,39.33,38.53,39.1,2153400
DHT,20080520,137.52,140.52,134.4,140.28,719200
DHX,20080520,6.83,6.89,6.74,6.79,40200
DIS,20080520,34.5,34.6,33.98,34.09,12635200
DK,20080520,12.5,12.65,12.07,12.58,278700
DKL,20080520,17.3,17.32,17.07,17.24,16200
DKS,20080520,27.67,27.67,26.79,26.96,1957500
DLB,20080520,45.53,45.85,44.75,45.71,467400
DLR,20080520,41.99,42.49,41.58,41.93,1121600
DLX,20080520,22.8,23,22.6,22.81,364900
DM,20080520,16.08,16.59,15.99,16.26,125500
DNB,20080520,92.05,92.25,90.79,91.42,187200
DNP,20080520,11.17,11.21,11.15,11.21,197100
DNR,20080520,35.92,36.92,35.76,36.6,2012800
DO,20080520,146.67,146.67,143.26,145.68,1840900
DOV,20080520,53.05,53.61,52.72,53.42,2196500
DOW,20080520,42.41,42.68,42,42.51,6691800
DPM,20080520,30.92,31.1,30.6,30.64,81400
DPS,20080520,25.7,25.94,25,25.55,8338000
DPZ,20080520,12.87,12.93,12.77,12.9,235200
DRE,20080520,26.68,26.81,26.14,26.63,2490700
DRH,20080520,13.78,13.96,13.54,13.92,1190300
DRI,20080520,35.9,36.18,34.19,34.47,2347600
DRQ,20080520,61.15,61.73,60.36,61.32,367500
DSL,20080520,9.21,9.21,8.46,8.61,642600
DSM,20080520,7.96,7.96,7.9,7.92,52800
DST,20080520,61.5,61.54,60.5,61.06,851600
DSU,20080520,17.49,17.49,17.31,17.37,515500
DSW,20080520,6.955,6.975,6.855,6.865,339000
DSX,20080520,38.2,38.97,35.72,38.8,3136700
DTE,20080520,43.99,44.27,43.74,43.82,872800
DTF,20080520,13.85,13.93,13.74,13.85,23100
DTK,20080520,24.56,24.7,24.54,24.69,287800
DUC,20080520,11.33,11.35,11.28,11.33,47400
DUK,20080520,55.74,56.43,55.53,55.77,5741500
DV,20080520,53.65,53.89,51.75,53.51,903800
DVA,20080520,25.835,26.04,25.55,25.795,221400
DVD,20080520,6.35,6.35,6.32,6.32,3400
DVN,20080520,123.36,125.41,121.89,124.36,4229600
DW,20080520,23.37,23.39,22.94,22.99,204300
DX,20080520,8.83,8.87,8.81,8.86,2300
DXB,20080520,22.54,22.63,22.4,22.6,77900
DY,20080520,15.9,16.04,15.55,15.89,274800
DYN,20080520,47.05,47.5,46.5,47.4,5773500
E,20080520,82.12,82.42,81.6,82.35,597100
EAT,20080520,22.33,22.34,21.23,21.6,1446800
EBF,20080520,17.53,17.94,17.13,17.27,66700
EBS,20080520,8.89,8.89,8.64,8.76,91100
ECA,20080520,95.99,96.89,95.33,96.89,4176800
ECL,20080520,45.24,45.6,44.89,45.25,1335400
ED,20080520,41.82,42.08,41.69,41.81,1677100
EDD,20080520,17.52,17.52,17.34,17.44,175300
EDE,20080520,20.85,21.05,20.83,21.03,134500
EDF,20080520,13.05,13.14,12.96,13.02,96700
EDN,20080520,16.78,17,16.61,16.85,67900
EDR,20080520,38.16,38.67,37.89,38.46,146900
EDU,20080520,20.2525,20.2525,18.96,19.0075,769100
EE,20080520,21.5,21.58,21.18,21.29,431600
EEA,20080520,11.12,11.18,11.07,11.13,10800
EEP,20080520,25.255,25.545,25.255,25.475,164500
EEQ,20080520,26,26.545,26,26.365,34800
EFR,20080520,14.8,14.88,14.8,14.82,55600
EFT,20080520,14.9,15.06,14.9,15.02,87900
EFX,20080520,38.35,38.35,37.77,37.93,388400
EGF,20080520,16.89,17,16.85,16.98,45900
EGN,20080520,74.62,76.52,74.62,75.95,754000
EGP,20080520,47.98,48.28,46.96,47.34,114800
EGY,20080520,7.8,8.25,7.8,7.98,1487800
EHI,20080520,12.25,12.34,12.23,12.26,140700
EIG,20080520,18.85,19.12,18.5,18.74,347800
EIX,20080520,53.98,53.99,52.98,53.21,2347200
EL,20080520,23.785,24.05,23.59,23.635,895000
ELP,20080520,17.87,18.19,17.67,18.09,352300
ELS,20080520,24.81,25.09,24.645,24.985,173600
ELY,20080520,13.13,13.24,13,13.19,768000
EMD,20080520,13.35,13.35,13.26,13.28,14200
EME,20080520,27.3,27.77,27.06,27.71,530700
EMF,20080520,22.84,22.87,22.7,22.8,48300
EMN,20080520,38.37,38.795,37.85,38.76,635300
EMO,20080520,25.39,25.6,25.39,25.43,2500
EMR,20080520,57.51,57.87,57.01,57.24,4070300
ENB,20080520,22.31,22.94,22.295,22.835,234700
ENH,20080520,34.24,34.84,34.21,34.66,362500
ENR,20080520,81.08,82.72,80.5,82.48,849800
ENS,20080520,33.85,33.85,32.37,32.95,1311000
ENZ,20080520,9.33,9.48,9.22,9.31,93800
EOD,20080520,16.81,16.82,16.65,16.74,146500
EOG,20080520,70.09,72.14,69.6,71.705,3343500
EOI,20080520,18.65,18.65,18.46,18.55,64400
EOS,20080520,18.06,18.12,18,18.03,92300
EP-C,20080520,43,43,42,42,8200
EPD,20080520,15.465,15.77,15.46,15.69,560000
EPE,20080520,31.28,31.49,31.2,31.46,194800
EPR,20080520,54.82,55.25,54.02,54.47,393300
EPR-C,20080520,22.27,22.27,22.27,22.27,200
EPR-E,20080520,28,28.1,27.05,27.05,3600
EQR,20080520,44.39,44.44,43.08,43.26,1542100
EQS,20080520,7.21,7.25,7.18,7.25,3300
EQT,20080520,72.84,74.49,72.7,74.46,762400
EQY,20080520,24.33,24.64,24.15,24.33,420500
ERF,20080520,49.08,49.4,48.63,49.08,650700
ERJ,20080520,41.89,41.89,41.4,41.56,388700
ES,20080520,22.25,22.54,21.46,22.2,236600
ESD,20080520,18.21,18.26,18.16,18.19,189200
ESE,20080520,48.45,48.83,47.94,48.54,97900
ESL,20080520,58.32,58.37,57.5,58.06,137700
ESS,20080520,119.71,120.86,117.93,119.12,175500
ESV,20080520,74.35,76.47,74.12,76.03,3142200
ETB,20080520,17.2,17.2,17.03,17.06,31800
ETE,20080520,16.93,16.94,16.675,16.7,186000
ETG,20080520,24.8,24.87,24.65,24.78,156000
ETH,20080520,28.38,28.5,27.44,28.06,521500
ETJ,20080520,18.71,18.8,18.61,18.71,149700
ETM,20080520,10.91,10.96,10.7,10.77,236300
ETN,20080520,44.895,44.975,44.29,44.72,2115400
ETO,20080520,33.07,33.07,32.85,32.93,53900
ETP,20080520,50.39,50.65,50.26,50.39,289000
ETR,20080520,120.45,122.38,120.44,121.89,2307000
ETV,20080520,17.15,17.17,17.01,17.15,107600
ETW,20080520,17.12,17.12,16.9,17.05,185400
ETY,20080520,16.8,16.88,16.64,16.7,279300
EV,20080520,40.6,41.04,39.98,40.5,1083600
EVC,20080520,5.55,5.64,5.43,5.58,217200
EVF,20080520,6.81,6.88,6.8,6.86,89900
EVG,20080520,15.78,15.85,15.75,15.81,78000
EVN,20080520,14.05,14.12,14.05,14.06,17300
EVR,20080520,14.13,14.59,14,14.31,656700
EVT,20080520,26.05,26.1,25.79,26.1,110200
EW,20080520,14.15,14.2425,14.09,14.155,283700
EXC,20080520,88,88.97,87.02,88.42,5237800
EXG,20080520,17.36,17.41,17.19,17.2,712800
EXP,20080520,37.57,37.92,37.41,37.86,558300
EXR,20080520,16.62,16.71,16.43,16.59,697200
F,20080520,8.02,8.03,7.87,8,43350100
FAC,20080520,3.03,3.11,3.03,3.07,27100
FAF,20080520,35.73,36.45,35.52,35.74,390900
FAM,20080520,16.65,16.73,16.61,16.7,55300
FBC,20080520,489,490,455,468,616700
FBP,20080520,159,160.65,156.75,158.1,413400
FBR,20080520,2.23,2.25,2.17,2.21,525500
FC,20080520,7.4,7.69,7.32,7.69,25400
FCE.A,20080520,41.61,41.74,40.43,40.43,213800
FCE.B,20080520,41.48,41.56,40.38,40.42,7100
FCF,20080520,11.26,11.29,11.02,11.11,362000
FCH,20080520,15.27,15.33,14.92,15.13,550100
FCH-A,20080520,20.14,20.14,19.97,20,5800
FCN,20080520,63.25,63.38,61.2,61.9,677900
FCT,20080520,14.65,14.74,14.52,14.55,114700
FCX,20080520,61.725,63,60.605,62.93,10232400
FDP,20080520,30.01,30.38,30,30.25,399100
FDS,20080520,63,63.29,61.59,62.08,463800
FDX,20080520,90.63,91,89.49,89.82,2588600
FE,20080520,78.9,79.44,78.11,78.84,1503900
FEO,20080520,18.76,18.92,18.66,18.9,23700
FF,20080520,9.73,9.76,9.6,9.63,59400
FFA,20080520,15.36,15.36,15.25,15.34,36300
FFC,20080520,15.8,15.87,15.74,15.82,74600
FFG,20080520,26.11,26.51,25.98,26.24,179900
FGB,20080520,13.81,13.88,13.32,13.32,39200
FGP,20080520,21.6,21.9,21.6,21.82,161700
FHN,20080520,9.73,9.76,9.25,9.4,3738300
FHY,20080520,39.51,39.6,38.52,38.73,64700
FIF,20080520,24.07,24.07,23.6,23.77,95400
FIG,20080520,15.54,15.67,14.92,15.12,305000
FII,20080520,35.72,35.72,35.08,35.32,933300
FIS,20080520,39.27,39.27,38.54,38.8,888700
FIX,20080520,13.51,13.85,13.51,13.7,376500
FL,20080520,12.62,12.7,12.41,12.59,995200
FLC,20080520,16.15,16.2,16.14,16.19,13400
FLO,20080520,11.5911,11.6445,11.3467,11.3733,645300
FLR,20080520,95.015,97.015,94.14,95.675,1527600
FLS,20080520,42.5,42.5,41.5267,42.11,426600
FLY,20080520,16.25,16.48,15.46,15.63,123500
FMC,20080520,34.3,34.5,34.05,34.46,556000
FMN,20080520,14.2,14.31,14.15,14.31,9900
FMO,20080520,22.2,22.95,21.94,22.64,55500
FMS,20080520,27.13,27.16,26.885,27.1,72600
FMX,20080520,46.09,46.26,45.36,45.45,586600
FMY,20080520,17.35,17.35,17.16,17.21,20000
FNB,20080520,14.82,14.86,14.65,14.72,278300
FNF,20080520,17.35,17.53,17.12,17.2,1266000
FOE,20080520,17.78,17.92,17.63,17.8,215700
FOF,20080520,16.16,16.3,16.07,16.3,70500
FOR,20080520,24.91,24.91,24.03,24.53,93100
FPL,20080520,65.8,66.73,65.43,65.7,2452500
FPO,20080520,17.24,17.33,16.95,17.18,109500
FPT,20080520,13.01,13.2,13.01,13.13,9800
FR,20080520,32.41,32.52,31.77,31.97,451200
FRA,20080520,15.88,15.97,15.76,15.79,78600
FRO,20080520,330.2,339.65,329.95,337.65,1586100
FRT,20080520,84.01,84.44,83.24,83.42,542000
FSB,20080520,23.58,23.69,23.15,23.34,14000
FSS,20080520,13.15,13.36,13.01,13.24,175200
FT,20080520,6.7,6.77,6.7,6.74,25500
FTI,20080520,39.225,39.34,38.37,39.015,2216100
FTK,20080520,18.37,19.4,18.21,19.02,1111300
FUL,20080520,24.7,24.91,24.24,24.4,351100
FUN,20080520,24.25,24.25,23.5,23.81,99100
G,20080520,13.59,13.59,13.35,13.45,54500
GAB,20080520,9.1,9.12,9.03,9.08,109500
GAB-D,20080520,24.06,24.06,23.76,23.76,5300
GAM,20080520,34.87,35,34.73,34.87,34000
GAM-B,20080520,24.23,24.48,24.23,24.26,5000
GBL,20080520,53.24,53.57,51.92,52.57,43900
GBX,20080520,24.3,24.71,23.64,24.04,164900
GCH,20080520,21.79,21.93,21.61,21.78,91300
GCI,20080520,29.65,29.76,29.25,29.5,4379500
GCO,20080520,23.82,24.06,23.02,23.91,348700
GCV,20080520,7.43,7.48,7.38,7.38,14200
GCV-B,20080520,24.33,24.33,24.33,24.33,500
GD,20080520,93.9,94.6,93.35,93.72,1538200
GDL,20080520,16.34,16.44,16.11,16.11,38800
GDV,20080520,19.66,19.68,19.55,19.62,141200
GDV-A,20080520,23.8,24.01,23.75,23.79,4000
GDV-D,20080520,24.9,25.12,24.71,25,7100
GE,20080520,32.27,32.27,31.55,31.72,68563500
GEF,20080520,66.25,66.64,64.55,64.94,355400
GEF.B,20080520,58.55,58.55,57.68,57.68,900
GEO,20080520,23.34,23.73,22.97,23.27,510200
GER,20080520,25.85,26.06,25.81,26,41100
GES,20080520,40.91,40.91,39.73,40.12,740200
GF,20080520,17.73,17.75,17.57,17.64,79600
GFA,20080520,21.34,21.34,20.5,20.99,917900
GFF,20080520,9.18,9.3,9.14,9.25,152300
GFI,20080520,13.9,14.24,13.89,14.18,4596900
GFY,20080520,15.05,15.15,15.01,15.01,22500
GG,20080520,41.85,43.12,41.67,43.1,7691600
GGB,20080520,24.53,25.575,24.26,25.555,3300100
GGG,20080520,41.02,41.19,40.48,40.75,283400
GGP,20080520,42.77,42.91,41.79,42.49,2185200
GGT,20080520,11.13,11.13,11.02,11.1,19100
GGT-B,20080520,24.44,24.44,24.09,24.09,2000
GHL,20080520,61.6,62.37,59.9,60.61,264500
GIB,20080520,10.99,11.08,10.56,10.68,232900
GIL,20080520,14.35,14.56,14.035,14.175,973700
GIM,20080520,9.08,9.13,9.01,9.08,297300
GIS,20080520,30.775,31.125,30.625,30.965,1852100
GJH,20080520,7.77,8.02,7.73,7.81,19500
GJO,20080520,20,20,20,20,200
GJP,20080520,20.2,20.2,20.2,20.2,0
GJR,20080520,20,20,20,20,0
GJS,20080520,17.23,17.23,17.12,17.12,600
GJT,20080520,17.7,17.7,17.7,17.7,0
GJV,20080520,22.51,22.51,22.26,22.32,1200
GLF,20080520,63.8,64.58,63.23,63.92,148900
GLP,20080520,19.1,19.1,18.9,18.99,14300
GLT,20080520,14.9,15.04,14.74,14.9,143600
GLW,20080520,27.68,27.68,26.94,27.22,14782700
GM,20080520,20.57,20.65,19.81,19.86,22511700
GME,20080520,51.65,51.8,50.53,51.58,2897800
GMS,20080520,17,17.02,16.85,17,19400
GNK,20080520,789.9,789.9,748,751.7,1973700
GNW,20080520,23.45,23.5,23.06,23.15,2258100
GOF,20080520,16.68,16.78,16.68,16.78,14700
GOL,20080520,160.1,163.4,157.2,158.9,587500
GPC,20080520,45.5,45.5,44.58,44.99,800900
GPE-A,20080520,25,25,25,25,200
GPI,20080520,28.6,28.6,27.77,28.12,468900
GPK,20080520,2.74,2.76,2.63,2.72,350500
GPM,20080520,17.99,18.01,17.67,17.9,387700
GPN,20080520,22.77,22.995,22.63,22.86,308000
GPS,20080520,18.65,18.87,18.44,18.68,8454700
GPX,20080520,9.64,9.84,9.64,9.73,37500
GRA,20080520,25.78,26.01,25.38,25.77,308400
GRR,20080520,25.75,25.75,25.25,25.27,4700
GRX,20080520,6.61,6.65,6.56,6.56,15400
GS,20080520,183.33,184.9,181.25,182.43,6890300
GS-A,20080520,19.74,19.85,19.57,19.79,71100
GS-B,20080520,23.36,23.46,23.26,23.35,53800
GS-C,20080520,19.85,19.95,19.77,19.85,9200
GS-D,20080520,19.5,19.62,19.5,19.61,17600
GSH,20080520,26.86,27.11,26.35,26.51,101800
GSK,20080520,45.72,45.73,45.08,45.3,1755800
GTN,20080520,4.05,4.13,3.94,4.01,205100
GTN.A,20080520,5.25,5.25,5.25,5.25,0
GTS,20080520,17.83,18.4,17.75,18.39,68400
GTY,20080520,17.61,17.72,17.35,17.49,110800
GUT,20080520,9.31,9.32,9.22,9.29,25100
GUT-A,20080520,23.9,23.9,23.9,23.9,0
GVA,20080520,35.59,35.59,34.11,34.22,820500
GWR,20080520,39.23,39.32,38.52,38.7,271500
GWW,20080520,91.54,91.54,90.38,90.51,517500
GXP,20080520,26.4,26.74,26.38,26.71,515500
GYB,20080520,17.37,17.83,17.3,17.79,37000
GYC,20080520,20.75,20.75,20.7,20.7,1000
HAE,20080520,27.405,27.92,27.4,27.79,109300
HAL,20080520,49.22,49.92,48.91,49.92,11084400
HAR,20080520,42.88,43.68,42.65,43.55,486400
HBI,20080520,8.86,8.945,8.75,8.8275,866300
HCN,20080520,48.46,48.91,48.37,48.47,581600
HCP,20080520,35.31,35.37,34.35,34.52,1666300
HD,20080520,28.04,28.19,27,27.37,39810600
HDB,20080520,21.498,21.5,20.666,20.838,583100
HE,20080520,26.46,26.8,26.45,26.54,268500
HE-U,20080520,24.75,24.75,24.75,24.75,300
HEI,20080520,20.82,20.9674,20.3162,20.652,73300
HEI.A,20080520,20.2803,20.3366,19.8298,20.0653,11000
HEP,20080520,22.495,22.945,22.495,22.635,14800
HES,20080520,130.81,134.05,129.85,133.8,5684500
HF,20080520,6.91,7.1,6.72,6.74,38700
HFC,20080520,21.37,21.625,20.885,21.495,1222600
HGG,20080520,11.91,11.93,11.57,11.73,76200
HGT,20080520,32.75,33.83,32.72,33.33,279000
HHS,20080520,13.97,14.21,13.77,13.85,156300
HI,20080520,24,24.24,23.5,23.76,127400
HIG,20080520,69.57,70.3,69.01,69.35,2052200
HIL,20080520,15.65,15.65,15.12,15.17,85600
HIO,20080520,5.95,6.01,5.93,6,211800
HIW,20080520,36.13,36.17,35.57,35.88,446900
HIX,20080520,9.92,9.96,9.88,9.96,240900
HJV,20080520,20.45,20.45,20.01,20.01,3200
HK,20080520,27.19,28.2,27.02,27.94,4289700
HL,20080520,10.17,10.38,10.05,10.28,2855600
HL-B,20080520,61.25,61.25,61.25,61.25,0
HLF,20080520,19.83,20.345,19.04,19.5,3791700
HLS,20080520,18.87,19.12,18.58,18.83,279800
HLX,20080520,38.8,39.1,38.34,38.89,868600
HMC,20080520,32.75,32.75,32.36,32.49,489500
HMN,20080520,16.2,16.32,16.18,16.28,249100
HMY,20080520,12.65,12.79,12.55,12.79,1338200
HNI,20080520,24.05,24.22,23.16,23.44,545300
HNP,20080520,30.25,30.39,29.51,29.7,608500
HNR,20080520,41.56,42.12,41.32,41.56,310100
HOG,20080520,40.32,40.63,39.73,40.03,1849800
HON,20080520,62.07,62.07,61.18,61.42,2947500
HOS,20080520,51.42,51.53,50.5,51.41,788800
HOV,20080520,9.11,9.2,8.76,8.88,6178800
HP,20080520,62.22,62.77,61.59,62.25,1022300
HPF,20080520,20.11,20.3,20.11,20.29,27100
HPI,20080520,20.32,20.4,20.32,20.38,35800
HPQ,20080520,21.2182,21.2864,20.8545,21.1182,21714000
HPS,20080520,18.55,18.59,18.51,18.55,25300
HQH,20080520,15.55,15.55,15.43,15.48,67800
HQL,20080520,12.8,12.8,12.1,12.19,56300
HR,20080520,26.47,26.75,26.13,26.32,280000
HRB,20080520,23.75,23.75,22.98,23.1,1824000
HRC,20080520,32.01,32.61,31.97,32.56,451800
HRL,20080520,10.395,10.4175,10.2125,10.29,520500
HRS,20080520,61.57,62.98,61.12,62.55,1158900
HSC,20080520,62.22,63.04,62.02,62.94,332800
HST,20080520,18.5,18.58,18.24,18.4,3361100
HSY,20080520,37.58,37.61,37.01,37.22,769300
HT,20080520,9.66,9.77,9.34,9.59,370500
HTD,20080520,16.77,16.84,16.7,16.81,84400
HTH,20080520,10.21,10.36,10.16,10.3,156800
HTY,20080520,16.85,16.92,16.68,16.76,19700
HTZ,20080520,57.6,58.8,56.08,56.52,1686700
HUM,20080520,44.66,48.09,44.65,48.06,5746100
HUN,20080520,22.71,22.79,22.42,22.58,734400
HVT,20080520,9.47,9.5,9.13,9.34,116200
HVT.A,20080520,9.52,9.52,9.25,9.3,1100
HW,20080520,11.49,11.7,11.36,11.54,835700
HXL,20080520,23.26,23.68,22.6,23.06,1303900
HYB,20080520,1.67,1.67,1.63,1.64,325800
HYH,20080520,21.58,21.94,21.58,21.75,2000
HYI,20080520,4.75,4.76,4.73,4.74,14500
HYT,20080520,11.73,11.73,11.63,11.67,96000
HZO,20080520,11.22,11.39,11.19,11.34,222700
IAE,20080520,22.14,22.2,21.65,21.93,29200
IAG,20080520,6.42,6.53,6.41,6.53,1097200
IBA,20080520,27.99,27.99,27.4,27.65,14600
IBM,20080520,126.05,126.05,124.45,125.18,7017600
IBN,20080520,8.688,8.688,8.296,8.61,2929600
ICB,20080520,15.17,15.25,15.01,15.14,27700
ICE,20080520,30.438,30.656,29.856,30.12,1234500
IDA,20080520,31.12,31.27,30.85,30.98,226800
IDT,20080520,3.29,3.37,3.26,3.32,156500
IEX,20080520,37.64,37.64,37.13,37.59,201100
IFF,20080520,41.78,42.13,41.56,42.13,521400
IFN,20080520,49.49,49.5,48.31,48.42,307600
IGA,20080520,17.38,17.38,17.21,17.35,33400
IGD,20080520,17.32,17.43,17.22,17.43,177800
IGR,20080520,16.69,16.74,16.5,16.68,244800
IGT,20080520,35.88,35.88,35.23,35.7,2227300
IHC,20080520,13,13.74,12.76,13.39,20500
IHG,20080520,19.896,19.944,19.608,19.656,83300
IID,20080520,16.79,16.79,16.5,16.62,34500
IIF,20080520,40.23,40.23,39.5,39.65,139100
IIM,20080520,13.78,13.88,13.78,13.83,15200
IMAX,20080520,7.36,7.37,7.16,7.23,129400
IMN,20080520,25.39,25.49,25.05,25.2,175700
INB,20080520,17.51,17.56,17.45,17.46,63200
ING,20080520,39.77,39.86,39.23,39.49,929800
INT,20080520,12.365,12.775,12.365,12.565,225100
INZ,20080520,24.45,24.5,24.29,24.32,37300
IO,20080520,240.75,245.25,238.05,241.8,672100
IOC,20080520,28.24,28.3,26.43,26.57,918100
IP,20080520,28.14,28.15,27.6,27.81,3803200
IPG,20080520,10.08,10.08,9.84,9.94,5330100
IPI,20080520,49,49.26,48,48.88,1039300
IQI,20080520,12.71,12.74,12.59,12.73,43600
IR,20080520,45.87,45.87,44.39,44.7,3482400
IRL,20080520,20.35,20.35,20.19,20.25,13000
IRM,20080520,29.86,29.86,29.25,29.55,337800
IRR,20080520,17.38,17.46,17.25,17.37,110200
IRS,20080520,14.31,14.31,14.06,14.1,43000
ISF,20080520,21.85,22,21.58,21.92,55500
ISG,20080520,21.23,21.3,21.03,21.08,37400
ISP,20080520,22.19,22.19,21.6,21.74,17600
IT,20080520,22.27,22.49,21.8,22.13,561400
ITG,20080520,41.25,41.25,40.5,40.75,452400
ITT,20080520,33.095,33.095,32.475,32.665,1160900
ITW,20080520,54.52,54.52,53.87,54.26,2915400
IVC,20080520,18.36,18.74,18.36,18.73,252100
IVZ,20080520,27.58,28.07,27.15,27.42,2436400
IX,20080520,88.8,88.99,87.99,88.66,14100
JBK,20080520,17.47,17.76,17.47,17.76,2100
JBL,20080520,11.75,11.86,11.51,11.84,2417400
JBR,20080520,20.06,20.11,19.95,19.99,2000
JCE,20080520,16.1,16.16,15.9,15.94,51300
JCI,20080520,35.64,35.64,34.65,35.02,2854100
JCP,20080520,43.82,43.82,41.95,42.38,4617500
JDD,20080520,14.18,14.18,14,14.01,44500
JEC,20080520,95.8,97.04,94.01,95.91,783100
JEQ,20080520,7.56,7.56,7.44,7.5,69900
JFC,20080520,23.44,23.44,23.31,23.31,4400
JFR,20080520,11.11,11.21,11.11,11.21,119100
JHI,20080520,18.25,18.25,18.15,18.25,13900
JHS,20080520,13.47,13.64,13.4,13.44,20300
JHX,20080520,28.6,28.6,28.03,28.06,2300
JLL,20080520,70.61,70.82,68.45,69.24,635600
JMP,20080520,6.8,6.9,6.68,6.69,41100
JNJ,20080520,66.44,66.94,66.04,66.15,12612300
JNPR,20080520,28.8,28.8,27.77,28.06,8810400
JNS,20080520,28.5,28.6,27.3,27.7,2873400
JOE,20080520,39.34,40.29,39.23,39.23,1020900
JOF,20080520,9.91,10.02,9.66,9.83,178500
JOY,20080520,78.78,80.25,77.61,80.16,1813300
JPC,20080520,10.84,10.9,10.76,10.87,287400
JPM,20080520,45.61,45.66,43.5,43.7,48996800
JPS,20080520,11.3,11.31,11.2,11.3,219500
JQC,20080520,10.97,11.09,10.9,10.93,252600
JRO,20080520,11.1,11.15,11.09,11.09,88900
JTA,20080520,19.4,19.45,19.25,19.25,46400
JTD,20080520,16.3,16.31,16.01,16.21,25500
JW.A,20080520,46.92,46.95,46.08,46.4,110400
JW.B,20080520,46.88,46.88,46.2,46.26,500
JWN,20080520,37.1,37.4,36.38,36.92,3804300
K,20080520,51.15,51.44,50.81,51.16,1645000
KAI,20080520,27.49,27.99,27.18,27.5,47300
KB,20080520,63.57,63.57,62.11,62.37,480500
KBH,20080520,24,24.39,22.97,23.15,5942900
KBR,20080520,35.4,35.5,34.54,35.07,1245300
KCC,20080520,22.47,22.7,21.7,22.3,7100
KED,20080520,22.8,22.98,22.7,22.76,54800
KEF,20080520,11.66,11.66,11.56,11.57,94600
KEG,20080520,16.85,16.94,16.45,16.78,999500
KEM,20080520,11.64,12.45,11.49,12.36,495100
KEP,20080520,16.11,16.12,15.82,15.86,601200
KEX,20080520,59.51,59.97,58.4,59.54,369800
KEY,20080520,23.5,23.59,22.89,23.02,3980900
KF,20080520,239.6,242.7,237.4,237.6,8400
KFS,20080520,10.02,10.04,9.77,9.84,12300
KFY,20080520,17.86,17.94,17.57,17.8,134300
KGC,20080520,21.1,21.44,20.52,21.39,4548300
KIM,20080520,41.08,41.46,40.53,40.89,1519600
KMB,20080520,61.1314,61.3615,60.93,61.093,2300800
KMM,20080520,8.58,8.59,8.44,8.54,88500
KMT,20080520,37.44,37.94,37.02,37.49,692700
KMX,20080520,21.35,21.46,20.83,21.46,1420700
KND,20080520,27.46,27.8,27.29,27.38,196300
KNL,20080520,13.39,13.58,13.29,13.56,276500
KNX,20080520,18.18,18.18,17.32,17.41,560100
KO,20080520,28.75,28.825,28.48,28.545,8977500
KOF,20080520,61.11,61.27,58.53,59.06,120000
KOP,20080520,46.7,46.7,45.59,46.24,214500
KOS,20080520,24.6,24.7,24.46,24.46,2400
KR,20080520,13.7,13.7,13.525,13.65,4819300
KRC,20080520,53.05,53.22,52.53,52.97,312500
KRG,20080520,57.32,57.32,56.2,56.6,93900
KRO,20080520,11.96,12.005,11.405,11.565,19600
KSM,20080520,11.32,11.36,11.29,11.34,11800
KSS,20080520,47.78,47.91,46.75,47.5,5433200
KST,20080520,11.74,11.74,11.59,11.7,11800
KSU,20080520,47.67,48.64,47.02,48.46,815800
KSU.P,20080520,23.24,23.24,23,23,200
KT,20080520,22.7,22.76,21.98,22.07,807500
KTF,20080520,10.74,10.74,10.69,10.72,65100
KTH,20080520,26.06,26.06,26.06,26.06,0
KTN,20080520,25.7,25.8,25.7,25.8,700
KTP,20080520,23.2,23.2,23.05,23.05,2200
KW,20080520,9.07,9.07,9.05,9.05,4800
KWR,20080520,28.35,28.38,26.65,28.2,46400
KYE,20080520,29.28,29.5,29.15,29.38,77900
KYN,20080520,30.55,30.55,30.16,30.29,55900
KYO,20080520,48.27,48.29,47.5,47.63,17700
LAD,20080520,8.54,8.54,8.01,8.04,324600
LAZ,20080520,36.78,36.85,35.2,36.03,1408300
LBF,20080520,8.69,8.7,8.61,8.65,60800
LCM,20080520,15.6,15.6,15.37,15.52,71500
LDF,20080520,33.86,34.32,33.48,34.29,58400
LDL,20080520,14.4,14.5,14.12,14.43,101800
LDR,20080520,56.24,56.79,54.85,56.42,55500
LEA,20080520,15,15.155,14.63,14.82,870700
LEE,20080520,7.68,7.94,7.02,7.22,370400
LEG,20080520,17.69,17.96,17.52,17.87,2866100
LEN,20080520,19.46,19.46,18.49,18.83,4257800
LEN.B,20080520,17.25,17.37,16.56,16.82,38300
LEO,20080520,8.76,8.76,8.67,8.71,100700
LFC,20080520,20.9933,20.9933,20.4033,20.55,1447700
LFL,20080520,11.53,11.88,11.37,11.78,394800
LGF,20080520,9.92,9.92,9.73,9.86,337800
LGI,20080520,20.5,20.56,20.36,20.45,25100
LH,20080520,76.01,76.81,75.81,76.07,774600
LHO,20080520,33.1,33.1,32.55,32.69,257900
LII,20080520,34.51,34.51,33.41,33.93,555200
LL,20080520,16.27,16.37,15.85,16.24,216600
LLL,20080520,110.01,110.01,108.48,108.89,519000
LLY,20080520,49.39,49.77,48.76,48.96,4133200
LM,20080520,55.8,55.8,54.8,55.36,2384600
LMT,20080520,109.63,109.97,108.33,109.09,1489600
LNC,20080520,55.12,55.55,54.64,54.9,1896800
LNN,20080520,103.29,103.29,99.54,100.04,515000
LNT,20080520,18.78,18.96,18.685,18.77,340700
LOR,20080520,18.18,18.27,17.87,18,30400
LOW,20080520,24.08,24.08,23.67,23.76,15147300
LPL,20080520,22.12,22.12,21.36,21.51,1809900
LPX,20080520,11.74,11.74,11.57,11.67,1054700
LSI,20080520,6.91,6.98,6.72,6.89,11559100
LTC,20080520,26.28,26.43,25.95,26.23,108700
LUB,20080520,7.17,7.25,7.01,7.25,129100
LUK,20080520,55.25,55.38,54.65,55.07,660300
LUV,20080520,13.18,13.32,12.92,13,7171000
LUX,20080520,28.04,28.06,27.42,27.53,227100
LVLT,20080520,52.05,52.2,49.35,50.7,26863900
LVS,20080520,72.2,72.2,70.04,70.49,2610000
LXP,20080520,15.08,15.1,14.83,15,601800
LXP-C,20080520,37.79,37.79,37.79,37.79,0
LYG,20080520,32.39,32.39,31.8,31.9,666100
LYV,20080520,15.18,15.39,14.94,15.11,602200
LZB,20080520,6.32,6.42,6.18,6.29,218900
M,20080520,24.52,24.71,24.02,24.56,4954200
MA,20080520,27.823,27.914,27.321,27.765,1910300
MAA,20080520,55.43,55.76,55.01,55.47,243800
MAC,20080520,73.72,74.12,72.68,73.24,711500
MAIN,20080520,14.15,14.15,13.3,14.15,25100
MAN,20080520,67.18,67.18,65.84,66.37,956100
MAS,20080520,19.25,19.25,18.71,18.86,6311500
MAV,20080520,14.23,14.39,14.23,14.38,60500
MBI,20080520,9.43,9.43,9.05,9.09,5169500
MBT,20080520,33.96,34.596,33.124,34.4,2414900
MC,20080520,22.89,22.94,22.69,22.7,444700
MCA,20080520,13.1,13.18,13.1,13.14,19900
MCD,20080520,60.28,60.45,59.14,59.68,8618500
MCI,20080520,15.125,15.25,14.895,15.09,6600
MCK,20080520,58.54,58.6,57.57,57.89,2396800
MCN,20080520,11.15,11.18,11.01,11.1,44000
MCO,20080520,45.31,45.35,43.58,43.9,4595500
MCR,20080520,8.43,8.5,8.42,8.48,89600
MCS,20080520,17.15,17.15,16.22,16.39,91100
MCY,20080520,50.35,50.43,49.95,50.2,274100
MDC,20080520,43.48,43.68,42.5,42.93,551100
MDP,20080520,34.74,34.87,34.16,34.29,451400
MDR,20080520,59.23,61.16,58.39,61.16,2562600
MDT,20080520,49.2,49.88,48.61,48.96,14644300
MDU,20080520,31.48,31.99,31.38,31.99,1027300
MED,20080520,4.98,5,4.88,5,79700
MEG,20080520,15.5,15.5,14.72,14.85,88400
MEI,20080520,11.38,11.82,11.35,11.8,141000
MEN,20080520,10.4,10.44,10.32,10.42,46800
MER-K,20080520,21.29,21.43,21.26,21.26,47800
MER-P,20080520,24.08,24.19,24,24.18,39400
MET,20080520,61.2,61.2,59.98,60.29,4278700
MET-A,20080520,21.05,21.05,20.75,20.9,18700
MFA,20080520,7.14,7.27,7.05,7.08,2011300
MFC,20080520,38.15,38.85,38.15,38.67,1355000
MFD,20080520,23.9,24.5,23.87,24.04,39400
MFG,20080520,10.39,10.39,10.17,10.18,361200
MFL,20080520,12.4,12.46,12.36,12.38,39200
MFM,20080520,7.38,7.39,7.25,7.27,48000
MFT,20080520,12.37,12.41,12.35,12.41,19100
MFV,20080520,7.54,7.59,7.54,7.56,11400
MGA,20080520,19.4825,19.7525,19.22,19.535,377800
MGF,20080520,6.98,6.98,6.92,6.98,41500
MGM,20080520,51.55,51.79,50.56,50.9,1573800
MGU,20080520,28.06,28.15,27.75,27.97,43400
MHD,20080520,15.07,15.11,15.05,15.05,11800
MHF,20080520,8.05,8.09,7.95,7.96,66200
MHI,20080520,13.89,13.95,13.83,13.9,34800
MHK,20080520,77.3,77.48,75.71,76.86,589400
MHN,20080520,12.85,12.9,12.85,12.87,29600
MHO,20080520,16.54,16.54,15.46,15.62,209000
MHO-A,20080520,20.77,21.85,20,21.5,3200
MIC,20080520,31.6,32.79,31.06,32.67,570800
MIN,20080520,6.32,6.32,6.31,6.32,199400
MIY,20080520,13.53,13.57,13.52,13.57,5300
MKC,20080520,37.31,37.42,36.92,37.08,406800
MKC.V,20080520,37,37,37,37,100
MKL,20080520,405.19,405.95,402,402.51,25700
MLI,20080520,17.84,17.9,17.58,17.895,207400
MLM,20080520,121.23,122.19,119.25,122.09,419500
MLP,20080520,30.53,30.7,29.7,29.9,7700
MLR,20080520,10.56,10.97,10.56,10.66,61300
MMC,20080520,28.17,28.33,27.69,27.85,2229900
MMM,20080520,79.04,79.06,77.08,77.53,5215300
MMP,20080520,20.35,20.55,20.34,20.5,150200
MMS,20080520,9.3375,9.3375,9.155,9.25,339100
MMT,20080520,5.84,5.86,5.83,5.84,242100
MMU,20080520,11.11,11.15,11.1,11.13,34700
MNE,20080520,12.75,12.78,12.75,12.78,1700
MNI,20080520,92.3,94,90.4,93.9,370100
MNP,20080520,12.94,12.94,12.92,12.93,2300
MO,20080520,22.56,22.8,22.38,22.44,20543000
MOD,20080520,17.02,17.14,16.5,16.84,130900
MOG.A,20080520,42.93,43.5,42.8,43.42,250000
MOG.B,20080520,43.07,43.45,42.96,43.28,2800
MOH,20080520,17.52,17.8533,17.3933,17.5133,167800
MON,20080520,122.11,125.2,121.2,125,4795100
MOS,20080520,123.88,127.1,122.17,126.91,4008500
MOV,20080520,21.68,21.79,21.49,21.77,85300
MP-D,20080520,24.28,24.28,24,24,900
MPA,20080520,13.53,13.53,13.43,13.5,50700
MPG,20080520,14.75,14.75,14.25,14.5,1484600
MPV,20080520,13.52,13.54,13.3,13.34,12700
MPW,20080520,12.12,12.22,12.02,12.07,418200
MPX,20080520,8.14,8.36,7.9,8.03,33300
MQT,20080520,11.47,11.52,11.45,11.5,28600
MQY,20080520,13.6,13.63,13.55,13.57,50200
MRK,20080520,39.79,40.45,39.6,39.74,11052300
MRO,20080520,53.52,54.41,52,53.16,10427700
MRT,20080520,8.14,8.24,7.79,8.08,120600
MS,20080520,45.84,45.91,44.29,44.8,12986300
MS-A,20080520,20.4,20.4,19.38,20.25,252100
MSA,20080520,40.62,41.33,40.28,40.7,349100
MSB,20080520,27.1,27.24,26.52,26.96,29700
MSCI,20080520,33.01,33.22,31.69,33,479800
MSD,20080520,9.81,9.83,9.81,9.81,28400
MSF,20080520,24.71,24.91,24.54,24.86,69900
MSI,20080520,71.05,71.05,68.46,68.74,18560800
MSM,20080520,50.5,50.94,50.33,50.83,905900
MSP,20080520,15.53,15.53,15.38,15.39,24400
MT,20080520,100.56,100.7,99.08,100.57,3291000
MTB,20080520,90.71,91.03,88.57,88.81,1391400
MTD,20080520,100.75,101.13,99.61,100.43,257700
MTG,20080520,12.81,13.1,12.24,12.34,1378000
MTH,20080520,19.66,19.72,18.51,18.78,550600
MTL,20080520,113.38,113.38,106.4,112,2298100
MTN,20080520,49.7,50.33,49.29,50.1,363900
MTR,20080520,73.35,73.37,70.5,73.2,9400
MTRN,20080520,33.68,33.95,33.06,33.9,173600
MTU,20080520,9.51,10.17,9.51,9.91,2172300
MTW,20080520,39.16,40.27,39.04,40.19,2975100
MTX,20080520,34.655,34.85,34.345,34.785,110900
MTZ,20080520,11.48,11.58,11.07,11.47,1043900
MUA,20080520,13.55,13.63,13.39,13.47,56000
MUC,20080520,13.05,13.08,13.01,13.03,29500
MUE,20080520,12.08,12.11,12.04,12.09,22200
MUH,20080520,13.48,13.54,13.47,13.53,14800
MUI,20080520,13.54,13.71,13.54,13.7,62100
MUJ,20080520,13.6,13.6,13.55,13.57,31100
MUR,20080520,95.7,97.03,94.7,97.03,1829000
MUS,20080520,12.2,12.2,12.16,12.18,15600
MVC,20080520,15.2,15.3,15.07,15.2,99700
MVO,20080520,23.4,23.9,23.1,23.7,39600
MVT,20080520,14.42,14.49,14.4,14.44,24400
MWA,20080520,9,9.2,8.9,9.16,379300
MXE,20080520,27.53,27.53,27.05,27.1,20400
MXF,20080520,37.1,37.1,36.58,36.81,139700
MYC,20080520,13.27,13.28,13.24,13.28,14000
MYD,20080520,13.83,13.95,13.83,13.89,56200
MYE,20080520,12.59,12.75,12,12.39,89300
MYF,20080520,12.59,12.64,12.56,12.56,17800
MYI,20080520,13.1,13.27,13.1,13.26,120700
MYJ,20080520,14.03,14.21,13.99,14.11,10400
MYN,20080520,12.57,12.68,12.57,12.64,45800
MZF,20080520,12.35,12.37,12.27,12.34,17600
NAC,20080520,14.15,14.15,13.9,14.05,15000
NAD,20080520,13.47,13.52,13.45,13.49,43400
NAN,20080520,13.55,13.6,13.53,13.6,6200
NAT,20080520,41.75,42,40.81,41.87,1921100
NAZ,20080520,13.25,13.25,13.08,13.25,9400
NBD,20080520,24.65,24.8,24.6,24.62,3100
NBL,20080520,51.15,52.335,50.645,51.915,1879100
NBR,20080520,41.74,42.3,41.1,42.07,7245900
NC,20080520,83.72,84.16,81.17,82.57,26700
NCA,20080520,9.82,9.82,9.77,9.77,15900
NCI,20080520,21.09,21.22,20.56,20.76,677800
NCR,20080520,26,26.07,25.44,25.82,1845100
NCS,20080520,144.4,148.3,143.65,146.4,356900
NCT,20080520,62.22,62.94,60,60.36,409100
NCT-B,20080520,17.24,17.49,17.2,17.2,2400
NCT-C,20080520,13.85,13.95,13.76,13.95,1800
NCT-D,20080520,14.5,14.71,14.5,14.71,600
NCV,20080520,13.22,13.26,13.02,13.2,149500
NCZ,20080520,12.65,12.74,12.53,12.73,129800
NE,20080520,66.55,67.03,65.92,66.89,3953400
NEE,20080520,65.8,66.73,65.43,65.7,2452500
NEM,20080520,49.03,50.05,49.03,49.88,7948200
NEU,20080520,67.33,67.79,65.95,66.91,190800
NFG,20080520,58.32,59.4,58.32,58.74,301500
NFJ,20080520,23.18,23.27,23.13,23.22,140000
NFX,20080520,65.59,68.19,65.37,67.96,2218300
NGG,20080520,72.16,72.21,71.33,71.57,41600
NHI,20080520,29.9,30.03,29.6,29.93,63900
NI,20080520,18.25,18.5,18.11,18.17,2229800
NIE,20080520,21.9,21.95,21.6,21.79,58800
NIM,20080520,10.03,10.03,9.96,9.96,14600
NJR,20080520,16.715,17,16.7,16.85,224500
NKE,20080520,16.8,17.04,16.6775,16.76,3725300
NL,20080520,10.97,10.97,10.65,10.83,38400
NLS,20080520,6.31,6.53,5.97,6.07,490500
NLY,20080520,17.61,17.64,17.28,17.57,6359400
NLY-A,20080520,22.75,22.84,22.6,22.7,11600
NM,20080520,13.82,14.09,13.52,13.98,1720700
NMI,20080520,10.6,10.68,10.59,10.68,8400
NMK-B,20080520,81.5,81.5,81.5,81.5,0
NMK-C,20080520,81,81,81,81,100
NMM,20080520,14.5,15.05,14.5,14.89,46900
NMR,20080520,17.24,17.24,16.84,16.88,240100
NMT,20080520,13.3,13.5,13.3,13.5,11300
NMY,20080520,12.92,12.92,12.81,12.83,14500
NNC,20080520,13.11,13.17,13.08,13.17,3100
NNI,20080520,13.34,13.41,12.72,13.35,340300
NNN,20080520,22.65,22.69,22.35,22.48,524600
NNY,20080520,9.45,9.5,9.43,9.46,7900
NOA,20080520,17.99,18.07,17.59,17.87,121600
NOC,20080520,76.79,76.8,75.74,75.82,1656800
NOK,20080520,29.74,29.74,29.25,29.57,14055900
NOV,20080520,79.8,81,78.61,80.87,6961100
NP,20080520,20.43,21.17,20,21.17,188200
NPK,20080520,60.51,61.55,60.29,60.96,41400
NPO,20080520,39.28,40.37,39.15,40.03,324000
NPV,20080520,13.97,14.07,13.83,14.02,22900
NQP,20080520,13.14,13.24,13.13,13.18,13000
NR,20080520,6.52,6.64,6.25,6.52,675100
NRF,20080520,19.66,19.9,19.62,19.68,488300
NRF-A,20080520,16.99,17,16.99,16.99,3700
NRF-B,20080520,16.03,16.4,15.88,16.01,6500
NRG,20080520,42.95,43.49,41.87,42.15,10620600
NRP,20080520,390,398,387.7,396.3,108100
NRT,20080520,37.5,37.58,37.05,37.28,4900
NS,20080520,52.93,54.32,52.6,53,180200
NSC,20080520,64.57,65.23,63.79,64.91,4760700
NSH,20080520,26.24,26.45,26.05,26.35,70000
NSL,20080520,6.88,6.89,6.82,6.82,44900
NSM,20080520,21.02,21.14,20.46,20.54,6216500
NSR,20080520,23.77,23.86,23.45,23.64,730100
NTC,20080520,14.08,14.13,14.08,14.13,200
NTG,20080520,52.1,53.64,52.08,53.29,125300
NTL,20080520,16.41,17.15,16.4,16.6,28000
NTT,20080520,23.45,23.5,23.26,23.35,395400
NTX,20080520,13.38,13.86,13.38,13.45,19600
NTZ,20080520,3.9,3.9,3.81,3.88,51500
NUE,20080520,79.13,80.18,77.38,79.84,6658600
NUM,20080520,13.32,13.33,13.3,13.33,2400
NUO,20080520,13.96,13.98,13.91,13.94,5300
NUS,20080520,16.47,16.73,16.47,16.7,162900
NUV,20080520,10.19,10.24,10.14,10.22,294200
NVO,20080520,13.598,13.628,13.466,13.59,93500
NVR,20080520,583,588.65,568.1,570.96,109900
NVS,20080520,52.53,52.63,52.17,52.38,1764300
NW-C,20080520,25.1,25.18,25.09,25.16,3300
NWE,20080520,24.4,25.97,24.31,25.08,382800
NWL,20080520,21.02,21.02,20.62,20.71,2569500
NWN,20080520,44.49,45.36,44.49,44.85,161300
NWY,20080520,7.64,7.8,7.28,7.48,749200
NX,20080520,16.41,16.66,16.23,16.53,468500
NXC,20080520,14.24,14.35,14.24,14.3,5200
NXN,20080520,13.86,14.06,13.86,14.06,2500
NXP,20080520,14.83,14.83,14.74,14.76,11300
NXQ,20080520,14.48,14.49,14.4,14.41,30600
NXR,20080520,14.43,14.43,14.17,14.17,10500
NYT,20080520,18.55,18.63,18.07,18.28,1004500
O,20080520,24.52,25.56,24.32,24.45,754600
OB,20080520,18.3,18.46,18.18,18.2,63900
OC,20080520,27.89,28.58,27.35,27.97,1484300
OCN,20080520,6.04,6.2,5.93,6.05,135600
ODC,20080520,16.31,16.95,16.31,16.56,16100
OFC,20080520,38.3,38.5,37.95,38.19,471200
OFG,20080520,17.38,18.06,17.32,17.95,432900
OFG-A,20080520,24.5,24.55,24.5,24.5,1200
OFG-B,20080520,24.89,24.89,24.89,24.89,0
OGE,20080520,16.375,16.47,16.15,16.345,322000
OHI,20080520,17.83,18.15,17.76,17.91,683000
OI,20080520,55.48,55.93,54.98,55.85,1022500
OIA,20080520,7.94,8.02,7.89,7.92,15700
OII,20080520,38.145,38.145,37.515,38,925700
OIS,20080520,56.26,57,56.13,56.96,560800
OKE,20080520,25.05,25.665,25.05,25.315,696200
OKS,20080520,31.975,32.11,31.895,31.92,53200
OLN,20080520,21.23,21.47,21,21.25,496200
OLP,20080520,17.33,17.36,16.75,17.13,62100
OMC,20080520,49.63,49.93,48.62,48.97,1770800
OME,20080520,13,13.59,12.8,13.43,126800
OMI,20080520,30.8067,32.02,30.8067,31.08,472700
OMN,20080520,3.36,3.62,3.36,3.61,37300
OPY,20080520,34.43,34.43,32.39,32.77,63000
ORA,20080520,49.81,50.36,49.62,50.3,130600
ORCL,20080520,22.24,22.44,22.05,22.16,25913800
ORI,20080520,14.9,15,14.84,14.86,933300
OSG,20080520,80.68,83.48,79.82,83.04,884400
OSK,20080520,39.29,39.91,39.1,39.91,794500
OXM,20080520,28.06,28.21,27.39,27.5,239000
OXY,20080520,96.26,98.03,95.71,97.85,8730600
OZM,20080520,22,22.12,21.37,21.61,55600
PAA,20080520,23.565,23.875,23.385,23.755,354300
PAC,20080520,36.75,36.88,36.01,36.46,272900
PAG,20080520,20.95,21.04,20.77,21.01,943500
PAI,20080520,13.9,13.97,13.8,13.88,10200
PAY,20080520,12.85,12.86,12.5,12.81,804700
PBF,20080520,12.51,12.58,12.45,12.5,61500
PBH,20080520,10.04,10.49,9.94,10.16,227800
PBI,20080520,37.61,37.75,37.25,37.37,969700
PBR,20080520,72.63,74.3,71.71,74.11,20356300
PBR.A,20080520,60.65,62.28,59.95,62.15,10436300
PBT,20080520,24.92,25.41,24.92,25.39,404600
PCF,20080520,8.2,8.31,8.13,8.13,18100
PCG,20080520,40.79,41.05,40.5,40.7,2259400
PCK,20080520,14.46,14.49,14.41,14.44,36500
PCM,20080520,10.4,10.83,10.4,10.83,18600
PCN,20080520,14.93,15,14.74,14.79,68100
PCQ,20080520,15.72,15.87,15.72,15.84,27800
PDS,20080520,27.3,27.95,27.05,27.9,797800
PDT,20080520,9.67,9.7,9.62,9.67,46300
PEG,20080520,44.21,44.7,43.73,43.91,2805800
PEI,20080520,27.24,27.54,27.01,27.46,282900
PEO,20080520,43.99,44.53,43.99,44.41,66500
PEP,20080520,67.57,67.96,67.22,67.46,6275300
PER,20080520,15.91,16,15.67,15.8,236000
PFD,20080520,11.4,11.48,11.33,11.33,16800
PFE,20080520,20.18,20.25,20.01,20.05,61429100
PFG,20080520,55.93,56.21,54.38,54.5,1448500
PFH,20080520,23,23,22.52,22.75,1400
PFK,20080520,24.2,24.2,23.52,23.89,10700
PFL,20080520,15.92,15.95,15.78,15.92,40100
PFN,20080520,14.25,14.26,14.18,14.26,90200
PFO,20080520,9.65,9.93,9.65,9.83,20200
PFS,20080520,15.21,15.25,14.9,15.18,429400
PG,20080520,66.62,66.8,65.74,65.86,11931500
PGH,20080520,20.8,21.25,20.8,21.19,1516900
PGP,20080520,23.2,23.36,23.15,23.25,34500
PGR,20080520,19.16,19.4,18.87,19.33,5717800
PH,20080520,85.21,85.23,83.83,84.19,1519300
PHD,20080520,14.48,14.55,14.47,14.5,85900
PHG,20080520,39.26,39.32,38.85,39.13,579700
PHH,20080520,19.29,19.34,18.98,19.24,322400
PHI,20080520,63.13,63.13,61.81,62.1,118700
PHK,20080520,13.4,13.41,13.25,13.3,238200
PHM,20080520,14.21,14.21,13.48,13.62,5359500
PHT,20080520,15.24,15.25,14.98,14.98,106400
PII,20080520,23.465,23.565,22.51,22.655,557400
PIM,20080520,6.33,6.39,6.32,6.38,116600
PIR,20080520,7.56,7.78,7.35,7.59,1243900
PIY,20080520,25.02,25.62,25,25.02,5400
PJC,20080520,39.26,39.3,38.1,38.9,290700
PJT,20080520,24.23,24.4,24,24.37,7700
PKD,20080520,9.04,9.04,8.86,9.01,1688400
PKE,20080520,28.45,28.68,28.27,28.55,80600
PKG,20080520,25.41,25.71,25.05,25.6,1346700
PKI,20080520,28.37,28.74,27.97,28.11,1163400
PKO,20080520,23.53,23.71,23.4,23.49,46900
PKX,20080520,140.98,140.98,137.28,140.2,612500
PKY,20080520,39,39.33,38.58,39,89900
PLD,20080520,59.63,59.84,58.27,58.52,572900
PLT,20080520,23.88,24.13,23.54,23.67,266700
PM,20080520,53.3,53.94,52.82,52.91,6887300
PMC,20080520,19.35,19.99,19.25,19.66,405000
PMF,20080520,16.63,16.63,16.58,16.6,20500
PML,20080520,13.86,13.9,13.82,13.84,88500
PMM,20080520,7.19,7.23,7.18,7.21,79400
PMO,20080520,11.22,11.28,11.21,11.28,45200
PMX,20080520,14.67,14.79,14.67,14.75,23400
PNC,20080520,66.65,66.93,66.13,66.52,2083300
PNF,20080520,13.34,13.44,13.34,13.42,4200
PNI,20080520,14.65,14.66,14.53,14.53,12300
PNM,20080520,14.84,14.93,14.63,14.83,923200
PNR,20080520,37.24,37.5,37.01,37.22,393400
PNW,20080520,34.34,34.51,34.02,34.16,667900
POL,20080520,7.86,7.89,7.74,7.8,356700
POR,20080520,23.97,24.25,23.93,23.98,369600
POT,20080520,66.51,68.0933,65.4067,67.89,8045900
PPG,20080520,32.005,32.465,32.005,32.295,888900
PPL,20080520,49.68,50.21,49.65,50.05,1914200
PPR,20080520,5.86,5.91,5.85,5.91,332400
PPT,20080520,6.35,6.37,6.32,6.34,525400
PQ,20080520,91.96,93.44,90.44,92.76,728700
PRA,20080520,25.25,25.365,25.085,25.255,216000
PRO,20080520,12.53,12.56,12.3,12.41,29000
PRU,20080520,75.99,76.49,75.28,75.46,3446500
PSA,20080520,88.2,88.45,86.7,87.2,1016100
PSA-A,20080520,22.2,22.45,22.2,22.4,5200
PSA-B,20080520,23.89,23.96,23.7,23.71,6900
PSA-C,20080520,22.08,22.08,21.85,22.04,1900
PSA-D,20080520,20.53,20.63,20.45,20.56,4800
PSA-E,20080520,22.56,23.6,22.26,22.35,6400
PSA-V,20080520,24.75,24.94,24.75,24.94,3000
PSA-W,20080520,21.55,21.55,21.33,21.47,6600
PSA-X,20080520,21.37,21.37,21.32,21.32,1300
PSA-Z,20080520,20.84,20.96,20.8,20.8,1000
PSO,20080520,13.55,13.58,13.42,13.5,304800
PTR,20080520,143,143.24,141.41,142.8,1381000
PTY,20080520,14.88,14.9,14.77,14.77,146300
PUK,20080520,27.34,27.34,26.59,26.7,89100
PUK-A,20080520,23.31,23.63,23,23.05,12500
PUK.P,20080520,22.81,23.05,22.81,22.95,15200
PVG,20080520,30.95,31.13,30.69,30.98,22500
PVH,20080520,46.25,46.41,45.24,45.76,1574700
PWE,20080520,33.66,34.79,33.66,34.68,2468600
PWR,20080520,30.43,30.91,30.23,30.78,1705600
PX,20080520,94.14,95.83,93.81,95.74,1232700
PXD,20080520,70.5,72.03,70.27,72.03,1760500
PYN,20080520,13.24,13.24,13.18,13.18,5100
PYS,20080520,18.25,18.42,18.12,18.42,1400
PYT,20080520,17.35,17.83,17.35,17.83,10400
PZC,20080520,13.88,13.89,13.77,13.86,29900
PZE,20080520,6.55,6.75,6.505,6.66,520300
PZN,20080520,13.49,13.7,13.49,13.53,110800
Q,20080520,4.71,4.76,4.61,4.64,12069100
QTM,20080520,1.88,1.9,1.75,1.88,1406200
R,20080520,74.67,74.85,73.37,73.58,1443100
RAD,20080520,2.37,2.39,2.32,2.35,2749000
RAI,20080520,27.25,27.325,27.025,27.155,2943400
RAS,20080520,27.57,27.57,27,27.09,907300
RAS-A,20080520,15.25,15.52,15.25,15.52,900
RAS-B,20080520,16.9,17.23,16.79,16.9,4600
RAS-C,20080520,16.61,17.1,16.61,17.1,1900
RBA,20080520,26.4,26.77,26.39,26.57,169900
RBC,20080520,46.12,46.45,45.62,46.39,170300
RBS,20080520,6.05,6.05,5.91,5.93,1443100
RBS-F,20080520,25.1,25.1,25,25.05,4200
RBS-H,20080520,24.9,25,24.51,24.75,7900
RBS-L,20080520,19.88,19.88,19.6,19.72,20000
RBS-S,20080520,22.61,22.76,22.46,22.64,54800
RCI,20080520,44.2,44.2,43.15,43.33,429600
RCL,20080520,30.99,31.01,29.14,29.84,4138800
RCS,20080520,11.47,11.53,11.22,11.28,115500
RDC,20080520,46.9,47.51,46.45,47.34,3110100
RDN,20080520,5.33,5.5,5.26,5.34,529200
RDS.A,20080520,85.13,85.32,84.35,85.18,1837800
RDS.B,20080520,84.17,84.32,83.35,84.03,278400
RDY,20080520,15,15.04,14.6,14.86,193300
RE,20080520,90.54,90.98,90.17,90.87,374600
REG,20080520,68.79,68.91,67.71,67.87,420700
RES,20080520,6.3289,6.4622,6.2533,6.4133,235200
REV,20080520,0.91,0.91,0.88,0.91,414600
RF,20080520,19.65,19.96,19.43,19.73,10641800
RFI,20080520,16.65,16.9,16.49,16.7,15500
RGA,20080520,50.91,51.12,50.55,50.71,171200
RGC,20080520,18.22,18.28,17.66,17.71,2073800
RGR,20080520,7.55,7.63,7.5,7.56,184600
RGS,20080520,30.25,30.75,30.25,30.58,396600
RHI,20080520,25.34,25.35,24.96,25.12,1401100
RHT,20080520,23.43,23.67,23.06,23.58,2807700
RIG,20080520,162.25,162.88,160.5,161.4,6790200
RIO,20080520,131.5975,132.65,129.2575,130.985,1548400
RJF,20080520,29.41,29.41,28.6,28.82,1032300
RL,20080520,61.47,61.68,60.71,61.19,999100
RLH,20080520,9.16,9.16,8.93,9.03,12800
RLI,20080520,25.525,25.73,25.4,25.47,194400
RMD,20080520,20.455,20.475,20.315,20.465,398200
RMT,20080520,11.68,11.86,11.68,11.82,59800
RNP,20080520,22.23,22.36,22.09,22.3,73300
RNR,20080520,52.6,52.96,51.96,52.08,381200
RNR-C,20080520,19.69,20,19.69,19.9,11300
ROG,20080520,37.09,37.89,36.54,37.68,247500
ROK,20080520,57.8,58.34,57.4,57.95,2728000
ROL,20080520,7.0198,7.0714,6.9122,6.9681,192400
ROP,20080520,62.04,62.14,61.39,61.8,396000
RPM,20080520,24.05,24.17,23.69,24.16,615000
RPT,20080520,22.55,22.69,22.2,22.47,50600
RQI,20080520,18.48,18.58,18.3,18.58,157700
RRC,20080520,72.6,75.97,71.27,75,3102600
RRD,20080520,33.06,33.06,32.16,32.38,994700
RS,20080520,66.4,67.45,65.1,67.37,557900
RSG,20080520,32.6,32.8,32.27,32.5,357000
RSO,20080520,9.73,9.73,9.56,9.57,209000
RT,20080520,8.29,8.4,7.87,7.94,1143400
RTN,20080520,64.73,65,64.11,64.26,3225900
RVT,20080520,17.69,17.7,17.54,17.63,95700
RWT,20080520,33.5,34.19,33,33.13,256800
RY,20080520,50.03,51.32,50.03,50.99,643700
RYN,20080520,29.68,29.7867,29.3533,29.5133,478000
S,20080520,9.17,9.45,9.1,9.27,25192000
SAB,20080520,36,36,36,36,0
SAH,20080520,19,19.1,18.76,19.06,306000
SAM,20080520,41.4,41.4,39.6,39.95,163100
SAN,20080520,53.05,53.72,52.97,53.56,186500
SAP,20080520,52.61,52.8,52.13,52.79,3008400
SAR,20080520,102.9,103,102.2,102.2,1800
SBH,20080520,7.32,7.43,7.13,7.35,1094600
SBR,20080520,58.84,58.9,57.64,58.79,30200
SBS,20080520,9.225,9.2417,9.0433,9.1467,316100
SBW,20080520,13.35,13.36,13.29,13.33,19200
SCCO,20080520,37.1467,37.6667,36.5,36.9733,7083000
SCD,20080520,16.9,16.91,16.73,16.86,93000
SCG,20080520,40.54,41.07,40.54,40.85,423700
SCI,20080520,10.86,10.93,10.8,10.86,1347900
SCL,20080520,20.705,21.225,20.69,20.88,30900
SCS,20080520,12.35,12.35,12.11,12.15,388400
SCX,20080520,22.34,22.6,22.21,22.59,15300
SD,20080520,48.4,50.45,48.22,50.28,1691900
SE,20080520,27.32,27.67,27.29,27.36,2862300
SEE,20080520,24.13,24.24,23.42,23.96,1700900
SEP,20080520,24.94,25,24.82,24.95,37700
SF,20080520,24.8613,25.2307,24.1633,24.5813,228400
SFE,20080520,8.7,8.88,8.52,8.58,259200
SFL,20080520,32.15,32.48,32.1,32.43,312400
SGF,20080520,15.24,15.24,14.92,14.95,38800
SGU,20080520,3.2,3.27,3,3.26,201200
SGY,20080520,702.9,715.8,696.4,704,533800
SHG,20080520,49.55,49.55,48,48.025,86100
SHI,20080520,25.4667,25.7667,24.8,24.9067,375100
SHO,20080520,20.69,20.69,20.13,20.25,510600
SHW,20080520,59.06,59.07,58.2,58.53,1122800
SID,20080520,25.29,25.5,24.7,25.5,4061600
SIG,20080520,13.53,13.54,13.25,13.28,200000
SIX,20080520,0.5175,0.525,0.5025,0.525,788200
SJI,20080520,19.06,19.445,19.06,19.295,169100
SJM,20080520,51.8,52.21,51.7,52,167800
SJR,20080520,21.79,22.17,21.7,21.8,128400
SJT,20080520,42.51,43,42.09,42.84,134200
SJW,20080520,30.36,30.79,30.18,30.56,87300
SKM,20080520,22.62,22.74,22.27,22.31,1161400
SKT,20080520,19.94,20.06,19.69,19.765,133400
SKX,20080520,7.6167,7.6667,7.4633,7.57,589700
SLB,20080520,107,107.52,104.85,105.92,8424300
SLF,20080520,47.82,47.82,47.06,47.2,300600
SLG,20080520,98.77,99.45,97.27,97.9,428100
SLW,20080520,14.72,15.13,14.5,15.08,3073600
SM,20080520,50.97,52.25,50.48,52.23,767600
SMG,20080520,28.36,29.18,28.24,28.89,605300
SMI,20080520,5.295,5.295,5.055,5.145,543000
SMP,20080520,8.75,8.81,8.51,8.7,70600
SNA,20080520,60.42,60.69,60.16,60.46,301900
SNE,20080520,49.17,49.45,48.61,48.74,840800
SNN,20080520,21.856,21.956,21.704,21.812,124800
SNP,20080520,71.9462,71.9462,70,70.3308,988200
SNV,20080520,85.33,86.17,84.63,85.26,3997900
SNX,20080520,22.35,22.57,21.97,22.28,424400
SNY,20080520,37.49,37.53,37.12,37.34,967700
SO,20080520,37.01,37.14,36.77,36.85,4853600
SOL,20080520,26.8,27.8,26.4,27.08,3831800
SON,20080520,33.45,33.51,32.39,33.07,708000
SOR,20080520,59.6,59.99,58.9,59.39,10700
SOV-C,20080520,20.49,20.49,20.25,20.26,3900
SPA,20080520,4.54,4.76,4.4,4.76,28000
SPG,20080520,103.13,103.54,101.14,101.94,1208400
SPG-J,20080520,60.31,60.31,60.31,60.31,400
SPH,20080520,40.53,41.49,40.53,41.4,119000
SPN,20080520,54.2,54.85,53.37,54.18,1224900
SPR,20080520,30.06,30.16,29.07,29.47,790300
SQM,20080520,32.38,34.57,32.18,34.28,1203900
SR,20080520,53.5,53.55,52.3,53.25,291000
SRE,20080520,59.19,59.96,59,59.27,864100
SRI,20080520,16.71,17.11,16.66,16.85,86700
SRT,20080520,8.32,8.45,8.32,8.4,15600
SRV,20080520,17.75,17.95,17.65,17.92,17500
SSD,20080520,24.44,24.5,24.12,24.45,238900
SSI,20080520,13.5,13.61,12.8,13,802400
SSL,20080520,64.96,66.38,64.89,66.09,512200
SSP,20080520,47.44,47.44,46.94,47.01,689300
SSW,20080520,27.1,27.57,26.9,27.21,323400
STC,20080520,24.63,24.64,24.02,24.17,113400
STE,20080520,31.42,31.75,30.94,31.26,481400
STI,20080520,56.42,56.69,54.95,55.32,3364500
STI-A,20080520,19.23,19.56,19.23,19.56,1900
STJ,20080520,40.73,40.88,40.28,40.83,3194500
STL,20080520,14.48,14.87,14.34,14.41,105300
STM,20080520,12.94,12.96,12.73,12.79,8166400
STO,20080520,42.52,42.59,42,42.47,1187800
STT,20080520,72.25,72.98,70.96,71.33,2954000
STV,20080520,17.92,18.2,17.77,17.95,462800
STZ,20080520,20.72,20.95,20.37,20.83,2527000
STZ.B,20080520,20.75,20.76,20.5,20.76,2500
SU,20080520,69.52,73.115,69.24,72.95,5796800
SUI,20080520,21.02,21.18,20.19,20.33,172600
SUN,20080520,45.76,45.96,44.5,45.93,3045500
SUP,20080520,21.66,21.93,21.28,21.69,312100
SVU,20080520,34.84,35.05,34.42,34.78,1112000
SWC,20080520,14.72,15.49,14.26,15.04,1322000
SWK,20080520,49.94,50.05,49.46,49.86,468900
SWM,20080520,10.345,10.49,10.19,10.42,141300
SWN,20080520,46.37,47.97,46.26,47.85,3097900
SWX,20080520,30.96,31.24,30.69,30.92,154200
SWZ,20080520,16.3,16.36,16.26,16.32,25300
SXC,20080520,29.89,29.89,29.23,29.4,32600
SXE,20080520,29.75,32.31,29.69,32.26,362300
SXI,20080520,18.78,19.03,18.5,18.63,42800
SXL,20080520,8.665,8.725,8.6334,8.725,28200
SXT,20080520,29.51,30.04,29.46,29.86,367700
SYK,20080520,62.44,62.92,61.97,62.3,1012900
SYT,20080520,60.59,61.28,60.33,61.28,388300
SYX,20080520,20.35,20.53,19.66,20.1,335100
SYY,20080520,30.93,31.16,30.8,30.94,2619900
T,20080520,40.26,40.42,39.25,39.37,24537900
TAC,20080520,35.3,35.53,34.98,35.34,50100
TAL,20080520,26.79,26.82,26.1,26.38,84500
TAP,20080520,57,57.13,55.64,56.29,1100900
TAP.A,20080520,56,56,56,56,100
TBI,20080520,13.63,13.82,13.47,13.72,215500
TCAP,20080520,11.69,11.7,11.57,11.6,5100
TCB,20080520,16.98,17.07,16.81,17.02,1278400
TCI,20080520,18.21,18.5,17.9,17.92,2300
TCO,20080520,55.8,56.28,55.09,55.41,443300
TD,20080520,34.345,34.75,34.345,34.465,763400
TDA,20080520,21.93,21.93,20.98,21.05,59900
TDC,20080520,25.15,25.58,25.06,25.37,713000
TDF,20080520,28.77,29.44,28.43,29.02,212900
TDG,20080520,41.16,42.7,41.16,42.61,407400
TDI,20080520,20.25,20.57,20.25,20.31,4300
TDW,20080520,66.16,67.73,65.56,67.47,1150300
TDY,20080520,57.89,57.89,55.85,56.49,272600
TEF,20080520,29.4,29.4433,29.1833,29.3633,485300
TEI,20080520,14.71,14.75,14.38,14.42,243800
TEL,20080520,38.74,38.9,38.08,38.38,1482800
TEN,20080520,26.88,27.2,26.37,26.76,350400
TEO,20080520,19.01,20.6,18.52,18.72,331300
TER,20080520,14.08,14.08,13.29,13.42,4918000
TEVA,20080520,46.4,46.5,45.55,45.93,3244500
TEX,20080520,74.01,74.81,73,74.42,1435200
TFX,20080520,57.46,57.46,56.87,57.11,225100
TG,20080520,14.43,14.72,14.29,14.65,222100
TGH,20080520,18.87,19.67,18.5,19.4,62900
TGI,20080520,33.835,34.01,33.365,33.5,167600
TGP,20080520,28.86,29.63,28.86,29.63,136600
TGS,20080520,4.19,4.26,4.07,4.15,63600
TGT,20080520,54.59,55.61,54.08,54.29,13699300
THC,20080520,22.56,23.04,22.48,22.96,6683500
THG,20080520,45.37,45.66,45.34,45.53,182600
THO,20080520,28.61,28.85,28,28.32,638100
THS,20080520,24.35,24.7,24.3,24.48,140100
TI,20080520,21.62,21.71,21.43,21.57,208500
TI.A,20080520,17.08,17.11,16.93,16.98,46300
TIF,20080520,47.73,48.29,46.61,47.78,2026600
TJX,20080520,15.805,15.825,15.505,15.69,4493500
TK,20080520,50.51,53.09,50.32,52.47,467300
TKC,20080520,18.84,19.29,18.7,19.05,4677100
TKF,20080520,16.51,16.51,16.07,16.21,48200
TKR,20080520,37.09,37.62,36.91,37.62,842700
TLI,20080520,10.91,11,10.91,10.94,13300
TLK,20080520,18.79,18.9,18.5,18.56,322800
TLP,20080520,30.5,30.62,30.01,30.17,14800
TM,20080520,103.94,103.94,102.79,103.21,511300
TMK,20080520,28.3289,28.3822,28.1333,28.2,495100
TMO,20080520,57.86,59.01,57.42,58.35,3418900
TNC,20080520,34.62,34.8,34.27,34.75,65100
TNH,20080520,154.56,160.41,151.51,160.41,264700
TNK,20080520,24.2,24.39,23.09,23.37,300900
TNP,20080520,37.51,38,36.63,36.75,303900
TOL,20080520,24.04,24.21,22.9,23.15,4765100
TOO,20080520,23.5,24.08,22.75,24,40900
TOT,20080520,89.18,89.77,88.76,89.59,1646800
TPL,20080520,44.62,46.7,44.62,46.19,8500
TPX,20080520,12.58,12.58,11.57,11.77,1299200
TR,20080520,24.01,24.04,23.85,24.04,220600
TRC,20080520,40.27,40.64,40,40.49,38600
TRI,20080520,38,38,37.04,37.17,99000
TRK,20080520,26.93,27.18,26.79,26.93,102500
TRN,20080520,18.905,19.3,18.9,19.22,1724700
TRP,20080520,39,40.27,38.85,40.09,561900
TRR,20080520,5.35,5.44,5.25,5.42,67600
TRU,20080520,9.64,9.69,9.31,9.54,26300
TRV,20080520,50.37,50.57,49.84,49.84,3275800
TS,20080520,59.48,61.24,59.46,61.2,2193400
TSI,20080520,3.83,3.86,3.78,3.78,113100
TSL,20080520,24.755,25.195,24.175,24.975,1242900
TSM,20080520,11.4,11.55,11.19,11.26,14230100
TSN,20080520,18.2,18.38,17.96,18.1,2671900
TSO,20080520,25.86,26.3,24.9,25.67,5885300
TSS,20080520,24.43,24.8,24.38,24.48,551500
TSU,20080520,30.61,30.8,30.18,30.71,395900
TTC,20080520,10.265,10.4175,10.2525,10.3975,521900
TTF,20080520,13.14,13.16,12.98,13.05,73000
TTI,20080520,20.6,21.12,20.15,21.1,967600
TTM,20080520,16,16.02,15.62,15.82,803100
TU,20080520,22.895,23.35,22.865,23.22,109800
TUP,20080520,38.68,38.95,38.23,38.49,616600
TV,20080520,27.6,27.6,26.23,26.61,3958900
TVC,20080520,25.3,25.3,25.1,25.15,22000
TVE,20080520,25.03,25.19,24.95,25.17,10900
TWI,20080520,39.06,39.24,38.43,39.19,231700
TWN,20080520,19.25,19.25,18.74,18.91,92600
TWX,20080520,49.05,49.23,48.36,48.45,14199100
TX,20080520,40.2,40.98,39.6,40.91,467000
TXT,20080520,63.77,63.77,62.59,62.94,1229600
TY,20080520,19.16,19.16,19.04,19.09,135500
TY.P,20080520,43.25,43.35,43.25,43.35,500
TYG,20080520,31.7,32.14,31.54,32.01,97900
TYL,20080520,15.05,15.24,14.93,15.22,109000
UA,20080520,4.5813,4.7075,4.5425,4.7075,835300
UAL,20080520,12.34,12.34,11.2,11.56,5708300
UAM,20080520,10.99,11.01,10.74,11,386400
UBA,20080520,16.59,17.08,16.49,16.86,112600
UBP,20080520,17.24,17.57,17.12,17.57,17100
UBS,20080520,30.72,30.8,30.33,30.61,3437100
UDR,20080520,25.23,25.44,24.86,24.98,1105700
UFI,20080520,2.95,3,2.93,2.99,110000
UFS,20080520,37.7424,38.0376,37.0224,38.0376,1886100
UGI,20080520,17.6867,17.94,17.6667,17.7067,185200
UGP,20080520,9.41,9.645,9.3975,9.5575,94900
UHS,20080520,31.855,32.095,31.535,31.655,378700
UHT,20080520,33.94,33.94,33.11,33.31,36700
UIS,20080520,43.5,44.6,43,44.5,3845500
UL,20080520,33.18,33.28,32.99,33.06,547200
UMC,20080520,3.6,3.6,3.48,3.5,2331900
UN,20080520,32.32,32.46,32.15,32.37,1586100
UNF,20080520,49.15,49.17,47.8,48.48,97300
UNH,20080520,33.56,34.19,33.46,34.05,19431900
UNM,20080520,24.47,24.65,24.16,24.28,1755200
UNP,20080520,38.295,38.59,37.9125,38.395,2947700
UNT,20080520,76.54,78.84,76.54,78.57,518300
UPS,20080520,70.48,70.9,69.98,70.2,3335900
URI,20080520,20.53,20.6,19.95,20.09,991800
USA,20080520,6.82,6.86,6.76,6.77,314900
USB,20080520,33.71,33.81,33.21,33.3,9904100
USB-H,20080520,20.37,20.4,20.28,20.4,15100
USG,20080520,36.64,36.64,35.95,36.51,637000
USPH,20080520,16.87,16.95,16.77,16.8,24900
UTF,20080520,25.35,25.62,25.32,25.49,141200
UTI,20080520,12.15,12.29,11.6,12.03,711700
UTX,20080520,74.06,74.25,73.01,73.4,5023500
UVV,20080520,60.35,61.49,59.78,61.05,814600
V,20080520,20.72,20.96,20.4775,20.685,10175600
VAL,20080520,22.44,22.44,21.79,22.09,968100
VAR,20080520,45.27,45.65,45.27,45.53,575700
VBF,20080520,17.13,17.31,17.13,17.3,22400
VC,20080520,4.68,4.78,4.54,4.61,1241000
VCO,20080520,38.93,38.93,38.93,38.93,0
VCV,20080520,14.8,14.84,14.75,14.79,34300
VFC,20080520,19.0575,19.0725,18.7075,18.7675,764700
VG,20080520,1.83,1.83,1.76,1.78,347000
VGM,20080520,14.24,14.24,14.11,14.11,36400
VGR,20080520,17.4,17.47,17.31,17.45,351500
VHI,20080520,9.7667,9.7667,9.3333,9.4767,38100
VIV,20080520,29.01,29.32,28.57,29.32,59200
VKQ,20080520,14.72,14.8,14.65,14.78,61600
VLO,20080520,49.61,50.25,48.79,50.12,9026600
VLT,20080520,18.15,18.35,18,18.2,30800
VLY,20080520,18.37,18.37,18,18.03,389500
VLY-A,20080520,24.9,25,24.8,24.99,3100
VMC,20080520,82,82.92,80.16,81.6,2814100
VMI,20080520,116.05,117.39,114.4,116.05,521700
VMO,20080520,14.24,14.28,14.22,14.25,23400
VMW,20080520,68.19,68.46,65.89,68,2599600
VNO,20080520,97.85,98.14,95.95,96.4,886300
VNO-G,20080520,21.71,21.91,21.53,21.88,125500
VNO-I,20080520,21.61,21.73,21.53,21.6,95400
VPV,20080520,13.14,13.14,13.03,13.05,16200
VR,20080520,21.22,21.32,20.95,21.22,163800
VRS,20080520,10.01,10.99,9.85,10.8,1611900
VRX,20080520,15.21,15.52,15.2,15.47,849100
VSH,20080520,10.39,10.39,10.14,10.23,1156100
VTA,20080520,15.14,15.22,14.87,15.08,199500
VTN,20080520,14.71,14.76,14.71,14.76,1900
VTR,20080520,48.09,48.42,47.14,47.4,905600
VVC,20080520,28.73,28.86,28.45,28.55,199900
VVI,20080520,32.55,32.79,32.12,32.4,52600
VVR,20080520,6.14,6.17,6.11,6.14,410300
VZ,20080520,38.85,38.86,37.55,37.83,15707100
WAB,20080520,22.41,22.84,22.11,22.65,353400
WAL,20080520,11.5,11.5,11,11.08,97000
WAT,20080520,63.68,64.25,63.27,63.64,743100
WBC,20080520,49.8,49.88,49.41,49.74,133800
WBK,20080520,23.058,23.058,22.76,22.798,24300
WBS,20080520,26.64,26.72,26.06,26.09,363700
WCC,20080520,43.66,44.73,43.66,44.11,662600
WCG,20080520,50.55,52.31,50.07,51.77,651200
WCN,20080520,20.88,21.3067,20.88,21.1733,351300
WDR,20080520,34.04,34.06,33.19,33.59,685800
WEA,20080520,13.11,13.4,13.11,13.3,12700
WEC,20080520,24.105,24.29,24.005,24.19,453900
WES,20080520,16.9,17.15,16.75,17.14,227900
WF,20080520,58.9,60.02,58.13,58.15,8200
WFC,20080520,28.29,29.1,27.75,28.05,31462600
WFT,20080520,45.335,45.645,44.395,45.205,3873500
WG,20080520,40.97,41.79,40.73,41.36,397000
WGL,20080520,34.73,35.28,34.61,34.95,389800
WGO,20080520,15.85,16.09,15.26,15.37,183300
WHG,20080520,39.16,39.9,39.09,39.46,10400
WHR,20080520,74.13,74.13,72.29,73.22,1258700
WIA,20080520,12.29,12.37,12.29,12.34,164400
WIT,20080520,8.022,8.028,7.86,7.956,203800
WIW,20080520,12.39,12.44,12.36,12.44,240300
WLK,20080520,8.76,8.76,8.515,8.585,287700
WLL,20080520,45.13,48.225,44.48,48.2,2738600
WM,20080520,36.66,36.91,36.52,36.8,1953800
WMB,20080520,39.19,39.61,39,39.48,4375800
WMK,20080520,34.44,34.44,33.63,34.04,36100
WMS,20080520,35.88,36.35,35.07,35.53,603800
WMT,20080520,56.15,56.39,55.48,55.95,21835500
WNC,20080520,8.13,8.38,8.04,8.36,194300
WNR,20080520,8.73,9.46,8.47,9.24,2701200
WNS,20080520,16.99,17.95,16,17.44,102700
WOR,20080520,18.81,19.32,18.62,19.22,925700
WPC,20080520,31.22,31.39,31.04,31.2,59000
WPZ,20080520,34.8,35.19,34.55,35.12,107800
WR,20080520,23.31,23.78,23.3,23.66,1757200
WRB,20080520,27.36,27.51,27.07,27.21,649500
WRE,20080520,34.69,34.69,34.15,34.5,2067200
WRI,20080520,36.36,36.51,35.68,35.99,471000
WSM,20080520,26.62,26.62,25.67,26.06,1065800
WSO,20080520,44.71,45.36,44.59,45.19,312900
WST,20080520,22.75,23.49,22.685,23.255,163800
WTI,20080520,53.59,55.41,53.08,54.84,686200
WTM,20080520,469,472.67,466.62,472.5,11800
WTR,20080520,13.68,13.824,13.6,13.792,938500
WTS,20080520,27.6,28.02,27.39,27.75,274500
WTW,20080520,43.12,43.2,42.67,43.01,390800
WU,20080520,23.6,23.72,23.42,23.62,3119600
WWE,20080520,16.34,16.63,16.31,16.46,359500
WWW,20080520,14.19,14.325,14.08,14.185,357400
WY,20080520,66.35,66.7,65.79,66.45,1222100
WYN,20080520,24.04,24.24,23.18,23.33,1276700
X,20080520,179,184.16,175.02,184.02,6062600
XCO,20080520,24,25.55,24,25.23,1401200
XEC,20080520,71.04,71.9,70.5,71.58,971100
XEL,20080520,21.55,21.62,21.39,21.46,1913400
XIN,20080520,8.91,9.47,8.91,9.2,282500
XKE,20080520,8.55,8.65,8.4,8.59,14100
XL,20080520,35.65,35.65,34.36,34.92,1924900
XOM,20080520,94.47,94.88,93.93,94.56,26901700
XRM,20080520,93.6,93.8,92.2,93.2,124200
XRX,20080520,14.11,14.14,13.85,14.02,5680400
Y,20080520,373,373,367.88,368.69,8300
YGE,20080520,239.6,241,232,234.3,5431300
YPF,20080520,46.89,46.89,45.91,46.03,10300
YUM,20080520,40.55,40.58,39.62,39.72,3586500
YZC,20080520,21.45,21.458,20.86,21.226,174900
ZB-A,20080520,16.5,16.5,15.9,16.05,15700
ZF,20080520,19.56,19.6,19.4,19.52,125100
ZNH,20080520,30.91,30.94,30.4,30.48,102000
ZTR,20080520,19.04,19.12,19,19.12,171100
