<ticker>,<date>,<open>,<high>,<low>,<close>,<vol>
A,20120402,31.8956,32.2675,31.6309,32.0959,2261500
AA,20120402,29.85,30.72,29.79,30.51,18686100
AAN,20120402,25.87,26.22,25.77,26.08,602400
AAP,20120402,88.75,89.77,88.07,88.98,823900
AAT,20120402,22.71,23.6,22.71,23.54,130000
AAV,20120402,3.33,3.41,3.33,3.4,228700
AB,20120402,15.52,15.78,15.43,15.61,227600
ABB,20120402,20.46,20.8,20.4,20.7,1820000
ABC,20120402,39.7,39.74,39.03,39.19,2359300
ABG,20120402,27.05,27.71,26.89,27.29,515300
ABM,20120402,24.18,24.29,23.91,24.27,313200
ABR,20120402,5.6,5.6,5.53,5.56,13300
ABT,20120402,61.14,61.3,61.04,61.24,8137200
ABX,20120402,43.68,44.5,43.51,44.21,6732300
ACC,20120402,44.64,45.19,44.44,45.17,812000
ACH,20120402,11.74,12.01,11.66,11.97,250500
ACM,20120402,22.26,22.85,22.26,22.63,1105600
ACN,20120402,64.63,65.66,64.4,65.49,3405600
ACP,20120402,16.53,16.58,16.37,16.44,282700
ADC,20120402,22.57,22.83,22.01,22.77,110900
ADM,20120402,31.67,32.49,31.59,32.33,5002000
ADS,20120402,125.62,127.71,125.46,126.57,745700
ADX,20120402,10.95,11.11,10.95,11.08,100900
AEB,20120402,21.85,22.04,21.81,22.01,10700
AED,20120402,23.55,23.74,23.55,23.65,45200
AEE,20120402,32.55,32.7,32.27,32.5,1128500
AEG,20120402,5.47,5.63,5.45,5.6,354800
AEH,20120402,24.07,24.25,23.97,24.21,204200
AEK,20120402,26.16,26.16,26.06,26.06,132800
AEL,20120402,12.77,12.89,12.68,12.89,440600
AEM,20120402,33.38,35.06,33.37,34.96,2562300
AEO,20120402,17.03,17.47,16.95,17.31,5617400
AEP,20120402,38.63,38.95,38.49,38.88,3609200
AER,20120402,11.11,11.42,11.11,11.4,286100
AES,20120402,13,13.12,12.93,13.04,4667600
AES-C,20120402,50.02,50.05,50,50.05,5200
AET,20120402,50.19,50.47,49.95,50.23,4367600
AF,20120402,9.88,10.03,9.75,9.95,765800
AFB,20120402,14.8,14.98,14.8,14.96,42600
AFC,20120402,24.33,24.52,24.25,24.33,12400
AFG,20120402,38.49,38.92,38.43,38.5,515200
AFL,20120402,45.99,46.58,45.75,46.41,2959500
AFT,20120402,17.99,18.28,17.99,18.17,231200
AG,20120402,16.59,17.3,16.57,17.03,735500
AGC,20120402,6.87,6.94,6.86,6.89,119200
AGCO,20120402,47.25,48.22,46.76,47.64,1059700
AGD,20120402,12.16,12.22,12.14,12.22,147900
AGM,20120402,22.56,23.48,22.39,23.45,75300
AGM.A,20120402,17.98,17.98,17.98,17.98,600
AGN,20120402,94.15,95.68,93.94,95.17,1823700
AGO,20120402,16.47,16.58,16.18,16.46,1694800
AGO-B,20120402,24.91,24.91,24.63,24.63,15700
AGO-E,20120402,24.27,24.55,24.01,24.5,25100
AGO-F,20120402,22.44,22.69,22.16,22.16,12300
AGRO,20120402,10.8,10.83,10.55,10.8,181900
AGU,20120402,86.3,88.72,86.05,88.27,702800
AHC,20120402,4.9,5,4.87,4.95,47200
AHL,20120402,27.9,28.43,27.85,28.17,455800
AHT,20120402,9.02,9.16,9,9.09,711300
AHT-A,20120402,24.48,24.57,24.48,24.56,4900
AHT-D,20120402,24.19,24.55,24.19,24.49,25100
AI,20120402,22.11,22.51,22.04,22.5,137900
AIG,20120402,30.85,31.29,30.45,31.17,16757600
AIG.W,20120402,10.64,10.86,10.45,10.72,301400
AIN,20120402,22.8,23.78,22.59,23.75,210500
AIR,20120402,18.31,18.75,18.03,18.72,356500
AIT,20120402,41.13,41.79,40.81,41.78,183000
AIV,20120402,26.32,26.82,26.2,26.82,1359400
AIZ,20120402,40.39,40.85,40.05,40.53,1341300
AJG,20120402,35.76,35.99,35.52,35.82,773700
AKO.A,20120402,28.34,28.9,28.34,28.9,1400
AKO.B,20120402,33.86,34.88,33.8,34.54,8600
AKP,20120402,14.76,14.88,14.73,14.88,12700
AKR,20120402,22.54,22.82,22.45,22.77,242700
AKS,20120402,7.54,7.85,7.45,7.66,7410300
AL,20120402,24.01,24.33,23.7,24.09,185700
ALB,20120402,63.65,65.5,63.48,65.18,687600
ALE,20120402,41.46,41.81,41.13,41.81,151400
ALEX,20120402,48.22,49.07,47.88,48.64,367400
ALG,20120402,29.89,30.55,29.84,30.41,27200
ALJ,20120402,8.96,9.08,8.75,8.85,573800
ALK,20120402,17.875,17.945,17.675,17.82,793700
ALL,20120402,32.93,33.58,32.91,33.36,3552600
ALL-A,20120402,23.2,23.24,23.11,23.13,290600
ALL-B,20120402,21.71,21.89,21.67,21.7,314400
ALP-O,20120402,27.23,27.23,27,27,400
ALR,20120402,25.93,26.02,25.64,25.89,854800
ALR-B,20120402,240.54,240.54,240.54,240.54,10100
ALSN,20120402,23.63,24.8,23.63,24.59,478600
ALV,20120402,67.42,68.76,67.27,68.64,692400
ALX,20120402,391.24,401.5,391.24,399.79,2900
AM,20120402,15.34,15.87,15.33,15.7,601400
AME,20120402,32.2533,32.92,32.1467,32.6733,703000
AMG,20120402,112.12,114.51,111.31,113.53,361500
AMID,20120402,21.95,22,21.45,21.94,20400
AMP,20120402,57.18,57.94,57.08,57.76,1604500
AMRC,20120402,13.49,13.71,12.68,13.68,359000
AMT,20120402,63.06,64.03,62.84,64.01,2731800
AMX,20120402,24.66,25.09,24.66,24.82,3899800
AN,20120402,34.09,35,34.09,34.78,1060200
ANF,20120402,50.84,52.2,50.52,51.62,2704000
ANH,20120402,6.63,6.75,6.61,6.74,1945600
ANH-A,20120402,25.82,25.86,25.82,25.86,1800
ANH-B,20120402,24.41,24.71,24.41,24.71,1800
ANTM,20120402,73.63,73.8,72.83,72.95,3552000
ANW,20120402,6.93,7.22,6.83,7.04,284400
AOD,20120402,9.44,9.58,9.42,9.58,1182500
AOI,20120402,37.4,39,37.3,39,330300
AON,20120402,48.93,49.36,48.74,49.22,1512600
AOS,20120402,11.1775,11.2225,10.9825,11.1025,459300
AP,20120402,20.1,20.2,19.91,20.15,50200
APA,20120402,100.4,102.13,99.69,100.97,2528500
APB,20120402,10.49,10.65,10.49,10.62,5200
APC,20120402,78.25,79.85,77.51,79.11,3420700
APD,20120402,91.83,92.79,91.44,92.68,1161100
APF,20120402,14.76,15.01,14.76,14.97,21200
APH,20120402,30.06,30.825,29.915,30.665,1370200
APO,20120402,14.37,14.57,14.08,14.4,201300
APU,20120402,40.72,40.72,40.35,40.4,207900
ARC,20120402,5.37,5.72,5.37,5.72,70000
ARCO,20120402,18.03,18.39,18.02,18.24,1693100
ARE,20120402,73.05,73.61,72.86,73.41,470400
ARI,20120402,15.67,15.79,15.45,15.77,159500
ARL,20120402,1.7,1.8,1.7,1.8,3800
ARNC,20120402,9.93,10.24,9.93,10.17,8308600
ARR,20120402,6.78,6.85,6.75,6.83,4592700
ARW,20120402,41.88,42.42,41.27,42.04,788400
ASA,20120402,25.74,25.98,25.54,25.88,80800
ASG,20120402,4.36,4.41,4.35,4.41,42000
ASH,20120402,30.55,31.3,30.345,30.985,773300
ASR,20120402,68.74,71.21,68.58,70.8,66800
ASX,20120402,5.11,5.22,5.1,5.15,1762100
AT,20120402,13.8,13.97,13.72,13.97,438200
ATI,20120402,41.05,42.34,40.87,41.79,1463700
ATO,20120402,31.44,31.95,31.28,31.51,658400
ATR,20120402,54.76,55.49,54.53,55,314500
ATU,20120402,29,29.69,28.68,29.57,649100
ATV,20120402,4.35,4.54,4.25,4.44,2400
ATW,20120402,44.67,45.85,44.26,45.13,702800
AU,20120402,36.79,37.25,36.47,36.9,2132100
AUO,20120402,4.65,4.74,4.62,4.74,1588600
AUY,20120402,15.64,16.16,15.62,15.94,5079600
AVA,20120402,25.6,26.13,25.51,25.97,364100
AVB,20120402,141.36,141.66,140.25,141.43,551600
AVD,20120402,21.69,23,21.6,23,374600
AVK,20120402,16.24,16.42,16.24,16.34,55500
AVP,20120402,23.14,23.38,21.81,22.7,65292300
AVT,20120402,36.34,36.7,35.85,36.31,883800
AVX,20120402,13.27,13.34,13.12,13.3,256100
AVY,20120402,29.84,30.33,29.73,30.02,1168800
AWF,20120402,14.95,15.25,14.95,15.24,178200
AWH,20120402,22.7433,23.15,22.6133,23.02,275700
AWI,20120402,48.66,48.78,47.4,47.86,677600
AWK,20120402,34.09,34.44,33.95,34.35,736700
AWP,20120402,6.46,6.57,6.46,6.57,320600
AWR,20120402,18.085,18.53,18,18.475,151900
AXE,20120402,72.32,73.15,71.04,73.06,252900
AXL,20120402,11.7,12.12,11.53,12.06,1810300
AXP,20120402,57.9,58.33,57.48,58.01,6674100
AXR,20120402,8.97,8.97,8.78,8.78,600
AXS,20120402,32.99,33.35,32.7,33.33,898600
AYI,20120402,62.76,64.1,62.53,63.68,290500
AYR,20120402,12.24,12.32,12.15,12.3,746100
AZN,20120402,44.65,45.48,44.62,45.28,1527700
AZO,20120402,377.23,379.17,371.65,378.72,506800
AZZ,20120402,25.795,27.09,25.775,26.9,68800
B,20120402,26.22,26.96,26.12,26.96,429600
BA,20120402,74,75.48,73.61,75.17,4104500
BAC,20120402,9.55,9.78,9.41,9.68,179229000
BAC-C,20120402,24.74,24.78,24.6,24.73,61100
BAC-D,20120402,24.21,24.28,24.18,24.23,155000
BAC-E,20120402,20.48,20.61,20.48,20.58,8800
BAC-I,20120402,24.84,24.99,24.76,24.88,80400
BAC-L,20120402,978,985.57,977,982,9500
BAC-W,20120402,24.85,25.5,24.85,24.88,42000
BAC-Y,20120402,23.67,23.79,23.65,23.68,22900
BAC.A,20120402,4.65,4.77,4.54,4.67,240100
BAC.B,20120402,0.99,1.05,0.95,1.01,384800
BAF,20120402,15.26,15.3,15.15,15.17,14200
BAH,20120402,16.93,17.36,16.87,17.29,151000
BAK,20120402,15.96,16.8,15.93,16.75,1317900
BAM,20120402,21.0867,21.6133,20.96,21.4867,1048800
BAP,20120402,131.99,134.82,130.98,134.2,306700
BAS,20120402,17.28,18.12,17.14,17.9,838800
BAX,20120402,59.6,60.3,59.57,60.25,2209300
BBD,20120402,11.9973,12.1694,11.9697,12.1144,9616100
BBDO,20120402,12.6917,12.6917,12.6667,12.6917,6000
BBF,20120402,14.64,14.77,14.64,14.64,13100
BBG,20120402,26.03,26.38,25.6,26.07,1269900
BBK,20120402,16.35,16.41,16.31,16.35,26200
BBL,20120402,61.47,63.21,61.3,62.78,988100
BBN,20120402,21.49,21.7,21.41,21.49,158300
BBT,20120402,31.22,31.5,31.03,31.34,6159000
BBVA,20120402,7.77,8.03,7.74,7.97,1513800
BBW,20120402,5.25,5.41,5.25,5.41,88300
BBY,20120402,23.24,23.8,22.8,23.64,11183900
BC,20120402,25.65,26.3,25.51,26.07,991700
BCE,20120402,40.12,40.59,40.07,40.55,463600
BCEI,20120402,21.75,22.33,21.27,22.04,212000
BCH,20120402,96.18,96.18,93.75,95.27,23100
BCO,20120402,23.81,24.05,23.8,23.95,859500
BCR,20120402,98.93,99.47,98.48,99.15,447900
BCS,20120402,14.75,15.33,14.71,15.24,3963800
BCS-D,20120402,25.65,25.65,25.49,25.52,83900
BCX,20120402,15.14,15.31,15.09,15.3,120500
BDC,20120402,37.91,38.39,37.19,38.34,441100
BDJ,20120402,7.54,7.6,7.5,7.56,794200
BDN,20120402,11.52,11.68,11.48,11.57,1995700
BDX,20120402,77.42,78.25,77.33,77.91,911000
BEN,20120402,41.3567,42.4133,41.3367,42.1867,862700
BF.A,20120402,27.1067,27.5134,27.1034,27.48,9200
BF.B,20120402,27.7834,28.2667,27.7834,28.21,278100
BFK,20120402,14.49,14.57,14.37,14.4,98300
BFO,20120402,15.43,15.48,15.43,15.45,5900
BFR,20120402,6.01,6.18,6.01,6.11,102600
BFS,20120402,40.29,41,40.29,40.7,31600
BFZ,20120402,15.09,15.17,15.07,15.17,56500
BG,20120402,68.41,69.79,68.4,69.73,1814300
BGC,20120402,28.9,28.97,28.04,28.42,976000
BGE-B,20120402,25.45,25.45,25.4,25.45,6400
BGG,20120402,17.85,18.21,17.62,18.21,309700
BGR,20120402,26.05,26.7,26.05,26.58,66500
BGS,20120402,22.44,22.65,22.35,22.65,227400
BGT,20120402,14.35,14.35,14.13,14.18,69900
BGX,20120402,18.46,18.46,18.3,18.3,39900
BGY,20120402,7.77,7.97,7.76,7.93,592800
BH,20120402,402,419.63,401.57,417.87,6100
BHE,20120402,16.42,16.95,16.32,16.94,372400
BHI,20120402,41.84,42.84,41.61,42.46,7101300
BHK,20120402,13.73,13.97,13.73,13.97,55900
BHL,20120402,13.4,13.56,13.4,13.48,21200
BHP,20120402,72.63,74.4,72.4,73.84,2904500
BID,20120402,39.44,40.34,39.06,39.77,998300
BIF,20120402,6.27,6.36,6.27,6.35,24300
BIG,20120402,42.64,43.88,42.63,43.84,1458900
BIO,20120402,103.24,103.48,102.7,102.92,80500
BIO.B,20120402,102.95,103.31,102.95,103.31,200
BIP,20120402,21.1533,21.2533,20.74,21.0733,421100
BITA,20120402,5.34,5.34,5.09,5.11,81900
BJZ,20120402,16.54,16.57,16.39,16.39,6600
BK,20120402,24.09,24.56,23.88,24.49,9397400
BKD,20120402,18.7,19.14,18.63,18.97,1043800
BKE,20120402,47.94,48.92,47.75,48.55,444100
BKH,20120402,33.41,34.29,33.3,34.22,372300
BKK,20120402,15.97,16.05,15.88,16.05,45000
BKN,20120402,15.58,15.6,15.52,15.53,15700
BKS,20120402,13.15,13.65,13.15,13.25,902700
BKT,20120402,7.46,7.5,7.44,7.5,118200
BKU,20120402,25,25.23,24.95,25.16,136200
BLH,20120402,16.58,16.58,16.42,16.48,1600
BLK,20120402,206.31,209.37,203.38,206.29,479700
BLL,20120402,21.27,21.585,21.27,21.55,1354400
BLW,20120402,17.78,17.84,17.64,17.73,179600
BLX,20120402,21.1,21.3,21.08,21.23,301200
BMA,20120402,19.56,19.73,19.04,19.1,127200
BME,20120402,27.65,27.82,27.4,27.8,10500
BMI,20120402,34.01,34.77,33.7,34.66,98700
BML-G,20120402,19.23,19.4,19.14,19.4,7000
BML-H,20120402,18.82,18.9,18.73,18.84,12200
BML-I,20120402,23.52,23.9,23.48,23.75,143300
BML-J,20120402,20.22,20.22,20.22,20.22,300
BML-L,20120402,20.17,20.39,20.16,20.29,12400
BMO,20120402,59.11,60.07,59.03,60.01,403200
BMS,20120402,32.21,33.16,32.03,33.01,1321500
BMY,20120402,33.65,33.93,33.63,33.89,8390000
BNJ,20120402,15.75,15.82,15.66,15.66,8100
BNS,20120402,55.76,56.73,55.55,56.63,459300
BNY,20120402,15.7,15.74,15.58,15.59,17200
BOE,20120402,15.33,15.48,15.23,15.44,232400
BOH,20120402,48.29,48.55,47.97,48.22,525000
BORN,20120402,3.05,3.28,2.99,3.14,501800
BOX,20120402,17.2,17.91,17.09,17.91,92200
BOXC,20120402,24.14,24.56,24.14,24.56,500
BP,20120402,44.64,45.6,44.64,45.34,6213200
BPI,20120402,24.67,25.56,24.61,25.44,413400
BPK,20120402,16.73,16.99,16.53,16.64,20900
BPL,20120402,61.27,61.37,60.08,60.19,518100
BPT,20120402,124.8,126.99,124.59,126.72,75000
BQH,20120402,15.79,15.96,15.79,15.85,2900
BR,20120402,23.84,24.46,23.78,24.19,767900
BRC,20120402,32.2,32.74,32.02,32.74,313700
BRFS,20120402,20.15,20.15,19.53,19.98,3722300
BRK.A,20120402,121950,123000,121600,122693,500
BRK.B,20120402,81.15,82.03,81,81.84,3844600
BRO,20120402,23.69,23.95,23.42,23.89,708100
BRS,20120402,47.53,48.21,47.41,48,319200
BRT,20120402,6.89,7.01,6.89,7.01,1800
BSBR,20120402,9.18,9.32,9.07,9.25,10728900
BSD,20120402,14.26,14.33,14.21,14.28,26100
BSE,20120402,15.26,15.26,15.04,15.04,9900
BSL,20120402,19.95,20.12,19.94,20,59500
BSX,20120402,5.99,6.04,5.95,5.97,16839700
BT,20120402,18.015,18.485,17.985,18.43,367700
BTA,20120402,12.4,12.55,12.4,12.44,64400
BTE,20120402,51.95,53.56,51.72,53.2,200300
BTO,20120402,17.22,17.39,17.18,17.39,57400
BTU,20120402,29.06,29.98,28.85,29.41,6378200
BTZ,20120402,13.05,13.19,13.04,13.19,123600
BUD,20120402,72.58,73.49,72.5,73.42,596300
BUI,20120402,18.55,18.67,18.33,18.67,129400
BVN,20120402,40.01,41.19,39.97,41.13,977400
BWA,20120402,42.005,42.99,41.685,42.73,937900
BWG,20120402,20,20.02,20,20,42100
BWP,20120402,26.49,26.79,26.41,26.76,263700
BX,20120402,16,16.06,15.78,15.86,4740800
BXC,20120402,26,26.8,25,25.4,27600
BXP,20120402,104.99,105.6,104.66,105.21,1116500
BXS,20120402,13.42,13.63,13.3,13.56,757600
BYD,20120402,7.82,8.1,7.81,8.04,1902700
BYM,20120402,14.98,15.04,14.94,14.94,52900
BZH,20120402,16.1,16.5,15.9,16.35,1710000
C,20120402,36.4,37.14,36.16,36.87,23832000
C-J,20120402,25.65,25.67,25.6,25.62,120700
C-N,20120402,27.34,27.34,27.25,27.25,14000
C-P,20120402,27.75,27.9,27.75,27.9,1000
C-S,20120402,24.03,24.03,23.88,24,61200
C.A,20120402,0.43,0.44,0.42,0.43,215400
CAB,20120402,38,38.72,37.93,38.69,747900
CACI,20120402,62.41,63.02,61.97,62.85,375900
CAE,20120402,10.22,10.32,10.14,10.23,43200
CAF,20120402,19.56,19.96,19.5,19.96,221900
CAG,20120402,26.28,26.66,26.1,26.55,5822600
CAH,20120402,43.09,43.3,42.76,42.76,2111400
CAJ,20120402,47.88,48.48,47.85,48.29,201600
CALX,20120402,8.5,8.65,8.26,8.64,317700
CAT,20120402,105.99,107.94,105.04,107.25,5212200
CATO,20120402,27.52,28.27,27.43,28.26,122100
CB,20120402,69.19,70.1,68.84,69.8,1867400
CBB,20120402,20.1,20.4,20.05,20.35,1081400
CBB-B,20120402,41.9,42.2,41.56,42.2,2500
CBD,20120402,48.1,48.7,47.8,48.64,561400
CBG,20120402,19.97,20.46,19.77,20.17,4531300
CBI,20120402,43.02,44.2,42.81,43.93,826100
CBK,20120402,1.85,1.9,1.84,1.85,340400
CBL,20120402,18.92,19.16,18.84,19.09,1277700
CBL-D,20120402,25.04,25.14,25.01,25.11,3200
CBM,20120402,7,7.22,7,7.21,102200
CBS,20120402,33.8,33.99,33.4,33.74,8158200
CBS.A,20120402,34.18,34.43,33.91,34.27,7500
CBT,20120402,42.64,43.59,42.28,43.01,556700
CBU,20120402,28.78,29.44,28.58,29.38,271800
CBZ,20120402,6.24,6.63,6.24,6.62,135300
CCC,20120402,15.56,15.76,15.4,15.76,335000
CCE,20120402,28.5,28.93,28.5,28.92,2417400
CCI,20120402,53.5,53.77,52.68,53.37,1897000
CCJ,20120402,21.26,21.74,21.26,21.55,2444800
CCK,20120402,36.68,37.53,36.66,37.5,1477700
CCL,20120402,32.01,32.08,31.69,31.69,4197200
CCM,20120402,3.88,3.9,3.8,3.8,14700
CCO,20120402,7.94,8.11,7.94,8.02,370500
CCS,20120402,25.35,25.36,25.29,25.32,51800
CCU,20120402,31.452,32.768,31.452,32.4,104700
CCZ,20120402,39.97,39.97,39.97,39.97,0
CDE,20120402,23.73,24.78,23.6,24.32,1529000
CDI,20120402,17.9,18.5,17.89,18.47,127500
CDR,20120402,5.12,5.22,5.12,5.22,388500
CE,20120402,46.24,46.99,45.71,46.8,1517300
CEA,20120402,16.44,16.56,16.35,16.48,30800
CEE,20120402,34.84,35.31,34.78,35.24,13800
CEL,20120402,12.39,12.42,12.28,12.32,212100
CEM,20120402,23.65,23.73,23.52,23.6,100400
CEO,20120402,203.7,208.26,202.81,206.95,154000
CF,20120402,36.64,37.656,36.33,37.558,1509300
CFC-B,20120402,23.95,23.96,23.87,23.88,224300
CFI,20120402,11.05,11.68,11.02,11.49,47600
CFR,20120402,58.02,59.11,57.85,58.66,705900
CFX,20120402,35.02,35.56,34.9,35.45,602200
CGA,20120402,4.29,4.5,4.26,4.45,182100
CGI,20120402,15.48,16.4,15.42,16.37,122400
CHA,20120402,54.08,55.12,54.08,55.12,98000
CHD,20120402,24.675,24.955,24.635,24.77,821900
CHE,20120402,62.67,64.09,62.44,63.98,229600
CHH,20120402,37.25,37.65,37.25,37.49,146400
CHK,20120402,23.08,23.69,22.97,23.31,12463200
CHK-D,20120402,92.5,92.5,91.5,91.55,1000
CHKR,20120402,26.26,26.68,25.95,26.42,217700
CHL,20120402,54.68,54.86,54.48,54.73,1043100
CHN,20120402,23.28,23.46,23.1,23.45,95600
CHS,20120402,15.11,15.31,15.11,15.15,2652800
CHSP,20120402,17.92,18.38,17.84,18.38,119500
CHT,20120402,30.59,30.74,30.51,30.64,341500
CHU,20120402,16.6,16.82,16.54,16.77,895400
CI,20120402,49.02,49.61,48.82,49.43,3132100
CIA,20120402,9.84,10.2,9.82,10.05,102100
CIB,20120402,64.87,65.46,64.21,65.29,303400
CIE,20120402,29.87,31.06,29.54,30,1936100
CIF,20120402,3.19,3.23,3.17,3.18,45100
CIG,20120402,15.2448,15.8208,15.2128,15.7888,5344300
CIG.C,20120402,20.75,21.39,20.73,21.39,2200
CII,20120402,13.46,13.57,13.43,13.56,229700
CIM,20120402,2.83,2.83,2.8,2.81,9462400
CIR,20120402,33.35,33.45,33,33.33,130500
CIT,20120402,41.01,41.99,40.87,41.6,1362000
CKH,20120402,95.41,96.62,95.41,96.25,126600
CL,20120402,48.84,49.225,48.83,49.22,2617700
CLB,20120402,131.57,134.11,130.64,132.96,296700
CLD,20120402,15.87,16.52,15.78,16.13,1226600
CLDT,20120402,12.72,12.76,12.56,12.72,113000
CLF,20120402,69.26,71.6,68.8,70.88,2959400
CLGX,20120402,16.27,16.42,16.2,16.2,648500
CLH,20120402,67.05,67.72,66.56,67.3,439700
CLI,20120402,28.47,28.47,28.25,28.34,1221800
CLN-A,20120402,25.03,25.1,24.96,25,71900
CLR,20120402,42.89,44,42.115,43.48,1054600
CLS,20120402,9.6,9.65,9.48,9.65,477500
CLW,20120402,33.26,33.33,32.85,33.01,161700
CLX,20120402,68.46,70.09,68.31,69.32,1407700
CM,20120402,76.17,77.35,75.96,77.2,174800
CMA,20120402,32.24,32.49,31.71,32.29,3210700
CMA.W,20120402,8.3,8.48,8.05,8.46,10400
CMC,20120402,14.94,15.4,14.82,15.3,1657700
CMG,20120402,417,421.41,413.54,418.4,381200
CMI,20120402,120.62,122.25,118.31,121.71,2073800
CMO,20120402,13.12,13.21,13.08,13.21,769900
CMP,20120402,71.68,72.3,71.52,71.78,391400
CMRE,20120402,13.85,13.92,13.77,13.9,229600
CMS,20120402,21.97,22.35,21.83,22.3,3156900
CMS-B,20120402,94.99,94.99,94.99,94.99,100
CMU,20120402,4.91,4.95,4.91,4.92,37500
CNA,20120402,29.25,29.72,29.2,29.58,184100
CNC,20120402,24.385,24.81,24.245,24.72,507000
CNI,20120402,39.57,40.35,39.57,40.185,499400
CNK,20120402,21.92,22.19,21.75,22.08,1153700
CNO,20120402,7.73,7.99,7.73,7.95,2394400
CNP,20120402,19.73,19.94,19.61,19.87,4373300
CNQ,20120402,33.46,34.18,33.21,34.02,3282300
CNS,20120402,31.75,33,31.5,32.87,157100
CNX,20120402,34,35.09,33.93,34.86,4477100
CO,20120402,2.89,2.94,2.89,2.89,22300
CODI,20120402,14.83,15.15,14.8,15.14,203100
COF,20120402,55.89,56.95,55.46,56.36,4845400
COF.W,20120402,22.9,23.64,22.58,23.25,3400
COG,20120402,15.555,16.2,15.505,16.02,4028300
COH,20120402,77.62,79,77.42,78.46,1880200
COL,20120402,57.56,58.41,57.13,58.31,951700
COO,20120402,81.34,82.41,80.65,82.25,495000
COP,20120402,75.99,77.31,75.88,76.87,6070000
COR,20120402,23.62,24,23.52,23.98,116000
COT,20120402,6.51,6.9,6.51,6.84,535100
CP,20120402,75.7,77.59,75.66,77.31,384300
CPA,20120402,79.44,79.91,78.76,79.47,481900
CPAC,20120402,11.59,12.2,11.59,11.97,32000
CPB,20120402,33.76,33.9,33.43,33.83,2221500
CPE,20120402,6.28,6.45,6.23,6.43,251500
CPF,20120402,13,13.5,13,13.39,113000
CPK,20120402,27.4933,27.78,27.1467,27.7667,30800
CPL,20120402,30.21,31.19,30.1,31.03,591500
CPN,20120402,17.16,17.34,17.03,17.14,2675600
CPT,20120402,65.75,66.03,65.57,65.85,652500
CR,20120402,48.49,49.02,47.97,48.95,540400
CRD.A,20120402,3.8,3.93,3.64,3.82,32800
CRD.B,20120402,4.89,4.97,4.83,4.96,48200
CRH,20120402,20.33,20.86,20.22,20.68,262900
CRI,20120402,49.77,49.99,48.81,49.52,1086700
CRK,20120402,78.75,83.35,78.15,81.65,2108900
CRL,20120402,36.22,36.88,36.1,36.75,677100
CRM,20120402,38.2675,39.6125,38.14,39.295,2057800
CRR,20120402,101.77,104.84,101.74,103.52,525200
CRS,20120402,52.2,53.2,52.08,52.6,858400
CRT,20120402,41.86,42.26,41.52,41.6,22100
CRY,20120402,5.28,5.54,5.25,5.54,106400
CS,20120402,28.12,28.78,28.02,28.7,1653800
CSL,20120402,49.84,52.4,49.73,51.87,448500
CSS,20120402,19.41,19.9,19.22,19.68,29800
CSU,20120402,9.22,9.38,9.1,9.35,117300
CSV,20120402,7.51,7.57,7.43,7.46,34900
CTB,20120402,15.2,15.67,15.16,15.64,673600
CTL,20120402,38.69,39.04,38.55,38.73,4401600
CTS,20120402,10.45,10.73,10.38,10.73,101800
CTW,20120402,26.2,26.5,26.15,26.23,65600
CUB,20120402,46.98,48.25,46.98,48.22,129900
CUBE,20120402,11.9,12.26,11.87,12.23,1846600
CUK,20120402,32.02,32.17,31.82,31.95,225400
CUZ,20120402,7.6,7.78,7.54,7.77,690800
CVA,20120402,16.21,16.38,16.15,16.33,655500
CVE,20120402,35.66,36.4,35.58,36.27,922800
CVG,20120402,13.29,13.52,13.09,13.5,812100
CVI,20120402,26.63,27.5,26.28,27.2,1237500
CVO,20120402,26.96,28.08,26.56,28.08,1173600
CVS,20120402,44.2,45.19,44.15,45.07,6820200
CVX,20120402,106.85,108.79,106.6,108.3,5189100
CW,20120402,36.77,37.37,36.62,37.37,275100
CWH,20120402,18.55,18.9,18.52,18.89,786000
CWT,20120402,18.19,18.36,18.11,18.33,241100
CX,20120402,7.68,7.88,7.65,7.8,7800700
CXE,20120402,5.36,5.37,5.32,5.32,61500
CXH,20120402,10.19,10.29,10.18,10.19,11100
CXO,20120402,103.13,104.12,101.58,103.76,1375500
CXW,20120402,27.22,27.28,26.74,26.88,1633400
CYD,20120402,15.86,15.95,15.64,15.91,39100
CYH,20120402,22.22,23.35,22.09,23.16,2469200
CYS,20120402,13.09,13.31,13.08,13.29,2004900
CZZ,20120402,14.77,15.18,14.64,15.05,833500
D,20120402,51.15,51.75,51,51.5,2015100
DAC,20120402,3.94,3.96,3.85,3.9,13500
DAL,20120402,9.88,10.08,9.8,10.01,10551600
DAN,20120402,15.46,16.35,15.43,16.32,2833500
DAR,20120402,17.4,17.72,17.28,17.63,893900
DB,20120402,48.71,50.26,48.55,49.98,1436000
DBD,20120402,38.6,39.52,38.05,39.52,650900
DBL,20120402,25.55,25.84,25.55,25.68,55400
DCI,20120402,35.72,36.09,35.37,35.74,659600
DCM,20120402,16.61,16.69,16.57,16.66,355100
DCO,20120402,12,12.3,11.79,12.12,101500
DCT,20120402,23.44,23.92,23.4,23.84,3562300
DD,20120402,52.68,53.47,52.52,53.39,4509700
DD-A,20120402,87.98,88,87.98,88,200
DD-B,20120402,104.35,105.37,104.25,105.07,800
DDD,20120402,16.2733,16.6,15.88,16.1667,997100
DDE,20120402,2.54,2.56,2.48,2.54,60900
DDF,20120402,8.14,8.16,8.08,8.08,14000
DDR,20120402,14.64,14.81,14.49,14.71,3445800
DDS,20120402,63.14,64.02,62.34,63.63,644500
DDT,20120402,25.15,25.39,25.15,25.35,18100
DE,20120402,80.62,82.72,80.51,82.19,3510200
DECK,20120402,63,63.65,62.39,63.28,1468500
DEI,20120402,22.86,23.14,22.82,23.1,1512400
DEL,20120402,63.01,64.42,63.01,64.31,44100
DEO,20120402,97.4,99.51,97.2,99.28,753000
DEX,20120402,12.83,12.94,12.75,12.83,55500
DF,20120402,24.14,24.34,23.96,24.2,1973300
DFP,20120402,24.87,25,24.75,25,16800
DFS,20120402,33.68,33.97,33.41,33.7,5970400
DFT,20120402,24.47,24.79,24.35,24.78,1153000
DG,20120402,46.38,47.12,46.19,46.76,3174300
DGI,20120402,13.35,13.68,13.26,13.38,329400
DGX,20120402,61.13,62.32,60.91,62,1145400
DHF,20120402,4.65,4.67,4.64,4.67,357000
DHG,20120402,16.12,16.2,16.03,16.17,54600
DHI,20120402,15.1,15.23,14.82,15.02,6729900
DHR,20120402,56,56.45,55.6,56.07,2651600
DHT,20120402,11.52,12,11.4,11.76,433500
DHX,20120402,9.3,9.54,9.23,9.49,353600
DIN,20120402,48.97,49.93,48.25,49.42,292800
DIS,20120402,43.59,44,43.32,43.84,7653700
DK,20120402,15.44,15.49,14.91,15.06,379300
DKS,20120402,48.09,48.42,47.72,47.94,1217000
DKT,20120402,26.91,26.94,26.67,26.72,334400
DL,20120402,4.13,4.13,3.79,3.97,400
DLB,20120402,37.98,38.23,37.63,38.08,849200
DLPH,20120402,31.7,31.76,31.47,31.55,2317200
DLR,20120402,74.09,74.43,73.36,74.36,796300
DLX,20120402,23.25,24.03,22.65,23.84,635700
DM,20120402,9.06,9.37,9.01,9.37,107900
DMO,20120402,21.74,21.8,21.64,21.65,31800
DNB,20120402,84.77,85.82,84.33,85.41,387400
DNI,20120402,14.44,14.56,14.4,14.44,51800
DNP,20120402,10.1,10.37,10.1,10.31,542700
DNR,20120402,18.15,19.13,18.15,18.9,6949900
DO,20120402,66.77,68.52,66.44,67.75,1197400
DOV,20120402,62.81,64.36,62.46,64.04,1500400
DOW,20120402,34.56,35.05,34.39,34.97,9184000
DPG,20120402,19.05,19.12,18.78,18.93,80200
DPS,20120402,40.23,40.63,40.13,40.62,2448800
DPZ,20120402,36.3,37.23,36.3,36.98,1011300
DQ,20120402,10.5,10.75,10.35,10.55,68100
DRD,20120402,7.25,7.43,7.17,7.3,33400
DRE,20120402,14.37,14.51,14.28,14.42,2931600
DRH,20120402,10.29,10.57,10.23,10.57,2015600
DRI,20120402,50.27,51.65,50.15,51.26,2704400
DRQ,20120402,64.81,67.43,64.64,67.06,346700
DSM,20120402,8.7,8.74,8.7,8.74,81600
DST,20120402,54.04,54.71,53.86,54.4,196600
DSU,20120402,12.42,12.63,12.42,12.54,360100
DSW,20120402,27.43,28.065,27.23,27.995,632100
DSX,20120402,8.96,9.06,8.84,8.9,861000
DTE,20120402,55.05,55.6,54.92,55.2,1305100
DTF,20120402,16.68,16.68,16.62,16.68,21000
DTK,20120402,25.72,25.76,25.65,25.65,58200
DUC,20120402,11.77,11.99,11.77,11.87,113200
DUK,20120402,63,63.54,62.85,63.3,10647000
DV,20120402,33.6,34.61,33.56,34.48,615700
DVA,20120402,45,45.05,44.625,44.86,520700
DVD,20120402,1.48,1.5,1.48,1.48,5200
DVN,20120402,70.94,73.14,70.66,72.33,4121100
DX,20120402,9.55,9.63,9.53,9.62,928000
DXB,20120402,24.2,24.38,24.18,24.2,345300
DY,20120402,23.22,23.57,22.77,23.46,329100
DYN,20120402,0.56,0.57,0.5,0.52,2074200
E,20120402,46.37,47.17,46.25,46.96,794600
EAT,20120402,27.5,27.96,27.31,27.7,1711600
EBF,20120402,15.79,16.29,15.78,16.25,182800
EBR,20120402,9.29,9.59,9.28,9.51,766500
EBR.B,20120402,12.8,13.25,12.8,13,699400
EBS,20120402,15.95,16.28,15.76,16.27,195400
EC,20120402,60.75,62.35,60.75,62.27,373000
ECA,20120402,19.8,19.95,19.65,19.76,5632600
ECL,20120402,61.59,62.42,61.46,62.32,1285500
ECT,20120402,21.34,21.43,20.99,21.39,98500
ED,20120402,58.26,58.75,58.1,58.55,1750500
EDD,20120402,16.18,16.37,16.14,16.36,207400
EDF,20120402,24.6,24.6,24.35,24.5,42900
EDN,20120402,3.85,3.85,3.85,3.85,0
EDR,20120402,32.52,32.82,32.4,32.73,837200
EDU,20120402,27.5,28.49,27.48,28.35,813800
EE,20120402,32.41,32.89,32.22,32.87,171700
EEA,20120402,6.74,6.88,6.73,6.84,13000
EEP,20120402,31,31.29,30.7,31.1,509900
EEQ,20120402,31.89,32.11,31.6,31.97,42100
EFC,20120402,19.6,19.62,19.47,19.52,8000
EFR,20120402,15.29,15.39,15.24,15.3,184900
EFT,20120402,16.34,16.5,16.3,16.36,145200
EFX,20120402,44.19,44.87,44.03,44.81,1132700
EGF,20120402,15.31,15.31,15.27,15.28,52900
EGN,20120402,49.61,50.36,48.93,49.42,700500
EGO,20120402,13.73,14.06,13.65,14.05,3272500
EGP,20120402,50.2,50.73,50.03,50.65,211900
EGY,20120402,9.39,10.23,9.36,10.11,1293500
EHI,20120402,13.14,13.24,13.04,13.2,126700
EIG,20120402,17.71,17.97,17.57,17.81,166000
EIX,20120402,42.41,42.85,42.19,42.79,1487000
EL,20120402,62.15,62.79,62.05,62.39,1684500
ELP,20120402,23.49,24.31,23.42,24.26,913600
ELS,20120402,34.87,35.135,34.685,35.055,268900
ELY,20120402,6.72,7.13,6.7,7.13,677000
EMD,20120402,14.3,14.38,14.24,14.31,61900
EME,20120402,27.6,27.88,27.19,27.81,402400
EMF,20120402,19.46,19.91,19.46,19.87,23700
EMN,20120402,51.64,52.89,51.29,52.81,3314000
EMO,20120402,20.42,20.56,20.27,20.38,94200
EMR,20120402,52.27,53.01,51.8,52.54,3960800
ENB,20120402,38.95,39.48,38.93,39.45,444800
ENR,20120402,74.34,75.49,74.16,75.2,638200
ENS,20120402,34.71,35.63,34.52,35.62,318300
ENV,20120402,12.49,13,12.42,12.98,74000
ENZ,20120402,2.69,2.72,2.62,2.71,157600
EOD,20120402,8.58,8.72,8.56,8.7,307300
EOG,20120402,55.5,57.165,55.16,56.675,1949500
EOI,20120402,11.03,11.16,11.03,11.14,122200
EOS,20120402,10.86,10.95,10.85,10.93,187700
EOT,20120402,21.87,21.9,21.66,21.78,40100
EP-C,20120402,46,46.15,45.82,46.15,4600
EPAM,20120402,20.39,21.99,20.39,21.71,440400
EPD,20120402,25.32,25.53,25.12,25.45,905000
EPR,20120402,46.35,47.18,46.35,47.15,287500
EPR-C,20120402,20.59,20.63,20.4,20.62,18500
EPR-E,20120402,27.9,28.1,27.86,28.1,9100
EQR,20120402,62.47,62.74,62.22,62.57,1957300
EQS,20120402,2.24,2.28,2.19,2.24,2100
EQT,20120402,48.17,49.98,47.89,49.43,1244300
ERF,20120402,22.3,22.78,22.3,22.69,1073100
ERJ,20120402,32.5,32.5,31.62,32.25,1669800
ES,20120402,4.91,4.95,4.78,4.82,804100
ESE,20120402,36.68,36.9,36.23,36.87,184100
ESL,20120402,71.39,71.55,70.6,71.07,238000
ESS,20120402,151.35,152,150.61,151.12,466100
ESV,20120402,53.35,54.05,52.5,53.29,1499600
ETB,20120402,13.66,13.79,13.65,13.79,80000
ETE,20120402,20.12,20.67,20.12,20.6,2768200
ETG,20120402,14.33,14.61,14.33,14.56,156000
ETH,20120402,25.1,25.48,24.79,25.12,418500
ETJ,20120402,10.56,10.65,10.56,10.64,208300
ETM,20120402,6.46,6.75,6.33,6.65,162000
ETN,20120402,49.82,50.29,49.36,50.09,2362000
ETO,20120402,19.52,19.79,19.52,19.73,37700
ETP,20120402,46.77,46.89,46.4,46.48,822600
ETR,20120402,67.23,68.13,67.13,67.49,1822000
ETV,20120402,12.88,13.01,12.83,13.01,196200
ETW,20120402,10.97,11.16,10.97,11.14,604700
ETY,20120402,9.5,9.64,9.5,9.63,431100
EV,20120402,28.59,28.91,28.26,28.8,1683300
EVC,20120402,1.7,1.78,1.7,1.74,115300
EVF,20120402,7.22,7.26,7.18,7.21,117400
EVG,20120402,17,17.1,17,17.06,53200
EVN,20120402,13.61,13.62,13.47,13.61,102700
EVR,20120402,29.02,29.15,28.29,28.87,316700
EVT,20120402,16.72,16.89,16.7,16.86,148400
EW,20120402,36.39,36.86,36.345,36.805,1008800
EXC,20120402,39.31,39.35,39.05,39.21,5158700
EXD,20120402,17.05,17.05,16.85,17.03,38800
EXG,20120402,8.89,9.03,8.86,9.01,928700
EXK,20120402,9.48,9.9,9.42,9.8,1546400
EXP,20120402,34.54,34.77,34.19,34.6,460500
EXPR,20120402,25.01,25.22,24.91,25.13,804000
EXR,20120402,28.7,29.2,28.54,29.04,1119100
F,20120402,12.5,12.65,12.44,12.62,43966800
FAC,20120402,1.38,1.4,1.38,1.38,8600
FAF,20120402,16.5,16.87,16.43,16.8,698100
FAM,20120402,17.35,17.5,17.35,17.46,41200
FBC,20120402,9.2,9.2,8.9,9.2,1887500
FBHS,20120402,22,22.02,21.7,21.71,1340200
FBP,20120402,4.4,4.4,4.24,4.27,394600
FBR,20120402,8.33,8.7,8.27,8.64,2250300
FC,20120402,9.42,9.58,9.35,9.48,22000
FCE.A,20120402,15.65,15.72,15.51,15.67,650000
FCE.B,20120402,15.52,15.52,15.52,15.52,0
FCF,20120402,6.08,6.21,6.03,6.2,1025500
FCH,20120402,3.59,3.79,3.59,3.78,877800
FCH-A,20120402,25.77,25.77,25.61,25.72,21900
FCN,20120402,37.49,38.04,37.24,38.03,820500
FCT,20120402,14.91,15.22,14.85,14.97,94100
FCX,20120402,38.3,39.43,38.1,39.11,19640300
FDP,20120402,22.7,23.02,22.61,22.85,208200
FDS,20120402,98.97,100.93,98.28,100.24,368000
FDX,20120402,91.94,92.85,91.5,92.19,1658200
FE,20120402,45.28,45.9,45.26,45.8,2396400
FENG,20120402,7.3,7.59,7.3,7.56,111700
FEO,20120402,20.77,21.2,20.75,21.17,33200
FF,20120402,10.75,11.47,10.73,11.42,68400
FFA,20120402,12.08,12.2,12.06,12.19,58700
FFC,20120402,17.95,18.12,17.86,18.12,101400
FFG,20120402,33.51,33.93,33.28,33.68,110600
FGB,20120402,7.13,7.14,7.08,7.08,17800
FGP,20120402,15.02,15.14,14.76,14.81,268800
FHN,20120402,10.33,10.5,10.2,10.47,11469600
FHY,20120402,17.24,17.44,17.24,17.3,40700
FICO,20120402,43.85,44.47,43.56,44.34,261400
FIF,20120402,21.06,21.4,21.06,21.26,48200
FIG,20120402,3.6,3.85,3.6,3.66,3158000
FII,20120402,22.53,23.17,22.44,22.89,1025400
FIS,20120402,32.98,33.92,32.85,33.57,2569900
FIX,20120402,10.84,11.25,10.79,11.25,177800
FL,20120402,31.11,31.42,31.02,31.12,1796300
FLC,20120402,18.94,19.04,18.9,19.03,17900
FLO,20120402,13.5667,13.8333,13.5333,13.76,928900
FLR,20120402,59.98,61.65,59.53,61.17,2129800
FLS,20120402,38.3667,39.4633,38.3433,39.21,663900
FLT,20120402,37.79,39.21,36.02,38.96,618100
FLY,20120402,12.17,12.17,11.76,12.02,101200
FMC,20120402,53.045,54.195,52.985,53.865,615500
FMN,20120402,15.9,15.95,15.87,15.87,15300
FMO,20120402,22.68,22.96,22.61,22.86,99300
FMS,20120402,35.785,36.46,35.71,36.365,88400
FMX,20120402,82.25,84.68,82.25,84.58,1087700
FMY,20120402,19.62,19.7,19.61,19.63,11200
FN,20120402,17.97,18.46,17.9,18.07,84900
FNB,20120402,12.08,12.35,11.94,12.32,1140500
FNF,20120402,17.93,18.19,17.88,18.05,1654600
FNV,20120402,42.78,43.39,42.63,43.11,108100
FOE,20120402,5.92,5.96,5.77,5.95,768400
FOF,20120402,12.8,12.92,12.8,12.9,80200
FOR,20120402,15.33,15.74,15.29,15.74,242100
FPO,20120402,12.04,12.44,12.03,12.44,337200
FPT,20120402,15,15.16,14.94,15.16,11900
FR,20120402,12.3,12.56,12.23,12.5,666800
FRA,20120402,14.87,14.94,14.83,14.86,61200
FRC,20120402,32.97,33.21,32.56,33.09,675600
FRO,20120402,38.25,38.45,36.3,36.85,3060500
FRT,20120402,96.88,97.56,96.25,96.95,398900
FSD,20120402,17.99,18.2,17.99,18.14,134800
FSM,20120402,4.52,4.69,4.42,4.65,483800
FSS,20120402,5.54,5.93,5.49,5.9,556000
FT,20120402,6.9,6.99,6.87,6.88,56600
FTI,20120402,50.23,51.03,50.06,50.52,2321700
FTK,20120402,11.99,12.5,11.72,12.44,1305700
FUL,20120402,32.95,33.2,32.15,33.08,732400
FUN,20120402,29.46,29.63,29.23,29.39,126600
G,20120402,16.22,16.47,16.07,16.44,527500
GAB,20120402,5.75,5.83,5.75,5.78,254600
GAB-D,20120402,25.6,25.62,25.6,25.61,1000
GAM,20120402,29.21,29.38,28.78,29.23,41100
GAM-B,20120402,25.55,25.59,25.47,25.59,1900
GBAB,20120402,21.82,21.94,21.75,21.75,34300
GBL,20120402,49.32,49.83,48.73,49.58,29200
GBX,20120402,19.59,20.55,19.39,20.31,419500
GCAP,20120402,5.05,5.47,5.04,5.36,97500
GCH,20120402,11.41,11.58,11.35,11.56,24800
GCI,20120402,15.28,15.65,15.15,15.4,2758200
GCO,20120402,71.98,73.75,71.52,73.62,305200
GCV,20120402,5.85,5.85,5.72,5.85,17500
GCV-B,20120402,25.8,25.89,25.8,25.89,300
GD,20120402,73.39,74.54,73.11,74.09,1222200
GDI,20120402,62.95,63.81,62,63.28,886500
GDL,20120402,12.25,12.38,12.25,12.37,53500
GDL-B,20120402,50.32,50.32,50.32,50.32,400
GDO,20120402,19.48,19.48,19.29,19.42,31500
GDOT,20120402,26.48,27.07,26.48,26.91,271300
GDV,20120402,16.32,16.61,16.27,16.59,207000
GDV-A,20120402,25.52,25.59,25.5,25.5,900
GDV-D,20120402,26.88,27.21,26.85,27.03,2000
GE,20120402,20.02,20.11,19.9,20.02,44170500
GEF,20120402,55.7,56.86,55.3,56.5,269500
GEF.B,20120402,56.91,57.61,56.91,57.15,3800
GEL,20120402,30.71,31.15,30.58,30.74,291900
GEN,20120402,2.08,2.18,2.05,2.15,8136300
GEO,20120402,12.64,12.78,12.62,12.7067,673900
GER,20120402,25.59,25.59,25.44,25.49,29600
GES,20120402,31.25,31.72,30.92,31.55,1377800
GF,20120402,15,15.28,15,15.26,49200
GFA,20120402,4.44,4.54,4.38,4.47,7876800
GFF,20120402,10.67,10.74,10.52,10.71,148100
GFI,20120402,13.83,14.13,13.76,14.03,4175600
GFY,20120402,16.62,16.66,16.58,16.6,11700
GG,20120402,45.18,46.47,45.04,46.12,4853300
GGB,20120402,9.56,10.02,9.54,9.9,8581400
GGG,20120402,52.89,53.92,52.33,53.16,408700
GGP,20120402,16.91,17.05,16.89,16.98,3219400
GGT,20120402,7.21,7.29,7.21,7.27,57200
GGT-B,20120402,25.55,25.55,25.55,25.55,100
GHL,20120402,43.42,44.39,43.37,44.05,570700
GIB,20120402,22.24,22.48,22.15,22.3,160800
GIL,20120402,13.82,14.01,13.73,13.935,601600
GIM,20120402,9.69,9.85,9.67,9.83,119500
GIS,20120402,39.16,39.71,38.93,39.62,5437800
GJH,20120402,9.96,9.96,9.96,9.96,600
GJO,20120402,18.65,18.67,18.53,18.6,700
GJP,20120402,24.05,24.16,24,24,600
GJR,20120402,18.07,18.1,18.06,18.06,400
GJS,20120402,15.02,15.02,15.02,15.02,0
GJT,20120402,16.19,16.19,16.19,16.19,300
GJV,20120402,25.75,25.75,25.75,25.75,0
GLOG,20120402,12.54,12.9,12.41,12.49,993800
GLP,20120402,23.23,23.5,23.1,23.41,19500
GLT,20120402,15.66,15.92,15.6,15.92,281800
GLW,20120402,14.02,14.06,13.8,13.9,16209100
GM,20120402,26.03,26.91,25.98,26.76,14472800
GM.B,20120402,11.35,12.02,11.35,11.96,189400
GME,20120402,21.74,22.65,21.63,22.46,5002900
GNC,20120402,34.89,35.2,34.46,34.9,1717800
GNE,20120402,9.67,9.73,9.46,9.5,54400
GNK,20120402,63.6,64.5,61.7,63,1292300
GNRC,20120402,24.39,24.68,24.37,24.44,216500
GNT,20120402,15.8,16.05,15.68,15.97,90100
GNW,20120402,8.34,8.46,8.22,8.38,7936100
GOF,20120402,20.5,20.75,20.42,20.65,39100
GOL,20120402,33.65,33.95,33,33.1,3390300
GPC,20120402,62.77,63.6,62.66,63.28,774400
GPE-A,20120402,27.86,28.03,27.69,27.69,1500
GPI,20120402,56.02,57.1,55.82,56.94,312000
GPK,20120402,5.51,5.62,5.46,5.62,592000
GPM,20120402,9.41,9.68,9.4,9.6,127700
GPN,20120402,22.765,23.48,22.325,22.87,8176200
GPS,20120402,26.37,26.75,26.26,26.44,11255000
GPX,20120402,17.51,17.93,17.35,17.88,58300
GRA,20120402,57.74,59.2,57.4,58.66,703500
GRR,20120402,13.53,13.61,13.5,13.61,4400
GRX,20120402,8.35,8.44,8.32,8.44,18600
GRX-A,20120402,27.35,27.35,27.1,27.1,1100
GS,20120402,124.14,125.54,123.38,124.9,4084900
GS-A,20120402,19.53,19.75,19.53,19.69,44200
GS-B,20120402,25.06,25.11,25.03,25.03,27200
GS-C,20120402,21.61,21.99,21.31,21.56,22000
GS-D,20120402,20.39,20.54,20.39,20.48,48400
GSH,20120402,19.31,19.66,19.21,19.61,22500
GSK,20120402,45.21,45.96,45.17,45.84,2908000
GSL,20120402,3.55,3.55,3.47,3.54,35000
GTN,20120402,1.88,1.99,1.85,1.99,163600
GTN.A,20120402,1.66,1.99,1.63,1.65,3600
GTS,20120402,23.03,23.2,22.77,23.11,113700
GTY,20120402,15.58,15.73,15.4,15.73,215600
GUT,20120402,8.05,8.1,7.97,8.05,45300
GUT-A,20120402,25.75,25.75,25.75,25.75,300
GVA,20120402,28.56,29.21,28.15,29.13,364300
GWR,20120402,54.33,56.21,53.84,56.01,612800
GWRE,20120402,30.83,30.89,29.4,30,548500
GWW,20120402,214.65,219.07,213.63,218.19,264500
GXP,20120402,20.25,20.5,20.11,20.33,1205900
GYB,20120402,18.19,18.2,18.16,18.2,4500
GYC,20120402,22.44,22.44,22.44,22.44,400
GZT,20120402,10.37,10.52,10.37,10.47,8900
H,20120402,42.53,43.02,42.33,42.8,510000
HAE,20120402,34.815,35.63,34.615,35.565,173600
HAL,20120402,33,33.77,32.96,33.45,13420900
HBI,20120402,7.375,7.405,7.27,7.3,1027400
HBM,20120402,10.95,11.29,10.65,11.26,24200
HCA,20120402,24.7,26.1,24.61,25.98,4602800
HCC,20120402,31.18,31.43,31.09,31.15,588600
HCN,20120402,54.67,54.95,54.55,54.91,1420700
HCN-I,20120402,52.35,52.36,52,52.25,48400
HCP,20120402,39.45,39.82,39.37,39.79,2432400
HD,20120402,50.1,50.25,49.76,49.99,8435700
HDB,20120402,33.96,34.86,33.86,34.67,577100
HE,20120402,25.39,25.49,25.2,25.27,495400
HE-U,20120402,26.35,26.35,26.35,26.35,100
HEI,20120402,26.3885,26.4141,25.9021,26.1376,379900
HEI.A,20120402,20.4544,20.4544,20.1165,20.2803,40700
HEP,20120402,30.605,31.315,30.355,31.025,60400
HEQ,20120402,16.53,16.59,16.43,16.59,52900
HES,20120402,58.65,60.2,58.64,59.55,3352600
HF,20120402,16.51,16.86,16.44,16.85,284800
HFC,20120402,32,32.71,31.41,32.24,2762000
HGT,20120402,14.62,14.62,14.39,14.41,256500
HHC,20120402,63.88,65.37,63.81,65.13,159000
HHS,20120402,9,9.09,8.92,9.05,150000
HI,20120402,22.86,23.09,22.6,23.04,406200
HIG,20120402,21.21,22.37,21.07,21.95,13622400
HIG.W,20120402,13.27,14.35,13.27,14.05,264300
HII,20120402,40.1,40.36,39.58,39.65,246800
HIL,20120402,3.94,4,3.9,3.99,125800
HIO,20120402,6.16,6.25,6.16,6.25,309800
HIW,20120402,33.26,33.66,33.16,33.51,746100
HIX,20120402,9.96,10.06,9.95,10,193700
HJV,20120402,24.3,24.3,24.06,24.26,4600
HK,20120402,9.61,9.61,9.12,9.26,742600
HL,20120402,4.62,4.78,4.6,4.73,4678500
HL-B,20120402,53.93,54.05,53.93,54.05,200
HLF,20120402,69.6,70.7,69.11,70.11,1579400
HLS,20120402,20.37,21.01,20.37,20.94,506700
HLX,20120402,17.78,18.23,17.67,18.07,920200
HMC,20120402,38.44,38.92,38.41,38.84,298200
HMN,20120402,17.63,17.99,17.5,17.99,258900
HMY,20120402,10.89,11.14,10.78,11.04,1312000
HNI,20120402,27.6,27.68,26.83,27.07,228800
HNP,20120402,21.98,22.55,21.82,22.49,142200
HNR,20120402,26.6,27.24,25.16,26.52,1408200
HOG,20120402,49.16,50.09,49.12,49.61,1942600
HON,20120402,60.57,61.39,60.37,61.12,3009600
HOS,20120402,41.94,43.4,41.65,43.37,491600
HOV,20120402,2.43,2.45,2.36,2.42,2264100
HP,20120402,54.06,55.74,53.92,54.96,2192200
HPF,20120402,21.75,21.82,21.7,21.78,58200
HPI,20120402,21.82,21.93,21.82,21.93,44100
HPP,20120402,15.14,15.35,15.12,15.35,96400
HPQ,20120402,10.8591,10.9045,10.7682,10.8545,13918300
HPS,20120402,17.73,17.95,17.72,17.94,61000
HQH,20120402,16.49,16.68,16.47,16.6,60900
HQL,20120402,13.83,14.05,13.83,13.98,90900
HR,20120402,22,22.24,21.85,22.24,483600
HRB,20120402,16.42,16.84,16.41,16.68,2941600
HRC,20120402,33.41,34.08,33.34,33.79,572600
HRG,20120402,5.24,5.34,5.09,5.34,90600
HRL,20120402,14.735,14.82,14.7,14.805,923900
HRS,20120402,45.11,45.76,44.86,45.7,1008200
HSC,20120402,23.36,23.86,23.14,23.69,943700
HST,20120402,16.37,16.58,16.26,16.54,7263000
HSY,20120402,61.33,62.06,61.19,61.88,1394700
HT,20120402,5.44,5.54,5.37,5.54,924900
HTD,20120402,17.62,17.86,17.62,17.79,136800
HTF,20120402,25.01,25.05,24.99,24.99,8900
HTH,20120402,8.37,8.5,8.37,8.46,86300
HTY,20120402,13.13,13.27,13.01,13.2,27100
HTZ,20120402,60.08,61.28,59.88,61.08,2482700
HUM,20120402,92.49,92.55,91.07,91.85,1445800
HUN,20120402,14.08,15.08,14.08,14.99,9334700
HVT,20120402,11.12,12.04,11.12,12,119000
HVT.A,20120402,11.45,11.9,11.45,11.9,700
HW,20120402,4.16,4.36,4.12,4.35,539600
HXL,20120402,23.95,24.92,23.83,24.79,872200
HYB,20120402,10.28,11.04,10.27,10.49,1087900
HYH,20120402,25.2,25.2,25.2,25.2,0
HYI,20120402,19.75,19.81,19.55,19.57,97100
HYT,20120402,12.4,12.52,12.4,12.49,111500
HZO,20120402,8.15,8.56,8.15,8.56,102300
IAE,20120402,15.82,16,15.72,15.85,27500
IAG,20120402,13.28,13.75,13.25,13.6,1612200
IBA,20120402,20.76,20.86,20.37,20.7,76300
IBM,20120402,208.96,209.69,208.09,209.47,3388000
IBN,20120402,6.976,7.24,6.944,7.16,2603800
ICB,20120402,17.69,17.76,17.61,17.7,9600
ICE,20120402,27.418,27.912,27.298,27.724,420500
IDA,20120402,41,41.55,40.86,41.32,247000
IDE,20120402,18.22,18.23,17.81,18.17,63600
IDT,20120402,9.34,9.75,9.26,9.74,101500
IEX,20120402,42.08,42.75,41.71,42.42,348900
IFF,20120402,58.51,59.7,58.32,59.61,621700
IFN,20120402,22.1,22.56,22.05,22.52,263600
IGA,20120402,11.77,11.84,11.7,11.84,76100
IGD,20120402,9.46,9.51,9.36,9.51,408000
IGI,20120402,21.46,21.59,21.39,21.51,40600
IGR,20120402,8,8.13,7.99,8.08,297500
IGT,20120402,16.74,17.21,16.68,17.16,3101200
IHC,20120402,10.11,10.49,10,10.38,21600
IHD,20120402,15.74,15.95,15.72,15.73,73000
IHG,20120402,28.212,28.488,28.092,28.368,368600
IID,20120402,10.45,10.5,10.32,10.4,43200
IIF,20120402,16.51,16.9,16.51,16.84,82100
IIM,20120402,15.59,15.65,15.53,15.58,26900
IMAX,20120402,24.48,25.11,24.39,24.72,1437200
INB,20120402,10.64,10.84,10.62,10.82,114700
INF,20120402,19.3,19.65,19.3,19.49,48900
ING,20120402,8.13,8.45,8.11,8.41,3410000
INN,20120402,7.6,8.16,7.6,8.16,181600
INT,20120402,41.02,42.02,40.59,41.78,581900
INVN,20120402,18,19.55,17.85,18.93,2304600
INXN,20120402,17.9,18.22,17.71,18.22,912300
IO,20120402,96.6,98.55,95.4,97.2,992100
IP,20120402,35.1,35.31,34.9,35.17,4269000
IPG,20120402,11.31,11.37,11.13,11.16,9353800
IPHI,20120402,14.14,14.61,14.03,14.61,281200
IPI,20120402,24.3,24.88,24.09,24.6,437500
IQI,20120402,13.93,13.94,13.75,13.84,42200
IR,20120402,41.28,42.08,41.1,41.67,3349500
IRL,20120402,8.15,8.23,8.1,8.14,7100
IRM,20120402,28.74,28.97,28.62,28.9,1036100
IRR,20120402,11.98,12.1,11.94,12.07,96600
IRS,20120402,10.03,10.14,9.51,9.67,93400
ISF,20120402,21.81,21.96,21.81,21.89,107400
ISG,20120402,21.5,21.62,21.43,21.43,195700
ISP,20120402,21.45,21.58,21.44,21.47,128800
IT,20120402,42.93,43.41,42.72,43.09,437600
ITG,20120402,11.94,11.95,11.7,11.85,667900
ITT,20120402,23.05,23.22,22.8,23.09,1357400
ITUB,20120402,19.16,19.45,19.01,19.35,17442700
ITW,20120402,56.79,57.57,56.72,57.17,2879800
IVC,20120402,16.48,16.58,16.29,16.54,235300
IVR,20120402,17.64,17.64,17.15,17.6,1383800
IVZ,20120402,26.57,26.9,26.38,26.77,3403100
IX,20120402,49,49.54,48.84,49.44,14500
JAG,20120402,4.68,4.85,4.65,4.8,1146300
JBK,20120402,21.75,21.75,21.75,21.75,0
JBL,20120402,25.13,25.53,24.95,25.41,2199600
JBN,20120402,24.8,24.95,24.8,24.9,300
JBR,20120402,24.27,24.55,24.27,24.5,1000
JBT,20120402,16.16,16.39,16.12,16.36,119700
JCE,20120402,13.88,14.08,13.85,14.02,97300
JCI,20120402,31.86,32.87,31.86,32.85,3436400
JCP,20120402,35.28,35.99,34.98,35.75,4852000
JDD,20120402,11.75,11.8,11.68,11.69,70000
JE,20120402,13.91,14.11,13.84,14.11,169500
JEC,20120402,44.21,45,43.83,44.75,1141500
JEQ,20120402,5.68,5.74,5.65,5.74,15800
JFC,20120402,12.66,12.89,12.66,12.88,11600
JFR,20120402,11.86,11.97,11.86,11.95,200800
JHI,20120402,22.95,23.18,22.88,22.92,37800
JHS,20120402,15.34,15.48,15.34,15.42,28100
JHX,20120402,40,40,39.97,39.97,800
JKS,20120402,6.08,6.09,5.59,5.79,547000
JLL,20120402,82.97,84.7,82.7,83.74,217700
JLS,20120402,23.5,23.55,23.4,23.51,41100
JMF,20120402,18.47,18.59,18.4,18.47,62200
JMP,20120402,7.36,7.7,7.35,7.64,41900
JMT,20120402,23.38,23.63,23.38,23.63,8300
JNJ,20120402,66.04,66.3,65.82,66.21,8785900
JNPR,20120402,22.7,22.89,22.64,22.73,8491700
JNS,20120402,8.92,9.18,8.88,9.08,3411800
JOE,20120402,18.89,19.24,18.19,18.5,667300
JOF,20120402,7.84,7.92,7.77,7.89,211700
JPC,20120402,8.93,8.97,8.87,8.97,658100
JPM,20120402,45.75,46.35,45.46,46.13,27675900
JPM-B,20120402,25.56,25.62,25.49,25.54,70700
JPM.W,20120402,13.4,13.99,13.22,13.69,58700
JPS,20120402,8.7,8.74,8.58,8.62,247900
JQC,20120402,9.03,9.09,9.01,9.08,562200
JRO,20120402,12.04,12.09,11.95,11.96,111400
JSD,20120402,19.56,19.56,19.47,19.48,50200
JTA,20120402,11.16,11.75,11.13,11.2,84200
JTD,20120402,13.83,13.88,13.67,13.79,77600
JW.A,20120402,47.52,47.78,47.12,47.12,188700
JW.B,20120402,47.7,47.7,47.7,47.7,0
JWN,20120402,55.5,56.32,55.48,56.12,1246400
K,20120402,53.44,53.75,53.19,53.74,1363800
KAI,20120402,23.63,24.31,23.38,24.21,64700
KAMN,20120402,33.87,35.1,33.69,35.08,95700
KAR,20120402,16.17,16.46,16.11,16.37,189900
KB,20120402,37.72,38.14,37.51,37.99,170200
KBH,20120402,8.85,8.95,8.66,8.77,6687900
KBR,20120402,35.35,35.97,34.98,35.51,1922600
KCG,20120402,12.81,12.95,12.78,12.8,1216800
KED,20120402,25.7,25.78,25.55,25.62,76500
KEF,20120402,9.74,9.94,9.74,9.93,26500
KEG,20120402,15.3,16.06,15.13,15.73,2388900
KEM,20120402,9.3,9.59,9.11,9.58,502400
KEP,20120402,9.77,9.95,9.76,9.92,904000
KEX,20120402,65.36,66.98,65.28,66.29,495800
KEY,20120402,8.38,8.54,8.29,8.48,12752200
KF,20120402,40.81,41.02,40.81,41.02,44200
KFS,20120402,0.78,0.8,0.78,0.8,6200
KFY,20120402,16.74,17.09,16.51,17,393800
KGC,20120402,9.82,10.09,9.79,9.97,6385700
KIM,20120402,19.19,19.31,19.09,19.23,4250000
KIM-I,20120402,24.77,24.86,24.66,24.84,170100
KKR,20120402,14.87,15.5,14.75,15.01,2239100
KMB,20120402,70.7191,71.7546,70.6711,71.4957,2432900
KMF,20120402,27.55,27.82,27.41,27.75,69500
KMI,20120402,38.77,39.35,38.38,39.1,1652300
KMM,20120402,10.33,10.49,10.33,10.47,60700
KMPR,20120402,30.18,30.4,30.09,30.14,192800
KMT,20120402,44.42,45.41,44.01,44.85,562100
KMX,20120402,34.53,34.99,34.37,34.5,2519700
KND,20120402,8.65,8.91,8.6,8.86,863800
KNL,20120402,16.57,16.69,16.4,16.5,280900
KNX,20120402,17.64,17.89,17.47,17.84,637500
KO,20120402,36.915,37.1,36.82,37.07,7289400
KOF,20120402,106.19,107.9,105.62,107.7,89900
KOP,20120402,38.57,40.35,38.47,40.33,152700
KORS,20120402,46.8,47,45.92,46.15,1475300
KOS,20120402,13.27,13.51,13.02,13.46,357700
KR,20120402,12.085,12.23,12.055,12.195,5796500
KRA,20120402,26.5,28.59,26.31,28.16,645600
KRC,20120402,46.6,47.22,46.45,47.21,854400
KRG,20120402,21.04,22.16,20.88,22.12,261900
KRO,20120402,24.95,25.11,24.39,24.52,1096000
KS,20120402,9.84,9.99,9.84,9.965,284300
KSM,20120402,13.93,14.13,13.93,14.13,16000
KSS,20120402,50.82,51.75,50.75,51.5,8571800
KST,20120402,14.55,14.55,14.3,14.36,24100
KSU,20120402,71.16,73.46,70.48,72.64,970300
KSU.P,20120402,25.28,25.28,25.28,25.28,200
KT,20120402,13.82,13.92,13.73,13.9,1462100
KTF,20120402,13.82,13.85,13.75,13.75,63500
KTH,20120402,31.4,31.4,31.4,31.4,0
KTN,20120402,27.93,27.95,27.61,27.64,2000
KTP,20120402,25.69,25.73,25.53,25.57,4600
KW,20120402,13.5,13.64,13.42,13.64,56000
KWR,20120402,39.22,40.54,39.04,40.4,96500
KYE,20120402,27.49,27.73,27.45,27.7,98900
KYN,20120402,31.13,31.15,30.84,30.96,259200
KYO,20120402,45.93,46.31,45.93,46.245,3100
L,20120402,39.89,40.5,39.78,40.37,1775700
LAD,20120402,26.22,26.95,26.13,26.37,333000
LAZ,20120402,28.45,29.1,28.36,29.02,518100
LBF,20120402,8.02,8.13,8.02,8.12,24700
LCM,20120402,10.02,10.04,9.96,9.98,61700
LDF,20120402,16.24,16.54,16.24,16.47,19800
LDL,20120402,10.19,10.83,10.16,10.82,76800
LDR,20120402,53.1,54.35,53.08,54.32,36200
LEA,20120402,46.38,47.35,46.24,46.96,775500
LEE,20120402,1.3,1.31,1.25,1.25,155100
LEG,20120402,22.92,23.25,22.81,23.18,1718600
LEN,20120402,26.96,27.01,26.56,26.57,6396400
LEN.B,20120402,22.15,22.2,21.79,21.88,26500
LEO,20120402,9.16,9.19,9.05,9.09,126900
LFC,20120402,13.0167,13.3,12.9967,13.25,351500
LFL,20120402,28.64,29.64,28.64,29.39,193000
LGI,20120402,14.92,15.22,14.9,15.2,35600
LH,20120402,91.54,93.4,91.54,93.06,942600
LHO,20120402,28.13,28.9,28.08,28.8,1618800
LII,20120402,39.97,40.48,39.53,39.88,540200
LL,20120402,24.46,24.84,24.1,24.84,558400
LLL,20120402,70.5,71.82,70,71.58,829000
LLY,20120402,40.3,40.64,40.23,40.48,5233800
LM,20120402,27.81,28.47,27.79,28.15,1401700
LMT,20120402,89.41,91.61,89.41,91.16,1677900
LNC,20120402,26.36,26.83,26.13,26.56,2467100
LNC.W,20120402,18.28,18.45,18.28,18.45,200
LNN,20120402,66.27,67.47,65.66,67.13,181900
LNT,20120402,21.555,21.865,21.515,21.67,558400
LOR,20120402,12.21,12.4,12.18,12.35,16200
LOW,20120402,31.31,31.49,31.16,31.38,12793600
LPI,20120402,23.31,24.17,22.31,23.92,648100
LPL,20120402,11.8,12.08,11.78,11.97,415800
LPX,20120402,9.38,9.43,9.21,9.28,4048100
LRN,20120402,23.6,24.59,23.51,24.46,239000
LSI,20120402,8.66,8.91,8.55,8.78,9162600
LTC,20120402,32,32.49,31.78,32.27,159800
LTM,20120402,50.34,50.88,50.25,50.5,476500
LUB,20120402,5.93,6.15,5.9,6.09,102600
LUK,20120402,25.99,26.33,25.94,25.99,1238000
LUV,20120402,8.22,8.33,8.15,8.26,9097500
LUX,20120402,36.35,36.35,36.04,36.25,354500
LVLT,20120402,25.76,26.22,25.25,25.92,2279700
LVS,20120402,57.29,58.75,57,58.02,7301800
LXP,20120402,8.99,9.09,8.95,9.04,1296100
LXP-C,20120402,43.2,43.6,43.2,43.6,400
LXU,20120402,38.92,39.95,38.84,39.85,219700
LYB,20120402,43.62,44.84,43.35,44.57,3624000
LYG,20120402,2.08,2.14,2.06,2.12,1563900
LYV,20120402,9.38,9.46,9.27,9.35,1302000
LZB,20120402,14.87,15,14.69,14.99,367400
M,20120402,39.67,40.39,39.57,40.24,4911100
MA,20120402,42.184,43.434,41.9,43.205,894300
MAA,20120402,67.02,67.94,66.56,67.86,369200
MAC,20120402,57.59,58.06,57.44,57.8,914500
MAIN,20120402,24.72,24.9,24.7,24.9,226400
MAN,20120402,47.12,48.23,46.94,47.9,719400
MAS,20120402,13.3,13.5,13,13.22,8119100
MAV,20120402,14.73,14.87,14.73,14.82,86900
MBI,20120402,9.78,10.2,9.67,10.09,3371700
MBT,20120402,18.34,18.74,18.29,18.7,2232500
MCA,20120402,14.86,14.95,14.86,14.92,102900
MCC,20120402,11.28,11.32,11.05,11.24,78200
MCD,20120402,97.82,98.81,97.68,98.36,4603300
MCI,20120402,16.61,16.74,16.55,16.63,7600
MCK,20120402,87.65,88.81,87.59,88.67,1611200
MCN,20120402,8.29,8.3,8.25,8.29,61400
MCO,20120402,42.14,42.42,41.73,42.34,1792700
MCR,20120402,9.53,9.65,9.53,9.65,107000
MCS,20120402,12.53,12.95,12.5,12.95,47300
MCY,20120402,43.49,44.02,43.47,43.76,245800
MD,20120402,37.145,37.335,36.815,37.015,425300
MDC,20120402,25.61,25.71,24.95,25.31,1195200
MDP,20120402,32.48,32.75,32.4,32.5,312000
MDR,20120402,12.75,13.25,12.67,13.14,3121600
MDT,20120402,39.16,39.8,39.11,39.54,4842300
MDU,20120402,22.32,22.66,22.22,22.46,787900
MED,20120402,17.42,18.21,17.42,18.01,222500
MEI,20120402,9.25,9.43,9.14,9.41,115600
MEN,20120402,11.42,11.55,11.39,11.39,65400
MER-K,20120402,23.61,23.64,23.5,23.59,91400
MER-P,20120402,25.07,25.15,25.07,25.13,18200
MET,20120402,37.42,38.29,37.32,38,6683400
MET-A,20120402,24.62,24.7,24.57,24.61,17500
MFA,20120402,7.24,7.35,7.21,7.34,3477900
MFC,20120402,13.48,13.88,13.38,13.83,2863800
MFD,20120402,16.05,16.13,15.99,16.07,23400
MFG,20120402,3.23,3.3,3.23,3.3,605200
MFL,20120402,14.64,14.69,14.48,14.52,85700
MFM,20120402,7.31,7.39,7.22,7.29,81200
MFT,20120402,14.23,14.35,14.18,14.27,24900
MFV,20120402,7.1,7.17,7.1,7.15,5700
MG,20120402,23.74,24.6,23.59,24.46,111600
MGA,20120402,23.815,24.395,23.765,24.32,706400
MGF,20120402,6.84,6.94,6.84,6.88,111300
MGM,20120402,13.68,13.99,13.57,13.72,9933100
MGU,20120402,18.31,18.69,18.31,18.62,74000
MHD,20120402,17.83,17.83,17.65,17.74,53400
MHF,20120402,8.07,8.07,7.96,8.03,34400
MHI,20120402,14.72,14.92,14.72,14.88,56000
MHK,20120402,66.19,66.77,65.72,66.39,497200
MHN,20120402,15.16,15.22,15.08,15.13,68900
MHNB,20120402,24.95,24.97,24.84,24.9,67000
MHO,20120402,12.35,12.39,12.1,12.38,97600
MHO-A,20120402,16.36,16.36,16.36,16.36,500
MIC,20120402,33.5,35,33.26,34.4,764200
MIN,20120402,6.42,6.49,6.38,6.39,288500
MITT,20120402,19.7,19.8,19.52,19.68,182200
MIY,20120402,14.78,14.83,14.68,14.74,44400
MJN,20120402,82.64,84.66,82.5,84.19,1108200
MKC,20120402,54.5,55.23,54.38,55.06,927000
MKC.V,20120402,54.81,55.22,54.81,55.22,800
MKL,20120402,447.31,453.5,445.68,449.2,33500
MLI,20120402,22.68,23.155,22.525,23.15,216000
MLM,20120402,85.63,86.09,84.73,85.72,382800
MLP,20120402,4.03,4.24,4.03,4.24,13400
MLR,20120402,16.91,17.49,16.91,17.43,95400
MMC,20120402,32.73,32.96,32.57,32.85,2296600
MMI,20120402,39.25,39.3,39.21,39.23,2574200
MMM,20120402,88.79,89.36,88.05,89.23,2640800
MMP,20120402,36.2,36.455,35.73,36.01,239400
MMS,20120402,20.245,20.67,20.105,20.665,195800
MMT,20120402,6.98,7.06,6.98,7.06,133300
MMU,20120402,13.73,13.74,13.68,13.73,55200
MN,20120402,14.71,15,14.64,15,41300
MNE,20120402,15.09,15.18,15.09,15.12,7600
MNI,20120402,28.7,29.6,28.1,28.7,537400
MNP,20120402,15.88,15.88,15.75,15.81,14800
MNR,20120402,9.73,10.06,9.68,10.06,158200
MO,20120402,30.74,31.27,30.74,31.16,9773500
MOD,20120402,8.78,9,8.68,9,316500
MOG.A,20120402,42.8,43.63,42.56,43.62,163600
MOG.B,20120402,43.05,43.43,43.05,43.43,200
MOH,20120402,33.63,35.18,33.49,34.77,647500
MON,20120402,80.1,82.1,80,81.48,5359200
MOS,20120402,55.35,55.94,54.75,55.67,5589300
MOV,20120402,24.52,25.91,24.39,25.84,559200
MP-D,20120402,26.63,26.65,26.61,26.65,2600
MPA,20120402,15.58,15.59,15.43,15.43,18400
MPC,20120402,21.695,21.845,21.505,21.72,4574800
MPV,20120402,15,15.3,14.92,15.19,14100
MPW,20120402,9.28,9.33,9.22,9.27,1380700
MPX,20120402,5.92,5.98,5.83,5.95,21800
MQT,20120402,13.69,13.7,13.56,13.59,42000
MQY,20120402,15.55,15.73,15.55,15.66,128600
MRK,20120402,38.25,38.56,38.21,38.51,11440800
MRO,20120402,31.58,32.44,31.35,32.23,4429500
MS,20120402,19.64,20.05,19.44,19.81,16222200
MS-A,20120402,18.79,18.88,18.74,18.84,64500
MSA,20120402,40.95,41.87,40.37,41.4,133100
MSB,20120402,30.8,31.1,30.56,30.88,93600
MSCI,20120402,36.73,37.74,36.6,37.3,621500
MSD,20120402,10.85,10.99,10.85,10.95,48600
MSF,20120402,14.56,14.84,14.56,14.79,9900
MSI,20120402,50.74,51.01,50.19,50.82,1606600
MSM,20120402,83,84.22,82.53,83.45,319800
MSP,20120402,11.83,11.94,11.79,11.9,22600
MT,20120402,55.86,58.02,55.68,57.57,5585400
MTB,20120402,86.52,87.83,86.1,87,497900
MTD,20120402,184.2,186.57,182.69,184.17,177200
MTDR,20120402,10.9,11.52,10.61,11.33,293100
MTG,20120402,4.95,5.13,4.94,5.09,6024300
MTH,20120402,26.87,26.99,26.25,26.7,751100
MTL,20120402,18,19.16,17.74,19.02,3996900
MTL.P,20120402,3.52,3.8,3.52,3.7,86600
MTN,20120402,43.26,43.59,42.92,43.45,337800
MTOR,20120402,8.02,8.25,7.99,8.23,914600
MTR,20120402,38.89,39,38.06,38.25,12600
MTRN,20120402,28.58,29.37,28.49,29,221200
MTT,20120402,22.55,22.78,22.5,22.77,20400
MTU,20120402,5.11,5.16,5.07,5.16,933700
MTW,20120402,13.78,14.26,13.75,14.08,2338900
MTX,20120402,32.715,33.1,32.555,33,94500
MTZ,20120402,18,18.53,17.74,18.43,541500
MUA,20120402,13.07,13.12,13.04,13.12,54600
MUC,20120402,15.03,15.11,15.02,15.05,91600
MUE,20120402,13.98,14.09,13.97,14.02,91700
MUH,20120402,15.81,15.82,15.72,15.78,23500
MUI,20120402,15.91,15.98,15.82,15.87,68200
MUJ,20120402,15.51,15.55,15.32,15.36,43700
MUR,20120402,56.17,57.66,55.93,57.12,1464400
MUS,20120402,14.19,14.25,14.09,14.17,19900
MUSA,20120402,14.41,14.7,14.3,14.68,120600
MUX,20120402,4.45,4.66,4.38,4.52,2445500
MVC,20120402,13.13,13.32,13.13,13.3,74700
MVO,20120402,41.54,43.21,41.51,43.01,60200
MVT,20120402,16.34,16.41,16.29,16.29,31500
MWA,20120402,3.36,3.62,3.31,3.54,2591200
MX,20120402,11.95,12.03,11.8,11.87,211800
MXE,20120402,11.5,11.76,11.49,11.69,18800
MXF,20120402,25.4,25.84,25.28,25.75,50500
MXL,20120402,5.53,5.54,5.4,5.46,347300
MYC,20120402,15.42,15.45,15.36,15.39,29600
MYD,20120402,15.37,15.45,15.23,15.25,73000
MYE,20120402,14.75,15.33,14.71,15.32,213000
MYF,20120402,15.48,15.54,15.39,15.48,26500
MYI,20120402,14.27,14.33,14.13,14.15,171900
MYJ,20120402,15.81,15.83,15.79,15.83,22200
MYN,20120402,13.97,14.02,13.85,13.89,97100
MZF,20120402,15.29,15.42,15.29,15.39,11200
NAC,20120402,14.42,14.46,14.37,14.38,50400
NAD,20120402,14.6,14.68,14.51,14.55,71700
NAN,20120402,14.49,14.5,14.42,14.42,11000
NAT,20120402,15.88,15.96,15.56,15.71,505000
NAV,20120402,40.28,40.75,39.7,40.63,1047800
NAV-D,20120402,12.7,12.7,12.7,12.7,0
NAZ,20120402,14.81,14.81,14.73,14.73,2900
NBB,20120402,20.22,20.27,20.08,20.1,65700
NBD,20120402,21.05,21.05,20.88,20.88,26400
NBL,20120402,48.84,50.49,48.665,50.13,1248800
NBR,20120402,17.4,17.84,17.24,17.6,7021100
NC,20120402,115.5,119.31,115.22,119.31,22200
NCA,20120402,9.9,9.95,9.81,9.84,51500
NCI,20120402,13.81,14.39,13.71,14.36,280500
NCR,20120402,21.46,21.88,21.23,21.71,1538400
NCS,20120402,11.47,12.2,11.37,12.19,162300
NCV,20120402,9.46,9.69,9.46,9.68,326000
NCZ,20120402,8.8,8.92,8.8,8.88,227500
NDRO,20120402,21.53,21.73,21.14,21.72,44700
NE,20120402,36.89,38.39,36.89,37.9,2432100
NEE,20120402,61.2,62.1,61.2,61.83,2127400
NEE-C,20120402,25.95,26.02,25.76,25.8,15300
NEM,20120402,51.56,52.41,51.21,52.11,5478800
NEU,20120402,186.82,193.72,186.25,192.97,104500
NEV,20120402,15.09,15.14,14.91,14.96,71400
NFG,20120402,48.13,48.66,47.85,47.99,436200
NFJ,20120402,17.73,17.86,17.65,17.86,294800
NFX,20120402,34.58,35.59,34.41,35.22,1786500
NGG,20120402,50.77,51.69,50.68,51.65,435800
NGL,20120402,20.64,20.97,19.55,20.49,27700
NGS,20120402,13.15,13.3,13.15,13.27,52800
NHF,20120402,25.24,25.4,25.12,25.28,234900
NHI,20120402,48.78,49.37,48.66,49.35,147200
NI,20120402,24.36,24.73,24.25,24.48,2414600
NIE,20120402,17.8,17.97,17.78,17.93,54000
NIM,20120402,10.29,10.35,10.24,10.25,15000
NJR,20120402,22.315,22.63,22.18,22.585,262800
NKE,20120402,27.105,27.4575,26.9975,27.255,2447000
NL,20120402,14.92,15.16,14.82,15,23800
NLS,20120402,2.76,2.82,2.64,2.71,177400
NLSN,20120402,30.07,30.25,29.96,30.17,1089800
NLY,20120402,15.77,15.92,15.75,15.87,9055300
NLY-A,20120402,25.82,25.85,25.72,25.85,11000
NM,20120402,4.2,4.25,4.13,4.2,359500
NMFC,20120402,13.69,13.7,13.5,13.7,44900
NMI,20120402,11.34,11.38,11.29,11.3,14500
NMK-B,20120402,91.79,91.79,91.79,91.79,0
NMK-C,20120402,92.5,92.5,92.5,92.5,0
NMM,20120402,16.68,16.83,16.5,16.73,156600
NMR,20120402,4.46,4.53,4.45,4.53,183600
NMT,20120402,14.98,15.08,14.86,14.86,6800
NMY,20120402,15.36,15.45,15.29,15.33,8700
NNA,20120402,3.35,3.35,3.25,3.28,14700
NNC,20120402,15.54,15.56,15.5,15.52,3700
NNI,20120402,25.78,26.64,25.73,26.54,124900
NNN,20120402,27.23,27.48,27.12,27.4,739600
NNY,20120402,9.88,9.94,9.87,9.9,12600
NOA,20120402,4.88,4.98,4.87,4.9,54500
NOAH,20120402,8.02,8.8,8,8.7,167600
NOC,20120402,61.19,62.18,60.96,61.82,1684000
NOK,20120402,5.39,5.51,5.38,5.47,18405200
NOV,20120402,77.57,81.47,77.54,80.27,3286000
NP,20120402,29.72,30.26,29.63,30,150100
NPK,20120402,75.47,76.38,75.29,75.72,52100
NPO,20120402,41.07,41.68,40.49,41.43,207800
NPTN,20120402,4.74,4.75,4.55,4.62,38900
NPV,20120402,16.39,16.65,16.39,16.5,5900
NQ,20120402,10.51,10.62,10.37,10.5,274900
NQP,20120402,15.6,15.6,15.44,15.44,25300
NR,20120402,8.15,8.31,8.1,8.27,1204800
NRG,20120402,15.66,15.69,15.43,15.6,2452000
NRP,20120402,241.3,243.2,237.9,240.8,232300
NRT,20120402,32.74,32.99,32.21,32.89,13200
NS,20120402,59.1,59.39,58.84,59.1,150700
NSC,20120402,65.66,67.5,65.42,67.02,3086100
NSH,20120402,34.58,34.58,34.05,34.11,64500
NSL,20120402,7.14,7.17,7.09,7.1,86000
NSM,20120402,14.36,14.5,14.31,14.41,171700
NSP,20120402,30.51,31.1,30.45,31.1,104500
NSR,20120402,36.94,37.32,36.94,37.06,432100
NTC,20120402,14.26,14.33,14.11,14.25,4600
NTG,20120402,25.46,25.75,25.46,25.66,113800
NTL,20120402,20.58,20.7,20.4,20.53,5100
NTX,20120402,16.24,16.3,16.21,16.27,10400
NTZ,20120402,2.74,2.85,2.73,2.85,3300
NUE,20120402,42.96,43.99,42.74,43.49,3896800
NUM,20120402,15.22,15.3,15.22,15.25,14100
NUO,20120402,17.87,17.87,17.48,17.54,16500
NUS,20120402,57.99,58.68,55.36,56.72,2409900
NUV,20120402,10.01,10.11,10.01,10.04,371600
NUW,20120402,16.72,16.74,16.65,16.65,17500
NVO,20120402,28.852,29.388,28.708,29.154,340600
NVR,20120402,726.92,726.92,711.75,719.8,41600
NVS,20120402,55.71,56.47,55.62,56.3,2076500
NW-C,20120402,23.11,23.16,22.95,23.08,9500
NWE,20120402,35.49,36.04,35.46,35.92,273300
NWL,20120402,17.82,18.08,17.75,17.87,2533300
NWN,20120402,45.45,45.93,45.02,45.83,112800
NWY,20120402,3.72,3.78,3.67,3.71,786400
NX,20120402,17.6,17.84,17.49,17.77,419100
NXC,20120402,14.95,15,14.9,15,9500
NXN,20120402,14.11,14.66,14.11,14.57,43800
NXP,20120402,14.64,14.75,14.58,14.69,35900
NXQ,20120402,13.74,13.85,13.69,13.74,39700
NXR,20120402,14.45,14.48,14.3,14.3,22800
NYT,20120402,6.75,6.83,6.71,6.77,1939700
O,20120402,38.73,39.1,38.71,38.84,652100
OAS,20120402,30.72,31.56,30.51,31.09,1055300
OB,20120402,15.34,15.53,15.28,15.41,89900
OC,20120402,35.76,35.85,34.84,35.04,2997400
OCN,20120402,15.58,15.9,15.57,15.85,771000
ODC,20120402,21.17,21.89,21,21.8,9000
OFC,20120402,23.16,23.45,23.11,23.33,1054000
OFG,20120402,12.1,12.37,11.99,12.31,367200
OFG-A,20120402,22.89,23.1,22.89,23.1,600
OFG-B,20120402,22.45,22.45,22.45,22.45,0
OGE,20120402,26.68,27.015,26.59,26.755,426600
OHI,20120402,21.24,21.54,21.12,21.41,954300
OI,20120402,23.3,23.6,23.08,23.37,2214000
OIA,20120402,6.9,6.99,6.9,6.94,38700
OII,20120402,53.78,54.9,53.47,54.38,793400
OIS,20120402,78.01,80.31,77.3,79.2,591300
OKE,20120402,40.68,41.07,40.53,40.805,753400
OKS,20120402,54.52,55.39,54.23,54.92,301700
OLN,20120402,21.76,22.2,21.7,22.12,628500
OLP,20120402,18.32,19.03,18.26,18.97,40900
OMC,20120402,49.35,50,48.94,49.91,4830600
OME,20120402,7.61,7.72,7.53,7.65,149200
OMI,20120402,30.41,30.75,30.19,30.54,441500
OMN,20120402,6.75,6.84,6.64,6.81,319700
OPY,20120402,17.34,18.75,17.24,18.48,34000
ORA,20120402,20.12,20.32,19.89,20.13,140700
ORCL,20120402,29.12,29.68,29,29.53,28525300
ORI,20120402,10.5,10.73,10.5,10.64,2094200
ORN,20120402,7.23,7.61,7.15,7.6,178200
OSG,20120402,12.82,12.82,11.92,12.32,859000
OSK,20120402,23.06,23.4,22.75,23.3,1001200
OXM,20120402,50.8,50.8,49.2,49.67,230400
OXY,20120402,95.03,98.24,94.51,97.48,4644600
OZM,20120402,9.27,9.54,9.11,9.4,640000
P,20120402,10.21,10.27,10,10.15,2630900
PAA,20120402,39.175,39.775,39.01,39.67,400800
PAC,20120402,36.45,37.4,36.13,37.21,119900
PACD,20120402,101.4,103.8,101.3,102.8,273000
PAG,20120402,24.53,24.92,24.42,24.7,862000
PAI,20120402,14.44,14.68,14.36,14.68,22100
PAM,20120402,8.53,8.6,8.23,8.6,44300
PAR,20120402,4.82,4.97,4.82,4.9,9900
PAY,20120402,51.67,53.96,51.52,53.33,2805300
PB,20120402,45.69,46.28,45.3,46.05,320400
PBA,20120402,28.5,28.8,28.01,28.8,227500
PBH,20120402,17.46,17.75,17.42,17.75,212400
PBI,20120402,17.52,17.74,17.43,17.74,3611000
PBR,20120402,26.3,26.87,26.22,26.61,11088900
PBR.A,20120402,25.23,25.71,25.15,25.41,9976600
PBT,20120402,22.76,23.12,22.69,22.98,248600
PCF,20120402,8.45,8.53,8.38,8.5,41100
PCG,20120402,43.45,43.7,43.22,43.49,2247700
PCK,20120402,9.96,9.97,9.85,9.87,71400
PCM,20120402,10.96,11.04,10.91,11.01,15600
PCN,20120402,16.17,16.17,15.99,16.17,77800
PCQ,20120402,14.17,14.23,14.16,14.16,44500
PDM,20120402,17.71,17.97,17.62,17.8,1342800
PDS,20120402,10.03,10.12,9.96,9.99,1683100
PDT,20120402,13.49,13.57,13.45,13.54,105000
PEB,20120402,22.52,23.33,22.52,23.3,426000
PEG,20120402,30.6,30.75,30.38,30.62,2594500
PEI,20120402,15.24,15.51,15.18,15.48,422100
PEO,20120402,25.9,26.34,25.9,26.21,17400
PEP,20120402,66.26,66.75,66.21,66.74,5203700
PER,20120402,23.44,23.55,23.28,23.5,294000
PFD,20120402,14.22,14.39,14.11,14.11,53100
PFE,20120402,22.54,22.73,22.49,22.59,34755300
PFG,20120402,29.21,29.96,29.21,29.93,1888200
PFH,20120402,25.11,25.11,25.08,25.08,1900
PFK,20120402,28.08,28.38,28.05,28.38,3100
PFL,20120402,11.37,11.42,11.36,11.41,71600
PFN,20120402,10.22,10.25,10.2,10.23,131300
PFO,20120402,10.91,11.14,10.91,11.06,33500
PFS,20120402,14.47,14.75,14.36,14.72,338900
PG,20120402,67.43,67.92,67.4,67.56,8595100
PGH,20120402,9.42,9.55,9.35,9.5,755100
PGP,20120402,20.05,21.11,20.05,20.89,76600
PGR,20120402,23.19,23.41,23.08,23.3,2328300
PH,20120402,84.55,86.34,83.84,86.03,1011300
PHD,20120402,12.97,13.05,12.95,13.01,96900
PHG,20120402,19.97,20.25,19.89,20.14,2351000
PHH,20120402,15.45,16.01,15.39,15.87,974300
PHI,20120402,62.4,62.54,61.96,62.39,199200
PHK,20120402,12.88,12.95,12.86,12.9,388700
PHM,20120402,8.74,8.81,8.58,8.67,10840100
PHT,20120402,16.66,16.93,16.63,16.81,55200
PHX,20120402,29.37,30.57,29.37,30.57,14400
PII,20120402,72.16,74.78,71.57,73.99,774400
PIM,20120402,5.14,5.17,5.11,5.14,105700
PIR,20120402,18.12,18.3,17.98,18.2,1712500
PIY,20120402,25.5,25.5,25.24,25.25,2600
PJC,20120402,26.56,27.46,26.34,27.46,165000
PKD,20120402,5.94,6.27,5.9,6.18,705200
PKE,20120402,30.24,31.08,29.88,31.06,67100
PKG,20120402,29.55,29.8,29.4,29.51,812300
PKI,20120402,27.58,28.16,27.58,27.97,1472000
PKO,20120402,26.26,26.48,26.25,26.48,29800
PKX,20120402,84.42,85.53,84.23,85,314400
PKY,20120402,10.46,10.66,10.45,10.64,149100
PLD,20120402,35.95,36.41,35.85,36.25,2921700
PLOW,20120402,13.68,13.85,13.67,13.85,83700
PLT,20120402,40.21,40.82,39.75,40.8,342300
PM,20120402,88.86,89.62,88.85,89.38,4848200
PMC,20120402,12.43,12.62,12.3,12.57,344600
PMF,20120402,14.58,14.65,14.53,14.53,31500
PML,20120402,12.28,12.31,12.12,12.2,142000
PMM,20120402,7.73,7.74,7.7,7.71,102500
PMO,20120402,12.61,12.61,12.53,12.57,91800
PMT,20120402,18.71,18.89,18.62,18.89,443700
PMX,20120402,11.85,11.89,11.8,11.85,50300
PNC,20120402,64.24,64.85,63.95,64.72,3576600
PNC.W,20120402,12.31,12.4,12.04,12.39,54900
PNF,20120402,11.13,11.31,11.13,11.19,18300
PNI,20120402,11.97,11.99,11.93,11.93,8400
PNM,20120402,18.32,18.72,18.26,18.63,572000
PNR,20120402,47.32,47.59,46.73,47.12,1095500
PNW,20120402,47.83,48.3,47.69,48.12,560000
POL,20120402,14.38,14.85,14.23,14.79,690600
POR,20120402,25,25.27,24.89,25.14,412800
POST,20120402,32.87,34.35,32.69,33.98,264500
POT,20120402,45.88,47.1,45.54,46.75,6211700
PPG,20120402,47.82,48.9,47.795,48.84,1573600
PPL,20120402,28.28,28.44,28.11,28.2,3302200
PPP,20120402,2.62,2.63,2.58,2.62,189800
PPR,20120402,5.74,5.77,5.66,5.66,544400
PPT,20120402,5.49,5.5,5.46,5.5,332500
PQ,20120402,24.48,25.84,24.2,25.56,845100
PRA,20120402,44.055,44.75,43.9,44.7,133900
PRI,20120402,25.19,26.02,25.13,25.7,291400
PRLB,20120402,34.09,35.61,32.9,35.13,76200
PRO,20120402,18.54,18.78,18.27,18.75,80700
PRU,20120402,63.26,64.73,63.13,64.5,2171600
PSA,20120402,137.8,138.93,137.44,138.82,723600
PSA-A,20120402,25.45,25.45,25.45,25.45,0
PSA-C,20120402,25.48,25.5,25.44,25.49,3600
PSA-D,20120402,25.29,25.3,25.25,25.25,500
PSA-S,20120402,25.28,25.34,25.22,25.26,89000
PSA-T,20120402,24.97,24.98,24.85,24.9,353200
PSA-W,20120402,25.43,25.43,25.22,25.23,5800
PSA-X,20120402,25.37,25.39,25.31,25.34,7100
PSA-Z,20120402,25.22,25.23,25.22,25.23,700
PSB,20120402,65.31,65.98,65.03,65.89,105800
PSF,20120402,24.81,24.89,24.72,24.89,38200
PSO,20120402,19.22,19.7,19.18,19.62,260600
PTR,20120402,139.9,142.57,139.39,141.69,151400
PTY,20120402,18.61,18.71,18.49,18.71,151100
PUK,20120402,23.95,24.62,23.9,24.36,578000
PUK-A,20120402,25.31,25.57,25.3,25.38,34100
PUK.P,20120402,25.7,25.73,25.56,25.56,4500
PVG,20120402,14.21,14.4,14.14,14.19,81700
PVH,20120402,90.25,92.04,89.53,91.4,1232500
PWE,20120402,19.45,19.82,19.4,19.7,1345800
PWR,20120402,20.81,21.18,20.65,21.03,1530100
PX,20120402,114.58,115.32,114.38,115.04,1468600
PXD,20120402,111.54,113.51,110.44,112.1,2166700
PYN,20120402,9.65,9.7,9.61,9.67,8900
PYS,20120402,22.67,22.68,22.4,22.63,3100
PYT,20120402,17.11,17.15,17.11,17.15,500
PZC,20120402,10.45,10.51,10.41,10.42,49500
PZE,20120402,6.71,6.71,6.45,6.485,79000
PZN,20120402,5.9,6.3,5.9,6.3,27900
QEP,20120402,30.46,32.03,30.21,31.55,2181500
QTM,20120402,20.8,21.52,20.8,21.52,1446800
QUAD,20120402,13.84,14.24,13.78,13.99,193900
R,20120402,52.62,54.28,52.62,53.9,780800
RA,20120402,21.47,21.99,21.36,21.96,136300
RAD,20120402,1.75,1.78,1.73,1.78,7340000
RAI,20120402,41.47,41.94,41.46,41.56,2158700
RAS,20120402,4.96,5.19,4.96,5.17,726700
RAS-A,20120402,22,22,21.6,21.78,4600
RAS-B,20120402,23.01,23.01,22.8,23.01,3000
RAS-C,20120402,23.98,23.98,23.74,23.75,4200
RATE,20120402,24.68,24.94,24.25,24.92,319800
RBA,20120402,23.68,23.88,23.46,23.62,309600
RBC,20120402,65.33,65.74,64.7,65.31,477100
RBS,20120402,8.71,8.97,8.66,8.87,778600
RBS-F,20120402,23.69,23.69,23.42,23.43,15100
RBS-H,20120402,22.44,22.44,22.01,22.03,38400
RBS-L,20120402,18.85,19.26,18.79,19.1,67200
RBS-S,20120402,16.79,17.19,16.78,17.03,66800
RCI,20120402,39.59,40.58,39.49,40.42,458400
RCL,20120402,29.34,29.45,28.98,29.13,1884300
RCS,20120402,11.06,11.26,11.06,11.11,125500
RDC,20120402,32.75,33.4,32.62,33.03,2537900
RDN,20120402,4.32,4.45,4.23,4.35,4163800
RDS.A,20120402,69.67,71.5,69.55,71.19,2453000
RDS.B,20120402,70.18,72.21,70.06,71.87,1127800
RDY,20120402,34.59,35.1,34.34,34.98,230000
RE,20120402,92.58,94,92.28,93.46,353400
REG,20120402,44.33,44.71,44.26,44.51,614500
REN,20120402,56.9,58.1,56.25,57.7,586300
RENN,20120402,5.48,5.92,5.38,5.64,13418600
RES,20120402,10.62,10.7,10.33,10.4,1612700
REV,20120402,17.44,17.71,16.96,17.21,74200
REX,20120402,30.66,31.62,30.58,31.51,61200
RF,20120402,6.56,6.63,6.49,6.58,14671000
RFI,20120402,13.9,14,13.78,14,19900
RGA,20120402,59.27,59.87,58.89,59.36,421900
RGC,20120402,13.64,13.74,13.35,13.51,2907200
RGR,20120402,49.53,51.49,49.35,51.1,563200
RGS,20120402,18.43,18.55,18.2,18.42,471900
RHI,20120402,30.23,30.83,30.11,30.79,1227500
RHT,20120402,59.67,61.05,58.86,60.8,3398200
RIG,20120402,54.92,56.36,54.56,55.21,3577600
RIO,20120402,56.02,57.49,55.73,57.25,3482900
RJF,20120402,36.52,36.85,36.23,36.54,918200
RL,20120402,174.44,176.73,173.87,175.29,470300
RLH,20120402,8.21,8.52,8.21,8.5,122200
RLI,20120402,35.885,36.195,35.82,36.175,87100
RLJ,20120402,18.56,19.27,18.56,19.15,222500
RM,20120402,16.8,17.94,16.79,17.21,71900
RMD,20120402,31.09,31.41,31.03,31.07,853000
RMT,20120402,9.42,9.61,9.4,9.58,49100
RNP,20120402,16.27,16.41,16.21,16.28,104100
RNR,20120402,76.06,76.53,75.23,75.89,373000
RNR-C,20120402,25.07,25.18,25.07,25.12,5900
ROG,20120402,38.68,39.75,38.29,39.39,100600
ROK,20120402,79.72,80.67,78.93,80.12,843200
ROL,20120402,14.1667,14.1867,14.0333,14.0867,335500
ROP,20120402,99.18,99.81,98.53,99.26,612600
RPM,20120402,26.21,26.69,26.02,26.44,903400
RPT,20120402,12.2,12.31,12.1,12.22,190900
RPT-D,20120402,49.13,49.9,49.05,49.9,500
RQI,20120402,9.84,9.97,9.81,9.87,336100
RRC,20120402,57.78,59.37,57.52,58.73,1453400
RRTS,20120402,17.38,17.87,17.14,17.83,260200
RS,20120402,56.48,57.7,56.17,56.94,672500
RSG,20120402,30.52,31,30.43,30.88,2091800
RSO,20120402,5.37,5.43,5.35,5.4,820000
RST,20120402,10.2,10.3,10.02,10.2,113900
RT,20120402,9.16,9.21,8.98,9.03,930400
RTN,20120402,52.36,52.93,51.97,52.7,2436300
RVT,20120402,13.82,14.07,13.8,14.05,147400
RWT,20120402,11.21,11.69,11.21,11.57,789000
RXN,20120402,21.3,22.4,21,21.73,788100
RY,20120402,57.67,59.24,57.67,59.19,930100
RYN,20120402,44.19,44.51,43.92,44.27,564700
S,20120402,2.88,2.9,2.83,2.86,31061800
SAB,20120402,9.15,9.15,9.15,9.15,0
SAH,20120402,17.93,18.47,17.8,18.13,569100
SAM,20120402,106.34,106.94,105.2,106.66,167000
SAN,20120402,7.46,7.78,7.45,7.74,8785900
SAP,20120402,70.19,71.28,70.01,70.97,1582100
SAR,20120402,16.99,18.03,16.99,18.03,13100
SB,20120402,6.7,6.72,6.64,6.7,194800
SBH,20120402,24.85,25.43,24.84,25.31,1171000
SBR,20120402,59.8,61.84,59.8,61.57,22200
SBS,20120402,12.73,13.4583,12.73,13.3633,549700
SCCO,20120402,31.9,32.25,31.76,31.91,2422500
SCD,20120402,13.4,13.47,13.33,13.42,53300
SCG,20120402,45.85,45.85,45.19,45.6,996500
SCHW,20120402,14.38,14.61,14.28,14.55,18693800
SCI,20120402,11.23,11.28,10.73,11.04,1392300
SCL,20120402,44.29,45.195,43.985,45.135,38400
SCS,20120402,9.54,9.73,9.41,9.48,684700
SCX,20120402,13,13.19,13,13.03,9000
SD,20120402,7.84,8.02,7.75,7.96,10674200
SDRL,20120402,37.45,38.4,37.37,37.95,2062600
SDT,20120402,30.1,30.5,30.1,30.4,192900
SEE,20120402,19.31,19.63,19.28,19.42,2500200
SEM,20120402,7.69,7.9,7.62,7.83,504100
SEMG,20120402,29.1,29.69,28.94,29.2,845100
SEP,20120402,31.94,32.13,31.77,31.87,96300
SF,20120402,37.68,38.65,37.61,38.59,342800
SFE,20120402,17.16,17.65,17.16,17.65,50500
SFL,20120402,15.24,15.26,15.1,15.25,410500
SFUN,20120402,3.744,3.908,3.71,3.836,217300
SGF,20120402,12.89,13,12.84,12.92,92100
SGU,20120402,4.19,4.21,4.1,4.11,54300
SGY,20120402,1142,1193.2,1125.6,1165.6,1392400
SHG,20120402,39.215,39.7,39.15,39.54,55200
SHI,20120402,23.82,23.9933,23.6733,23.9667,67800
SHO,20120402,9.69,9.96,9.65,9.93,1140600
SHW,20120402,107.45,110.03,107.29,109.81,1036300
SID,20120402,9.36,9.69,9.36,9.63,3714600
SIG,20120402,47.25,48.05,47.08,47.31,1649400
SIX,20120402,23.345,23.37,23.14,23.25,257400
SJI,20120402,24.94,25.35,24.865,25.315,128200
SJM,20120402,81.35,81.65,80.81,81.44,571400
SJR,20120402,21.11,21.63,21.06,21.59,160100
SJT,20120402,19.38,19.49,18.82,18.91,299700
SJW,20120402,24.1,24.36,23.94,24.34,26500
SKM,20120402,14,14.18,13.93,14.13,1730600
SKT,20120402,29.69,30.18,29.64,30.18,480400
SKX,20120402,4.2167,4.2833,4.1667,4.2833,639100
SLB,20120402,69.6,71.09,69.1,69.84,8855600
SLCA,20120402,20.94,21.51,20.65,21.11,308800
SLF,20120402,23.72,24.34,23.59,24.23,626000
SLG,20120402,76.18,78.09,76.18,77.69,1133100
SLW,20120402,33.02,34.2,32.92,33.68,3844700
SM,20120402,70.43,71.81,69.87,70.96,764400
SMFG,20120402,6.69,6.79,6.68,6.78,317100
SMG,20120402,54.21,54.79,53.95,54.52,463100
SMI,20120402,2.42,2.43,2.4,2.43,92100
SMP,20120402,17.7,17.7,17.26,17.39,229500
SN,20120402,22.57,23.06,21.82,22.99,330200
SNA,20120402,60.79,61.73,60.41,61.31,373800
SNE,20120402,20.62,20.83,20.55,20.81,659700
SNN,20120402,20.348,20.548,20.28,20.492,55000
SNP,20120402,83.3923,84.9769,82.9692,84.4615,184000
SNV,20120402,14.28,14.49,14.21,14.42,5005300
SNX,20120402,38.15,38.77,37.96,38.77,303300
SNY,20120402,38.63,39.33,38.58,39.29,2277500
SO,20120402,44.92,45.14,44.73,45.06,3369900
SOL,20120402,11.55,11.55,10.45,10.55,1599100
SON,20120402,33.24,33.7,33.1,33.49,547100
SOR,20120402,52.88,53.84,52.88,53.79,12400
SOV-C,20120402,25.14,25.17,25.08,25.12,500
SPA,20120402,9.65,9.99,9.56,9.95,50900
SPB,20120402,34.9,35.4,34.79,35.31,265500
SPE,20120402,16.06,16.06,16.06,16.06,0
SPG,20120402,145.83,147.08,145.35,146.94,1443600
SPG-J,20120402,68.15,68.15,68.15,68.15,100
SPH,20120402,43,43.5,42.85,43.5,96800
SPN,20120402,26.58,27.32,26.21,26.8,3467200
SPR,20120402,24.44,24.97,24.3,24.86,672000
SQM,20120402,58.6,60,58.02,59.74,473300
SQNS,20120402,2.61,2.76,2.61,2.65,80300
SR,20120402,6.55,6.7,6.25,6.6,145900
SRE,20120402,60.17,61.42,60.04,61.14,2424600
SRF,20120402,24.6,24.64,24.09,24.64,22400
SRI,20120402,9.88,10.15,9.79,10.11,76000
SRT,20120402,2.21,2.21,2.15,2.17,22000
SRV,20120402,10,10.06,9.94,10,80700
SSD,20120402,32.19,32.35,31.57,32.29,184200
SSI,20120402,16.13,16.83,15.94,16.73,226600
SSL,20120402,48.67,50.07,48.58,49.69,305300
SSP,20120402,9.81,9.95,9.72,9.95,230500
SSW,20120402,17.29,17.73,17.01,17.38,184300
ST,20120402,33.56,34.56,33.14,34.27,621400
STAG,20120402,13.99,14.15,13.91,14.1,130700
STC,20120402,14.16,14.78,14.12,14.71,185100
STE,20120402,31.58,31.71,31.41,31.52,323700
STI,20120402,23.67,24.42,23.67,24.28,6233500
STI-A,20120402,20.8,20.8,20.79,20.8,6700
STI.A,20120402,5.47,5.47,5.45,5.45,300
STI.B,20120402,3.3,3.3,3.3,3.3,100
STK,20120402,18.81,18.98,18.7,18.9,49700
STL,20120402,9.51,9.71,9.51,9.7,83100
STM,20120402,7.97,8.15,7.87,8.1,1672800
STN,20120402,15.94,15.985,15.75,15.865,1800
STNG,20120402,7.05,7.27,7.01,7.26,169600
STO,20120402,27.03,27.65,27.03,27.53,1469600
STON,20120402,24.25,24.43,24.15,24.2,94100
STT,20120402,45.33,46.13,45.1,45.88,2740500
STV,20120402,3.45,3.54,3.45,3.49,13500
STWD,20120402,2.9502,2.9558,2.9389,2.946,1020000
STZ,20120402,23.53,24.03,23.53,23.95,2700100
STZ.B,20120402,23.89,23.96,23.89,23.95,800
SU,20120402,32.59,33.59,32.49,33.41,4394700
SUI,20120402,43.21,43.66,43.15,43.61,237300
SUN,20120402,38.15,39.03,37.9,38.77,2051800
SUP,20120402,19.51,20.04,19.51,20.04,184000
SVU,20120402,5.73,5.88,5.6,5.66,8761600
SWFT,20120402,11.5,12.06,11.38,11.99,1310500
SWK,20120402,76.56,78.72,76.22,78.1,1520900
SWM,20120402,34.475,34.94,34.285,34.795,112700
SWN,20120402,30.56,31.14,30.36,30.9,3823900
SWX,20120402,42.68,43.33,42.56,43.33,147500
SWZ,20120402,11.21,11.3,11.21,11.3,61800
SXC,20120402,14.17,14.78,14.05,14.5,960700
SXI,20120402,41.25,42.24,40.99,42.21,79000
SXT,20120402,38,38.39,37.9,38.34,240000
SYK,20120402,55.67,55.87,55.5,55.55,1773800
SYT,20120402,69.54,70.84,69.39,70.45,409000
SYX,20120402,16.9,17.3,16.9,17.25,50000
SYY,20120402,29.8,30.09,29.7,30.04,3359200
T,20120402,31.28,31.59,31.27,31.45,21698900
TAC,20120402,18.74,18.82,18.63,18.8,90400
TAL,20120402,36.75,37.48,36.57,37.29,362300
TAP,20120402,45.2,45.77,45.16,45.66,1171200
TAP.A,20120402,45.4,45.8,45.4,45.8,200
TARO,20120402,38.3,38.46,38.21,38.45,6700
TBI,20120402,17.78,18.22,17.68,18.12,290000
TCAP,20120402,19.67,19.8,19.47,19.72,219300
TCB,20120402,11.84,11.99,11.75,11.85,2684800
TCB.W,20120402,2.52,2.52,2.51,2.52,2000
TCI,20120402,2.48,3.19,2.48,3.1,19300
TCO,20120402,72.55,73.87,72.43,73.49,378100
TCP,20120402,45.43,45.43,44.8,44.9,101300
TD,20120402,41.995,42.865,41.81,42.65,935200
TDC,20120402,68.27,69.46,68.09,69.04,1139800
TDE,20120402,25.95,26.17,25.91,26.15,12100
TDF,20120402,28.11,28.46,28.07,28.3,83700
TDG,20120402,116.04,117.83,115.87,117,428000
TDI,20120402,25.08,25.17,25.06,25.15,3500
TDJ,20120402,26.37,26.73,26.33,26.44,23400
TDS,20120402,23.12,23.43,22.89,22.99,721000
TDW,20120402,53.63,54.64,53.33,54.14,444600
TDY,20120402,62.68,63.55,61.99,63.14,214000
TEF,20120402,16.19,16.49,16.17,16.48,3446100
TEI,20120402,15.72,15.87,15.72,15.84,155600
TEL,20120402,36.74,37.2,36.38,36.97,2326700
TEN,20120402,36.97,38.29,36.84,38.26,794600
TEO,20120402,17.72,17.92,17.35,17.38,422500
TER,20120402,16.81,17.05,16.51,17.02,2095500
TEVA,20120402,45.46,45.79,45.36,45.58,3653100
TEX,20120402,22.35,23.21,22.09,23.08,3936000
TFX,20120402,61.08,61.9,61.08,61.24,221700
TG,20120402,19.45,20.51,19.4,20.51,130000
TGH,20120402,33.87,34.16,32.95,34,176400
TGI,20120402,62.38,64.05,62.21,63.98,329300
TGP,20120402,39.2,39.6,38.93,39.19,185500
TGS,20120402,2.8,2.81,2.72,2.72,76400
TGT,20120402,58.35,58.45,57.99,58.29,4146400
THC,20120402,21.24,21.88,21.08,21.48,12116100
THG,20120402,40.96,41.04,40.61,40.98,374700
THO,20120402,31.44,32.37,31.23,32.26,313400
THR,20120402,20.44,21.73,20.3,21.58,157700
THS,20120402,59.19,59.56,58.9,59.55,266100
TI,20120402,11.8,12.03,11.77,11.98,289300
TI.A,20120402,9.73,9.96,9.73,9.95,200800
TIF,20120402,69,70.47,68.91,70.02,1865300
TISI,20120402,30.96,33.33,30.68,33.31,170300
TJX,20120402,39.69,39.99,39.58,39.87,4451300
TK,20120402,34.69,34.79,33.78,34.78,1571100
TKC,20120402,12.57,12.66,12.55,12.59,994300
TKF,20120402,13.68,14,13.68,13.93,29500
TKR,20120402,50.78,51.85,50.21,51.37,1071200
TLI,20120402,11.89,12.1,11.89,12.1,42200
TLK,20120402,15.255,15.5,15.255,15.5,419800
TLLP,20120402,35.18,35.33,34.5,34.73,41700
TLP,20120402,35,35,34.83,34.98,26100
TM,20120402,85.66,86.98,85.63,86.69,554700
TMK,20120402,33.1867,33.6933,33.0867,33.4733,883700
TMO,20120402,56.36,56.71,56.04,56.38,2564300
TNC,20120402,43.85,45.63,43.38,45.58,173400
TNH,20120402,251,251.59,242,249.75,66000
TNK,20120402,6.08,6.33,5.96,6.17,2300400
TNP,20120402,8.87,8.87,8.58,8.67,211800
TOL,20120402,23.78,23.89,23.46,23.72,3170800
TOO,20120402,28.72,29.18,28.52,28.96,100400
TOT,20120402,51.92,52.5,51.5,52.36,5093800
TOWR,20120402,12.21,13.25,12.08,13.13,24300
TPC,20120402,15.46,16.01,15.23,16.01,375300
TPL,20120402,47.79,48.5,47.32,48.4,15500
TPX,20120402,83.83,85.55,83.83,84.93,1016400
TPZ,20120402,25.46,25.52,25.34,25.52,5200
TR,20120402,22.85,23,22.78,22.91,93100
TRC,20120402,28.65,30.03,27.73,30.01,126600
TREX,20120402,15.735,15.96,15.53,15.955,274300
TRGP,20120402,45.43,45.92,45,45.43,196700
TRI,20120402,28.99,29.39,28.88,29.38,1063200
TRK,20120402,18.71,19.22,18.7,19.08,102000
TRN,20120402,16.335,16.915,16.25,16.74,877800
TRNO,20120402,14.23,14.49,14.03,14.4,24000
TRP,20120402,43,43.9,42.91,43.63,604400
TRR,20120402,5.99,6.22,5.6,6.22,37500
TRU,20120402,1.93,1.97,1.86,1.87,32900
TRV,20120402,59.25,59.75,58.68,59.33,2466600
TS,20120402,37.63,38.77,37.49,38.28,1844300
TSI,20120402,5.17,5.21,5.16,5.2,131000
TSM,20120402,15.27,15.52,15.13,15.4,7762600
TSN,20120402,19.14,19.54,19.14,19.44,3241300
TSO,20120402,26.76,27.27,26.14,26.8,3357800
TSS,20120402,23.04,23.27,22.85,23.24,1248800
TSU,20120402,32.68,32.84,32.22,32.72,748800
TTC,20120402,17.7475,17.9,17.6575,17.8625,155100
TTF,20120402,15.94,16.08,15.89,16.04,53100
TTI,20120402,9.39,9.8,9.29,9.77,695200
TTM,20120402,27.17,27.86,27.15,27.8,2581100
TTP,20120402,24.93,25.02,24.61,24.77,51300
TU,20120402,28.425,29,28.425,28.81,68400
TUP,20120402,63.5,64.36,63.45,63.54,313700
TV,20120402,21.11,21.73,21,21.73,1681300
TVC,20120402,26.9,26.99,26.8,26.8,13200
TVE,20120402,26.37,26.47,26.3,26.4,19600
TWI,20120402,23.67,24.43,23.33,24.28,732900
TWN,20120402,16.69,16.75,16.64,16.72,123200
TWO,20120402,10.12,10.28,10.12,10.28,3179200
TWX,20120402,37.75,38,37.57,37.59,8130000
TX,20120402,23.64,24.4,23.26,23.99,667800
TXT,20120402,27.8,29.08,27.64,28.84,4959700
TY,20120402,15.94,16.08,15.9,16.06,37900
TY.P,20120402,48.7,48.7,48.7,48.7,300
TYG,20120402,41.07,41.99,41.07,41.84,68800
TYL,20120402,38.43,39.15,38.06,39.14,95300
UA,20120402,11.8075,12.1313,11.7338,12.0238,766800
UAL,20120402,21.51,21.74,21.2,21.49,4590000
UAN,20120402,26.5,26.65,26.21,26.32,217800
UBA,20120402,19.7,19.85,19.62,19.85,115500
UBP,20120402,18.7,18.97,18.35,18.77,25700
UBS,20120402,13.83,14.16,13.76,14.07,3103000
UDR,20120402,26.63,27.02,26.55,26.9,2333600
UFI,20120402,9.65,9.85,9.5,9.7,58700
UFS,20120402,47.47,47.72,47.095,47.17,534200
UGI,20120402,18.2067,18.6733,18.1067,18.3933,785900
UGP,20120402,21.72,22.04,21.58,21.96,1233000
UHS,20120402,41.95,42.7,41.8,42.36,1125300
UHT,20120402,39.69,39.99,39.6,39.88,43500
UIS,20120402,19.73,19.94,19.63,19.69,578300
UL,20120402,33.23,33.78,33.19,33.73,1263700
UMC,20120402,2.46,2.47,2.43,2.45,6001700
UMH,20120402,10.98,11.25,10.98,11.25,39400
UMH-A,20120402,26.43,26.53,26.43,26.43,1300
UN,20120402,34.1,34.6,34.07,34.52,1793000
UNF,20120402,61.52,61.95,61.31,61.85,83800
UNH,20120402,58.96,59.27,58.11,59.12,9105800
UNM,20120402,24.36,24.77,24.31,24.58,3949300
UNP,20120402,53.665,55.03,53.52,54.8,3223000
UNT,20120402,42.71,43.84,42.43,43.01,338200
UPS,20120402,80.31,80.97,80.12,80.67,2979200
URI,20120402,42.91,44.41,42.25,44.25,1648100
USA,20120402,4.95,5.01,4.94,4.98,353700
USB,20120402,31.47,31.81,31.2,31.71,10440100
USB-A,20120402,800,800,790,790,300
USB-H,20120402,22.66,22.69,22.56,22.63,55000
USB-M,20120402,27.31,27.31,27.01,27.09,73700
USG,20120402,17.17,17.33,16.89,17.2,2914500
USM,20120402,40.62,41.15,40.45,40.74,187000
USNA,20120402,37.84,38.23,37.33,38.09,71500
USPH,20120402,22.91,23.55,22.91,23.54,75600
UTF,20120402,17.51,17.85,17.45,17.79,196000
UTI,20120402,13.14,13.63,13.14,13.55,104000
UTL,20120402,26.88,27.4,26.75,27.4,29800
UTX,20120402,82.5,83.57,81.91,82.73,3336600
UVV,20120402,46.78,47.83,46.76,47.4,383500
UZA,20120402,26.23,26.39,26.18,26.32,18800
V,20120402,29.5,29.975,29.275,29.745,2944300
VAC,20120402,28.46,28.69,28.07,28.27,198200
VAL,20120402,48.41,49.03,48.14,48.57,1148100
VAL.P,20120402,22.61,23.34,22.56,23.2,11591500
VALE,20120402,23.33,24.18,23.29,23.93,20398500
VAR,20120402,68.68,69.27,68.62,69.08,594400
VBF,20120402,20.31,20.45,20.11,20.33,41800
VC,20120402,52.9,53.46,52.26,53.46,349900
VCO,20120402,45.51,47.46,45.5,46.56,3700
VCRA,20120402,23.25,23.25,21.5,23,110000
VCV,20120402,13.21,13.21,13.06,13.12,46300
VFC,20120402,36.0475,37.4925,36.0475,37.2875,762900
VG,20120402,2.21,2.25,2.16,2.25,2355600
VGI,20120402,20,20.05,20,20.05,39600
VGM,20120402,15.18,15.25,15.15,15.18,61400
VGR,20120402,17.72,17.92,17.69,17.8,413900
VHI,20120402,17.59,17.8133,17.5333,17.66,10300
VIPS,20120402,0.435,0.464,0.435,0.438,197100
VIV,20120402,30.77,30.93,30.36,30.82,1743200
VKQ,20120402,14.22,14.29,14.15,14.21,67200
VLO,20120402,25.66,26.54,25.38,26.33,8301200
VLT,20120402,16.92,17,16.92,16.99,6300
VLY,20120402,13.04,13.09,12.87,12.96,974100
VLY-A,20120402,25.87,25.87,25.85,25.85,400
VLY.W,20120402,1.65,1.65,1.65,1.65,200
VMC,20120402,42.5,43.3,42.29,43.19,713800
VMI,20120402,117.23,118.98,116.7,118.12,191500
VMO,20120402,14.56,14.73,14.56,14.7,66800
VMW,20120402,111.3,115.19,111,114.4,1883900
VNO,20120402,84.12,84.65,84,84.57,1046400
VNO-G,20120402,25.3,25.3,25.12,25.22,8000
VNO-I,20120402,25.36,25.61,25.26,25.61,10100
VNTV,20120402,19.75,19.98,19.3,19.75,585600
VOC,20120402,22.03,22.22,22,22.2,49100
VPG,20120402,14.82,15.01,14.82,15.01,38700
VPV,20120402,14.64,14.69,14.53,14.58,39900
VR,20120402,30.91,31.14,30.81,31.01,737100
VRS,20120402,1.92,2.05,1.73,1.8,457100
VRX,20120402,53.6,54.92,53.6,54.82,872400
VSH,20120402,12.17,12.22,11.97,11.97,1619000
VSI,20120402,44.21,44.55,43.87,44.41,232600
VTA,20120402,11.71,11.76,11.68,11.72,364300
VTN,20120402,15.87,15.99,15.79,15.95,17000
VTR,20120402,57.03,57.57,57.01,57.29,1834400
VVC,20120402,29.01,29.6,28.92,29.3,440100
VVI,20120402,19.36,19.63,19.3,19.53,150200
VVR,20120402,4.91,4.91,4.86,4.89,779000
VZ,20120402,38.29,38.61,38.21,38.52,13260500
WAB,20120402,37.645,38.345,37.38,37.94,223000
WAIR,20120402,16.15,16.15,15.92,16.05,109100
WAL,20120402,8.43,8.66,8.35,8.66,427900
WAT,20120402,92.69,94.47,92.44,93.99,585300
WBC,20120402,60.36,61.59,59.81,61.14,426800
WBK,20120402,22.61,22.916,22.476,22.888,65500
WBS,20120402,22.64,22.94,22.42,22.77,606500
WCC,20120402,65.24,66.29,64.65,66,490000
WCG,20120402,71.8,73.67,71.65,72.77,760700
WCN,20120402,32.42,32.56,31.99,32.06,833500
WD,20120402,12.61,12.78,12.38,12.75,153100
WDR,20120402,32.41,33.53,32.17,33.23,1112800
WEA,20120402,15.88,15.91,15.61,15.72,84000
WEC,20120402,35.14,35.47,34.98,35.39,1207200
WES,20120402,46.02,46.23,45.05,45.39,191800
WF,20120402,35.65,36.24,35.64,36.18,10500
WFC,20120402,33.83,34.59,33.8,34.51,24608600
WFC-J,20120402,29.18,29.27,29.03,29.07,90300
WFC-L,20120402,1116.9,1116.9,1113.75,1113.75,2000
WFC.W,20120402,10.06,10.1,9.98,10.09,99100
WFT,20120402,15.12,15.47,15.07,15.31,10897900
WG,20120402,3.5,4.35,3.45,3.93,3107600
WGL,20120402,40.6,41.3,40.54,40.98,269000
WGO,20120402,9.75,10.3,9.62,10.3,237000
WHG,20120402,38.57,39.01,38.43,38.97,10500
WHR,20120402,76.69,77.04,75.31,75.77,1155700
WIA,20120402,12.71,12.79,12.7,12.75,48300
WIT,20120402,10.93,11.05,10.86,10.97,556800
WIW,20120402,12.74,12.82,12.74,12.81,133600
WLK,20120402,32.4,32.955,32.31,32.81,279400
WLL,20120402,54.19,55.67,53.65,55.12,2059600
WM,20120402,34.85,35.35,34.8,35.19,1728700
WMB,20120402,30.85,31.17,30.71,31.06,6104000
WMK,20120402,43.52,44.17,43.48,44.17,39000
WMS,20120402,23.52,24.37,23.49,24.13,835700
WMT,20120402,61.08,61.49,60.97,61.36,6465800
WNC,20120402,10.34,10.38,10.16,10.18,867000
WNR,20120402,18.63,19.38,18.31,19.13,2102800
WNS,20120402,12.12,12.12,11.91,12,39800
WOR,20120402,19.23,20,19.03,19.75,1359600
WPC,20120402,46.7,47.37,46.41,47.03,44200
WPX,20120402,18.08,18.5,17.77,18.45,2893500
WPZ,20120402,56.5,56.96,55.83,55.85,373900
WR,20120402,28.01,28.17,27.82,28.05,902800
WRB,20120402,36.19,36.63,36.19,36.34,684900
WRD,20120402,23.98,24.26,23.31,23.92,36100
WRE,20120402,29.73,29.98,29.61,29.82,471200
WRI,20120402,26.29,26.61,26.29,26.38,856100
WSM,20120402,37.55,38.1,37.26,37.75,3076300
WSO,20120402,74.1,74.21,73.27,74.09,248700
WST,20120402,21.21,21.475,21.095,21.465,96600
WTI,20120402,20.97,21.78,20.6,21.56,537700
WTM,20120402,500.75,512.12,500.75,511.25,20600
WTR,20120402,17.832,18.032,17.72,17.888,536300
WTS,20120402,40.7,41.48,40.33,41.48,368500
WTW,20120402,77.63,78.17,76.55,77.68,544100
WU,20120402,17.55,18.2,17.53,18.13,8231300
WWE,20120402,8.86,8.96,8.78,8.88,302900
WWW,20120402,18.605,18.785,18.58,18.685,865600
WY,20120402,21.83,22.19,21.74,22.16,4766300
WYN,20120402,46.5,47.41,46.28,47.09,2330900
X,20120402,29.12,30.66,28.83,30.26,12151800
XCO,20120402,6.6,6.72,6.53,6.67,3715800
XEC,20120402,76.7,76.74,74.91,75.8,1190200
XEL,20120402,26.36,26.72,26.26,26.58,2183400
XIN,20120402,3.52,3.9,3.42,3.85,1294900
XKE,20120402,9.24,9.25,9.24,9.25,600
XL,20120402,21.55,21.99,21.5,21.91,3196100
XNY,20120402,7.44,7.84,7.4,7.44,42800
XOM,20120402,86.6,87.67,86.31,87.07,13856200
XOXO,20120402,9.33,9.51,9.31,9.51,207900
XRM,20120402,6.44,6.67,6.35,6.67,58300
XRX,20120402,8.09,8.15,8.04,8.15,8143600
XYL,20120402,27.71,28.35,27.7,28.32,817000
Y,20120402,330.19,334.8,329.39,331.38,75800
YELP,20120402,26.9,27.8,25.27,27.12,1166800
YGE,20120402,36,36.9,34.9,36.3,1882600
YPF,20120402,27.45,27.45,23.77,24.01,4731600
YUM,20120402,71.1,71.12,69.89,70,4211400
ZB-A,20120402,20.85,20.85,20.8,20.8,1300
ZF,20120402,12.84,13,12.8,13,434900
ZNH,20120402,23.18,23.5,23.05,23.23,26600
ZTR,20120402,12.8,12.88,12.76,12.8,796200
ZX,20120402,3.55,3.82,3.55,3.72,20000
