<ticker>,<date>,<open>,<high>,<low>,<close>,<vol>
AAME,20080512,2.2,2.2,2.1,2.12,5800
AAON,20080512,6.0178,6.1126,5.8874,5.9585,116600
AAPL,20080512,26.4586,26.9814,26.1214,26.88,29263000
AAWW,20080512,61.2,63.45,60.71,63.3,201500
ABAX,20080512,25.66,26.99,25.1,26.45,351000
ABCB,20080512,14.45,14.69,14.08,14.41,144400
ABCO,20080512,22.485,22.805,22.445,22.705,293300
ABMD,20080512,14.68,15.02,14.65,14.8,145100
ABTL,20080512,9.6,9.65,9.4,9.45,55900
ACAD,20080512,8.09,8.44,8.04,8.25,217900
ACAS,20080512,31.6,32.56,31.5,32.42,2279800
ACAT,20080512,7.2,7.61,7.17,7.28,228100
ACET,20080512,8.02,8.05,7.71,8.04,80900
ACFC,20080512,8.67,8.98,8.67,8.77,6100
ACGL,20080512,23.09,23.3367,22.9433,23.3367,203200
ACHN,20080512,3.98,4,3.66,3.75,25600
ACIW,20080512,5.9067,5.99,5.8333,5.9,378600
ACLS,20080512,22.28,22.88,22.04,22.8,981900
ACOR,20080512,19.46,19.48,18.84,19.22,310500
ACPW,20080512,6.75,6.85,6.6,6.75,183500
ACTG,20080512,5.51,5.54,5.41,5.44,86900
ACTS,20080512,3.68,3.84,3.66,3.74,91900
ACUR,20080512,9.43,9.6,9.39,9.55,24800
ACWI,20080512,53.12,53.52,53.12,53.52,2600
ACWX,20080512,54.37,54.83,54.37,54.81,1900
ACXM,20080512,12.16,12.3,12.11,12.26,137200
ADBE,20080512,39.83,40.5,39.35,40.44,4276600
ADES,20080512,4.925,5.25,4.845,5.19,34200
ADI,20080512,34.2,34.31,33.85,34.2,3646000
ADP,20080512,37.6646,38.5425,37.647,38.4371,1422200
ADRA,20080512,33.85,33.85,33.38,33.65,8300
ADRD,20080512,30.18,30.46,30.15,30.46,51800
ADRE,20080512,54.88,55.26,54.2,55.26,318600
ADRU,20080512,30.43,30.58,30.43,30.58,3700
ADSK,20080512,39.06,39.93,39,39.67,3922500
ADTN,20080512,23.86,24.33,23.82,24.19,631300
AEHR,20080512,8.55,8.78,8.23,8.7,59000
AEIS,20080512,15.39,15.5,14.97,15.22,442200
AEPI,20080512,26.64,28.01,26.21,28.01,21600
AETI,20080512,5.6,5.6,5.42,5.42,600
AEY,20080512,3.7,3.75,3.12,3.7,331000
AEZS,20080512,720,738,708,726,26400
AFAM,20080512,21.66,22.02,21.54,21.55,61500
AFSI,20080512,7.155,7.44,7.065,7.37,505500
AGEN,20080512,2.31,2.34,2.27,2.33,109000
AGII,20080512,37.95,38.62,37.63,38.2,66500
AGYS,20080512,11.18,11.49,11.1,11.31,135200
AHGP,20080512,28.06,28.06,26.61,27.37,62000
AHPI,20080512,6.4,6.4,6.4,6.4,200
AIMC,20080512,16.41,16.76,16.32,16.72,240700
AINV,20080512,17.06,17.32,16.91,17.28,1082700
AIRM,20080512,12.74,13.2933,12.2233,12.3,311100
AIRT,20080512,9.05,9.32,8.98,9.28,11900
AIXG,20080512,14.16,14.65,14.1,14.61,102900
AKAM,20080512,37.16,38.12,36.2,37.94,4040700
AKRX,20080512,4.35,4.5,4.35,4.45,139600
ALCO,20080512,39.2,40.35,38.2,40,5700
ALGN,20080512,12.45,12.78,12.27,12.76,816800
ALGT,20080512,25.21,25.52,24.35,25.29,128700
ALKS,20080512,13.03,13.31,12.98,13.3,665100
ALLT,20080512,3.28,3.36,3.12,3.36,14300
ALNY,20080512,28.12,28.77,27.86,28.53,372700
ALOG,20080512,61.79,64.45,61.2,63.47,136100
ALOT,20080512,9.05,9.05,8.99,8.99,400
ALSK,20080512,11.12,11.2,10.92,11.11,555200
ALXN,20080512,36.165,36.36,35.89,36.125,449400
AMAG,20080512,38.8,40,38.76,39.65,139700
AMAT,20080512,19.29,19.95,19.16,19.87,20039500
AMCC,20080512,8.89,8.91,8.76,8.86,1050100
AMCN,20080512,17.77,18.01,17.13,17.13,160600
AMD,20080512,6.98,7.3,6.97,7.16,24087300
AMED,20080512,52.86,53.13,51.91,52.68,352800
AMGN,20080512,41.86,43.05,41.86,42.95,6059600
AMKR,20080512,11.58,11.84,11.38,11.76,2146400
AMNB,20080512,19.7,20.42,19.7,20.42,700
AMOT,20080512,5.52,5.9,5.26,5.4,11600
AMOV,20080512,28.3,28.425,28,28.425,3300
AMPH,20080512,21.78,22.19,21.33,22.18,48900
AMRB,20080512,13.5,13.55,13.47,13.5,2800
AMRI,20080512,13.53,13.61,13.11,13.48,132800
AMRN,20080512,2.81,2.82,2.56,2.64,108600
AMSC,20080512,303.5,304.4,285.8,289.4,1561600
AMSF,20080512,15.95,16.16,15.89,15.96,115100
AMSG,20080512,25.03,25.69,24.98,25.58,109300
AMSWA,20080512,6.3,6.3,6.16,6.23,45800
AMTD,20080512,17.91,18.25,17.91,18.24,1670100
AMWD,20080512,19.75,20.34,19.46,20.24,39600
AMZN,20080512,73,74.93,71.78,74.53,7215400
ANAT,20080512,114.36,116.64,112.76,116,4800
ANCX,20080512,7.14,7.27,7.09,7.16,9600
ANDE,20080512,28.94,29.0533,28.1733,28.9667,302700
ANGO,20080512,15.06,15.24,15.04,15.21,94600
ANIK,20080512,10.09,10.18,9.78,9.85,20200
ANSS,20080512,43.55,44.97,42.73,44.89,1141200
APEI,20080512,36.18,37.65,35.86,36.94,131800
APOG,20080512,22.1,23.13,22.1,22.84,273400
APOL,20080512,48.08,48.49,47.14,48.32,3615800
APPY,20080512,224.64,242.88,224.64,236.64,90400
ARAY,20080512,9.53,9.62,9.39,9.57,494100
ARCC,20080512,11.95,12.25,11.94,12.23,902600
ARCI,20080512,6.05,6.43,6.01,6.24,50900
ARCW,20080512,1.968,1.98,1.968,1.98,900
AREX,20080512,22.25,23.07,22.23,22.99,82600
ARIA,20080512,2.66,2.71,2.65,2.67,433700
ARII,20080512,19.16,20.05,18.94,20.05,112100
ARKR,20080512,26.95,27.5,26.89,27.5,1800
ARLP,20080512,22.4,22.61,22.105,22.475,105000
ARNA,20080512,5.18,5.27,5.05,5.13,652000
AROW,20080512,22.83,23.21,22.64,23,7800
ARQL,20080512,3.94,4.22,3.94,4.12,790900
ARRS,20080512,8,8.14,7.94,8,2303900
ARRY,20080512,5.78,6.2,5.78,6.2,265800
ARTNA,20080512,18.3,18.74,18.3,18.63,600
ARTW,20080512,21.51,22.28,20.78,21.62,9800
ARTX,20080512,2.29,2.38,2.29,2.37,9600
ARWR,20080512,2.7,2.7,2.56,2.6,206500
ASFI,20080512,9.68,9.8,9.36,9.8,202700
ASML,20080512,29.16,29.42,29.08,29.29,3781800
ASRV,20080512,2.71,3.02,2.71,3.02,15200
ASRVP,20080512,24.54,24.54,24.54,24.54,0
ASTE,20080512,38.76,39,38,38.59,203100
ASUR,20080512,0.34,0.34,0.3333,0.3333,7100
ASYS,20080512,11.7,11.71,11.29,11.45,113900
ATAI,20080512,10.74,11.09,10.7,10.95,1600
ATEC,20080512,59.64,61.8,57.72,61.08,58700
ATHN,20080512,28.4,29.22,27.31,28.97,472200
ATHX,20080512,2.8,2.8,2.5,2.52,1000
ATLO,20080512,20,20,19.47,19.5,3100
ATNI,20080512,27.63,27.98,27.43,27.54,59400
ATRC,20080512,11.35,11.35,10.87,11,27700
ATRI,20080512,108.84,110.53,108.84,109.51,4700
ATRO,20080512,13.6667,14.2083,13.55,13.9417,62400
ATVI,20080512,15.5,15.6,15.025,15.45,8354600
AUBN,20080512,22.6,22.6,22.6,22.6,0
AUDC,20080512,4.4,4.58,4.4,4.49,149300
AVAV,20080512,23.44,24.05,23.42,24.05,72500
AVID,20080512,21.49,22.5,21.22,22.41,411700
AWRE,20080512,2.85,3.08,2.85,2.87,49800
AXTI,20080512,4.8,4.82,4.71,4.8,58700
AZPN,20080512,13.9,14,13.9,14,122600
BABY,20080512,21.29,21.4,20.93,21.1,309100
BANF,20080512,44.19,44.95,43.71,44.73,34400
BANFP,20080512,25.25,25.25,25.25,25.25,100
BANR,20080512,127.05,132.51,126.91,131.88,146500
BASI,20080512,5.4,5.4,5.4,5.4,0
BBBY,20080512,32.19,33.55,32.19,33.51,3895600
BBGI,20080512,5.23,5.23,4.62,4.66,4900
BBOX,20080512,29.35,30.3,28.75,30.03,137100
BBRY,20080512,136.51,143.08,135.65,141.97,33800900
BBSI,20080512,12.2,12.34,12.15,12.25,61100
BCBP,20080512,14.94,14.94,13.86,13.86,300
BCPC,20080512,15.4867,16.5467,15.4867,16.5467,90700
BCRX,20080512,2.7,3.08,2.7,2.94,101700
BDSI,20080512,2.66,2.69,2.61,2.67,10000
BEAT,20080512,25.74,25.74,24.11,24.95,237200
BEAV,20080512,39.34,40.66,38.51,40.66,746400
BEBE,20080512,10.55,11.24,10.55,11.19,807100
BECN,20080512,11.89,11.96,11.25,11.39,774300
BELFA,20080512,27.48,27.86,27.45,27.51,5500
BELFB,20080512,24.47,25.1,24.2,24.83,37500
BFIN,20080512,15.36,15.55,15.3,15.44,45500
BGCP,20080512,9.8,9.95,9.13,9.61,325000
BGFV,20080512,8.15,8.45,8.1,8.43,141100
BIDU,20080512,34.785,36.775,34.31,36.687,4584100
BIIB,20080512,62.44,63.75,61.98,63.05,1816300
BIOS,20080512,3.97,4.02,3.73,3.79,497000
BJRI,20080512,13.92,14.13,13.89,14.03,202900
BKCC,20080512,12.09,12.4,11.7,12.29,50600
BKMU,20080512,10.66,10.93,10.66,10.87,168700
BKSC,20080512,13.75,13.77,13.75,13.77,600
BLDP,20080512,4.13,4.17,4.1,4.16,178500
BLDR,20080512,7.01,7.1,6.78,6.99,115900
BLKB,20080512,23.2,24.09,23.2,23.74,660300
BLUE,20080512,0.6,0.6,0.59,0.59,2400
BMRC,20080512,28.96,29.24,28.66,28.79,2100
BMRN,20080512,39.14,39.53,38.51,39.39,1228200
BMTC,20080512,21.49,21.49,20.76,21.25,700
BNCL,20080512,10.89,11.07,10.87,11.07,76800
BNCN,20080512,14.6,14.6,13.84,13.84,1700
BNSO,20080512,2.18,2.19,2.18,2.18,4500
BOBE,20080512,28.73,29.82,28.72,29.78,264400
BOCH,20080512,7,7,7,7,0
BOFI,20080512,1.705,1.755,1.705,1.73,11300
BOKF,20080512,58.6,60.34,58.53,60.02,171900
BONT,20080512,9.21,9.84,9.21,9.38,189600
BOOM,20080512,34.66,35.1,33.75,35.02,401000
BOSC,20080512,5.8,5.96,5.4,5.96,5500
BPFH,20080512,8.47,8.72,8.35,8.65,506600
BPOP,20080512,117.8,120,117.8,120,756600
BPOPM,20080512,23.47,23.47,23.47,23.47,0
BPOPN,20080512,24.21,24.25,24.21,24.25,1600
BRCD,20080512,7.17,7.28,7.08,7.2,10287700
BRID,20080512,6.13,6.13,6.13,6.13,100
BRKL,20080512,10.11,10.55,10.11,10.52,343500
BRKR,20080512,11.95,12.46,11.95,12.46,968800
BRKS,20080512,10.06,10.1,9.86,10.06,1248300
BSET,20080512,12.7,12.84,12.49,12.64,59300
BSQR,20080512,5.19,5.23,5.08,5.17,8300
BSRR,20080512,21.55,22.95,21.55,22.33,12300
BUSE,20080512,19.08,19.43,18.99,19.35,37000
BWINA,20080512,20.5,20.5,20.5,20.5,0
BWINB,20080512,21.35,22.82,20.63,22.75,43000
BWLD,20080512,32.17,33.25,32.03,33.23,416500
BYFC,20080512,7.11,7.11,7.11,7.11,100
CA,20080512,22.3569,22.7898,22.2683,22.7308,1970400
CAAS,20080512,5.05,5.28,5.02,5.27,91800
CAC,20080512,31.83,31.99,30.5,31.67,2400
CACB,20080512,8.81,9.13,8.81,9.13,232400
CACC,20080512,21.47,23,21.47,22.44,30100
CAKE,20080512,21.78,22.08,21.72,22.02,1298400
CALD,20080512,5.94,6.1,5.73,6.06,85900
CALL,20080512,1.175,1.25,1.17,1.245,37200
CALM,20080512,16.235,16.66,15.905,16.45,659900
CAMP,20080512,2.65,2.65,2.55,2.56,22200
CAMT,20080512,1.26,1.3,1.25,1.28,8600
CART,20080512,11.3,11.3,11.3,11.3,0
CARV,20080512,9.5,9.92,9.35,9.92,1300
CASH,20080512,18.6,18.9,18.59,18.59,600
CASM,20080512,2.81,3,2.81,2.99,3500
CASS,20080512,33.23,33.51,32.46,32.88,7400
CASY,20080512,21.64,22.46,21.63,22.4,431400
CATM,20080512,8.51,9.06,8.35,8.83,79600
CATY,20080512,16.22,16.6,16.22,16.51,586700
CAVM,20080512,20.27,21.19,20,21,349700
CBAK,20080512,18.85,19.05,18.25,18.25,215800
CBAN,20080512,12.75,12.75,12.75,12.75,0
CBLI,20080512,102,107,94.2,103,40100
CBMX,20080512,1605,1605,1524,1524,60500
CBRL,20080512,33.95,35.23,33.95,35.15,508100
CBSH,20080512,42.74,44.25,42.74,44.24,204700
CCBG,20080512,25.63,26.12,25.35,26.02,20100
CCMP,20080512,35.95,36.99,35.85,36.79,221300
CCNE,20080512,14.18,14.18,14.18,14.18,100
CCOI,20080512,17.34,17.44,15.54,16.86,5947200
CCRN,20080512,13.56,15.28,13.56,15.26,344000
CCUR,20080512,0.66,0.66,0.65,0.65,210800
CDNS,20080512,10.96,11.15,10.85,11,3489500
CDTI,20080512,66.55,69.2,66.55,68,4000
CDZI,20080512,17.2,18.01,16.66,17.8,11100
CECE,20080512,7.54,7.94,7.35,7.53,111900
CECO,20080512,18.94,19.17,18.74,19.06,877200
CELG,20080512,31.25,31.59,30.705,30.865,4753400
CENT,20080512,5.93,6.44,5.93,6.32,391100
CENTA,20080512,5.54,5.96,5.49,5.94,385400
CENX,20080512,72.87,74.34,70.52,73.43,653200
CERN,20080512,11.545,11.6225,11.4175,11.6075,854100
CERS,20080512,5.54,5.57,5.41,5.51,48600
CETV,20080512,102.3,102.71,100.59,100.76,305000
CEVA,20080512,9.66,9.83,9.45,9.83,50400
CFBK,20080512,25,25,25,25,0
CFFI,20080512,29.98,29.98,29.98,29.98,0
CFFN,20080512,38.62,40,38.6,39.67,99200
CFNB,20080512,9.95,9.95,9.83,9.83,1200
CFNL,20080512,8.13,8.65,8.06,8.62,52800
CGEN,20080512,2.16,2.33,2.16,2.32,28500
CGNX,20080512,12.77,12.97,12.77,12.97,224300
CHCI,20080512,0.59,0.65,0.56,0.61,42500
CHCO,20080512,42.79,43.4,42.38,43.33,89700
CHDN,20080512,44.09,45.82,43.98,45.72,61400
CHFC,20080512,23.65,24.76,23.3,24.66,166700
CHFN,20080512,25.8193,25.8193,25.8193,25.8193,0
CHKE,20080512,28.68,29,28.5,28.97,35100
CHKP,20080512,23.87,24.29,23.59,24.17,1501200
CHNR,20080512,23.1,23.69,22.28,23.33,57700
CHRS,20080512,5.16,5.37,5.1,5.35,797600
CHRW,20080512,63.93,64.97,63.3,64.92,1520300
CHSCP,20080512,25.6,25.69,25.55,25.6,5300
CHTR,20080512,1.22,1.23,1.1,1.17,5794600
CINF,20080512,35.15,35.65,35.15,35.56,1014100
CISG,20080512,14.73,14.73,14.41,14.53,35700
CIZN,20080512,18.54,21.3,18.54,21.3,21600
CKEC,20080512,8.35,8.47,8.23,8.44,90300
CLBH,20080512,10,10.05,9.79,10,1900
CLCT,20080512,9.76,10.03,9.73,9.99,24100
CLFD,20080512,1.7,1.98,1.62,1.85,48800
CLMS,20080512,19.06,19.53,18.5,19.47,230000
CLMT,20080512,12.49,12.65,12.43,12.46,216000
CLNE,20080512,14.84,15.09,14.33,14.89,604400
CLRO,20080512,4.41,4.45,4.41,4.45,5600
CLUB,20080512,9.21,9.51,9.21,9.44,115100
CLWT,20080512,14.3,15.015,14.08,14.63,33300
CMCO,20080512,28.74,29.05,28.65,28.99,115300
CMCSA,20080512,21.68,22.1,21.62,22.04,15143700
CMLS,20080512,38.32,39.76,34,35.44,1698500
CMTL,20080512,41.5,43.49,41.3,43.45,579800
CNBKA,20080512,20,20,20,20,400
CNET,20080512,7.69,8.04,7.66,8,1560300
CNMD,20080512,25.66,25.99,25.3,25.75,113000
CNOB,20080512,9.75,9.83,9.7,9.8,19200
CNSL,20080512,14.1,14.38,14,14.28,81100
CNTF,20080512,29.55,29.55,28.65,29.15,114900
CNTY,20080512,3.94,4,3.31,3.87,125800
COBZ,20080512,11.45,11.47,11.03,11.32,63200
COGT,20080512,10,10.69,10,10.51,1806000
COHR,20080512,29.72,30.04,29.72,30,48500
COHU,20080512,17.15,17.7,17,17.58,66600
COKE,20080512,57,57.66,56.9,57.48,19900
COLB,20080512,27.44,28.14,27.35,27.97,116300
COLM,20080512,20.585,21.06,20.5,20.93,182900
CONN,20080512,17.91,18.21,17.34,18.07,98200
COOL,20080512,49.14,50.4,46.2,49.98,35100
CORE,20080512,7.085,7.3125,6.8275,7.18,38900
CORT,20080512,2.01,2.3,2.01,2.26,38500
COST,20080512,71.69,73.91,71.53,73.68,3528800
COWN,20080512,6.97,7.47,6.9,6.95,125000
CPLA,20080512,61.92,65,61.36,64.44,171600
CPLP,20080512,19.86,20.11,19.77,20.09,47600
CPRT,20080512,20.82,20.82,20.45,20.57,436700
CPRX,20080512,3.39,3.65,3.35,3.55,129100
CPSI,20080512,19.12,20.03,18.8,19.64,54200
CPSS,20080512,2.89,2.9,2.85,2.89,15200
CPST,20080512,61.4,65.4,61,65.4,10562600
CRAI,20080512,32.66,34.15,32.54,34,104500
CRAY,20080512,6.5,6.73,6.42,6.57,197500
CREE,20080512,24.83,24.98,23.87,24.45,2567400
CRESY,20080512,15.05,15.22,14.8,15,140700
CRIS,20080512,1.17,1.27,1.16,1.27,97100
CRME,20080512,50.45,50.45,47.4,49,558900
CRMT,20080512,14.01,14.37,14,14.3,30200
CRNT,20080512,10.27,10.36,10.15,10.22,374700
CROX,20080512,11.2,11.47,10.95,11.27,6511300
CRUS,20080512,5.93,6.09,5.85,6.07,608500
CRVL,20080512,16.375,16.575,16.035,16.5,59600
CRWS,20080512,3.58,3.58,3.4,3.57,90200
CRZO,20080512,71.05,72.99,69.6,72.25,408800
CSBK,20080512,10.11,10.2,9.94,10.2,20000
CSCO,20080512,25.45,25.87,25.4,25.84,38126200
CSFL,20080512,13.9,13.98,13.79,13.98,1600
CSGP,20080512,49.55,49.74,48.64,49.42,183700
CSGS,20080512,12.47,12.73,12.46,12.61,226800
CSIQ,20080512,32.88,34.47,31.18,34.1,3598800
CSPI,20080512,5.98,6,5.9,5.94,6500
CSTR,20080512,36.59,37.49,36.59,36.88,614300
CSWC,20080512,29.235,29.9675,28.5,29.9675,9100
CSX,20080512,21.1767,21.3333,20.84,21.33,2802000
CTAS,20080512,29.97,30.2,29.67,30.19,906000
CTBI,20080512,29.13,30.16,29.03,30.07,26600
CTHR,20080512,1.3,1.33,1.27,1.28,55300
CTIB,20080512,4.69,5.5,4.53,4.94,302800
CTIC,20080512,3.25,3.3,3.2,3.2,1604200
CTRN,20080512,20.4,20.8,19.96,20.02,195000
CTRP,20080512,16.205,16.23,15.5625,15.685,842200
CTSH,20080512,14.87,15.15,14.505,15.085,6531100
CTWS,20080512,24.72,24.72,23.99,24.05,6600
CTXS,20080512,34,34.18,33.55,34.08,2441200
CUBA,20080512,8.93,8.95,8.72,8.75,8200
CUTR,20080512,11.8,11.8,11.3,11.34,154200
CVBF,20080512,10.62,10.91,10.57,10.75,663200
CVCO,20080512,36.14,36.36,36,36.36,17900
CVCY,20080512,10.39,10.45,10.39,10.45,600
CVGI,20080512,12.76,13.07,12.74,13.01,197900
CVGW,20080512,15.02,15.06,14.62,14.84,45600
CVLT,20080512,13.41,13.92,13.31,13.73,976100
CVLY,20080512,16.1,16.1,16.1,16.1,1600
CVTI,20080512,5.5,5.59,5.48,5.48,5500
CVV,20080512,3.46,3.75,3.46,3.69,12700
CWBC,20080512,8.45,8.52,8.45,8.52,1300
CWCO,20080512,21.71,22.13,21.13,21.48,39100
CWST,20080512,10.61,11,10.54,10.93,119700
CYAN,20080512,1.67,1.68,1.67,1.68,1100
CYBE,20080512,9.15,9.41,8.89,8.91,11000
CYCC,20080512,215.88,233.52,208.32,212.52,24300
CYCCP,20080512,4.4,4.4,4.4,4.4,0
CYNO,20080512,24.06,24.93,23.81,24.63,139800
CYTK,20080512,20.7,22.8,20.4,22.8,85900
CYTR,20080512,5.25,5.67,5.11,5.67,657700
CYTX,20080512,81.9,89.1,81.6,87,157200
CZFC,20080512,9.46,9.46,9.46,9.46,200
CZNC,20080512,18.3,18.88,18.3,18.88,600
CZWI,20080512,8.5,8.5,8.25,8.49,9600
DAIO,20080512,5.49,5.73,5.43,5.7,101200
DAKT,20080512,15.7,16.89,15.7,16.83,346700
DAVE,20080512,9.57,9.74,9.42,9.53,30500
DCOM,20080512,18.32,18.74,18.25,18.72,159900
DCTH,20080512,29.92,30.4,29.12,29.76,46600
DENN,20080512,3.4,3.76,3.4,3.69,737200
DEPO,20080512,3.44,3.7,3.43,3.62,133200
DGAS,20080512,12.825,12.875,12.825,12.825,200
DGICA,20080512,16.81,17.05,16.72,17.03,18700
DGICB,20080512,17,17,17,17,0
DGII,20080512,8.37,8.98,8.37,8.77,264900
DGLY,20080512,9.4,10.25,9.3,9.52,840600
DHIL,20080512,93.99,93.99,93,93,400
DIOD,20080512,27.5,27.8,27.24,27.72,207100
DISCA,20080512,26.53,26.53,25.26,25.7,2996100
DISCB,20080512,27,27,27,27,0
DISH,20080512,30.22,30.92,30.03,30.45,1732200
DJCO,20080512,42,42.97,40.51,40.54,2200
DLTR,20080512,11.6634,11.8467,11.3367,11.8334,3082300
DMLP,20080512,27.49,28,27,27.14,79300
DMRC,20080512,10.86,10.94,10.72,10.74,74300
DORM,20080512,4.56,4.56,4.56,4.56,1400
DRAD,20080512,2.21,2.24,2.15,2.2,23300
DRAM,20080512,56.16,59.94,56.16,58.14,2700
DRRX,20080512,5.02,5.05,4.89,4.97,346800
DRYS,20080512,139125,145755,138600,144960,4264500
DSGX,20080512,3.65,3.77,3.65,3.76,20300
DSPG,20080512,8.48,8.69,8.47,8.58,265300
DSWL,20080512,6.85,7.36,6.7,7.29,28900
DTLK,20080512,4.59,4.65,4.56,4.57,24900
DTSI,20080512,28.9,29.22,28.43,28.5,219600
DVAX,20080512,23.3,24.5,23,24.1,174100
DWCH,20080512,2.92,2.92,2.57,2.78,43600
DWSN,20080512,75.93,78.25,73.8,77.73,201400
DXCM,20080512,6.43,7.33,6.43,7.2,256900
DXPE,20080512,40.15,41.4,40.09,40.7,97000
DXYN,20080512,7.22,7.81,7.19,7.81,11000
DYNT,20080512,5.15,5.2,4.9,4.9,6800
EBAY,20080512,12.7621,13.1368,12.7116,13.1032,13678800
EBIX,20080512,10.3889,10.44,10.2667,10.3322,7900
EBSB,20080512,4.1258,4.1381,4.1136,4.1299,21700
EBTC,20080512,12.75,12.75,12.75,12.75,0
ECOL,20080512,24.88,25.51,24.84,25.29,72800
ECPG,20080512,9.1,9.76,8.96,9.47,161700
EDAP,20080512,3.9,3.9,3.8,3.9,3900
EDGW,20080512,5.61,5.74,5.61,5.7,19300
EDUC,20080512,6.07,6.07,6.07,6.07,100
EEFT,20080512,17.79,18.54,17.79,18.41,381600
EFII,20080512,14.64,14.84,14.38,14.7,310600
EFOI,20080512,2.82,2.82,2.62,2.77,39700
EFSC,20080512,20.95,21.75,20.65,21.73,28200
EFUT,20080512,16.05,16.07,15.51,15.57,57200
EGBN,20080512,10.1,10.13,10,10,4600
EGHT,20080512,1.17,1.17,1.13,1.16,69000
EGLE,20080512,47635.2,50126.4,47232,50040,778800
EGLT,20080512,12,12.11,11.93,12.11,81100
EGOV,20080512,7.46,7.47,7.2,7.39,210800
EHTH,20080512,23.09,24.8,23.09,24.75,246900
ELGX,20080512,2.68,2.72,2.67,2.67,27500
ELNK,20080512,9.26,9.33,9.15,9.24,1930000
ELON,20080512,108.1,117.2,108.1,115.7,330600
ELOS,20080512,14.99,15.7,14.96,15.51,169500
ELSE,20080512,4.38,4.6,4.34,4.58,2800
ELTK,20080512,2.16,2.16,2.1,2.14,8500
EMCI,20080512,19.5533,19.8467,18.9267,19.8467,62100
EMITF,20080512,3045,3100.8,3025.8,3084.6,8800
EMKR,20080512,27,28.16,26.32,27.68,2329300
EMMS,20080512,11.92,13.48,11.84,13.2,165500
ENDP,20080512,23.96,24.68,23.96,24.68,2312100
ENG,20080512,10.05,10.1,9.86,9.95,108700
ENOC,20080512,15.83,15.95,14.98,15.2,142400
ENSG,20080512,4.725,4.8,4.695,4.75,25800
ENTG,20080512,7.43,7.5,7.36,7.44,780600
EPAY,20080512,11.17,11.59,11.1,11.36,84300
EPIX,20080512,1.75,1.87,1.75,1.81,121600
EQIX,20080512,88.87,89.43,86.78,89.18,471400
ERIC,20080512,25,25.58,24.94,25.5,4117600
ERIE,20080512,53.6,53.69,52.83,53.62,30700
ESBK,20080512,16.25,16.26,16.25,16.25,1800
ESCA,20080512,6.36,6.67,6.27,6.27,2200
ESEA,20080512,14.7,14.72,13.85,14.32,596600
ESGR,20080512,103.23,112.36,103.23,112.22,10500
ESIO,20080512,16,16.56,15.93,16.55,199900
ESLT,20080512,54.51,55.98,54.51,55.98,9900
ESMC,20080512,3.17,3.29,3.15,3.17,5300
ESRX,20080512,35.32,35.825,34.86,35.73,1665200
ESSA,20080512,11.95,12.1,11.91,12.06,38900
ETFC,20080512,39,40.6,39,40,17723800
ETRM,20080512,432,432,411.3,420.3,2100
EVBS,20080512,18.3,18.3,17.75,17.75,400
EVEP,20080512,28.49,29.5,28.07,29.34,178700
EVOL,20080512,2.24,2.37,2.24,2.37,13100
EWBC,20080512,13.85,13.99,13.61,13.92,2368500
EXAC,20080512,24.3,24.93,23.92,24.06,40800
EXAS,20080512,2.24,2.25,2.16,2.19,36800
EXEL,20080512,6.82,6.87,6.66,6.7,821200
EXFO,20080512,5.8,5.88,5.47,5.63,55800
EXLS,20080512,19.93,20.44,19.84,20.39,149800
EXPD,20080512,46.92,48,46.65,47.96,1432300
EXPE,20080512,24.03,24.79,23.83,24.61,2498400
EXPO,20080512,15.95,16.3,15.75,16.195,83100
EXTR,20080512,3.06,3.13,3.01,3.11,628100
EZPW,20080512,12.23,12.25,11.93,12.23,515300
FALC,20080512,8.35,8.61,8.19,8.57,309100
FARM,20080512,22.85,22.96,22.28,22.94,10000
FARO,20080512,27.28,27.57,25.8,26.56,313300
FAST,20080512,25.01,25.59,24.765,25.52,901300
FBIZ,20080512,18.25,18.25,18.25,18.25,0
FBMS,20080512,23.5,23.5,23.5,23.5,0
FBNC,20080512,17.93,18.43,17.85,18.29,47600
FBSS,20080512,18.5,18.5,18.5,18.5,0
FCAP,20080512,15.34,15.34,15.34,15.34,100
FCBC,20080512,31.59,32.74,31.59,32.66,27000
FCCO,20080512,14.4,15,13.75,13.79,4900
FCCY,20080512,13.12,13.12,13.01,13.01,400
FCEL,20080512,104.28,107.4,103.32,106.2,503300
FCNCA,20080512,154.77,159.95,154.77,158.21,4200
FDEF,20080512,17.82,18.57,17.82,18.09,12700
FDML,20080512,20.75,20.75,20.67,20.75,21900
FEIM,20080512,7.4,7.46,7.31,7.32,3900
FELE,20080512,18.86,19.5,18.775,19.095,83900
FFBC,20080512,11.78,12.02,11.63,11.96,88300
FFHL,20080512,2.85,3.04,2.85,3.04,21900
FFIC,20080512,18.59,18.84,18.38,18.75,280000
FFIN,20080512,14.71,15.1967,14.71,14.9967,85000
FFIV,20080512,27.19,28.48,26.92,28.08,3112300
FFKT,20080512,25.02,26.03,24.71,25.22,4200
FFNW,20080512,10.12,10.3,10.12,10.29,40700
FHCO,20080512,2.88,2.93,2.7,2.7,16700
FINL,20080512,6.3,6.33,6.03,6.07,1438300
FISI,20080512,18.9,19.75,18.77,19.5,7800
FISV,20080512,25.67,26.07,25.335,26.025,818600
FITB,20080512,20.89,21.33,20.88,21.26,3746900
FIZZ,20080512,7.76,7.95,7.73,7.95,22200
FLEX,20080512,10.55,10.97,10.53,10.87,8787600
FLIC,20080512,13.2867,13.2867,13.1333,13.2867,600
FLIR,20080512,32.9,34.38,32.56,34.17,944500
FLML,20080512,9.28,9.49,9.2,9.22,71800
FLWS,20080512,7.89,7.95,7.79,7.95,120600
FLXS,20080512,11.53,11.55,11.52,11.55,400
FMBI,20080512,25.1,25.71,25.1,25.48,414200
FNLC,20080512,16.87,17.13,16.87,17.13,200
FNSR,20080512,11.12,11.6,11.04,11.36,1902100
FOLD,20080512,10.07,10.5,10.07,10.45,9200
FONR,20080512,3.01,3.05,2.79,2.97,7100
FORD,20080512,2.35,2.47,2.31,2.4,47700
FORM,20080512,19.89,20.45,19.74,20.33,906800
FORR,20080512,30.06,30.76,29.86,30.43,118000
FORTY,20080512,12.4,12.4,12.4,12.4,0
FOSL,20080512,35.8,37.3,35.51,37.25,1223700
FRBK,20080512,5.02,5.03,4.92,4.92,1200
FRED,20080512,11.3,11.5,11.25,11.44,292500
FRME,20080512,25.38,26.04,25.23,25.78,120400
FRPT,20080512,3.93,4.08,3.77,4.07,962500
FSBK,20080512,20.61,21,20.58,20.75,10300
FSLR,20080512,285.56,288,278,284.84,2268500
FSTR,20080512,31.04,33.88,30.68,33.68,353200
FTEK,20080512,23.31,23.31,22,22.68,479300
FUEL,20080512,0.85,0.85,0.81,0.83,24600
FULT,20080512,12.68,13.23,12.66,13.1,1254500
FUNC,20080512,18.8,18.8,18.54,18.8,2900
FUND,20080512,8.77,9,8.71,8.86,38300
FWRD,20080512,33.97,34.66,33.39,34.38,232100
GABC,20080512,12.68,12.85,12.55,12.75,1700
GAIA,20080512,17.27,17.91,17.01,17.87,182800
GAIN,20080512,8.77,9.09,8.77,9.09,43200
GASS,20080512,16.41,16.7,16.15,16.27,20600
GBCI,20080512,20.5,21.16,20.49,20.97,212800
GBNK,20080512,32.55,33.75,32.55,33.05,131800
GCBC,20080512,6.4,6.4,6.4,6.4,100
GENC,20080512,16.5867,16.5933,12.7933,12.9867,1240400
GENE,20080512,14,14,14,14,0
GERN,20080512,4.85,4.97,4.85,4.92,375700
GFED,20080512,23.1,23.1,23.01,23.09,4100
GGAL,20080512,6,6.05,5.65,5.7,215900
GHDX,20080512,19.22,19.22,18.39,18.65,206800
GIFI,20080512,43.55,43.68,41.81,42.97,198500
GIGA,20080512,1.65,1.84,1.65,1.75,15800
GIGM,20080512,81.55,89,81.55,87.35,1593100
GIII,20080512,8.255,8.375,8.15,8.375,261800
GILD,20080512,26.705,27.255,26.625,27.24,5478400
GILT,20080512,10.63,10.7,10.63,10.69,38300
GLAD,20080512,17.88,18.74,17.88,18.48,179300
GLBL,20080512,18.87,18.88,18.34,18.5,3654800
GLBZ,20080512,12.2,12.2,12.2,12.2,0
GLDD,20080512,5.45,5.66,5.34,5.6,74500
GLNG,20080512,19.28,20.12,19.26,20,178700
GLRE,20080512,18.71,19.13,18.67,19.06,65000
GLUU,20080512,4,4.12,3.99,4.11,61400
GNCMA,20080512,6.25,6.63,6.25,6.49,211200
GNTX,20080512,9.375,9.585,9.37,9.565,1459200
GNVC,20080512,19.1,19.4,18.2,18.4,386300
GOLD,20080512,44.82,45.82,44.27,44.76,464300
GOOD,20080512,17.01,17.09,16.76,16.88,4100
GOODO,20080512,21.04,21.17,21.04,21.17,200
GOODP,20080512,21.95,21.95,21.95,21.95,300
GOOG,20080512,287.375,293.375,284.455,292.47,4865400
GPIC,20080512,6.89,6.99,6.42,6.81,19600
GPOR,20080512,14.73,14.73,14.19,14.31,379700
GPRE,20080512,9.01,9.04,8.61,8.65,7200
GPRO,20080512,56.77,58.61,56.56,58.23,542100
GRIF,20080512,34,34,34,34,0
GRMN,20080512,42.17,43.22,42.15,43.12,2515600
GROW,20080512,12.82,13.24,12.82,12.89,85200
GRVY,20080512,12.16,12.16,11.6,11.76,4600
GSBC,20080512,14.5,14.5,12.4,13.15,252000
GSIT,20080512,4.24,4.44,4.1,4.3,144300
GSOL,20080512,14.42,15.18,14.3,15.04,212100
GT,20080512,27.94,28.23,27.81,28.23,2152800
GTIM,20080512,4.85,4.85,4.85,4.85,0
GTLS,20080512,38.21,39.75,37.77,39,423000
GTXI,20080512,17.27,17.45,16.51,16.91,355500
GUID,20080512,10.4,10.4,9.66,10.33,106600
GYRO,20080512,37.12,37.99,37,37.99,500
HAFC,20080512,6.87,6.97,6.79,6.9,337900
HAIN,20080512,13.165,13.245,13.015,13.18,282400
HALL,20080512,11.61,11.82,11.52,11.59,32400
HALO,20080512,5.58,5.62,5.25,5.33,224500
HAS,20080512,35.59,36.17,35.38,36.12,2478400
HAYN,20080512,59.48,60.18,57.95,60.18,126800
HBAN,20080512,9.17,9.35,9.07,9.32,6324700
HBHC,20080512,43.73,44.67,43.29,44.61,200300
HBIO,20080512,4.87,4.95,4.8,4.83,26200
HBNC,20080512,6.8148,6.8148,6.8148,6.8148,0
HCCI,20080512,15.63,16.14,15.63,16.14,900
HCKT,20080512,3.97,4.02,3.9,3.99,176100
HCSG,20080512,10.6467,10.8733,10.42,10.7933,216500
HDNG,20080512,13.92,14.48,13.5,14.17,65400
HDSN,20080512,2.9,2.9,2.55,2.57,472600
HEES,20080512,13.44,13.58,13.3,13.43,198500
HELE,20080512,16.95,17,16.38,16.74,370900
HEOP,20080512,11.18,11.18,10.5,10.51,4800
HFBC,20080512,14.24,14.24,14.24,14.24,0
HFWA,20080512,17.22,17.71,16.58,17.11,19600
HIBB,20080512,17.03,18.02,16.93,18.02,303500
HIFS,20080512,29.25,29.25,29.25,29.25,0
HIHO,20080512,1.93,1.93,1.93,1.93,0
HIMX,20080512,4.95,4.95,4.85,4.89,359000
HLIT,20080512,7.93,8.1,7.93,8.02,1585200
HMNF,20080512,20.13,21.17,19.64,19.89,4300
HMSY,20080512,6.8033,6.9767,6.7833,6.8833,374900
HOFT,20080512,20.14,21.34,20.14,21.11,64200
HOLX,20080512,22.48,22.56,21.87,22.06,9184100
HOMB,20080512,5.955,6.06,5.835,6.055,46700
HOVNP,20080512,9.02,9.4,8.87,9.05,12000
HSIC,20080512,55.08,55.08,54.31,54.86,538000
HSII,20080512,28.08,28.54,27.79,28.4,226900
HSKA,20080512,1.59,1.6,1.5,1.5,53600
HSTM,20080512,3.05,3.15,3.04,3.13,115300
HTBK,20080512,15.87,16.25,15.87,16,91300
HTLD,20080512,15.58,15.87,15.26,15.86,508100
HTLF,20080512,21.98,22.96,21.52,22.91,31000
HUBG,20080512,31.11,32.45,30.51,32.24,456300
HURC,20080512,43.92,43.92,43.15,43.59,102000
HURN,20080512,47.34,48,46.53,47.61,364100
HWAY,20080512,32,32,30.69,31.24,421300
HWBK,20080512,27,27,27,27,100
HWCC,20080512,18.91,19.35,18.15,18.44,189300
HWKN,20080512,15.55,15.99,15.55,15.61,1700
HYGS,20080512,0.72,0.74,0.7,0.74,252200
IART,20080512,41.07,41.07,40.09,40.24,118600
IBCP,20080512,6.87,7.1,6.76,7.05,101700
IBKC,20080512,48.4,50.08,48.22,50.04,92500
IBKR,20080512,32.63,33.25,32.19,32.99,745500
IBOC,20080512,24.22,24.79,24.22,24.79,316800
ICAD,20080512,3.43,3.53,3.43,3.47,143500
ICCC,20080512,3.1,3.1,2.91,2.95,13500
ICFI,20080512,16.64,17.94,15.69,17.75,617200
ICLR,20080512,73.07,73.68,72.35,72.96,88800
ICON,20080512,14.18,14.58,14,14.5,2353800
ICUI,20080512,24.39,24.91,24.23,24.91,69800
IDCC,20080512,22.03,22.54,22.01,22.39,472200
IDRA,20080512,14.42,14.99,13.4,14.81,65400
IDSA,20080512,8.7267,8.7267,8.28,8.4667,22000
IDSY,20080512,7.03,7.36,6.95,6.98,46000
IDTI,20080512,12.23,12.43,12.1,12.36,1874900
IDXX,20080512,25.595,26.04,25.215,25.765,363400
IESC,20080512,16.46,16.85,16.11,16.69,124800
IFEU,20080512,49.5,49.5,49.5,49.5,0
IFGL,20080512,44.86,44.93,44.5,44.92,8300
IFON,20080512,0.97,1.08,0.97,1.08,38000
IGLD,20080512,10.9,11.63,10.9,11.21,42000
III,20080512,4.95,5.05,4.95,5.05,46600
IIIN,20080512,13.74,14.31,13.6,14.16,179400
IIJI,20080512,7.88,7.93,7.8,7.87,36200
IIN,20080512,8.93,9.42,8.84,8.9,15200
IIVI,20080512,17.785,18.24,17.525,18.235,92100
IKNX,20080512,8.08,8.08,8.08,8.08,0
ILMN,20080512,78.83,79.79,77.9,79.62,653000
IMGN,20080512,3.26,3.39,3.25,3.37,84100
IMKTA,20080512,22.87,23.8,22.82,23.58,51300
IMMR,20080512,10.31,10.5,10.16,10.28,457400
IMMU,20080512,2.39,2.45,2.35,2.37,285800
IMMY,20080512,7.75,7.75,7,7,15700
IMOS,20080512,2.9,2.93,2.82,2.84,284000
INAP,20080512,4.8,4.86,4.6,4.64,966500
INCY,20080512,10.82,11.02,10.71,10.75,725900
INDB,20080512,27.86,29.45,27.7,29.16,104000
INFI,20080512,7.66,7.75,7.52,7.59,4600
INFN,20080512,13.05,13.15,12.58,13.02,485700
INFO,20080512,0.68,0.68,0.62,0.68,5500
INGN,20080512,2.83,2.9,2.73,2.8,46000
ININ,20080512,11.75,12.56,11.57,12.42,245100
INOD,20080512,3.51,3.64,3.14,3.28,204800
INSM,20080512,0.63,0.69,0.63,0.65,184900
INTC,20080512,23.36,23.71,23.2,23.64,34431900
INTG,20080512,18,18,18,18,0
INTU,20080512,26.89,27.71,26.58,27.59,4491600
INTX,20080512,9.95,9.95,9.47,9.73,15100
INWK,20080512,13.43,14.09,13.26,13.9,455800
IOSP,20080512,22.31,23.46,21.1,23,357400
IPAR,20080512,18.082,18.162,17.595,17.996,245700
IPAS,20080512,2.13,2.24,2.11,2.17,234200
IPCC,20080512,39.12,39.43,38.44,39.15,174200
IPGP,20080512,19.75,19.84,19.34,19.53,192900
IPHS,20080512,22.82,23.24,22.43,23.19,138100
IRBT,20080512,12.8,12.83,12.48,12.57,291400
IRIX,20080512,1.95,2.16,1.95,2.14,12600
ISBC,20080512,5.6275,5.8118,5.5922,5.7725,266700
ISCA,20080512,42.46,43.56,42.39,43.54,235200
ISIG,20080512,2,2.25,1.99,2.2,53300
ISIL,20080512,26.93,27.12,26.51,27.09,1452000
ISLE,20080512,6.34,6.46,6.27,6.42,218200
ISNS,20080512,15.74,16.13,14.89,15.17,9800
ISRG,20080512,288.5,291.6,285.56,291.24,428200
ISRL,20080512,41.14,41.14,41.14,41.14,0
ISSC,20080512,8.97,9.13,8.39,8.45,118400
ITIC,20080512,46.81,46.81,46.81,46.81,0
ITRI,20080512,92.22,92.79,91.19,92.1,420400
ITRN,20080512,11.47,11.55,11.32,11.42,79800
IVAC,20080512,11.92,12.22,11.76,12.22,177100
IXYS,20080512,7.57,7.59,7.5,7.55,46400
JAKK,20080512,22.77,23,22.48,22.96,393200
JASO,20080512,115.2,116,108.85,110.5,10615900
JAZZ,20080512,8.9,8.9,8.24,8.4,13600
JBHT,20080512,33.75,34.51,33.17,34.45,1758300
JBLU,20080512,4.61,4.85,4.61,4.82,4722200
JBSS,20080512,10.05,10.33,10,10.28,7600
JCOM,20080512,22.94,24.01,22.87,23.95,683400
JCTCF,20080512,3.67,3.675,3.67,3.675,1200
JJSF,20080512,28.42,29.24,28.28,29.04,45500
JKHY,20080512,22.98,23.41,22.7,23.4,1367900
JMBA,20080512,12.9,13.1,12.7,12.8,1075000
JOBS,20080512,9,9.05,8.97,9.02,64600
JOUT,20080512,16.19,16.19,16.19,16.19,0
JRJC,20080512,21.78,23.35,20.8,22.39,1424200
JXSB,20080512,10.42,10.42,10.42,10.42,0
KALU,20080512,67.69,67.69,65.5,66,557600
KCAP,20080512,10.98,10.99,10.51,10.89,139000
KELYA,20080512,21.33,22.02,20.04,21.89,118500
KELYB,20080512,21.95,21.95,21.95,21.95,0
KEQU,20080512,15.65,15.91,15.57,15.65,2400
KERX,20080512,0.48,0.52,0.4,0.46,707900
KFFB,20080512,10,10,10,10,0
KFRC,20080512,8.2,8.39,8.14,8.32,138400
KIRK,20080512,1.76,1.77,1.68,1.76,30100
KLAC,20080512,43.87,44.4,43.36,44.21,1944600
KLIC,20080512,6.84,6.99,6.81,6.96,487500
KNDI,20080512,4.99,4.99,4.51,4.6,60700
KONA,20080512,9.01,9.04,8.77,8.85,23700
KOOL,20080512,30.2,30.2,29.8,30,45000
KOPN,20080512,3.1,3.23,3.1,3.13,79700
KOSS,20080512,7.925,7.925,7.9,7.92,800
KRNY,20080512,11.06,11.09,10.95,10.99,98500
KTCC,20080512,3.74,3.75,3.59,3.63,18700
KTEC,20080512,33.99,34.23,33.66,34.23,32200
KTOS,20080512,1.76,1.81,1.68,1.72,105300
KVHI,20080512,9.78,9.87,9.72,9.8,27200
KZ,20080512,4.43,4.47,4.41,4.41,141900
LABL,20080512,22.16,23.69,22.16,23.5,42100
LAKE,20080512,12.76,12.93,12.31,12.5,8600
LAMR,20080512,38.7,39.71,38.69,39.62,927100
LANC,20080512,32.21,32.65,32.01,32.59,170300
LARK,20080512,23.22,23.22,23.22,23.22,0
LAWS,20080512,25,25.53,25,25.53,4700
LAYN,20080512,45.75,47.92,44.56,46.78,212100
LBAI,20080512,14.84,15.37,14.66,15.35,89900
LBIX,20080512,0.9,0.91,0.89,0.9,16600
LBTYA,20080512,17.7874,17.9254,17.5473,17.8845,2041700
LBTYB,20080512,34.83,34.83,34.83,34.83,0
LBTYK,20080512,33,33.27,32.57,33.15,447600
LCUT,20080512,8.2,8.35,7.93,7.97,82900
LECO,20080512,39.125,39.525,38.43,38.585,329300
LENS,20080512,3.31,3.55,3.3,3.5,6500
LFUS,20080512,35.14,36.4,35.05,36.22,84200
LGCY,20080512,23.75,23.75,22.91,23.61,74500
LGND,20080512,20.52,21.78,20.46,21.66,445300
LHCG,20080512,20.72,21.53,20.57,21.28,179000
LINC,20080512,11.66,11.76,11.5,11.74,18300
LION,20080512,7.35,7.4,7.22,7.33,6800
LIOX,20080512,2.81,2.89,2.77,2.86,200900
LIVE,20080512,0.9833,0.9833,0.9833,0.9833,200
LJPC,20080512,1.75,1.78,1.6,1.68,89700
LKFN,20080512,15.58,16.1133,15.4333,16,40100
LLNW,20080512,2.82,2.89,2.69,2.89,404700
LLTC,20080512,36.3,36.53,36.09,36.5,4486500
LMAT,20080512,3.7,3.8,3.7,3.8,21900
LMCA,20080512,5.0733,5.09,4.9733,5.02,1378800
LMIA,20080512,21.27,21.41,20.91,21.19,109700
LMNX,20080512,19.93,20.89,19.49,20.67,307800
LNCE,20080512,20.32,20.82,20.22,20.82,169900
LNDC,20080512,8.16,8.57,8.16,8.52,108200
LOGI,20080512,31.22,31.6,30.97,31.53,450500
LORL,20080512,20.77,21.77,20.43,21.23,40100
LPNT,20080512,31.9,32.24,31.68,32.21,1271000
LPSN,20080512,2.7,2.78,2.6,2.75,132600
LPTH,20080512,1.49,1.54,1.38,1.43,5000
LQDT,20080512,8.89,9.1,8.84,8.97,91700
LRCX,20080512,39.72,40.34,39,40.34,3605600
LSBK,20080512,9.75,10,9.75,9.99,18600
LSCC,20080512,3.43,3.51,3.39,3.46,860900
LSTR,20080512,51.65,52.68,51.19,52.47,614300
LTRX,20080512,0.86,0.9,0.85,0.88,9800
LULU,20080512,16.945,17.465,16.945,17.25,454200
LUNA,20080512,7.6,7.89,7.35,7.37,51200
LWAY,20080512,12.15,12.17,12.05,12.1,14400
LXRX,20080512,14,14.35,13.93,14,94300
LYTS,20080512,10.79,11,10.54,10.98,197500
MAGS,20080512,6.12,6.15,6.12,6.15,3400
MANH,20080512,6.5825,6.715,6.5225,6.625,280300
MANT,20080512,46.77,47.01,45.2,46.92,141600
MARPS,20080512,31.97,32,31.97,32,400
MASI,20080512,31.74,32.53,31.74,32.5,674000
MAT,20080512,19.06,19.38,18.97,19.34,3205000
MATW,20080512,48.82,49.06,47.57,47.87,281300
MAYS,20080512,21,21,21,21,0
MBFI,20080512,28.16,29.39,28.16,29.17,152200
MBLX,20080512,64.5,68.58,60.48,66.6,246500
MBRG,20080512,21.53,21.72,21.53,21.72,200
MBRX,20080512,2.18,2.35,2.15,2.24,96000
MBTF,20080512,9.05,9.35,8.82,8.89,14800
MBVT,20080512,23.93,23.93,23.65,23.65,2500
MBWM,20080512,10.05,10.18,9.82,9.91,67700
MCBC,20080512,10.71,11.28,10.54,11.01,49400
MCHP,20080512,36.65,37.07,36.26,37.05,1734700
MCHX,20080512,11.87,12.04,11.59,12.04,198200
MCRI,20080512,13.61,14,13.39,13.82,352500
MDCA,20080512,8.83,8.94,8.65,8.72,15200
MDCO,20080512,20.03,20.06,18.95,19.79,1199300
MDM,20080512,4.64,4.64,4.63,4.64,2100
MDRX,20080512,12.01,12.3,11.83,12.3,839300
MELI,20080512,53.8,53.99,50.11,52.26,1474000
MENT,20080512,9.79,10.05,9.79,9.95,647100
MEOH,20080512,27.41,27.68,26.71,27.43,251700
MERC,20080512,7.57,7.59,7.36,7.41,144200
MFNC,20080512,7.92,7.92,7.92,7.92,0
MFRI,20080512,11.83,12.2,11.75,12.07,8600
MFSF,20080512,11.38,11.55,11.15,11.15,6800
MGEE,20080512,22.9667,23.4733,22.7733,23.36,45100
MGIC,20080512,1.75,1.75,1.64,1.67,4300
MGLN,20080512,36.92,36.95,36.5,36.8,322900
MGPI,20080512,7.36,7.49,7.11,7.13,71900
MGRC,20080512,27.01,27.26,24.05,25.97,385300
MGYR,20080512,10,10,10,10,0
MHGC,20080512,14.36,14.36,13.93,14.23,674800
MHLD,20080512,7.75,7.9,7.73,7.73,15000
MIDD,20080512,18.6167,18.8333,18.25,18.79,258800
MIND,20080512,20.3,20.3,19.78,20.07,98100
MINI,20080512,21.24,22.93,21.24,22.77,327900
MKSI,20080512,24.1,24.98,24.03,24.96,305000
MKTX,20080512,7.96,8.12,7.7,8.09,180000
MLAB,20080512,21.88,22.7,21.88,22.7,800
MLHR,20080512,23.91,24.26,23.55,23.89,731800
MLNX,20080512,16.39,16.78,16.39,16.72,384300
MMLP,20080512,34.9,35,34.47,35,20100
MMSI,20080512,11.576,11.856,11.576,11.76,93600
MNDO,20080512,1.25,1.25,1.22,1.24,22400
MNKD,20080512,2.43,2.52,2.32,2.51,411800
MNOV,20080512,3.7,3.7,3.7,3.7,0
MNRO,20080512,11.7133,12.0533,11.6,12,53600
MNST,20080512,4.7933,5.0467,4.765,5.04,5740500
MNTA,20080512,14.02,14.04,13.54,13.59,275300
MOCO,20080512,10.82,10.82,10.4,10.78,4600
MOFG,20080512,15.78,15.8,15.75,15.8,4100
MORN,20080512,73.88,74.88,72.26,73.74,409100
MOSY,20080512,5.67,5.75,5.43,5.75,54300
MPAA,20080512,7.25,7.25,7.25,7.25,0
MPEL,20080512,14.52,14.52,14.34,14.4,1010500
MPET,20080512,1.5,1.5,1.36,1.43,315000
MPWR,20080512,23.26,24.37,23.26,23.97,681000
MRCY,20080512,7.89,8.32,7.7,8.11,76800
MRLN,20080512,6.15,6.38,6.04,6.27,42800
MRTN,20080512,11.1333,11.3,10.96,11.1867,61800
MRVC,20080512,1.47,1.57,1.47,1.55,315200
MRVL,20080512,13.52,13.77,13.25,13.7,13803700
MSBF,20080512,10.76,10.76,10.76,10.76,200
MSCC,20080512,25.51,26.43,25.14,26.38,987000
MSEX,20080512,18.69,19.19,18.69,19.15,19600
MSFG,20080512,15.82,16.18,15.69,15.96,134600
MSFT,20080512,29.4,30.06,29.35,29.99,64286200
MSON,20080512,3.96,3.96,3.86,3.89,7800
MSTR,20080512,77.91,78.89,75.59,78.34,195700
MTEX,20080512,62.6,66.1,61,65.8,155100
MTRX,20080512,23.51,24.89,23.33,24.75,379600
MTSC,20080512,34.16,35.03,34.16,35,58700
MTSL,20080512,1.11,1.11,1.11,1.11,0
MU,20080512,8.41,8.41,8.17,8.32,10954900
MVIS,20080512,24.72,26,24.48,25.92,415700
MXWL,20080512,11.7,11.91,11.6,11.77,113500
MYGN,20080512,20.615,21.06,20.5,20.84,434800
NAII,20080512,7.57,7.94,7.16,7.74,10500
NANO,20080512,7.53,8,7.53,7.9,39500
NATH,20080512,13.9,14.15,13.67,14,28100
NATI,20080512,19.7933,19.9933,19.64,19.9733,154300
NAVG,20080512,47.58,48.78,47.58,48.51,70100
NAVI,20080512,3.58,3.9,3.58,3.85,120800
NBIX,20080512,4.86,4.96,4.8,4.88,238700
NBN,20080512,14.5,14.5,14.5,14.5,400
NBTB,20080512,23.85,24.63,23.69,24.58,204300
NCIT,20080512,21.85,22.53,21.82,22.25,62400
NCMI,20080512,18.94,19.77,18.8,19.64,465800
NCTY,20080512,22.07,22.62,22.02,22.27,85800
NDAQ,20080512,38.23,38.41,37.41,38.28,2547400
NDSN,20080512,29.99,30.835,29.58,30.81,159600
NEOG,20080512,11.2489,11.4222,11.0045,11.1378,14300
NEON,20080512,1.4,1.47,1.28,1.36,191100
NEPT,20080512,3.5,3.5,3.5,3.5,0
NEWS,20080512,6.66,6.86,6.44,6.78,94000
NEWT,20080512,5.95,5.95,5,5.15,7300
NFBK,20080512,10.44,10.45,10.39,10.45,25300
NFLX,20080512,4.3857,4.53,4.3571,4.3871,1511200
NICE,20080512,31.25,31.65,31.07,31.5,121600
NICK,20080512,6.83,6.94,6.83,6.94,1000
NIHD,20080512,47.54,48.57,47.46,48.39,1888400
NILE,20080512,45.01,48.54,43.96,48.04,643100
NKSH,20080512,19.11,19.11,18.87,18.87,300
NKTR,20080512,4.74,4.88,4.71,4.82,1056500
NLST,20080512,1.57,1.64,1.57,1.62,33100
NMRX,20080512,7.55,7.55,7.18,7.27,6400
NNBR,20080512,12.77,13.16,12.43,12.98,160700
NOVN,20080512,9.68,9.98,9.68,9.81,190200
NRIM,20080512,20,20.16,19.78,20.13,1400
NSEC,20080512,16.4,16.4,16.4,16.4,0
NSIT,20080512,12.18,12.37,12.1,12.17,566000
NSSC,20080512,4.8,4.84,4.73,4.84,15200
NSYS,20080512,6.2,6.2,6.2,6.2,200
NTAP,20080512,26.29,26.43,25.29,25.65,8400200
NTCT,20080512,11.44,11.85,11.44,11.85,124300
NTEC,20080512,0.68,0.69,0.64,0.65,42500
NTES,20080512,23.21,24.2,23.02,24.14,1300100
NTGR,20080512,17.48,17.76,17.4,17.65,511300
NTRI,20080512,19.75,20.38,19.6,20.24,1290800
NTRS,20080512,73.46,76,73.28,75.84,1003600
NTWK,20080512,26.9,28,26.6,27.3,225600
NUAN,20080512,20.49,21.04,20.33,21.01,2893900
NURO,20080512,57.84,59.04,57.12,59.04,66600
NUTR,20080512,12.81,12.92,12.69,12.85,13700
NUVA,20080512,39.98,40.39,39.37,40.3,401900
NVAX,20080512,2.68,2.69,2.54,2.6,164700
NVDA,20080512,22.82,22.82,21.67,21.89,25172700
NVEC,20080512,36.28,36.85,35.75,36.72,103900
NVGN,20080512,7.77,7.9,7.77,7.81,9600
NVLS,20080512,22.02,22.2,21.77,22.1,3138700
NVMI,20080512,1.58,1.64,1.54,1.61,25400
NWFL,20080512,30.16,30.16,30,30,400
NWPX,20080512,46.09,47.81,45.86,47.64,58300
NXST,20080512,6.28,6.39,6.04,6.34,38700
NXTM,20080512,6.5,6.78,6.28,6.74,113200
NYMX,20080512,4.51,4.52,4.38,4.5,13400
NYNY,20080512,15.9,19.1,15.9,18.95,636600
OBAS,20080512,9.4,9.85,9.4,9.8,400
OBCI,20080512,1.31,1.34,1.13,1.34,29400
OCFC,20080512,19.01,19.9,18.86,19.75,68300
OCLS,20080512,136.5,137.2,129.5,129.5,49800
ODFL,20080512,13.44,13.7689,13.3333,13.6845,317500
OESX,20080512,11,11.61,10.81,11.35,216000
OFIX,20080512,33.01,34.96,33.01,34.88,343500
OFLX,20080512,15.01,15.1,15.01,15.1,2000
OIIM,20080512,8.85,9.18,8.81,9.03,122000
OKSB,20080512,16.78,17.29,16.43,17.11,28300
OLBK,20080512,8.25,8.25,8.25,8.25,0
OMAB,20080512,19.98,19.98,19.6,19.84,122500
OMCL,20080512,13.53,13.58,13.23,13.52,459100
OMEX,20080512,55.56,55.56,53.76,54.48,257400
ONEQ,20080512,96.04,97.8,96.04,97.64,243600
ONVI,20080512,6.09,6.09,5.67,5.97,7500
OPHC,20080512,324,324,324,324,0
OPOF,20080512,17.85,18,17.55,18,5000
OPTT,20080512,80,80.5,78.5,78.7,80200
OPXA,20080512,4.04,4.12,4,4,18700
OPXAW,20080512,0.22,0.22,0.22,0.22,200
ORBC,20080512,5.33,5.55,5.29,5.49,125900
ORBK,20080512,17.6,17.97,17.31,17.62,61100
OREX,20080512,91.4,92.6,88.6,89.6,128000
ORIT,20080512,15.55,16.25,15.55,16.04,48400
ORLY,20080512,28.1,28.81,27.98,28.81,1097200
OSBC,20080512,21.23,21.73,21.23,21.35,131600
OSBCP,20080512,9.9,9.9,9.9,9.9,0
OSHC,20080512,10.2,10.2,10.2,10.2,900
OSIR,20080512,12.75,13.05,12.66,13.05,162300
OSIS,20080512,23.73,23.95,23.51,23.95,76100
OSTK,20080512,19.66,21.99,19.62,21.96,414500
OSUR,20080512,5.48,5.55,5.34,5.48,456600
OTEX,20080512,18.13,19,18,18.88,684200
OTIV,20080512,2.67,2.68,2.58,2.68,24700
OTTR,20080512,36.12,36.5,35.7,36.18,147600
OVBC,20080512,25,25.65,25,25,12000
OZRK,20080512,5.975,6.1375,5.9125,6.1375,43600
PAAS,20080512,34.4,35.35,33.9,34.64,735400
PANL,20080512,14.27,15.04,14.19,14.83,316100
PATK,20080512,4.3333,4.3333,4.3333,4.3333,0
PAYX,20080512,36.14,36.65,35.76,36.6,1875900
PBCT,20080512,17.11,17.43,17.11,17.39,2105100
PBHC,20080512,9,9,9,9,300
PBIB,20080512,18.35,18.35,18.25,18.25,700
PBIP,20080512,11.95,12,11.95,11.98,27100
PCAR,20080512,47.74,48.86,47.23,48.82,1596800
PCBK,20080512,14.09,14.09,13.84,14.02,4700
PCLN,20080512,138.2,140.25,135.31,138.86,1447100
PCTI,20080512,8.4,8.72,8.09,8.57,250500
PCYO,20080512,6.6,6.63,6.25,6.6,5100
PDCO,20080512,35.78,35.88,35.08,35.53,997200
PDEX,20080512,1.58,1.65,1.57,1.64,42900
PDFS,20080512,5.07,5.37,5,5.33,97100
PDLI,20080512,9.15,9.3,9,9.21,3924800
PEBK,20080512,13.95,14.1,13.95,14.1,200
PEBO,20080512,23.76,24.38,23.71,24.16,35900
PEGA,20080512,6.275,6.275,5.92,5.945,95900
PEIX,20080512,51.75,51.75,48.3,48.75,505600
PENN,20080512,40.65,44.33,40.59,44.06,1205500
PERY,20080512,23.73,24.86,23.37,24.76,181400
PESI,20080512,11.55,11.55,10.95,11.3,23200
PETS,20080512,12.4,13.05,12.33,12.96,1169200
PFBC,20080512,10.21,10.28,9.43,9.92,155900
PFBI,20080512,12.1,12.1,12.1,12.1,0
PFBX,20080512,22.5,22.5,22.5,22.5,0
PFIN,20080512,4.09,4.49,4.09,4.42,2700
PFSW,20080512,0.84,0.88,0.83,0.85,167400
PGNX,20080512,12.48,12.54,12.15,12.29,542400
PGTI,20080512,4.24,4.24,4,4.11,62900
PHII,20080512,35.5,35.5,35.5,35.5,0
PHIIK,20080512,35.22,36.26,34.66,35.66,43100
PHMD,20080512,3.85,3.85,3.4,3.4,188200
PICO,20080512,35.19,36.73,35.19,36.1,73300
PKBK,20080512,15,15,14.47,14.5,2400
PKOH,20080512,17.88,18.08,17.19,17.53,35000
PLAB,20080512,10.34,10.56,10.28,10.39,330200
PLBC,20080512,12.08,12.5,12.05,12.5,500
PLCE,20080512,29.9,30.84,29.17,29.85,930900
PLPC,20080512,48.86,54.25,48.86,54.25,7200
PLUG,20080512,3.19,3.19,3.05,3.05,396100
PLXS,20080512,25.47,26.46,25.41,26.28,362000
PMBC,20080512,9.18,9.96,8.93,9.25,43500
PNBK,20080512,145.1,145.1,145,145,500
PNFP,20080512,26.4,27.44,26.24,27.21,28500
PNNT,20080512,7.89,8.01,7.76,8.01,79500
PNRA,20080512,50.37,52.19,50.37,51.85,572800
PNRG,20080512,62.75,62.75,62.75,62.75,900
PNTR,20080512,4.73,4.8,4.73,4.8,600
PODD,20080512,19.06,19.98,19.06,19.54,328700
POOL,20080512,19.85,20.95,19.85,20.86,317700
POPE,20080512,32.63,33.82,32.4,33.23,8900
POWI,20080512,31.97,32.94,31.97,32.8,87300
POWL,20080512,49.94,50,48.9,49.43,122900
PPBI,20080512,7.26,7.36,7.26,7.36,600
PPHM,20080512,0.43,0.45,0.43,0.43,191300
PRAA,20080512,14.8067,14.8267,14.1867,14.8267,204500
PRAN,20080512,25.08,25.44,24.96,25.44,12000
PRCP,20080512,9.86,9.92,9.43,9.9,24900
PRFT,20080512,10.44,10.74,10.26,10.71,446800
PRFZ,20080512,50.68,51.45,50.63,51.42,17800
PRGS,20080512,19.8667,19.9933,19.58,19.9867,252200
PRGX,20080512,8.73,9.04,8.45,9.04,39400
PRKR,20080512,98.8,103,98.8,100.9,108000
PROV,20080512,12.75,13.1,11.5,12.58,37100
PRSC,20080512,28.45,29.63,28.45,29.25,166200
PRTS,20080512,3.42,3.61,3.42,3.61,7000
PRXL,20080512,24,24.51,23.91,24.18,956100
PSDV,20080512,0.95,1,0.95,1,29800
PSEC,20080512,14.45,15.07,14.43,15,181600
PSMT,20080512,28.23,29.06,28.23,28.79,171300
PSTI,20080512,3.3,3.45,2.81,2.81,207600
PTEN,20080512,31.8,31.88,30.77,31.31,4002000
PTIE,20080512,7.95,8.41,7.95,8.21,370200
PTNR,20080512,22.17,22.76,22.17,22.47,416200
PTSI,20080512,14.41,15.16,14.31,14.95,4100
PVTB,20080512,37,38.59,36.62,38.46,156600
PWOD,20080512,32.3,32.3,32.3,32.3,0
PXLW,20080512,0.9,0.9,0.85,0.89,66700
PZZA,20080512,13.35,13.95,13.2,13.915,318500
QBAK,20080512,18,18.36,16.74,17.1,44500
QCLN,20080512,25.93,26.14,25.65,26.07,23200
QCOM,20080512,43.71,44.65,43.47,44.63,13162600
QCRH,20080512,15.06,15.88,14.75,15.15,12500
QDEL,20080512,15.05,15.5,14.94,15.42,128500
QGEN,20080512,21.52,21.75,21.37,21.61,297400
QLTI,20080512,3.76,3.8,3.57,3.64,422900
QQEW,20080512,20.92,21.14,20.92,21.14,3400
QQQ,20080512,48.28,49.19,48.2,49.09,89636000
QQQX,20080512,16.84,17.03,16.7,16.94,31000
QQXT,20080512,19.83,19.93,19.8,19.93,1200
QSII,20080512,16.32,16.84,16.315,16.84,116100
QTEC,20080512,20.78,21.12,20.78,21.12,1200
QUIK,20080512,2.13,2.15,2.09,2.13,59200
RADA,20080512,4.1,4.38,4.1,4.14,10500
RAIL,20080512,37.74,37.81,37.15,37.6,286200
RAND,20080512,4.04,4.04,4.04,4.04,0
RAVN,20080512,15.985,16.565,15.865,16.44,108900
RBCAA,20080512,23.49,24.49,22.89,24.49,65400
RBCN,20080512,23.25,24.25,22.38,24.03,236500
RBPAA,20080512,9.4,10.18,9.17,9.17,59000
RCII,20080512,21.21,22.14,21.13,22.14,840600
RCKY,20080512,5.71,5.72,5.5,5.58,17300
RCMT,20080512,4.32,4.35,4.25,4.3,11600
RDCM,20080512,0.61,0.63,0.57,0.59,4500
RDNT,20080512,6.64,6.9,6,6.61,953300
RDWR,20080512,4.8,4.9,4.785,4.84,47500
RECN,20080512,20.59,21.5,20.41,21.41,169600
REFR,20080512,6.52,6.6,6.43,6.54,20100
REGN,20080512,20.35,21.1,20.34,21.01,392400
REIS,20080512,5.48,5.7,5.35,5.36,1500
RELL,20080512,6.32,6.32,6.2,6.2,24000
RELV,20080512,40.11,41.93,38.99,39.34,39400
REXX,20080512,24,24,22.6,22.76,484900
RFIL,20080512,2.975,3.05,2.915,2.95,2600
RGCO,20080512,13.67,13.67,13.67,13.67,0
RGEN,20080512,5.88,5.97,5.82,5.97,51200
RGLD,20080512,29.2,29.52,28.64,29.21,192500
RICK,20080512,22.43,25.5,22.01,25.32,1093800
RIGL,20080512,22.32,22.85,21.91,22.82,591100
RLOG,20080512,5.34,5.34,5.34,5.34,0
RMBS,20080512,22.41,22.59,22.12,22.4,1331700
RMCF,20080512,11.25,11.81,11.25,11.54,17500
RMTI,20080512,5.41,5.55,5.37,5.51,8500
RNST,20080512,21.16,22.11,21.16,22.01,59900
RNWK,20080512,7.26,7.35,7.16,7.32,2379200
ROCK,20080512,13.55,14.54,13.52,14.54,407000
ROIA,20080512,1.04,1.04,0.9,1.02,29600
ROIAK,20080512,0.85,1.02,0.85,1.01,500800
ROLL,20080512,38.67,39.38,38.64,39.35,117900
ROSG,20080512,68.25,71.85,68.25,71.85,6400
ROST,20080512,8.75,8.985,8.665,8.965,2686600
RPRX,20080512,8.82,9.13,8.49,8.64,76300
RRGB,20080512,41.55,42.34,40.98,41.23,505600
RSYS,20080512,10.03,10.27,9.94,10.21,192600
RTIX,20080512,10.05,10.18,9.96,10.08,169100
RUSHA,20080512,16.12,16.92,15.79,16.6,243200
RUSHB,20080512,15.07,15.87,14.9,15.47,26000
RUTH,20080512,7.49,7.69,7.47,7.6,240300
RVSB,20080512,8.53,9.21,8.53,9.03,42000
RXII,20080512,55.5,60.5,55.5,58,7800
RYAAY,20080512,27.56,27.84,27.29,27.74,300100
SAFM,20080512,45.51,46.32,45.21,45.81,339300
SAFT,20080512,37.59,37.75,37.26,37.63,87200
SAIA,20080512,9.2067,9.3267,9.0467,9.1733,78800
SALM,20080512,3.28,3.3,3.18,3.22,39300
SANM,20080512,1.56,1.61,1.54,1.56,2680000
SASR,20080512,25.53,26.41,25.42,26.25,47000
SATS,20080512,30.96,31.94,30.22,31.54,107900
SBAC,20080512,32.68,34.8,32.61,34.55,3508500
SBBX,20080512,9.09,9.5,9.09,9.3,1700
SBCF,20080512,52.4,53.3,51.7,52.95,78900
SBGI,20080512,9.45,9.46,9.16,9.29,864200
SBLK,20080512,1039.5,1050,1029,1034.25,254800
SBNY,20080512,28.24,29.19,27.95,28.8,360500
SBSA,20080512,1.61,1.67,1.6,1.65,72400
SBSI,20080512,21.6571,22.3619,21.5048,22.2,64600
SBUX,20080512,7.95,8.025,7.92,8.02,12297200
SCHL,20080512,29.14,29.6,28.69,29.56,282200
SCHN,20080512,93.29,95.64,92.12,94.6,550300
SCKT,20080512,0.67,0.72,0.66,0.72,15600
SCLN,20080512,1.76,1.8,1.65,1.79,175300
SCMP,20080512,11.92,12.2,11.42,11.99,7600
SCON,20080512,648,653.4,594,604.8,159100
SCOR,20080512,21.55,21.93,21.4,21.62,194100
SCSC,20080512,25.48,26.25,25,26.02,217600
SCSS,20080512,2.92,2.92,2.8,2.85,1172400
SCVL,20080512,8.72,8.9,8.5467,8.7733,69200
SEAC,20080512,7.17,7.65,7.17,7.5,187900
SEED,20080512,6.8,6.85,6.5,6.68,364200
SEIC,20080512,23.51,23.9,23.24,23.47,1019600
SENEA,20080512,20.57,20.6,20.57,20.6,500
SENEB,20080512,23.65,23.65,22.35,22.35,1300
SFLY,20080512,12.73,12.82,12.46,12.68,319500
SFNC,20080512,30.58,31.61,30.4,31.06,49400
SFST,20080512,14.25,14.25,14.25,14.25,100
SGC,20080512,9.23,9.32,9.23,9.32,1100
SGEN,20080512,9.81,10.33,9.81,10.15,206500
SGMA,20080512,6.1,6.2,6.01,6.2,9900
SGMO,20080512,13,13.25,12.93,13.15,236300
SGMS,20080512,29.59,30.16,29.59,30.1,1842100
SGRP,20080512,1.19,1.33,1.15,1.18,12400
SHBI,20080512,22.75,23,22.58,23,800
SHEN,20080512,7.18,7.525,7.1,7.46,44900
SHLD,20080512,93.26,95.79,92.39,94.69,2478700
SHLM,20080512,21.7,22.19,21.46,21.99,149700
SHLO,20080512,9.11,10.1,9.11,9.64,4600
SHOO,20080512,5.4311,5.7274,5.2593,5.7215,293000
SHOR,20080512,5.01,5.03,4.95,5.02,83700
SIEB,20080512,3.4,3.4,3.4,3.4,0
SIFI,20080512,9.8,10.01,9.72,10.01,12300
SIFY,20080512,4.75,4.98,4.7,4.93,212400
SIGI,20080512,20.82,21.17,20.82,20.9,622200
SIGM,20080512,20.6,21.21,20.17,20.91,937800
SILC,20080512,9.05,9.14,8.67,8.97,136600
SIMO,20080512,17.13,17.25,16.94,17.23,356600
SINA,20080512,48.23,51.9,47.75,51.05,2629500
SIRI,20080512,2.77,2.88,2.74,2.87,27317600
SIVB,20080512,49.38,50.72,49.19,50.47,711100
SIVBO,20080512,20.81,21,20.8,20.87,2900
SKYW,20080512,17.89,18.3,17.86,18.25,481600
SLAB,20080512,34.94,35.72,34.89,35.64,470200
SLGN,20080512,26.135,26.875,25.85,26.875,344000
SLMAP,20080512,42.55,42.55,41.46,42.46,1300
SLP,20080512,1.66,1.69,1.63,1.66,47800
SMBC,20080512,7.725,7.725,7.5,7.55,1900
SMCI,20080512,7.52,7.59,7.42,7.5,102300
SMIT,20080512,6.28,6.28,6.25,6.25,300
SMMF,20080512,13.5,13.5,13,13.2,600
SMRT,20080512,5.1,5.18,5.05,5.18,197500
SMSI,20080512,32.64,33.44,32.04,33.2,424300
SMTC,20080512,17.73,17.81,17.43,17.7,1091600
SMTX,20080512,2.08,2.12,2.07,2.11,9400
SNAK,20080512,1.83,1.93,1.79,1.9,9100
SNBC,20080512,53.1,55.75,52.4,54.95,61600
SNCR,20080512,12.84,12.85,12.25,12.38,2184900
SNFCA,20080512,3.2,3.2,3.2,3.2,500
SNHY,20080512,24.78,26.5867,24.7067,26.4533,285400
SNMX,20080512,5.33,5.41,5.27,5.32,143800
SNPS,20080512,23.63,24,23.53,23.87,402300
SNSS,20080512,9.24,10.2,9.18,10.02,32200
SOFO,20080512,0.7,0.72,0.66,0.7,67900
SOHU,20080512,75.35,82.5,75.16,82.2,3583900
SONA,20080512,8.9,8.9,8.9,8.9,10000
SONC,20080512,20,20.07,19.47,19.83,1443700
SONS,20080512,21.8,22.75,21.6,22.65,3783000
SORL,20080512,5.15,5.24,5.03,5.22,186600
SPAN,20080512,12.24,12.6,12.24,12.59,1800
SPAR,20080512,9.41,9.68,9.14,9.29,279400
SPEX,20080512,338.2,383.8,334.4,372.4,32100
SPIL,20080512,8.21,8.45,8.2,8.43,1100200
SPLS,20080512,21.5,21.96,21.4,21.96,8532200
SPNC,20080512,10.2,10.64,10.2,10.53,113800
SPNS,20080512,0.99,1,0.99,1,1300
SPPI,20080512,1.77,1.77,1.69,1.77,101400
SPRT,20080512,3.49,3.51,3.36,3.39,145400
SPTN,20080512,20.3,20.94,20.3,20.86,122200
SPWR,20080512,84,85.07,80.6,84.4,1871100
SRCE,20080512,20.38,21.29,20.25,21.07,29200
SRCL,20080512,51.8,52.88,51.57,52.6,418800
SRDX,20080512,44.28,45.51,44.03,44.68,78400
SSBI,20080512,7.75,7.75,7.75,7.75,2000
SSFN,20080512,14,14,14,14,0
SSRI,20080512,27.74,28.25,27.48,27.75,682500
SSYS,20080512,21.3,22.3,21.25,21.96,151600
STAA,20080512,2.67,3,2.61,2.85,70600
STBA,20080512,33.05,33.51,32.93,33.33,154100
STEM,20080512,18.12,18.24,17.76,17.88,200200
STFC,20080512,27.15,27.36,26.79,27.16,60800
STKL,20080512,5.75,5.87,5.63,5.69,133400
STLD,20080512,34.49,35,33.83,34.77,3455900
STLY,20080512,11.21,11.37,11.18,11.27,28800
STMP,20080512,13.51,13.89,13.48,13.7,137500
STRA,20080512,191.31,192.9,185.23,192.26,117400
STRL,20080512,19.28,19.51,19.2,19.41,88500
STRM,20080512,2.08,2.1,2.07,2.1,4400
STRS,20080512,25,26.73,24.78,26.73,1700
STRT,20080512,37.53,37.53,36.23,36.99,1600
SUMR,20080512,4.9,5,4.44,4.8,26900
SVBI,20080512,8.06,8.06,7.8,8.05,15700
SWHC,20080512,6.48,6.76,6.39,6.66,531300
SWIR,20080512,18,18.13,17.6,18.07,348500
SWKS,20080512,8.3,8.56,8.21,8.48,3640200
SYBT,20080512,16.16,16.2867,16.0733,16.26,29600
SYKE,20080512,20.31,20.31,19.5,20.2,296500
SYMC,20080512,19.86,20.24,19.74,20.1,11211100
SYMX,20080512,8.72,8.76,8.64,8.66,8400
SYNA,20080512,38.15,39.03,37.64,38.67,626400
SYNL,20080512,15.69,15.75,15.5,15.75,9100
SYNT,20080512,15.42,15.665,15.28,15.57,137300
SYPR,20080512,4.48,4.51,4.43,4.48,11100
SYUT,20080512,32.63,33.4,32.49,33.4,5200
TACT,20080512,8.4,9.16,8.31,9.03,125800
TAIT,20080512,1.51,1.51,1.51,1.51,0
TASR,20080512,7.4,7.69,7.4,7.68,3159700
TAST,20080512,7.48,7.55,7.28,7.35,26200
TAYD,20080512,5.11,5.65,5.11,5.34,23200
TBBK,20080512,11.99,12.65,11.67,12.59,60700
TCBI,20080512,17.71,18.17,17.71,18.11,116100
TCBK,20080512,15.29,15.95,15.29,15.72,70100
TCX,20080512,2.4,2.44,2.32,2.44,306100
TEAM,20080512,9.47,9.79,9.13,9.7,17600
TECD,20080512,35.52,36.09,35.31,35.85,741000
TECH,20080512,73.63,74.61,73.32,74.58,162300
TESO,20080512,30.57,31.14,29.92,30.96,383000
TESS,20080512,9.04,9.04,8.86,8.92,45400
TFSL,20080512,12.27,12.5,12.25,12.39,424500
TGA,20080512,4.97,4.97,4.83,4.88,157300
TGEN,20080512,0.76,0.84,0.76,0.77,21500
THFF,20080512,30.38,31.81,30.08,31.66,18300
THLD,20080512,0.35,0.36,0.35,0.36,134700
THRM,20080512,2.9,2.92,2.8,2.85,97500
TICC,20080512,7.07,7.39,7.03,7.35,125100
TINY,20080512,8.04,8.67,8,8.63,195800
TISA,20080512,1.85,1.85,1.84,1.84,200
TITN,20080512,20.05,20.96,20,20.66,294100
TIVO,20080512,8.06,8.15,8.01,8.13,568900
TLT,20080512,92.76,93.16,92.35,92.36,1947300
TNDM,20080512,19.52,19.78,19.36,19.75,49100
TOPS,20080512,560.7,594.3,560.7,588.7,45900
TORM,20080512,2.2,2.2,2.11,2.11,1900
TOWN,20080512,16,16.25,15.51,15.83,5200
TRIB,20080512,3.86,3.86,3.8,3.8,19900
TRMB,20080512,16.47,16.595,16.325,16.485,896300
TRMK,20080512,21,22.03,21,21.93,252800
TRNS,20080512,6.95,7,6.92,6.95,1400
TROW,20080512,61.25,63.13,60.75,62.87,1667000
TRST,20080512,8.55,8.68,8.51,8.68,199900
TRUE,20080512,17.98,18.28,17.66,17.68,900
TSBK,20080512,11.52,11.65,11.46,11.59,1100
TSCO,20080512,8.3025,8.3975,8.125,8.335,744800
TSEM,20080512,15.9,16.2,15.15,16.2,221200
TSRA,20080512,17.86,18.37,17.53,18.09,929700
TSRI,20080512,3.6,3.87,3.6,3.87,500
TTEC,20080512,23.34,24.28,23.28,24.27,797100
TTEK,20080512,23.42,23.75,23.04,23.62,336800
TTGT,20080512,13,13.01,12.74,13,40200
TTMI,20080512,12.54,13.14,12.52,13.14,1987300
TTWO,20080512,26.71,27.02,26.71,26.89,2153400
TUES,20080512,4.9,5.23,4.56,5.21,349300
TWER,20080512,25.6,26,25,25.6,64400
TWIN,20080512,18.11,18.58,17.9,18.23,81200
TWMC,20080512,2.56,2.57,2.4,2.41,67200
TXN,20080512,29.86,30.05,29.6,29.93,7299300
TXRH,20080512,11.12,11.28,11.02,11.27,505000
TYPE,20080512,14.67,15.43,14.67,15.3,23000
TZOO,20080512,10.35,10.76,10.35,10.47,121300
UBCP,20080512,9.7,9.7,9.7,9.7,0
UBFO,20080512,15.39,15.8,15.03,15.8,10000
UBNK,20080512,12.02,12.04,11.96,11.99,139200
UBOH,20080512,13.07,13.07,13.07,13.07,2300
UBSH,20080512,18.21,19.08,18.21,18.98,17600
UBSI,20080512,28.32,29.32,28.17,29.25,194500
UCBA,20080512,8.75,8.75,8.75,8.75,500
UCBI,20080512,13.62,13.65,13.39,13.53,439300
UCFC,20080512,8.02,8.39,7.7,8.13,46000
UCTT,20080512,10.49,10.94,10.48,10.93,110100
UEIC,20080512,22.68,22.85,22.65,22.75,289900
UEPS,20080512,26.41,26.72,25.52,26.64,510500
UFCS,20080512,33.4,34.99,33.4,34.73,128300
UFPI,20080512,34.45,34.75,34,34.6,126000
UFPT,20080512,12.18,12.39,11.5,12.12,300100
UHAL,20080512,56.61,58.07,56.01,57.95,30000
ULBI,20080512,11.08,11.34,10.68,11.09,131500
ULTA,20080512,14.28,14.76,13.75,14.27,295400
ULTI,20080512,35,35.48,34.89,35.34,188400
UMBF,20080512,49.6,51.01,49.45,50.54,423300
UMPQ,20080512,13.5,14.22,13.5,14.11,641200
UNAM,20080512,9.3,9.3,9.3,9.3,2000
UNFI,20080512,19.06,19.14,18.67,18.92,537300
UNTY,20080512,7.5,7.5,7.5,7.5,100
URBN,20080512,32.99,33.19,32.5,32.9,2729900
URRE,20080512,716.4,720,692.4,703.2,335600
USAK,20080512,12.7,12.8,12.7,12.78,9400
USAP,20080512,34.74,36.25,34.74,36.13,36700
USAT,20080512,5.41,5.68,5.3,5.66,50100
USATP,20080512,8,8,8,8,0
USEG,20080512,14.4,15.36,14.4,14.58,415600
USLM,20080512,35.03,37.07,35,36.67,1200
UTEK,20080512,15.99,16.19,15.62,15.89,127000
UTHR,20080512,45.355,46.79,44.98,46.505,787200
UTMD,20080512,27.63,28.25,27.63,28.25,8500
UTSI,20080512,11.79,12.48,11.7,12.33,1235900
UVSP,20080512,24.03,24.32,23.55,24.26,17700
VALU,20080512,41.73,41.73,40.74,41.52,1700
VASC,20080512,6.81,6.81,6.57,6.59,68700
VBFC,20080512,160,160,160,160,0
VDSI,20080512,11.26,11.54,11.04,11.44,538500
VECO,20080512,18.35,18.5,18.14,18.49,169900
VIA,20080512,38.3,39.1,38.3,38.89,54400
VIAB,20080512,38.54,39.1,38.37,38.9,2022400
VICL,20080512,32.5,33.4,31.2,31.7,154100
VICR,20080512,12.21,12.45,12.05,12.31,108700
VIRC,20080512,4.66,4.71,4.25,4.44,18300
VISN,20080512,358,383.4,355.2,378,763900
VIVO,20080512,28.23,28.81,27.79,28.57,163900
VLGEA,20080512,23.6,23.625,22.875,23.545,2400
VNDA,20080512,4.75,4.9,4.38,4.57,865100
VOD,20080512,31.99,32.03,31.68,31.87,1159600
VOXX,20080512,10.39,11.23,10.18,11.05,67400
VRML,20080512,3.03,3.19,2.5,2.6,122700
VRSN,20080512,37.83,38.12,36.76,37.96,6820900
VRTB,20080512,32.92,32.92,32.68,32.72,2200
VRTU,20080512,11.08,11.41,10.98,11.29,93500
VRTX,20080512,27.01,27.8,26.99,27.7,1353600
VSAT,20080512,21.65,21.83,20.54,20.61,274400
VSEC,20080512,15.665,16.44,15.665,16.395,9000
VVUS,20080512,5.16,5.18,5,5.09,331500
WABC,20080512,55.35,58.93,55.35,58.3,295300
WAFD,20080512,23.54,24.25,23.35,23.95,666700
WASH,20080512,23.84,24.79,23.83,24.54,15400
WAYN,20080512,9.5,9.79,9.5,9.79,1000
WBMD,20080512,29.65,30.65,29.53,29.92,252700
WDC,20080512,30.38,30.75,29.95,30.49,3633000
WDFC,20080512,31.06,33,31.06,32.73,97600
WERN,20080512,18.97,19.25,18.73,19.25,1422400
WEYS,20080512,27.33,28.82,27.27,28.82,4300
WFM,20080512,16.555,17.15,16.45,16.875,4666000
WILC,20080512,5.55,5.7,5.55,5.68,2300
WINA,20080512,17.32,17.5,17.3,17.5,1300
WINS,20080512,4.95,4.95,4.83,4.91,16700
WIRE,20080512,22.4,22.9,22.08,22.82,300000
WLDN,20080512,5.61,5.61,5.53,5.54,17000
WLFC,20080512,11.02,11.04,10.95,10.95,28300
WMAR,20080512,4.53,4.93,4.51,4.65,113000
WMGI,20080512,28.68,28.88,28.33,28.81,271500
WOOF,20080512,33.6,34.08,33.43,34.08,502800
WPCS,20080512,982.52,996.38,977.9,984.06,11000
WPPGY,20080512,62.5,62.9,62.06,62.88,65800
WRLD,20080512,41.66,43.97,40.84,43.52,401000
WSBC,20080512,21.5,22.6,21.47,22.47,159800
WSCI,20080512,12.79,13.68,12.66,13.36,113100
WSFS,20080512,16.31,16.48,16.0633,16.48,12400
WSTG,20080512,9.96,10.42,9.96,10.34,8100
WSTL,20080512,1.65,1.68,1.63,1.67,87900
WTBA,20080512,12.15,12.29,12.03,12.18,6600
WTFC,20080512,31.76,32.6,31.46,32.49,200900
WVFC,20080512,15.95,15.95,15.95,15.95,2000
WVVI,20080512,7.33,7.49,7.04,7.35,8800
WYNN,20080512,102.72,104.58,101.93,103.85,959600
XLNX,20080512,25.85,26.39,25.73,26.34,4941500
XOMA,20080512,45,45.6,41.2,43,2906500
XRAY,20080512,40.57,41.3,40.36,41.3,1646700
XTLB,20080512,3.62,3.79,3.52,3.74,31700
XXIA,20080512,7.96,8.08,7.88,7.92,299500
YHOO,20080512,25.8,25.88,25.02,25.26,41333800
YORW,20080512,15.17,15.17,14.91,14.93,9000
YRCW,20080512,17.6,17.72,16.94,17.64,1933500
ZBRA,20080512,37.08,37.53,37,37.19,248900
ZEUS,20080512,53.52,54.01,52.5,53.56,161700
ZION,20080512,45.28,46,44.63,45.75,1931300
ZIOP,20080512,2.95,2.97,2.84,2.86,74400
ZIXI,20080512,2.6,2.94,2.6,2.86,820200
ZUMZ,20080512,19.89,20.36,19.79,20.05,418400
