<ticker>,<date>,<open>,<high>,<low>,<close>,<vol>
AAME,20071025,2.48,2.48,2.41,2.43,1700
AAON,20071025,5.043,5.1911,4.963,4.963,109700
AAPL,20071025,26.41,26.5571,25.9514,26.1114,34771900
AAWW,20071025,57.56,57.75,56.85,57.55,239700
ABAX,20071025,24.25,29.73,24.04,29.38,1899500
ABCB,20071025,17.13,17.42,16.9,16.9,30300
ABCO,20071025,31.06,31.06,29.825,30.3,160800
ABMD,20071025,12.79,13.32,12.79,13.3,223000
ABTL,20071025,12.5,12.65,12.15,12.35,130500
ACAD,20071025,15.37,15.6,15,15.14,138600
ACAS,20071025,41.25,41.96,40.58,41.04,1057400
ACAT,20071025,16.41,16.41,15.64,15.7,143600
ACET,20071025,8.87,9.18,8.81,9.18,19400
ACFC,20071025,12.97,13.05,12.97,13.05,2100
ACGL,20071025,24,24.0933,23.3633,23.8567,511800
ACHN,20071025,5.28,5.55,5.27,5.52,22800
ACIW,20071025,7.28,7.3767,7.17,7.2367,344700
ACLS,20071025,18.48,18.48,17.68,17.72,1223600
ACOR,20071025,20.59,20.71,19.72,20.5,251900
ACPW,20071025,8.8,8.8,8.4,8.65,37400
ACTG,20071025,15.39,16.31,15.32,15.63,143800
ACTS,20071025,5,5,4.76,4.86,376300
ACXM,20071025,13.89,14.16,13.05,13.14,2301100
ADBE,20071025,48.01,48.47,46.9,47.2,7043400
ADES,20071025,5.505,5.6,5.505,5.6,1400
ADI,20071025,33.73,34.08,32.88,33.06,3227200
ADP,20071025,41.3608,41.4661,40.6059,40.8429,1958700
ADRA,20071025,36.24,36.28,35.83,36.12,29000
ADRD,20071025,32.93,32.93,32.72,32.9,15800
ADRE,20071025,56.79,56.79,55.73,56.42,198900
ADRU,20071025,34.53,34.53,34.29,34.47,9600
ADSK,20071025,47.54,48.19,46.98,47.25,2177600
ADTN,20071025,22.87,23.15,22.3,22.68,1323700
AEHR,20071025,7.22,7.5,7.19,7.49,2700
AEIS,20071025,15.35,15.65,14.61,15.11,1879400
AEPI,20071025,39.71,39.71,38.95,39.03,31400
AETI,20071025,6.4,6.52,6.25,6.25,1900
AEY,20071025,7.98,8.17,7.9,8.03,14100
AEZS,20071025,1200,1200,1134,1170,21600
AFAM,20071025,21.23,21.56,20.86,20.88,19200
AFSI,20071025,7.285,7.39,6.98,7.105,213000
AGEN,20071025,2.62,3.45,2.62,2.8,1500500
AGII,20071025,42.64,42.96,41.65,41.73,129000
AGYS,20071025,16.96,17.41,16.55,16.69,171800
AHGP,20071025,24,24.59,23.9,24.36,7900
AHPI,20071025,6.65,6.65,6.65,6.65,900
AIMC,20071025,16.23,16.37,15.93,15.99,33700
AINV,20071025,20.65,20.78,20.16,20.58,834700
AIRM,20071025,17.9067,17.9433,17.4433,17.6167,77000
AIRT,20071025,9.73,9.95,9.7,9.8,13700
AIXG,20071025,11.42,11.66,11.42,11.55,50800
AKAM,20071025,35.5,38,35.35,37.13,20414800
AKRX,20071025,7.05,7.39,6.9,7.08,399600
ALCO,20071025,47.17,47.68,47,47.32,4500
ALGN,20071025,22.5,22.75,18.78,19.07,12676600
ALGT,20071025,36.13,37.09,35.02,36.97,64800
ALKS,20071025,16.55,17.12,16.55,16.98,978000
ALLT,20071025,5.61,5.92,5.6,5.7,32900
ALNY,20071025,31.89,32.48,31.36,31.75,395600
ALOG,20071025,56.82,57.07,55.65,56.25,104500
ALOT,20071025,10.09,10.09,10.09,10.09,2900
ALSK,20071025,15,15,14.62,14.67,228600
ALXN,20071025,37.395,38.725,36.755,38.565,3100000
AMAG,20071025,63.74,64.36,62.22,63.01,286300
AMAT,20071025,19.83,19.91,18.97,19.36,33436600
AMCC,20071025,3.22,3.27,3.11,3.23,5975200
AMD,20071025,13.22,13.22,12.55,12.75,22463200
AMED,20071025,37.5,37.56,36.78,37,273800
AMGN,20071025,58.21,58.83,56.71,57.31,10747700
AMKR,20071025,10.87,11,10.44,10.76,2085200
AMNB,20071025,22.56,22.56,22.56,22.56,0
AMOT,20071025,4.56,4.73,4.52,4.7,3300
AMOV,20071025,33,33,31.885,32.025,6300
AMPH,20071025,19.15,19.43,18.83,19,34200
AMRB,20071025,21.85,21.85,21.36,21.8,14200
AMRI,20071025,16.25,16.82,15.96,16.63,213400
AMRN,20071025,0.39,0.4,0.37,0.37,166400
AMSC,20071025,270,275,265.1,271.6,413300
AMSF,20071025,16.58,17.29,16.05,16.2,119500
AMSG,20071025,26.22,26.92,25.97,26.68,369600
AMSWA,20071025,8.57,8.79,8.43,8.55,80300
AMTD,20071025,19,19.23,18.51,18.81,2524200
AMWD,20071025,24.11,24.73,23.67,24,122500
AMZN,20071025,88.23,89.5,86.32,88.21,11637200
ANAT,20071025,135.5,135.5,129.42,130.62,4800
ANCX,20071025,6,6.12,5.6,5.98,174000
ANDE,20071025,33.58,33.7933,32.56,32.62,232700
ANGO,20071025,20.73,20.85,20.48,20.53,129300
ANIK,20071025,18.04,18.89,17.97,18.19,26700
ANSS,20071025,41.13,41.29,39.9,40.58,437600
APOG,20071025,24.42,24.58,22.79,22.99,649300
APOL,20071025,74.78,77.46,73.12,76.38,3988600
APPY,20071025,686.4,720,679.2,704.64,214800
ARAY,20071025,17.5,18,17.34,17.72,356900
ARCC,20071025,16.53,16.63,16.17,16.32,467600
ARCI,20071025,10.75,10.85,9.63,10,249500
ARCW,20071025,2.16,2.16,2.156,2.156,2500
ARIA,20071025,5.08,5.14,5,5.05,308300
ARII,20071025,21.15,21.2,20.71,20.81,77900
ARKR,20071025,36.36,36.36,36,36,1600
ARLP,20071025,18.425,18.765,18.18,18.62,41200
ARNA,20071025,9.81,9.88,9.27,9.34,1305000
AROW,20071025,22.04,22.04,20.79,21.19,18700
ARQL,20071025,7.99,8.04,7.72,7.8,146200
ARRS,20071025,12.58,12.75,11.69,11.86,7380000
ARRY,20071025,11.15,11.38,11.06,11.3,208800
ARTNA,20071025,18.88,19.12,18.8,19.01,5900
ARTW,20071025,22.67,23.95,22.67,23.48,10400
ARTX,20071025,2.94,2.94,2.8,2.85,32000
ARWR,20071025,4.79,4.79,4.65,4.68,61600
ASFI,20071025,34.51,34.95,34.21,34.44,113400
ASML,20071025,32.86,32.86,32.86,32.86,0
ASRV,20071025,3.12,3.24,3.12,3.24,82900
ASRVP,20071025,24.7,24.7,24.7,24.7,0
ASTE,20071025,45.08,45.75,44.35,44.88,516700
ASUR,20071025,0.8933,0.9267,0.8933,0.9133,157900
ASYS,20071025,15.65,16.33,15.45,16.05,79800
ATEC,20071025,50.4,54,50.28,51.72,131100
ATHN,20071025,39.25,39.4,38.08,39,120300
ATLO,20071025,20.05,20.05,20.05,20.05,0
ATNI,20071025,36.96,37.4,36.09,36.35,40000
ATRC,20071025,11.52,11.75,11.24,11.24,50200
ATRI,20071025,121.34,122.83,120.71,121.66,2800
ATRO,20071025,34.1917,35.05,33.8667,34.0417,14400
ATTU,20071025,0.6,0.61,0.58,0.58,58700
ATVI,20071025,11.475,11.775,11.3,11.465,8967500
AUBN,20071025,23.95,23.95,23.95,23.95,0
AUDC,20071025,6.6,6.6,6.25,6.41,430900
AVAV,20071025,25.26,26.15,25.01,25.87,119100
AVID,20071025,27.75,27.98,26.65,27.17,323400
AWRE,20071025,4.52,4.94,4.45,4.8,33200
AXTI,20071025,6.4,6.48,5.88,5.93,279800
AZPN,20071025,16.82,17,16.43,16.6,386000
BABY,20071025,16.6,16.73,16.4,16.49,120600
BANF,20071025,43.39,43.39,42.05,42.87,24500
BANFP,20071025,25,25,25,25,0
BANR,20071025,229.46,233.45,221.9,225.61,178700
BASI,20071025,8.88,8.92,8.5,8.79,3000
BBBY,20071025,33.8,34.48,32.93,33.21,3045900
BBGI,20071025,7.59,7.75,7.53,7.75,10100
BBOX,20071025,42.89,43.44,41.83,42.63,87000
BBRY,20071025,124.75,125.26,118.03,118.94,24659400
BBSI,20071025,19.08,19.79,17.51,18.44,455700
BCBP,20071025,15.5,15.5,15.26,15.5,10100
BCPC,20071025,13.6267,13.7267,13.3667,13.54,45400
BCRX,20071025,8.1,8.13,7.93,7.99,173700
BDSI,20071025,3.18,3.26,3.15,3.23,60700
BEAV,20071025,45.36,45.36,44.01,45.03,593500
BEBE,20071025,14.39,14.73,14.16,14.51,389800
BECN,20071025,9.18,9.24,8.86,9,371800
BELFA,20071025,35.62,36.5,34.5,34.68,3400
BELFB,20071025,31.91,33.68,31.69,32.11,27300
BFIN,20071025,15.93,16.05,15.81,15.92,67000
BGFV,20071025,17.05,17.58,16.69,16.8,85800
BIDU,20071025,34.199,34.888,33.206,33.43,7630100
BIIB,20071025,77.04,77.5,75.72,76.3,4516400
BIOS,20071025,8.14,8.31,7.98,8.31,319000
BJRI,20071025,18.97,19.12,18.56,18.89,396100
BKCC,20071025,15.24,15.49,14.66,14.93,77700
BKMU,20071025,10.73,11.02,10.55,10.78,452000
BKSC,20071025,15.33,15.33,15.3,15.3,1200
BLDP,20071025,4.71,4.9,4.64,4.68,476100
BLDR,20071025,9.75,9.86,9.53,9.8,240300
BLKB,20071025,26.04,26.5,25.64,25.99,116400
BLUE,20071025,0.75,0.75,0.72,0.74,9400
BMRC,20071025,32.4,32.63,32.4,32.4,1800
BMRN,20071025,25.8,26.56,25.63,26.34,1596500
BMTC,20071025,22.32,22.32,22.32,22.32,100
BNCL,20071025,9.8,9.8,9.55,9.6,97300
BNCN,20071025,16.25,16.25,16.25,16.25,0
BNSO,20071025,3.11,3.28,3.1,3.22,13500
BOBE,20071025,28.06,28.49,27.6,27.99,234200
BOCH,20071025,10.31,10.31,10.31,10.31,300
BOFI,20071025,1.7575,1.765,1.7575,1.765,700
BOKF,20071025,52.97,54.05,52.71,53.98,99700
BONT,20071025,17.59,18.14,17.14,17.22,299400
BOOM,20071025,48.6,48.81,46.8,47.17,464300
BOSC,20071025,9.56,9.56,9.56,9.56,0
BPFH,20071025,25.1,26.88,25.1,26.6,945000
BPOP,20071025,105.3,106.4,101,103.3,2604800
BPOPM,20071025,23.48,23.48,23.48,23.48,0
BPOPN,20071025,24.85,24.85,24.85,24.85,1200
BRCD,20071025,8.86,9.13,8.81,9.04,11847300
BRID,20071025,6.76,6.77,6.52,6.58,2500
BRKL,20071025,10.84,11.24,10.75,10.95,656400
BRKR,20071025,9.17,9.36,9.08,9.22,209200
BRKS,20071025,13.16,13.22,12.8,12.9,598000
BSET,20071025,10.59,10.68,10.55,10.64,88100
BSQR,20071025,6.3,6.36,6.2,6.36,48400
BSRR,20071025,27.16,27.75,26.55,27.46,69100
BUSE,20071025,21.13,21.47,20.69,20.8,56100
BWINA,20071025,25.65,25.65,25.65,25.65,200
BWINB,20071025,26.18,26.39,25.55,25.93,9900
BWLD,20071025,38.89,38.89,37.1,37.57,389400
BYFC,20071025,9.5,9.5,9.5,9.5,0
CA,20071025,25.0682,25.2447,24.7838,25.0289,2281400
CAAS,20071025,8.25,8.28,8.02,8.03,102400
CACB,20071025,18.36,19.13,18.35,19.01,243700
CACC,20071025,21.97,22.2,21.18,21.36,45300
CAKE,20071025,22.37,22.48,21.91,22.21,2032400
CALD,20071025,9.27,9.36,9.01,9.35,128800
CALL,20071025,1.39,1.4,1.355,1.38,12200
CALM,20071025,11.8,12.085,11.605,11.74,341300
CAMP,20071025,3.73,3.79,3.58,3.6,118200
CAMT,20071025,3,3,2.98,2.99,20400
CART,20071025,13.725,13.725,13.725,13.725,100
CARV,20071025,15.5,15.5,15.5,15.5,0
CASH,20071025,39.05,41.85,38,40.32,4400
CASM,20071025,4.98,5.1,4.96,5.09,3900
CASS,20071025,36.56,36.69,35.41,35.41,1500
CASY,20071025,27.86,28.42,27.46,27.88,245400
CATY,20071025,28.5,29.55,28.28,28.73,571200
CAVM,20071025,25.05,26.03,24.11,24.23,268700
CBAK,20071025,30,30.1,28.05,28.2,1431600
CBAN,20071025,18.74,18.74,18.74,18.74,0
CBLI,20071025,255,255.2,245,246,37100
CBMX,20071025,975,975,900,930,31700
CBRL,20071025,38.82,39.11,38.29,38.65,460000
CBSH,20071025,45.28,46.45,45.02,45.66,218200
CCBG,20071025,28.32,28.52,27.71,27.71,50600
CCMP,20071025,39.6,39.6,35.09,38.86,1879100
CCNE,20071025,13.39,13.59,13.39,13.59,700
CCOI,20071025,26.93,27.3,26.43,26.75,721300
CCRN,20071025,15.59,16.5,15.35,15.5,135000
CCUR,20071025,1.25,1.26,1.13,1.13,486200
CDNS,20071025,20.62,20.88,19.02,19.32,12047700
CDTI,20071025,82.6,82.6,76.15,76.55,1700
CDZI,20071025,17.43,17.43,17,17.07,19400
CECE,20071025,14.69,14.95,14.46,14.73,72800
CECO,20071025,33.58,34.34,33.24,34.07,665300
CELG,20071025,32.465,33.105,30.13,32.11,21620600
CENT,20071025,8.39,8.7,8.28,8.31,346200
CENTA,20071025,8.61,8.92,8.43,8.45,255900
CENX,20071025,56.4,57.84,55.4,57.64,532300
CERN,20071025,14.4925,14.65,14.3175,14.4925,811100
CERS,20071025,9.07,9.27,8.92,9.09,361200
CETV,20071025,107.82,109.9,106.93,109.24,170800
CEVA,20071025,9.08,9.28,8.63,8.66,59000
CFBK,20071025,26.3,26.3,26.3,26.3,1100
CFFI,20071025,41.85,42.53,41.03,41.65,1000
CFFN,20071025,32.57,33.38,31.85,32.28,78800
CFNB,20071025,12.88,12.88,12.88,12.88,100
CFNL,20071025,9.93,9.97,9.5,9.75,171100
CGEN,20071025,2.28,2.33,2.23,2.26,20800
CGNX,20071025,8.945,9.015,8.775,8.835,237500
CHCI,20071025,1.5,1.6,1.45,1.57,49000
CHCO,20071025,36.45,37.02,35.78,36.33,53600
CHDN,20071025,50.27,50.7,49.34,49.72,29600
CHFC,20071025,25,25.12,24.39,24.94,145100
CHFN,20071025,38.6682,39.2453,38.6682,39.2453,800
CHKE,20071025,36.81,37.51,36.81,37.23,50600
CHKP,20071025,25.11,25.28,24.48,24.78,1135800
CHNR,20071025,32.39,32.88,30.33,30.99,280400
CHRS,20071025,7.28,7.51,7.24,7.3,1389700
CHRW,20071025,51.17,51.81,50.13,50.99,1513000
CHSCP,20071025,25.5,25.5,25.29,25.45,3200
CHTR,20071025,2.49,2.51,1.97,1.97,38019400
CINF,20071025,38.88,39.61,37.54,39.39,2614300
CIZN,20071025,19.18,19.18,19.18,19.18,0
CKEC,20071025,15.88,16.3,15.39,15.56,124000
CLBH,20071025,10.38,10.85,10.35,10.85,400
CLCT,20071025,14.61,14.65,14.44,14.45,10400
CLMS,20071025,32.82,33.45,30.98,32.25,602200
CLMT,20071025,48.2,49.25,48.03,48.03,47100
CLNE,20071025,18.82,19.46,18.44,18.59,280400
CLRO,20071025,7.08,7.08,6.75,6.75,20100
CLUB,20071025,15.3,15.52,15.3,15.46,135800
CLWT,20071025,20.13,20.57,19.69,19.965,147400
CMCO,20071025,29.48,31.21,29.48,31.05,308000
CMCSA,20071025,22.65,22.67,20.82,21.28,129657400
CMLS,20071025,83.12,83.6,82.32,83.12,512800
CMTL,20071025,52.77,53.71,52.31,53.34,377800
CNBKA,20071025,21.97,23.25,21.54,23.25,40100
CNET,20071025,8.17,8.56,8.01,8.03,2970800
CNMD,20071025,28.69,28.9,28.22,28.34,346500
CNOB,20071025,11.31,11.34,11.2,11.23,66700
CNSL,20071025,20.33,20.4,19.77,20.16,83400
CNTF,20071025,34.5,34.85,33.5,33.65,348900
CNTY,20071025,6.99,7.02,6.87,7,131800
COBZ,20071025,17.16,17.22,16.91,17.07,98700
COGT,20071025,14.3,14.46,14.01,14.06,505500
COHR,20071025,32.26,32.54,31.69,31.98,108900
COHU,20071025,18.15,18.4,17.73,17.84,189300
COKE,20071025,59.61,60.49,59.1,60.42,10100
COLB,20071025,29.01,30.41,29.01,30.18,78200
COLM,20071025,25.48,26.225,25.28,25.62,528300
CONN,20071025,23.63,24.12,23.05,23.7,141100
COOL,20071025,57.54,59.22,56.28,57.96,81500
CORE,20071025,8.8975,8.93,8.695,8.7775,35500
CORT,20071025,3.82,3.94,3.62,3.69,36600
COST,20071025,65.6,66.47,64.01,64.82,6781700
COWN,20071025,11.99,12.17,11.65,11.95,119500
CPLA,20071025,62.47,62.92,61.52,61.99,100400
CPLP,20071025,25.86,26.08,25.12,25.94,42800
CPRT,20071025,18.84,19.29,18.69,18.825,679100
CPRX,20071025,3.15,3.15,3.15,3.15,0
CPSI,20071025,25.16,25.57,24.77,25.23,99900
CPSS,20071025,4.6,5.06,4.6,5.02,117600
CPST,20071025,21.4,21.6,21,21.2,1189200
CRAI,20071025,51.14,51.74,50.52,50.77,57900
CRAY,20071025,6.14,6.15,5.99,6.04,213200
CREE,20071025,27.39,27.39,25.64,25.92,2128600
CRESY,20071025,22.77,23.05,22.77,23,69500
CRIS,20071025,1.06,1.12,1.03,1.07,247500
CRME,20071025,51.05,52.55,48.85,49.65,224100
CRMT,20071025,11.85,11.94,11.8,11.86,77400
CRNT,20071025,19,19.05,17.92,18.08,723100
CROX,20071025,65.3,66.68,63.54,64.51,3268700
CRUS,20071025,6.38,6.66,6.26,6.36,3576600
CRVL,20071025,12.605,12.935,12.52,12.925,57100
CRWS,20071025,3.98,4.02,3.98,4.02,16400
CRZO,20071025,48.25,48.56,46.5,48.55,385800
CSBK,20071025,10.66,10.9,10.62,10.77,17400
CSCO,20071025,31.37,31.88,31.05,31.18,41326400
CSFL,20071025,14.74,14.74,14.5,14.62,3800
CSGP,20071025,59.28,61.19,57,57.35,568600
CSGS,20071025,21.47,21.97,20.74,21,861800
CSIQ,20071025,9.42,9.64,9.15,9.25,350000
CSPI,20071025,7.65,7.78,7.65,7.68,2000
CSTR,20071025,34.07,34.3,33.53,34.01,94200
CSWC,20071025,30.755,30.755,30.26,30.58,18000
CSX,20071025,15.0867,15.13,14.51,14.74,4275300
CTAS,20071025,35.46,36.56,35.22,35.95,1486200
CTBI,20071025,28.07,28.58,27.57,27.78,56000
CTHR,20071025,2.93,3.18,2.8,2.82,400800
CTIB,20071025,4.6,4.6,4.48,4.52,18200
CTIC,20071025,18.25,18.25,17.75,18.25,28900
CTRN,20071025,18.29,19.37,18.07,18.57,224300
CTRP,20071025,12.875,12.9875,12.4475,12.6525,506000
CTSH,20071025,19.95,20.1,19.255,19.6,2454200
CTWS,20071025,24.5,24.5,23.97,24.37,4600
CTXS,20071025,40.58,42.48,40.45,41.74,3541900
CUBA,20071025,12.27,12.5,11.61,12.24,25900
CUTR,20071025,24.54,24.54,23.15,23.53,140800
CVBF,20071025,11.29,11.41,11.15,11.23,519300
CVCO,20071025,35.28,36.86,35.28,36.8,12600
CVCY,20071025,11.78,12.5,11.72,12.42,29100
CVGI,20071025,13.02,13.3,12.87,12.95,174000
CVGW,20071025,21.5,22.29,21.5,21.9,190600
CVLT,20071025,18.25,18.67,17.65,18.1,577900
CVLY,20071025,17.16,17.99,17.16,17.99,500
CVTI,20071025,7.88,8.05,7.65,7.96,48400
CVV,20071025,4.81,4.81,4.61,4.67,25000
CWBC,20071025,11.75,11.75,11.75,11.75,0
CWCO,20071025,33.3,33.97,33.03,33.6,39900
CWST,20071025,14.57,14.8,14.57,14.75,169600
CYAN,20071025,1.13,1.24,1.13,1.24,4900
CYBE,20071025,13,13,12,12.75,38600
CYCC,20071025,460.32,467.04,452.76,457.8,113400
CYCCP,20071025,5.25,5.25,5,5,3400
CYNO,20071025,38.56,39.02,36.09,36.78,386000
CYTK,20071025,32.34,32.7,30.6,31.86,95900
CYTR,20071025,28.7,29.33,28.07,28.91,1164500
CYTX,20071025,86.1,86.25,84.6,85.65,19800
CZFC,20071025,11.25,11.25,11.25,11.25,400
CZNC,20071025,19.54,19.54,19.15,19.54,1100
CZWI,20071025,9.36,9.46,9.36,9.46,400
DAIO,20071025,6.21,6.3,5.57,5.95,1532500
DAKT,20071025,27.77,28.02,27.28,27.53,324800
DAVE,20071025,16.45,16.58,16.3,16.45,24200
DCOM,20071025,13.88,14.16,13.6,13.74,115300
DCTH,20071025,22.88,22.88,21.12,22.4,523300
DELT,20071025,6.54,6.65,6.33,6.6,19700
DENN,20071025,4.91,4.94,4.67,4.7,499800
DEPO,20071025,2.22,2.3,2.2,2.25,387600
DGAS,20071025,12.55,12.565,12.475,12.475,1300
DGICA,20071025,17.5,17.84,17.37,17.77,26500
DGICB,20071025,18.92,18.92,18.92,18.92,0
DGII,20071025,14.46,15,14.19,14.91,161200
DHIL,20071025,80.42,80.42,80.42,80.42,0
DIOD,20071025,32.45,32.57,31.82,32.23,354800
DISCA,20071025,28.56,29,28.24,28.6,1797600
DISCB,20071025,28.99,29.21,28.92,28.99,900
DISH,20071025,49.96,50.1,49.29,49.58,2591200
DJCO,20071025,45,47.99,44.99,47.98,700
DLTR,20071025,12.3,12.45,12.0334,12.1067,1557700
DMLP,20071025,21.59,22.25,21.59,22.18,39800
DMRC,20071025,8.62,9.06,8.62,8.7,51800
DORM,20071025,6.995,7.375,6.995,7.355,15000
DRAD,20071025,3.37,3.38,3.05,3.12,90400
DRAM,20071025,55.08,55.8,55.08,55.8,1200
DRRX,20071025,5.41,5.57,5.24,5.42,244000
DRYS,20071025,190125,192375,183135,186000,2576200
DSGX,20071025,4.56,4.58,4.53,4.53,2000
DSPG,20071025,15.07,15.46,14.79,14.82,212500
DSWL,20071025,10.1,10.35,10.1,10.27,10700
DTLK,20071025,4.48,4.56,4.33,4.43,70100
DTSI,20071025,29.95,30.72,29.57,29.79,143500
DVAX,20071025,52.4,52.4,50.6,51.9,70600
DWCH,20071025,5.15,5.2,4.89,5,22400
DWSN,20071025,79.93,80.99,78.64,79.16,165900
DXCM,20071025,9.16,9.31,9.03,9.2,83900
DXPE,20071025,41.2,41.41,39.75,40.34,80800
DXYN,20071025,9.75,9.98,9.52,9.84,33300
DYNT,20071025,7.2,7.2,6.85,7.2,7000
EBAY,20071025,15.04,15.2211,14.7789,14.8421,13130200
EBIX,20071025,5.6556,5.7033,5.6222,5.6411,1800
EBTC,20071025,14.4,14.4,14.3,14.4,300
ECHO,20071025,12.62,12.69,12.6,12.69,6500
ECOL,20071025,20.7,20.9,20.42,20.69,169300
ECPG,20071025,10.79,10.82,10.58,10.64,87100
EDAP,20071025,6,6,5.82,5.97,10300
EDGW,20071025,7.75,8.23,7.57,7.74,112900
EDUC,20071025,6.31,6.31,6.28,6.28,3200
EEFT,20071025,30.93,32.37,30.92,31.99,1283300
EFII,20071025,23,23,21.66,21.98,1200800
EFOI,20071025,6.69,7.19,6.69,7.13,41400
EFSC,20071025,23.39,23.4,23.08,23.15,11200
EFUT,20071025,20.36,20.68,19.35,19.88,151900
EGBN,20071025,11.87,11.96,11.7,11.96,2300
EGHT,20071025,1.4,1.45,1.38,1.4,107600
EGLE,20071025,44280,47520,43704,46814.4,1428300
EGLT,20071025,13.27,13.54,12.7,12.73,88300
EGOV,20071025,7.35,7.56,7.35,7.45,162800
EHTH,20071025,26.34,26.96,25.78,26.7,317000
ELGX,20071025,3.76,4.08,3.4,3.89,39600
ELNK,20071025,7.87,8.1,7.48,7.52,4841200
ELON,20071025,226,226,201.2,207.5,1195500
ELOS,20071025,18.35,18.8,18.11,18.58,299000
ELSE,20071025,5.86,5.95,5.8,5.86,4300
ELTK,20071025,3.56,3.59,3.56,3.59,400
EMCI,20071025,17.3733,17.7733,17.34,17.34,28800
EMITF,20071025,3300,3300,3267,3284.4,62600
EMKR,20071025,40.88,41.28,39,39.28,441900
EMMS,20071025,21.12,21.68,20.16,20.52,680200
ENDP,20071025,28.3,28.33,27.66,28.01,1101500
ENOC,20071025,43.85,43.99,40.86,41.61,65700
ENTG,20071025,8.13,8.24,7.87,8.02,742900
EPAY,20071025,13.95,14.45,13.84,14.33,113700
EPIX,20071025,4.08,4.08,3.95,4.03,35000
EQIX,20071025,101.69,102,96.93,97,911100
ERIC,20071025,29.39,29.42,28.88,29.09,5515600
ERIE,20071025,55.62,56.44,55.62,56.39,56000
ESBK,20071025,20.5,20.5,20.5,20.5,0
ESCA,20071025,9.72,9.89,9.65,9.89,1200
ESEA,20071025,20.2,20.2,19.27,19.51,137000
ESGR,20071025,128.43,129.54,127.01,127.74,3100
ESIO,20071025,22.03,22.29,21.7,22.03,474300
ESLT,20071025,50.97,51.18,50.12,51.08,14900
ESMC,20071025,4.57,4.6,4.5,4.53,241600
ESRX,20071025,30.75,31.98,29.515,30.47,8021400
ESSA,20071025,11.54,11.75,11.5,11.57,15000
ETFC,20071025,105.6,106.3,100,101.6,16832100
EVBS,20071025,17.93,18.22,17.74,18.01,5700
EVEP,20071025,35.22,37.17,35,36.58,35800
EVOL,20071025,1.82,1.83,1.72,1.74,31400
EWBC,20071025,33.93,34.08,33.06,33.53,807300
EXAC,20071025,15.86,16.03,15.85,15.97,4000
EXAS,20071025,4.23,4.42,4.23,4.32,89100
EXEL,20071025,11.26,11.3,10.81,10.97,629200
EXFO,20071025,6.22,6.25,6.13,6.17,51900
EXLS,20071025,27,27.7,26.39,26.7,100700
EXPD,20071025,48.79,49.56,47.8,48.68,1313400
EXPE,20071025,32.33,32.89,31.8,32.08,7396500
EXPO,20071025,14.375,14.595,14.125,14.515,182000
EXTR,20071025,4,4.19,3.85,4.09,7797000
EZPW,20071025,13.22,13.37,12.78,12.93,285700
FALC,20071025,13.35,13.35,12.27,12.34,1093000
FARM,20071025,25.13,25.89,24.62,25.03,9700
FARO,20071025,41.13,42.2,39.6,40.32,103700
FAST,20071025,21.695,22.435,21.35,21.635,1248300
FBIZ,20071025,17.66,17.66,17.66,17.66,0
FBMS,20071025,21.61,21.61,21.61,21.61,0
FBNC,20071025,18.73,19.26,18.4,18.83,21200
FBSS,20071025,21,21.5,21,21.5,500
FCAP,20071025,17,17,17,17,0
FCBC,20071025,33.9,34.68,32.09,32.75,23400
FCCO,20071025,15.85,15.85,15.85,15.85,0
FCCY,20071025,16.05,16.05,16.05,16.05,400
FCEL,20071025,113.04,114.6,110.4,111.96,978700
FCNCA,20071025,162.5,162.5,158.3,161,12200
FDEF,20071025,22.8,22.8,21.08,21.26,8300
FEIM,20071025,10.14,10.16,9.81,10,14400
FELE,20071025,19.86,19.86,19.095,19.235,387000
FFBC,20071025,11.73,11.87,11.27,11.41,175900
FFHL,20071025,6.73,6.86,6.61,6.63,115800
FFIC,20071025,16.68,16.68,16.11,16.24,57800
FFIN,20071025,12.7334,12.9967,12.58,12.78,38800
FFIV,20071025,36.02,38,33.98,34.19,7423300
FFKT,20071025,29.5,30.09,29.5,30,4200
FFNW,20071025,11.42,11.48,11.4,11.48,63600
FHCO,20071025,3.2,3.38,3.11,3.38,85400
FINL,20071025,3.93,4,3.75,3.8,715300
FISI,20071025,18.59,19.59,18.59,19.5,23600
FISV,20071025,26.945,27.345,26.3,26.535,1939800
FITB,20071025,29.22,29.93,28.97,29.15,8879000
FIZZ,20071025,8.36,8.49,8.24,8.41,92900
FLEX,20071025,11.92,11.96,11.42,11.53,7186700
FLIC,20071025,12.3333,12.3333,12.3333,12.3333,1200
FLIR,20071025,64.67,68.13,64.53,67.62,2338900
FLML,20071025,10.25,12.79,9.94,12.03,2943000
FLWS,20071025,12.38,12.77,11.84,12.54,546700
FLXS,20071025,14.15,14.54,13.5,14.54,13400
FMBI,20071025,32.75,33.18,32.06,32.37,379600
FNLC,20071025,15.13,15.5,15.13,15.45,2000
FNSR,20071025,19.36,19.6,18.8,18.88,3733100
FOLD,20071025,16.95,16.95,16.43,16.57,136800
FONR,20071025,7.8,7.83,7.57,7.57,30700
FORD,20071025,2.92,2.97,2.86,2.86,29900
FORM,20071025,37.01,37.15,33.8,35.54,8318600
FORR,20071025,24.42,24.88,23.98,24.76,106500
FORTY,20071025,13.7,13.7,13.7,13.7,0
FOSL,20071025,36.99,37.04,36,36.57,362900
FRBK,20071025,7.8,8.48,7.8,8.3,165300
FRED,20071025,10.55,10.83,10.33,10.38,368700
FRME,20071025,21.43,21.66,20.81,21.03,36700
FRPT,20071025,20.12,20.12,18.64,18.83,1385300
FSBK,20071025,24.8,26.18,24.26,26.18,16600
FSLR,20071025,150.01,156,146.09,149.97,4355300
FSTR,20071025,43.01,44,41.12,41.96,425900
FTEK,20071025,30,30.48,29.15,29.64,292800
FUEL,20071025,1.2,1.23,1.16,1.22,36900
FULT,20071025,12.3,12.95,12.3,12.59,970600
FUNC,20071025,19.1,19.75,19.02,19.36,2500
FUND,20071025,10.74,10.77,10.5,10.77,18400
FWRD,20071025,28.24,28.74,28.15,28.55,541800
GABC,20071025,12.99,13.75,12.99,13.75,39700
GAIA,20071025,23.39,23.39,22.67,22.92,120700
GAIN,20071025,12.69,12.69,12.46,12.5,46800
GASS,20071025,17.35,17.37,16.89,16.99,53800
GBCI,20071025,19.05,19.53,18.56,18.86,340900
GCBC,20071025,6.265,6.265,5.875,6.075,10400
GENE,20071025,23.8,23.8,23.8,23.8,0
GERN,20071025,7.42,7.45,7.2,7.26,596000
GFED,20071025,29.85,29.93,29.41,29.5,2400
GGAL,20071025,7.5,7.85,7.5,7.8,162000
GHDX,20071025,23.48,24.15,23.14,24.1,308800
GIFI,20071025,35.74,36.69,35.7,36.44,173200
GIGA,20071025,2.89,2.9,2.72,2.8,73800
GIGM,20071025,109.4,112.2,108.05,108.55,777200
GIII,20071025,8.54,8.88,8.31,8.43,93300
GILD,20071025,22,22.85,21.98,22.755,14337300
GILT,20071025,10.9,10.96,10.86,10.96,59200
GLAD,20071025,19.16,19.2,18.66,18.9,111700
GLBL,20071025,25.13,25.27,23.9,23.98,2147100
GLBZ,20071025,15.53,15.53,15.5,15.51,1800
GLDD,20071025,8.9,9,8.76,8.89,75900
GLNG,20071025,25.24,25.9,25.01,25.83,253000
GLRE,20071025,19.2,19.45,18.92,18.93,99900
GLUU,20071025,9.42,9.55,9.07,9.42,108500
GNCMA,20071025,11.52,11.82,11.25,11.27,138000
GNTX,20071025,10.59,10.77,10.415,10.655,1179600
GNVC,20071025,25.8,25.8,24.5,24.6,175600
GOLD,20071025,36.65,37.07,36.27,36.73,584000
GOOD,20071025,17.91,18.15,17.91,18.14,1400
GOODO,20071025,24.07,24.07,24.07,24.07,700
GOODP,20071025,24.2,24.2,24.2,24.2,0
GOOG,20071025,339.34,339.485,331.775,334.255,5798400
GPIC,20071025,8.79,9.71,8.67,9.69,122100
GPOR,20071025,23.02,23.15,22.23,22.51,151800
GPRE,20071025,8.92,8.92,8.53,8.63,14400
GPRO,20071025,69.12,69.5,67.85,68.33,199300
GRIF,20071025,37.08,37.08,37.08,37.08,0
GRMN,20071025,123.3,123.5,116.73,118.14,5067900
GROW,20071025,21.57,22.3,21.25,21.39,267600
GRVY,20071025,29.92,30,28.96,29.92,6500
GSBC,20071025,23.73,24.47,23.33,23.36,84300
GSIT,20071025,3.4,3.4,3.34,3.34,17400
GSOL,20071025,35.1,36.84,34,34.08,383900
GT,20071025,27.83,27.83,26.58,26.88,3505200
GTIM,20071025,5.61,5.67,5.6,5.6,300
GTLS,20071025,31.14,31.22,29.66,30.48,207100
GTXI,20071025,15.83,16.13,15.48,15.76,335200
GUID,20071025,13.97,14.2,13.52,14.04,175700
GYRO,20071025,48.69,48.69,48.69,48.69,100
HAFC,20071025,11.38,11.68,10.78,10.89,1171900
HAIN,20071025,17.225,17.225,16.285,16.455,749000
HALL,20071025,16.42,16.95,16.01,16.86,45300
HALO,20071025,9.07,9.2,8.9,8.98,110900
HAS,20071025,29.6,29.9,28.82,29.21,1819800
HAYN,20071025,84.6,85,82.6,84.16,83500
HBAN,20071025,17.04,17.48,16.82,17.18,2743400
HBHC,20071025,36.71,36.83,35.85,36.74,263200
HBIO,20071025,4.96,5,4.83,5,28300
HBNC,20071025,7.5852,7.5941,7.5852,7.5852,700
HCSG,20071025,14.1067,14.4933,13.92,14.3,249500
HDNG,20071025,31.29,32.12,31.09,31.56,94000
HDSN,20071025,0.97,0.98,0.96,0.96,29400
HEES,20071025,17.87,18.09,16.9,17.06,207400
HELE,20071025,17.91,18.05,17.73,17.9,189900
HEOP,20071025,16.04,16.14,15.98,16.1,3600
HFBC,20071025,14.27,14.27,14.27,14.27,0
HFWA,20071025,21.75,22.01,21.75,22,6700
HIBB,20071025,22.44,23.04,21.77,22.02,310100
HIFS,20071025,30.35,30.78,30.35,30.78,300
HIHO,20071025,5.38,5.44,5.13,5.24,47600
HIMX,20071025,3.97,3.97,3.8,3.82,599800
HLIT,20071025,12.1,12.25,11.91,12.09,2294800
HMNF,20071025,27.15,27.44,26.88,27.03,1100
HMSY,20071025,9.5167,9.59,9.2067,9.33,181500
HOFT,20071025,21.13,21.86,20.71,20.82,106700
HOLX,20071025,33.65,33.75,32.39,33.11,2695500
HOMB,20071025,5.39,5.4625,5.26,5.3025,47900
HOVNP,20071025,11.99,12,11,11.7,9300
HSIC,20071025,62.11,62.7,57.23,59.26,2310600
HSII,20071025,39.69,39.9,39.12,39.62,206600
HSKA,20071025,2.2,2.27,2.15,2.26,65800
HSTM,20071025,3.74,3.74,3.44,3.58,60600
HTBK,20071025,17.92,18.41,17.67,17.84,19500
HTLD,20071025,13.88,13.91,13.51,13.78,632200
HTLF,20071025,19.5,20.74,19.5,20.22,18800
HUBG,20071025,25.68,26,25.1,25.38,722000
HURC,20071025,55.15,55.35,54,54.97,38900
HURN,20071025,78.81,79.46,77.06,78.57,89100
HWAY,20071025,58.27,59.7,58,59.24,349500
HWBK,20071025,28.5,29.75,28.5,29.75,500
HWCC,20071025,18.16,18.5,17.55,17.91,155500
HWKN,20071025,15.36,15.36,15.36,15.36,0
HYGS,20071025,1.2,1.2,1.17,1.18,90400
IART,20071025,46.92,47.72,46.75,47.53,149300
IBCP,20071025,9.76,10.29,9.55,9.59,242800
IBKC,20071025,44.9,47.25,44.9,47.22,119200
IBKR,20071025,30.33,31.16,29.77,30.94,1708700
IBOC,20071025,20.88,21.12,20.54,20.85,148100
ICAD,20071025,2.94,2.99,2.92,2.97,28900
ICCC,20071025,4.31,4.38,4.05,4.29,1700
ICFI,20071025,31.3,31.92,30.36,31.48,160700
ICLR,20071025,57.52,61.3,57.1,60,241400
ICON,20071025,19,19.43,18.79,18.91,621600
ICUI,20071025,38.62,39.01,38.61,38.63,93700
IDCC,20071025,20.83,20.83,19.95,20.08,464100
IDSA,20071025,9,9.3133,8.7467,8.92,50400
IDSY,20071025,12.23,12.32,12.08,12.17,72200
IDTI,20071025,13.89,13.99,13.52,13.82,6219500
IDXX,20071025,29.0175,29.0175,28.375,28.5625,137200
IESC,20071025,24.13,24.55,23.33,23.42,177600
IFON,20071025,2.91,2.91,2.71,2.71,109100
IGLD,20071025,12.5,12.66,12.4,12.6,55100
IIIN,20071025,12.91,12.97,12.2,12.3,177900
IIJI,20071025,9.2,9.2,9.09,9.14,45200
IIVI,20071025,17.105,17.25,16.545,16.935,170000
IKNX,20071025,8.95,8.95,8.95,8.95,100
ILMN,20071025,56,56.4,52.82,54.77,2802100
IMGN,20071025,5,5.02,4.9,4.98,88500
IMKTA,20071025,27.5,28.48,27.29,28.08,87600
IMMR,20071025,16.28,16.41,15.77,15.83,257000
IMMU,20071025,2.68,2.68,2.45,2.48,736300
IMMY,20071025,13.75,13.75,13.75,13.75,100
IMOS,20071025,5.41,5.47,5.35,5.43,360000
INAP,20071025,16.54,16.85,16.06,16.16,491200
INCY,20071025,8.4,8.44,8.2,8.28,776200
INDB,20071025,29.19,29.95,28.57,29.17,47100
INFI,20071025,10.24,10.59,10.13,10.5,23700
INFN,20071025,24,24.46,22.62,23.29,309100
INFO,20071025,2.02,2.1,2,2.1,7400
INGN,20071025,4.07,4.07,3.95,4,62200
ININ,20071025,21.53,22.77,21.53,22.49,140500
INOD,20071025,4.06,4.06,3.85,3.9,26500
INSM,20071025,0.94,1.02,0.91,0.93,2245800
INTC,20071025,26.18,26.25,25.53,25.89,57694300
INTG,20071025,18.5,18.5,18.5,18.5,0
INTU,20071025,32.2,32.2,30.96,31.37,2644900
INTX,20071025,8.38,8.39,8.11,8.15,16500
INWK,20071025,16.63,17.11,15.69,15.98,608200
IOSP,20071025,21.54,21.92,20.98,21.14,99000
IPAR,20071025,16.608,16.608,15.875,16.001,100800
IPAS,20071025,4.3,4.4,4.28,4.36,140600
IPCC,20071025,40.44,40.95,37.56,38.24,332000
IPGP,20071025,20.2,20.39,19.17,19.46,253300
IPHS,20071025,15.44,15.5,15.1,15.32,64700
IRBT,20071025,17.9,18.5,17.2,17.92,1264800
IRIX,20071025,5.03,5.03,4.91,4.98,7400
ISBC,20071025,5.7647,5.8745,5.6863,5.7686,246300
ISCA,20071025,46.64,46.64,45.26,45.48,166700
ISIG,20071025,3.39,3.85,3.21,3.59,66700
ISIL,20071025,31.79,31.82,30.3,30.51,2635200
ISLE,20071025,19.79,20.35,19.66,19.98,121800
ISNS,20071025,16.45,18.54,16.45,18.21,18200
ISRG,20071025,323.91,334.88,318.62,329.45,3672900
ISRL,20071025,43.98,43.98,43.98,43.98,0
ISSC,20071025,19.74,20.25,19.48,19.78,37700
ITIC,20071025,38,38,38,38,1700
ITRI,20071025,104.56,104.84,101.12,103.74,234100
ITRN,20071025,11.41,11.69,11.34,11.5,19300
IVAC,20071025,18.06,18.19,17.41,17.59,197900
IXYS,20071025,10.56,10.74,10.45,10.62,147000
JAKK,20071025,26.95,27.24,25.76,26.02,607800
JASO,20071025,94.17,97.635,91.66,92.31,2997200
JAZZ,20071025,13.11,13.33,12.78,13.06,23100
JBHT,20071025,27.96,28.17,27.37,27.93,951400
JBLU,20071025,9.54,9.55,9.13,9.27,5727600
JBSS,20071025,9.5,10,9.42,9.48,8900
JCOM,20071025,33.05,33.89,32.76,33.17,202600
JCTCF,20071025,4.55,4.765,4.55,4.685,600
JJSF,20071025,35.17,36.22,35.15,35.38,41500
JKHY,20071025,27.47,28.17,27.42,28.01,658300
JMBA,20071025,29.4,29.55,28.05,28.6,1087100
JOBS,20071025,10.535,10.965,10.365,10.74,68200
JOUT,20071025,22.27,22.3,21.84,21.84,900
JRJC,20071025,34.07,34.7,32.1,33.12,863900
JRVR,20071025,34.1,34.17,34.03,34.07,40900
JXSB,20071025,12,12,12,12,0
KALU,20071025,75.55,75.78,74.01,75.46,67100
KCAP,20071025,13.67,13.7,12.96,13.27,64500
KELYA,20071025,20.34,20.93,19.97,20.29,217600
KELYB,20071025,21.56,21.56,21.56,21.56,0
KEQU,20071025,15.3,15.77,15.12,15.47,2700
KERX,20071025,10.33,10.66,10.13,10.54,392800
KFFB,20071025,10.05,10.05,10.05,10.05,3800
KFRC,20071025,12.44,12.73,12.21,12.44,302600
KIRK,20071025,1.04,1.07,1.02,1.05,16700
KLAC,20071025,53.13,53.44,51.24,52.59,4825700
KLIC,20071025,7.68,7.68,7.43,7.46,920000
KONA,20071025,17.55,17.66,17,17.23,28700
KOOL,20071025,46.6,46.6,45,46,67500
KOPN,20071025,3.87,3.87,3.72,3.87,171600
KOSS,20071025,9.05,9.05,9.05,9.05,100
KRNY,20071025,13.05,13.19,12.93,13.02,55200
KTCC,20071025,4.74,4.74,4.52,4.61,35300
KTEC,20071025,30.5,30.66,30.32,30.66,11100
KTOS,20071025,2.61,2.65,2.57,2.6,115900
KVHI,20071025,9.35,9.58,9.23,9.39,20600
KZ,20071025,5.95,5.95,5.58,5.62,774900
LABL,20071025,21.12,21.31,20.95,20.97,10400
LAKE,20071025,12.27,12.49,12.02,12.42,2600
LAMR,20071025,52.74,52.74,50.84,52.02,1011800
LANC,20071025,38.18,38.34,37.19,37.32,135900
LARK,20071025,25.52,25.52,25.52,25.52,0
LAWS,20071025,35.34,35.57,34.55,34.98,4400
LAYN,20071025,55.74,56.91,55.62,56.84,113700
LBAI,20071025,13.89,14.06,13.67,13.78,45100
LBIX,20071025,2.32,2.4,2.2,2.21,78200
LBTYA,20071025,20.0102,20.2504,19.4379,19.5963,1720400
LBTYB,20071025,38.19,38.8,38.11,38.11,300
LBTYK,20071025,36.75,37,35.74,36.15,1245100
LCUT,20071025,16.78,17.06,16.69,16.93,70700
LECO,20071025,38.625,38.625,34.55,34.885,759700
LENS,20071025,3.56,3.57,3.52,3.54,4700
LFUS,20071025,34.58,34.99,33.88,34.13,90400
LGCY,20071025,24.27,24.4,23.33,23.61,73700
LGND,20071025,32.58,32.7,31.56,31.98,382200
LHCG,20071025,22.14,22.33,21.94,22,103200
LINC,20071025,14.36,14.45,13.89,14.26,21400
LION,20071025,12.65,12.9,12.64,12.8,4600
LIOX,20071025,4.55,4.76,4.5,4.67,232700
LJPC,20071025,3.93,4.03,3.88,4.03,71700
LKFN,20071025,13.5467,14.04,13.12,13.1333,23800
LLNW,20071025,10.64,11.56,10.64,10.94,1010000
LLTC,20071025,33.27,33.45,32.69,32.97,4318400
LMAT,20071025,7.2,7.45,7.04,7.05,16900
LMCA,20071025,41.0333,41.2733,40.47,40.9833,223400
LMIA,20071025,27.15,27.48,25.93,26.8,64800
LMNX,20071025,16.03,16.78,15.5,16.25,328300
LNCE,20071025,21.25,21.38,20.93,21.12,99200
LNDC,20071025,14.47,14.61,14.1,14.22,202400
LOGI,20071025,34.45,34.63,33.82,34.26,1123100
LORL,20071025,39.6,40.77,39.6,40.34,64700
LPNT,20071025,29.08,29.6,28.89,29.57,885000
LPSN,20071025,6.09,6.17,5.97,6,137400
LPTH,20071025,3.4,3.87,3.4,3.81,7200
LQDT,20071025,11.66,11.78,11.3,11.73,133100
LRCX,20071025,53.19,53.19,49.48,50.02,5435600
LSBK,20071025,9.95,10.2,9.94,10.2,5800
LSCC,20071025,4.35,4.35,4.17,4.3,1122000
LSTR,20071025,42.44,42.44,41.15,41.7,689400
LTRX,20071025,1.07,1.07,0.98,1.01,42700
LULU,20071025,27.51,27.515,25.455,25.5,1368300
LUNA,20071025,5.62,5.66,5.3,5.48,54900
LWAY,20071025,16.28,16.45,15.94,16.11,45000
LXRX,20071025,26.74,28,26.6,27.72,151500
LYTS,20071025,22.08,22.15,21.6,21.8,242100
MAGS,20071025,8.42,8.73,8.39,8.57,7500
MANH,20071025,7.2375,7.295,7.04,7.175,291100
MANT,20071025,36.86,37.21,36.63,36.84,129300
MARPS,20071025,37.11,37.11,35.51,35.8,10000
MASI,20071025,32.07,32.24,31.51,31.89,167600
MAT,20071025,20.94,20.96,20.58,20.77,3514800
MATR,20071025,25.2,25.2,24.03,24.09,395600
MATW,20071025,43.92,44.64,43.11,43.97,75300
MAYS,20071025,22.4,22.99,22.4,22.99,200
MBFI,20071025,32.66,33.02,32.15,32.52,190000
MBLX,20071025,155.82,157.8,152.82,155.22,128700
MBRG,20071025,29.3,29.5,29.3,29.5,6600
MBRX,20071025,3.06,3.06,2.84,3,29700
MBTF,20071025,10.66,11.46,10.64,11.27,76300
MBVT,20071025,23.1,23.3,23.1,23.3,300
MBWM,20071025,19.52,19.85,19.37,19.37,21000
MCBC,20071025,11,11.24,10.87,10.91,60700
MCHP,20071025,32.31,32.87,31.82,32.38,4950500
MCHX,20071025,10.46,10.6,10.24,10.3,323800
MCRI,20071025,29.81,30.98,29.61,29.87,157600
MDCA,20071025,10.14,10.17,10,10.06,95700
MDCO,20071025,17.95,19.07,17.35,18.4,1963500
MDM,20071025,4.6,4.65,4.53,4.63,17200
MDRX,20071025,25.82,26.12,25.6,25.89,991900
MELI,20071025,39.35,40.35,38.36,40.03,108700
MENT,20071025,16.15,16.21,15.68,15.91,1776800
MEOH,20071025,27.75,27.75,26.71,27.04,422000
MERC,20071025,9.25,9.34,9.1,9.22,93400
MFNC,20071025,9.48,9.5,9,9.26,16000
MFRI,20071025,16.23,16.99,16.22,16.31,22900
MFSF,20071025,17.5,17.5,16.75,16.99,5500
MGEE,20071025,22.1733,22.42,22,22.2267,35100
MGIC,20071025,2.01,2.05,1.99,2.04,8800
MGLN,20071025,41.78,42.28,41.15,41.44,261900
MGPI,20071025,8.79,8.83,8.6,8.6,110600
MGRC,20071025,34.66,34.95,33.6,33.9,155300
MGYR,20071025,10.4,10.52,10.4,10.52,15600
MHGC,20071025,21.1,21.25,20.8,21.14,156000
MIDD,20071025,21.8033,21.8233,21.1833,21.6033,79500
MIND,20071025,21.53,21.57,20.75,21.18,98300
MINI,20071025,17.25,17.25,16.75,16.97,2327400
MKSI,20071025,19.59,19.7,18.91,19.26,688200
MKTX,20071025,15.26,15.4,14.99,15.16,135900
MLAB,20071025,20.55,20.55,20.27,20.27,1500
MLHR,20071025,27.1,27.64,26.25,26.39,576600
MLNX,20071025,23.1,24,21.94,23.93,982000
MMLP,20071025,36.99,37.74,36.99,37.36,6400
MMSI,20071025,10.48,10.576,10.248,10.288,201100
MNDO,20071025,2.48,2.49,2.46,2.48,7100
MNKD,20071025,9.88,9.96,9.45,9.62,645200
MNOV,20071025,7.15,7.15,5.87,6.1,27400
MNRO,20071025,14.7333,14.9667,14.3533,14.66,145700
MNST,20071025,10.585,10.7267,10.5183,10.6817,1484000
MNTA,20071025,12.4,12.64,12.08,12.37,174500
MOCO,20071025,11.8,11.8,11.64,11.64,25200
MORN,20071025,70.58,71.95,69.66,71.73,168100
MOSY,20071025,6.65,6.67,6.49,6.55,105700
MPEL,20071025,16.72,16.73,15.75,15.79,2318400
MPET,20071025,1.1,1.1,1.07,1.08,53700
MPWR,20071025,22.58,22.58,21.93,22.26,449200
MRCY,20071025,12.3,14.1,12.09,13.49,531000
MRLN,20071025,14.67,14.7,14.1,14.15,58000
MRTN,20071025,9.2067,9.44,9.0333,9.36,251700
MRVC,20071025,2.89,2.94,2.75,2.76,721500
MRVL,20071025,17.3,17.32,16.28,16.64,20825900
MSBF,20071025,10.05,10.05,10.05,10.05,0
MSCC,20071025,27.23,27.27,25.79,25.87,1136100
MSEX,20071025,18.55,18.75,18.5,18.75,14700
MSFG,20071025,17.22,17.27,16.31,16.7,57700
MSFT,20071025,31.57,32.22,31.49,31.99,169588700
MSON,20071025,4.92,5.3,4.68,5.17,10300
MSTR,20071025,85.89,87.6,84.61,84.95,170500
MTEX,20071025,85.9,85.9,81.5,83.1,153900
MTRX,20071025,28.73,29.16,27.55,28.04,245200
MTSC,20071025,42.16,42.78,41.91,42.1,54200
MTSL,20071025,1.11,1.29,1.11,1.29,900
MU,20071025,9.74,9.78,9.37,9.43,16747900
MVIS,20071025,34.48,35.92,34.4,34.72,316300
MXIM,20071025,28.26,28.26,28.26,28.26,0
MXWL,20071025,11.15,11.21,10.85,10.91,137800
MYGN,20071025,26.115,26.24,25.515,25.63,447500
NAII,20071025,7.71,7.79,7.49,7.63,18000
NANO,20071025,10.45,10.49,9.93,10.27,87700
NATH,20071025,16.49,16.65,16.4,16.61,3400
NATI,20071025,22.5,22.6667,21.52,22.0333,664100
NAVG,20071025,55.6,55.6,54.68,54.92,74000
NAVI,20071025,10.12,10.17,9.66,9.85,78600
NBIX,20071025,10.17,10.17,9.76,9.8,310200
NBN,20071025,17.35,17.35,17.35,17.35,0
NBTB,20071025,22.31,23.67,22.31,23.09,253300
NCIT,20071025,19.21,19.21,18.61,18.75,44500
NCMI,20071025,28.48,29.15,27.84,28.85,132200
NCTY,20071025,30.25,31.08,29.59,30.04,319900
NDAQ,20071025,42.87,44.5,42.56,43.67,4498200
NDSN,20071025,26.645,27,26.16,26.73,211500
NEOG,20071025,11.1511,11.5955,11.1511,11.36,54700
NEON,20071025,3.98,4.07,3.81,4,18100
NEPT,20071025,4.07,4.25,4,4.25,11900
NEWS,20071025,11.41,11.55,10.78,10.78,32700
NEWT,20071025,7.85,7.85,7.85,7.85,9800
NFLX,20071025,3.5886,3.69,3.5843,3.6186,1381200
NICE,20071025,39.9,40.03,39.28,39.71,251200
NICK,20071025,8.73,8.74,8.43,8.46,18700
NIHD,20071025,59.5,59.62,52.51,56.05,23913900
NILE,20071025,81.82,82.65,78.1,78.13,373900
NKSH,20071025,19.05,19.05,19.05,19.05,300
NKTR,20071025,6.59,6.6,5.79,6.05,3951800
NLST,20071025,2.95,2.95,2.83,2.87,24200
NMRX,20071025,7.62,8,7.62,7.95,14900
NNBR,20071025,9.95,10.02,9.83,10.01,33200
NOVN,20071025,14.49,14.49,14.24,14.31,226700
NRIM,20071025,22.5,22.9,22.42,22.42,11500
NSEC,20071025,17.76,17.76,17.76,17.76,0
NSIT,20071025,25.98,26,25.44,25.85,519900
NSSC,20071025,5.83,5.89,5.82,5.87,21600
NSYS,20071025,7.06,7.68,7.06,7.4,1200
NTAP,20071025,32.05,32.38,30.42,30.58,10451600
NTCT,20071025,13.71,13.71,12.5,12.54,404700
NTEC,20071025,1.49,1.49,1.46,1.47,23200
NTES,20071025,19.99,20.29,19.38,19.59,561100
NTGR,20071025,31.27,32.32,30.95,31.49,890600
NTRI,20071025,25.8,30.68,25.8,30.55,5388400
NTRS,20071025,72.62,73.97,71.66,72.98,2089500
NTWK,20071025,40.3,41.5,38.1,38.4,974300
NUAN,20071025,21.79,22,20.45,20.5,2995600
NURO,20071025,207.84,209.76,202.08,202.8,26300
NUTR,20071025,14.81,14.82,14.63,14.72,25600
NUVA,20071025,38.23,42.14,38.2,41.71,1587100
NVAX,20071025,4,4.08,3.87,3.89,349300
NVDA,20071025,36.85,37.2,33.59,34.7,20158300
NVEC,20071025,29.58,29.58,28.8,28.9,51000
NVGN,20071025,7.41,7.61,7.4,7.45,7400
NVLS,20071025,27.97,28.13,27.32,27.76,3519400
NVMI,20071025,2.9,2.99,2.8,2.87,43900
NWFL,20071025,29.9,30.65,29.9,30.65,900
NWPX,20071025,36.81,36.81,36.18,36.33,59300
NXST,20071025,9.31,9.5,8.97,9.4,136700
NXTM,20071025,14.21,14.35,14.05,14.33,60300
NYMX,20071025,5.92,5.92,5.67,5.8,12300
NYNY,20071025,28.7,28.9,27.5,28,75700
OBAS,20071025,17.25,17.95,17.2,17.45,4400
OBCI,20071025,1.8,1.82,1.76,1.79,14300
OCFC,20071025,16.61,16.9,16.36,16.41,64800
OCLS,20071025,234.85,255.5,234.85,252,113900
ODFL,20071025,9.6089,9.7867,9.2845,9.7067,661400
OFIX,20071025,52,52.15,51.8,52.09,87400
OFLX,20071025,15.67,16.15,15.29,15.81,7100
OIIM,20071025,17.33,17.39,15.6,15.9,436300
OKSB,20071025,18.39,19,18.2,18.35,76300
OLBK,20071025,9.08,9.08,9,9,200
OMAB,20071025,29.83,31.04,29.81,29.85,75900
OMCL,20071025,25.23,25.65,25,25.49,614000
OMEX,20071025,81.6,82.08,79.2,79.2,124000
ONEQ,20071025,108.86,109.39,107.52,108.1,103100
ONVI,20071025,8.14,8.14,7.95,8.06,13000
OPHC,20071025,330,330,328.4,330,9200
OPOF,20071025,19.5,19.5,19.5,19.5,0
OPTT,20071025,162.6,164.6,161.1,163,26500
OPXA,20071025,16.36,16.44,15.24,15.68,9500
ORBC,20071025,7.44,7.69,7.1,7.17,203200
ORBK,20071025,19.95,20.74,19.75,20.71,42400
OREX,20071025,150.8,152.7,146.3,149.5,414400
ORIT,20071025,16.1,16.59,15.97,16.08,17200
ORLY,20071025,32.93,32.93,32.16,32.81,778400
OSBC,20071025,27.81,28.23,27.55,27.97,28200
OSBCP,20071025,10.05,10.05,10.05,10.05,0
OSHC,20071025,11.59,11.59,10.8,10.8,4000
OSIR,20071025,13.2,13.5,12.75,13.18,64400
OSIS,20071025,23,23.49,22.75,23.08,108600
OSTK,20071025,34.79,36,34.48,34.64,356800
OSUR,20071025,10.19,10.19,9.98,10.04,153000
OTEX,20071025,14.75,15.625,14.31,14.64,1203400
OTIV,20071025,5.61,5.89,5.55,5.57,25900
OTTR,20071025,35.24,36,35.07,35.6,70700
OVBC,20071025,25.5,25.5,25.5,25.5,0
OZRK,20071025,7.2475,7.33,7.1075,7.2825,107900
PAAS,20071025,29.4,30,29.14,29.76,906000
PANL,20071025,18.33,18.42,17.56,17.89,225700
PATK,20071025,7.6733,7.6733,7.6733,7.6733,300
PAYX,20071025,40.78,41.05,39.75,40.4,4658500
PBCT,20071025,18.48,18.48,17.72,17.9,3050700
PBHC,20071025,10.05,10.05,10.05,10.05,0
PBIB,20071025,20.75,20.9,20.75,20.8,7600
PBIP,20071025,13.15,13.15,13.15,13.15,6500
PCAR,20071025,56.37,56.92,53.27,54.81,4468400
PCBK,20071025,15.75,15.94,15.75,15.94,5500
PCLN,20071025,88.86,89.78,86.08,87.15,571800
PCTI,20071025,8,8.78,7.98,8.28,91200
PCYO,20071025,8.63,8.63,7.83,7.84,26800
PDCO,20071025,38.37,38.81,37.89,38.12,1049500
PDEX,20071025,1.38,1.4,1.38,1.4,2100
PDFS,20071025,8.15,8.45,7.96,8.05,142700
PDLI,20071025,21.02,21.2,20.61,20.84,2249500
PEBK,20071025,17,17.26,17,17.15,2600
PEBO,20071025,25.06,25.06,24.08,24.26,18600
PEGA,20071025,5.85,5.96,5.755,5.81,45400
PEIX,20071025,115.35,117.15,110.4,112.95,699000
PENN,20071025,61.38,62.3,61.38,61.81,1538500
PERY,20071025,23.07,23.5,22.49,22.69,146700
PESI,20071025,14.75,14.95,14.3,14.45,10100
PETS,20071025,14.77,14.93,14.55,14.6,340000
PFBC,20071025,31.2,31.21,30.85,31.04,60200
PFBI,20071025,14.63,14.63,14.63,14.63,100
PFBX,20071025,20.2,20.51,20.2,20.5,13400
PFIN,20071025,11.55,11.63,11.5,11.63,7400
PFSW,20071025,1.37,1.37,1.32,1.35,32800
PGNX,20071025,23.36,23.71,22.65,23.06,109500
PGTI,20071025,8.16,8.21,7.98,8.01,38600
PHII,20071025,32.49,33.72,32.45,33.72,1000
PHIIK,20071025,33.06,33.49,32.35,33.19,9600
PHMD,20071025,4.4,4.5,4.25,4.4,29600
PICO,20071025,40.55,40.78,39.3,39.79,166400
PKBK,20071025,15.98,15.98,15.65,15.65,1000
PKOH,20071025,25.77,25.81,25.05,25.08,54900
PLAB,20071025,11.06,11.08,10.4,10.45,457300
PLBC,20071025,12.04,12.4,12.04,12.4,600
PLCE,20071025,25.24,25.55,24.81,25.08,816100
PLPC,20071025,49.65,49.87,49.65,49.81,500
PLUG,20071025,3.35,3.37,3.25,3.36,948900
PLUS,20071025,7.63,7.63,7.63,7.63,0
PLXS,20071025,27.44,27.47,25.85,25.9,512000
PMBC,20071025,14,14.88,14,14.21,12500
PNBK,20071025,198.2,198.2,198.2,198.2,100
PNFP,20071025,27.83,28.81,27.68,27.95,27800
PNNT,20071025,13.62,13.92,13.34,13.45,64100
PNRA,20071025,43.16,43.39,41.13,41.66,1437000
PNRG,20071025,54.8,54.8,54.8,54.8,0
PNTR,20071025,8,8.22,7.9,7.92,7400
PODD,20071025,26,26.79,25.73,25.9,106900
POOL,20071025,24.01,24.9,23.72,24.03,322400
POWI,20071025,31.03,31.66,29.99,30.75,235000
POWL,20071025,40.23,40.57,39.39,40.25,18500
PPBI,20071025,10.44,10.46,10.44,10.46,700
PPHM,20071025,0.61,0.61,0.59,0.59,822200
PRAA,20071025,15.1867,15.52,14.68,14.7433,616700
PRAN,20071025,16.38,17.64,16.38,17.58,2400
PRCP,20071025,14.12,14.5,14.09,14.48,130600
PRFT,20071025,18.29,18.58,17.77,18,380500
PRFZ,20071025,57.39,57.39,56.07,56.41,40900
PRGS,20071025,21.6267,21.6667,21.1333,21.4333,188100
PRGX,20071025,16.56,16.76,16.26,16.5,59900
PRKR,20071025,149.7,150.6,146,150,162600
PROV,20071025,20.11,20.11,19.71,19.84,9400
PRSC,20071025,33.28,33.36,32.6,32.77,98900
PRTS,20071025,8.04,8.15,8.03,8.05,24700
PRXL,20071025,22.185,23.36,22,22.665,287900
PSDV,20071025,1.12,1.22,1.09,1.13,181600
PSEC,20071025,15,15.11,14.59,14.91,231700
PSMT,20071025,27.9,29.78,27.9,28.12,128500
PSTI,20071025,8,8,8,8,12900
PTEN,20071025,20.74,20.75,19.85,20.09,4809900
PTIE,20071025,9.61,9.89,9.51,9.61,105300
PTNR,20071025,17.81,17.99,17.52,17.64,95900
PTSI,20071025,18.25,18.25,17.51,17.58,20900
PVTB,20071025,27,28,26.98,27.09,299200
PWOD,20071025,31.74,31.74,31.05,31.05,700
PXLW,20071025,1.25,1.25,1.1,1.11,1208000
PZZA,20071025,11.27,11.555,11.27,11.47,240800
QBAK,20071025,22.32,22.32,20.7,20.7,5400
QCLN,20071025,26.1,26.77,26.1,26.35,38500
QCOM,20071025,41.66,42,40.44,40.79,15620100
QCRH,20071025,14.5,14.5,14.5,14.5,0
QDEL,20071025,18.71,19.14,18.33,18.57,290900
QGEN,20071025,21.13,21.95,21.13,21.9,652400
QLTI,20071025,4.45,4.49,4.2,4.42,1077200
QQEW,20071025,23.85,23.96,23.45,23.63,6700
QQQ,20071025,53.88,53.98,52.75,53.05,233835300
QQQX,20071025,19.44,19.57,19.02,19.25,40500
QQXT,20071025,23.23,23.23,22.46,22.57,1300
QSII,20071025,18.085,18.455,18.005,18.245,162100
QTEC,20071025,23.63,23.63,22.98,23.13,530700
QUIK,20071025,3.7,3.74,3.3,3.3,211000
RADA,20071025,4.14,4.2,4.12,4.12,10700
RAIL,20071025,39,39.15,37.6,38.23,385900
RAND,20071025,4.03,4.05,4.03,4.05,500
RAVN,20071025,20.83,21.285,20.53,20.82,48900
RBCAA,20071025,14.99,15.7,14.99,15.44,33400
RBPAA,20071025,19.51,19.6,19.19,19.19,9300
RCII,20071025,15.85,15.96,15.5,15.79,1329400
RCKY,20071025,6.86,6.91,6.76,6.85,30600
RCMT,20071025,7.73,7.9,7.73,7.88,10400
RDCM,20071025,0.91,1.02,0.91,1.02,31500
RDNT,20071025,9.45,9.95,9.33,9.81,256000
RDWR,20071025,7.615,7.8,7.59,7.8,65800
RECN,20071025,21.82,21.93,21.43,21.59,378200
REFR,20071025,16.65,17.4,15.26,15.54,453800
REGN,20071025,21.93,22.4,21.54,21.95,486100
RELL,20071025,7.28,7.56,7.2,7.33,41100
RELV,20071025,64.33,64.68,62.3,62.3,22400
REXX,20071025,8.91,9.34,8.9,9.17,22700
RFIL,20071025,3.655,3.74,3.56,3.65,7600
RGCO,20071025,13.08,13.08,13.08,13.08,0
RGEN,20071025,4.25,4.27,4.21,4.24,57900
RGLD,20071025,31.9,32.22,31.4,32.09,354400
RICK,20071025,15.53,16,15.2,15.49,70300
RIGL,20071025,9.89,10.01,9.64,9.74,104800
RLOG,20071025,6.3,6.47,6.3,6.47,3400
RMBS,20071025,19.54,19.85,19.02,19.12,1255300
RMCF,20071025,17.04,17.25,16.84,17.17,10700
RMTI,20071025,6.32,6.47,6.28,6.45,44000
RNST,20071025,23.44,23.98,22.9,23.51,48600
RNWK,20071025,6.51,6.62,6.41,6.43,1369000
ROCK,20071025,17.62,17.8,16.66,16.69,156500
ROIA,20071025,3.51,3.63,3.45,3.48,22300
ROIAK,20071025,3.57,3.61,3.45,3.49,381600
ROLL,20071025,40.33,41.07,40.03,40.59,127600
ROSG,20071025,99.75,99.75,97.5,97.65,4300
ROST,20071025,6.635,6.79,6.4625,6.545,1831200
RPRX,20071025,12.64,12.82,12.52,12.7,43100
RRGB,20071025,40.45,40.45,38.77,38.95,305200
RSYS,20071025,12.92,13.02,12.5,12.52,93600
RTIX,20071025,10.65,10.94,10.53,10.9,101200
RUSHA,20071025,16.4,17.02,16.3,16.71,137100
RUSHB,20071025,15.07,16.12,15.07,15.94,21100
RUTH,20071025,13.2,13.37,12.9,12.96,238100
RVSB,20071025,13.45,13.45,13.24,13.26,8100
RYAAY,20071025,47.29,47.65,46.85,47.28,1414400
SAFM,20071025,33.48,34.32,33.31,33.6,589700
SAFT,20071025,35.08,35.38,34.12,34.47,92500
SAIA,20071025,9.8733,10,9.28,9.38,263200
SALM,20071025,8.38,8.66,8.29,8.56,24700
SANM,20071025,2.21,2.23,2.13,2.15,7910800
SASR,20071025,27.06,27.43,26,26.22,84300
SBAC,20071025,35.6,36.02,35.4,35.8,975300
SBBX,20071025,12,12.03,11.7,12.03,176900
SBCF,20071025,70.6,75.45,70.25,72.35,106800
SBGI,20071025,11.97,12.15,11.68,11.75,700100
SBNY,20071025,34.14,34.54,33.67,34.11,259600
SBSA,20071025,2.6,2.62,2.55,2.61,60500
SBSI,20071025,20.7238,21.0571,20.381,20.4762,16500
SBUX,20071025,13.1,13.24,12.9,13.085,12384400
SCHL,20071025,37.51,38.21,37.34,38.06,482800
SCHN,20071025,74.51,75.74,73.24,74.61,248300
SCKT,20071025,1.05,1.05,0.86,0.93,243100
SCLN,20071025,2.21,2.25,2.14,2.2,94700
SCMP,20071025,11.99,12.1,11.21,11.21,3400
SCON,20071025,1958.4,2154.6,1935,2106,2698900
SCOR,20071025,36.7,37.49,35,35.19,134000
SCSC,20071025,31.17,31.39,30.52,30.95,126400
SCSS,20071025,11.89,12.25,11.36,11.45,2086100
SCVL,20071025,10.0333,10.2133,9.96,10.1667,126800
SEAC,20071025,6.54,6.59,6.29,6.35,124300
SEED,20071025,9.31,9.44,8.65,8.7,1149600
SEIC,20071025,29,30.74,28.95,29.6,1956300
SENEA,20071025,26.86,26.86,26.86,26.86,0
SENEB,20071025,26.74,26.74,26.74,26.74,0
SFBC,20071025,23.99,24.08,23.72,23.73,10500
SFLY,20071025,33.11,33.45,31.76,31.85,201600
SFNC,20071025,26.21,26.53,25.71,25.81,19700
SFST,20071025,18.21,18.21,18.21,18.21,0
SGEN,20071025,11.55,11.87,11.2,11.39,479200
SGMA,20071025,12.4,12.76,12.1,12.31,3500
SGMO,20071025,15.95,17.45,15.4,16.29,1366400
SGMS,20071025,37.82,38.26,37.32,37.94,883400
SGRP,20071025,0.85,0.85,0.85,0.85,0
SHBI,20071025,23.67,23.67,23.67,23.67,0
SHEN,20071025,11.465,11.83,11.44,11.675,89500
SHLD,20071025,137.47,137.47,133.33,135.58,3355100
SHLM,20071025,22.91,23.58,22.86,22.93,190300
SHLO,20071025,10.65,10.66,10.04,10.45,5300
SHOO,20071025,6.5481,6.7645,6.5097,6.5245,477000
SHOR,20071025,17.4,17.74,17.32,17.44,52600
SIEB,20071025,3.46,3.71,3.43,3.7,2700
SIFI,20071025,10.78,10.78,10.57,10.57,12600
SIFY,20071025,8.02,8.04,7.75,7.79,174000
SIGI,20071025,22.23,22.45,21.2,21.43,376500
SIGM,20071025,55.18,55.22,53.75,54.74,851500
SILC,20071025,19.44,19.89,18.19,18.32,223400
SIMO,20071025,22.36,22.45,22.09,22.3,740500
SINA,20071025,53.5,53.5,50.82,51.37,1139300
SIRI,20071025,3.61,3.67,3.56,3.59,26617200
SIVB,20071025,47.35,47.51,45.97,46.15,922300
SIVBO,20071025,22.43,22.92,22.4,22.5,1100
SKYW,20071025,26.8,26.91,26.45,26.6,557900
SLAB,20071025,44.36,45.15,43.96,44.46,2168800
SLGN,20071025,27.84,27.965,25.66,26.05,736100
SLMAP,20071025,46.5,46.65,45.1,46.5,6600
SMBC,20071025,7.25,7.45,7.25,7.45,800
SMCI,20071025,9.82,9.95,9.65,9.8,36900
SMIT,20071025,6.53,7,6.4,6.88,19900
SMMF,20071025,17.6,17.82,17.6,17.79,5400
SMRT,20071025,6.94,6.99,6.62,6.69,317400
SMSI,20071025,61.44,61.6,59.24,59.88,400400
SMTC,20071025,18.58,18.69,17.04,17.3,2461600
SMTX,20071025,2.22,2.22,2.17,2.21,44900
SNAK,20071025,2.36,2.36,2.22,2.29,16800
SNBC,20071025,87,88.05,85,85.4,77100
SNCR,20071025,44.79,44.79,34.97,35.87,2435500
SNFCA,20071025,4.41,4.43,4.41,4.43,3400
SNHY,20071025,21.9133,22.4667,21.5267,21.9267,102400
SNMX,20071025,10.99,11.2,10.87,11,234200
SNPS,20071025,27.82,28.06,27.36,27.39,1004900
SNSS,20071025,15.3,15.84,15.06,15.36,55800
SOFO,20071025,2.6,2.6,2.42,2.54,41400
SOHU,20071025,46.8,47.44,45.36,46.54,1965100
SONA,20071025,11.99,11.99,11.99,11.99,100
SONC,20071025,24.91,25.02,24.59,25,902300
SONS,20071025,34.9,35.6,33.7,34.15,4550700
SORL,20071025,8.66,8.69,8.35,8.39,59600
SPAN,20071025,16.09,17.84,16.09,16.64,2100
SPAR,20071025,14.15,15.75,13.83,14.25,3886000
SPEX,20071025,642.2,665,589,627,8100
SPIL,20071025,11.64,11.66,11.15,11.5,2935400
SPLS,20071025,22.1,22.33,21.83,22.12,4840200
SPNC,20071025,15.83,16.08,15.52,15.71,335200
SPNS,20071025,1.61,1.64,1.59,1.64,1500
SPPI,20071025,4.25,4.34,4.16,4.2,92900
SPRT,20071025,4.87,4.9,4.72,4.8,128200
SPTN,20071025,22.62,22.7,22.05,22.2,348900
SPWR,20071025,111.68,112,103.78,106.78,2655900
SRCE,20071025,19.47,20.72,18.71,19.02,51900
SRCL,20071025,54.37,55.68,54.17,55.37,637100
SRDX,20071025,51.9,53.35,51.4,51.79,68400
SSBI,20071025,9.56,9.6,9.56,9.56,1500
SSFN,20071025,14.4,15.2,14.05,14.05,800
SSRI,20071025,37.9,38.68,37.7,38.56,522100
SSYS,20071025,30.01,30.15,29.25,29.38,122000
STAA,20071025,3.09,3.24,3.05,3.2,39900
STBA,20071025,32.33,33.17,32.06,32.73,88400
STEM,20071025,26.4,26.4,25.2,25.44,345300
STFC,20071025,28.02,28.05,27.24,27.61,101200
STKL,20071025,14.88,14.94,14.45,14.59,423900
STLD,20071025,26.15,27.475,25.665,27,4091700
STLY,20071025,13.81,13.84,13.06,13.36,61300
STMP,20071025,12.96,13.19,12.81,12.86,136800
STRA,20071025,175.75,179,174.61,178.53,55800
STRL,20071025,24.16,24.69,23.79,24.65,40900
STRM,20071025,2.95,3.02,2.92,3.02,4600
STRS,20071025,30.33,30.87,28.92,30.35,6400
STRT,20071025,48.02,48.02,45.99,46.95,8000
SUMR,20071025,5.25,5.25,5.21,5.21,35300
SVBI,20071025,10.95,11.06,10.05,10.05,20200
SWHC,20071025,21.5,21.5,20.96,21.23,618600
SWIR,20071025,19.52,19.52,18.22,19.07,2697700
SWKS,20071025,8.74,8.8,8.26,8.41,4729600
SYBT,20071025,16.1,16.4733,15.9667,16.2,46200
SYKE,20071025,17.55,17.81,17.43,17.75,150000
SYMC,20071025,18.66,18.95,17.93,18.5,40480800
SYNA,20071025,50,50.28,47.52,48.04,1130200
SYNL,20071025,18.01,18.45,17.27,17.75,93300
SYNT,20071025,22.025,22.895,20.77,21.05,635000
SYPR,20071025,8.6,8.77,8.31,8.74,42900
SYUT,20071025,29.89,29.92,29.6,29.92,4400
TACT,20071025,6.34,6.34,6.24,6.27,11200
TAIT,20071025,1.8,1.81,1.8,1.81,600
TASR,20071025,17.56,17.58,16.75,16.78,2163400
TAST,20071025,11.09,11.09,10.85,10.97,28000
TAYD,20071025,7,7.21,6.86,6.99,8400
TBBK,20071025,17.69,17.75,17.5,17.5,34700
TCBI,20071025,21.86,22.04,21.49,21.75,140100
TCBK,20071025,21.53,21.92,21.09,21.56,85100
TCX,20071025,3.8,3.92,3.8,3.84,92800
TEAM,20071025,12.83,12.91,12.68,12.8,4900
TECD,20071025,38.25,38.32,36.85,37.57,872700
TECH,20071025,65.82,66.92,65.39,66.59,209100
TESO,20071025,30.07,30.28,29.11,29.72,66700
TESS,20071025,9.1533,10.0933,9.1533,10.04,102500
TFSL,20071025,12.73,12.74,12.57,12.67,114300
TGEN,20071025,2,2.1,1.99,1.99,36100
THFF,20071025,29.46,30.31,29.03,29.43,12600
THLD,20071025,0.61,0.64,0.6,0.62,88200
THRM,20071025,7.55,7.59,7.2,7.21,28100
TICC,20071025,13.34,13.43,13.06,13.27,163200
TINY,20071025,10.48,10.49,10.12,10.19,77300
TISA,20071025,3,3,2.82,2.98,10700
TIVO,20071025,7.3,7.33,6.94,7.03,1023100
TLT,20071025,91.06,91.18,90.7,90.71,3062200
TORM,20071025,2.04,2.07,2.04,2.04,7300
TOWN,20071025,19.26,19.26,19.09,19.25,1100
TRIB,20071025,9.44,9.5,8.55,8.76,653400
TRMB,20071025,21,21.195,20.51,20.635,2134200
TRMK,20071025,25.02,25.61,24.69,25.15,395400
TRNS,20071025,5.9,5.9,5.7,5.86,1500
TROW,20071025,59.43,60.58,58.92,60.11,1630300
TRST,20071025,10.19,10.26,9.91,10.03,245400
TRUE,20071025,19.84,19.91,19.41,19.41,1200
TSBK,20071025,14.67,15.1,14.6,15.1,25800
TSCO,20071025,10.8,11.1225,10.4375,10.4675,1515200
TSEM,20071025,24,24.75,24,24.45,35400
TSRA,20071025,37.46,37.5,36.18,36.74,515000
TSRI,20071025,4.47,4.48,4.47,4.48,1100
TTEC,20071025,26.5,26.65,25.69,25.97,857600
TTEK,20071025,22.06,22.31,21.8,22.26,521000
TTGT,20071025,16.07,16.28,16,16,9800
TTMI,20071025,12.49,12.51,12.17,12.25,354600
TTWO,20071025,17.85,18.19,17.17,17.41,1058800
TUES,20071025,7.23,7.32,6.84,7.16,718600
TWER,20071025,58,60.2,52,52.2,140500
TWIN,20071025,32.92,34.425,32.69,33.46,42300
TWMC,20071025,4.41,4.41,4.22,4.36,13900
TXN,20071025,31.65,31.8,30.9,31.33,16423900
TXRH,20071025,11.42,11.45,10.95,11.01,606200
TYPE,20071025,15.17,15.39,14.44,14.76,17000
TZOO,20071025,19.97,19.97,19.15,19.26,290000
UBCP,20071025,10.34,10.34,10.3,10.3,1300
UBFO,20071025,16.48,16.9,16.16,16.25,13900
UBNK,20071025,12.1,12.22,12.1,12.2,17900
UBOH,20071025,14.78,14.95,14.33,14.54,28000
UBSH,20071025,22.63,23.02,21.79,22.94,30700
UBSI,20071025,27.88,29.34,27.88,28.86,189700
UCBA,20071025,12.21,12.64,12.21,12.63,1300
UCBI,20071025,20.88,21.61,20.8,21.32,523500
UCFC,20071025,6.45,6.86,6.37,6.61,70500
UCTT,20071025,13.2,13.26,12.98,12.99,653900
UEIC,20071025,35.18,35.99,35,35.95,69800
UEPS,20071025,31.91,32.6,31.26,31.41,529300
UFCS,20071025,35.13,35.13,33.84,34.11,210000
UFPI,20071025,31.43,32.2,31.27,31.68,239700
UFPT,20071025,5.6,5.61,5.45,5.47,21300
UHAL,20071025,63.27,65.27,61.32,62.57,49200
ULBI,20071025,14.24,14.24,13.55,13.55,45400
ULTA,20071025,33,35,28.89,29.82,7487300
ULTI,20071025,34.8,35.06,33,33.08,276100
UMBF,20071025,43.5,43.5,42.1,42.25,238500
UMPQ,20071025,16.32,16.91,16.23,16.79,1223900
UNAM,20071025,11.26,11.32,11.26,11.32,300
UNFI,20071025,27.86,27.89,27.23,27.48,230900
UNTY,20071025,10.49,10.49,10.49,10.49,100
URBN,20071025,22.1,22.96,21.86,22.75,2423100
URRE,20071025,1296,1314,1272,1292.4,182400
USAK,20071025,14,14.07,13.69,13.77,54400
USAP,20071025,36.86,37.28,34.88,36.63,88300
USAT,20071025,7.06,7.11,6.76,7.05,142700
USEG,20071025,30.9,32.28,30.3,31.92,262700
USLM,20071025,32.54,32.78,32.54,32.67,700
UTEK,20071025,12.09,12.09,11.79,11.87,315100
UTHR,20071025,36.065,36.245,35.46,36.17,399200
UTMD,20071025,31.5,31.5,31.5,31.5,0
UTSI,20071025,10.38,10.44,9.57,10.02,2053800
UVSP,20071025,21.78,22.95,21.45,21.51,12800
VALU,20071025,45.7,46.76,45.45,46.51,19700
VASC,20071025,8.21,8.49,8.18,8.49,47100
VBFC,20071025,236.48,236.48,236,236,200
VDSI,20071025,30.45,31.4,25.93,26.13,10484600
VECO,20071025,18.36,18.41,17.73,17.97,736800
VIA,20071025,38.98,39.24,38.2,38.45,65600
VIAB,20071025,39.01,39.29,38.16,38.49,2447800
VICL,20071025,50.3,51.4,49.3,51.2,203500
VICR,20071025,13.14,13.65,13.12,13.57,155500
VIRC,20071025,9.66,9.94,9.35,9.84,17100
VIVO,20071025,28.54,30.95,28.5,30.83,645700
VLGEA,20071025,25.64,26.085,25.2,25.54,3000
VNDA,20071025,16.52,16.54,16.12,16.24,277600
VOD,20071025,38.65,39.06,38.44,38.74,5400300
VOXX,20071025,11.66,12.1,11.6,11.79,95500
VRML,20071025,1.04,1.04,1,1,145900
VRSN,20071025,34.66,34.7,33.4,33.99,3109100
VRTB,20071025,19.76,19.76,19.56,19.6,19900
VRTU,20071025,16.68,16.7,16.1,16.23,53400
VRTX,20071025,32.3,32.6,31.65,32.3,1720200
VSAT,20071025,30.63,31.01,29.71,29.81,216000
VSEC,20071025,28.77,29.25,28.735,28.79,27600
VVUS,20071025,5.11,5.15,5,5.07,246800
WABC,20071025,46.57,47.42,45.79,46.24,270100
WAFD,20071025,24.78,25.42,23.95,24.12,1059300
WASH,20071025,24.23,24.45,23.63,24.26,18900
WAYN,20071025,12.2,12.2,12.2,12.2,0
WBMD,20071025,44.3,45.82,43.91,45.2,291700
WDC,20071025,24.28,24.43,23.52,23.73,3040400
WDFC,20071025,38.95,39.61,38.2,39.03,191300
WERN,20071025,18.29,18.63,18.03,18.53,927500
WEYS,20071025,31.86,31.86,30.63,30.63,7400
WFM,20071025,24,24.26,23.42,23.805,1396400
WILC,20071025,5.79,5.8,5.66,5.71,18600
WINA,20071025,20.5,20.5,20.47,20.5,2800
WINS,20071025,6.85,6.97,6.78,6.83,20700
WIRE,20071025,20.92,21.45,20.84,21.21,862100
WLDN,20071025,10.21,10.21,9.66,9.66,5400
WLFC,20071025,15.08,15.3,15.08,15.3,6400
WMAR,20071025,11.08,11.58,10.75,11.17,225000
WMGI,20071025,27.27,27.3,26.58,27.12,205700
WOOF,20071025,44,44,41.05,42.05,1280300
WPCS,20071025,1694,1715.56,1675.52,1678.6,12400
WPPGY,20071025,67.61,68,66.92,67.35,88800
WRLD,20071025,33.21,33.58,32.52,32.85,254400
WSBC,20071025,22.43,23.04,22,22.4,55000
WSCI,20071025,6.78,6.8,6.17,6.25,45700
WSFS,20071025,20.74,21.2633,20.45,20.7533,27700
WSTG,20071025,13.94,13.94,13.51,13.65,9300
WSTL,20071025,2,2.15,1.95,2,697400
WTBA,20071025,14.07,14.07,13.95,13.95,8800
WTFC,20071025,35.89,36.17,35.19,36.04,316000
WVFC,20071025,16.6,16.6,16.6,16.6,0
WVVI,20071025,6.1,6.1,6,6.07,1600
WYNN,20071025,158,160.39,153.73,156.68,1508500
XLNX,20071025,25.58,25.58,24.34,24.58,8038400
XOMA,20071025,73,76,72.4,74.8,1129900
XRAY,20071025,41.55,42.4,41.55,41.93,1143600
XTLB,20071025,1.93,1.96,1.72,1.88,203500
XXIA,20071025,9.49,9.49,9.09,9.16,248900
YHOO,20071025,30.75,31.62,30.5,31.34,38711700
YORW,20071025,16.93,16.93,16.81,16.9,4800
YRCW,20071025,26.51,26.95,25.67,25.96,1265000
ZBRA,20071025,36.89,37.52,36.09,36.58,703900
ZEUS,20071025,26.34,26.34,24.78,24.78,184600
ZION,20071025,59.32,60.22,58.83,59.41,1413800
ZIOP,20071025,3.44,3.45,3.27,3.45,24900
ZIXI,20071025,3,3.23,3,3.15,1382000
ZUMZ,20071025,43.41,44.35,42.83,44.07,712200
