<ticker>,<date>,<open>,<high>,<low>,<close>,<vol>
AAME,20090706,0.8,0.8,0.8,0.8,0
AAON,20090706,5.9259,5.9793,5.843,5.9467,36300
AAPL,20090706,19.8143,19.8557,19.4643,19.8014,17810200
AAWW,20090706,22.31,22.37,21.58,22.09,251900
AAXJ,20090706,43.69,44.09,43.18,44.09,152800
ABAX,20090706,19.39,19.75,19.14,19.42,195500
ABCB,20090706,6.51,6.6,6.09,6.22,20000
ABCO,20090706,12.61,12.705,12.36,12.445,83700
ABIO,20090706,127.26,127.26,112.14,114.24,45300
ABMD,20090706,8.73,8.73,8.32,8.46,325900
ABTL,20090706,2.05,2.15,2.05,2.1,148700
ACAD,20090706,2.01,2.04,1.9,1.92,161700
ACAS,20090706,3.02,3.1,2.98,3.1,2210700
ACAT,20090706,3.98,4.01,3.94,3.94,43300
ACET,20090706,6.62,6.74,6.31,6.7,98600
ACFC,20090706,1.93,2.33,1.87,2.32,4200
ACGL,20090706,19.4867,19.8933,19.4733,19.8467,304900
ACHN,20090706,1.65,1.69,1.65,1.69,10900
ACIW,20090706,4.5767,4.6267,4.4833,4.5333,136300
ACLS,20090706,1.68,1.76,1.56,1.56,821600
ACOR,20090706,23.84,24.39,23.5,24.16,735700
ACPW,20090706,4.3,4.3,4,4.05,70400
ACTG,20090706,7.35,7.35,6.77,7.24,155300
ACTS,20090706,1.96,1.97,1.93,1.97,38700
ACUR,20090706,5.71,6.33,5.6,5.93,39600
ACWI,20090706,33.73,33.87,33.47,33.87,85600
ACWX,20090706,32.4,32.71,32.29,32.71,49100
ACXM,20090706,8.59,8.78,8.32,8.43,1330800
ADBE,20090706,27.1,27.42,26.81,27.16,7269300
ADES,20090706,2.095,2.095,1.93,1.93,7900
ADI,20090706,24.57,24.69,23.74,24.08,3511700
ADP,20090706,29.9123,30.114,29.719,30.0877,3692000
ADRA,20090706,21.53,21.58,21.44,21.55,4300
ADRD,20090706,17.3,17.46,17.23,17.46,4900
ADRE,20090706,33.61,33.84,33.21,33.83,134600
ADRU,20090706,16.89,17.05,16.78,17.05,5100
ADSK,20090706,18.07,18.22,17.78,18.17,4761100
ADTN,20090706,22.87,22.95,22.34,22.49,980500
AEHR,20090706,0.9,0.9,0.86,0.9,14600
AEIS,20090706,9.29,9.78,9.29,9.45,271200
AEPI,20090706,26.01,27.55,25.75,26.94,27200
AETI,20090706,2.2,2.2,2.04,2.11,4400
AEY,20090706,1.74,1.8,1.74,1.8,1900
AEZS,20090706,1050,1092,1044,1062,317200
AFAM,20090706,23,23.68,21.9,23.53,353700
AFSI,20090706,5.61,5.795,5.575,5.795,329200
AGEN,20090706,1.95,1.95,1.79,1.8,1091900
AGII,20090706,27.91,28.52,27.7,28.22,87500
AGNC,20090706,21.76,22.48,21.75,22.39,201000
AGYS,20090706,4.59,4.74,4.33,4.38,110900
AHGP,20090706,19,19.1,18.15,18.94,81800
AHPI,20090706,3.8,3.8,3.71,3.72,900
AIMC,20090706,7.77,8.16,7.54,7.61,146600
AINV,20090706,5.84,5.97,5.62,5.74,1054500
AIRM,20090706,9.13,9.2333,8.84,8.8867,89600
AIRT,20090706,7.78,7.8,7.78,7.8,2700
AIXG,20090706,12.87,13.67,12.84,13.67,41600
AKAM,20090706,18.98,18.99,18.03,18.64,7002000
AKRX,20090706,1.08,1.12,1.04,1.1,405100
ALCO,20090706,27.25,28.16,27.1,27.6,13200
ALGN,20090706,10.22,10.34,9.95,10.11,519300
ALGT,20090706,38,39.63,37.21,39.27,322700
ALKS,20090706,10.39,10.49,10.04,10.47,672800
ALLT,20090706,2.82,3.28,2.8,3.11,53700
ALNY,20090706,21.3,21.49,20.41,20.73,202100
ALOG,20090706,36.18,36.23,35.15,35.49,57000
ALOT,20090706,5.15,5.33,5.12,5.24,7600
ALSK,20090706,7.07,7.09,6.79,6.93,265600
ALXN,20090706,19.47,19.54,19.04,19.445,695200
AMAG,20090706,52.85,54.94,52.23,53.8,1191900
AMAT,20090706,11.07,11.41,10.86,11.25,27011900
AMCC,20090706,7.86,7.86,7.57,7.81,380500
AMCN,20090706,6.15,6.27,5.66,5.89,281000
AMD,20090706,3.74,3.77,3.5,3.55,26789300
AMED,20090706,32,32.64,31.91,32.49,267200
AMGN,20090706,51.19,52.18,50.65,52.05,7246100
AMKR,20090706,4.67,4.72,4.36,4.44,2458600
AMNB,20090706,19.75,20.79,19.75,20.33,32900
AMOT,20090706,1.92,2.09,1.83,2.09,16000
AMOV,20090706,18.6,19.22,17.805,19.22,3200
AMPH,20090706,22.87,23.21,22.39,23.15,28000
AMRB,20090706,10.4,10.4,10.4,10.4,700
AMRI,20090706,8.69,9.06,8.33,8.7,148400
AMRN,20090706,1.35,1.35,1.2,1.24,4900
AMSC,20090706,251.3,251.4,238.7,242.3,495000
AMSF,20090706,15.04,15.46,14.93,15.27,81700
AMSG,20090706,20.95,21.4,20.65,21.01,137300
AMSWA,20090706,5.47,5.99,5.47,5.61,59000
AMTD,20090706,16.75,17.34,16.75,17.27,4292900
AMWD,20090706,23.29,23.6,22.63,23.31,39900
AMZN,20090706,78.45,78.89,76.54,78.1,7369600
ANAT,20090706,74.36,75.27,73.14,74.73,77400
ANCX,20090706,5.8,5.83,5.6,5.65,2500
ANDE,20090706,20.52,20.5467,19.3333,19.78,441200
ANGO,20090706,13.05,13.4,12.84,12.97,187500
ANIK,20090706,4.8,5.21,4.8,5,44100
ANSS,20090706,30.18,30.44,29.72,30.08,845800
APEI,20090706,37.3,37.3,35.7,36.27,280500
APOG,20090706,11.83,12.29,11.42,11.96,249200
APOL,20090706,67.81,68,65.38,66.59,3700700
APPY,20090706,111.84,111.84,109.44,109.92,63100
ARAY,20090706,6.38,6.51,6.3,6.47,393800
ARCC,20090706,8,8.04,7.66,7.86,456400
ARCI,20090706,1.77,1.77,1.67,1.67,2400
ARCW,20090706,0.9,0.9,0.9,0.9,0
AREX,20090706,6.52,6.72,6.47,6.7,83800
ARIA,20090706,1.56,1.57,1.53,1.53,291400
ARII,20090706,8.55,8.55,7.5,7.71,119300
ARKR,20090706,12.75,12.76,12.5,12.5,400
ARLP,20090706,16.01,16.255,15.39,15.905,182700
ARNA,20090706,4.83,4.84,4.63,4.8,1664400
AROW,20090706,26.84,27.4,26.61,27.22,12100
ARQL,20090706,5.95,6.11,5.8,5.89,152400
ARRS,20090706,12.12,12.31,11.71,11.92,1604400
ARRY,20090706,3.1,3.12,3,3.06,86600
ARTNA,20090706,16.83,18.14,16.4,16.4,38700
ARTW,20090706,4.85,5,4.82,4.82,3600
ARTX,20090706,1.8,1.85,1.56,1.74,125000
ARWR,20090706,0.4,0.43,0.39,0.39,298200
ASCMA,20090706,24.97,25.99,24.97,25.64,80400
ASFI,20090706,5.23,5.35,5.05,5.25,25300
ASML,20090706,21.76,22.02,21.4,21.84,2393600
ASRV,20090706,1.8,1.84,1.72,1.84,12200
ASRVP,20090706,19.52,19.52,19.52,19.52,200
ASTC,20090706,1.29,1.29,1.12,1.12,12300
ASTE,20090706,27.87,27.98,26.76,26.82,258700
ASUR,20090706,0.1667,0.1667,0.16,0.16,81500
ASYS,20090706,4.76,4.9,4.6,4.78,46600
ATAI,20090706,8.79,8.79,7.91,8.2,21600
ATAX,20090706,5.65,5.65,5.39,5.52,39200
ATEC,20090706,39.6,39.84,36.84,38.52,99900
ATHN,20090706,34.03,34.14,32.95,34.07,268100
ATHX,20090706,0.88,0.88,0.81,0.81,44500
ATLO,20090706,23.95,24.26,23.78,24.2,14500
ATNI,20090706,37.87,37.9,36.42,37.67,75100
ATRC,20090706,3.33,3.33,2.96,3.09,78000
ATRI,20090706,127.92,133.34,124.31,132.26,7800
ATRO,20090706,8.2167,8.6583,8.2,8.525,44500
ATSG,20090706,2.57,2.7,2.53,2.67,687400
ATVI,20090706,12.36,12.36,12.05,12.19,7410500
AUBN,20090706,29.39,29.5,28,28.38,11700
AUDC,20090706,1.44,1.5,1.43,1.44,28200
AVAV,20090706,31.64,31.7,29.9,30.14,202400
AVID,20090706,12.62,12.64,12.2,12.43,193100
AWRE,20090706,2.55,2.55,2.49,2.49,3300
AXAS,20090706,0.94,0.95,0.89,0.94,359300
AXTI,20090706,1.35,1.35,1.29,1.3,74900
AZPN,20090706,8.9,9,8.75,8.95,103100
BABY,20090706,11.03,11.25,10.69,11.1,377500
BANF,20090706,34.62,35.89,34.03,34.59,31400
BANFP,20090706,24.95,25,24.92,24.95,2700
BANR,20090706,25.48,25.76,21.91,21.91,215800
BASI,20090706,0.85,0.85,0.83,0.83,1000
BBBY,20090706,29.77,30.13,29.31,29.94,3674900
BBGI,20090706,2.11,2.19,2.07,2.17,4200
BBOX,20090706,31.6,32.17,30.62,31.26,112500
BBRY,20090706,69.25,70.3,67.79,68.67,14036400
BBSI,20090706,10.47,10.52,10.1,10.38,56600
BCBP,20090706,8.93,8.93,8.9,8.91,1200
BCPC,20090706,16.2,16.7333,15.6867,16.2667,72300
BCRX,20090706,4.19,4.25,3.87,4.2,654400
BDGE,20090706,26.81,27.52,26.17,27.19,19200
BDSI,20090706,6.47,6.47,6.02,6.29,435000
BEAT,20090706,9.19,9.65,9.15,9.29,2232400
BEAV,20090706,12.43,12.59,12.06,12.39,1972100
BEBE,20090706,6.5,6.56,6.17,6.31,500800
BECN,20090706,14.03,14.5,13.97,14.08,334500
BELFA,20090706,13.65,13.73,13.08,13.54,3300
BELFB,20090706,14.82,15.91,14.78,15.81,32600
BFIN,20090706,8.88,9.23,8.8,9.15,34600
BGCP,20090706,3.8,3.85,3.52,3.83,312100
BGFV,20090706,10.55,11.23,10.55,11.19,154500
BIDU,20090706,28.677,28.9,27.832,28.581,1789100
BIIB,20090706,44.88,45.4,44.58,45.22,2731800
BIOS,20090706,5.71,5.98,5.56,5.89,591800
BJRI,20090706,16.42,16.62,16.1,16.55,238100
BKCC,20090706,6.29,6.54,6.23,6.48,111600
BKMU,20090706,8.74,8.74,8.46,8.53,153500
BKSC,20090706,11.23,11.23,11.23,11.23,500
BLDP,20090706,1.84,1.84,1.78,1.8,106100
BLDR,20090706,3.9,4.12,3.78,4.02,95000
BLKB,20090706,14.72,15.12,13.92,14.09,524800
BMRC,20090706,28.27,28.29,26.55,27.49,39300
BMRN,20090706,14.65,14.78,14.37,14.59,709500
BMTC,20090706,18.98,19,18.59,18.93,13300
BNCL,20090706,9.42,9.68,9.38,9.49,93600
BNCN,20090706,8.09,8.1,8.09,8.1,200
BNSO,20090706,1.05,1.1,1.02,1.1,16600
BOBE,20090706,28.21,28.56,27.38,28.17,307600
BOCH,20090706,5.32,5.32,5.32,5.32,0
BOFI,20090706,1.575,1.575,1.575,1.575,0
BOKF,20090706,35.41,36.04,34.84,35.51,170600
BONT,20090706,3.37,3.4,3.03,3.04,50800
BOOM,20090706,16.1,16.38,14.76,15.43,1027900
BOSC,20090706,1.84,1.84,1.6,1.8,38100
BPFH,20090706,4.3,4.5,4.13,4.38,649300
BPOP,20090706,20.1,20.3,17.3,17.8,8194200
BPOPM,20090706,15.5,15.5,15.12,15.12,5100
BPOPN,20090706,15.02,15.1,14.45,14.55,59700
BRCD,20090706,7.59,7.61,7.1,7.35,20051700
BRID,20090706,8.32,8.95,8.32,8.57,2400
BRKL,20090706,9.22,9.46,9.16,9.36,337200
BRKR,20090706,9.15,9.15,8.56,8.58,696000
BRKS,20090706,4.55,4.56,4.25,4.33,142200
BSET,20090706,2.59,2.64,2.59,2.59,27000
BSQR,20090706,2.98,2.98,2.74,2.74,2200
BSRR,20090706,12.62,13.26,12.51,12.63,12200
BSTC,20090706,23.76,24.8,23.49,23.98,7600
BUSE,20090706,6.83,6.97,6.25,6.33,88400
BVSN,20090706,12.58,12.58,12.57,12.58,2600
BWEN,20090706,112.2,120.5,108.5,120.2,446100
BWINA,20090706,19,19,19,19,0
BWINB,20090706,19.7,20.48,19.55,20.12,14400
BWLD,20090706,31.81,32.55,31.66,32.31,491200
BYFC,20090706,6.25,6.25,6.25,6.25,0
CA,20090706,16.7474,16.8369,16.5982,16.8269,3725300
CAAS,20090706,5.63,5.63,5.28,5.43,34900
CAC,20090706,33.57,34.35,32,33.7,26200
CACB,20090706,1.32,1.39,1.26,1.28,151200
CACC,20090706,22.22,24.2,22.21,24.03,36200
CAKE,20090706,16.67,16.88,16.17,16.6,1652700
CALD,20090706,2.86,2.86,2.79,2.81,27800
CALI,20090706,24,24,21.6,22.8,78000
CALM,20090706,12.5,12.635,12.185,12.605,212400
CAMP,20090706,0.84,0.96,0.83,0.91,166700
CAMT,20090706,0.5,0.5,0.5,0.5,0
CART,20090706,7.89,7.89,7.89,7.89,200
CARV,20090706,6.05,6.05,6.05,6.05,0
CASH,20090706,21.07,21.26,20.5,21.25,4100
CASM,20090706,1.8,1.8,1.8,1.8,0
CASS,20090706,33.28,34.63,33.28,34.42,20200
CASY,20090706,25.08,25.55,24.51,25.51,472400
CATM,20090706,3.58,3.83,3.55,3.74,13100
CATY,20090706,9.57,9.99,9.46,9.8,902100
CAVM,20090706,17.08,17.33,16.43,16.94,565300
CBAK,20090706,14.35,14.4,13.75,13.9,269200
CBAN,20090706,7.68,7.68,7.68,7.68,0
CBLI,20090706,76.4,76.4,70.8,75.4,12900
CBMX,20090706,1020,1065,1020,1053,1900
CBRL,20090706,28.6,28.99,28.01,28.88,444100
CBSH,20090706,31.35,32,31.35,31.83,435800
CCBG,20090706,16.85,16.95,16.5,16.85,132200
CCMP,20090706,28.15,28.28,27.47,27.98,175000
CCNE,20090706,15.03,16,14.07,15.95,55900
CCOI,20090706,8.08,8.16,7.88,8.13,188400
CCRN,20090706,6.42,6.66,6.15,6.35,152400
CCUR,20090706,5.6,5.63,5.3,5.4,15800
CDNS,20090706,5.68,5.69,5.53,5.62,3199000
CDTI,20090706,8.45,8.45,7.55,7.6,4500
CDZI,20090706,9.25,9.34,8.44,8.51,71000
CECE,20090706,3.98,4.01,3.96,4,12500
CECO,20090706,23.76,23.94,23.13,23.25,1196600
CELG,20090706,23.33,23.83,23.165,23.66,3192100
CENT,20090706,10.55,10.59,9.95,10.14,287500
CENTA,20090706,9.59,9.59,8.9,9.09,226500
CENX,20090706,5.33,5.58,5.13,5.22,5566400
CERN,20090706,14.8425,14.945,14.5725,14.935,1157800
CERS,20090706,0.95,0.95,0.91,0.92,23700
CETV,20090706,20.41,21.46,20.4,21.1,615300
CEVA,20090706,9.03,9.1,8.4,8.57,49800
CFBK,20090706,13.75,13.75,13.75,13.75,0
CFFI,20090706,18.49,18.5,18,18,700
CFFN,20090706,37.26,38.38,37.06,38.23,163400
CFNB,20090706,11.05,11.82,11.05,11.57,2900
CFNL,20090706,7.38,7.58,7.3,7.53,127000
CGEN,20090706,1.85,1.85,1.77,1.85,36600
CGNX,20090706,7.04,7.06,6.95,6.995,330000
CHCI,20090706,0.2,0.2,0.18,0.18,19400
CHCO,20090706,29.56,30.55,29.01,30.4,90600
CHDN,20090706,33.26,33.29,32.14,33.17,28900
CHFC,20090706,19.25,19.63,18.69,19.48,90700
CHFN,20090706,11.019,11.019,11.019,11.019,0
CHKE,20090706,19.64,19.64,18.75,18.8,30700
CHKP,20090706,22.87,22.94,22.65,22.94,2274200
CHNR,20090706,12.49,12.49,11.32,11.5,32400
CHRS,20090706,3.68,3.89,3.55,3.58,347300
CHRW,20090706,50.88,51.62,50.5,51.55,1166900
CHSCP,20090706,26.5,26.54,26.3,26.32,7300
CIDM,20090706,10,11.6,10,10.3,27900
CINF,20090706,21.91,22.45,21.91,22.41,1320900
CISG,20090706,14.11,14.11,13.26,13.42,35900
CIZN,20090706,31.29,34.85,29.8,33.58,19800
CKEC,20090706,8.39,8.51,8.27,8.38,108800
CLBH,20090706,4.2,4.2,4.2,4.2,100
CLCT,20090706,4.87,4.9,4.85,4.9,700
CLDX,20090706,7.33,7.53,7.05,7.09,117200
CLFD,20090706,1.56,1.65,1.56,1.58,27600
CLMS,20090706,13.48,13.66,13,13.45,172600
CLMT,20090706,15.31,15.52,14.79,15.42,107300
CLNE,20090706,8.4,8.44,8.13,8.39,586600
CLRO,20090706,2.9,2.9,2.85,2.88,300
CLSN,20090706,4.5,4.67,4.28,4.49,3300
CLUB,20090706,3.36,3.36,3.05,3.14,62600
CLWT,20090706,5.72,5.995,5.17,5.775,72400
CMCO,20090706,12.83,13.07,12.39,12.62,150600
CMCSA,20090706,13.78,14.01,13.73,13.9,14868800
CME,20090706,59.5,59.698,58.47,59.45,1002200
CMLS,20090706,6.72,6.8,5.84,5.84,131000
CMTL,20090706,31.65,32,31.02,31.39,314000
CNBKA,20090706,17.6,19,17.6,18.56,12700
CNMD,20090706,15.23,15.38,15,15.27,126900
CNOB,20090706,8.29,8.82,8.29,8.69,52000
CNSL,20090706,11.3,11.62,11.3,11.5,141600
CNTF,20090706,10,10.5,10,10.4,133000
CNTY,20090706,2.79,2.79,2.75,2.76,20000
COBZ,20090706,6.27,6.27,5.93,6.14,36400
COGT,20090706,10.62,10.82,10.57,10.66,294200
COHR,20090706,20.14,20.35,19.68,19.85,124000
COHU,20090706,9.19,9.63,8.88,9.14,92100
COKE,20090706,55,55.39,54.72,55.01,7800
COLB,20090706,10.78,11.83,10.6,11.54,160800
COLM,20090706,15.32,15.6,14.855,15.165,129400
CONN,20090706,12.07,12.87,11.65,12.4,240800
COOL,20090706,81.48,82.32,78.12,78.12,160000
CORE,20090706,6.685,6.75,6.4875,6.555,42500
CORT,20090706,0.8,0.82,0.79,0.8,20600
COST,20090706,44.57,45.79,44.5,45.7,4745700
COWN,20090706,8.14,8.14,7.95,8.07,19800
CPHC,20090706,7.07,7.07,7.07,7.07,0
CPLA,20090706,58.92,60,58.56,59.85,236000
CPLP,20090706,9.08,9.14,8.7,9.01,94600
CPRT,20090706,16.81,16.985,16.56,16.625,447000
CPRX,20090706,0.65,0.65,0.61,0.63,22400
CPSI,20090706,37.69,37.69,35.94,36.39,244300
CPSS,20090706,0.59,0.6,0.58,0.59,6100
CPST,20090706,16.4,16.6,15.8,16,2126100
CRAI,20090706,25.67,26.26,24.55,25.45,61900
CRAY,20090706,8.01,8.04,7.18,7.57,626000
CREE,20090706,28.99,29.31,28.4,28.81,1058700
CRESY,20090706,9.23,9.66,9.13,9.64,67000
CRIS,20090706,1.48,1.51,1.42,1.45,563500
CRME,20090706,19.5,20,18.6,19.25,249300
CRMT,20090706,19.56,20.17,19.13,20.07,151300
CRNT,20090706,6.18,6.63,6.17,6.59,240400
CROX,20090706,3.19,3.24,3.05,3.19,1053000
CRUS,20090706,4.27,4.3,4.15,4.21,211400
CRVL,20090706,11.65,11.765,11.485,11.575,48000
CRWS,20090706,3.34,3.34,3.25,3.25,1700
CRZO,20090706,16.53,16.73,15.31,15.9,1089500
CSBK,20090706,11,11.02,10.51,10.57,14200
CSCO,20090706,18.32,18.7,18.3,18.53,35302300
CSFL,20090706,7.67,7.8,7.5,7.62,13000
CSGP,20090706,38.55,39.02,38.3,38.89,189100
CSGS,20090706,13.95,14.25,13.78,14.15,281400
CSII,20090706,7.96,9,7.96,8.95,96800
CSIQ,20090706,11.71,11.74,10.69,11.05,1776600
CSPI,20090706,3.7,3.7,3.7,3.7,0
CSTR,20090706,25.96,26.16,25.81,26.1,394800
CSWC,20090706,18.3125,18.6125,18.1375,18.6075,3500
CSX,20090706,10.7933,10.9033,10.65,10.8467,6426000
CTAS,20090706,22.21,22.44,21.89,22.25,1068400
CTBI,20090706,26.18,26.99,26,26.9,33000
CTHR,20090706,0.49,0.6,0.49,0.58,31600
CTIB,20090706,1.82,1.82,1.82,1.82,0
CTIC,20090706,7.5,7.8,7.2,7.7,17383400
CTRN,20090706,24.51,25.02,24.04,24.48,151800
CTRP,20090706,10.9975,11.0875,10.585,10.9,620600
CTSH,20090706,13.14,13.225,13.005,13.21,4312000
CTWS,20090706,21.16,21.45,20.98,21.39,18900
CTXS,20090706,30.4,30.82,30.1,30.47,4358000
CUBA,20090706,6.1,6.1,6,6,7100
CUTR,20090706,8.39,8.5,8.34,8.49,88100
CVBF,20090706,5.79,6,5.58,5.84,769600
CVCO,20090706,27.08,27.49,26.62,27.38,13900
CVCY,20090706,5.4,5.4,5.4,5.4,0
CVGI,20090706,1.58,1.6,1.41,1.48,229000
CVGW,20090706,19.91,20.39,19.65,20.26,85100
CVLT,20090706,16.26,16.5,16,16.37,389100
CVLY,20090706,6.5,6.5,6.2,6.2,300
CVTI,20090706,4.87,4.91,4.18,4.29,16100
CVV,20090706,3.15,3.17,3.15,3.17,1200
CWBC,20090706,2.09,2.09,2.09,2.09,0
CWCO,20090706,15.53,16.13,15.21,16.04,114400
CWST,20090706,2.05,2.06,1.87,1.88,174700
CYAN,20090706,1.84,1.92,1.8,1.85,9100
CYBE,20090706,5.57,5.71,5.34,5.56,3400
CYCC,20090706,84,86.52,79.8,79.8,185100
CYCCP,20090706,1.42,1.47,1.42,1.47,900
CYNO,20090706,7.49,7.49,6.92,7.12,83300
CYOU,20090706,39,40.89,38.6,39.84,651600
CYTK,20090706,16.92,17.34,16.8,17.16,91200
CYTR,20090706,8.12,8.12,7.63,7.7,721700
CYTX,20090706,55.8,55.8,52.5,52.8,270800
CYTXW,20090706,2,2,2,2,0
CZFC,20090706,5.4,5.4,5.4,5.4,200
CZNC,20090706,20.06,20.6,19.36,19.92,25500
CZWI,20090706,5.55,5.55,5.4,5.4,2000
DAIO,20090706,2.84,3.17,2.84,3.17,700
DAKT,20090706,7.46,7.49,7.26,7.37,181700
DAVE,20090706,6.14,6.27,6,6.17,12400
DCOM,20090706,9.02,9.23,8.82,8.91,235600
DCTH,20090706,56,57.44,53.6,53.76,150100
DENN,20090706,2.15,2.17,2.07,2.1,355500
DEPO,20090706,3.09,3.3,3.09,3.21,279700
DEST,20090706,8.19,8.92,8.15,8.645,36400
DGAS,20090706,11.5,11.905,11.5,11.905,1900
DGICA,20090706,15.13,15.41,15.05,15.16,8400
DGICB,20090706,14.75,14.75,14.75,14.75,0
DGII,20090706,9.46,10.25,9.46,10.08,203900
DGLY,20090706,2.42,2.42,2.25,2.34,23900
DHIL,20090706,38.95,39.51,38.48,38.96,11800
DIOD,20090706,16.12,16.68,15.47,15.71,168700
DISCA,20090706,22.03,22.08,21.66,21.94,1857300
DISCB,20090706,21.85,21.85,21.85,21.85,300
DISCK,20090706,10.245,10.245,9.935,10.055,303800
DISH,20090706,15.86,16.27,15.25,15.46,4286500
DJCO,20090706,48.45,48.45,48.45,48.45,0
DLTR,20090706,13.6867,13.9234,13.5467,13.7067,1124400
DMLP,20090706,22.35,22.85,22.18,22.53,65200
DMRC,20090706,12.32,12.7,11.87,11.95,22500
DNBF,20090706,8.5,8.5,8.5,8.5,100
DORM,20090706,7.04,7.18,6.95,7.175,36000
DRAD,20090706,1.15,1.23,1.1,1.23,42500
DRAM,20090706,25.92,26.1,24.66,26.1,7500
DRRX,20090706,2.55,2.6,2.43,2.58,271200
DRYS,20090706,7800,7890,7380,7530,23492400
DSGX,20090706,3.9,3.9,3.78,3.81,6600
DSPG,20090706,6.76,7.11,6.75,6.81,104300
DSWL,20090706,3.45,3.5,3.41,3.48,29700
DTLK,20090706,4.25,4.37,4.02,4.26,12200
DTSI,20090706,26.3,26.3,25.33,25.75,142400
DVAX,20090706,12.5,13,12.2,12.3,196500
DWCH,20090706,1.68,1.69,1.64,1.64,3400
DWSN,20090706,27.68,27.69,25.52,25.79,162000
DXCM,20090706,5.86,5.86,5.41,5.62,362900
DXPE,20090706,10.56,10.74,10.1,10.22,167600
DXYN,20090706,2.58,2.58,2.5,2.5,9200
DYNT,20090706,3.5,3.7,3.1,3.7,7300
EBAY,20090706,6.8758,6.9474,6.7874,6.9263,17883500
EBIX,20090706,10.6733,10.8,10.5,10.7,49100
EBSB,20090706,3.1373,3.1373,3.0351,3.0964,13600
EBTC,20090706,12,12.37,11.88,12.19,19100
ECOL,20090706,17.22,17.31,16.62,17,95200
ECPG,20090706,12.48,12.86,12.26,12.72,71800
EDAP,20090706,1.35,1.5,1.35,1.35,15900
EDGW,20090706,2.29,2.45,2.21,2.44,3600
EDUC,20090706,5,5.1,4.77,5.1,5800
EEFT,20090706,18.79,18.79,18.1,18.55,258700
EEI,20090706,14.35,14.39,13.75,14.25,4300
EFII,20090706,10.98,11.11,10.84,11.04,412100
EFOI,20090706,0.65,0.65,0.5,0.57,110600
EFSC,20090706,9.68,9.93,9.5,9.77,10900
EFUT,20090706,8.03,8.36,7.56,7.9,37000
EGBN,20090706,9.03,10,8.77,8.93,32400
EGHT,20090706,0.63,0.63,0.59,0.61,122800
EGLE,20090706,6177.6,6249.6,5832,6148.8,3781800
EGOV,20090706,6.56,6.95,6.56,6.91,206600
EHTH,20090706,16.84,16.92,16.35,16.7,181200
ELGX,20090706,3.55,3.55,3.46,3.54,191700
ELNK,20090706,7.49,7.55,7.44,7.53,939400
ELON,20090706,78.8,78.8,75.2,76.1,129100
ELOS,20090706,6.72,6.88,6.5,6.74,84800
ELSE,20090706,2.35,2.35,2.35,2.35,0
ELTK,20090706,1.36,1.36,1.36,1.36,1200
EMCI,20090706,13.96,14.4333,13.8067,13.9067,20700
EMIF,20090706,24.4,24.4,24.25,24.32,1400
EMITF,20090706,1204.2,1229.4,1204.2,1227.6,1000
EMKR,20090706,4.88,4.88,4.64,4.68,1497000
EMMS,20090706,1.12,1.2,1.04,1.12,51000
ENDP,20090706,17.76,18.12,17.65,18.12,2116600
ENG,20090706,4.58,4.6,4.4,4.47,158400
ENOC,20090706,20.06,21.33,19.31,19.81,115100
ENSG,20090706,7.015,7.2,6.97,7.16,32600
ENTG,20090706,2.95,2.95,2.82,2.9,915400
EPAY,20090706,8.94,9.39,8.9,8.99,50600
EQIX,20090706,71,71.31,69.19,71.02,781100
ERIC,20090706,9.45,9.58,9.4,9.57,5167100
ERIE,20090706,34.5,35.6,34.5,35.46,126700
ERII,20090706,6.59,6.74,6.5,6.73,223500
ESBK,20090706,15.5,15.5,15.5,15.5,0
ESCA,20090706,0.94,0.94,0.91,0.91,700
ESEA,20090706,4.45,4.46,4.11,4.23,213100
ESGR,20090706,55.87,56.94,55.1,56.56,12200
ESIO,20090706,11.06,11.58,10.61,10.82,117100
ESLT,20090706,58.51,59.22,58.44,58.48,2100
ESMC,20090706,2.03,2.06,2.01,2.01,177000
ESRX,20090706,33.125,33.595,32.935,33.325,2555200
ESSA,20090706,13.35,13.92,13.35,13.52,58300
ETFC,20090706,12.9,12.9,12.3,12.8,51695200
ETRM,20090706,315,315,292.5,293.4,64200
EVBS,20090706,8.45,8.46,8.45,8.46,1000
EVEP,20090706,18.76,18.96,18.15,18.44,158800
EVK,20090706,1.66,1.75,1.66,1.7,5400
EVOL,20090706,2.5,2.57,2.5,2.51,54900
EWBC,20090706,6.33,6.49,6.05,6.3,1095200
EXAC,20090706,14.62,14.62,13.63,14.11,57600
EXAS,20090706,2.61,2.65,2.46,2.52,80700
EXEL,20090706,4.7,4.79,4.52,4.57,590800
EXFO,20090706,3.08,3.1,2.93,3.1,48500
EXLS,20090706,10.26,10.39,9.99,10.31,77800
EXPD,20090706,32.23,32.82,32,32.77,1802900
EXPE,20090706,14.95,15,14.23,14.43,5599000
EXPO,20090706,12.22,12.345,12.02,12.205,38400
EXTR,20090706,1.94,2,1.91,1.99,314900
EZPW,20090706,10.35,10.53,10.26,10.42,503300
FALC,20090706,4.55,4.55,4.27,4.29,122000
FARM,20090706,22.18,22.57,21.92,22.06,8700
FARO,20090706,15.13,15.48,14.96,15.14,96900
FAST,20090706,15.905,16.045,15.625,15.72,2347200
FBIZ,20090706,9.9,9.9,9.9,9.9,0
FBMS,20090706,7.5,7.5,7.5,7.5,0
FBNC,20090706,15.34,15.85,15.21,15.76,34100
FBSS,20090706,14.95,14.95,14.95,14.95,100
FCAP,20090706,17.01,17.29,17.01,17.24,2300
FCBC,20090706,12.06,12.73,12.04,12.15,75900
FCCO,20090706,7,7,7,7,0
FCCY,20090706,8.5,8.5,8.5,8.5,0
FCEL,20090706,47.88,48,45.6,45.84,1043400
FCNCA,20090706,131.85,133.49,129.46,132.57,27600
FDEF,20090706,12.61,13.08,12.61,12.98,73200
FDML,20090706,9.42,9.49,8.69,8.93,164200
FEIM,20090706,3.49,3.51,3.16,3.17,15900
FELE,20090706,12.665,12.79,11.93,12.165,128000
FFBC,20090706,7.69,8,7.5,7.76,248500
FFHL,20090706,1.47,1.55,1.47,1.53,5000
FFIC,20090706,9.27,9.41,9.05,9.33,57100
FFIN,20090706,16.4067,16.66,16.2734,16.5767,73300
FFIV,20090706,33.71,34.23,33.41,34.02,1642500
FFKT,20090706,25.51,25.99,25.13,25.2,8000
FFNW,20090706,8.17,8.2,8.01,8.17,47500
FHCO,20090706,4.75,4.98,4.63,4.95,121300
FINL,20090706,7.15,7.25,6.8,7.14,581900
FISI,20090706,14.09,14.09,13.38,13.59,25400
FISV,20090706,22.575,22.575,22.195,22.44,1666800
FITB,20090706,6.75,6.93,6.61,6.82,16814800
FIZZ,20090706,10.4,10.7,10.25,10.55,18800
FLEX,20090706,4.11,4.2,3.97,4.16,6974500
FLIC,20090706,15.22,16.3,15.22,15.5467,31500
FLIR,20090706,21.64,21.71,21.27,21.7,1772300
FLML,20090706,8,8,7.83,7.9,79300
FLWS,20090706,1.91,1.94,1.81,1.83,51400
FLXS,20090706,7.81,7.9,7.5,7.88,3000
FMBI,20090706,6.78,6.97,6.41,6.83,331000
FNLC,20090706,18.85,19.03,18.23,18.96,18300
FNSR,20090706,4.32,4.32,3.92,4,2488900
FOLD,20090706,10.61,11.85,9.93,11.37,72500
FONR,20090706,1.74,2,1.65,1.89,13600
FORD,20090706,1.6,1.63,1.58,1.59,44900
FORM,20090706,19.7,20.09,19.15,19.9,1842300
FORR,20090706,24.21,24.53,24.02,24.31,78300
FORTY,20090706,7.5,7.65,7,7.03,7200
FOSL,20090706,23,23.29,21.62,22.54,642500
FRBK,20090706,7.94,7.94,7.18,7.83,19300
FRED,20090706,12.62,12.79,12.3,12.42,179900
FRME,20090706,8.02,8.56,8.02,8.33,89700
FRPT,20090706,5.35,5.41,4.92,5.08,3498900
FSBK,20090706,12.26,12.35,11.95,12.19,4600
FSFG,20090706,9.86,9.86,9.85,9.86,300
FSLR,20090706,152.04,152.64,145.2,149.6,3956400
FSTR,20090706,28.29,28.8,27.27,28.37,41100
FTEK,20090706,9.14,9.14,8.59,8.68,125500
FUEL,20090706,0.38,0.38,0.35,0.35,46800
FULT,20090706,5.19,5.39,5.14,5.32,1320200
FUNC,20090706,10.31,10.85,10.3,10.75,2900
FUND,20090706,5.05,5.07,4.94,5.04,34900
FWRD,20090706,20.74,20.92,20.19,20.88,178900
GABC,20090706,14.33,15.99,14.33,15.23,88800
GAIA,20090706,5.28,5.3,4.96,5.05,76000
GAIN,20090706,4.3,4.43,4.12,4.27,36900
GALT,20090706,1.62,1.74,1.59,1.74,97800
GASS,20090706,4.8,4.82,4.59,4.8,48100
GBCI,20090706,14.02,14.2,13.51,13.76,652600
GBNK,20090706,9.2,9.2,8.95,9,56600
GCBC,20090706,7.025,7.27,7.025,7.27,200
GENC,20090706,4.6667,4.6933,4.5667,4.6467,2900
GENE,20090706,8.2,8.55,8,8,3000
GERN,20090706,8,8.19,7.8,7.91,5681800
GFED,20090706,6.9,7,6.9,7,600
GFN,20090706,1.5,1.5,1.5,1.5,0
GGAL,20090706,3.1,3.62,3.01,3.55,654900
GHDX,20090706,16.2,16.25,15.9,16.25,120700
GIFI,20090706,14.5,14.71,14.37,14.61,148100
GIGA,20090706,1.27,1.27,1.27,1.27,2500
GIGM,20090706,27.95,27.95,27.1,27.4,773100
GIII,20090706,5.43,5.64,5.275,5.47,79100
GILD,20090706,22.99,23.125,22.625,22.875,6850700
GILT,20090706,4.87,4.87,4.63,4.76,53100
GLAD,20090706,7.4,7.5,7.32,7.44,59400
GLBL,20090706,5.42,5.42,5.12,5.26,2071600
GLBZ,20090706,8.07,8.07,8.07,8.07,100
GLDD,20090706,4.73,4.81,4.59,4.72,166500
GLNG,20090706,8.42,8.74,8.12,8.7,233000
GLRE,20090706,17.26,17.46,17.04,17.35,53700
GLUU,20090706,1.2,1.2,1.1,1.16,35300
GNCMA,20090706,6.79,7.12,6.79,6.89,87700
GNTX,20090706,5.395,5.455,5.21,5.27,2012800
GNVC,20090706,7.3,7.9,7,7.1,312600
GOLD,20090706,61.66,62.62,60.5,61.15,1523800
GOOD,20090706,12.23,12.23,11.65,11.73,35400
GOODO,20090706,15.7,15.7,15.7,15.7,0
GOODP,20090706,15.55,15.71,15.11,15.71,700
GOOG,20090706,203.25,205.32,200.83,204.805,2262500
GPIC,20090706,5.3,5.42,5.21,5.3,3500
GPOR,20090706,6.18,6.18,5.76,5.97,245600
GPRE,20090706,6.61,7.25,6.18,7.24,91900
GPRO,20090706,41.47,42.23,41.02,41.61,293200
GRIF,20090706,31.44,32.07,30.27,31.14,6100
GRMN,20090706,23.56,23.86,23.07,23.32,2423100
GROW,20090706,8.49,8.56,7.95,8.51,111800
GRVY,20090706,8.72,8.72,8,8.72,11000
GSBC,20090706,20.03,21,19.76,20.71,86100
GSIT,20090706,3.91,3.92,3.81,3.87,113800
GSOL,20090706,7.65,7.68,7.13,7.41,154700
GT,20090706,11.29,11.44,10.85,11.13,5287000
GTIM,20090706,1.45,1.5,1.45,1.5,1700
GTLS,20090706,18.02,18.17,16.75,16.96,358300
GTXI,20090706,8.35,8.37,7.95,8.25,199300
GUID,20090706,3.84,3.92,3.71,3.71,27100
GULF,20090706,14.05,14.1,13.75,13.75,27400
GYRO,20090706,34.61,36.77,34.61,36.77,600
HA,20090706,5.6,5.71,5.45,5.68,445400
HAFC,20090706,1.51,1.53,1.39,1.47,399400
HAIN,20090706,7.815,7.935,7.715,7.83,471500
HALL,20090706,7.5,7.92,7.5,7.88,36900
HALO,20090706,6.45,6.59,6.34,6.49,294400
HAS,20090706,23.77,24,23.27,23.57,2090600
HAYN,20090706,22.53,22.98,22.25,22.76,99200
HBAN,20090706,3.92,4.04,3.82,3.91,22899300
HBANP,20090706,708,730,705,712.02,400
HBCP,20090706,12.06,12.38,12.06,12.34,33900
HBHC,20090706,30.82,31.14,29.9,31.07,99600
HBIO,20090706,3.64,3.93,3.61,3.78,117600
HBNC,20090706,4.8237,4.8237,4.6815,4.7407,9400
HCCI,20090706,11.27,12.21,11.27,12.02,3900
HCKT,20090706,2.48,2.48,2.42,2.45,75400
HCSG,20090706,12,12.2267,11.8,11.9467,226100
HDNG,20090706,4.34,4.34,4.15,4.26,10800
HDSN,20090706,1.42,1.42,1.38,1.38,6000
HEES,20090706,9.27,9.39,9,9.23,254800
HELE,20090706,17.07,17.85,17.02,17.42,116500
HEOP,20090706,5.7,5.7,5.7,5.7,0
HFBC,20090706,9.25,9.25,9.25,9.25,200
HFWA,20090706,11.23,11.69,11.02,11.02,131200
HIBB,20090706,17.2,17.2,16.74,16.93,428900
HIFS,20090706,29.25,29.25,29.25,29.25,200
HIHO,20090706,1.6,1.65,1.6,1.6,11200
HIMX,20090706,3.9,3.9,3.58,3.59,522100
HLIT,20090706,5.5,5.76,5.5,5.72,848200
HMNF,20090706,3.64,3.66,3.36,3.42,2100
HMSY,20090706,13.37,13.5367,13.3067,13.3833,171700
HOFT,20090706,11.45,11.49,11.06,11.41,58200
HOLI,20090706,5.85,5.85,5.64,5.68,15300
HOLX,20090706,13.57,13.74,13.37,13.65,2430000
HOMB,20090706,4.6625,4.83,4.62,4.79,55600
HOVNP,20090706,1.92,1.92,1.92,1.92,500
HSIC,20090706,46.53,46.79,45.69,45.83,1053600
HSII,20090706,17.26,17.26,16.58,16.79,115800
HSKA,20090706,0.35,0.35,0.33,0.33,24300
HSNI,20090706,9.87,9.87,8.97,9.18,514300
HSTM,20090706,2.63,2.65,2.63,2.65,3700
HTBK,20090706,3.71,3.79,3.6,3.61,34200
HTLD,20090706,14.48,14.72,14.35,14.68,498500
HTLF,20090706,13.53,14.08,13,13.14,42000
HUBG,20090706,20.08,20.2,19.41,19.92,239400
HURC,20090706,15.49,15.5,14.83,15.2,28200
HURN,20090706,46.41,46.64,44.8,45.36,157700
HWAY,20090706,13.38,13.38,12.63,13.09,159800
HWBK,20090706,10.41,10.46,10.41,10.46,800
HWCC,20090706,11.58,11.74,10.38,10.58,213400
HWKN,20090706,22.61,22.76,22.28,22.7,67600
HYGS,20090706,0.52,0.52,0.49,0.51,271700
IART,20090706,26.03,26.49,25.51,25.65,214600
IBB,20090706,69.91,70.48,69.4,70.47,810700
IBCP,20090706,1.15,1.38,1.13,1.33,82600
IBKC,20090706,39.33,40.21,39.33,40.02,331600
IBKR,20090706,15.53,15.53,15.19,15.39,639900
IBOC,20090706,10.18,10.3,9.76,9.94,418200
ICAD,20090706,1.2,1.21,1.14,1.21,128300
ICCC,20090706,2.4,2.7,2.4,2.7,2900
ICFI,20090706,26.52,26.71,25.29,25.7,88200
ICLN,20090706,22.27,22.27,21.37,21.67,18100
ICLR,20090706,20.69,21.35,20.46,21.1,462900
ICON,20090706,15.03,15.03,14.3,14.95,647100
ICUI,20090706,40.92,41.25,40.38,40.73,96000
IDCC,20090706,23.81,23.81,23.1,23.41,427700
IDRA,20090706,5.77,5.77,5.39,5.4,34700
IDSA,20090706,4.2,4.4067,4.1333,4.4067,6600
IDSY,20090706,3.51,3.53,3.18,3.49,14100
IDTI,20090706,6.16,6.19,5.93,6.04,4107500
IDXX,20090706,22.2,22.71,22.2,22.5,296300
IESC,20090706,6.91,7.29,6.27,6.85,32900
IFEU,20090706,21.68,21.98,21.68,21.98,1100
IFGL,20090706,24.81,25.02,24.73,25.02,49800
IFON,20090706,1.56,1.71,1.38,1.39,341000
IGLD,20090706,6.33,6.5,6.25,6.43,14800
IGOV,20090706,100.97,101.17,100.77,100.77,6300
III,20090706,2.88,2.97,2.28,2.61,161400
IIIN,20090706,8.52,8.52,8.37,8.4,82900
IIJI,20090706,3.69,3.7,3.67,3.67,11400
IIN,20090706,2.94,2.95,2.94,2.95,2400
IIVI,20090706,10.605,10.64,10.28,10.43,167300
IKNX,20090706,5.61,5.61,5.61,5.61,0
ILMN,20090706,32.75,33.3,32.33,32.94,3808300
IMGN,20090706,8.63,8.73,8.53,8.72,338700
IMKTA,20090706,15.22,15.36,15.21,15.27,45600
IMMR,20090706,3.65,3.8,3.65,3.7,163000
IMMU,20090706,2.44,2.47,2.38,2.46,180300
IMMY,20090706,7,7.5,7,7.5,1600
IMOS,20090706,0.7,0.72,0.7,0.7,51400
INAP,20090706,3.4,3.41,3.11,3.18,222900
INCY,20090706,3.36,3.39,3.3,3.36,767700
INDB,20090706,19.15,19.83,19.15,19.59,93400
INFI,20090706,5.45,5.8,5.4,5.78,94100
INFN,20090706,8.79,8.96,8.51,8.62,338700
ININ,20090706,12.9,12.9,12.26,12.51,49100
INOD,20090706,4.41,4.5,4.26,4.44,117900
INSM,20090706,0.98,1.05,0.95,0.98,4995600
INTC,20090706,16.61,16.84,16.37,16.54,47324200
INTG,20090706,11.87,11.87,11.87,11.87,100
INTU,20090706,27.87,28,27.6,27.95,2297100
INTX,20090706,4.16,4.56,3.96,4.29,9400
INWK,20090706,4.79,4.79,4.5,4.54,143100
IOSP,20090706,10.15,10.4,10.01,10.25,93300
IPAR,20090706,7.09,7.34,6.9,7.27,81200
IPAS,20090706,1.66,1.67,1.6,1.63,147300
IPCC,20090706,35.93,36.89,35.77,36.83,51200
IPGP,20090706,10.65,10.79,10.24,10.49,124500
IPHS,20090706,16.85,16.88,16,16.41,240100
IPXL,20090706,7.22,7.46,7.12,7.43,1209200
IRBT,20090706,12.88,13.2,12.76,13.13,66700
IRIX,20090706,2.23,2.24,2.23,2.24,900
ISBC,20090706,3.5725,3.7647,3.5725,3.7216,323500
ISCA,20090706,25.05,25.84,24.63,25.29,524400
ISHG,20090706,102.25,102.25,102.16,102.25,5200
ISIG,20090706,2.76,2.76,2.59,2.69,2500
ISIL,20090706,12.27,12.34,11.72,12.01,4322600
ISLE,20090706,12.7,13.03,12.01,12.37,439800
ISNS,20090706,8.53,9.24,8.53,8.95,600
ISRG,20090706,156.74,158.33,153.7,156.09,677800
ISRL,20090706,119.75,122.48,116,118.15,6100
ISSC,20090706,3.92,4.02,3.8,3.97,14700
ITIC,20090706,25.4,33.9,25.4,28.53,13700
ITRI,20090706,52.97,53.24,51.03,51.86,539000
ITRN,20090706,8.3,8.42,8.1,8.21,15200
IVAC,20090706,8.48,8.89,8.13,8.23,70500
IXYS,20090706,9.59,9.86,9.4,9.61,116200
JACK,20090706,22.31,22.5,22,22.35,405700
JAKK,20090706,12.74,12.74,12.03,12.38,366600
JASO,20090706,21.25,21.25,19.3,19.75,7351500
JAZZ,20090706,3.83,4,3.59,3.63,596500
JBHT,20090706,29.29,29.72,28.84,29.68,1763900
JBLU,20090706,4.17,4.27,4.08,4.14,8573500
JBSS,20090706,7.25,7.53,7.25,7.3,2200
JCOM,20090706,20.25,20.69,20.25,20.39,447700
JCS,20090706,10.26,10.43,9.71,10.28,25900
JCTCF,20090706,2.525,2.525,2.525,2.525,1000
JJSF,20090706,36.02,36.46,35.51,36.36,44900
JKHY,20090706,20.26,20.37,20.11,20.34,630800
JMBA,20090706,5.75,6,5.25,5.4,569700
JOBS,20090706,5.845,5.845,5.565,5.675,40800
JOUT,20090706,5.5,5.5,5.07,5.39,4200
JRJC,20090706,10.09,10.18,9.8,10.13,67800
JXSB,20090706,9.85,9.85,9.85,9.85,0
KALU,20090706,34.25,34.31,30.95,31.51,279900
KCAP,20090706,6.58,6.65,6.37,6.61,148900
KELYA,20090706,10.64,11.02,10.57,10.84,134900
KELYB,20090706,11.02,14.1,10.8,10.85,2000
KEQU,20090706,11.12,11.5,10.81,11.15,6000
KERX,20090706,0.88,0.89,0.82,0.83,710700
KFFB,20090706,12.6,12.6,12.05,12.05,4100
KFRC,20090706,8.23,8.42,8.2,8.3,188800
KINS,20090706,2.19,2.19,2,2,900
KIRK,20090706,11.18,11.45,10.4,10.98,931800
KLAC,20090706,25.7,26.34,25.41,26.08,6137700
KLIC,20090706,3.51,3.62,3.47,3.51,394200
KNDI,20090706,1.48,1.48,1.38,1.48,5800
KONA,20090706,3.51,3.75,3.51,3.75,22800
KOOL,20090706,12.4,12.4,11.4,11.4,449800
KOPN,20090706,3.73,3.79,3.55,3.67,209600
KOSS,20090706,7.695,7.695,7.695,7.695,100
KRNY,20090706,11.24,11.5,11.09,11.09,45000
KTCC,20090706,1.78,1.8,1.72,1.77,12500
KTEC,20090706,9.52,10.15,9.35,9.61,21200
KTOS,20090706,0.84,0.84,0.78,0.83,62800
KVHI,20090706,6.46,6.8,6.33,6.7,108400
KZ,20090706,10.56,10.65,10.27,10.51,227700
LABL,20090706,12.54,13.21,12.54,13.15,23100
LAKE,20090706,8.43,8.43,8.35,8.35,3100
LAMR,20090706,15.5,15.86,15.31,15.4,1159400
LANC,20090706,44.31,44.78,43.89,44.53,104400
LARK,20090706,16.05,16.05,16.05,16.05,0
LAWS,20090706,12.98,13.28,11.97,12.36,9500
LAYN,20090706,20.18,20.37,19.27,19.54,144000
LBAI,20090706,8.99,9.49,8.91,9.37,45100
LBIX,20090706,0.6,0.67,0.48,0.48,547400
LBTYA,20090706,7.859,8.0531,7.675,7.8079,1661300
LBTYB,20090706,15.47,15.47,15.47,15.47,100
LBTYK,20090706,15.26,15.65,14.92,15.2,436000
LCUT,20090706,3.8,3.8,3.47,3.59,12600
LECO,20090706,17.62,17.675,17.18,17.435,384500
LFUS,20090706,19.95,20.18,19.83,20.13,110500
LGCY,20090706,13.04,13.05,12.5,12.89,161700
LGND,20090706,17.16,17.4,16.98,17.1,237100
LHCG,20090706,21.15,21.95,21.1,21.8,174300
LIFE,20090706,40.24,40.61,39.85,40.18,2402300
LINC,20090706,20.04,20.14,18.87,19.65,265700
LION,20090706,2.73,2.73,2.73,2.73,0
LIOX,20090706,1.86,2.02,1.77,1.98,408200
LIVE,20090706,0.4067,0.4067,0.4067,0.4067,0
LJPC,20090706,0.19,0.19,0.18,0.18,858700
LKFN,20090706,12.08,12.34,12.0333,12.1933,19200
LLNW,20090706,4.15,4.21,4.01,4.1,221300
LLTC,20090706,23.46,23.82,23.02,23.42,4616600
LMAT,20090706,3.35,3.37,3.32,3.32,5900
LMCA,20090706,4.2067,4.2267,3.99,4.0233,570100
LMIA,20090706,9.82,9.83,9.16,9.62,67800
LMNX,20090706,17.59,17.59,17.18,17.35,159700
LNCE,20090706,23.26,23.58,23.03,23.36,100900
LNDC,20090706,7.02,7.1,6.86,7.04,92200
LOAN,20090706,0.86,0.86,0.86,0.86,0
LOGI,20090706,14.05,14.25,13.93,14.23,758200
LOGM,20090706,20,20.23,19.52,19.68,548200
LOPE,20090706,16.7,17.01,16.59,16.99,247400
LORL,20090706,24.21,25.05,23.16,23.62,44500
LPNT,20090706,25.44,25.64,24.8,25.05,801900
LPSN,20090706,3.79,3.98,3.68,3.93,307200
LPTH,20090706,1.35,1.35,1.27,1.28,8400
LQDT,20090706,8.89,9.14,8.87,9.03,59500
LRCX,20090706,27.17,27.83,26.76,27.39,4563900
LSBK,20090706,7,7,7,7,0
LSCC,20090706,1.74,1.8,1.71,1.78,354400
LSTR,20090706,34.5,34.96,33.75,34.85,657100
LTRX,20090706,0.41,0.41,0.39,0.39,50200
LULU,20090706,6.08,6.15,5.94,6.075,1068200
LUNA,20090706,0.49,0.51,0.47,0.47,3500
LWAY,20090706,13.75,13.95,13.16,13.83,26400
LXRX,20090706,8.68,8.96,8.26,8.54,151100
LYTS,20090706,5.25,5.34,5.15,5.15,62500
MAGS,20090706,4.22,4.22,4.16,4.16,2400
MANH,20090706,4.0875,4.1475,3.995,4.03,212600
MANT,20090706,42.4,42.88,41.72,42.16,208400
MARPS,20090706,17.63,17.99,17.25,17.37,3600
MASI,20090706,22.65,23.09,22.52,23.02,369900
MAT,20090706,15.59,15.67,15.26,15.62,2488800
MATW,20090706,30.07,30.58,29.52,29.79,252300
MAYS,20090706,8.9,9.6,8.9,9.6,2300
MBFI,20090706,10.17,10.69,9.95,10.41,241500
MBLX,20090706,44.88,47.16,44.82,46.8,109200
MBRG,20090706,12.54,13,12.54,13,1100
MBRX,20090706,0.56,0.56,0.43,0.43,188600
MBTF,20090706,2.3,2.32,2.3,2.3,6800
MBVT,20090706,22.22,22.53,21.81,21.94,35100
MBWM,20090706,3.51,3.6,3.51,3.52,6100
MCBC,20090706,2.74,2.9,2.74,2.75,10900
MCHP,20090706,22.69,22.91,22.17,22.62,2932400
MCHX,20090706,3.45,3.75,3.4,3.71,82600
MCRI,20090706,7.12,7.44,6.89,7.06,163000
MDCA,20090706,5.52,5.55,5.5,5.55,341500
MDCO,20090706,8.3,8.42,8.02,8.39,632800
MDM,20090706,1.55,1.6,1.51,1.51,23500
MDRX,20090706,15.36,15.49,14.96,15.33,1421000
MDSO,20090706,8.05,8.275,7.86,8.125,227800
MELI,20090706,26,26.1,24.11,24.56,395500
MENT,20090706,5.98,6.25,5.93,6.13,1079400
MEOH,20090706,12.28,12.35,12.05,12.26,437400
MERC,20090706,0.61,0.68,0.6,0.6,155600
MFNC,20090706,4.5,4.5,4.5,4.5,0
MFRI,20090706,6.42,6.42,6.2,6.42,5600
MFSF,20090706,8.14,8.6,7.9,8.46,23200
MGEE,20090706,22.36,22.7667,22.2933,22.7133,45200
MGIC,20090706,1.33,1.33,1.25,1.28,16300
MGLN,20090706,32.2,32.81,32.1,32.22,391900
MGPI,20090706,2.78,2.95,2.77,2.83,18300
MGRC,20090706,18.74,19.26,18.49,18.78,71700
MGYR,20090706,4.75,4.75,4.75,4.75,0
MHGC,20090706,3.81,3.82,3.57,3.63,127900
MHLD,20090706,7.19,7.25,7,7.19,406000
MIDD,20090706,14.2467,14.5133,13.8067,14.0267,337000
MIND,20090706,5.09,5.14,4.96,4.97,39400
MINI,20090706,14.66,14.85,14.45,14.56,151500
MKSI,20090706,13.37,13.72,13.28,13.67,515100
MKTX,20090706,9.53,9.83,9.21,9.4,94000
MLAB,20090706,20.11,20.11,20.11,20.11,0
MLHR,20090706,14.51,14.51,13.73,14.18,528400
MLNK,20090706,6.71,6.8,6.45,6.7,203600
MLNX,20090706,12.1,12.2,11.88,12.2,315400
MLVF,20090706,9.62,9.62,9.62,9.62,300
MMLP,20090706,20.99,21.8,20.75,21.34,60600
MMSI,20090706,12.84,13.008,12.776,12.928,105700
MNDO,20090706,0.94,1.04,0.94,0.97,8500
MNKD,20090706,8.4,8.4,8.02,8.08,520400
MNOV,20090706,4.06,4.75,4.06,4.6,18500
MNRO,20090706,16.2133,16.66,15.8467,16.1267,299000
MNST,20090706,4.905,5.0117,4.875,4.94,1699700
MNTA,20090706,11.84,11.84,11.17,11.66,298500
MNTX,20090706,0.85,0.92,0.78,0.81,28000
MOCO,20090706,8.99,8.99,8.5,8.74,1100
MOFG,20090706,7.18,7.18,7.01,7.09,7300
MORN,20090706,39.74,40.63,39.68,40.16,96100
MOSY,20090706,1.56,1.56,1.5,1.5,10000
MPAA,20090706,3.99,4.1,3.9,4,79900
MPB,20090706,15.7,15.7,15.7,15.7,0
MPEL,20090706,4.5,4.62,4.25,4.56,4075200
MPET,20090706,0.99,0.99,0.96,0.98,129600
MPWR,20090706,22.04,22.31,21.8,22.26,352300
MRCY,20090706,9.49,10.48,9.35,10.39,237500
MRLN,20090706,5.1,5.5,4.9,4.98,14900
MRTN,20090706,13.3733,13.9667,13.1133,13.5067,131300
MRVL,20090706,11.51,11.73,11.14,11.4,6850600
MSBF,20090706,8.75,8.75,8.75,8.75,500
MSCC,20090706,13.81,14.01,13.61,13.82,611300
MSEX,20090706,14.1,14.55,14.1,14.46,59200
MSFG,20090706,7.25,7.6,7.16,7.28,56400
MSFT,20090706,23.21,23.28,22.87,23.2,49207600
MSON,20090706,1.95,1.98,1.94,1.94,1400
MSTR,20090706,48.46,52.17,48.46,51.85,180700
MTEX,20090706,31.6,32.8,31.6,32.3,84500
MTRX,20090706,10.97,10.99,10.6,10.96,206300
MTSC,20090706,20.97,21.15,20.59,20.97,161100
MTSI,20090706,5.94,5.94,5.71,5.71,2300
MTSL,20090706,0.8,0.8,0.73,0.8,10200
MU,20090706,5,5.07,4.85,4.89,14734600
MVIS,20090706,22.96,22.96,21.76,21.92,414200
MXIM,20090706,15.58,15.83,15.36,15.71,4633100
MXWL,20090706,13.5,13.76,13.1,13.5,180100
MYGN,20090706,25.75,25.89,24.8,25.42,2882400
MYL,20090706,12.35,12.36,12.11,12.26,6519300
MYRG,20090706,19.13,19.69,18.58,19.28,173500
NAII,20090706,6.63,6.75,6.44,6.7,15000
NANO,20090706,2.7,2.7,2.55,2.6,40200
NATH,20090706,13.51,13.51,13.46,13.51,2600
NATI,20090706,14.76,14.8133,14.66,14.7867,185000
NAVG,20090706,43.96,45.19,43.59,44.73,61900
NAVI,20090706,1.64,1.9,1.51,1.64,979200
NBIX,20090706,3.11,3.15,3.09,3.13,42500
NBN,20090706,9.62,9.62,9.6,9.6,1100
NBTB,20090706,21.26,21.37,20.57,21.27,109200
NCIT,20090706,29.44,29.48,28.58,29.05,60600
NCMI,20090706,13.38,13.46,12.73,13.13,207000
NCTY,20090706,9.51,9.57,9.11,9.32,44300
NDAQ,20090706,20.01,20.24,19.61,19.92,4088300
NDSN,20090706,18.905,19.06,18.76,19,399800
NEOG,20090706,12.9822,13.16,12.6755,12.7378,54800
NEPT,20090706,1.65,1.65,1.64,1.64,200
NEWS,20090706,1.77,1.83,1.72,1.77,54100
NEWT,20090706,1.6,2.15,1.6,2.15,17200
NFBK,20090706,11.37,11.72,11.26,11.4,55800
NFLX,20090706,5.6414,5.7671,5.5943,5.6829,1130200
NICE,20090706,22.9,22.9,22.37,22.58,160700
NICK,20090706,5.24,5.24,5.24,5.24,0
NIHD,20090706,18.5,19.04,18.15,18.83,3822700
NILE,20090706,41.98,41.98,38.52,38.77,299700
NKSH,20090706,24.99,25.53,24,25.53,17000
NKTR,20090706,6.05,6.19,5.93,6.16,801800
NLST,20090706,0.35,0.35,0.33,0.33,30000
NMRX,20090706,5,5.05,4.8,4.89,79400
NNBR,20090706,1.57,1.61,1.54,1.57,77100
NOVN,20090706,14.42,14.7,14.29,14.61,124300
NRIM,20090706,14.16,14.52,14.09,14.45,18000
NSEC,20090706,7.85,7.85,7.85,7.85,0
NSIT,20090706,9.55,9.64,9.05,9.53,285200
NSSC,20090706,1.25,1.25,1.16,1.23,28100
NSYS,20090706,2.7,2.7,2.7,2.7,200
NTAP,20090706,18.81,19.15,18.43,18.85,5914800
NTCT,20090706,9.11,9.18,8.95,9.1,219100
NTES,20090706,32.91,33.92,32.65,33.91,1546000
NTGR,20090706,14.05,14.26,13.69,14,144500
NTIC,20090706,7.03,7.63,7.03,7.32,500
NTRI,20090706,14.19,14.45,13.82,14.2,185900
NTRS,20090706,52.04,54.3,52.01,54.15,2841100
NTWK,20090706,6.3,6.7,6.2,6.6,163700
NUAN,20090706,11.79,11.82,11.34,11.52,2332800
NURO,20090706,47.28,49.2,47.28,48.72,12100
NUTR,20090706,10.06,10.69,10.06,10.56,38300
NUVA,20090706,41.98,42.3,41.03,41.09,466900
NVAX,20090706,2.92,2.97,2.75,2.79,2448700
NVDA,20090706,10.89,10.9,10.37,10.55,18812500
NVEC,20090706,47.18,47.69,45,46.21,85800
NVGN,20090706,2.16,2.35,2.02,2.07,10400
NVLS,20090706,17.71,18.25,17.33,17.69,6179900
NVMI,20090706,1.07,1.08,1,1.06,63300
NWFL,20090706,31.89,31.89,31.05,31.05,1300
NWLI,20090706,113.51,118.01,113.51,116.7,2500
NWPX,20090706,36.07,37.3,35.22,36.55,83300
NWS,20090706,9.92,10.07,9.73,9.86,6552300
NWSA,20090706,8.64,8.72,8.39,8.54,17888700
NXST,20090706,0.74,0.75,0.74,0.75,400
NXTM,20090706,5.17,5.28,5,5.15,134000
NYMT,20090706,5.25,5.3,5.2,5.21,39000
NYMX,20090706,4.85,4.95,4.75,4.75,27800
NYNY,20090706,8.3,8.75,8.15,8.75,35500
OBAS,20090706,5.9,5.95,5.85,5.95,8100
OBCI,20090706,0.95,0.95,0.95,0.95,0
OCFC,20090706,11.54,12.31,11.41,12.11,23100
OCLR,20090706,3.05,3.2,2.9,2.95,898600
OCLS,20090706,115.5,122.5,110.25,120.75,362300
ODFL,20090706,15,15.3467,14.88,15.3155,525800
OESX,20090706,3.48,3.64,3.36,3.46,38500
OFIX,20090706,24.64,25.88,24.03,25.02,160500
OFLX,20090706,14.76,15.49,14.75,15.01,3400
OGXI,20090706,21.91,22.03,20.94,21.46,82700
OIIM,20090706,4.98,5.11,4.8,5.01,67000
OKSB,20090706,9.7,9.86,9.18,9.45,84100
OLBK,20090706,5.9,5.9,5.9,5.9,0
OMAB,20090706,10.23,10.23,9.85,10.08,9500
OMCL,20090706,10.34,10.47,9.87,10.15,188400
OMEX,20090706,20.16,20.28,18.24,18.36,477400
ONEQ,20090706,70.52,70.52,69.69,70.2,9000
ONVI,20090706,5.95,5.95,5.95,5.95,1100
OPHC,20090706,180,180,180,180,0
OPOF,20090706,17.55,17.58,17.31,17.31,2000
OPTT,20090706,58.7,58.7,54.6,55,40000
OPXA,20090706,1.68,1.68,1.64,1.64,30300
OPXAW,20090706,0.07,0.07,0.07,0.07,700
ORBC,20090706,1.52,1.63,1.49,1.59,396900
ORBK,20090706,8.5,8.7,8.24,8.68,73500
OREX,20090706,56.1,57.9,53.8,57,463900
ORIT,20090706,13.11,13.49,13.11,13.41,25400
ORLY,20090706,37,38.26,36.83,38.21,1589400
ORRF,20090706,36.86,37,34.77,36.59,8900
OSBC,20090706,5.69,5.84,5.49,5.75,35400
OSBCP,20090706,6.75,6.75,6.75,6.75,300
OSHC,20090706,7.06,7.06,7.06,7.06,0
OSIR,20090706,12.8,12.85,12.44,12.51,196600
OSIS,20090706,20.06,20.59,19.77,20.02,53000
OSTK,20090706,12.27,12.3,11.51,11.59,136000
OSUR,20090706,2.52,2.61,2.5,2.59,125600
OTEX,20090706,18.45,18.615,17.55,17.915,470800
OTIV,20090706,1.6,1.6,1.6,1.6,800
OTTR,20090706,21.62,22,21.48,21.93,150200
OVBC,20090706,29.38,30.25,29.38,30.25,15600
OVLY,20090706,4.1,4.1,4.1,4.1,0
OZRK,20090706,5.295,5.3775,5.2425,5.3625,137400
PAAS,20090706,18,18.07,17.17,17.83,1417500
PACW,20090706,12.21,12.66,11.66,12.6,542000
PAGG,20090706,20.75,20.75,20.42,20.6,74000
PANL,20090706,10.16,10.18,9.75,9.85,104200
PATK,20090706,1.0533,1.6133,1.0533,1.4133,128500
PAYX,20090706,24.71,25.11,24.67,25.07,3564000
PBCT,20090706,15.09,15.51,15.06,15.4,3768400
PBHC,20090706,6,6,6,6,0
PBIB,20090706,15.05,15.29,14.53,14.82,5300
PBIP,20090706,11.71,11.93,11.69,11.73,5000
PCAR,20090706,30.9,31.02,30.07,30.81,3846000
PCBK,20090706,10.15,10.43,9.8,9.88,58400
PCLN,20090706,109.6,109.85,106.42,108,694900
PCTI,20090706,5.24,5.4,5.17,5.23,43700
PCYO,20090706,3.5,3.53,3.42,3.5,6200
PDCO,20090706,21.55,21.79,21.42,21.77,1333000
PDEX,20090706,0.44,0.44,0.44,0.44,7900
PDFS,20090706,2.53,2.54,2.33,2.5,12000
PDLI,20090706,7.91,7.95,7.77,7.88,2614600
PEBK,20090706,6.03,6.03,6.02,6.02,2500
PEBO,20090706,16.68,16.95,16.01,16.87,31600
PEGA,20090706,13.25,13.27,12.975,13.215,168600
PEIX,20090706,5.85,5.85,5.1,5.1,200400
PENN,20090706,27.87,28.13,26.59,27.14,1153000
PERF,20090706,2.53,2.79,2.53,2.79,600
PERY,20090706,6.93,7.09,6.65,6.98,161400
PESI,20090706,12.3,13.05,11.75,12.65,256800
PETS,20090706,14.56,14.81,14.36,14.43,350600
PFBC,20090706,3.77,3.8,3.6,3.62,3000
PFBI,20090706,6.5,6.5,6.29,6.29,400
PFBX,20090706,19.15,19.7,17.88,19.4,3700
PFIN,20090706,1.85,1.9,1.85,1.86,3600
PFSW,20090706,1.31,1.31,1.31,1.31,500
PGC,20090706,19.08,19.4,19.02,19.37,17900
PGNX,20090706,5.1,5.24,5.03,5.18,106100
PGTI,20090706,1.72,1.72,1.59,1.66,1800
PHII,20090706,18.09,18.09,18.09,18.09,100
PHIIK,20090706,17.14,17.69,16.93,16.96,10100
PHMD,20090706,5,5.05,5,5.05,4400
PICO,20090706,28.3,28.3,27.4,27.89,76200
PKBK,20090706,9.89,9.89,9.18,9.18,2100
PKOH,20090706,3.21,3.37,2.99,2.99,28500
PLAB,20090706,3.9,4.12,3.9,4.06,288100
PLBC,20090706,4.89,4.89,4.89,4.89,0
PLCE,20090706,25.15,25.74,24.5,24.86,964800
PLPC,20090706,40.2,41.4,39.26,39.26,3100
PLUG,20090706,0.84,0.87,0.76,0.79,543900
PLUS,20090706,14.77,15.17,14.6,14.84,23300
PLXS,20090706,20.47,20.87,19.7,20.09,173500
PMBC,20090706,3.98,4,3.81,4,63900
PMD,20090706,6.31,6.42,6.15,6.19,14100
PNBK,20090706,27.5,27.5,26.7,27.3,700
PNFP,20090706,12.6,12.79,12.37,12.64,281200
PNNT,20090706,7.21,7.21,6.82,7.03,102000
PNQI,20090706,18.4,18.4,18.07,18.16,1700
PNRA,20090706,48.77,49.27,48.5,48.98,588400
PNRG,20090706,33.42,33.42,31.57,31.57,900
PNTR,20090706,3.71,3.71,3.71,3.71,500
PODD,20090706,7.05,7.09,6.68,6.79,142600
POOL,20090706,15.93,16.45,15.68,16.05,420600
POPE,20090706,23.5,23.56,23.5,23.56,1100
POWI,20090706,23.66,23.66,22.91,23.56,325000
POWL,20090706,35.94,36.73,35.5,36.19,41000
PPBI,20090706,5.1,5.1,5.1,5.1,0
PPHM,20090706,0.83,0.83,0.81,0.82,722000
PRAA,20090706,12.9433,13.41,12.9433,13.3233,119200
PRAN,20090706,7.5,7.5,7.2,7.2,10800
PRCP,20090706,3.5,3.55,3.29,3.4,26300
PRFT,20090706,6.74,6.84,6.6,6.68,115600
PRFZ,20090706,36.48,36.5,35.77,36.26,28200
PRGS,20090706,13.94,13.98,13.7,13.8333,155200
PRGX,20090706,2.88,2.98,2.76,2.86,117600
PRIM,20090706,7.5,7.69,7.23,7.24,12400
PRKR,20090706,30.4,32.8,29.7,30,113900
PROV,20090706,5.66,5.7,5.4,5.6,16100
PRSC,20090706,10.02,10.02,8.94,9.01,180100
PRTS,20090706,3.66,3.93,3.66,3.8,32100
PRXL,20090706,13.57,13.57,12.59,13.04,1066000
PSAU,20090706,29.49,30.31,28.51,28.72,5000
PSDV,20090706,1.75,1.75,1.67,1.67,13600
PSEC,20090706,9.71,9.71,9.3,9.45,608200
PSMT,20090706,16.45,16.62,16.04,16.47,79100
PSTI,20090706,1.29,1.3,1.27,1.28,23600
PTEN,20090706,11.99,12.12,11.58,12.11,5619600
PTIE,20090706,5.41,5.52,5.2,5.48,127800
PTNR,20090706,16.99,17.25,16.78,17.15,126800
PTSI,20090706,5.82,6.1,5.82,6,10200
PVTB,20090706,20.79,21.35,20.14,20.24,602400
PVTBP,20090706,23.29,23.3,23,23.3,2300
PWOD,20090706,30.05,30.59,29.49,29.89,11900
PXLW,20090706,1.46,1.55,1.38,1.48,51600
PZZA,20090706,12.36,12.485,11.78,12.275,191900
QABA,20090706,19.24,19.4,19.13,19.4,2400
QBAK,20090706,12.84,12.84,12.84,12.84,100
QCLN,20090706,13.52,13.52,13.01,13.13,13000
QCOM,20090706,44.23,45.34,43.88,45.2,16581300
QCRH,20090706,10.25,10.25,9.9,10.25,600
QDEL,20090706,14.06,14.19,13.7,13.8,172700
QGEN,20090706,18.05,18.36,18,18.35,979400
QLTI,20090706,2.1,2.12,2.05,2.08,214500
QQEW,20090706,14.85,14.87,14.71,14.85,7600
QQQ,20090706,35.38,35.54,35.04,35.41,107632400
QQQX,20090706,12.4,12.6,12.33,12.56,48600
QQXT,20090706,13.62,13.63,13.5,13.63,4000
QSII,20090706,26.99,27.005,25.825,26.205,514100
QTEC,20090706,15.52,15.53,15.35,15.5,9400
QUIK,20090706,1.43,1.44,1.26,1.26,116700
RADA,20090706,3.6,4.3,3.6,4.3,10000
RAIL,20090706,16.55,16.55,16.15,16.4,94700
RAND,20090706,3.53,3.53,3.51,3.51,1900
RAVN,20090706,12.905,13.185,12.695,12.74,75500
RBCAA,20090706,22.23,22.99,21.83,22.33,35400
RBCN,20090706,12.72,12.72,11.29,11.97,188100
RBPAA,20090706,1.9,2.06,1.9,2.06,1700
RCII,20090706,17.38,17.47,16.73,17.14,652100
RCKY,20090706,4.1,4.1,3.85,4.1,3200
RCMT,20090706,2,2,1.82,1.87,15800
RDCM,20090706,0.46,0.48,0.45,0.46,8500
RDNT,20090706,2.18,2.28,2.1,2.17,122100
RDWR,20090706,3.87,4.015,3.87,4.015,13000
RECN,20090706,16.59,16.9,16.48,16.64,317800
REFR,20090706,3.4,3.4,3.23,3.23,10200
REGN,20090706,16.9,17.09,16.53,17.02,388800
REIS,20090706,4,4.32,4,4.32,2900
RELL,20090706,3.39,3.4,3.27,3.4,10900
RELV,20090706,23.45,23.59,22.47,22.47,3000
REXX,20090706,5.12,5.18,4.82,4.97,301100
RFIL,20090706,2.06,2.06,2,2,2700
RGCO,20090706,13,13,13,13,100
RGEN,20090706,5.54,5.6,5.46,5.47,620200
RGLD,20090706,40.83,40.96,38.74,39.04,962100
RICK,20090706,5.81,5.86,5.71,5.75,37800
RIGL,20090706,11.92,11.93,11.1,11.45,414800
RLOG,20090706,3.17,3.17,3.12,3.17,300
RMBS,20090706,15.17,15.27,14.44,14.56,2411400
RMCF,20090706,7.51,7.95,7.51,7.69,4700
RMTI,20090706,7.62,7.94,7.51,7.89,115700
RNST,20090706,15.09,15.4,14.41,14.55,96500
RNWK,20090706,2.75,2.84,2.72,2.78,325200
ROCK,20090706,6.52,6.52,5.85,6.06,213900
ROIA,20090706,0.7,0.7,0.7,0.7,5400
ROIAK,20090706,0.28,0.29,0.25,0.26,24200
ROLL,20090706,20.08,20.32,19.86,20.25,115500
ROSG,20090706,47.25,47.7,47.25,47.7,700
ROST,20090706,9.435,9.6775,9.3775,9.655,2041400
RPRX,20090706,4.5,4.54,4.2,4.24,186400
RRGB,20090706,17.93,18.07,17.3,17.98,228800
RSYS,20090706,8.5,8.5,8.12,8.45,139000
RTIX,20090706,4.04,4.17,3.78,3.81,121400
RUSHA,20090706,10.98,11.14,10.53,10.68,110400
RUSHB,20090706,8.91,9.05,8.75,8.94,5100
RUTH,20090706,3.23,3.23,3.01,3.12,228000
RVSB,20090706,3.38,3.42,3.32,3.35,6600
RXII,20090706,40.9,42.1,40,40,21600
RYAAY,20090706,27.34,28.61,27,28.51,549200
SAAS,20090706,2.8,2.9,2.68,2.87,91100
SAFM,20090706,47,47.49,45.88,47.19,385800
SAFT,20090706,30.1,30.63,30.03,30.55,93100
SAIA,20090706,11.5933,11.8467,11.0467,11.28,193500
SALM,20090706,0.9,0.9,0.9,0.9,1000
SANM,20090706,0.44,0.44,0.4,0.4,3112500
SASR,20090706,14.93,14.98,14.55,14.86,92200
SATS,20090706,15.6,15.97,15.39,15.77,146300
SBAC,20090706,23.68,23.68,22.77,22.9,2337500
SBBX,20090706,4.85,4.85,4.85,4.85,0
SBCF,20090706,11,11.2,9.65,10.1,114500
SBGI,20090706,2,2.02,1.95,1.98,234600
SBLK,20090706,261.75,262.5,244.5,252.75,537300
SBNY,20090706,26.55,27.14,26.14,27.04,127000
SBSA,20090706,0.17,0.19,0.17,0.19,83800
SBSI,20090706,20.8667,21.3333,20.4857,20.981,26400
SBUX,20090706,6.63,6.8,6.58,6.7,9209000
SCHL,20090706,19.07,19.27,18.7,18.92,257600
SCHN,20090706,48.23,49.06,46.61,48.02,1211800
SCKT,20090706,3.01,3.29,2.91,3.29,2600
SCLN,20090706,2.88,2.96,2.75,2.94,320300
SCMP,20090706,5.68,5.95,5.5,5.93,35400
SCON,20090706,633.6,633.6,577.8,621,57000
SCOR,20090706,12.46,13.38,12.46,13.33,129300
SCSC,20090706,23.97,24.37,23.54,24.12,173700
SCSS,20090706,0.86,0.87,0.81,0.81,173000
SCVL,20090706,8.0667,8.56,7.8267,8.38,42000
SEAC,20090706,7.84,8.02,7.41,7.47,192300
SEED,20090706,4.34,4.42,4.11,4.29,161500
SEIC,20090706,17.59,17.73,17.26,17.61,1850700
SENEA,20090706,32.55,32.63,31.96,32.29,26400
SENEB,20090706,32.21,32.55,32.01,32.2,4800
SFLY,20090706,13.5,13.71,12.94,13.04,225500
SFNC,20090706,26.46,26.92,26.16,26.71,39400
SFST,20090706,6.14,6.16,6.14,6.16,2000
SGC,20090706,7.04,7.11,7.04,7.1,1700
SGEN,20090706,9.32,9.54,9.01,9.18,361000
SGMA,20090706,1.82,1.9,1.82,1.85,1500
SGMO,20090706,4.78,4.88,4.6,4.86,141600
SGMS,20090706,14.56,14.72,13.95,14.19,871400
SGRP,20090706,0.44,0.49,0.44,0.46,5800
SHBI,20090706,19.31,19.31,17.77,18.01,23000
SHEN,20090706,10.21,10.675,10.125,10.4,55900
SHIP,20090706,21,21,17.5,19.7,3000
SHIPW,20090706,0.2,0.21,0.2,0.21,62100
SHLD,20090706,61.96,65.57,61.96,63.57,1162600
SHLM,20090706,15.89,16.9,15.89,16.64,422300
SHLO,20090706,3.44,3.59,3.44,3.57,3100
SHOO,20090706,7.4045,7.4252,7.0193,7.2474,284400
SHOR,20090706,7.67,8.09,7.5,8.05,103100
SIEB,20090706,1.65,1.65,1.65,1.65,0
SIFI,20090706,4.5,4.5,4.25,4.25,500
SIFY,20090706,1.57,1.58,1.42,1.46,82900
SIGI,20090706,12.65,12.77,12.52,12.7,227600
SIGM,20090706,15.24,15.24,14.11,14.31,1059900
SILC,20090706,6.72,6.79,6.65,6.69,10800
SIMO,20090706,3.42,3.42,3.21,3.23,340100
SINA,20090706,28.63,28.99,27.7,28,1869800
SINO,20090706,2.99,2.99,2.82,2.82,500
SIRI,20090706,0.46,0.48,0.44,0.44,61844000
SIVB,20090706,25.46,25.65,24.47,24.84,525400
SIVBO,20090706,15.6,15.6,15.52,15.52,500
SKYW,20090706,10.27,10.76,10.23,10.71,423100
SLAB,20090706,37.92,37.98,36.05,36.73,1187500
SLGN,20090706,24.165,24.695,24.155,24.515,413900
SLMAP,20090706,33.61,35.14,33.31,35.14,2700
SLP,20090706,1.55,1.6,1.52,1.57,7600
SMBC,20090706,5.075,5.075,5.075,5.075,0
SMCI,20090706,7.59,7.76,7.5,7.67,46300
SMED,20090706,6.59,6.96,6.51,6.75,89900
SMIT,20090706,5.42,5.8,4.86,5.53,5800
SMMF,20090706,5.44,5.5,5.44,5.5,600
SMRT,20090706,8.56,8.7,7.72,7.88,515900
SMSI,20090706,39.52,39.56,36.88,37.8,223500
SMTC,20090706,15.9,15.93,15.32,15.59,501700
SMTX,20090706,0.8,0.82,0.8,0.82,13800
SNAK,20090706,2.48,2.5,2.41,2.42,22400
SNBC,20090706,25.9,26.6,25.35,25.6,75800
SNCR,20090706,12.67,12.87,12.36,12.63,171000
SNFCA,20090706,2.5,2.5,2.5,2.5,200
SNHY,20090706,10.4267,10.5667,10.22,10.44,97300
SNMX,20090706,2.3,2.3,2.16,2.2,27700
SNPS,20090706,18.84,19,18.62,18.77,1599000
SNSS,20090706,2.34,2.52,2.28,2.28,85600
SOFO,20090706,0.65,0.67,0.65,0.67,6500
SOHU,20090706,60,60,57.9,58.78,1341000
SONA,20090706,7.81,7.81,7.81,7.81,200
SONC,20090706,9.79,9.85,9.4,9.68,687900
SONS,20090706,8,8.4,8,8.2,1489100
SORL,20090706,3.75,3.75,3.53,3.53,10200
SPAN,20090706,11.31,11.31,10.6,10.6,1200
SPAR,20090706,7.75,7.79,7.28,7.36,649300
SPEX,20090706,520.6,524.4,486.4,497.8,15400
SPIL,20090706,6.48,6.57,6.32,6.43,1230600
SPLS,20090706,18.91,19.38,18.83,19.22,7361200
SPNC,20090706,5.06,5.19,4.95,5.09,52200
SPNS,20090706,0.96,0.96,0.96,0.96,100
SPPI,20090706,5.75,5.96,5.3,5.4,5420700
SPRT,20090706,2.1,2.21,2.1,2.19,42800
SPTN,20090706,12.01,12.28,11.81,12.06,208300
SRCE,20090706,17.34,17.58,17.07,17.34,19100
SRCL,20090706,50.05,50.38,49.76,50.38,475300
SRDX,20090706,22.32,22.69,22.16,22.38,199200
SSBI,20090706,7.5,7.5,6.52,7.25,4400
SSFN,20090706,9.49,9.49,9.49,9.49,0
SSRI,20090706,18.21,18.37,17.72,18.2,737500
SSYS,20090706,10.97,11.35,10.89,11.02,96600
STAA,20090706,2.26,2.26,2.07,2.11,123400
STBA,20090706,11.94,12.17,11.59,12.04,177300
STEM,20090706,19.8,20.64,19.8,20.28,1071700
STFC,20090706,17.79,17.96,17.6,17.89,26200
STKL,20090706,2.32,2.32,2.24,2.25,104000
STLD,20090706,14,14,13.07,13.27,9770500
STLY,20090706,10.03,10.18,9.71,10.02,54200
STMP,20090706,8.21,8.62,8.21,8.42,87100
STRA,20090706,207.67,211.86,203.6,206.01,105500
STRL,20090706,14.79,14.88,14.06,14.54,112300
STRM,20090706,2.93,2.99,2.8,2.99,19500
STRS,20090706,6.31,6.31,5.66,5.66,5200
STRT,20090706,14.5,14.85,14.45,14.67,70000
STX,20090706,10.31,10.6,9.87,10.05,16183200
SUMR,20090706,2.35,2.4,2.27,2.3,3400
SVBI,20090706,3,3,3,3,500
SWHC,20090706,5.54,5.54,5.11,5.41,1112900
SWIR,20090706,5.42,5.42,5.29,5.37,109900
SWKS,20090706,10.03,10.1,9.6,9.84,2710200
SYBT,20090706,15.8,15.9933,15.4533,15.6267,35500
SYKE,20090706,18.38,18.52,18.01,18.34,229400
SYMC,20090706,15.94,15.97,15.35,15.53,20125900
SYMX,20090706,1.01,1.06,1,1,292900
SYNA,20090706,37.89,37.95,35.62,36.61,1226900
SYNL,20090706,8.09,8.09,8,8.03,1000
SYNT,20090706,15.965,16.095,15.58,15.755,184200
SYPR,20090706,1.15,1.3,1.15,1.27,6500
SYUT,20090706,10.53,10.85,10.27,10.73,39100
TACT,20090706,4.78,4.81,4.38,4.69,33400
TAIT,20090706,0.95,0.95,0.95,0.95,0
TASR,20090706,4.54,4.68,4.45,4.5,500500
TAST,20090706,6.5,6.94,6.41,6.59,191600
TAYD,20090706,3.25,3.25,3.25,3.25,0
TBBK,20090706,5.76,5.92,5.76,5.89,100900
TCBI,20090706,14.87,15.24,14.8,14.84,133500
TCBK,20090706,14.86,15.31,14.85,14.91,37000
TCX,20090706,1.84,1.84,1.6,1.64,129800
TEAM,20090706,6.41,6.66,6.03,6.49,13600
TEAR,20090706,1.75,1.85,1.75,1.8,2500
TECD,20090706,31.93,32.27,31.45,31.84,684300
TECH,20090706,61.43,62.2,60.7,61.41,131700
TESO,20090706,7.26,7.37,7.05,7.24,242900
TESS,20090706,7.2533,7.2867,7.2,7.2133,3400
TFSL,20090706,10.68,10.94,10.61,10.82,585400
TGA,20090706,2.6,2.6,2.46,2.49,154900
TGEN,20090706,0.32,0.33,0.31,0.32,51700
THFF,20090706,31.12,32.94,31.12,32.55,27700
THLD,20090706,1.33,1.4,1.32,1.37,13500
TICC,20090706,4.4,4.41,4.35,4.39,114500
TINY,20090706,5.78,5.78,5.51,5.64,54500
TISA,20090706,0.64,0.67,0.62,0.64,12000
TITN,20090706,12.22,12.22,11.48,11.7,338900
TIVO,20090706,9.15,9.21,8.81,9,2669600
TLT,20090706,94.05,94.29,93.39,94.12,1886600
TNDM,20090706,28.6,28.67,26.39,28.46,755200
TOPS,20090706,140.7,140.7,124.6,133.7,58200
TORM,20090706,0.4,0.4,0.4,0.4,0
TOWN,20090706,13.3,13.56,13.13,13.26,49500
TREE,20090706,9.44,9.44,8.9,9.33,72800
TRIB,20090706,4.4,4.59,4.35,4.45,90500
TRMB,20090706,9.495,9.64,9.355,9.505,786500
TRMK,20090706,18.66,18.66,18.02,18.47,534900
TRNS,20090706,5.01,5.01,5.01,5.01,200
TROW,20090706,40.49,40.49,38.9,39.91,3231300
TRST,20090706,5.84,6.01,5.79,5.96,322700
TRUE,20090706,4.61,4.61,4.61,4.61,0
TSBK,20090706,4.22,4.56,4.22,4.56,2000
TSCO,20090706,9.9975,10.235,9.92,10.16,317300
TSEM,20090706,5.85,5.85,5.25,5.4,565900
TSRA,20090706,25.19,25.21,24,24.86,856300
TSRI,20090706,2.1,2.1,2.1,2.1,300
TTEC,20090706,14.81,14.95,14.25,14.69,233100
TTEK,20090706,27.42,27.85,26.96,27.46,487600
TTGT,20090706,4.22,4.35,4.16,4.16,15000
TTMI,20090706,8.12,8.57,8.06,8.51,691900
TTWO,20090706,9.84,9.85,9.05,9.18,3359000
TUES,20090706,3.3,3.38,3.15,3.35,76000
TWER,20090706,18.8,18.8,17.2,17.2,52700
TWIN,20090706,6.68,7.45,6.6,7,314000
TWMC,20090706,1.3,1.3,1.19,1.29,18800
TXN,20090706,21.24,21.56,20.99,21.4,12281600
TXRH,20090706,10.71,10.75,10.43,10.54,411400
TYPE,20090706,6.25,6.84,6.07,6.78,128700
TZOO,20090706,10.81,11.28,10.51,11.04,33800
UBCP,20090706,7.58,7.95,7.28,7.52,2400
UBFO,20090706,5.57,5.83,4.95,5,24900
UBNK,20090706,13.14,13.49,13.01,13.42,83600
UBOH,20090706,11,11.05,11,11,1100
UBSH,20090706,14.43,14.69,13.73,13.8,91700
UBSI,20090706,18.68,19.13,18.36,18.96,204100
UCBA,20090706,6.95,6.95,6.95,6.95,0
UCBI,20090706,5.99,6.24,5.98,6.07,86000
UCFC,20090706,1.03,1.11,0.95,0.96,62700
UCTT,20090706,2.4,2.4,2.28,2.29,38700
UEIC,20090706,19.74,19.87,18.87,19.66,57600
UEPS,20090706,13.39,13.49,13.01,13.31,352700
UFCS,20090706,17.51,17.79,17.28,17.52,162100
UFPI,20090706,32.18,32.29,31.11,32.17,140600
UFPT,20090706,4.15,4.23,4.15,4.21,8500
UG,20090706,9.3,9.31,9.3,9.31,1100
UHAL,20090706,35.75,36.24,34.82,36.02,44200
ULBI,20090706,6.83,6.88,6.55,6.55,101600
ULTA,20090706,10.74,11,10.4,10.96,252600
ULTI,20090706,23.34,23.71,22.44,22.82,173100
UMBF,20090706,37.3,37.98,36.34,37.86,271500
UMPQ,20090706,7.17,7.35,6.95,7.22,626700
UNAM,20090706,7.7,7.7,7.7,7.7,200
UNB,20090706,14.75,14.9,14.34,14.34,1400
UNFI,20090706,26.17,26.49,25.37,25.95,336600
UNTY,20090706,3.55,3.55,3.55,3.55,0
URBN,20090706,19.67,19.94,19.07,19.63,3904900
URRE,20090706,133.2,138,126,132,966500
USAK,20090706,13.45,13.98,13.29,13.59,31100
USAP,20090706,16,16.41,15.27,15.96,43500
USAT,20090706,2.83,2.9,2.81,2.81,33700
USEG,20090706,11.82,11.82,11.52,11.64,31700
USLM,20090706,41.9,42.84,39.7,42.5,13100
UTEK,20090706,12.28,12.39,11.96,12.01,106100
UTHR,20090706,40.915,40.915,39.64,40.335,549100
UTMD,20090706,27.28,28,27.1,27.81,13200
UTSI,20090706,4.71,4.77,4.44,4.5,450800
UVSP,20090706,19.78,19.83,19.35,19.5,15300
VALU,20090706,32.88,34.4,31.72,32.9,23200
VASC,20090706,7.47,7.76,7.28,7.58,61100
VBFC,20090706,76.8,76.8,76.8,76.8,500
VDSI,20090706,7.3,7.4,7.11,7.35,108000
VECO,20090706,11.72,11.86,11.27,11.6,343200
VIA,20090706,22.81,23.22,22.27,22.67,68500
VIAB,20090706,21.44,21.85,20.91,21.29,6322600
VICL,20090706,25.3,25.7,23.8,24.9,699800
VICR,20090706,6.91,7.28,6.86,7.12,46800
VIRC,20090706,3.09,3.55,3.06,3.5,19700
VISN,20090706,119,120,111.8,116.2,248100
VIVO,20090706,22.64,23.46,22.28,23,331000
VLGEA,20090706,29.21,29.92,29.16,29.34,15800
VNDA,20090706,11.71,11.79,11.29,11.37,377500
VOD,20090706,18.67,19.08,18.64,19.03,3667300
VOXX,20090706,6.43,6.84,6.1,6.23,43700
VRSN,20090706,18.43,18.63,18.1,18.53,4556600
VRTB,20090706,10.64,10.64,10.32,10.36,3200
VRTS,20090706,14.41,14.41,14.11,14.17,16500
VRTU,20090706,7.87,7.98,7.58,7.92,32000
VRTX,20090706,33.71,34.49,33.61,33.92,1286900
VSAT,20090706,26.39,26.94,25.94,26.03,135900
VSEC,20090706,12.54,13.1,12.265,12.99,14300
VVUS,20090706,5.86,5.86,5.67,5.77,444700
WABC,20090706,47.13,47.86,46.6,47.68,319900
WAFD,20090706,12.56,12.92,12.56,12.87,943300
WASH,20090706,17.77,18.48,17.34,18.1,43900
WAYN,20090706,5.14,5.14,5.14,5.14,0
WBMD,20090706,29.5,30.49,29.33,30.47,97700
WDC,20090706,26.59,26.61,25.53,26.36,6420700
WDFC,20090706,28.39,28.88,28.13,28.68,46400
WERN,20090706,18.54,18.73,18.29,18.66,1212100
WEYS,20090706,22.7,23.06,22.05,22.26,13300
WFM,20090706,8.85,8.99,8.64,8.98,3923300
WILC,20090706,2.24,2.24,2.22,2.22,1000
WINA,20090706,18.54,18.8,17.61,17.61,13000
WIRE,20090706,21.09,21.09,20.47,21.02,105300
WLDN,20090706,1.79,1.88,1.65,1.88,2400
WLFC,20090706,13.26,13.75,12.85,13.7,28500
WMAR,20090706,5.57,5.63,5.27,5.53,51400
WMGI,20090706,16.11,16.11,15.64,15.76,283600
WOOD,20090706,27.95,27.95,27.52,27.91,14500
WOOF,20090706,25.36,25.68,25.14,25.65,367800
WPCS,20090706,446.6,451.22,446.6,448.14,8400
WPPGY,20090706,31.18,31.63,31.1,31.63,80600
WPRT,20090706,7.88,8.15,7.68,8.12,190000
WRLD,20090706,19.06,19.5,19.05,19.43,147800
WSBC,20090706,14.65,14.92,14.55,14.71,51600
WSBF,20090706,2.94,3.15,2.94,3.15,11100
WSCI,20090706,2.17,2.23,2.16,2.16,5100
WSFS,20090706,8.9267,9.4333,8.8933,9.36,13800
WSTG,20090706,7,7.01,7,7,9500
WSTL,20090706,0.57,0.59,0.57,0.58,74900
WTBA,20090706,4.9,5,4.85,4.86,18300
WTFC,20090706,15.19,15.68,14.75,15.52,234200
WVFC,20090706,16,16,15.95,15.95,2100
WVVI,20090706,3.15,3.29,3.15,3.29,200
WYNN,20090706,32.68,33.28,31.82,32.69,2841400
XLNX,20090706,20.52,20.58,19.87,20.06,7791900
XOMA,20090706,15.8,16,15.2,15.6,1559200
XRAY,20090706,29.83,29.95,29.21,29.45,1209100
XXIA,20090706,7.07,7.07,6.72,6.83,104700
YHOO,20090706,14.83,14.93,14.55,14.91,13691500
YORW,20090706,14.7,14.81,14.24,14.45,26500
YRCW,20090706,1.67,1.67,1.51,1.6,3430400
ZBRA,20090706,23.61,23.9,23.32,23.65,471500
ZEUS,20090706,23.48,23.48,21.7,22.23,314100
ZION,20090706,10.9,11.32,10.66,11.13,4672800
ZIOP,20090706,1.58,1.58,1.52,1.52,13400
ZIXI,20090706,1.55,1.73,1.53,1.66,481800
ZUMZ,20090706,7.92,8.33,7.47,7.5,274100
