<ticker>,<date>,<open>,<high>,<low>,<close>,<vol>
AAME,20100722,1.3,1.3,1.2,1.2,1000
AAON,20100722,7.037,7.2207,6.9719,7.2,72000
AAPL,20100722,36.8114,37.1429,36.4729,37.0029,23047000
AAWW,20100722,55.76,57.75,55.15,57.48,275800
AAXJ,20100722,55.02,55.59,54.82,55.41,967300
ABAX,20100722,18.66,18.77,18.42,18.55,156600
ABCB,20100722,9.88,10.41,9.84,10.3,83800
ABCD,20100722,3.19,3.25,3.11,3.25,45600
ABCO,20100722,21.015,21.44,20.995,21.255,78100
ABIO,20100722,141.12,144.9,139.02,141.96,67700
ABMD,20100722,11.01,11.21,10.95,10.96,235900
ABTL,20100722,5.4,5.6,5.2,5.55,178200
ACAD,20100722,1.09,1.1,1.04,1.06,136500
ACAS,20100722,5.07,5.26,5.05,5.19,3835700
ACAT,20100722,8.54,9.38,8.07,9.36,72800
ACET,20100722,5.8,6.04,5.79,5.99,51600
ACFC,20100722,2.46,2.46,2.46,2.46,0
ACGL,20100722,25.63,25.9,25.5433,25.8833,300800
ACHN,20100722,2.37,2.51,2.37,2.51,111800
ACIW,20100722,6.1533,6.2667,6.1533,6.2367,268200
ACLS,20100722,6.88,6.96,6.52,6.72,758600
ACOR,20100722,30.94,31.44,30.35,30.87,571800
ACPW,20100722,5.35,5.45,5.1,5.45,147500
ACTG,20100722,14.52,14.85,14.25,14.69,376000
ACTS,20100722,2.16,2.2,2.16,2.17,165000
ACUR,20100722,2.4,2.54,2.32,2.53,31700
ACWI,20100722,40.18,40.61,40,40.49,681400
ACWX,20100722,38.28,38.4,38.16,38.27,43100
ACXM,20100722,14.43,15.06,14.43,15.04,837700
ADBE,20100722,27.91,28.74,27.8,28.58,6138400
ADES,20100722,2.95,2.95,2.95,2.95,1100
ADI,20100722,29.93,30.66,29.73,30.61,5531300
ADP,20100722,35.6365,36.5407,35.6365,36.4004,3487600
ADRA,20100722,23.86,24.09,23.86,24.04,4000
ADRD,20100722,18.91,19.13,18.91,19.1,14900
ADRE,20100722,41.57,42.25,41.57,42.14,67300
ADRU,20100722,18.72,18.93,18.72,18.93,1600
ADSK,20100722,26.88,28.37,26.8,28.04,7233500
ADTN,20100722,31.47,32.18,31.03,32.08,1626700
ADUS,20100722,5.01,5.03,4.85,4.87,6600
AEHR,20100722,1.69,1.72,1.52,1.6,43000
AEIS,20100722,15,17.1,15,17,2540900
AEPI,20100722,25.24,26.06,25.02,25.95,19900
AETI,20100722,2.28,2.28,2.28,2.28,100
AEY,20100722,2.6,2.72,2.59,2.66,6400
AEZS,20100722,672,678,654,660,375800
AFAM,20100722,24.34,24.81,23.91,24.44,194100
AFSI,20100722,6.24,6.345,6.225,6.32,221200
AGEN,20100722,0.75,0.8,0.75,0.78,269100
AGII,20100722,29.55,30.28,29.51,30.23,104900
AGNC,20100722,27.6,27.75,27.34,27.42,422400
AGYS,20100722,7.25,7.41,7.13,7.26,176800
AHGP,20100722,35.69,35.69,34.81,35.21,126300
AHPI,20100722,3.33,3.33,3.33,3.33,200
AIMC,20100722,13.41,14.08,13.38,14.06,408300
AINV,20100722,9.78,10.09,9.78,10.07,1416700
AIRM,20100722,10.46,10.67,10.3567,10.6533,54700
AIRT,20100722,9.98,10.13,9.85,9.88,1200
AIXG,20100722,30.6,31.37,30.59,30.99,517100
AKAM,20100722,43.55,44.5,43.5,44.28,3046100
AKRX,20100722,3.15,3.29,3.15,3.27,376400
ALCO,20100722,21.25,21.87,21.14,21.64,7300
ALGN,20100722,14.61,15.27,14.55,14.83,1461100
ALGT,20100722,42.9,44.79,42.73,43.28,622600
ALIM,20100722,6.78,7.26,6.78,7,40200
ALKS,20100722,12.5,12.93,12.5,12.85,577700
ALLT,20100722,4.29,4.4,4.24,4.38,106200
ALNY,20100722,15.16,15.48,14.99,15.35,147100
ALOG,20100722,44.55,45.61,44.55,45.2,64200
ALOT,20100722,7.1,7.1,7.09,7.1,600
ALSK,20100722,8.97,9.04,8.82,8.85,745900
ALXN,20100722,25.755,26.865,25.75,26.6,1646800
AMAG,20100722,36.48,37.6,36.33,37.02,296100
AMAT,20100722,12.34,12.61,12.33,12.45,21862800
AMCC,20100722,10.62,10.97,10.62,10.84,442700
AMCN,20100722,3.08,3.23,3.08,3.12,164200
AMD,20100722,7.49,7.68,7.36,7.61,25153100
AMED,20100722,25.74,25.89,24.87,25.05,803900
AMGN,20100722,52.62,53.83,52.62,53.31,5049200
AMKR,20100722,5.48,5.77,5.47,5.76,3125800
AMNB,20100722,19.09,20.39,19.09,20.29,7500
AMOT,20100722,4.25,4.25,4.15,4.15,19100
AMOV,20100722,24.945,25.575,24.945,25.575,7700
AMPH,20100722,26.39,27,26.39,26.99,11700
AMRB,20100722,7.15,7.15,7,7.01,4900
AMRI,20100722,6.31,6.55,6.31,6.52,94700
AMRN,20100722,2.25,2.35,2.12,2.14,265400
AMSC,20100722,288.8,307,288.8,306.1,681000
AMSF,20100722,17.55,17.79,17.47,17.76,273900
AMSG,20100722,18.25,19.87,17.73,17.89,434300
AMSWA,20100722,4.83,4.92,4.83,4.92,75000
AMTD,20100722,15.16,15.57,15.15,15.54,5670800
AMWD,20100722,15.94,16.43,15.94,16.35,36400
AMZN,20100722,118.71,120.87,118.02,120.07,15003300
ANAT,20100722,79.27,82.18,79.27,81.7,24300
ANCX,20100722,6.03,6.22,6.03,6.1,1700
ANDE,20100722,22.5267,22.9067,22.4533,22.8267,116900
ANGO,20100722,15.1,15.41,15.06,15.39,181000
ANIK,20100722,5.89,6.01,5.74,5.76,28700
ANSS,20100722,42.79,43.85,42.79,43.74,223300
ANTH,20100722,33.84,36.64,33.76,36.32,10300
AOSL,20100722,12.68,12.85,12.53,12.82,57600
APEI,20100722,43.55,44.18,42.77,43.98,296100
APOG,20100722,11.24,11.74,11.21,11.52,220700
APOL,20100722,46.95,46.95,45.73,46.32,4712800
APPY,20100722,34.56,35.52,32.64,34.08,707700
ARAY,20100722,6.19,6.39,6.17,6.3,281800
ARCC,20100722,13.77,13.79,13.52,13.54,1612300
ARCI,20100722,2.37,2.67,2.21,2.33,25300
ARCW,20100722,1.104,1.104,1.1,1.1,1100
AREX,20100722,6.82,7.1,6.82,6.97,52100
ARIA,20100722,3.14,3.16,3.1,3.15,1100600
ARII,20100722,14.01,14.58,13.96,14.4,75300
ARKR,20100722,12.86,12.92,12.86,12.91,1900
ARLP,20100722,24.51,24.87,24.41,24.485,148400
ARNA,20100722,5.14,5.35,5.08,5.32,7548500
AROW,20100722,22.43,23.47,22.33,23.38,53400
ARQL,20100722,4.26,4.32,4.12,4.15,264100
ARRS,20100722,11.37,11.52,11.34,11.49,1327500
ARRY,20100722,3.04,3.1,2.95,3.09,196100
ARTNA,20100722,18.03,18.18,17.75,18.1,18600
ARTW,20100722,5,5,4.99,5,5800
ARTX,20100722,1.55,1.58,1.54,1.58,15400
ARWR,20100722,1.14,1.16,1.1,1.11,103800
ASCMA,20100722,27.11,27.86,27.11,27.71,33200
ASFI,20100722,8.96,9.18,8.96,9.18,40900
ASML,20100722,31.17,31.89,31.17,31.65,2697000
ASPS,20100722,26.2,26.36,25.55,26.24,104600
ASRV,20100722,1.8,1.8,1.78,1.78,1900
ASRVP,20100722,21.17,21.17,21.17,21.17,0
ASTC,20100722,1.32,1.32,1.27,1.3,13500
ASTE,20100722,30.9,31.87,30.8,31.36,183900
ASUR,20100722,1.5267,1.5267,1.5267,1.5267,0
ASYS,20100722,10.3,10.33,10.1,10.33,61400
ATAI,20100722,2.92,3,2.92,3,300
ATAX,20100722,5.41,5.43,5.35,5.37,35900
ATEC,20100722,52.32,53.88,51.12,52.8,275100
ATHN,20100722,22.46,22.59,21.51,22.06,1747800
ATHX,20100722,2.98,3,2.98,2.99,24500
ATLO,20100722,18.82,18.93,18.1,18.84,15000
ATNI,20100722,41.36,43.41,41.14,43.32,110100
ATRC,20100722,6.34,6.34,6.2,6.3,14100
ATRI,20100722,134.92,137.49,133.84,137.49,1400
ATRO,20100722,11.7583,12.0583,11.675,12.0333,25400
ATSG,20100722,5,5.24,5,5.23,413500
ATVI,20100722,11.34,11.78,11.34,11.62,21110300
AUBN,20100722,18.78,18.78,18.78,18.78,0
AUDC,20100722,2.46,2.54,2.46,2.53,19100
AVAV,20100722,23.97,24.09,23.59,23.9,191500
AVEO,20100722,6.22,6.85,6.17,6.85,15000
AVGO,20100722,22.03,22.93,21.89,22.85,839600
AVID,20100722,12.07,12.3,11.99,12.1,179400
AVNW,20100722,47.4,49.56,47.28,49.2,266400
AWRE,20100722,2.5,2.56,2.43,2.43,3700
AXAS,20100722,2.94,2.95,2.87,2.88,465800
AXTI,20100722,4.71,4.75,4.65,4.71,335400
AZPN,20100722,10.84,11.3,10.83,11.28,351000
BABY,20100722,15.24,15.4,14.8,14.85,279600
BANF,20100722,38.18,38.88,37.47,38.77,35700
BANFP,20100722,25.8,25.8,25.51,25.55,600
BANR,20100722,14.28,15.75,14.07,15.19,4231400
BASI,20100722,0.93,1.04,0.93,1.04,200
BBBY,20100722,37.25,38.65,37.25,38.27,3179400
BBGI,20100722,3.67,3.78,3.46,3.6,18000
BBOX,20100722,28.42,29.55,27.63,29.5,60200
BBRY,20100722,53.87,55.15,53.5,54.56,10694400
BBSI,20100722,12.61,12.9,12.52,12.86,35200
BCBP,20100722,7.65,12.85,7.65,7.85,92700
BCOM,20100722,23.75,23.75,23.27,23.7,2000
BCPC,20100722,25.9,26.25,25.77,26.13,203400
BCRX,20100722,5.41,5.65,5.37,5.56,285700
BDE,20100722,6.55,6.7,6.55,6.7,44000
BDGE,20100722,25.69,25.82,25.19,25.82,7600
BDSI,20100722,2.28,2.3,2.24,2.29,22000
BEAT,20100722,4.47,4.58,4.42,4.5,198500
BEAV,20100722,28.37,29.22,28.37,29.11,851000
BEBE,20100722,5.66,5.93,5.61,5.89,1305700
BECN,20100722,17.68,17.92,17.47,17.66,482700
BELFA,20100722,17.03,17.03,17.03,17.03,0
BELFB,20100722,17.94,18.3,17.66,18.19,28000
BFIN,20100722,8.6,8.98,8.6,8.95,54700
BGCP,20100722,4.88,4.88,4.76,4.84,786500
BGFV,20100722,12.99,13.39,12.75,13.05,217300
BIB,20100722,5.3663,5.4088,5.34,5.3713,3200
BICK,20100722,28.29,28.59,28.29,28.56,3900
BIDU,20100722,76.38,76.46,72.3,74.45,19752500
BIIB,20100722,55.18,56.49,55.11,56.17,3925100
BIOC,20100722,11.76,12.15,11.76,12,12800
BIOS,20100722,6.72,6.75,6.54,6.65,559400
BIS,20100722,304.28,304.32,304.16,304.16,700
BJRI,20100722,23.28,24.74,23.28,24.7,367400
BKCC,20100722,10.25,10.37,10.24,10.3,648200
BKMU,20100722,6.03,6.23,5.96,6.2,111600
BKSC,20100722,10.2,10.2,10.09,10.09,2500
BLDP,20100722,1.81,1.86,1.79,1.79,133900
BLDR,20100722,2.31,2.51,2.21,2.47,203000
BLIN,20100722,5.3,5.4,5.3,5.3,1900
BLKB,20100722,22.13,22.57,22.1,22.56,232500
BMRC,20100722,31.65,32.19,31.2,32.17,8900
BMRN,20100722,19.56,19.88,19.23,19.38,345500
BMTC,20100722,16.88,17.41,16.37,17.38,16700
BNCL,20100722,9.87,10.05,9.84,10.04,78800
BNCN,20100722,10.11,10.15,10.11,10.15,600
BNSO,20100722,1.08,1.08,1.08,1.08,0
BOBE,20100722,24.6,25.5,24.6,25.42,141900
BOCH,20100722,4.51,4.57,4.41,4.5,12900
BOFI,20100722,3.4175,3.4975,3.3625,3.4925,63900
BOKF,20100722,46.61,48.18,46.61,48.15,77900
BONT,20100722,7.65,8.02,7.61,7.99,256700
BOOM,20100722,15.96,16.27,15.74,16.25,118100
BOSC,20100722,3.88,4.08,3.88,4,15400
BPFH,20100722,6.49,6.88,6.49,6.85,686600
BPOP,20100722,25.4,26.6,25.4,26.3,14439600
BPOPM,20100722,17.55,17.55,17.55,17.55,0
BPOPN,20100722,17.75,18,17.75,17.99,3300
BRCD,20100722,5.05,5.13,5.05,5.13,7159500
BRID,20100722,14.47,14.87,13.5,14.87,1400
BRKL,20100722,9.41,9.6,9.31,9.57,878300
BRKR,20100722,11.14,11.61,11.14,11.51,1050900
BRKS,20100722,8.07,8.36,8.02,8.32,388200
BSET,20100722,4.47,4.54,4.47,4.47,7000
BSFT,20100722,8.7,8.75,8.65,8.68,25100
BSPM,20100722,54.18,57.54,54.18,57.12,43100
BSQR,20100722,3.11,3.26,3.08,3.23,20200
BSRR,20100722,11.3,11.7,11.21,11.68,30300
BSTC,20100722,20.6,21.09,20.15,21.02,6300
BUSE,20100722,4.53,4.7,4.43,4.67,108100
BVSN,20100722,11.65,11.8,11.29,11.66,2700
BWEN,20100722,28.6,29.7,28.3,29.7,753600
BWINA,20100722,20.1,20.1,20.1,20.1,0
BWINB,20100722,21.45,21.92,21.13,21.91,14100
BWLD,20100722,40.65,41.24,39.96,41.09,369000
BYFC,20100722,2.4,2.65,2.4,2.6,1600
CA,20100722,18.81,19.32,18.81,19.1,6222400
CAAS,20100722,17.36,18.07,17.36,17.92,276900
CAC,20100722,27.08,28.1,26.91,28.1,12500
CACB,20100722,0.48,0.5,0.47,0.47,16000
CACC,20100722,49.5,50.1,49.41,50.1,103400
CADC,20100722,41.64,43.08,41.64,42.72,59600
CAKE,20100722,25.14,25.84,24.05,25.73,2695000
CALD,20100722,3.18,3.22,3.14,3.22,20200
CALI,20100722,17.58,18.48,17.4,18.48,8300
CALL,20100722,8,8,7.61,7.75,48100
CALM,20100722,14.815,15.08,14.58,14.99,198800
CAMP,20100722,2.34,2.38,2.32,2.35,16700
CAMT,20100722,2.3,2.38,2.3,2.36,43400
CART,20100722,4.15,4.15,4.15,4.15,0
CARV,20100722,6.07,6.16,6.07,6.07,300
CASH,20100722,28.77,30,28.77,30,600
CASM,20100722,2.15,2.2,2.15,2.15,4600
CASS,20100722,32.56,33.22,31.97,32.8,48900
CASY,20100722,36.26,36.46,36.06,36.21,812300
CATM,20100722,11.96,12.49,11.89,12.45,177200
CATY,20100722,10.59,11.27,10.59,11.23,615100
CAVM,20100722,28.77,29.16,28.39,29.07,860800
CBAK,20100722,7.2,7.5,7.15,7.5,252600
CBAN,20100722,6.09,6.1,6.09,6.1,500
CBLI,20100722,72.8,75.6,69.6,72.4,220000
CBMX,20100722,382.5,412.5,382.5,402,22400
CBOE,20100722,26.9,27.6,26.75,27.03,322500
CBPO,20100722,11,11.1,10.92,11,121000
CBRL,20100722,47.64,48.45,47.59,48.34,254900
CBSH,20100722,37.29,38.23,37.29,38.04,283800
CCBG,20100722,12.21,12.52,12.2,12.35,37100
CCMP,20100722,33.36,33.8,32.76,33.45,239000
CCNE,20100722,10.96,11.3,10.78,11.1,27900
CCOI,20100722,7.75,8.15,7.65,8.15,191200
CCRN,20100722,8.06,8.9,8,8.74,120500
CCUR,20100722,4.95,4.97,4.81,4.85,4400
CDNS,20100722,6.18,6.42,6.11,6.4,7041800
CDTI,20100722,6,6,5.5,6,1900
CDXS,20100722,9.91,9.91,9.26,9.49,97700
CDZI,20100722,11.23,11.8,11.08,11.77,22200
CECE,20100722,5.6,5.9,5.5,5.61,92400
CECO,20100722,24.88,24.99,23.85,24.54,1674300
CELG,20100722,25.72,26.45,25.63,26.17,2729900
CENT,20100722,9.75,9.97,9.75,9.92,120600
CENTA,20100722,9.53,9.85,9.53,9.81,203900
CENX,20100722,9.81,10.3,9.75,10.18,4273500
CERN,20100722,18.815,19.305,18.6575,18.9,1435600
CERS,20100722,2.93,3.07,2.91,3.07,99300
CETV,20100722,21.56,22.25,21.56,22.07,436000
CEVA,20100722,12.18,12.48,12.01,12.4,76000
CFBK,20100722,7.5,7.5,7.5,7.5,0
CFFI,20100722,18.59,18.8,18.59,18.8,300
CFFN,20100722,32.41,32.44,31.98,32.21,260300
CFNB,20100722,12.04,12.42,12.04,12.42,1400
CFNL,20100722,9.42,10.09,9.42,10.07,193600
CGEN,20100722,3.7,3.88,3.6,3.66,60200
CGNX,20100722,8.775,9.05,8.74,9.03,548600
CHCI,20100722,1.34,1.6,1.34,1.54,104600
CHCO,20100722,27.5,29.25,27.5,28.94,144900
CHDN,20100722,33.5,34.28,33.42,34.12,53200
CHFC,20100722,20.58,21.3,20.41,21.25,61600
CHFN,20100722,9.9801,9.9801,9.9801,9.9801,0
CHKE,20100722,18.73,18.96,18.59,18.77,83300
CHKP,20100722,33.18,34.14,33.16,33.91,2015500
CHNR,20100722,8.53,8.64,8.53,8.56,1700
CHRS,20100722,4.04,4.09,3.95,4.07,948500
CHRW,20100722,58.19,59.5,58.19,59.4,2351200
CHSCP,20100722,28.02,28.19,27.93,28.16,19700
CIDM,20100722,16.7,18,16.6,17.6,32900
CINF,20100722,26.86,27.28,26.79,27.24,1270900
CISG,20100722,24.33,24.86,24.12,24.49,811800
CIZN,20100722,17.98,17.99,17.95,17.98,1200
CJJD,20100722,4.16,4.18,4.13,4.16,25100
CKEC,20100722,6.82,7.05,6.8,7.01,114800
CLBH,20100722,3.81,3.81,3.5,3.5,900
CLCT,20100722,13.1,13.1,12.86,12.9,9600
CLDX,20100722,4.82,4.86,4.7,4.85,783800
CLFD,20100722,2.3,2.38,2.26,2.35,22100
CLMS,20100722,9.13,9.63,9.07,9.55,185300
CLMT,20100722,18.8,18.94,18.5,18.58,117400
CLNE,20100722,15.96,17.37,15.55,16.56,3031600
CLRO,20100722,3,3.09,3,3,14500
CLSN,20100722,3.07,3.22,3.07,3.13,38900
CLUB,20100722,2.57,2.63,2.53,2.53,17300
CLWT,20100722,7.7,7.865,7.645,7.755,3600
CMCO,20100722,14.58,15.16,14.53,15.09,192400
CMCSA,20100722,18.47,19,18.46,18.82,20791600
CME,20100722,55.174,56.638,55.028,56.344,687200
CMLS,20100722,20.16,22,19.52,21.6,136700
CMTL,20100722,21.56,21.74,20.6,20.99,2302600
CNBKA,20100722,20.75,20.97,20.45,20.77,14200
CNMD,20100722,17.1,17.69,17.1,17.65,237900
CNOB,20100722,7.3,7.6,7.3,7.34,6200
CNSL,20100722,17.13,17.37,17.06,17.25,207800
CNTF,20100722,14.5,15.15,14.5,14.75,114600
CNTY,20100722,2.09,2.12,2.09,2.11,15800
COBZ,20100722,5.58,5.76,5.5,5.52,136900
COGT,20100722,9,9.21,9,9.16,277600
COHR,20100722,36.1,36.66,35.05,36.54,134800
COHU,20100722,13.48,15.06,13.28,15.04,239800
COKE,20100722,50.89,51.54,50.33,51.51,9100
COLB,20100722,16.48,17.44,16.48,17.2,747500
COLM,20100722,23.48,24.205,23.155,24.11,229900
CONN,20100722,5.11,5.23,5.06,5.15,99600
COOL,20100722,28.56,28.98,28.14,28.14,16800
CORE,20100722,6.925,7.315,6.895,7.3075,142000
CORT,20100722,3,3.1,2.99,3.04,55700
COST,20100722,54.09,55.08,53.84,54.9,5284300
COWN,20100722,3.73,4.01,3.66,3.95,814800
CPHC,20100722,7.77,7.77,7.77,7.77,0
CPIX,20100722,5.81,5.99,5.75,5.88,134800
CPLA,20100722,86.27,86.65,82.82,83.6,306200
CPLP,20100722,8.74,8.8,8.6,8.71,242300
CPRT,20100722,17.875,18.125,17.865,18.035,158900
CPRX,20100722,1.06,1.11,1.01,1.04,43300
CPSI,20100722,39.66,40.77,39.29,40.67,35100
CPSS,20100722,0.87,0.9,0.81,0.85,34600
CPST,20100722,18.8,19,18.6,19,723000
CRAI,20100722,18.76,19.44,18.13,19.36,35700
CRAY,20100722,6.1,6.15,6.04,6.15,220100
CREE,20100722,67.88,71.25,67.58,70.88,2831400
CREG,20100722,31.3,32.7,31.3,31.9,16800
CRESY,20100722,13.09,13.52,12.46,13.01,346100
CRIS,20100722,1.53,1.56,1.5,1.55,309600
CRME,20100722,38.95,39.95,38.85,39.8,128600
CRMT,20100722,22.21,22.75,22.13,22.67,109600
CRNT,20100722,8.2,8.31,8.02,8.06,105100
CROX,20100722,11.33,11.55,11.17,11.37,2681800
CRUS,20100722,19.2,19.21,18.72,18.96,6828400
CRVL,20100722,18.58,19.665,18.505,19.575,36600
CRWS,20100722,4.2,4.2,4.02,4.02,300
CRZO,20100722,18.51,19.45,18.36,19.15,522400
CSBK,20100722,8.79,8.95,8.67,8.95,24200
CSCO,20100722,22.73,23.36,22.73,23.27,57954400
CSFL,20100722,8.85,8.89,8.44,8.66,1004400
CSGP,20100722,40.4,42.6,39.41,42.42,228700
CSGS,20100722,18.48,19.11,18.24,19.05,244300
CSII,20100722,4.17,4.21,4.09,4.2,18400
CSIQ,20100722,13.94,14.16,13.56,13.68,1089700
CSPI,20100722,4.38,4.38,4.25,4.25,4600
CSTR,20100722,45.55,46.6,45.53,46.41,826200
CSWC,20100722,21.6875,22.2725,21.6875,22.2725,3600
CSX,20100722,16.9433,17.4367,16.9433,17.24,4027600
CTAS,20100722,25.37,25.96,25.3,25.88,1463900
CTBI,20100722,25.57,26.5,25.56,26.47,42100
CTHR,20100722,2.71,2.73,2.7,2.7,31500
CTIB,20100722,7.9,8,7.7,7.8,30600
CTIC,20100722,2.1,2.1,2.05,2.1,1325700
CTRN,20100722,32.25,32.74,32.16,32.67,209100
CTRP,20100722,19.275,19.855,19.05,19.73,1957900
CTSH,20100722,26.78,27.145,26.635,27.05,3402000
CTWS,20100722,21.64,21.84,21.43,21.55,25300
CTXS,20100722,45.59,46.81,45.15,46.62,3941400
CUBA,20100722,5.95,6.13,5.89,6.08,14900
CUTR,20100722,7.65,7.76,7.53,7.73,113300
CVBF,20100722,9.88,10.63,9.83,10.5,1760900
CVCO,20100722,34.29,34.51,33.8,34.08,28800
CVCY,20100722,6.1,6.15,5.9,6.15,1200
CVGI,20100722,9.81,10.19,9.38,9.82,253200
CVGW,20100722,20.03,20.95,19.82,20.93,128700
CVLT,20100722,18.07,18.5,18.06,18.38,603400
CVLY,20100722,8.32,8.32,8,8.25,1100
CVTI,20100722,8.8,8.8,8.11,8.35,61200
CVV,20100722,3.61,3.61,3.61,3.61,0
CWBC,20100722,2.41,2.41,2.41,2.41,2200
CWCO,20100722,11.1,11.34,11.06,11.33,53600
CWST,20100722,3.79,4.04,3.74,4.04,162200
CXDC,20100722,6.7,6.85,6.41,6.41,112200
CY,20100722,10.71,11.35,10.7,10.95,6655300
CYAN,20100722,1.8,1.85,1.78,1.85,13300
CYBE,20100722,9.48,9.5,9.21,9.29,15200
CYCC,20100722,123.48,132.72,123.48,129.36,421800
CYCCP,20100722,3.5,3.5,3.5,3.5,0
CYNO,20100722,9.44,9.69,9.26,9.34,55500
CYOU,20100722,26.47,26.95,26.25,26.27,234400
CYTK,20100722,13.44,13.86,13.44,13.86,117500
CYTR,20100722,6.23,6.58,5.67,5.88,1925400
CYTX,20100722,58.5,61.05,58.5,60.45,287400
CYTXW,20100722,2.5,2.5,2.5,2.5,1500
CZFC,20100722,7.1,7.1,7.1,7.1,0
CZNC,20100722,10.78,11,10.63,10.96,25500
CZWI,20100722,3.89,4,3.89,4,6300
DAIO,20100722,4.77,5.1,4.77,5.09,6900
DAKT,20100722,8.26,8.48,8.23,8.45,229300
DAVE,20100722,7.96,8.16,7.77,7.93,15900
DCOM,20100722,12.8,12.91,12.71,12.86,87300
DCTH,20100722,118.88,122.88,118.08,118.88,1141700
DENN,20100722,2.56,2.63,2.51,2.62,666100
DEPO,20100722,2.62,2.79,2.62,2.74,277300
DEST,20100722,13.385,14.195,13.145,13.765,19800
DGAS,20100722,14.745,14.745,14.2,14.28,2300
DGICA,20100722,11.84,11.99,11.75,11.92,23700
DGICB,20100722,17,17,17,17,0
DGII,20100722,8.08,8.71,8.08,8.64,117600
DGLY,20100722,1.93,2,1.93,1.98,7000
DHIL,20100722,53.09,53.83,52.87,53.67,22400
DHRM,20100722,5.47,5.5,5.15,5.15,10100
DIOD,20100722,18.9,19.18,18.76,19.04,468100
DISCA,20100722,35.3,36.22,34.9,36.11,1951100
DISCB,20100722,37.72,37.72,37.72,37.72,0
DISCK,20100722,15.325,15.715,15.07,15.65,856300
DISH,20100722,19.46,19.9,19.34,19.55,2406500
DJCO,20100722,73.6,73.6,73.6,73.6,0
DLTR,20100722,21.075,21.45,20.965,21.405,1099900
DMLP,20100722,26.75,26.94,26.55,26.75,35800
DMRC,20100722,19.7,19.91,19.5,19.88,16600
DNBF,20100722,7.47,7.47,7.47,7.47,0
DORM,20100722,9.925,10.295,9.845,10.27,29500
DRAD,20100722,1.91,1.93,1.77,1.82,126100
DRAM,20100722,27,28.62,25.56,25.92,39800
DRRX,20100722,2.25,2.36,2.22,2.36,242700
DRWI,20100722,135.75,141,135.75,140.5,394200
DRYS,20100722,6270,6420,6255,6420,13462800
DSCI,20100722,5.01,5.01,5.01,5.01,0
DSGX,20100722,5.88,5.91,5.83,5.83,8900
DSPG,20100722,6.25,6.37,6.24,6.32,53900
DSWL,20100722,3.63,3.64,3.5,3.63,11900
DTLK,20100722,3.67,3.9,3.67,3.75,4700
DTSI,20100722,35.13,35.38,34.72,35.29,117500
DVAX,20100722,19.6,20.4,19.4,20.2,710200
DWCH,20100722,2.6,2.6,2.6,2.6,0
DWSN,20100722,21.69,22.24,21.69,22.19,53500
DXCM,20100722,10.97,11.25,10.97,11.19,729700
DXPE,20100722,18.15,18.8,17.86,18.5,130300
DXYN,20100722,3.65,3.84,3.46,3.56,5500
DYNT,20100722,3.55,3.55,3.55,3.55,2600
EBAY,20100722,8.8842,9.0695,8.7495,8.8168,25059800
EBIX,20100722,16.25,16.5,16.01,16.48,199100
EBMT,20100722,9.75,9.75,9.72,9.72,10100
EBSB,20100722,4.1789,4.2402,4.1667,4.2034,26400
EBTC,20100722,11.07,11.3,11.07,11.14,8800
ECHO,20100722,11.46,11.57,11.15,11.53,158800
ECOL,20100722,14.29,14.46,14.05,14.44,49000
ECPG,20100722,19.41,19.98,19.37,19.82,96300
EDAP,20100722,2.07,2.12,2.06,2.12,12000
EDGW,20100722,2.39,2.56,2.39,2.48,1300
EDUC,20100722,5.65,5.75,5.65,5.75,1300
EEFT,20100722,15.19,15.45,15,15.29,303000
EEI,20100722,12.47,12.47,12.1,12.11,600
EFII,20100722,9.6,9.63,9.44,9.58,349200
EFOI,20100722,1.34,1.37,1.3,1.32,45100
EFSC,20100722,9.45,9.56,9.35,9.53,41600
EFUT,20100722,5.76,5.92,5.63,5.9,17900
EGBN,20100722,10.63,10.78,10.25,10.63,57800
EGHT,20100722,1.45,1.46,1.38,1.45,192400
EGLE,20100722,6580.8,6739.2,6566.4,6724.8,983700
EGOV,20100722,6.54,6.95,6.54,6.94,288200
EHTH,20100722,10.46,10.67,10.39,10.42,285800
ELGX,20100722,4.8,4.93,4.78,4.9,125100
ELNK,20100722,8.48,8.52,8.43,8.5,1016700
ELON,20100722,72,73.7,71.3,73.7,242500
ELOS,20100722,9.2,9.43,9.11,9.33,164300
ELSE,20100722,4.54,4.54,4.54,4.54,0
ELTK,20100722,1.05,1.11,1.05,1.11,900
EMCF,20100722,15.55,15.55,15.55,15.55,0
EMCI,20100722,14.6267,14.8067,14.62,14.8067,11900
EMIF,20100722,29.7,30.15,29.7,29.9,7400
EMITF,20100722,798.6,798.6,798,798,400
EMKR,20100722,3.2,3.4,3.04,3.36,623500
EMMS,20100722,8.2,8.28,7.96,8.08,119500
ENDP,20100722,23.4,23.76,23.3,23.43,1065900
ENG,20100722,2.22,2.28,2.21,2.23,32500
ENOC,20100722,33.41,35.8,33.4,35.74,388200
ENSG,20100722,8.77,8.77,8.675,8.695,248500
ENTG,20100722,4.55,4.74,4.52,4.71,1336100
EPAY,20100722,13.4,13.77,13.32,13.74,184100
EQIX,20100722,85.44,87.03,85.27,86.51,748800
ERIC,20100722,12.05,12.2,12,12.14,8922000
ERIE,20100722,48.07,48.31,47.59,47.7,121200
ERII,20100722,3.84,3.88,3.79,3.88,219400
ESBK,20100722,15.82,15.82,15.82,15.82,0
ESCA,20100722,4.61,4.81,4.61,4.64,4400
ESEA,20100722,3.56,3.57,3.46,3.5,23500
ESGR,20100722,72.04,73.39,71.22,72.48,27900
ESIO,20100722,12.47,12.95,12.47,12.8,77500
ESLT,20100722,50.47,51.49,50.47,51.3,9700
ESMC,20100722,1.51,1.53,1.51,1.53,5200
ESRX,20100722,45.52,45.76,41.55,42.12,22071400
ESSA,20100722,12.22,12.52,12.22,12.5,54700
ETFC,20100722,12.9,13.39,12.86,13.35,3348000
ETRM,20100722,27.45,29.25,27,28.05,79400
EUFN,20100722,20.76,21,20.76,21,22900
EVBS,20100722,5.97,6.05,5.97,6.05,200
EVEP,20100722,36.24,36.38,35.76,35.91,216000
EVK,20100722,2.65,2.84,2.65,2.74,1700
EVOL,20100722,6.7,7.04,6.7,6.98,9400
EWBC,20100722,16.73,17.24,16.73,17.18,943600
EXAC,20100722,15.7,15.82,15.31,15.55,39400
EXAS,20100722,3.44,3.58,3.38,3.51,181400
EXEL,20100722,3.14,3.19,3.12,3.16,707300
EXFO,20100722,5.76,5.8,5.76,5.77,8500
EXLS,20100722,17.15,18.55,17.15,18.54,54700
EXPD,20100722,39.78,41,39.51,40.66,1882900
EXPE,20100722,20.83,21.49,20.7,21.19,4005500
EXPO,20100722,15.94,16.115,14.18,16.1,87200
EXTR,20100722,2.87,2.88,2.76,2.78,501000
EZPW,20100722,20.1,20.3,19.51,20.16,498300
FALC,20100722,3.02,3.05,2.97,3.03,71600
FARM,20100722,14.73,14.89,14.39,14.89,8600
FARO,20100722,20.35,20.84,20.2,20.5,172100
FAST,20100722,24.075,24.7,24.075,24.435,1292200
FBIZ,20100722,9.1,9.1,9.1,9.1,0
FBMS,20100722,8,8,8,8,0
FBNC,20100722,14.48,14.97,14.18,14.94,52300
FBSS,20100722,15.25,15.25,14.95,15,3300
FCAP,20100722,15.05,15.05,15.05,15.05,0
FCBC,20100722,14.48,15.24,14.31,15.13,49100
FCCO,20100722,5.74,5.75,5.74,5.75,1700
FCCY,20100722,7.65,7.75,7.65,7.75,3500
FCEL,20100722,14.4,14.76,14.4,14.76,2041400
FCNCA,20100722,189.79,195.18,189.61,195.18,15500
FDEF,20100722,9.2,9.49,9.12,9.38,11900
FDML,20100722,15.18,15.97,15.15,15.73,178200
FEIM,20100722,4.69,5.08,4.69,5,9700
FELE,20100722,15,15.48,14.825,15.195,140000
FFBC,20100722,14.56,14.89,14.51,14.79,352300
FFBCW,20100722,6.35,6.35,6.35,6.35,0
FFHL,20100722,1.04,1.16,1.01,1.03,39700
FFIC,20100722,12.45,12.83,12.27,12.7,509500
FFIN,20100722,15.4667,15.9034,15.34,15.8434,73700
FFIV,20100722,80.1,83.85,79.4,83.4,5533900
FFKT,20100722,4.89,4.9,4.79,4.9,17700
FFNW,20100722,4.08,4.21,4.05,4.2,7700
FHCO,20100722,5.06,5.25,4.96,5.23,71200
FIBK,20100722,14.85,15.01,14.73,14.97,54800
FINL,20100722,14.3,14.98,14.3,14.73,1136000
FISI,20100722,17.62,18.21,17.44,18.03,31300
FISV,20100722,22.805,23.41,22.805,23.275,967800
FITB,20100722,11.66,12.61,11.61,12.45,27294400
FIZZ,20100722,13.91,14.01,13.71,13.96,77700
FLEX,20100722,6.27,6.58,6.23,6.56,10900400
FLIC,20100722,16.5333,16.6867,16.4333,16.6533,17900
FLIR,20100722,30.4,30.42,29.84,30.02,2974000
FLML,20100722,6.45,6.45,6.23,6.23,92900
FLWS,20100722,2.18,2.26,2.14,2.18,94300
FLXS,20100722,10.4,10.46,10.4,10.46,1800
FMBI,20100722,12,12.22,11.91,12.15,463200
FNGN,20100722,13.9,15.09,13.78,14.95,94600
FNLC,20100722,12.91,13.59,12.91,13.5,33200
FNSR,20100722,15.57,16.14,15.42,16.12,1558500
FOLD,20100722,2.73,2.74,2.54,2.61,45900
FONR,20100722,1.59,1.7,1.47,1.54,46500
FORD,20100722,3.25,3.41,3.24,3.36,44700
FORM,20100722,10.31,10.91,10.3,10.89,710300
FORR,20100722,31.44,32.15,31.06,32.08,107300
FORTY,20100722,11.71,12.25,11.71,12.22,5100
FOSL,20100722,37.89,39.31,37.89,39.18,673600
FRBK,20100722,2.11,2.15,1.98,1.99,160400
FRED,20100722,10.68,10.9,10.62,10.87,209200
FRME,20100722,7.74,8.16,7.6,8.13,77500
FRPT,20100722,4.22,4.35,4.18,4.35,580700
FSBK,20100722,11.69,11.69,11.07,11.36,18200
FSFG,20100722,13,13,13,13,0
FSLR,20100722,136.49,139.07,136.49,137.68,1336900
FSTR,20100722,26.27,27.62,25.97,27.37,44600
FTEK,20100722,6.22,6.37,6.21,6.34,105100
FTNT,20100722,8.12,8.675,8.08,8.66,1578000
FUEL,20100722,1.26,1.33,1.25,1.27,6400
FULT,20100722,9.1,9.16,8.91,9.14,2520300
FUNC,20100722,4.12,4.12,4.03,4.06,800
FUND,20100722,5.8,5.94,5.8,5.93,22600
FWRD,20100722,28.79,29.57,28.35,29.5,150600
GABC,20100722,15.38,16,15.18,15.7,13600
GAIA,20100722,6.44,6.56,6.37,6.54,35500
GAIN,20100722,6.15,6.27,6,6.27,64200
GALT,20100722,4.68,4.74,4.626,4.74,97900
GASS,20100722,4.48,4.52,4.48,4.5,6400
GBCI,20100722,14.85,15.11,14.76,14.98,392000
GBDC,20100722,14.35,14.35,14.14,14.25,33400
GBLI,20100722,14.54,15.04,14.38,14.95,30200
GBNK,20100722,5.2,5.75,5.15,5.5,69800
GCBC,20100722,8.625,8.625,8.625,8.625,500
GENC,20100722,5.0667,5.08,5.04,5.0667,4000
GENE,20100722,4.75,4.75,4.75,4.75,100
GERN,20100722,4.65,4.77,4.64,4.77,478700
GFED,20100722,6.24,6.24,6.24,6.24,0
GFN,20100722,1.27,1.27,1.16,1.25,59800
GGAL,20100722,6.35,6.35,6.25,6.3,426900
GHDX,20100722,12.41,12.59,12.1,12.27,224100
GIFI,20100722,16.55,17.02,16.51,16.76,59600
GIGA,20100722,2.31,2.31,2.31,2.31,0
GIGM,20100722,10.85,11,10.6,10.65,253100
GIII,20100722,10.96,11.725,10.96,11.71,187200
GILD,20100722,16.515,16.93,16.51,16.89,14701500
GILT,20100722,4.94,4.98,4.91,4.96,4000
GLAD,20100722,11.05,11.21,10.8,11.12,117100
GLBL,20100722,4.37,4.73,4.34,4.7,1254300
GLBZ,20100722,8.44,8.44,7.82,7.82,700
GLDD,20100722,5.6,5.73,5.55,5.69,783600
GLNG,20100722,9.82,10.19,9.58,10.15,125200
GLRE,20100722,25.29,25.61,25.28,25.57,73400
GLUU,20100722,1.34,1.34,1.25,1.28,10600
GNCMA,20100722,7.98,8.33,7.95,8.32,114200
GNMK,20100722,4.4,4.5,4.36,4.5,22300
GNTX,20100722,9.825,10.1,9.63,10,3266500
GNVC,20100722,4.6,4.8,4.5,4.7,378500
GOLD,20100722,91.62,92.66,91.6,92.25,816500
GOOD,20100722,16.81,17.12,16.64,17,28900
GOODO,20100722,21.81,21.9,21.75,21.82,900
GOODP,20100722,23.15,23.15,22.75,22.75,1600
GOOG,20100722,241.615,244.49,241.24,242.405,2148400
GPIC,20100722,6.2,6.25,6.08,6.2,1900
GPOR,20100722,12.5,13.22,12.37,13.18,168800
GPRE,20100722,9.61,9.96,9.53,9.85,253800
GPRO,20100722,43.65,43.89,42.83,43.4,502400
GRID,20100722,29.32,30.25,29.32,30.25,3400
GRIF,20100722,26.9,27.39,26.9,27.39,1700
GRMN,20100722,29.59,30.55,29.41,30,1008400
GROW,20100722,5.98,6.06,5.9,5.95,79400
GRVY,20100722,11.76,12.32,11.76,12.32,20700
GSBC,20100722,19.55,19.91,19.55,19.88,20200
GSIT,20100722,6.28,6.49,6.17,6.49,81300
GSM,20100722,11.11,11.54,11.11,11.4,630000
GSOL,20100722,8.16,8.3,8.14,8.28,56000
GT,20100722,11.92,12.27,11.86,12.23,4062600
GTIM,20100722,0.95,1,0.95,1,1400
GTLS,20100722,16.6,17.91,16.6,17.88,293600
GTXI,20100722,2.92,3.07,2.92,3.04,49600
GUID,20100722,4.85,4.85,4.75,4.83,54300
GULF,20100722,14.41,14.54,14.41,14.46,16000
GYRO,20100722,78,79.99,77.64,79.95,1700
HA,20100722,5.83,6.05,5.82,5.93,836700
HAFC,20100722,1.25,1.3,1.23,1.27,1521800
HAIN,20100722,9.925,10.33,9.8,10.175,450000
HALL,20100722,9.83,10.05,9.82,9.97,57300
HALO,20100722,6.88,7.08,6.8,7.05,283000
HAS,20100722,39.73,40.65,39.73,40.1,1527900
HAWK,20100722,9.78,9.98,9.57,9.83,134200
HAYN,20100722,30.92,33.08,30.48,32.58,148600
HBAN,20100722,5.92,5.97,5.79,5.85,20907600
HBANP,20100722,1014.65,1015,1005,1015,400
HBCP,20100722,12.72,12.95,12.6,12.84,18500
HBHC,20100722,28.89,29.09,28.21,28.79,356500
HBIO,20100722,3.85,3.86,3.71,3.71,25400
HBNC,20100722,6.4622,6.6963,6.4622,6.6785,1800
HCCI,20100722,8,8.25,7.9,8.22,7400
HCKT,20100722,2.85,2.9,2.79,2.88,163800
HCSG,20100722,14.7667,14.96,14.4333,14.7933,199100
HDNG,20100722,7.97,8.3,7.97,8.01,22700
HDSN,20100722,1.89,1.95,1.85,1.95,24800
HEES,20100722,8.83,9.23,8.72,9.18,97400
HELE,20100722,23.22,23.51,22.89,23.35,200200
HEOP,20100722,3.8,3.8,3.59,3.7,9300
HFBC,20100722,9.08,9.08,9.06,9.06,900
HFWA,20100722,13.38,13.98,13.16,13.98,24400
HIBB,20100722,25.27,25.95,25.23,25.89,249400
HIFS,20100722,37.29,37.29,37.29,37.29,0
HIHO,20100722,1.8,1.88,1.8,1.8,1200
HIMX,20100722,2.98,3.03,2.95,3.01,284200
HLIT,20100722,5.89,5.99,5.82,5.99,432500
HMNF,20100722,4.85,4.85,4.55,4.55,1000
HMSY,20100722,18.5467,18.93,18.5467,18.7933,164400
HNRG,20100722,8.26,8.74,8.25,8.74,4300
HOFT,20100722,10.89,11.2,10.88,11.19,28400
HOLI,20100722,9,9.43,8.98,9.38,304900
HOLX,20100722,13.41,13.69,13.4,13.44,2785600
HOMB,20100722,5.5425,5.6875,5.51,5.645,59600
HOVNP,20100722,6.87,6.95,6.87,6.95,1200
HPJ,20100722,3.54,3.54,3.4,3.41,30800
HSIC,20100722,51.73,53.42,51.55,52.77,1008800
HSII,20100722,20.55,21.46,19.6,21.38,215500
HSKA,20100722,0.55,0.56,0.5,0.51,159000
HSNI,20100722,28.11,28.91,28.11,28.33,652300
HSTM,20100722,4.5,4.6,4.43,4.55,9400
HTBK,20100722,3.53,3.61,3.53,3.61,800
HTHT,20100722,15.47,15.6,15.3,15.6,27500
HTLD,20100722,15.69,15.99,15.66,15.86,632600
HTLF,20100722,16.54,17,16.29,16.98,18800
HUBG,20100722,30.6,30.99,29.94,30.42,1089400
HURC,20100722,16.49,17.16,16.49,16.78,28300
HURN,20100722,20.64,21.24,20.36,21.09,152500
HWAY,20100722,12.25,12.63,12.08,12.44,197500
HWBK,20100722,12.96,12.96,12.96,12.96,0
HWCC,20100722,11.81,12.18,11.79,11.9,110700
HWKN,20100722,26.79,27.02,26.33,27.02,16200
HYGS,20100722,3.48,3.51,3.35,3.47,46200
IART,20100722,34.99,35.41,33.8,33.86,469600
IBB,20100722,78.55,79.59,78.44,79.01,575200
IBCP,20100722,0.3,0.34,0.3,0.32,405500
IBKC,20100722,49.53,50.97,49.35,50.41,350200
IBKR,20100722,17.86,18.29,17.85,18.09,850500
IBOC,20100722,15.49,16.37,15.42,16.33,379700
ICAD,20100722,1.97,1.99,1.94,1.94,50600
ICCC,20100722,3.35,3.37,3.25,3.25,1500
ICFI,20100722,22.52,22.94,22.52,22.6,84200
ICLN,20100722,16.87,16.99,16.54,16.89,8300
ICLR,20100722,27.56,28.03,27.36,27.47,114000
ICON,20100722,15.74,16.12,15.56,16.1,552600
ICUI,20100722,37.49,37.62,37,37.13,166200
IDCC,20100722,26.6,27.32,26.6,27.16,479500
IDRA,20100722,3.42,3.58,3.42,3.54,18900
IDSA,20100722,13.85,14,13.26,13.95,238600
IDSY,20100722,2.59,2.66,2.59,2.63,3100
IDTI,20100722,5.19,5.36,5.13,5.32,1845000
IDXX,20100722,30,31.095,29.91,31.025,627000
IESC,20100722,3.57,3.63,3.44,3.59,14900
IFEU,20100722,25.8,26.15,25.8,26.12,1500
IFGL,20100722,27.09,27.42,27.09,27.32,30900
IFON,20100722,0.56,0.57,0.55,0.56,7300
IGLD,20100722,20.55,21.33,20.55,21.33,12400
IGOV,20100722,99.97,99.97,99.67,99.87,18800
III,20100722,1.88,1.89,1.83,1.84,31200
IIIN,20100722,10,10.1,9.39,9.69,549000
IIJI,20100722,6.95,7.11,6.95,7.07,36200
IIN,20100722,6.19,6.19,6.15,6.15,6500
IIVI,20100722,16.14,16.59,16.14,16.52,156900
IKNX,20100722,6.41,6.41,6.41,6.41,0
ILMN,20100722,42.8,43.72,42.6,43.04,737600
IMGN,20100722,8.56,8.75,8.43,8.72,490700
IMKTA,20100722,15.28,15.69,15.1,15.67,23900
IMMR,20100722,5.24,5.29,5.15,5.18,87200
IMMU,20100722,3.1,3.21,3.07,3.16,825200
IMMY,20100722,5.9,6.25,5.9,6.05,58200
IMOS,20100722,1.22,1.35,1.22,1.3,297700
INAP,20100722,4.4,4.5,4.32,4.48,214100
INCY,20100722,12.25,12.42,12.09,12.16,1957500
INDB,20100722,22.57,23.25,22.57,23.06,100000
INDY,20100722,26.24,26.73,26.24,26.64,28700
INFI,20100722,5.65,6,5.55,5.72,150900
INFN,20100722,6.48,7.04,6.4,6.99,1607800
ININ,20100722,17.14,18.04,16.87,18,125000
INOD,20100722,2.76,2.82,2.66,2.74,25600
INSM,20100722,0.7,0.72,0.68,0.72,539500
INTC,20100722,21.35,21.98,21.34,21.78,74526000
INTG,20100722,15.3,15.3,15.25,15.25,200
INTU,20100722,37.71,38.46,37.5,37.98,4195700
INTX,20100722,4.41,5.35,4.41,5.07,53700
INVE,20100722,15.8,15.8,15.5,15.5,4900
INWK,20100722,6.55,6.88,6.44,6.85,139100
IOSP,20100722,10.9,11.1,10.81,10.9,71000
IPAR,20100722,14.57,15.09,14.56,15.03,82900
IPAS,20100722,1.14,1.19,1.14,1.18,179700
IPCC,20100722,48.05,48.84,47.88,48.25,60500
IPCI,20100722,3.07,3.07,2.77,2.93,10600
IPGP,20100722,14.73,15.51,14.73,15.48,152800
IPHS,20100722,26.75,27.57,25.03,27.57,89600
IPXL,20100722,17.23,17.48,17.06,17.16,672300
IRBT,20100722,18.65,19.8,18.65,19.74,86300
IRDM,20100722,9.97,10.34,9.87,10.32,327300
IRIX,20100722,3.64,3.67,3.6,3.67,900
IRWD,20100722,12.05,12.77,11.97,12.76,117200
ISBC,20100722,4.9569,5.0784,4.9373,5.0745,157300
ISCA,20100722,25.57,26.32,25.57,26.27,188900
ISHG,20100722,99.58,99.76,99.57,99.76,3000
ISIG,20100722,5.31,5.41,5.28,5.41,13600
ISIL,20100722,12.6,12.83,12.1,12.23,5411700
ISLE,20100722,8.57,8.68,8.36,8.44,1721300
ISNS,20100722,13.05,13.06,13.05,13.06,200
ISRG,20100722,308.24,324.2,306.81,316.98,2146300
ISRL,20100722,52.21,54.48,50.92,54.42,3800
ISSC,20100722,4.1,4.24,4.1,4.17,14900
ITIC,20100722,29.4,30.2,29.4,30.2,1100
ITRI,20100722,59.8,60.8,52.58,57.93,3563000
ITRN,20100722,13.98,13.98,13.7,13.7,19200
IVAC,20100722,11.11,11.11,10.73,10.79,134600
IXYS,20100722,8.17,8.56,8,8.42,145200
JACK,20100722,19.28,19.57,19.15,19.54,842200
JAKK,20100722,13.95,14.6,13.95,14.1,245900
JASO,20100722,32.45,32.5,31.5,31.75,7200000
JAZZ,20100722,8.63,8.76,8.5,8.74,658700
JBHT,20100722,34.9,35.7,34.87,35.2,1307500
JBLU,20100722,6.03,6.38,6,6.38,8579200
JBSS,20100722,14.52,14.71,14.37,14.68,22300
JCOM,20100722,22.37,22.84,22.35,22.8,293600
JCS,20100722,10.43,10.59,10.43,10.45,6000
JCTCF,20100722,3.625,3.625,3.595,3.62,3400
JJSF,20100722,43.42,43.74,42.88,43,112700
JKHY,20100722,24.76,25.36,24.73,25.28,619000
JMBA,20100722,10,10.25,9.75,9.95,1226500
JOBS,20100722,11.06,11.285,10.89,11.075,15100
JOUT,20100722,11.67,12.87,11.51,12.7,18300
JRJC,20100722,7.99,7.99,7.81,7.87,11000
JVA,20100722,4.8,4.84,4.61,4.84,5500
KALU,20100722,39.29,39.92,39.25,39.74,203400
KCAP,20100722,4.85,4.85,4.75,4.83,34200
KELYA,20100722,13.55,15.01,13.37,14.78,158500
KEQU,20100722,11.26,11.26,11.09,11.24,1200
KERX,20100722,3.61,3.75,3.61,3.65,926700
KFFB,20100722,8.38,8.88,8.38,8.88,1000
KFRC,20100722,13,13.42,12.98,13.39,135700
KINS,20100722,2.25,2.25,2.25,2.25,0
KIRK,20100722,17.09,17.56,17.08,17.39,278000
KLAC,20100722,30.11,31.08,29.98,30.83,4539200
KLIC,20100722,6.77,7,6.72,7,1821700
KNDI,20100722,3.1,3.22,3.08,3.12,106400
KONA,20100722,3.69,3.69,3.62,3.69,1800
KONE,20100722,24.5,25.5,23.5,23.5,87300
KOOL,20100722,11.6,12.2,11.4,11.6,146300
KOPN,20100722,3.49,3.51,3.46,3.51,378600
KOSS,20100722,5.35,5.35,5.2,5.2,2800
KRNY,20100722,8.9,9.03,8.81,9,67700
KTCC,20100722,5.5,5.63,5.3,5.55,30600
KTEC,20100722,11.75,11.94,11.75,11.94,4400
KTOS,20100722,10.08,10.31,9.98,10.27,113200
KVHI,20100722,12.37,12.6,12.14,12.48,101000
KZ,20100722,6.36,6.45,6.26,6.3,104800
LABL,20100722,11.75,11.75,11.41,11.68,34000
LAKE,20100722,9.32,9.32,9.1,9.1,1300
LAMR,20100722,26.78,27.71,26.65,27.53,779700
LANC,20100722,52.53,53.1,52.44,52.83,146100
LARK,20100722,15.51,16.5,15.51,15.7,15400
LAWS,20100722,15.38,16.41,15.18,16.34,27100
LAYN,20100722,25.18,26.11,24.96,26.01,85600
LBAI,20100722,8.61,8.84,8.61,8.75,49500
LBIX,20100722,2.24,2.29,2.23,2.27,6300
LBTYA,20100722,14.2207,14.4251,14.2003,14.3536,1294600
LBTYB,20100722,28.87,28.87,28.87,28.87,0
LBTYK,20100722,27.93,28.23,27.77,28.04,337700
LCUT,20100722,14.35,14.52,14.15,14.35,47400
LECO,20100722,26.075,26.825,26.075,26.765,114500
LFUS,20100722,32.99,34.65,32.69,34.54,123700
LGCY,20100722,25.09,25.45,25,25.21,295100
LGND,20100722,9.06,9.36,8.88,9.24,394900
LHCG,20100722,20.94,21.92,20.94,21.59,389300
LIFE,20100722,46.92,48.61,46.69,47.79,2390000
LINC,20100722,21.01,21.13,20.71,20.95,207700
LION,20100722,6.68,6.76,6.41,6.6,16800
LIOX,20100722,4.85,4.92,4.79,4.83,289000
LIVE,20100722,0.1533,0.1533,0.1533,0.1533,0
LKFN,20100722,12.7733,13.3,12.6467,13.2533,61500
LLNW,20100722,4.24,4.4,4.18,4.35,425900
LLTC,20100722,30.68,31.96,30.65,31.86,6940500
LMAT,20100722,5.69,5.83,5.69,5.77,8700
LMCA,20100722,15.0333,15.3333,14.6667,15.1033,497300
LMIA,20100722,16.95,17.71,16.95,17.65,62800
LMNR,20100722,16.8,17.12,16.56,17.1,16000
LMNX,20100722,15.05,15.29,14.81,15.2,230600
LNCE,20100722,20.33,22.45,19.96,21.3,1493900
LNDC,20100722,6.53,6.73,6.46,6.62,124400
LOAN,20100722,1.48,1.55,1.48,1.55,300
LOGI,20100722,14.47,14.66,14.46,14.55,956700
LOGM,20100722,30.01,31.16,27.64,27.8,759600
LOPE,20100722,21.53,22.05,21.36,21.68,259200
LORL,20100722,45.85,46.62,45.7,46,87400
LPNT,20100722,29.93,30.81,29.79,30.02,602900
LPSN,20100722,6.79,7.09,6.75,7.07,276300
LPTH,20100722,2.44,2.44,2.42,2.43,1200
LQDT,20100722,13.9,13.99,13.76,13.98,52000
LRAD,20100722,1.17,1.17,1.11,1.15,13300
LRCX,20100722,40.69,41.83,40.59,41.55,1586700
LSBK,20100722,7.9,7.9,7.9,7.9,500
LSCC,20100722,5.33,5.65,5.33,5.58,5112300
LSTR,20100722,39.82,40.64,39.79,39.89,378300
LTBR,20100722,38.05,39.75,37.75,38.25,119200
LTRX,20100722,3.85,3.9,3.75,3.84,7200
LULU,20100722,19.385,20.295,19.105,20.245,841200
LUNA,20100722,1.93,2.1,1.84,2.03,32000
LWAY,20100722,10,10.35,9.99,10.35,14800
LXRX,20100722,9.52,9.73,9.31,9.73,1743100
LYTS,20100722,5.46,5.5,5.33,5.46,40900
MAGS,20100722,2.79,2.79,2.78,2.78,1400
MANH,20100722,6.76,7.02,6.76,6.9975,413300
MANT,20100722,37.82,38.5,37.72,38.22,435700
MARPS,20100722,14.99,14.99,14.91,14.97,1000
MASI,20100722,22.13,22.62,22.13,22.46,492800
MAT,20100722,20.87,21.42,20.82,21.05,5268900
MATW,20100722,30.29,31.23,30.01,31.19,119900
MAYS,20100722,16.75,16.75,16.75,16.75,0
MBFI,20100722,17.01,17.16,15.97,17.09,1255100
MBLX,20100722,96.6,101.76,95.28,100.74,383100
MBRG,20100722,14.02,14.02,14,14.01,2500
MBTF,20100722,1.75,1.88,1.75,1.81,4100
MBVT,20100722,22.63,23.01,22.43,22.78,9300
MBWM,20100722,5.46,5.54,5.32,5.34,7900
MCBC,20100722,1.25,1.29,1.2,1.24,23700
MCHP,20100722,29.92,30.59,29.84,30.57,2734900
MCHX,20100722,4.5,4.87,4.34,4.7,80900
MCRI,20100722,10.38,10.72,10.38,10.65,37800
MDCA,20100722,10.83,11.19,10.83,10.94,20200
MDCO,20100722,8.6,8.72,8.41,8.7,1206800
MDM,20100722,2.89,2.91,2.86,2.9,3400
MDRX,20100722,16.13,16.28,15.77,16,2034800
MDSO,20100722,7.685,7.735,7.63,7.65,189500
MELI,20100722,59.7,60.25,58.6,60.05,588300
MENT,20100722,9.11,9.45,9.07,9.42,1296900
MEOH,20100722,22.51,22.81,22.39,22.62,257000
MERC,20100722,4.52,5.08,4.41,4.79,317100
MFNC,20100722,6.85,6.89,6.73,6.75,1500
MFRI,20100722,6.18,6.51,6.15,6.25,14000
MFSF,20100722,6.9,7.25,6.85,7.24,9700
MGEE,20100722,24.2933,24.6733,24.1533,24.6133,48500
MGIC,20100722,2.38,2.49,2.38,2.48,21100
MGLN,20100722,36.72,37.11,36.5,36.8,170100
MGPI,20100722,6.78,7.3,6.78,7.26,60800
MGRC,20100722,22.71,23.46,22.71,23.23,90600
MGYR,20100722,3.1,3.2,3.08,3.2,8300
MHGC,20100722,6.39,6.86,6.38,6.85,146400
MHLD,20100722,6.64,6.74,6.64,6.68,207000
MIDD,20100722,19,19.4067,18.61,19.3533,92200
MIND,20100722,6.48,6.96,6.48,6.96,54300
MINI,20100722,16.72,17.12,16.72,17.02,221400
MITL,20100722,9.29,9.62,9.29,9.62,41200
MKSI,20100722,19.7,20.53,19.7,20.25,918900
MKTX,20100722,12.88,13.01,12.69,12.73,173400
MLAB,20100722,22.82,22.82,20.83,20.83,4800
MLHR,20100722,17.59,18.28,17.5,18.12,654000
MLNK,20100722,6.27,6.56,6.21,6.38,339100
MLNX,20100722,16.45,17.26,15.48,15.49,11766800
MLVF,20100722,8.31,8.31,8.31,8.31,0
MMLP,20100722,32.64,32.98,32.49,32.94,71600
MMSI,20100722,12.728,12.92,12.64,12.848,84100
MNDO,20100722,1.98,1.99,1.89,1.9,94100
MNKD,20100722,6.5,6.67,6.05,6.33,1954500
MNOV,20100722,4.79,4.83,4.49,4.72,2700
MNRO,20100722,25.3867,26.1667,25.0067,25.3333,337000
MNST,20100722,7.1317,7.2367,7.1083,7.1567,951700
MNTA,20100722,11.67,12.01,11.42,11.93,192700
MNTX,20100722,2,2.03,2,2.02,4700
MOCO,20100722,10.85,10.99,10.68,10.75,1900
MOFG,20100722,14.74,15.49,14.65,15.49,9000
MORN,20100722,44.6,45.35,44.52,45.18,37400
MOSY,20100722,4.19,4.3,4.16,4.3,43200
MPAA,20100722,6.44,6.44,6.2,6.44,33800
MPB,20100722,7.5,7.5,7.42,7.42,200
MPEL,20100722,3.99,4.14,3.96,4.14,6233000
MPET,20100722,1.89,1.91,1.82,1.86,207700
MPWR,20100722,18.5,18.76,18.44,18.58,303100
MRCY,20100722,11.96,12.49,11.88,12.41,69100
MRLN,20100722,10.12,10.67,10.12,10.49,21400
MRTN,20100722,14.4733,14.6467,14.38,14.5867,231900
MRVL,20100722,16.42,16.8,16.35,16.64,14306900
MSBF,20100722,7.07,7.07,7.07,7.07,100
MSCC,20100722,15.26,15.53,15.22,15.36,1157000
MSEX,20100722,16.41,16.63,16.28,16.51,62400
MSFG,20100722,6.34,6.56,6.32,6.53,58700
MSFT,20100722,25.51,25.99,25.47,25.84,73016300
MSON,20100722,2.08,2.19,2.07,2.14,5700
MSTR,20100722,80.24,80.91,79.21,80,147600
MTEX,20100722,26.2,27.9,26.2,27.4,81000
MTRX,20100722,9.49,9.89,9.43,9.77,270200
MTSC,20100722,28.45,28.99,28.35,28.94,67500
MTSL,20100722,1.53,1.53,1.53,1.53,0
MU,20100722,8.35,8.59,8.24,8.54,34888000
MVIS,20100722,22.56,23.04,21.76,22.96,518500
MXIM,20100722,17.81,18.16,17.78,18.03,3340400
MXWL,20100722,10.63,11,10.63,10.93,119900
MYGN,20100722,14.73,14.91,14.41,14.49,1608500
MYL,20100722,17.9,18.18,17.54,17.79,9553500
MYRG,20100722,15.94,16.66,15.71,16.58,65800
NAII,20100722,7.01,7.15,7.01,7.15,200
NANO,20100722,8.71,9.03,8.67,8.99,360200
NATH,20100722,16.25,16.48,15.68,15.81,12400
NATI,20100722,20.9067,21.2467,20.8933,21.1067,171100
NATR,20100722,8.6,9.09,8.59,9,15100
NAUH,20100722,7.23,7.49,7.09,7.28,30700
NAVG,20100722,42.98,43.78,42.82,43.72,30200
NAVI,20100722,2.81,2.84,2.75,2.77,8800
NBIX,20100722,5.26,5.45,5.21,5.38,463300
NBN,20100722,13.1,13.1,13.1,13.1,0
NBTB,20100722,20.67,21.32,20.67,21.27,130600
NCIT,20100722,23.4,23.68,23.38,23.5,35300
NCMI,20100722,17.41,18.12,17.41,18.09,119300
NCTY,20100722,4.3,4.3,4.25,4.25,54400
NDAQ,20100722,18,18.49,17.95,18.4,1906200
NDSN,20100722,30.24,30.95,29.54,30.56,206800
NEOG,20100722,17.9733,18.4133,17.8867,18.3933,236200
NEPT,20100722,1.3,1.3,1.3,1.3,800
NEWS,20100722,6.71,6.93,6.71,6.87,136700
NEWT,20100722,5.9,6.4,5.9,5.9,3000
NFBK,20100722,12.42,12.6,12.23,12.6,31500
NFLX,20100722,15.6429,16.0671,14.5357,14.7943,13659600
NICE,20100722,26.05,26.8,26.05,26.76,297600
NICK,20100722,8.15,8.5,8.15,8.5,5400
NIHD,20100722,38.17,39.69,37.86,39.18,2125600
NILE,20100722,48.25,49.92,48.25,49.49,192000
NKSH,20100722,24.31,25,23.9,24.62,12500
NKTR,20100722,12.31,12.35,11.94,12.15,774600
NLST,20100722,2.63,2.85,2.6,2.73,842900
NMRX,20100722,4.3,4.55,4.3,4.55,22400
NNBR,20100722,5.42,5.75,5.37,5.59,46500
NRIM,20100722,16.03,16.27,16.03,16.26,30200
NSEC,20100722,13.35,13.35,13.35,13.35,0
NSIT,20100722,14.42,14.78,14.25,14.61,415500
NSSC,20100722,1.7,1.77,1.69,1.69,3300
NSYS,20100722,3.45,3.45,3.4,3.4,1200
NTAP,20100722,40.48,41.99,40.46,41.97,6305600
NTCT,20100722,13.9,14.11,13.71,14.03,394400
NTES,20100722,34.77,36.73,34.61,36.6,1698700
NTGR,20100722,21.15,23.05,21.15,22.7,1065900
NTIC,20100722,13.2,14.36,13.2,13.84,10400
NTRI,20100722,23.1,23.79,22.87,23.06,811200
NTRS,20100722,47.8,47.92,46.65,46.97,3279100
NTWK,20100722,8.1,8.3,8,8.2,102700
NUAN,20100722,16.6,16.63,16.38,16.6,2996200
NURO,20100722,26.4,28.08,26.4,27.84,11800
NUTR,20100722,15.37,15.53,15.26,15.48,40300
NUVA,20100722,31.85,33.01,31.75,32.61,1294500
NVAX,20100722,2.18,2.2,2.15,2.18,953900
NVDA,20100722,10.48,10.65,10.42,10.54,11565200
NVEC,20100722,44.49,44.8,43.4,44.35,96600
NVGN,20100722,0.55,0.57,0.54,0.57,11700
NVLS,20100722,26.59,27.34,26.55,27.11,2113500
NVMI,20100722,4.69,4.7,4.46,4.46,40000
NWBI,20100722,11.33,11.56,11.18,11.53,768000
NWFL,20100722,24.71,25.6,24.71,25.6,300
NWLI,20100722,142.14,142.78,140,142.78,2900
NWPX,20100722,18.28,18.43,18.19,18.32,30900
NWS,20100722,14.53,14.89,14.44,14.7,2249400
NWSA,20100722,12.8,13.19,12.75,12.97,20287100
NXST,20100722,4.45,5.02,4.41,4.9,53400
NXTM,20100722,13.8,14.05,13.62,13.88,273900
NYMT,20100722,6.39,6.45,6.32,6.34,18500
NYMX,20100722,3.47,3.97,3.4,3.74,232400
NYNY,20100722,5.6,5.7,5.05,5.45,347700
OBAS,20100722,7.1,7.3,7.1,7.25,17400
OBCI,20100722,2.24,2.32,2.14,2.2,37100
OCFC,20100722,11.79,12.07,11.72,12.01,58700
OCLR,20100722,12.2,12.35,12.09,12.32,370100
OCLS,20100722,66.85,71.05,66.85,69.3,27000
ODFL,20100722,15.9111,16.2711,15.9111,16.24,435100
OFIX,20100722,26.79,27.84,26.79,27.68,402900
OFLX,20100722,14.07,14.87,13.45,14.12,6900
OGXI,20100722,12.11,12.15,11.9,12.03,17600
OIIM,20100722,7.02,7.14,6.65,7.11,144800
OKSB,20100722,13.02,13.69,13.01,13.59,97300
OLBK,20100722,7.51,7.51,7.51,7.51,0
OMAB,20100722,13.46,13.46,13.17,13.3,24700
OMCL,20100722,12.88,13.11,12.21,12.33,248900
OMER,20100722,7.44,7.63,7.2,7.5,72300
OMEX,20100722,15.6,16.2,15.36,16.2,332200
ONEQ,20100722,87.55,88.61,87.55,88.38,15700
ONVI,20100722,3.4,3.42,3.4,3.4,32100
OPHC,20100722,18,18,14.4,16.4,2400
OPOF,20100722,12.32,12.67,12.06,12.11,1500
OPTT,20100722,54.3,58,54.3,56.3,43700
OPXA,20100722,6.2,6.8,6.12,6.8,59600
OPXAW,20100722,0.61,0.62,0.61,0.62,3600
ORBC,20100722,1.85,1.86,1.84,1.86,11100
ORBK,20100722,11.08,11.16,10.94,11.05,27300
OREX,20100722,40.8,41.9,40.5,41.6,1123800
ORLY,20100722,47.81,48.34,47.54,48,907000
ORRF,20100722,21.09,22,20.84,21.88,21300
OSBC,20100722,1.57,1.7,1.45,1.5,182100
OSBCP,20100722,4.35,4.35,3.85,3.87,16000
OSHC,20100722,10.61,10.61,10.61,10.61,100
OSIR,20100722,7.02,7.31,6.97,7.26,163600
OSIS,20100722,27.44,28.14,27.02,27.7,179800
OSTK,20100722,18.58,19.61,18.5,19.37,374100
OSUR,20100722,4.34,4.64,4.26,4.64,146000
OTEX,20100722,20.4,20.9,20.305,20.68,330100
OTIV,20100722,1.97,2.03,1.95,2.03,103500
OTTR,20100722,19.68,20.03,19.55,20.01,135800
OVBC,20100722,17.23,18.37,17.08,17.94,9800
OVLY,20100722,5.24,5.25,5.23,5.25,4400
OZRK,20100722,9.1025,9.2575,8.9875,9.245,77400
PAAS,20100722,23.18,23.67,23.04,23.25,702900
PACW,20100722,19.7,20.09,19.54,20,247700
PAGG,20100722,23.56,23.92,23.56,23.68,9200
PANL,20100722,19.57,20.8,19.5,20.66,533800
PATK,20100722,1.2,1.26,1.2,1.26,1600
PAYX,20100722,25.93,26.53,25.93,26.32,2783300
PBCT,20100722,13.79,13.98,13.71,13.93,3532400
PBHC,20100722,6,6,6,6,0
PBIB,20100722,10.98,11.01,10.72,10.9,3500
PBIP,20100722,5.59,5.66,5.56,5.59,1000
PCAR,20100722,44.42,46.19,44.36,45.81,4731800
PCBK,20100722,9.15,9.37,9.03,9.31,137500
PCLN,20100722,221.56,228.5,221.25,227.92,1094600
PCTI,20100722,5.2,5.61,5.17,5.59,50200
PCYO,20100722,2.78,2.85,2.75,2.85,2600
PDCO,20100722,26.8,27.28,26.8,26.88,1680100
PDEX,20100722,1.76,1.78,1.76,1.78,900
PDFS,20100722,4.31,4.34,4.1,4.24,71800
PDLI,20100722,5.99,6.03,5.86,5.9,3409800
PEBK,20100722,5.2,5.2,5.2,5.2,0
PEBO,20100722,15.03,15.98,15.03,15.98,43400
PEGA,20100722,15.75,16.365,15.645,16.28,139100
PEIX,20100722,6.6,7.05,6.45,6.6,1533000
PENN,20100722,25.5,26.92,25,26.42,2084900
PERF,20100722,9.56,9.6,9.56,9.59,1700
PERY,20100722,20.18,20.89,20.07,20.82,147800
PESI,20100722,8.9,9.2,8.75,9,241800
PETS,20100722,16.01,16.31,15.92,15.95,447800
PFBC,20100722,1.85,1.88,1.83,1.86,26100
PFBI,20100722,7.95,7.95,7.7,7.7,5100
PFBX,20100722,11.33,11.66,11.15,11.29,5700
PFIN,20100722,2.14,2.14,2.14,2.14,100
PFSW,20100722,2.69,2.75,2.59,2.75,28400
PGC,20100722,12.2,13.09,11.95,13.08,16800
PGNX,20100722,4.36,4.4,4.18,4.25,328000
PGTI,20100722,2.27,2.39,2.27,2.38,46000
PHII,20100722,16.06,16.06,15.78,15.78,300
PHIIK,20100722,14.44,15.8,14.34,15.78,36600
PHMD,20100722,26.1,26.3,23.8,24.45,31300
PICO,20100722,30.96,32.4,30.75,32.14,77500
PKBK,20100722,8.32,8.5,8.32,8.5,2400
PKOH,20100722,10.7,11.58,10.64,11.33,50300
PLAB,20100722,4.7,4.95,4.62,4.92,408800
PLBC,20100722,3.1,3.1,3.1,3.1,0
PLCE,20100722,43.78,45.18,43.55,44.71,496200
PLPC,20100722,29.03,30.07,29,30.07,11900
PLUG,20100722,0.45,0.45,0.43,0.44,172700
PLUS,20100722,17.26,17.72,17.25,17.55,9700
PLXS,20100722,29.42,30.6,29.42,30.26,666200
PMBC,20100722,3.54,3.7,3.45,3.7,5400
PMD,20100722,8.06,8.24,7.9,7.91,4100
PNBK,20100722,22.7,22.7,16.7,17.5,10000
PNFP,20100722,9.77,9.83,9.54,9.66,670100
PNNT,20100722,9.89,10,9.83,9.9,274700
PNQI,20100722,26.88,26.88,26.79,26.83,1200
PNRA,20100722,74.9,76.58,74.88,76.27,495100
PNRG,20100722,18.25,18.74,18.25,18.55,1100
PNTR,20100722,6.43,7.2,6.43,7.2,200
PODD,20100722,14.63,15.08,14.63,14.99,136900
POOL,20100722,21.95,22.1,20.43,20.89,933400
POPE,20100722,24.16,25.87,24.16,25.22,5700
POWI,20100722,34.49,35.63,34.37,35.53,144000
POWL,20100722,32.15,33.62,32.15,33,112100
PPBI,20100722,3.81,4.42,3.81,4.32,8900
PPHM,20100722,1.64,1.65,1.51,1.61,804100
PRAA,20100722,19.95,20.6067,19.6133,20.5233,95800
PRAN,20100722,7.56,8.1,7.32,7.38,14300
PRCP,20100722,4.3,4.37,4.29,4.33,1800
PRFT,20100722,8.4,8.43,8.27,8.28,125600
PRFZ,20100722,51.02,52.22,51.02,52.22,26400
PRGS,20100722,20.4533,20.7533,20.0733,20.5933,303000
PRGX,20100722,4.65,4.68,4.62,4.66,89900
PRIM,20100722,6.39,6.7,6.31,6.68,68600
PRKR,20100722,8.9,9.6,8,8.8,305700
PROV,20100722,5.48,5.48,5.04,5.29,5300
PRPH,20100722,0.75,0.85,0.75,0.81,2400
PRSC,20100722,12.36,13.73,12.29,13.68,124500
PRTS,20100722,6.13,6.28,5.93,6.23,61900
PRXL,20100722,24.29,24.5,24.03,24.16,617800
PSAU,20100722,39.4,40.23,39.22,40.2,15200
PSDV,20100722,3.51,3.51,3.41,3.45,6900
PSEC,20100722,9.69,9.75,9.64,9.73,830500
PSMT,20100722,25.81,26.56,25.81,26.55,95500
PSTI,20100722,1.09,1.15,1.09,1.13,14200
PTEN,20100722,15.21,15.77,15.11,15.56,7119000
PTIE,20100722,5.34,5.6,5.34,5.58,116600
PTNR,20100722,16.2,16.31,16.1,16.24,152600
PTSI,20100722,14.13,14.13,13.65,13.75,20600
PVTB,20100722,10.69,10.89,10.6,10.84,487600
PVTBP,20100722,25.5,25.6,25.36,25.44,7300
PWOD,20100722,29.64,29.99,29.27,29.96,7200
PXLW,20100722,2.97,3.27,2.97,3.22,52200
PZZA,20100722,12.38,12.765,12.38,12.75,170100
QABA,20100722,22.61,22.61,22.29,22.6,3500
QBAK,20100722,10.86,11.4,10.32,11.4,16000
QCLN,20100722,14.79,15.15,14.79,15.1,10300
QCOM,20100722,38.34,39.52,38.3,39.11,56105700
QCRH,20100722,9.66,10.31,9.65,10.16,1200
QDEL,20100722,12.4,12.5,11.97,12,531200
QGEN,20100722,19.73,20.02,19.6,19.67,1240300
QLTI,20100722,5.63,5.67,5.6,5.64,172600
QNST,20100722,11.86,12.71,11.86,12.69,34200
QQEW,20100722,19.87,19.93,19.8,19.8,4300
QQQ,20100722,45.26,45.98,45.24,45.77,82890200
QQQX,20100722,12.81,12.85,12.68,12.82,85900
QQXT,20100722,17.68,17.86,17.68,17.74,1200
QSII,20100722,27.675,27.925,27.07,27.57,400100
QTEC,20100722,20.96,21.33,20.96,21.27,82500
QUIK,20100722,3.5,3.57,3.32,3.41,183300
RADA,20100722,3.92,4.5,3.92,4.42,2900
RAIL,20100722,24,24.59,23.88,24.16,61600
RAND,20100722,3.25,3.25,3.25,3.25,0
RAVN,20100722,16.765,17.39,16.715,17.345,67500
RBCAA,20100722,24.4,25.55,24.4,25.49,48700
RBCN,20100722,31.68,34.15,31.11,33.18,582600
RBPAA,20100722,2.78,2.78,2.65,2.67,4800
RCII,20100722,21.37,22.41,21.37,22.36,538000
RCKY,20100722,6.73,7.29,6.69,7.1,49000
RCMT,20100722,4.9,5.04,4.65,4.96,48100
RCON,20100722,5.08,5.26,5.04,5.26,5700
RDCM,20100722,5.49,5.5,5.4,5.49,6800
RDI,20100722,4.39,4.4,4.32,4.36,42200
RDNT,20100722,2,2.02,1.9,1.96,99900
RDWR,20100722,11.41,11.965,11.375,11.93,320100
RECN,20100722,11.89,12.25,11.85,12.14,334400
REFR,20100722,4.38,4.82,4.33,4.49,83600
REGN,20100722,22.57,22.97,22.45,22.86,1056300
REIS,20100722,6.2,6.62,6.2,6.62,8600
RELL,20100722,9.75,10,9.32,9.58,186000
RELV,20100722,15.12,16.87,15.12,15.89,2700
REXX,20100722,10.6,10.95,10.5,10.55,375400
RFIL,20100722,2.835,2.845,2.835,2.84,2500
RGCO,20100722,15.135,15.135,15.135,15.135,200
RGEN,20100722,3.23,3.32,3.23,3.31,21600
RGLD,20100722,44.04,44.64,43.71,43.93,449300
RICK,20100722,8,8.04,7.85,7.9,136100
RIGL,20100722,7.16,7.4,7.16,7.38,812900
RLOG,20100722,4.9,4.9,4.9,4.9,0
RMBS,20100722,18.53,19.23,18.44,18.99,1883500
RMCF,20100722,9.4,9.54,9.31,9.51,4300
RMTI,20100722,5.01,5.3,5.01,5.19,27400
RNST,20100722,13.49,14.16,13.36,13.88,115000
RNWK,20100722,3.45,3.55,3.41,3.54,372200
ROCK,20100722,10.06,10.58,9.79,10.38,285800
ROIA,20100722,0.94,0.99,0.93,0.97,1300
ROIAK,20100722,0.89,0.92,0.87,0.9,535900
ROIC,20100722,9.67,9.75,9.63,9.74,147200
ROLL,20100722,28.2,29.47,28.11,29.4,84700
ROSG,20100722,25.05,25.2,24.45,24.45,15400
ROST,20100722,13.45,13.7725,13.415,13.7125,1426200
RPRX,20100722,0.43,0.47,0.38,0.39,2039300
RRGB,20100722,21.1,22,20.92,21.8,345100
RSYS,20100722,9.85,10.31,9.85,10.3,79400
RTIX,20100722,2.7,2.8,2.69,2.8,265700
RUSHA,20100722,14,14.8,13.9,14.63,272800
RUSHB,20100722,12.31,12.69,12.08,12.53,6400
RUTH,20100722,4.1,4.21,4.07,4.19,495500
RVSB,20100722,2.26,2.27,2.1,2.15,34900
RXII,20100722,21.1,22.1,19.5,21.2,100400
RYAAY,20100722,30.51,30.72,30.39,30.59,903000
SAAS,20100722,2.33,2.6,2.33,2.57,100200
SAFM,20100722,51.05,51.05,50,50.61,335200
SAFT,20100722,38.98,39.21,38.67,39.19,38200
SAIA,20100722,9.9133,10.1067,9.78,9.9933,128500
SALM,20100722,2.85,3.36,2.85,3.23,17800
SANM,20100722,14.05,14.73,13.99,14.64,1081100
SANW,20100722,3.59,3.6,3.5,3.6,5800
SASR,20100722,14.2,15.84,14.2,15.75,208500
SATS,20100722,19.28,19.56,19.02,19.35,111400
SBAC,20100722,35.75,36,35.2,35.81,1353500
SBBX,20100722,4.91,5.23,4.91,5.23,300
SBCF,20100722,6.75,6.85,6.45,6.7,626600
SBGI,20100722,5.56,5.74,5.41,5.5,596100
SBLK,20100722,184.5,189.75,184.5,187.5,122900
SBNY,20100722,37.2,37.94,37.01,37.89,207400
SBNYW,20100722,18,18,18,18,0
SBSA,20100722,1.11,1.15,1,1.12,320500
SBSI,20100722,17.9714,18.5048,17.6286,18.419,121200
SBUX,20100722,12.395,12.63,12.175,12.575,19423200
SCHL,20100722,24.79,26.99,24.64,25.98,495500
SCHN,20100722,46.9,47.79,46.61,47.24,405100
SCKT,20100722,2.83,2.88,2.77,2.83,1600
SCLN,20100722,3.26,3.36,3.23,3.28,645900
SCMP,20100722,3.32,3.36,3.27,3.3,32000
SCON,20100722,464.4,471.6,453.6,460.8,6200
SCOR,20100722,17.41,18.01,17.2,17.99,103100
SCSC,20100722,25.99,26.85,25.83,26.77,95400
SCSS,20100722,8.19,8.23,7.54,7.87,1340500
SCVL,20100722,14.04,14.3733,13.8467,13.92,114000
SEAC,20100722,8.72,8.98,8.65,8.9,162700
SEED,20100722,7.74,7.86,7.54,7.78,384900
SEIC,20100722,20.09,20.48,19.87,20.01,2665900
SENEA,20100722,31.59,32,31.06,31.99,26800
SENEB,20100722,31.8,31.8,31.8,31.8,0
SFLY,20100722,24.24,25.01,23.96,24.95,404000
SFNC,20100722,26.32,27.09,26.16,26.97,45000
SFST,20100722,6.05,6.5,5.9,6.25,4300
SGC,20100722,9.98,10,9.81,10,1500
SGEN,20100722,11.78,12.19,11.58,12.14,844600
SGMA,20100722,6.37,6.45,5.8,5.8,17300
SGMO,20100722,4.1,4.38,4.06,4.35,344000
SGMS,20100722,9.76,10.37,9.76,10.33,753500
SGRP,20100722,0.94,0.94,0.94,0.94,1700
SHBI,20100722,11.34,11.63,11.05,11.22,17700
SHEN,20100722,8.42,8.8,8.335,8.755,46900
SHIP,20100722,5.4,5.65,5.35,5.6,194400
SHIPW,20100722,0.05,0.05,0.02,0.03,143400
SHLD,20100722,64.47,67.03,63.77,66.42,1241200
SHLM,20100722,18.55,19.12,18.55,18.89,442800
SHLO,20100722,8.49,8.94,8.4,8.83,10600
SHOO,20100722,15.5689,16.0089,15.3467,15.6622,696100
SHOR,20100722,5.02,5.2,4.99,5.16,317500
SIEB,20100722,2.02,2.02,2.02,2.02,0
SIFI,20100722,6.8,6.8,6.8,6.8,0
SIFY,20100722,1.45,1.45,1.36,1.4,22300
SIGI,20100722,15.03,15.3,14.94,15.27,446800
SIGM,20100722,9.98,10.12,9.81,10.01,211400
SILC,20100722,8.53,8.95,8.53,8.82,13800
SIMO,20100722,4.82,4.93,4.77,4.81,72900
SINA,20100722,40.58,41.07,40.51,40.98,1212300
SINO,20100722,2.21,2.47,2.11,2.46,5700
SIRI,20100722,0.96,0.98,0.95,0.95,59111800
SIVB,20100722,39.26,40.46,38.64,40.09,797300
SIVBO,20100722,22.96,23,22.51,22.96,1000
SKYW,20100722,12.19,12.53,12.11,12.51,276600
SLAB,20100722,42.49,42.83,42.11,42.52,1276100
SLGN,20100722,28.49,28.97,28.45,28.95,759400
SLMAP,20100722,38.5,38.5,37.12,38,8000
SLP,20100722,2.5,2.51,2.4,2.44,19600
SLRC,20100722,19.97,19.99,19.57,19.9,107300
SMBC,20100722,7.55,7.55,7.55,7.55,0
SMCI,20100722,14.62,14.95,14.57,14.73,188800
SMED,20100722,4.57,4.6,4.5,4.57,135200
SMIT,20100722,3.29,3.29,3.27,3.27,500
SMMF,20100722,2.4,2.5,2.4,2.5,1100
SMRT,20100722,7.37,7.74,7.28,7.68,325700
SMSI,20100722,37.04,37.96,37.04,37.84,173200
SMTC,20100722,17.07,17.4,16.86,17.37,1105700
SMTX,20100722,2.61,2.73,2.58,2.66,123600
SNAK,20100722,3.09,3.13,3.01,3.01,12700
SNBC,20100722,26.55,26.55,25.8,26.25,83200
SNCR,20100722,18.48,19.24,18.23,19.11,268600
SNFCA,20100722,1.8,1.94,1.8,1.85,3700
SNHY,20100722,16.3,16.8333,16.14,16.72,65400
SNMX,20100722,4.19,4.36,4.19,4.28,162200
SNPS,20100722,21.36,21.9,21.33,21.87,967500
SNSS,20100722,2.7,2.76,2.58,2.58,1118800
SOFO,20100722,7.64,7.64,7.41,7.6,3800
SOHU,20100722,43.27,44.32,42.58,44,613900
SONA,20100722,7.03,7.51,7.02,7.26,15500
SONC,20100722,8.45,8.75,8.4,8.73,636700
SONS,20100722,13.7,13.95,13.5,13.95,1311000
SORL,20100722,8.31,8.31,8.1,8.29,56800
SPAN,20100722,17.75,17.75,17.55,17.65,1100
SPAR,20100722,4.22,4.39,4.17,4.37,371300
SPEX,20100722,471.2,490.2,456,471.2,23900
SPIL,20100722,5.22,5.28,5.16,5.28,1172500
SPLS,20100722,19.62,20.16,19.62,20.08,7031800
SPNC,20100722,5.06,5.15,4.96,5,169600
SPNS,20100722,3,3.05,2.39,2.97,594500
SPPI,20100722,3.89,4,3.88,3.98,334800
SPRT,20100722,4.59,4.79,4.54,4.78,290500
SPSC,20100722,9.97,10.03,9.87,9.98,4300
SPTN,20100722,13.45,13.98,13.33,13.94,107000
SPU,20100722,5.48,5.5,5.44,5.5,18700
SQQQ,20100722,951.36,951.68,903.52,922.88,399900
SRCE,20100722,16.48,17.04,16.33,17.02,29000
SRCL,20100722,64.26,64.84,63.25,63.45,1171800
SRDX,20100722,14.71,14.95,14.65,14.89,56400
SSBI,20100722,6.22,6.45,6.2,6.45,2000
SSFN,20100722,8.05,8.05,8.05,8.05,0
SSNC,20100722,16.31,16.71,16.29,16.5,162500
SSRI,20100722,16.16,16.4,16.05,16.19,379800
SSYS,20100722,23.62,24.16,23.62,24.02,165900
STAA,20100722,5.44,5.62,5.41,5.58,83300
STBA,20100722,18.98,19.55,18.74,19.5,111500
STEM,20100722,10.92,10.92,10.68,10.8,505500
STFC,20100722,15.75,15.84,15.56,15.81,48200
STKL,20100722,4.85,5.02,4.85,4.92,554600
STLD,20100722,14.31,14.68,14.28,14.62,4556000
STLY,20100722,3.84,4.05,3.84,4.05,9100
STMP,20100722,10.18,10.36,10.06,10.34,29200
STRA,20100722,225.89,225.89,214.01,219.2,218100
STRL,20100722,13.11,13.27,13,13.1,177200
STRM,20100722,1.34,1.4,1.28,1.28,6400
STRS,20100722,9.75,9.77,9.74,9.74,500
STRT,20100722,19.66,20.02,19.66,20.02,2100
STX,20100722,13.16,13.51,13.01,13.18,15610200
SUMR,20100722,7.05,7.56,7.03,7.49,62800
SVA,20100722,4.49,4.49,4.22,4.23,303700
SVBI,20100722,4.86,4.9,4.86,4.9,600
SWHC,20100722,3.9,3.98,3.87,3.98,653500
SWIR,20100722,7.07,7.18,7.02,7.15,85400
SWKS,20100722,17.55,18.17,17.51,18.05,7783700
SYBT,20100722,15.6267,16,15.44,15.94,29600
SYKE,20100722,15.12,15.43,14.94,15.41,406400
SYMC,20100722,14.69,15.5,14.66,15.19,9824400
SYMX,20100722,1.1,1.13,1.1,1.12,55100
SYNA,20100722,30.09,30.5,29.92,30.34,736600
SYNL,20100722,8.5,8.9,8.5,8.85,12600
SYNT,20100722,20,21.35,20,20.82,573500
SYPR,20100722,3.42,3.49,3.32,3.45,5800
SYUT,20100722,16,16.41,15.7,16.37,54300
TACT,20100722,7.04,7.3,7,7.3,5800
TAIT,20100722,1,1.07,0.98,1.07,4700
TASR,20100722,4.4,4.42,4.26,4.4,891700
TAST,20100722,5.21,5.26,5.16,5.2,38800
TATT,20100722,6.13,6.5,6.13,6.5,1200
TAYD,20100722,5.2,5.24,5.12,5.24,3000
TBBK,20100722,7.1,7.35,6.89,7.3,134000
TBNK,20100722,17.65,17.82,17.5,17.78,38400
TCBI,20100722,16.45,16.76,15.87,16.01,717100
TCBIW,20100722,7.55,7.55,7.55,7.55,100
TCBK,20100722,17.37,18.27,17.37,18.23,24900
TCCO,20100722,11.99,11.99,11.99,11.99,100
TCRD,20100722,11.91,12.14,11.8,11.96,21700
TCX,20100722,2.4,2.44,2.36,2.4,9000
TEAM,20100722,6.3,6.39,6.25,6.39,4100
TEAR,20100722,2.17,2.17,2.15,2.15,5900
TECD,20100722,38.34,38.99,38.23,38.94,455600
TECH,20100722,56.63,57.75,56.42,57.08,47100
TESO,20100722,13.21,13.39,13.04,13.38,79800
TESS,20100722,14.75,14.75,13,13.08,74800
TFSL,20100722,12.32,12.53,12.28,12.45,636100
TGA,20100722,7.31,7.35,7.2,7.31,120100
THFF,20100722,25.78,27.35,25.6,27.12,51800
THLD,20100722,1.44,1.46,1.37,1.39,15300
TICC,20100722,8.6,8.6,8.51,8.57,208600
TINY,20100722,3.99,4.15,3.99,4.11,197400
TISA,20100722,0.82,0.82,0.82,0.82,0
TITN,20100722,13.18,13.61,13.07,13.54,98700
TIVO,20100722,8.29,8.46,8.17,8.32,2940100
TLF,20100722,4.22,4.22,4.06,4.11,1200
TLT,20100722,101.51,101.52,100.82,100.85,5760000
TNAV,20100722,8.65,8.77,8.5,8.61,262500
TNDM,20100722,12.15,12.82,12.05,12.67,663400
TOPS,20100722,58.8,62.3,56.7,62.3,33100
TORM,20100722,7.22,7.31,7.22,7.3,7500
TOWN,20100722,15.27,15.79,14.87,15.73,72900
TQQQ,20100722,10.845,11.3563,10.845,11.1413,329200
TREE,20100722,7.34,7.37,7.06,7.37,6000
TRIB,20100722,6.1,6.14,6.1,6.11,45300
TRMB,20100722,14.45,14.62,14.34,14.425,882100
TRMK,20100722,20.15,21,20.01,20.95,375900
TRNS,20100722,7.25,7.25,7.25,7.25,0
TROW,20100722,47.68,49.55,47.62,49.44,2472600
TRS,20100722,10.91,11.35,10.84,11.32,225400
TRST,20100722,5.36,5.48,5.35,5.47,422500
TRUE,20100722,1.75,1.79,1.75,1.79,600
TSBK,20100722,3.05,3.19,3.05,3.19,2600
TSCO,20100722,17.1175,17.1875,16.86,17.1125,783800
TSEM,20100722,21.15,21.75,21.15,21.3,419700
TSLA,20100722,20.5,21.25,20.37,21,962300
TSRA,20100722,16.85,17.14,16.69,16.99,933200
TSRI,20100722,2.3,2.3,2.29,2.3,5000
TTEC,20100722,14.14,14.59,13.92,14.38,222800
TTEK,20100722,18.8,18.83,18.46,18.55,453600
TTGT,20100722,5.9,6.08,5.89,6.06,133800
TTMI,20100722,9.67,10.03,9.65,10.02,503700
TTWO,20100722,9.83,10.25,9.8,10.19,2087500
TUES,20100722,4.3,4.37,4.24,4.31,360600
TWER,20100722,31.2,33,31.2,32.2,153700
TWIN,20100722,11.62,12.12,11.62,12.08,25500
TWMC,20100722,1.88,1.88,1.79,1.83,5200
TXN,20100722,24.67,25.42,24.65,25.29,15636000
TXRH,20100722,12.99,13.61,12.99,13.56,704600
TYPE,20100722,8.25,8.49,8.25,8.41,72400
TZOO,20100722,15.8,16.25,15.48,15.95,167500
UBCP,20100722,8.73,8.99,8.66,8.99,6400
UBFO,20100722,4.26,4.55,4.25,4.47,9700
UBNK,20100722,14.11,14.56,14.1,14.54,46700
UBOH,20100722,9.05,9.05,9,9.05,3000
UBSH,20100722,12.2,12.93,12.19,12.9,90600
UBSI,20100722,24.02,24.97,23.9,24.83,151900
UCBA,20100722,7.5,7.5,7.5,7.5,0
UCBI,20100722,3.25,3.45,3.23,3.27,1268000
UCFC,20100722,1.7,1.7,1.61,1.61,18400
UCTT,20100722,8.33,8.81,8.31,8.78,95900
UEIC,20100722,17.1,17.6,17.06,17.57,56900
UEPS,20100722,13.62,13.89,13.48,13.86,473800
UFCS,20100722,19.46,19.89,19.14,19.86,53000
UFPI,20100722,29.91,31.57,29.91,31.14,260600
UFPT,20100722,9.27,9.56,9.11,9.5,16800
UG,20100722,11.07,11.39,11,11.39,3700
UHAL,20100722,60.74,64.32,59.83,63.99,67600
ULBI,20100722,4.63,4.7,4.59,4.59,28300
ULTA,20100722,23.27,24.17,23.07,24.12,477100
ULTI,20100722,34.66,35.22,34.15,35,141200
UMBF,20100722,35.44,36.37,34.82,36.3,142200
UMPQ,20100722,11.46,11.91,11.43,11.86,536800
UNAM,20100722,9.18,9.18,9.18,9.18,0
UNB,20100722,18,18,18,18,300
UNFI,20100722,32.96,33.45,32.17,33.31,244400
UNIS,20100722,55.5,57.2,54.4,56.8,133000
UNTY,20100722,4.97,5.06,4.75,5.06,7200
URBN,20100722,33.33,34.1,33.23,33.87,2678100
URRE,20100722,56.4,60,55.2,57.6,308200
USAK,20100722,15.23,15.37,15.08,15.37,9800
USAP,20100722,19.88,21.28,19.88,21.23,33500
USAT,20100722,0.59,0.61,0.56,0.58,37200
USATP,20100722,8,9.99,8,9.99,200
USEG,20100722,27.24,28.5,27.24,28.5,133000
USLM,20100722,38.39,39.8,37.86,38.9,28100
UTEK,20100722,17.31,18.29,17.18,17.99,992200
UTHR,20100722,48.84,49.4,48.47,48.78,349400
UTMD,20100722,24.57,25.14,24.57,25.14,2300
UTSI,20100722,5.85,6.03,5.76,6,573100
UVSP,20100722,16.13,16.4,16.02,16.18,54400
VALU,20100722,15.57,15.57,14.82,15.1,4300
VASC,20100722,11.61,11.96,11.51,11.9,99400
VBFC,20100722,44.32,44.32,44.32,44.32,100
VCIT,20100722,79.49,79.49,79,79.41,38500
VCLT,20100722,79.38,79.38,78.86,79.04,4300
VCSH,20100722,77.35,77.46,77.29,77.46,57100
VDSI,20100722,6.07,6.44,6.07,6.42,122100
VECO,20100722,39.82,41.95,39.54,40.8,1422600
VGIT,20100722,62.39,62.42,62.37,62.42,3800
VGLT,20100722,63.96,63.96,63.64,63.64,183400
VGSH,20100722,60.69,60.69,60.67,60.67,2600
VIA,20100722,36.51,37.45,36.51,37.29,76800
VIAB,20100722,31.77,33,31.77,32.9,4945900
VICL,20100722,31.2,31.6,30.6,31.6,141700
VICR,20100722,13.69,14.69,13.67,14.56,243800
VIRC,20100722,3.05,3.05,2.72,2.76,6000
VISN,20100722,72.4,75,70.4,72.4,699000
VIVO,20100722,18.49,18.97,18.49,18.9,340900
VLGEA,20100722,26.8,26.99,26.09,26.78,12100
VMBS,20100722,51.49,51.49,51.37,51.46,4600
VNDA,20100722,6.51,6.6,6.43,6.56,192500
VOD,20100722,22.68,22.88,22.64,22.78,7034000
VOXX,20100722,7.07,7.37,7.07,7.33,87800
VRML,20100722,10.98,11.15,10.33,10.74,41400
VRNT,20100722,20.5,21.5,20.5,21.46,60100
VRSK,20100722,28.67,28.88,28.63,28.79,170800
VRSN,20100722,28.34,28.67,28.27,28.58,5255500
VRTB,20100722,5.36,5.6,5.36,5.48,6200
VRTS,20100722,21.89,22.84,21.66,22.8,47800
VRTU,20100722,10.21,10.74,9.98,10.69,49900
VRTX,20100722,32.48,33.39,32.38,33.05,858600
VSAT,20100722,35.43,36.39,35.37,35.61,323500
VSEC,20100722,15.745,16.37,15.51,16.355,18000
VVUS,20100722,5.7,6.08,5.58,5.78,11134400
WABC,20100722,52.26,53.82,52.26,53.55,225000
WAFD,20100722,17.3,17.57,17.14,17.53,997800
WASH,20100722,18.65,19.15,18.29,19.14,40800
WAYN,20100722,7.53,7.79,7.5,7.77,1900
WBMD,20100722,46.2,46.74,45.97,46.48,226800
WDC,20100722,29.26,30.5,27.92,28.16,15807100
WDFC,20100722,35.6,36.03,35.21,35.8,101000
WERN,20100722,24.4,24.47,23.63,23.84,1618100
WEYS,20100722,23.18,23.74,23.13,23.7,11400
WFM,20100722,18.32,18.75,18.255,18.68,1445500
WILC,20100722,5.82,5.94,5.49,5.92,36500
WIN,20100722,11.36,11.5,11.34,11.43,3220100
WINA,20100722,33.06,33.9,33.06,33.59,3500
WIRE,20100722,19.51,19.92,19.4,19.89,82500
WLDN,20100722,2.56,2.56,2.56,2.56,0
WLFC,20100722,9.27,9.6,9.27,9.44,45900
WMAR,20100722,11.09,11.39,11.09,11.25,75200
WMGI,20100722,15.4,15.52,15,15.29,693200
WOOD,20100722,40.09,40.39,40.09,40.39,4700
WOOF,20100722,22.51,23.11,22.46,22.95,1001100
WPCS,20100722,400.4,408.1,397.32,408.1,39900
WPPGY,20100722,50.65,51.7,50.65,51.45,57400
WPRT,20100722,18.2,18.99,17.86,18.9,727100
WRLD,20100722,39.02,40.2,39.02,40.04,299700
WSBC,20100722,15,15.68,15,15.63,72800
WSBF,20100722,4.21,4.21,3.91,4.06,21300
WSCI,20100722,2.72,2.8,2.72,2.74,11500
WSFS,20100722,11.5,12.41,11.5,12.3467,19500
WSTG,20100722,8.77,8.98,8.77,8.98,900
WSTL,20100722,1.65,1.8,1.62,1.75,1111000
WTBA,20100722,6.26,6.41,6.23,6.39,25200
WTFC,20100722,32.24,32.75,31.74,32.51,400000
WVFC,20100722,11,11,11,11,1000
WVVI,20100722,3.5,3.54,3.44,3.53,2900
WYNN,20100722,83.58,86,83.21,85.48,2480900
XBKS,20100722,5.94,5.94,4.86,5.67,3800
XLNX,20100722,27.67,28.92,27.52,28.78,11464000
XOMA,20100722,7.2,7.2,6.8,7.2,1570500
XRAY,20100722,28.59,29.36,28.59,29.13,1287900
XXIA,20100722,9.99,10.57,9.81,10.48,393300
YHOO,20100722,13.89,14.17,13.81,13.88,42677500
YORW,20100722,14.21,14.42,14.01,14.39,23600
YRCW,20100722,0.27,0.29,0.26,0.28,111379400
ZAGG,20100722,2.82,2.85,2.67,2.78,133100
ZBRA,20100722,25.78,26.32,25.78,26.17,170500
ZEUS,20100722,24.06,25.28,24.06,25.18,62400
ZION,20100722,19.84,20.4,19.77,20.17,5825000
ZIONW,20100722,5.95,6.1,5.94,6.1,27500
ZIOP,20100722,3.59,3.64,3.37,3.55,458200
ZIXI,20100722,2.24,2.31,2.2,2.31,238900
ZN,20100722,4.92,5.03,4.9,4.99,85200
ZUMZ,20100722,18.22,18.89,17.85,18.81,278000
