<ticker>,<date>,<open>,<high>,<low>,<close>,<vol>
AAME,20110810,1.85,1.89,1.67,1.85,7300
AAON,20110810,8.8089,8.8089,8.1689,8.2222,118300
AAPL,20110810,53.0214,53.5214,51.7857,51.9557,31380300
AAWW,20110810,43.95,43.95,40.5,40.73,301900
AAXJ,20110810,54.27,54.47,52.9,52.96,660000
ABAX,20110810,21.84,22.51,21.28,21.45,271300
ABCB,20110810,9.5,9.52,8.56,8.7,109800
ABCD,20110810,2.71,3.12,2.68,2.79,50800
ABCO,20110810,28.285,28.825,27.015,27.325,158300
ABIO,20110810,45.78,45.78,42.42,42.42,88900
ABMD,20110810,10.27,11.02,10.1,10.3,336100
ABTL,20110810,4.4,4.4,4.15,4.2,81100
ACAD,20110810,1.4,1.45,1.33,1.35,256100
ACAS,20110810,8.11,8.46,7.95,8.04,11482800
ACAT,20110810,12.26,13.47,12.26,12.8,128800
ACET,20110810,5.28,5.51,5.11,5.14,160000
ACFC,20110810,3.69,4.98,3.51,4.98,12700
ACGL,20110810,31.62,31.98,31.11,31.27,1887300
ACHN,20110810,5.81,6.05,5.41,5.48,753400
ACIW,20110810,9.9533,10.0933,9.55,9.59,348600
ACLS,20110810,5.28,5.52,5.04,5.16,1414500
ACNB,20110810,14.6,14.6,14,14.17,2600
ACOR,20110810,24.91,26.9,24.46,25.56,946000
ACPW,20110810,6.4,7.85,6.3,7.15,939100
ACRX,20110810,3.57,3.6,3.43,3.6,6900
ACTG,20110810,35.06,36.41,33.94,34.01,566200
ACTS,20110810,2.04,2.1,1.94,1.97,49400
ACUR,20110810,2.86,2.89,2.59,2.61,63400
ACWI,20110810,41.57,41.73,40.46,40.51,821000
ACWX,20110810,38.11,38.35,37.26,37.3,729000
ACXM,20110810,10.97,11.07,10.19,10.22,592400
ADBE,20110810,24.23,24.37,22.75,22.8,14534900
ADES,20110810,8.32,8.52,7.85,7.85,31700
ADI,20110810,30.45,31.34,29.74,30.67,12990100
ADP,20110810,40.4478,40.6322,39.2626,39.3416,8944100
ADRA,20110810,24.18,24.31,24.07,24.07,3000
ADRD,20110810,18.91,18.91,18.39,18.46,4800
ADRE,20110810,39.01,39.81,38.44,38.71,155000
ADRU,20110810,18.44,18.55,17.96,17.96,1600
ADSK,20110810,29.32,29.45,28.09,28.16,6816900
ADTN,20110810,29.04,29.14,27.7,27.77,1318100
ADUS,20110810,4.19,4.77,4.14,4.4,20700
AEGR,20110810,13.74,14.99,13.13,13.24,98400
AEHR,20110810,1.26,1.26,1.25,1.25,7100
AEIS,20110810,9.24,9.39,8.73,9.01,1072500
AEPI,20110810,24.25,25.49,24.03,24.34,42100
AETI,20110810,3.22,3.6,3.18,3.5,13300
AEY,20110810,2.3,2.45,2.26,2.45,9400
AEZS,20110810,990,990,936,948,1370000
AFAM,20110810,17.78,18.19,17.34,17.48,144500
AFSI,20110810,10.675,10.89,10.245,10.37,315600
AGEN,20110810,0.6,0.6,0.48,0.5,898200
AGII,20110810,27.92,28.37,27.41,27.51,220700
AGNC,20110810,29.04,29.32,28.38,28.41,12975600
AGYS,20110810,6.96,7.1,6.73,6.74,573700
AHGP,20110810,44.66,47.9,44.1,46.52,73000
AHPI,20110810,3.58,3.99,3.55,3.99,4600
AIMC,20110810,14.42,15.95,14.13,14.18,559600
AINV,20110810,7.92,7.92,7.38,7.39,4252000
AIRM,20110810,20.0767,21.2867,20.0767,20.59,129900
AIRT,20110810,8.14,8.14,8,8,3400
AIXG,20110810,24.74,24.81,23.27,23.61,963700
AKAM,20110810,21.39,21.9,21.01,21.24,6843000
AKRX,20110810,7.55,7.87,7.3,7.61,830800
ALCO,20110810,25.94,25.94,22.43,22.63,9200
ALGN,20110810,18.42,18.42,17.44,17.54,662900
ALGT,20110810,44.18,45.3,42.57,43.5,559200
ALIM,20110810,6.99,6.99,6.4,6.64,91900
ALKS,20110810,14.59,15.81,13.6,13.91,1689100
ALLT,20110810,12.81,13.05,12.35,12.63,466300
ALNY,20110810,7.23,7.23,6.34,6.37,392700
ALOG,20110810,45.81,46.18,44.03,44.15,81700
ALOT,20110810,7.49,7.49,7.18,7.18,3900
ALSK,20110810,7.08,7.29,6.87,7.07,1578600
ALXN,20110810,51.04,51.04,47.29,48.74,2172700
AMAG,20110810,14.85,14.91,14.23,14.38,340900
AMAT,20110810,11.27,11.58,11.09,11.25,34637200
AMCC,20110810,4.99,5.06,4.77,4.82,2296400
AMCN,20110810,2.42,2.47,2.23,2.32,153900
AMCX,20110810,31.38,31.38,30.09,30.28,479400
AMD,20110810,5.63,6.19,5.6,5.85,35411000
AMED,20110810,17.12,17.39,15.99,16.01,888600
AMGN,20110810,49.58,49.94,48.08,48.27,12558600
AMKR,20110810,4.34,4.45,4.22,4.26,2897400
AMNB,20110810,17.94,19.87,17.75,19.3,15200
AMOT,20110810,5.25,5.31,5.1,5.16,9100
AMOV,20110810,24.22,24.22,21.84,22.57,11700
AMRB,20110810,5.5,5.5,5.5,5.5,0
AMRI,20110810,3.84,4,3.53,3.56,176300
AMRN,20110810,10.9,11.2,10.14,10.84,3481300
AMRS,20110810,20.33,20.83,19.65,20.27,405900
AMSC,20110810,63.4,63.4,59.7,59.9,1600600
AMSF,20110810,18.97,19.22,18.56,18.64,107800
AMSG,20110810,21.54,21.54,20.58,20.61,232100
AMSWA,20110810,7.48,7.57,6.74,6.79,154200
AMTD,20110810,14.72,14.72,13.83,13.95,23110100
AMWD,20110810,17.25,17.46,13.51,13.68,31800
AMZN,20110810,200.76,202.4,193.6,194.13,8757500
ANAT,20110810,73.85,75.34,72.3,72.3,46900
ANCB,20110810,8.9,8.9,8.9,8.9,0
ANCX,20110810,8.08,8.29,7.8,8.14,15900
ANDE,20110810,25.3667,26.6933,25.3667,25.9667,272800
ANGO,20110810,14.01,14.05,13.51,13.67,493200
ANIK,20110810,6.1,6.2,5.58,5.81,63200
ANSS,20110810,47.29,49.22,47.29,47.36,834700
ANTH,20110810,52.16,52.16,42.32,42.96,80300
AOSL,20110810,9.82,10.01,9.36,9.63,110500
APEI,20110810,40.66,41.27,39.48,40.01,283000
APOG,20110810,9.81,9.95,9.15,9.18,373700
APOL,20110810,43.53,44.94,43.32,43.41,2976500
APPY,20110810,31.68,31.68,31.68,31.68,0
APRI,20110810,35,40.3,33,39,272600
APWC,20110810,3.53,3.53,3.3,3.3,5300
ARAY,20110810,5.24,5.32,4.87,4.87,867600
ARCC,20110810,13.55,13.94,13.16,13.29,4569900
ARCI,20110810,3.95,4.13,3.56,3.72,15400
ARCW,20110810,1.152,1.156,1.124,1.132,7300
AREX,20110810,17.76,18.64,17.32,17.88,1382500
ARIA,20110810,8.57,8.77,8.16,8.25,4743600
ARII,20110810,16.33,17.34,14.38,16.54,289100
ARKR,20110810,13.31,13.44,13.3,13.44,4600
ARLP,20110810,32.705,36.995,32.705,35.295,146900
ARNA,20110810,1.46,1.46,1.26,1.29,3478500
AROW,20110810,23.72,23.93,22.75,22.75,69300
ARQL,20110810,4.5,5.47,4.15,4.19,272100
ARRS,20110810,10.09,10.21,9.69,9.7,1672000
ARRY,20110810,2.34,2.36,2.15,2.21,247400
ARTNA,20110810,18.04,18.41,17.08,17.14,23100
ARTW,20110810,6.62,6.88,4.8,6.05,16000
ARTX,20110810,1.47,1.5,1.34,1.37,45900
ARWR,20110810,0.45,0.45,0.43,0.44,119400
ASCMA,20110810,40.5,43.72,40.5,41.02,73300
ASFI,20110810,8.16,8.25,7.82,8.1,7200
ASML,20110810,32.12,33.68,31.71,32.5,6648500
ASNA,20110810,13.11,13.39,12.735,12.75,834000
ASPS,20110810,31.92,33.44,31.17,32.46,95700
ASRV,20110810,1.65,1.7,1.6,1.62,15100
ASRVP,20110810,25,25,25,25,0
ASTC,20110810,0.79,0.79,0.75,0.75,25400
ASTE,20110810,30.34,30.92,29.11,29.24,133800
ASUR,20110810,1.7067,2.0333,1.6133,1.9933,6400
ASYS,20110810,13.01,13.53,11,11.06,1831100
ATAI,20110810,9.04,9.63,9,9.5,13100
ATAX,20110810,5.39,5.39,5.2,5.28,86400
ATEC,20110810,26.64,29.28,26.28,28.2,416000
ATHN,20110810,48.39,52.17,48,49.73,560900
ATHX,20110810,2.14,2.14,1.83,1.92,147200
ATLO,20110810,17.6,18.15,16,16.67,29600
ATNI,20110810,36.53,36.53,32.08,33.43,135800
ATRC,20110810,9.6,9.7,8.97,9.08,97600
ATRI,20110810,200.51,200.51,194,198,6600
ATRO,20110810,25.075,25.2083,23.6167,24.1667,106400
ATSG,20110810,5.56,5.56,4.71,4.78,689600
ATVI,20110810,10.8,10.94,10.4,10.43,13062700
AUBN,20110810,19.44,19.49,19.1,19.49,1200
AUDC,20110810,4.3,4.45,4.14,4.23,121100
AVAV,20110810,26.01,26.2,24.72,24.8,354200
AVEO,20110810,16.29,16.53,15.49,15.85,344700
AVGO,20110810,29.09,30.37,28.58,29.25,3043100
AVID,20110810,11.36,11.5,10.51,10.58,420900
AVNW,20110810,36,37.2,34.56,35.28,1586200
AWRE,20110810,2.76,3.11,2.76,3,6000
AXAS,20110810,3.43,3.51,3.03,3.17,4318200
AXTI,20110810,7.88,8.43,7.65,8,833200
AZPN,20110810,14.66,14.66,13.49,13.52,698700
BABY,20110810,10.46,10.71,9.71,9.72,310100
BANF,20110810,34.74,34.74,32.61,33,31300
BANFP,20110810,27.47,27.47,27.47,27.47,0
BANR,20110810,14.22,15.37,13.39,13.45,286800
BASI,20110810,1.35,1.67,1.27,1.55,36400
BBBY,20110810,51.41,51.55,49.8,50.06,5101600
BBGI,20110810,4,4.1,3.88,4.1,10400
BBOX,20110810,22.44,23.01,21.35,21.4,130100
BBRG,20110810,20.1,20.83,18.75,18.98,202700
BBRY,20110810,22.82,23.06,22,22.1,22710500
BBSI,20110810,14.45,14.71,12.92,13.09,100000
BCBP,20110810,9.23,9.42,8.94,9.42,5000
BCOM,20110810,19.12,19.32,17.54,18.01,2800
BCPC,20110810,38.37,38.38,35.3,35.4,202600
BCRX,20110810,2.64,2.65,2.44,2.46,274200
BDE,20110810,7.71,7.92,7.3,7.35,58000
BDGE,20110810,20.35,20.84,19,19.25,48900
BDSI,20110810,3.55,3.61,3.2,3.29,101600
BEAT,20110810,3.58,3.8,3.36,3.46,145700
BEAV,20110810,30.16,32.57,30.15,30.78,1937700
BEBE,20110810,5.94,6.09,5.75,5.82,672600
BECN,20110810,16.41,16.41,15.11,15.15,1313500
BELFA,20110810,20,20.91,18.31,19.09,2300
BELFB,20110810,19.18,19.18,16.79,16.81,29800
BFIN,20110810,8.32,8.39,7.6,7.66,53600
BGCP,20110810,6.64,6.98,6.29,6.31,1773600
BGFV,20110810,7.57,7.57,6.98,7.05,157800
BIB,20110810,6.4188,6.4213,5.9963,6.025,23800
BICK,20110810,26.01,26.36,25.55,25.73,18700
BIDU,20110810,140.56,145.99,138.25,140.79,12165500
BIIB,20110810,86.5,88.36,84.94,85.03,2723200
BIOC,20110810,13.83,14.7,13.8,14.7,800
BIOS,20110810,5.95,5.95,5.45,5.52,571600
BIS,20110810,205.32,217.36,205.32,217.36,700
BJRI,20110810,42.35,43.31,41.03,41.51,436100
BKCC,20110810,7.42,7.98,7.41,7.47,1078600
BKEP,20110810,7.5,8.85,7.25,7.69,54200
BKMU,20110810,3.44,3.58,3.12,3.19,157800
BKSC,20110810,10,10.01,9.91,9.91,3400
BLDP,20110810,1.36,1.38,1.33,1.35,104000
BLDR,20110810,2.4,2.4,1.58,1.67,246300
BLIN,20110810,4.5,5.15,4.45,5.15,4500
BLKB,20110810,24.99,24.99,23.21,23.25,275600
BLRX,20110810,4.06,4.06,4.06,4.06,0
BMRC,20110810,39.1,39.31,38.25,38.4,28200
BMRN,20110810,25.23,26.42,24.94,25.48,2037600
BMTC,20110810,18.34,18.7,17.6,17.69,64000
BNCL,20110810,7.79,7.85,7.49,7.49,153500
BNCN,20110810,6.87,6.98,6.63,6.89,7600
BNSO,20110810,1.88,1.9,1.75,1.89,3900
BOBE,20110810,30.6,31.01,29.27,29.33,302700
BOCH,20110810,3.47,3.6,3.45,3.46,6500
BOFI,20110810,3.175,3.3725,3.115,3.115,39100
BOKF,20110810,46.32,46.33,43.87,44,250400
BONT,20110810,6.83,6.99,6.28,6.3,289600
BOOM,20110810,19.74,20.49,18.66,18.84,103200
BOSC,20110810,9.16,9.16,9.16,9.16,600
BPFH,20110810,6.02,6.23,5.48,5.49,842100
BPFHW,20110810,2,2,1.74,1.74,200
BPOP,20110810,22,22,20.2,20.5,14573700
BPOPM,20110810,19.87,19.87,18.09,18.1,700
BPOPN,20110810,19.3,19.5,18.75,19.25,5100
BRCD,20110810,3.44,3.49,3.33,3.37,12856400
BRID,20110810,9.66,10.45,9.66,9.91,2600
BRKL,20110810,8.02,8.17,7.37,7.41,1295100
BRKR,20110810,13.02,13.52,12.76,13.01,1657000
BRKS,20110810,8.55,9.17,8.18,8.7,807400
BSET,20110810,7.36,7.59,7.02,7.21,68300
BSFT,20110810,28.03,28.93,27.11,27.65,707600
BSPM,20110810,21.84,23.31,21.84,22.05,89000
BSQR,20110810,4.71,4.73,4.54,4.61,49700
BSRR,20110810,11.2,11.63,10.66,10.78,32700
BSTC,20110810,16.39,17.28,16.02,16.56,9600
BUSE,20110810,5.08,5.1,4.48,4.49,446300
BVSN,20110810,9.96,10.1,9.76,10.1,3800
BWEN,20110810,8.5,8.5,7.4,7.4,964700
BWINA,20110810,23.6,25.27,23.6,24.8,1400
BWINB,20110810,23.01,23.69,22,22.12,20900
BWLD,20110810,57.64,59.83,56.75,57.78,614200
BYFC,20110810,2.07,2.07,2.07,2.07,0
CA,20110810,19.76,20.05,19.22,19.27,10105500
CAAS,20110810,5.64,5.64,4.86,5.14,175300
CAC,20110810,28.07,30,28,28.3,53000
CACB,20110810,9.1,9.55,7.85,7.86,21900
CACC,20110810,73.12,73.33,68,68.68,49200
CADC,20110810,19.56,21,18.72,18.72,89600
CAKE,20110810,25.58,26.35,25.06,25.38,1328000
CALD,20110810,4.74,4.76,4.47,4.75,717000
CALI,20110810,7.38,9,7.38,8.1,66300
CALL,20110810,10.98,11.225,10.375,10.48,41800
CALM,20110810,15.565,15.73,14.985,15.07,115700
CAMP,20110810,2.98,3.12,2.82,2.89,153500
CAMT,20110810,2.18,2.49,2.12,2.12,102000
CAR,20110810,12.26,12.85,12.05,12.23,3006200
CART,20110810,2.75,2.75,2.61,2.75,1400
CARV,20110810,0.74,0.74,0.61,0.74,1900
CARZ,20110810,25.48,25.83,25.48,25.48,400
CASH,20110810,17.99,18.5,17.68,17.68,2100
CASM,20110810,2.8,2.8,2.63,2.79,1800
CASS,20110810,36.32,37.26,35.05,35.52,45200
CASY,20110810,41.43,41.59,40.2,40.3,397400
CATM,20110810,21.99,22.38,21.05,21.11,437600
CATY,20110810,11.17,11.17,10.18,10.21,2445200
CAVM,20110810,27.47,28.35,26.38,27.37,2444000
CBAK,20110810,5.15,5.2,4.7,4.9,235400
CBAN,20110810,2.75,2.78,2.74,2.75,600
CBLI,20110810,50.8,51.6,46.2,46.8,210600
CBMX,20110810,405,430.5,405,408,5000
CBMXW,20110810,2.9,2.9,2.9,2.9,0
CBOE,20110810,22.75,23.06,22.2,22.28,805800
CBPO,20110810,8.53,8.89,7.95,8.58,31300
CBRL,20110810,40.03,40.99,39.02,39.16,304700
CBSH,20110810,36.83,37.28,35.72,35.77,943600
CCBG,20110810,10.43,10.49,10.01,10.04,66700
CCCL,20110810,33.44,34.88,31.6,32.4,52400
CCIH,20110810,6.68,7.37,6.34,7.05,191200
CCMP,20110810,37.96,38.85,37.43,37.65,412500
CCNE,20110810,13.68,13.68,11.81,11.86,47100
CCOI,20110810,13.48,13.92,12.79,13.5,616200
CCRN,20110810,5.24,5.24,4.65,4.69,152300
CCUR,20110810,5.75,5.83,5.59,5.65,22400
CDNS,20110810,8.73,8.99,8.54,8.64,4758100
CDTI,20110810,22.5,24.25,22,23.75,159500
CDXS,20110810,6.4,6.4,5.79,5.88,308000
CDZI,20110810,11,11.11,9.1,9.45,37600
CECE,20110810,5.76,5.85,5.13,5.31,57200
CECO,20110810,16.55,16.63,15.75,15.89,1323000
CELG,20110810,26.84,26.915,25.85,25.925,6407100
CELGZ,20110810,1.64,1.64,1.6,1.61,1200
CENT,20110810,6.77,6.95,6.45,6.5,156100
CENTA,20110810,7.15,7.89,6.63,6.67,276900
CENX,20110810,9.77,10.08,9.38,9.41,3367200
CERN,20110810,28.78,28.78,27.425,27.465,2138700
CERS,20110810,2.23,2.23,2,2.01,300700
CETV,20110810,12.91,13.11,11.92,12.14,1054400
CEVA,20110810,24.19,26.62,24.04,25.43,490200
CFBK,20110810,3.85,3.9,3.45,3.9,1600
CFFI,20110810,22.5,22.65,22.01,22.03,4000
CFFN,20110810,10.88,10.99,10.62,10.65,2025300
CFNB,20110810,15.7,15.9,15.2,15.6,7200
CFNL,20110810,9.83,9.93,9.54,9.57,200600
CGEN,20110810,3.67,3.73,3.46,3.52,49900
CGNX,20110810,15.36,15.565,14.59,14.62,386300
CHCI,20110810,1.11,1.11,1.02,1.06,39700
CHCO,20110810,30.45,31.24,29.47,29.95,116900
CHDN,20110810,43.78,43.97,41.86,41.86,91000
CHEF,20110810,16.34,17,16.21,16.68,83000
CHFC,20110810,17.1,17.2,15.53,15.68,107900
CHFN,20110810,9.19,9.4,7.85,8.17,18700
CHKE,20110810,14.87,15.13,14.33,14.42,44500
CHKP,20110810,49.11,50.84,48.58,49.56,3276100
CHNR,20110810,8.23,9.45,8.03,9.15,7000
CHRS,20110810,3.03,3.19,2.84,2.87,1394300
CHRW,20110810,64.17,65.04,62.3,62.95,4139800
CHSCP,20110810,28.39,28.65,28.01,28.26,17400
CHTR,20110810,44.4,45.68,43.57,44.35,583100
CIDM,20110810,14,15,12.5,15,88400
CINF,20110810,24.95,25.16,23.99,24.03,4084000
CISG,20110810,12.64,12.79,12.46,12.59,238100
CIZN,20110810,18.6,18.6,18.6,18.6,0
CJJD,20110810,1.26,1.26,1.18,1.23,21000
CKEC,20110810,6.16,6.91,6.16,6.67,198100
CLBH,20110810,2.4,2.4,2.4,2.4,0
CLCT,20110810,18.44,18.44,17.36,17.76,115800
CLDX,20110810,2.6,2.6,2.37,2.46,379500
CLFD,20110810,6.26,6.68,6,6.26,139400
CLMS,20110810,11.93,12.55,11.49,11.79,209900
CLMT,20110810,17.73,19.98,17.34,18.76,409000
CLNE,20110810,11.99,12.4,11.7,11.71,2225300
CLNT,20110810,7.3,7.5,6.8,7.2,71600
CLRO,20110810,6.2,6.51,6.14,6.3,17200
CLSN,20110810,2.85,2.88,2.65,2.74,501900
CLUB,20110810,7.5,8.11,7.4,7.47,247400
CLWT,20110810,4.565,5.445,4.455,5.445,20500
CMCO,20110810,13.77,14.2,13.17,13.25,174200
CMCSA,20110810,20.08,20.58,19.72,19.78,48330700
CME,20110810,52.054,52.632,47.8,47.842,1808800
CMLS,20110810,20.96,21.6,20.72,21.12,247300
CMTL,20110810,25.42,26.1,24.96,24.99,412700
CNBKA,20110810,26.57,27.35,26.41,26.5,5400
CNET,20110810,1.74,1.81,1.52,1.8,24900
CNIT,20110810,1.6,1.6,1.35,1.42,1276500
CNMD,20110810,22.6,22.91,21.61,21.68,262900
CNOB,20110810,9.75,9.88,9.26,9.34,42600
CNSL,20110810,18.03,18.5,18,18.05,305200
CNTF,20110810,16.65,16.85,15.8,16.05,279600
CNTY,20110810,2.53,2.74,2.42,2.44,22800
COBZ,20110810,5.79,5.85,4.97,5.01,184500
COHR,20110810,42.69,43.59,41.35,41.42,210900
COHU,20110810,11.59,11.59,10.67,10.77,114400
COKE,20110810,64,64.49,61.11,61.48,41200
COLB,20110810,15.24,15.93,14.53,14.59,379100
COLM,20110810,25.835,26.78,25.35,25.585,217500
CONN,20110810,6.25,6.89,5.88,5.91,436500
COOL,20110810,76.02,78.96,71.82,75.6,559100
CORE,20110810,9.0975,9.3875,8.535,8.59,81600
CORT,20110810,2.82,2.89,2.66,2.67,237600
COST,20110810,72.97,73.14,70.22,70.39,4919200
COWN,20110810,3.5,3.73,3.33,3.35,722100
CPHC,20110810,10.09,10.14,9.95,10,1000
CPIX,20110810,5.97,5.98,5.52,5.93,54200
CPLA,20110810,34.81,35.49,33.82,34.43,319800
CPLP,20110810,5.63,5.8,5.4,5.67,281800
CPRT,20110810,19.235,19.605,18.885,18.98,536000
CPRX,20110810,1.24,1.45,1.24,1.37,54500
CPSI,20110810,61.87,64.24,59.65,62.72,179900
CPSS,20110810,0.99,1.01,0.92,1.01,6300
CPST,20110810,26.2,26.8,21.4,21.6,8373800
CRAI,20110810,25.64,25.84,23.64,23.8,130400
CRAY,20110810,5.49,5.49,4.97,5.02,182300
CREE,20110810,32.9,36,31.74,34.08,18004100
CREG,20110810,15.5,17.2,15.2,15.2,9400
CRESY,20110810,13.5,13.96,13.47,13.7,77400
CRIS,20110810,3.21,3.23,2.98,2.99,616100
CRME,20110810,20.1,20.25,18.9,18.95,240000
CRMT,20110810,31.26,32.21,29.72,30.74,57000
CRNT,20110810,9.63,10.18,9.53,9.83,367200
CROX,20110810,27.65,28.31,26.5,26.97,4257100
CRUS,20110810,13.4,13.72,13.06,13.09,3379100
CRVL,20110810,22.345,22.365,19.9,20.13,48800
CRWS,20110810,4.09,4.73,4.09,4.44,5300
CRZO,20110810,27.57,28.07,26.18,26.78,2326100
CSBK,20110810,9.97,10.23,9.21,9.41,19400
CSCO,20110810,13.97,14.23,13.7,13.73,146472700
CSFL,20110810,6.49,6.49,5.54,5.58,120800
CSGP,20110810,49.24,49.26,46.89,46.95,405500
CSGS,20110810,13.53,14.06,13.53,13.63,443000
CSII,20110810,14.21,14.26,13.69,13.9,159000
CSIQ,20110810,6.87,7.46,6.73,6.93,713800
CSOD,20110810,15.23,15.23,12.13,14.11,135400
CSPI,20110810,3.9,3.95,3.8,3.86,6700
CSTR,20110810,40.53,42.21,39.09,40.7,1640800
CSWC,20110810,23,23.435,21.475,21.51,5300
CSX,20110810,21.69,22.37,21.37,21.54,18438600
CTAS,20110810,27.79,28.22,27.24,27.24,2944500
CTBI,20110810,26.9,26.98,24.6,24.77,69500
CTHR,20110810,2.2,2.21,2.1,2.13,57600
CTIB,20110810,4.4,4.4,4.4,4.4,100
CTIC,20110810,5.5,5.6,5.2,5.25,1553900
CTRN,20110810,12.72,12.77,12.18,12.28,126400
CTRP,20110810,18.755,20.14,18.505,19.375,3854100
CTSH,20110810,31.99,31.995,30.28,30.415,5267700
CTWS,20110810,26.77,27,25.11,25.32,47200
CTXS,20110810,60.39,62,59.16,59.27,2892100
CUBA,20110810,6.03,6.16,5.84,6,22600
CUTR,20110810,7.4,7.98,7.38,7.79,53400
CVBF,20110810,8.33,8.49,7.71,7.71,1490900
CVCO,20110810,34.52,37.28,28.43,30.99,78600
CVCY,20110810,6.6,6.71,6.6,6.65,7300
CVGI,20110810,7.2,7.2,6.1,6.28,593600
CVGW,20110810,19.15,19.87,18.92,18.94,67800
CVLT,20110810,38.92,40.05,38.25,38.45,764100
CVLY,20110810,10.28,10.61,9.25,9.87,2500
CVTI,20110810,4.66,4.75,4.5,4.5,77600
CVV,20110810,13.31,14.04,11.99,12.1,153700
CWBC,20110810,2.85,2.9,2.83,2.83,500
CWCO,20110810,8.64,8.76,8.1,8.15,82300
CWST,20110810,4.88,4.98,4.58,4.6,219800
CXDC,20110810,3.3,3.83,3.11,3.17,117400
CY,20110810,17.22,18.19,16.78,17.51,5303200
CYAN,20110810,3.69,3.69,3.52,3.66,2900
CYBE,20110810,8.48,8.58,8.2,8.3,13600
CYCC,20110810,64.68,71.4,63,63.84,499300
CYCCP,20110810,3.44,3.44,3.44,3.44,100
CYNO,20110810,11.29,11.29,10.6,10.61,48800
CYOU,20110810,41.44,43.34,40.12,41.27,426800
CYTK,20110810,5.76,6.42,5.76,6,565200
CYTR,20110810,2.52,2.52,2.17,2.31,1360900
CYTX,20110810,49.5,51.3,40.5,45.9,1142600
CYTXW,20110810,1.71,2.24,1.71,2.24,3900
CZFC,20110810,7.5,7.5,7.1,7.1,1000
CZNC,20110810,15.79,16.07,14.25,14.45,92700
CZWI,20110810,5.65,5.65,5.62,5.62,4400
DAIO,20110810,5.65,5.92,5.51,5.8,37800
DAKT,20110810,9.06,9.25,8.7,8.75,234300
DAVE,20110810,8.56,9.77,8.5,8.5,29300
DCIX,20110810,38.88,39.6,36.88,37.68,215200
DCOM,20110810,11.77,11.77,10.76,10.8,263700
DCTH,20110810,51.52,57.28,50.56,54.24,1157800
DENN,20110810,3.68,3.75,3.53,3.55,1035000
DEPO,20110810,5.08,5.38,4.8,5.14,1069000
DEST,20110810,13.54,14.45,13.54,14.03,154500
DFVS,20110810,44.3,44.3,44.3,44.3,0
DGAS,20110810,15.845,15.845,14.63,15.32,1200
DGICA,20110810,13.72,13.72,12.01,12.45,28100
DGICB,20110810,20,20,20,20,0
DGII,20110810,12.98,12.98,12.05,12.13,172100
DGLY,20110810,0.66,0.83,0.66,0.79,26700
DHIL,20110810,73.86,74.38,68.55,69.29,8300
DHRM,20110810,2.13,2.25,2.1,2.12,2300
DIOD,20110810,19.23,20.31,18.37,19.56,883900
DISCA,20110810,36.36,37.45,35.87,36.16,4494900
DISCB,20110810,35.99,37.22,35.99,36.27,1200
DISCK,20110810,16.585,17.225,16.42,16.76,1273400
DISH,20110810,22.07,22.32,21.26,21.66,5277100
DJCO,20110810,70.02,70.02,69.5,69.5,1400
DLBS,20110810,38.24,38.45,36.89,37.23,53900
DLTR,20110810,31.67,32.525,31.41,31.645,2182300
DMLP,20110810,24.1,24.49,23.41,23.62,53200
DMRC,20110810,36.11,37.11,33.67,34.09,54200
DNBF,20110810,9.73,9.73,9.7,9.7,300
DNKN,20110810,27.76,28.5,26.87,27.37,1417200
DORM,20110810,15.95,16.14,14.955,15.06,60300
DRAD,20110810,2.41,2.41,2.31,2.33,12300
DRAM,20110810,26.46,26.46,24.12,24.12,4200
DRRX,20110810,1.85,1.85,1.53,1.57,579300
DRWI,20110810,101,101.5,88.25,90.5,702800
DRYS,20110810,3645,3945,3555,3705,13898600
DSCI,20110810,8.27,8.5,8.21,8.3,48700
DSGX,20110810,6.49,6.63,6.36,6.54,15300
DSPG,20110810,6.39,6.51,6.05,6.1,202900
DSWL,20110810,2.68,2.7,2.63,2.67,17500
DTLK,20110810,9.05,10.1,8.93,9.64,778100
DTSI,20110810,24.22,25.47,24.03,24.67,328500
DTUS,20110810,40.88,41.1,40.88,41.08,9000
DTYS,20110810,35.85,36.34,35.4,35.4,78100
DVAX,20110810,24.3,25.4,23.6,24.3,2874700
DWCH,20110810,4.86,5.16,4.85,5.08,7100
DWSN,20110810,30.77,33.94,30.77,32.04,58200
DXCM,20110810,11.54,11.54,10.27,10.31,799900
DXPE,20110810,20.99,21.69,19.73,19.88,97900
DXYN,20110810,3.98,4,3.84,3.9,6700
DYNT,20110810,6.25,7,6.05,6.25,68400
DYSL,20110810,2.53,2.59,2.5,2.59,10800
EAGL,20110810,9.64,9.64,9.64,9.64,0
EAGLU,20110810,10.1,10.1,10.1,10.1,0
EBAY,20110810,12.3495,12.7874,12.1221,12.2737,22551300
EBIX,20110810,16.08,16.47,14.85,15.27,1475400
EBMT,20110810,10.5,10.5,10.5,10.5,5000
EBSB,20110810,5.3676,5.5515,4.7059,4.9837,23100
EBTC,20110810,14.81,14.81,13.05,13.47,11000
ECHO,20110810,13.56,13.99,13.1,13.24,156700
ECOL,20110810,16.09,16.7,15.5,15.58,78900
ECPG,20110810,20.97,21.48,19.88,20.16,205200
ECYT,20110810,10.6,11.36,10.46,11.27,178600
EDAP,20110810,2.55,2.65,2.25,2.4,110400
EDGW,20110810,2.76,2.77,2.72,2.77,4700
EDUC,20110810,5.33,5.33,5.11,5.11,200
EEFT,20110810,15.42,15.5,14.49,14.6,342800
EEI,20110810,15.84,16.47,15.84,16.25,6600
EFII,20110810,14.58,14.62,13.74,13.83,295700
EFOI,20110810,0.5,0.5,0.43,0.43,130100
EFSC,20110810,13.52,13.95,12.95,13,75300
EFUT,20110810,3.91,4.04,3.6,3.89,6500
EGBN,20110810,12.34,12.95,12.21,12.33,69300
EGHT,20110810,3.59,3.59,3.26,3.3,1253500
EGLE,20110810,2779.2,3398.4,2563.2,2592,668900
EGOV,20110810,11.95,12.65,11.26,11.33,345200
EHTH,20110810,12.36,12.69,12.1,12.3,178800
ELGX,20110810,8.58,8.96,8.47,8.7,1048800
ELNK,20110810,7.75,7.75,7.16,7.16,3395100
ELON,20110810,89.6,92.5,89.1,90.5,614500
ELOS,20110810,9.48,9.57,8.95,8.96,542800
ELSE,20110810,4.23,4.23,4.23,4.23,0
ELTK,20110810,1.3,1.3,1.28,1.29,25400
EMCF,20110810,15.25,15.4,15.25,15.33,1100
EMCI,20110810,12.34,12.44,11.9333,11.9667,27100
EMIF,20110810,28.88,29.06,28.2,28.42,30800
EMITF,20110810,221.4,230.4,213,222,14400
EMKR,20110810,7.2,7.6,6.6,6.64,938900
EMMS,20110810,2.96,2.96,2.76,2.76,29100
ENDP,20110810,33.37,34,32.86,32.92,2906300
ENG,20110810,3,3.17,2.89,2.95,34400
ENOC,20110810,10.49,10.49,9.39,9.4,668800
ENSG,20110810,10.525,10.685,10.145,10.31,230300
ENTG,20110810,7.63,8.17,7.24,7.34,2946500
EPAY,20110810,19.19,21.26,18.85,19.1,155600
EQIX,20110810,87.86,89.86,86.91,87.09,867800
ERIC,20110810,10.98,11,10.62,10.64,11230100
ERIE,20110810,67.78,69.04,65.84,66.14,109800
ERII,20110810,2.56,2.56,2.25,2.26,228600
ESBK,20110810,15.97,16,15.97,15.98,900
ESCA,20110810,4.61,4.91,4.36,4.54,19400
ESEA,20110810,3.95,3.95,3.63,3.76,28100
ESGR,20110810,94.55,99.74,94.15,98.3,37300
ESIO,20110810,14.58,15.79,14.58,14.96,204900
ESLT,20110810,42.15,42.15,40.66,40.89,5600
ESMC,20110810,1.18,1.18,1.18,1.18,36800
ESRX,20110810,46.38,47.72,45,45.09,16494000
ESSA,20110810,11.22,11.25,10.6,10.62,47300
ETFC,20110810,11.42,11.48,10.63,10.66,15759700
ETRM,20110810,33.75,33.75,31.5,33.15,11300
EUFN,20110810,17.35,17.35,16.4,16.49,90700
EVBS,20110810,2.71,3,2.5,2.5,3200
EVEP,20110810,57.9,64.81,57.9,62.4,1138800
EVK,20110810,1.63,1.83,1.63,1.83,2400
EVOL,20110810,6.71,6.82,6.7,6.75,2500
EWBC,20110810,16.58,16.58,15.72,15.73,2431000
EXAC,20110810,16.32,16.69,14.96,15.38,27300
EXAS,20110810,6.46,6.51,6.12,6.19,911500
EXEL,20110810,6.85,6.94,6.31,6.58,1594300
EXFO,20110810,6.87,7.01,6.55,6.59,40200
EXLS,20110810,25.15,25.97,23.91,24.48,137700
EXPD,20110810,42.06,42.78,40.68,41.21,5302500
EXPE,20110810,27.8,28.2,27.1,27.45,5458400
EXPO,20110810,20.005,21.14,19.135,19.31,91800
EXTR,20110810,2.74,2.84,2.53,2.63,455100
EZPW,20110810,28.9,29.49,27.8,28.27,729500
FALC,20110810,3.06,3.06,2.79,2.82,484700
FARM,20110810,6.33,6.53,5.76,5.79,60600
FARO,20110810,34.54,36.12,34.14,34.92,153900
FAST,20110810,30.68,31.13,29.93,29.96,4326900
FBIZ,20110810,15.29,15.29,15.29,15.29,0
FBMS,20110810,8.84,8.84,8.84,8.84,0
FBNC,20110810,9.74,9.89,8.77,8.97,54100
FBNK,20110810,10.75,10.89,10.65,10.75,178300
FBRC,20110810,10.4,10.68,9.56,9.88,279300
FBSS,20110810,12.05,12.05,12.05,12.05,100
FCAP,20110810,17.6,17.6,17.6,17.6,0
FCBC,20110810,11.45,11.45,9.9,10.12,71200
FCCO,20110810,5.85,5.85,5.61,5.61,1900
FCCY,20110810,7.03,7.92,6.8,7.92,2600
FCEL,20110810,12.96,13.2,12.12,12.36,2060000
FCNCA,20110810,147.85,154.83,147.84,151,36100
FDEF,20110810,13.69,14.08,13.08,13.26,23900
FDML,20110810,14.84,15.45,14.29,14.74,289400
FDUS,20110810,11.51,12.95,11.51,12.52,17200
FEIM,20110810,8.67,9,8.67,8.73,8000
FELE,20110810,19.605,20.735,19.605,20.14,253300
FFBC,20110810,14.49,15.89,14.21,14.24,630400
FFBCW,20110810,4.65,4.66,4.65,4.66,2200
FFHL,20110810,2.6,3,2.6,2.99,37300
FFIC,20110810,11.49,11.95,10.75,10.83,140400
FFIN,20110810,15,15.57,14.105,14.175,207300
FFIV,20110810,74.7,76.48,72.57,72.93,3544500
FFKT,20110810,5.49,5.49,5,5.37,2200
FFNW,20110810,4.55,4.59,4.46,4.52,177200
FHCO,20110810,4.47,4.59,4.23,4.26,106800
FIBK,20110810,11.79,12.42,11.7,11.78,96000
FINL,20110810,19.16,19.22,18.27,18.37,944500
FISI,20110810,15.19,15.49,14.11,14.21,126200
FISV,20110810,26.49,27.5,26.435,26.62,2935500
FITB,20110810,10.3,10.34,9.4,9.42,35273000
FIZZ,20110810,14.37,14.83,13.77,13.85,99200
FLAT,20110810,54.43,55.25,51.54,55.05,346100
FLDM,20110810,15.38,17.06,14.24,14.46,159900
FLEX,20110810,5.29,5.35,5.11,5.16,9787500
FLIC,20110810,17.6467,17.8067,15.8067,16.1133,22600
FLIR,20110810,23.38,23.6,22.63,22.68,4051400
FLML,20110810,3.97,4.14,3.95,4.02,45500
FLWS,20110810,2.7,2.7,2.19,2.21,358500
FLXS,20110810,13.5,13.95,13.2,13.95,7400
FMBI,20110810,9.86,10.1,9.05,9.06,887800
FNGN,20110810,19.08,19.61,17.76,17.8,442200
FNLC,20110810,13.98,14.16,13.5,13.58,15700
FNSR,20110810,13.25,14.44,13.08,13.44,5311600
FOLD,20110810,4.3,4.49,4,4.03,116300
FONE,20110810,22.55,22.67,22.25,22.25,4900
FONR,20110810,1.69,1.8,1.63,1.77,37900
FORD,20110810,2.75,3,2.6,2.73,37800
FORM,20110810,7.95,8.91,7.8,7.81,566000
FORR,20110810,32.85,33.4,31.32,31.46,181600
FORTY,20110810,15.42,16.04,15.22,16.04,4700
FOSL,20110810,81.5,90.51,78.02,85.29,2565000
FRAN,20110810,26.04,26.3,25.33,25.98,89600
FRBK,20110810,1.81,1.93,1.81,1.81,7400
FRED,20110810,12.2,12.2,10.66,10.69,481300
FRME,20110810,7.44,7.66,7.04,7.12,104300
FRP,20110810,6.31,6.74,6.09,6.55,282900
FRPT,20110810,3.52,3.75,3.38,3.38,598200
FSBK,20110810,4.04,4.04,3.98,3.99,8200
FSFG,20110810,14.79,15.46,14.79,15.3,300
FSLR,20110810,100.01,107.99,97.1,100.36,3937300
FSTR,20110810,18.73,18.8,17.06,17.24,127400
FTEK,20110810,4.25,4.63,4.25,4.55,528800
FTNT,20110810,18.79,18.89,18.06,18.17,2417800
FUEL,20110810,1.65,1.73,1.54,1.7,179000
FULT,20110810,8.63,8.99,7.99,8.01,2685600
FUNC,20110810,5.01,5.13,4.82,4.82,5200
FUND,20110810,6.32,6.58,6.32,6.5,36200
FWRD,20110810,25.83,26,24.59,24.65,212300
GABC,20110810,16.83,17.4,15.39,15.75,39600
GAIA,20110810,4,4,3.75,3.8,67500
GAIN,20110810,7.18,7.28,6.66,6.68,107300
GALT,20110810,5.4,5.94,5.1,5.4,118000
GASS,20110810,3.6,3.74,3.55,3.67,46000
GBCI,20110810,11.52,11.58,10.83,10.86,1104500
GBDC,20110810,14.78,14.82,14,14,175100
GBLI,20110810,18.73,18.85,17.3,17.65,44300
GBNK,20110810,6.25,6.5,6,6.35,46400
GCBC,20110810,8.995,9,8.625,8.66,1600
GCVRZ,20110810,1.02,1.03,0.96,0.99,8108300
GENC,20110810,4.8467,4.88,4.7867,4.8733,3700
GENE,20110810,28,28,25.1,26.1,157400
GERN,20110810,2.75,2.78,2.51,2.52,1913800
GEVO,20110810,201,201.15,172.65,173.4,114600
GFED,20110810,5.05,5.05,5.05,5.05,0
GFN,20110810,3.16,3.35,3,3.35,13800
GGAL,20110810,11.67,12.59,11.65,12.08,453500
GHDX,20110810,25.35,25.36,23.85,23.96,180400
GIFI,20110810,24.75,26.04,24.15,24.4,77800
GIGA,20110810,1.53,1.59,1.53,1.53,1900
GIGM,20110810,4.8,5.15,4.75,4.8,156700
GIII,20110810,12.165,12.675,11.66,11.76,151000
GILD,20110810,18.955,19.02,17.64,17.67,15555600
GILT,20110810,4.11,4.34,4,4.23,82800
GLAD,20110810,8.1,8.26,7.5,7.5,202500
GLBL,20110810,3.31,3.41,3.15,3.25,2935200
GLBS,20110810,22,23.96,22,23.64,500
GLBZ,20110810,8.3,8.3,8.3,8.3,200
GLDD,20110810,4.4,4.78,4.4,4.42,799600
GLNG,20110810,30.31,31.5,29.43,29.76,756500
GLRE,20110810,24,24,20.95,21,209900
GLUU,20110810,3.72,3.72,3.19,3.2,3419100
GMAN,20110810,17.75,18.01,16.4,16.65,52500
GMLP,20110810,23.01,25.53,23.01,24.65,107100
GNCMA,20110810,8.88,9.86,8.14,8.2,479800
GNMK,20110810,4.78,4.8,4.57,4.73,69100
GNTX,20110810,11.78,12.005,11.48,11.63,1221000
GNVC,20110810,2.26,2.26,2.1,2.1,113300
GOLD,20110810,99.75,106.27,99.19,103.89,2586500
GOOD,20110810,16.02,16.29,15.22,15.41,92700
GOODO,20110810,23.6,23.6,23.6,23.6,400
GOODP,20110810,23.67,23.67,23.67,23.67,0
GOOG,20110810,280.69,282.06,273.865,274.505,5373600
GPIC,20110810,7.56,7.73,7.55,7.57,6600
GPOR,20110810,24.38,27.5,24.18,25.17,1559300
GPRE,20110810,10.21,10.57,9.77,9.8,336600
GPRO,20110810,56.76,57.36,55.19,55.65,967900
GRFS,20110810,6.83,6.87,6.66,6.82,73000
GRID,20110810,26.37,26.44,25.88,26.06,4100
GRIF,20110810,28,29.42,26.69,27.11,4500
GRMN,20110810,31.5,31.64,30.46,30.52,2188000
GROW,20110810,6.57,7.21,6.47,7.05,54100
GRVY,20110810,10.8,12,10.72,12,19300
GSBC,20110810,17.42,17.93,16.06,16.23,39600
GSIT,20110810,5.43,5.74,5.42,5.45,191700
GSM,20110810,18.87,19.47,18.11,18.81,1231700
GSOL,20110810,8.68,8.82,8.18,8.25,82800
GSVC,20110810,14.9,15.7,14.25,15.1,85800
GT,20110810,12.13,12.63,11.82,11.86,12354300
GTIM,20110810,1.65,1.85,1.45,1.54,4600
GTLS,20110810,43.86,45.74,42.06,42.95,746900
GTXI,20110810,2.95,3.03,2.75,2.78,326800
GUID,20110810,7.27,7.34,6.73,6.91,58500
GULF,20110810,14.58,14.71,14.19,14.63,12600
GURE,20110810,2.8,2.93,2.75,2.77,186000
GYRO,20110810,60.25,60.25,58.95,59.05,9200
HA,20110810,4.33,4.33,3.82,3.84,827900
HAFC,20110810,0.92,1.12,0.87,0.88,904800
HAIN,20110810,13.785,14.18,13.47,13.77,396300
HALL,20110810,7.14,7.14,6.38,6.43,41900
HALO,20110810,6.26,6.26,5.81,6.02,1056100
HAS,20110810,35.21,36.6,34.9,35.5,4150300
HAYN,20110810,53.67,55.27,51.43,52.64,167300
HBAN,20110810,5.1,5.11,4.71,4.71,29192900
HBANP,20110810,1099.98,1135,1099.98,1135,100
HBCP,20110810,14.21,14.23,14.2,14.2,8100
HBHC,20110810,28.27,29,27.09,27.73,1405500
HBIO,20110810,4.48,4.58,4.15,4.19,218900
HBNC,20110810,8,8.0355,7.7274,7.9259,2400
HCCI,20110810,19.49,19.49,16,16.15,65900
HCKT,20110810,3.88,3.88,3.4,3.41,221100
HCOM,20110810,20.86,20.86,20.61,20.72,500
HCSG,20110810,13.06,13.35,12.85,12.86,666400
HDNG,20110810,8.92,9,8.68,8.71,53500
HDSN,20110810,1.53,1.53,1.3,1.31,35500
HEES,20110810,9.69,9.69,8.52,8.55,450200
HELE,20110810,28.55,29.27,27.8,27.94,251100
HEOP,20110810,3.84,3.84,3.83,3.83,300
HFBC,20110810,7.72,7.72,7.72,7.72,100
HFBL,20110810,13.39,13.4,13.39,13.4,2400
HFWA,20110810,12.28,12.28,11.55,11.61,64600
HGSH,20110810,1.59,1.95,1.59,1.95,1500
HIBB,20110810,36.65,36.65,33.7,33.77,434700
HIFS,20110810,56.05,56.1,52.45,54.38,19100
HIHO,20110810,2.9,2.99,2.82,2.86,7800
HIMX,20110810,1.49,1.53,1.24,1.25,1313700
HLIT,20110810,5.11,5.29,4.85,4.88,1491300
HMNF,20110810,2.21,2.21,2.19,2.2,1700
HMNY,20110810,1.81,1.81,1.81,1.81,0
HMSY,20110810,21.1533,22.24,20.9267,21.7167,389100
HNH,20110810,11.82,13.41,11.52,12.53,85400
HNRG,20110810,8.51,8.94,8.01,8.37,122700
HOFT,20110810,8.5,8.53,8.11,8.15,61800
HOLI,20110810,6.4,6.4,5.51,5.83,1175700
HOLX,20110810,15.56,15.94,15.13,15.16,4326200
HOMB,20110810,5.74,5.795,5.5275,5.5525,191100
HOVNP,20110810,3.17,3.17,2.45,2.45,16700
HPJ,20110810,2.01,2.1,1.76,1.91,50900
HRZN,20110810,15.15,15.99,14.72,14.93,53100
HSIC,20110810,60.67,61.42,59.66,59.76,953100
HSII,20110810,22.67,22.88,21.51,21.69,135600
HSKA,20110810,9.44,9.94,9.24,9.5,33400
HSNI,20110810,31.22,33.06,30.33,30.58,561400
HSTM,20110810,10.62,10.77,10.15,10.33,139800
HTBK,20110810,4.69,4.7,4.25,4.26,72600
HTHT,20110810,16.2,16.5,15.6,15.76,114500
HTLD,20110810,14.34,14.34,13.23,13.34,1242700
HTLF,20110810,15.59,16.26,14.5,14.51,40800
HUBG,20110810,31.79,32.72,30.53,30.55,403100
HURC,20110810,25.81,26.92,24.51,24.64,26900
HURN,20110810,31.48,31.48,27.39,27.55,190500
HWAY,20110810,11.38,11.59,10.85,11.3,401300
HWBK,20110810,6.5,6.85,5.8,6.04,6400
HWCC,20110810,11.98,12.68,11.98,12.18,126500
HWKN,20110810,32.09,32.21,30.46,30.8,43600
HYGS,20110810,4.78,4.93,4.78,4.86,7400
HZNP,20110810,8.59,8.59,8.35,8.35,4300
IART,20110810,39.81,40.01,38.08,38.19,237600
IBB,20110810,87.99,88.64,85.35,85.46,1692000
IBCP,20110810,2.01,2.09,1.81,2.04,57500
IBKC,20110810,47.86,48.68,45.39,45.49,346800
IBKR,20110810,14.4,14.64,14.07,14.26,1075200
IBOC,20110810,14.71,15.1,13.92,13.97,397700
ICAD,20110810,0.54,0.6,0.54,0.57,113700
ICCC,20110810,6.61,6.61,6.5,6.54,2000
ICFI,20110810,21.37,21.97,20.42,20.59,128300
ICLN,20110810,12.27,12.5,11.97,12.08,14900
ICLR,20110810,18.64,19.64,18.61,18.99,172600
ICON,20110810,18.13,18.81,17.83,17.96,1526200
ICUI,20110810,39.04,39.52,37.83,37.95,87100
IDCC,20110810,70.05,74.82,67.28,69.73,2362200
IDRA,20110810,1.82,1.98,1.75,1.86,45300
IDSA,20110810,6.31,6.33,5.77,5.77,53900
IDSY,20110810,4.15,4.3,4.01,4.2,176600
IDTI,20110810,5.47,5.98,5.3,5.45,3712200
IDXX,20110810,37.355,37.985,36.27,36.3,557500
IESC,20110810,3.01,3.01,2.8,2.97,7400
IFEU,20110810,28.18,28.6,27.8,28.24,9200
IFGL,20110810,27.54,27.54,26.9,26.91,22400
IFON,20110810,0.63,0.63,0.61,0.61,11900
IGLD,20110810,14.84,14.89,14.06,14.7,27100
IGOV,20110810,109.37,109.51,108.9,109.21,19200
III,20110810,1.25,1.3,1.2,1.2,189400
IIIN,20110810,11.16,11.24,10.58,10.58,268000
IIJI,20110810,9.7,9.74,9.49,9.5,35900
IIN,20110810,3.7,3.7,3.7,3.7,0
IIVI,20110810,18.74,18.81,17.69,17.74,473900
IKNX,20110810,7.4,7.4,7.4,7.4,200
ILMN,20110810,54,54.16,51.63,51.69,2474500
IMGN,20110810,10.19,10.73,9.97,10,1299600
IMKTA,20110810,15.16,15.5,14.12,14.2,54700
IMMR,20110810,6.28,6.62,6.15,6.33,301600
IMMU,20110810,3.08,3.08,2.88,2.88,642400
IMMY,20110810,0.4375,0.4375,0.4375,0.4375,0
IMOS,20110810,5.35,5.51,5.22,5.27,43100
INAP,20110810,5.01,5.3,4.79,4.8,649600
INCY,20110810,13.84,14.01,12.78,13.2,2522600
INDB,20110810,22.92,22.92,21.34,21.5,96400
INDY,20110810,25.78,25.98,25.29,25.29,91900
INFI,20110810,8.07,8.63,7.42,7.95,137100
INFN,20110810,6.35,6.86,6.14,6.16,2085500
ININ,20110810,35.42,35.89,34.5,34.69,83100
INOD,20110810,2.85,3.09,2.79,2.96,39000
INSM,20110810,3.91,3.99,3.55,3.7,287400
INTC,20110810,20.3,20.51,19.77,19.93,95408600
INTG,20110810,23.97,24,23.97,24,300
INTL,20110810,23.11,23.44,21.54,21.84,126900
INTU,20110810,42.01,42.01,39.89,39.94,7547700
INTX,20110810,17.29,17.38,15,15.01,154600
INVE,20110810,15.2,16.5,14.8,15.4,610200
INWK,20110810,7.34,7.46,6.81,6.96,241300
IOSP,20110810,22.47,24.8,22.01,23.36,300000
IPAR,20110810,16.38,17.72,14.61,14.79,645300
IPAS,20110810,1.35,1.4,1.3,1.33,405600
IPCC,20110810,46.27,48.25,43.64,44.34,59700
IPCI,20110810,3.03,3.05,2.8,2.87,22500
IPGP,20110810,56.34,59.93,55.28,57.33,705100
IPHS,20110810,38.69,39.48,37.14,37.3,128900
IPXL,20110810,15.36,15.63,14.75,15.26,1748500
IRBT,20110810,25.73,26.37,25.01,25.37,454400
IRDM,20110810,7.43,7.76,7.09,7.15,539700
IRIX,20110810,3.51,3.65,3.42,3.48,31700
IROQ,20110810,10.8,10.97,10.8,10.96,70800
IRWD,20110810,14.68,14.68,11.28,11.49,394400
ISBC,20110810,5.1843,5.2667,5.0745,5.1216,655100
ISCA,20110810,23.66,24.24,22.98,23.05,209200
ISHG,20110810,110.39,110.39,109.59,109.85,30400
ISIG,20110810,2.9,3,2.9,2.92,20000
ISIL,20110810,10.85,11.47,10.74,11.03,2718600
ISLE,20110810,6.58,6.79,6.22,6.25,153100
ISNS,20110810,7.81,7.85,7.34,7.84,2900
ISRG,20110810,334.08,339.99,326.32,328,659900
ISRL,20110810,59.8,60.29,57.31,57.31,1400
ISSC,20110810,4.8,5.1,4.8,5,10800
ITIC,20110810,36,36,36,36,0
ITRI,20110810,38,38.47,37.29,37.36,558800
ITRN,20110810,12.44,12.5,12.21,12.37,26000
IVAC,20110810,8.1,8.31,7.71,7.73,115400
IXYS,20110810,12.2,12.57,11.83,11.87,132100
JACK,20110810,19.91,20.52,18.82,18.89,739200
JAKK,20110810,15.22,15.45,14.66,14.73,324300
JASO,20110810,17.2,20,16.75,18.2,7089700
JAZZ,20110810,35.57,39,34.5,37.61,1642600
JBHT,20110810,39.92,40.43,38.78,38.82,2199700
JBLU,20110810,4.2,4.23,3.86,3.87,9053500
JBSS,20110810,7.98,8.01,7.64,7.91,10500
JCOM,20110810,28.65,28.95,27.83,27.95,499500
JCS,20110810,16.24,16.5,13.71,13.95,81200
JCTCF,20110810,4.91,4.91,4.91,4.91,0
JJSF,20110810,44.53,45.63,44.53,44.87,95700
JKHY,20110810,25.93,25.93,24.73,24.78,1029500
JMBA,20110810,9.25,9.75,8.8,8.9,626800
JOBS,20110810,26.82,27.2,25.735,25.75,255000
JOUT,20110810,17.3,17.3,14.56,14.6,18300
JRJC,20110810,2.56,2.81,2.44,2.79,82400
JVA,20110810,16.82,18.47,16,17.68,1180800
JXSB,20110810,12.85,12.85,12.85,12.85,300
KALU,20110810,46.27,50.02,44.23,44.58,233500
KCAP,20110810,5.65,5.8,5.3,5.33,260700
KELYA,20110810,14.61,15.06,13.61,13.67,536500
KELYB,20110810,14.29,14.29,14.29,14.29,200
KEQU,20110810,9.45,9.45,8.97,9.18,4000
KERX,20110810,3.1,3.19,2.98,2.99,2451500
KEYW,20110810,9.72,10.01,9.7,9.81,195900
KFFB,20110810,8.03,8.3,8.03,8.18,3100
KFRC,20110810,8.87,9.05,8.72,8.75,1710500
KGJI,20110810,1.52,1.55,1.47,1.5,159700
KINS,20110810,2.75,2.75,2.75,2.75,0
KIRK,20110810,9.08,9.17,8.57,8.62,236300
KLAC,20110810,35.65,36.33,34.74,35.36,6325500
KLIC,20110810,8.09,8.55,7.9,7.95,2494900
KNDI,20110810,2.25,2.25,2.11,2.15,63700
KONA,20110810,6.92,7.07,6.59,6.65,54900
KONE,20110810,10.4,11.8,10.4,11.7,4000
KOOL,20110810,33,33,31.2,32.4,18600
KOPN,20110810,3.77,3.85,3.56,3.58,325000
KOSS,20110810,5.74,5.93,5.53,5.64,3600
KRNY,20110810,8.4,8.52,8.05,8.05,43400
KTCC,20110810,4.04,4.04,3.8,3.82,23700
KTEC,20110810,16.65,16.65,15.35,15.4,7500
KTOS,20110810,8.87,8.88,8.16,8.3,574000
KVHI,20110810,8.23,8.51,8.05,8.24,93500
KZ,20110810,3.99,4.46,3.98,4.24,123300
LABL,20110810,23.8,23.8,20.77,21.03,121800
LAKE,20110810,7.42,7.45,7.39,7.39,1300
LAMR,20110810,19.53,19.83,18.99,19.02,1186400
LANC,20110810,56.36,57.43,55.45,55.99,152800
LARK,20110810,15.24,15.25,15.15,15.15,700
LAWS,20110810,16.38,16.38,15.28,15.56,15200
LAYN,20110810,25,25.86,24.68,24.75,156800
LBAI,20110810,9.54,9.54,8.2,8.25,116700
LBIX,20110810,3.29,3.55,3.27,3.4,4400
LBTYA,20110810,18.1809,19.1058,17.8487,18.6663,3344600
LBTYB,20110810,38.26,38.26,38.26,38.26,0
LBTYK,20110810,33.16,35.52,33.16,34.71,834600
LCUT,20110810,10.59,10.8,9.93,10.05,32600
LECO,20110810,29.55,30.33,28.89,29.01,516800
LEDS,20110810,4.42,4.91,4.24,4.6,241700
LFUS,20110810,41.31,41.34,39.5,39.67,379700
LGCY,20110810,26.76,27.85,25.06,27.34,370700
LGND,20110810,10.7,11.28,10.32,11.16,585300
LHCG,20110810,18.3,19.28,17.49,17.5,303200
LIFE,20110810,39.31,39.57,37.22,37.3,3463600
LINC,20110810,10.72,10.86,10.25,10.29,425100
LION,20110810,6.35,6.44,6.05,6.44,9900
LIOX,20110810,2.81,2.81,2.53,2.54,312800
LIVE,20110810,0.57,0.79,0.57,0.7133,5000
LKFN,20110810,14.94,14.94,13.84,13.8867,74300
LKQ,20110810,11.34,11.53,11.045,11.12,1337900
LLNW,20110810,2.25,2.35,2.1,2.21,7538800
LLTC,20110810,26.35,27.33,25.91,26.61,8174200
LMAT,20110810,6.68,6.78,6.47,6.47,6800
LMCA,20110810,22.91,22.91,21.69,21.9833,674900
LMIA,20110810,20.11,21.29,18.8,18.95,78600
LMNR,20110810,18.5,18.98,17.61,18,42300
LMNX,20110810,23.81,24.44,20.6,20.61,1004500
LNCE,20110810,19.99,21.04,19.61,19.68,366200
LNDC,20110810,5.71,6.01,5.71,5.72,220600
LOAN,20110810,0.95,1.05,0.95,0.99,28500
LOGI,20110810,8.38,8.57,8.18,8.26,2046700
LOGM,20110810,31.7,32.53,30.72,31.77,452500
LOPE,20110810,15.8,16,15.34,15.53,581200
LORL,20110810,49.35,51.26,45.65,49.35,334800
LPLA,20110810,27.63,28.12,26.66,26.77,365200
LPNT,20110810,30.46,31.56,30.14,30.44,1102400
LPSN,20110810,10.85,11.63,10.51,11.15,862800
LPTH,20110810,1.98,2.05,1.87,1.98,20400
LQDT,20110810,22.79,24.5,22.32,23.07,509300
LRAD,20110810,2.22,2.36,2.22,2.29,271600
LRCX,20110810,36.46,37.82,35.8,36.49,3646000
LSBK,20110810,10.39,10.39,10.39,10.39,0
LSCC,20110810,5.07,5.12,4.83,4.85,1620200
LSTR,20110810,39.82,40.81,39.1,39.21,800400
LTBR,20110810,12,12.2,10.5,11.15,40500
LTRX,20110810,2.35,2.35,2.25,2.25,10500
LULU,20110810,50.03,53.35,47.74,51.33,4523900
LUNA,20110810,1.42,1.58,1.41,1.57,22600
LWAY,20110810,10.19,10.43,9.8,10.15,26900
LXRX,20110810,9.59,9.94,9.1,9.1,1078500
LYTS,20110810,6.77,6.96,6.63,6.7,104000
MAGS,20110810,2.71,2.71,2.68,2.7,3000
MANH,20110810,8.265,8.4925,8.0925,8.13,128900
MANT,20110810,34.95,35.55,34.1,34.31,334300
MARPS,20110810,21.2,21.2,18.95,20.9,2200
MASI,20110810,24,24.32,22.41,22.87,3761200
MAT,20110810,23.81,24,23.04,23.04,7795100
MATR,20110810,5.85,5.9,5.45,5.5,25800
MATW,20110810,31.35,32.43,30.95,31.05,185300
MAYS,20110810,16.5,16.5,16.5,16.5,0
MBFI,20110810,17.4,17.88,15.5,15.65,702300
MBLX,20110810,33.24,34.74,30.9,32.16,424100
MBRG,20110810,14.25,15,14.25,14.8,9900
MBTF,20110810,1.38,1.43,1.16,1.21,55200
MBVT,20110810,26.51,26.67,23.79,24.21,10300
MBWM,20110810,8.2,8.3,8.07,8.07,4200
MCBC,20110810,2.83,2.98,2.83,2.88,51700
MCHP,20110810,30.86,31.63,30.35,30.71,6125400
MCHX,20110810,10.27,10.74,10.08,10.26,436400
MCRI,20110810,10,10.29,8.9,8.96,52800
MDCA,20110810,16.11,16.14,14.21,14.22,230100
MDCO,20110810,12.86,13.23,12.46,12.52,629300
MDM,20110810,4.65,4.7,4.5,4.67,27400
MDRX,20110810,15.18,15.3,14.48,14.49,3281200
MDSO,20110810,7.93,7.93,7.51,7.585,494600
MELI,20110810,60.72,64.97,60.28,62.53,764100
MENT,20110810,9.11,9.89,8.81,9.04,1367600
MEOH,20110810,24.15,24.47,23.8,23.94,1071200
MERC,20110810,7.76,8.53,7.76,8.28,537800
MFNC,20110810,5.5,5.5,5.5,5.5,1800
MFRI,20110810,8,8.05,7.5,7.6,1900
MFSF,20110810,7.53,7.88,7.36,7.36,8600
MGEE,20110810,26.1867,26.2867,25.3733,25.4533,132500
MGIC,20110810,4.25,4.4,4.06,4.1,333100
MGLN,20110810,43.45,44.13,41.76,42.57,328300
MGPI,20110810,6.68,6.69,6.22,6.45,54200
MGRC,20110810,25.46,25.9,24.07,24.3,98200
MGYR,20110810,4.29,4.29,4.29,4.29,0
MHGC,20110810,5.04,6.17,4.88,4.98,1213400
MHLD,20110810,8.15,8.15,7.78,7.85,530800
MIDD,20110810,24.5267,24.5267,23.1667,23.3333,264000
MIND,20110810,14.8,16.61,14.54,14.9,155500
MINI,20110810,19.38,21.89,17.46,17.99,258600
MITK,20110810,7.94,8.21,7.41,8,421600
MITL,20110810,4.02,4.08,3.69,3.69,66800
MKSI,20110810,22.05,23.09,21.46,22.23,764400
MKTX,20110810,24.27,24.74,23.36,23.48,176500
MLAB,20110810,33.71,34.47,33.26,34.25,7800
MLHR,20110810,18.99,19.12,17.94,18.02,561500
MLNK,20110810,3.97,4.1,3.79,3.8,325700
MLNX,20110810,28.49,29.4,28.17,28.42,213100
MLVF,20110810,7.5,7.5,7.5,7.5,0
MMLP,20110810,33.09,35.52,33,34.93,184900
MMSI,20110810,14.09,14.77,13.25,13.29,439600
MMYT,20110810,16.16,17.58,16.06,17.46,169400
MNDO,20110810,2.15,2.15,2.1,2.1,85500
MNKD,20110810,2.43,2.44,2.22,2.25,1220000
MNOV,20110810,2.29,2.4,2.27,2.4,6200
MNRO,20110810,34.71,36.39,33.23,33.37,369900
MNST,20110810,12.3567,12.99,12.135,12.7433,1588500
MNTA,20110810,16.07,16.53,15.4,15.77,1050400
MNTX,20110810,3.6,3.81,3.43,3.7,24000
MOBI,20110810,5.45,5.5,5.01,5.2,440500
MOCO,20110810,13.5,13.98,13,13.5,9400
MOFG,20110810,14.89,14.9,14.65,14.65,19200
MORN,20110810,54.83,55.5,53.25,53.32,94600
MOSY,20110810,4.56,4.72,4.29,4.59,144500
MPAA,20110810,12.15,12.74,11,11.35,72300
MPB,20110810,8.15,8.15,8.15,8.15,100
MPEL,20110810,11.71,12.49,11.57,11.82,15112000
MPET,20110810,1.19,1.27,1.15,1.22,128200
MPWR,20110810,11.8,12.32,11.47,11.86,567200
MRCY,20110810,15.36,15.71,14.48,14.6,273500
MRLN,20110810,12.19,12.19,11.17,11.54,58400
MRTN,20110810,12.2867,12.54,11.98,12.06,94000
MRVL,20110810,11.75,12.28,11.41,11.94,22144800
MSBF,20110810,5.5,5.5,5.5,5.5,0
MSCC,20110810,15.8,16.33,15.47,15.74,1356800
MSEX,20110810,18.43,18.44,17.35,17.36,75200
MSFG,20110810,8.36,8.62,7.45,7.46,104000
MSFT,20110810,24.95,25.09,24.1,24.2,127819700
MSON,20110810,2.23,2.25,2.12,2.21,6700
MSTR,20110810,119.73,120.51,113.65,113.72,279600
MTEX,20110810,6,6.9,5.3,5.8,100400
MTGE,20110810,18.75,20,18.52,19.25,203800
MTRX,20110810,10.41,11.27,9.94,10.03,196300
MTSC,20110810,38.3,38.3,35.8,35.93,144100
MTSL,20110810,1.2,1.34,1.2,1.3,5300
MU,20110810,5.98,6.04,5.71,5.72,57549700
MVIS,20110810,7.52,7.52,6.96,7.12,590600
MXIM,20110810,21.37,22.28,21.06,21.73,5432900
MXWL,20110810,16.22,17.04,16.08,16.25,328600
MYGN,20110810,18.99,19.41,18.17,18.21,1571100
MYL,20110810,18.17,18.36,17.36,17.38,20582400
MYRG,20110810,21,21,18.2,18.59,318600
NAII,20110810,4.66,4.75,4.64,4.75,3400
NANO,20110810,14.49,15.72,14.15,15.21,651300
NATH,20110810,18.95,19.28,18.51,19.04,5500
NATI,20110810,22.67,23.05,22.13,22.16,655000
NATL,20110810,22.82,22.93,20.53,22,43900
NATR,20110810,18.3,18.96,17.53,18.33,108300
NAUH,20110810,10.4,10.48,8.96,8.99,24100
NAVG,20110810,41.15,41.54,39.12,39.14,80400
NBIX,20110810,5.98,6.05,5.58,5.59,551800
NBN,20110810,9.91,9.91,9.9,9.91,600
NBTB,20110810,20.2,20.24,18.73,18.83,154700
NCIT,20110810,14.51,14.92,14.08,14.24,44600
NCMI,20110810,12.37,13.26,11.91,13.03,1799500
NCTY,20110810,4.79,5.32,4.6,4.75,66400
NDAQ,20110810,22.09,22.64,21.24,21.47,4659800
NDSN,20110810,40.38,41.48,39.8,39.89,577200
NEOG,20110810,24.42,25.1733,22.9933,23.08,108800
NEPT,20110810,4.07,4.19,3.61,4.11,230000
NEWS,20110810,7.99,8.68,7.78,8,154000
NEWT,20110810,6.75,6.75,6.75,6.75,37500
NFBK,20110810,13.47,13.47,12.07,12.16,58200
NFEC,20110810,1.65,1.76,1.65,1.75,3100
NFLX,20110810,33.3571,34.2843,33.02,33.2029,3154600
NICE,20110810,28.58,28.67,27.17,27.83,477300
NICK,20110810,11.02,11.73,10.54,10.67,16800
NIHD,20110810,37.13,37.2,35.33,35.39,3953600
NILE,20110810,32.84,34,31.67,32.58,269200
NKSH,20110810,26.38,26.9,24,24.51,13000
NKTR,20110810,5.88,5.89,5.25,5.27,2497800
NLST,20110810,1.38,1.39,1.29,1.31,90800
NMRX,20110810,6.87,6.91,6.35,6.42,38400
NNBR,20110810,6.5,7.14,6.02,6.91,340000
NRIM,20110810,19.06,19.48,19.06,19.48,400
NSEC,20110810,11.67,11.67,11.67,11.67,0
NSIT,20110810,15.67,16.2,15.21,15.27,502500
NSSC,20110810,2.38,2.62,2.36,2.45,47900
NSYS,20110810,3.55,3.55,3.55,3.55,900
NTAP,20110810,41.08,42.77,40.25,40.96,11622100
NTCT,20110810,12.4,14.47,11.83,12.19,606500
NTES,20110810,44.3,46.39,43.87,45.03,701200
NTGR,20110810,29.25,29.58,27.79,27.91,656200
NTIC,20110810,16.35,17.38,16.25,16.46,2900
NTRI,20110810,12.07,12.15,11.51,11.6,552500
NTRS,20110810,38.14,38.14,35.95,36.13,6835600
NTWK,20110810,7.7,7.7,7.3,7.4,344400
NUAN,20110810,17.3,18.68,16.76,16.79,7271100
NURO,20110810,10.56,11.04,10.56,10.8,22800
NUTR,20110810,14.67,14.67,13.61,13.75,35900
NUVA,20110810,23.42,23.42,22.35,22.42,1294600
NVAX,20110810,1.31,1.33,1.22,1.25,652400
NVDA,20110810,12.55,12.91,12.27,12.34,28501200
NVEC,20110810,54.16,56.65,54.16,55.35,40900
NVGN,20110810,0.77,0.82,0.7,0.7,86400
NVLS,20110810,28.39,29.29,27.99,28.2,3654800
NVMI,20110810,6.81,7.19,6.68,6.9,352700
NWBI,20110810,11.54,11.56,10.91,11.02,2375100
NWFL,20110810,26.63,26.75,26.35,26.49,17200
NWLI,20110810,146.69,149.43,143.35,145.71,16400
NWPX,20110810,26.42,27.19,24.71,24.92,110300
NWS,20110810,14.31,14.93,13.99,14.21,10532500
NWSA,20110810,13.83,14.56,13.55,13.71,58077600
NXPI,20110810,16.78,17.03,15.82,16.35,4274200
NXST,20110810,7.21,7.45,6.93,7.09,113800
NXTM,20110810,18.24,18.86,17.77,17.93,742800
NYMT,20110810,7.1,7.35,6.86,7.11,119500
NYMX,20110810,7.53,7.53,6.91,6.93,79600
NYNY,20110810,4,4.1,3.85,4.05,105000
OBAS,20110810,7.05,7.1,6.8,7,3000
OBCI,20110810,2.63,3.04,2.63,2.76,14400
OCC,20110810,3.53,3.64,3.41,3.49,1400
OCFC,20110810,11.91,12.5,11.73,11.81,74400
OCLR,20110810,3.63,3.75,3.43,3.46,1534500
OCLS,20110810,45.5,45.85,44.45,45.5,58800
ODFL,20110810,19.7867,20.5,19.44,19.7,688700
OFED,20110810,11,11,11,11,700
OFIX,20110810,37.93,38.41,36.68,36.71,198700
OFLX,20110810,13.55,13.64,12.37,13.01,10200
OGXI,20110810,11.22,11.66,10.77,10.86,88000
OIIM,20110810,4.67,4.79,4.56,4.75,80400
OKSB,20110810,5.3,5.31,4.82,4.83,332000
OLBK,20110810,7.49,7.49,7.34,7.34,3500
OMAB,20110810,16.68,16.68,14.03,15.52,15000
OMCL,20110810,13.81,13.88,13.38,13.55,368900
OMER,20110810,3.36,3.83,3.35,3.38,23500
OMEX,20110810,30.6,31.92,29.04,29.88,973400
ONEQ,20110810,96.32,96.95,93.84,93.98,42100
ONVI,20110810,3.7,4.03,3.5,4.03,4800
OPHC,20110810,30,30,25.2,25.2,1500
OPOF,20110810,11.38,11.4,11.17,11.27,1200
OPTT,20110810,32.1,36.3,31.6,35.6,85700
OPXA,20110810,4.68,4.92,4.52,4.52,72300
OPXAW,20110810,0.4,0.4,0.4,0.4,0
ORBC,20110810,2.12,2.19,2.01,2.03,162500
ORBK,20110810,10.68,11.28,10.68,11,229200
OREX,20110810,13.4,14.2,12.6,12.9,563300
ORIT,20110810,12.05,12.19,11.74,11.83,630700
ORLY,20110810,58.85,59.08,57.45,57.53,2804800
ORRF,20110810,17.16,17.76,16.34,16.52,13600
OSBC,20110810,1.17,1.2,1.15,1.15,7500
OSBCP,20110810,4.08,4.1,3.37,4.09,3400
OSHC,20110810,11.8,11.8,11,11.43,18000
OSIR,20110810,5.73,5.73,4.84,4.98,271200
OSIS,20110810,34.7,35.33,33.82,34.18,371800
OSN,20110810,7.71,8.28,7.32,7.68,18100
OSTK,20110810,10.6,10.6,9.93,9.94,107400
OSUR,20110810,8.16,8.16,6.87,6.91,391400
OTEX,20110810,29.555,29.9,28.715,28.735,977200
OTIV,20110810,1.59,1.7,1.57,1.6,156500
OTTR,20110810,20.8,20.88,19.67,19.96,455600
OVBC,20110810,16.6,17.97,16.6,17.97,16400
OVLY,20110810,5.8,5.8,5.24,5.43,7200
OXLC,20110810,16.76,17.18,16.58,16.63,5300
OZRK,20110810,12.095,12.3125,11.2625,11.2725,267700
PAAS,20110810,28.49,29.79,27.83,29.08,1662600
PACB,20110810,6.23,6.25,5.39,5.41,610800
PACW,20110810,16.61,16.78,15.22,15.3,292900
PAGG,20110810,28.99,29.36,28.52,28.65,85200
PANL,20110810,27.8,29.29,26.63,27.25,2132200
PATK,20110810,1.48,1.48,1.2933,1.3,15300
PAYX,20110810,26.25,26.48,25.5,25.51,8981400
PBCT,20110810,11.04,11.19,10.72,10.74,10711600
PBHC,20110810,9.26,9.26,9.26,9.26,0
PBIB,20110810,3.97,3.97,3.97,3.97,0
PBIP,20110810,5.5,5.5,5.5,5.5,200
PCAR,20110810,36.36,36.86,34.89,35.9,10836900
PCBK,20110810,8.68,8.78,8.17,8.19,57900
PCH,20110810,29.94,33.03,29.94,31.41,590900
PCLN,20110810,503.16,512.95,497.5,498.8,2170100
PCO,20110810,2.98,3.07,2.47,2.48,542700
PCOM,20110810,9,9,8.38,8.65,92600
PCRX,20110810,10.25,10.25,8.6,8.82,62700
PCTI,20110810,6.23,6.43,6.16,6.16,30900
PCYO,20110810,2.95,3,2.83,2.87,3900
PDCO,20110810,27.87,28.11,27.12,27.15,1553800
PDEX,20110810,1.78,1.82,1.78,1.82,400
PDFS,20110810,5.05,5.08,4.67,4.7,110200
PDLI,20110810,5.71,5.8,5.61,5.64,4324800
PEBK,20110810,5.11,5.11,5,5.1,2300
PEBO,20110810,12.66,12.88,11.53,11.7,27900
PEGA,20110810,18.405,22.37,18.25,20.34,1770700
PEIX,20110810,8.85,8.85,7.65,7.65,1287200
PENN,20110810,34.86,35.78,34.42,34.51,844400
PERF,20110810,14,14,14,14,0
PERY,20110810,17.46,18.61,16.84,16.92,161200
PESI,20110810,7,7.4,6.7,6.75,172500
PETS,20110810,10.09,10.1,9.42,9.46,400000
PFBC,20110810,7.35,8.75,7.35,8.55,4400
PFBI,20110810,5.86,6.24,5.86,6.24,1500
PFBX,20110810,12.68,12.68,12.68,12.68,0
PFIN,20110810,3.85,3.93,3.54,3.81,9300
PFLT,20110810,11.02,11.5,10.61,10.61,153100
PFSW,20110810,4.27,4.7,3.99,4.27,54400
PGC,20110810,11.45,11.48,11.01,11.01,3500
PGNX,20110810,5.31,5.85,5.31,5.62,165100
PGTI,20110810,1.75,1.86,1.65,1.74,19600
PHII,20110810,18.44,18.95,18.4,18.4,1200
PHIIK,20110810,19.35,19.37,17.91,18.2,141800
PHMD,20110810,56.45,57.9,50.85,56.95,1400
PICO,20110810,24.55,25.06,24.03,24.16,145200
PKBK,20110810,7,7.01,7,7.01,400
PKOH,20110810,14.43,15.05,13.78,13.91,59200
PLAB,20110810,5.58,5.89,5.43,5.61,1149000
PLBC,20110810,2.07,2.07,2.07,2.07,0
PLCE,20110810,38.61,40.97,38.09,38.25,804000
PLPC,20110810,58.05,61.06,56.08,57.22,8700
PLUG,20110810,1.51,1.51,1.35,1.4,348800
PLUS,20110810,24.89,25.23,24.05,24.05,13200
PLXS,20110810,26.16,26.32,25.1,25.12,454900
PMBC,20110810,4.14,4.15,4.13,4.14,4800
PMD,20110810,7.99,8.96,7.77,8.51,24800
PNBK,20110810,20.3,20.8,20.1,20.8,9500
PNFP,20110810,13.12,13.45,12.01,12.04,217400
PNNT,20110810,9.97,10.08,9.41,9.42,656000
PNQI,20110810,34.74,35.29,34.13,34.23,15500
PNRA,20110810,100.85,102.81,99,99.3,598700
PNRG,20110810,21,21,21,21,0
PNTR,20110810,4.48,5.04,4.48,4.64,1300
PODD,20110810,16.2,16.38,15.57,15.65,542100
POOL,20110810,24.18,25.66,23.52,23.56,489700
POPE,20110810,45.56,47.83,44.5,47.83,900
POWI,20110810,30.86,31.9,30.53,30.67,638300
POWL,20110810,32.89,34.29,32.02,32.34,38700
PPBI,20110810,6.37,6.57,6.25,6.57,4700
PPHM,20110810,1.29,1.33,1.21,1.23,478400
PRAA,20110810,22.7,23.3633,22.2533,22.2933,121200
PRAN,20110810,9,10.14,8.7,9.66,133300
PRCP,20110810,6,6.53,5.8,5.8,31100
PRFT,20110810,7.98,8.3,7.83,7.84,164600
PRFZ,20110810,55.03,56.24,54.03,54.08,137000
PRGS,20110810,19.97,20.38,19.29,19.52,1161500
PRGX,20110810,6.24,6.46,6.08,6.11,116300
PRIM,20110810,10.5,10.94,10.01,10.15,195500
PRKR,20110810,11,11.2,10.5,10.5,35800
PRMW,20110810,7.01,8.23,5.26,5.4,4824100
PROV,20110810,8.01,8.2,7.95,8.01,22000
PRPH,20110810,0.71,0.92,0.7,0.78,8600
PRSC,20110810,11.07,11.81,10.51,10.58,42900
PRTS,20110810,5.78,6.82,5.78,6.03,289200
PRXL,20110810,18,20.16,17.5,18.44,2153800
PSAU,20110810,45.39,46.96,44.78,46.01,44700
PSCC,20110810,28.74,28.75,28.27,28.38,5200
PSCD,20110810,24.36,25.09,24.03,24.08,19500
PSCE,20110810,31,32.16,30.35,30.55,37400
PSCF,20110810,23.8,24.04,23.11,23.18,16900
PSCH,20110810,26.94,27.32,26.41,26.45,31300
PSCI,20110810,24.59,24.63,24.19,24.19,3000
PSCM,20110810,24.55,24.6,24.15,24.57,3600
PSCT,20110810,24.92,25.18,24.28,24.34,15900
PSCU,20110810,27.29,27.74,26.81,26.91,7000
PSDV,20110810,4.12,4.18,4.06,4.15,44000
PSEC,20110810,8.03,8.1,7.68,7.71,3756200
PSMT,20110810,56.08,56.88,54.5,54.61,256200
PSTB,20110810,4.14,4.14,3.82,3.86,152300
PSTI,20110810,2.57,2.68,2.4,2.47,437700
PTEN,20110810,24.26,25.23,23.83,24.56,6364400
PTIE,20110810,4.52,4.71,4.25,4.51,430200
PTNR,20110810,10.53,10.78,9.31,10.15,2099600
PTSI,20110810,9.19,9.8,9.15,9.55,3800
PVTB,20110810,9.09,9.09,8.15,8.16,1713900
PVTBP,20110810,25.35,25.35,25.1,25.15,12900
PWOD,20110810,36.55,36.55,34.25,34.66,8400
PXLW,20110810,2.18,2.18,2.09,2.15,23600
PZZA,20110810,14.24,14.535,13.875,13.93,129700
QABA,20110810,21.28,21.28,20.05,20.05,3900
QADA,20110810,10.65,10.74,9.81,10.4,37700
QADB,20110810,9.11,9.49,8.99,9.33,6100
QBAK,20110810,10.26,10.32,9.96,9.96,6300
QCLN,20110810,11.75,12.14,11.59,12.05,10800
QCOM,20110810,48.37,49.02,47.13,47.26,32162000
QCRH,20110810,9.21,9.21,9.21,9.21,0
QDEL,20110810,13.54,13.95,12.86,13.1,391400
QGEN,20110810,14.85,14.89,13.99,14.01,4402400
QLTI,20110810,5.64,5.93,5.5,5.83,306100
QNST,20110810,11.94,11.94,10.58,11.02,511200
QQEW,20110810,21.67,21.91,21.24,21.28,32100
QQQ,20110810,51.82,53.04,50.8,50.86,205917800
QQQX,20110810,13.04,13.2,12.62,12.66,134900
QQXT,20110810,20.25,20.41,19.83,19.83,12400
QSII,20110810,38.67,39.065,37.505,37.56,279100
QTEC,20110810,21.67,22.07,21.32,21.37,158700
QUIK,20110810,2.46,2.91,2.41,2.72,723700
RADA,20110810,5.44,6,5.22,5.96,45500
RAIL,20110810,17.13,17.4,15.87,16.16,344000
RAND,20110810,3.01,3.01,2.49,2.7,3500
RAVN,20110810,23.785,24.165,22.225,22.38,69900
RBCAA,20110810,17.25,17.95,16.4,16.45,37000
RBCN,20110810,12.83,13.74,12.06,12.79,904400
RBPAA,20110810,1.16,1.16,0.91,0.95,12200
RCII,20110810,22.36,23.26,22.04,22.29,901700
RCKY,20110810,10.51,11.47,10.51,11.05,33300
RCMT,20110810,4.64,4.9,4.51,4.52,41500
RCON,20110810,1.75,1.8,1.51,1.58,17100
RDCM,20110810,3.23,3.93,3.21,3.55,24600
RDI,20110810,4.2,4.28,4,4,21500
RDNT,20110810,3.02,3.14,2.81,2.84,209800
RDWR,20110810,14.075,14.49,13.9,14.26,206900
RECN,20110810,10.93,10.93,10.34,10.44,422500
REFR,20110810,3.83,4.12,3.83,3.91,3400
REGN,20110810,47.97,48.95,45.37,47.1,1170900
REIS,20110810,9.25,9.25,9.25,9.25,0
RELL,20110810,14.38,14.59,13.6,13.68,163400
RELV,20110810,11.2,11.55,10.5,10.99,5900
REXX,20110810,11.01,12.38,11,11.47,1127100
RFIL,20110810,4.43,4.43,4.05,4.2,21500
RGCO,20110810,16.39,16.39,16.375,16.375,400
RGEN,20110810,3.32,3.48,3.32,3.45,37600
RGLD,20110810,66.16,69.88,64.5,68.78,1923000
RICK,20110810,7.29,7.37,7.09,7.09,57200
RIGL,20110810,7.35,7.54,6.82,6.83,986200
RLOG,20110810,6.73,6.75,6.34,6.73,1700
RMBS,20110810,10.13,10.35,9.84,9.85,2875700
RMCF,20110810,8.75,8.95,8.75,8.93,9500
RMTI,20110810,9.61,9.61,8.87,9.01,163900
RNET,20110810,14.8,16,13.56,14.11,14700
RNST,20110810,14.27,14.27,12.83,12.84,101900
RNWK,20110810,2.96,3.03,2.7,2.82,856900
ROCK,20110810,8.48,10.35,7.66,7.67,216200
ROIA,20110810,1.25,1.26,1.24,1.26,2200
ROIAK,20110810,1.22,1.23,1.17,1.21,56700
ROIC,20110810,10.69,10.77,10.42,10.45,322600
ROLL,20110810,33.62,34.53,31.83,32.2,198900
ROSG,20110810,15,16.05,15,16.05,9800
ROST,20110810,17.32,17.7,17.085,17.1225,2178200
RP,20110810,23.26,24.11,22.78,23.5,363300
RPRX,20110810,5.15,5.15,4.18,4.28,165100
RPXC,20110810,21.1,22.97,20.77,20.88,283400
RRGB,20110810,31.88,32.64,31.33,31.5,240900
RSYS,20110810,7.75,8,7.56,7.62,154900
RTIX,20110810,3.38,3.38,3.1,3.12,655200
RUSHA,20110810,15.56,15.56,14.67,15,258100
RUSHB,20110810,12.88,12.88,12.05,12.42,2900
RUTH,20110810,5.05,5.14,4.88,4.9,537500
RVSB,20110810,2.73,2.78,2.66,2.78,1900
RXII,20110810,11.6,11.6,10.2,10.5,405900
RYAAY,20110810,25.18,25.29,24.52,24.61,515600
SAAS,20110810,3.61,3.68,3.35,3.38,207400
SAFM,20110810,42.27,43.83,41.73,42.04,492700
SAFT,20110810,40.07,40.07,37.5,37.6,86800
SAIA,20110810,8.16,8.48,8.0133,8.24,176400
SALM,20110810,2.74,2.74,2.74,2.74,0
SANM,20110810,8.82,8.86,7.83,7.86,1464200
SANW,20110810,4.6,4.75,4.5,4.75,4500
SASR,20110810,16.05,16.22,14.44,14.48,93000
SATS,20110810,25.82,26.71,25.51,25.8,600900
SAVE,20110810,11.45,12,10.81,10.98,220300
SBAC,20110810,33.51,33.97,32.91,32.97,3304800
SBBX,20110810,5.17,6.04,4.77,5.04,8100
SBCF,20110810,7.15,7.45,6.3,6.5,331600
SBGI,20110810,7.1,7.46,6.8,6.99,666300
SBLK,20110810,108,109.5,101.25,105.75,529700
SBNY,20110810,55.27,56.29,52.31,52.37,1083500
SBNYW,20110810,30.25,30.25,30.25,30.25,2000
SBRA,20110810,10.84,11.83,10.75,11.44,1096700
SBSA,20110810,2.94,3.22,2.75,2.97,7000
SBSI,20110810,18.6,18.6,17.981,18,100200
SBUX,20110810,17.65,17.98,17.305,17.38,14127700
SCHL,20110810,24.56,25.92,23.63,23.71,177600
SCHN,20110810,41.97,42.34,40.07,40.15,303700
SCKT,20110810,2.36,2.36,2.02,2.19,7300
SCLN,20110810,5.75,5.78,5.2,5.25,418700
SCMP,20110810,3.97,3.98,3.52,3.62,26200
SCON,20110810,288,293.4,270,279,97200
SCOR,20110810,14.43,14.85,14.11,14.45,568900
SCSC,20110810,31.26,34.46,29.14,29.23,338900
SCSS,20110810,13.16,13.86,12.7,13.21,1463600
SCVL,20110810,18.0933,18.46,17.7467,17.8133,84600
SEAC,20110810,7.81,7.99,7.5,7.51,135400
SEED,20110810,3.15,3.37,3.15,3.24,86100
SEIC,20110810,16.74,16.9,16.26,16.49,2238100
SENEA,20110810,21.57,22.22,20.34,20.54,49200
SENEB,20110810,21.09,21.09,20.97,20.97,300
SEV,20110810,5.04,6.5,4.69,6.5,1400
SFLY,20110810,43.73,47.3,43.15,45.5,995600
SFNC,20110810,23.92,23.92,22,22.01,101200
SFST,20110810,7.9,8,7.7,7.7,4800
SGC,20110810,10.81,10.88,10.81,10.88,300
SGEN,20110810,13.26,13.39,12.46,12.67,3374800
SGMA,20110810,4.15,4.33,4.14,4.14,3100
SGMO,20110810,4.72,4.72,4.31,4.33,616700
SGMS,20110810,8.14,8.2,7.65,7.78,1698600
SGOC,20110810,10.68,10.68,10.64,10.64,2100
SGRP,20110810,1.38,1.38,1.2,1.22,2300
SHBI,20110810,6,6.37,5.28,5.28,7600
SHEN,20110810,6.97,7.27,6.5,6.525,91400
SHIP,20110810,16.75,16.75,15.5,16.2,13700
SHIPW,20110810,0.01,0.02,0.01,0.02,19400
SHLD,20110810,64.24,65.83,59.24,59.43,827500
SHLM,20110810,17.6,18.13,17.03,17.08,204700
SHLO,20110810,9.36,9.85,9.36,9.61,12700
SHOO,20110810,22.1333,23.5933,21.4667,22.6867,650100
SHOR,20110810,7.6,8.53,6.67,6.93,1111200
SIEB,20110810,1.54,1.54,1.42,1.46,3800
SIFI,20110810,9.65,9.73,9.43,9.54,27900
SIFY,20110810,4.42,4.43,4.24,4.29,708000
SIGI,20110810,14.92,15.69,13.98,14.4,931800
SIGM,20110810,8.38,8.62,8.31,8.37,287000
SILC,20110810,13.96,13.96,12.34,12.96,83900
SIMO,20110810,10.01,10.69,9.55,10.49,699600
SINA,20110810,90.55,101.09,89.53,96.18,7806500
SINO,20110810,3.7,4.25,3.7,3.77,57300
SIRI,20110810,1.76,1.79,1.72,1.73,94399400
SIVB,20110810,47.58,47.58,43.94,44.04,1199200
SIVBO,20110810,24.8,25,24.34,24.34,3200
SKYW,20110810,12.61,12.87,12.07,12.22,747200
SKYY,20110810,16.55,16.9,16.37,16.38,60600
SLAB,20110810,31.64,33.12,31.06,31.89,968600
SLGN,20110810,35.92,37,35.57,35.62,984600
SLMAP,20110810,42.33,42.9,41.48,42.9,4100
SLP,20110810,3.13,3.19,3,3.04,12600
SLRC,20110810,21.86,22,20.6,20.8,530900
SMBC,20110810,10.65,10.735,10.295,10.295,2400
SMCI,20110810,12.77,13.16,12.41,12.65,227600
SMED,20110810,3.08,3.44,2.92,2.98,78200
SMIT,20110810,3.56,3.56,3.55,3.56,5700
SMMF,20110810,3.1,3.1,3.1,3.1,0
SMRT,20110810,7.67,7.7,7.22,7.24,201700
SMSI,20110810,7.76,7.76,7.04,7.12,733000
SMTC,20110810,20.95,21,20.11,20.21,1021200
SMTX,20110810,1.4,1.68,1.35,1.46,308300
SNAK,20110810,3.94,4,3.88,3.92,36400
SNBC,20110810,12.45,13.25,11.5,11.65,339100
SNCR,20110810,27.29,28.25,26.19,26.4,567400
SNFCA,20110810,1.39,1.39,1.17,1.17,1100
SNHY,20110810,24.65,25.61,23.46,23.71,145900
SNMX,20110810,4.12,4.49,3.75,3.77,195900
SNPS,20110810,22.12,22.27,21.48,21.49,1502100
SNSS,20110810,10.08,10.08,9.3,9.3,354400
SODA,20110810,66.18,71.68,64.28,68.81,2217500
SOFO,20110810,11.91,12.39,11.91,12.29,4700
SOHU,20110810,71.05,76.9,70.65,74.66,1837300
SONA,20110810,6.6,6.83,6.5,6.83,9600
SONC,20110810,8.76,8.95,8.51,8.69,1019500
SONS,20110810,12,12.05,11.2,11.2,2829900
SORL,20110810,4.14,4.35,3.95,4.08,311000
SOXX,20110810,45.94,47.56,45.44,46.11,838600
SPAN,20110810,13.89,13.94,13.1,13.33,5100
SPAR,20110810,4.42,4.44,4.16,4.17,279500
SPEX,20110810,608,634.6,562.4,596.6,8800
SPIL,20110810,4.42,4.47,4.3,4.3,3487500
SPLS,20110810,12.53,12.75,11.94,12.49,30130100
SPNC,20110810,5.66,5.97,5.6,5.63,163900
SPNS,20110810,3.8,3.94,3.65,3.91,30000
SPPI,20110810,8.43,8.8,8.15,8.37,1546700
SPRT,20110810,3.1,3.1,2.56,2.59,448300
SPSC,20110810,17.37,17.84,17.14,17.63,94500
SPTN,20110810,15.25,15.6,14.56,14.63,225400
SPU,20110810,2.47,2.59,2.35,2.51,89400
SQQQ,20110810,490.88,516.96,470.4,512.32,2535600
SRCE,20110810,22.12,22.12,20.01,20.24,58600
SRCL,20110810,77.12,78.01,74.32,74.45,975700
SRDX,20110810,10.97,11.44,10.35,10.45,87200
SREV,20110810,15.96,16.15,14.7,14.85,1420300
SSBI,20110810,6.33,6.33,6.3,6.3,700
SSFN,20110810,4.76,5.98,4.75,5.98,4300
SSNC,20110810,16.75,17.03,16.36,16.42,126700
SSRI,20110810,24.92,26.99,24.81,26.17,1181700
SSYS,20110810,24.78,25.05,23.02,23.08,396300
STAA,20110810,5.65,5.8,5.46,5.55,260900
STBA,20110810,17.28,18.37,15.84,15.93,145600
STBZ,20110810,14.46,14.62,13.07,13.21,122800
STEM,20110810,25.56,26.28,24.24,24.36,108600
STFC,20110810,15.48,16.48,15.06,15.47,58100
STKL,20110810,4.91,5.25,4.9,5.17,436200
STLD,20110810,12.41,12.71,11.95,12.25,6037800
STLY,20110810,3.81,3.82,3.5,3.64,21300
STMP,20110810,16.69,17.05,16.14,16.75,177900
STPP,20110810,44.57,44.82,44.32,44.82,6000
STRA,20110810,103.64,106.61,101.55,104,367700
STRL,20110810,10.86,11.62,10.77,10.95,125400
STRM,20110810,1.75,1.89,1.72,1.8,13300
STRS,20110810,12.45,12.45,12.45,12.45,0
STRT,20110810,22.29,22.29,22.29,22.29,0
STX,20110810,11.01,11.6,10.9,11.08,16520100
SUMR,20110810,6.96,7.02,6.42,6.45,156900
SUNS,20110810,15.97,16.34,15.16,15.66,78300
SVA,20110810,2.2,2.36,2.02,2.06,87700
SVBI,20110810,2.84,2.84,2.6,2.8,1300
SVVC,20110810,14.51,16.5,14.51,16.5,7700
SWHC,20110810,2.98,3.38,2.79,2.8,372800
SWIR,20110810,7.52,7.74,7.43,7.47,195600
SWKS,20110810,20.14,21.17,19.7,20.27,5158700
SYBT,20110810,14.2533,14.3067,13.1267,13.1933,42200
SYKE,20110810,12.31,12.94,11.82,11.83,1386200
SYMC,20110810,16.56,16.7,15.93,15.99,17764900
SYMX,20110810,1.74,1.75,1.61,1.64,128000
SYNA,20110810,24,24.4,23.56,23.72,708500
SYNL,20110810,10.15,10.36,9.66,10.36,2200
SYNT,20110810,25.23,25.23,23.79,23.855,263300
SYPR,20110810,3.55,3.96,3.54,3.54,9800
SYUT,20110810,9.08,9.11,7.87,7.93,187500
TACT,20110810,9.31,9.37,8.62,8.93,85900
TAIT,20110810,1.01,1.02,1,1,6400
TASR,20110810,3.85,3.9,3.57,3.59,513300
TAST,20110810,8.35,8.62,8.1,8.27,119800
TATT,20110810,5.27,5.27,3.67,5,17900
TAYD,20110810,5.1,5.2,5,5,4900
TBBK,20110810,7.69,7.71,7.13,7.36,168000
TBNK,20110810,19.92,19.98,19.35,19.35,47300
TCBI,20110810,23.69,24.2,22.99,23.25,460900
TCBIW,20110810,12.13,12.13,12.13,12.13,7000
TCBK,20110810,12.88,13.54,12.05,12.09,48100
TCCO,20110810,7.02,7.02,6.81,6.88,13900
TCRD,20110810,11.2,11.64,11.06,11.15,35500
TCX,20110810,2.96,3.08,2.96,2.96,53300
TEAR,20110810,1.64,1.66,1.6,1.61,12500
TECD,20110810,39.49,41.04,39.12,39.8,828300
TECH,20110810,71.36,71.75,68.73,68.92,139000
TESO,20110810,14.53,14.83,13.84,14.06,460100
TESS,20110810,14.73,15.23,14.5,14.89,69400
TFSL,20110810,8.87,8.9,8.41,8.58,658400
TGA,20110810,9.09,9.23,8.5,8.84,240100
THFF,20110810,30.78,31.6,28.05,28.89,29600
THLD,20110810,1.33,1.33,1.2,1.25,313300
TICC,20110810,8.5,8.65,8.21,8.25,447500
TINY,20110810,4.16,4.23,3.99,4,232100
TISA,20110810,2.09,2.32,1.96,2.26,30600
TITN,20110810,20.88,21.55,20.55,20.82,567400
TIVO,20110810,7.5,7.63,7.16,7.19,3009500
TLF,20110810,4.92,5.01,4.51,4.54,11200
TLT,20110810,107.63,109.07,106.94,109.02,46221000
TNAV,20110810,8.91,9.14,8.4,8.41,276900
TNDM,20110810,11.21,11.41,10.75,10.83,712200
TNGO,20110810,9.4,9.4,8.01,8.75,178600
TOPS,20110810,136.5,152.6,136.5,147,1900
TORM,20110810,14.82,14.82,13.62,14.09,20100
TOWN,20110810,11.92,12.08,11,11.01,77700
TQQQ,20110810,14.8325,15.525,13.94,14.0225,1686500
TREE,20110810,5.1,5.42,5.05,5.06,2100
TRIB,20110810,10.58,10.66,10.31,10.55,102900
TRMB,20110810,17.395,17.92,16.965,17.12,704800
TRMK,20110810,19.78,20.25,19.23,19.33,749800
TRNS,20110810,10.76,10.79,10.56,10.56,1200
TROW,20110810,50.42,51.31,48.6,49.04,5741500
TRS,20110810,18.91,19.21,17.6,18.17,323700
TRST,20110810,4.52,4.52,4.1,4.13,711700
TSBK,20110810,4.92,4.98,4.85,4.98,2700
TSCO,20110810,28.23,29.155,27.655,28.18,665000
TSEM,20110810,12.6,12.75,11.4,12,1611700
TSLA,20110810,25.4,25.44,23.63,23.82,1564100
TSRA,20110810,13.1,13.38,12.81,12.85,1680600
TSRI,20110810,4.4,4.4,4.2,4.2,1000
TST,20110810,2.5,2.5,2.39,2.4,61800
TTEC,20110810,17.09,17.27,16.42,16.49,328900
TTEK,20110810,19.72,19.72,18.19,18.25,539300
TTGT,20110810,5.96,6.55,5.41,5.52,72000
TTMI,20110810,9.9,10.37,9.81,9.89,1139100
TTWO,20110810,11.24,11.53,10.66,10.8,2961600
TUES,20110810,4.07,4.07,3.54,3.56,293800
TWER,20110810,67,68,61.2,61.6,890800
TWIN,20110810,32.33,33.08,31.21,31.62,108900
TWMC,20110810,1.9,1.95,1.89,1.95,1600
TXN,20110810,26.54,27.19,25.98,26.5,28457700
TXRH,20110810,13.8,14.33,13.71,13.73,1220200
TYPE,20110810,11.28,11.35,10.47,10.51,225300
TZOO,20110810,42.99,45.1,42.3,42.85,897900
UBCP,20110810,8.88,8.95,8.3,8.95,6900
UBFO,20110810,2.93,3.06,2.83,2.95,11600
UBNK,20110810,14.88,15.17,14.35,14.47,61900
UBOH,20110810,9.25,9.25,9.25,9.25,0
UBSH,20110810,11.78,11.78,10.9,10.95,72000
UBSI,20110810,22.45,22.45,20.37,20.41,435500
UCBA,20110810,6,6,6,6,100
UCBI,20110810,9.75,9.77,9.01,9.02,257800
UCFC,20110810,1.02,1.02,0.92,0.97,22900
UCTT,20110810,5.75,6.65,5.5,5.51,179100
UEIC,20110810,19.05,19.33,16.73,16.81,147800
UEPS,20110810,6.8,7.02,6.66,6.77,55600
UFCS,20110810,16.16,16.63,15.15,15.22,104200
UFPI,20110810,25.13,26.79,24.96,25.1,172800
UFPT,20110810,16.27,17.02,16.27,16.5,26700
UG,20110810,13.71,13.75,13.11,13.75,1800
UHAL,20110810,73,74.92,70.26,71.66,64700
ULBI,20110810,4.77,5.06,4.69,4.8,105100
ULTA,20110810,53.91,55.64,52.67,53.08,593700
ULTI,20110810,44.24,49,44.24,46.67,365300
UMBF,20110810,37.19,37.26,34.3,34.4,330400
UMPQ,20110810,10.16,10.36,9.34,9.35,1617900
UNAM,20110810,10.18,10.25,10.18,10.2,14600
UNB,20110810,19.8,19.8,19.5,19.73,3400
UNFI,20110810,42.2,42.2,36.08,36.25,358700
UNIS,20110810,37,37.1,35.4,35.5,345000
UNTY,20110810,6.55,6.69,6.55,6.69,1000
UNXL,20110810,5.41,6.59,5.4,6.06,29600
URBN,20110810,27.65,28.28,26.79,27.38,4328000
URRE,20110810,136.8,144,134.4,136.8,2060400
USAK,20110810,10.35,10.57,10.12,10.5,6700
USAP,20110810,35.76,36.92,34.14,34.89,169300
USAT,20110810,1.58,1.72,1.53,1.65,629500
USATP,20110810,17.5,17.5,17.5,17.5,0
USCR,20110810,5.16,5.25,4.96,5.01,15000
USEG,20110810,16.92,17.58,16.8,16.98,275600
USLM,20110810,38.27,39.83,38.25,38.5,25500
UTEK,20110810,21.9,22.71,21.68,21.86,453200
UTHR,20110810,49.97,51.15,49.35,49.79,1374100
UTMD,20110810,25.41,25.41,25.4,25.4,300
UTSI,20110810,3.57,3.75,3.27,3.63,1616300
UVSP,20110810,14.57,15.12,12.89,13.23,39100
VALU,20110810,10.66,10.82,10.5,10.5,3200
VASC,20110810,12.6,12.6,11.82,11.91,75500
VBFC,20110810,41.6,41.6,35.2,35.2,700
VCIT,20110810,83.91,84.08,82.9,83.1,124600
VCLT,20110810,85.19,85.23,83.92,84.75,51000
VCSH,20110810,79.02,79.12,78.75,78.88,223500
VDSI,20110810,7.95,8,7.4,7.42,272000
VECO,20110810,35.03,36.92,34.13,35.64,2580800
VGIT,20110810,65.14,65.3,64.9,65.17,18000
VGLT,20110810,68.64,69.39,68.35,69.39,16100
VGSH,20110810,61.14,61.24,61.1,61.22,39300
VIA,20110810,51.74,54.21,49.95,52.06,123000
VIAB,20110810,43.15,44.91,41.92,42.86,10759100
VICL,20110810,40,40,35.9,35.9,1139200
VICR,20110810,10.81,10.97,9.99,10.04,159700
VIRC,20110810,2.4,2.4,2.39,2.39,600
VISN,20110810,42.8,44.4,42,43.2,297600
VIVO,20110810,17.88,17.88,16.89,17.01,447100
VLGEA,20110810,27.06,27.06,24.65,25.93,13000
VMBS,20110810,52.06,52.43,52.06,52.39,6600
VNDA,20110810,5.84,6.05,5.66,5.86,267300
VNET,20110810,10.8,12.21,10.61,11.45,111100
VNQI,20110810,45.98,45.98,44.81,44.84,156300
VOD,20110810,25.61,25.79,25.03,25.11,21409100
VONE,20110810,52.12,53.16,51.27,51.38,18200
VONG,20110810,54.61,55.37,53.69,53.69,24100
VONV,20110810,50.34,50.75,49.01,49.14,16300
VOXX,20110810,6.27,6.27,5.79,5.86,143800
VRA,20110810,29.25,30.01,28.18,28.29,307200
VRML,20110810,2.74,2.74,2.51,2.56,145200
VRNT,20110810,27.18,27.59,26.01,26.2,192600
VRSK,20110810,30.97,31.57,30.95,30.98,1484800
VRSN,20110810,28.59,29,28.05,28.1,4482400
VRTB,20110810,4.56,4.56,4.28,4.56,13900
VRTS,20110810,60.68,63.5,59.54,59.92,50100
VRTU,20110810,15.23,15.24,14.02,14.43,112100
VRTX,20110810,42.39,44.36,41.75,41.78,2604200
VSAT,20110810,33.61,34.8,32.96,33.55,543600
VSEC,20110810,11.385,11.79,10.8,10.885,14700
VTHR,20110810,52.25,52.87,51.3,51.3,3100
VTWG,20110810,55,56.39,54.29,54.47,20700
VTWO,20110810,53.46,54.38,52.35,52.43,23200
VTWV,20110810,51.49,51.69,50.34,50.34,3300
VVUS,20110810,6.68,7.09,6.5,6.74,2791800
VXUS,20110810,44.12,44.66,43,43,162600
WABC,20110810,39.91,41.96,38.77,38.86,292200
WAFD,20110810,14.62,14.74,14.22,14.27,1883500
WASH,20110810,22.26,22.26,19.86,20.01,65600
WAYN,20110810,8.26,8.35,8.25,8.35,10500
WBKC,20110810,13.99,14,13.98,14,12800
WBMD,20110810,34.31,35.23,33.53,34.24,1602400
WDC,20110810,29.52,30.12,28.81,29.11,7509900
WDFC,20110810,40.5,41.28,39.39,39.42,102900
WERN,20110810,21.7,22.15,21.38,21.45,976100
WETF,20110810,7.89,7.89,7.29,7.45,218200
WEYS,20110810,23.84,24.21,23.03,23.46,13600
WFM,20110810,27.375,27.8,26.865,27,3900100
WIFI,20110810,8.03,8.39,7.9,8,152000
WILC,20110810,5.61,6.02,5.61,5.87,21000
WILN,20110810,6.34,6.82,6.15,6.53,407300
WIN,20110810,11.43,11.68,11.26,11.37,17484200
WINA,20110810,44.92,45.84,42.55,45.02,4200
WIRE,20110810,20.84,20.93,20.06,20.18,186300
WLB,20110810,10.66,11.55,10.38,10.51,56400
WLDN,20110810,3.57,3.81,3.57,3.72,1000
WLFC,20110810,12.47,12.75,12.08,12.68,10000
WMAR,20110810,9.67,10.02,8.5,8.62,34000
WMGI,20110810,14.35,14.62,13.8,13.81,521100
WOOD,20110810,36.09,36.69,35.59,35.59,16600
WOOF,20110810,16.28,16.58,15.87,15.99,1727200
WPCS,20110810,383.46,445.06,383.46,408.1,18100
WPPGY,20110810,50.05,50.06,48.35,48.46,102400
WPRT,20110810,21.32,22.45,20.75,21.43,985000
WRLD,20110810,60.44,62.18,58.91,60.35,309300
WSBC,20110810,18.57,18.57,16.87,17.07,77000
WSBF,20110810,2.53,2.78,2.48,2.6,15200
WSCI,20110810,5.28,5.79,4.96,5.48,15200
WSFS,20110810,12.74,12.74,10.99,11.3767,24700
WSTG,20110810,10.78,12.92,10.78,12.09,27500
WSTL,20110810,2.5,2.61,2.43,2.44,444900
WTBA,20110810,9.21,9.23,8.05,8.33,40000
WTFC,20110810,28.9,31.85,27.48,27.48,564700
WTFCW,20110810,13.69,13.69,13,13,1300
WVFC,20110810,9.01,9.01,9.01,9.01,0
WVVI,20110810,2.87,3.26,2.87,3.24,1800
WWD,20110810,29.28,29.29,26.55,26.82,1017500
WYNN,20110810,135.62,141.88,133.09,134.68,4200200
XBKS,20110810,3.75,3.75,3.4,3.4,17900
XLNX,20110810,28.94,30.14,28.6,29.27,9859400
XOMA,20110810,30.4,31,27.6,28.4,746300
XRAY,20110810,32.85,32.92,31.56,31.72,3450800
XXIA,20110810,8.42,9.03,8.4,8.41,732400
YHOO,20110810,11.75,12.14,11.62,11.77,48033900
YNDX,20110810,29.64,31.49,28.6,29.73,1138400
YORW,20110810,17.02,17.2,16.76,16.85,45800
YRCW,20110810,0.9,0.9,0.75,0.77,2857500
Z,20110810,27.6,28,26.83,27.37,60800
ZAGG,20110810,13.5,13.9,12.81,13.15,1569800
ZBRA,20110810,31.45,32.59,30.94,31.57,642100
ZEUS,20110810,20.13,20.7,18.71,18.85,141700
ZGNX,20110810,36.32,39.6,33.04,33.68,78400
ZION,20110810,17.45,17.57,16.04,16.06,11264800
ZIONW,20110810,3.9,3.9,3.1,3.1,177300
ZIOP,20110810,5.44,5.65,4.99,5,995500
ZIXI,20110810,3.2,3.42,3.1,3.26,1254900
ZN,20110810,3.49,3.69,3.4,3.55,157400
ZUMZ,20110810,19.35,20.11,18.83,19.04,401200
