<ticker>,<date>,<open>,<high>,<low>,<close>,<vol>
AAME,20100610,1.45,1.48,1.4,1.41,2000
AAON,20100610,7.0103,7.1141,6.9481,7.1052,58600
AAPL,20100610,34.9771,35.8543,34.6,35.7871,27726900
AAWW,20100610,48.77,50.77,48.33,50.07,221900
AAXJ,20100610,51.29,52.57,51.29,52.49,158000
ABAX,20100610,22.05,22.9,22,22.87,265000
ABCB,20100610,10.29,10.58,10.17,10.5,92500
ABCD,20100610,4.48,4.53,4.35,4.47,54600
ABCO,20100610,19.425,19.5,19.23,19.5,116900
ABIO,20100610,159.18,165.48,155.4,165.06,40600
ABMD,20100610,9.56,9.56,9.4,9.45,184000
ABTL,20100610,5.8,6,5.65,5.9,95200
ACAD,20100610,1.18,1.3,1.18,1.27,430700
ACAS,20100610,5.06,5.21,4.71,5.2,9382700
ACAT,20100610,9.52,9.82,9.28,9.36,67900
ACET,20100610,6.08,6.52,6.08,6.47,133000
ACFC,20100610,3.14,3.14,3,3,5400
ACGL,20100610,24.0767,24.5533,24.0633,24.51,284900
ACHN,20100610,2.4,2.4,2.31,2.36,54000
ACIW,20100610,6.2,6.3833,6.1633,6.3767,183100
ACLS,20100610,6.4,6.88,6.32,6.48,497500
ACOR,20100610,32.04,32.59,31.78,32.35,466300
ACPW,20100610,4.05,4.05,3.95,3.95,41500
ACTG,20100610,13.52,13.8,13.41,13.64,239600
ACTS,20100610,2.05,2.1,2.05,2.08,71200
ACUR,20100610,2.7,2.85,2.61,2.75,56900
ACWI,20100610,38.94,39.65,38.94,39.62,126400
ACWX,20100610,36.34,36.85,36.24,36.82,608500
ACXM,20100610,15.35,15.66,15.28,15.65,722200
ADBE,20100610,31.34,31.76,30.83,31.72,5666700
ADES,20100610,2.685,2.685,2.57,2.57,1500
ADI,20100610,28.24,28.77,28.16,28.62,3913900
ADP,20100610,36.251,37.0501,35.8032,36.8921,4842700
ADRA,20100610,23.4,23.67,23.4,23.67,5800
ADRD,20100610,18.01,18.19,17.94,18.17,8200
ADRE,20100610,39.99,40.75,39.99,40.69,63700
ADRU,20100610,17.7,17.75,17.69,17.72,10900
ADSK,20100610,26.89,27.45,26.62,27.4,3908400
ADTN,20100610,27.08,27.46,26.76,27.27,507500
ADUS,20100610,5.85,5.99,5.76,5.76,1100
AEHR,20100610,2.32,2.39,2.26,2.35,20200
AEIS,20100610,12.17,12.55,12.03,12.53,479900
AEPI,20100610,25.88,27.09,25.88,26.31,61400
AETI,20100610,2.01,2.07,2.01,2.07,1400
AEY,20100610,2.83,2.83,2.8,2.8,2400
AEZS,20100610,750,798,750,780,2383900
AFAM,20100610,35.44,35.74,34.97,35.63,43300
AFSI,20100610,6.4,6.415,6.255,6.385,128400
AGEN,20100610,0.83,0.87,0.82,0.86,665500
AGII,20100610,29.77,30,29.52,29.91,88300
AGNC,20100610,26.8,27.23,26.79,27.2,457700
AGYS,20100610,6.72,6.97,6.65,6.95,165500
AHGP,20100610,31.01,33.49,31.01,33.14,50100
AHPI,20100610,3.58,3.66,3.43,3.65,2800
AIMC,20100610,13.17,13.4,12.93,13.21,196200
AINV,20100610,10.08,10.25,9.96,10.19,1617400
AIRM,20100610,10.6167,10.7733,10.5,10.7667,103400
AIRT,20100610,10.62,11.2,10.62,10.94,13200
AIXG,20100610,24.99,25.42,24.71,25.1,453000
AKAM,20100610,42.98,43.9,41.87,42.83,5551100
AKRX,20100610,2.97,3.1,2.95,3,1294500
ALCO,20100610,23.72,24.1,22.81,23.53,42000
ALGN,20100610,13.49,13.98,13.33,13.7,1452500
ALGT,20100610,48.47,49.94,48.33,49.36,591100
ALIM,20100610,8.39,8.9,8.39,8.8,19400
ALKS,20100610,11.08,11.26,11.02,11.26,531700
ALLT,20100610,4.76,4.85,4.6,4.65,29600
ALNY,20100610,15.47,15.61,15.14,15.57,175600
ALOG,20100610,44.57,45.68,43.43,45.35,134900
ALOT,20100610,7.35,7.35,7.17,7.23,4500
ALSK,20100610,8.46,8.5,8.35,8.49,309200
ALXN,20100610,25.305,25.83,25.065,25.79,697500
AMAG,20100610,32.66,33.25,32.19,33.23,223400
AMAT,20100610,12.36,12.63,12.32,12.53,21926500
AMCC,20100610,10.28,10.44,10.2,10.34,866300
AMCN,20100610,3.91,4.11,3.89,4,19300
AMD,20100610,7.78,8.04,7.74,8.01,27991200
AMED,20100610,45.79,46.08,45.21,45.86,348000
AMGN,20100610,53.61,54.28,53.28,54.01,6195200
AMKR,20100610,6.1,6.26,6.03,6.26,1859900
AMNB,20100610,19.99,19.99,19.41,19.86,10200
AMOT,20100610,4.5,4.52,4.05,4.09,7800
AMOV,20100610,24.495,24.56,24.44,24.51,900
AMPH,20100610,22.7,23.39,22.34,23.34,13600
AMRB,20100610,7.76,7.95,7.76,7.81,6600
AMRI,20100610,5.64,5.75,5.5,5.59,80600
AMRN,20100610,2.3,2.49,2.3,2.41,284500
AMSC,20100610,286.6,293,285.2,292.5,613400
AMSF,20100610,16.63,16.9,16.5,16.89,60600
AMSG,20100610,18.96,19.07,18.7,18.95,84400
AMSWA,20100610,5.59,5.61,5.46,5.59,59300
AMTD,20100610,17.99,18.25,17.79,18.23,3088300
AMWD,20100610,21.15,21.81,20.97,21.73,27100
AMZN,20100610,120,123.5,119.2,123.21,6061700
ANAT,20100610,101.41,102.58,100.89,101.96,34200
ANCX,20100610,6.05,6.05,6.05,6.05,1300
ANDE,20100610,20.64,20.7067,20.2,20.4867,137600
ANGO,20100610,14.13,14.16,13.96,14.11,64800
ANIK,20100610,6.05,6.05,5.95,5.96,6900
ANSS,20100610,42.4,43.08,42.25,43.01,290300
ANTH,20100610,47.6,52.32,47.6,51.2,5300
AOSL,20100610,14.31,14.49,14.06,14.24,49200
APEI,20100610,45.58,46.64,45.36,46.16,146600
APOG,20100610,12.87,12.91,12.53,12.78,167800
APOL,20100610,50.88,51.51,49.73,50.26,3192100
APPY,20100610,59.04,69.6,51.84,67.68,2184400
ARAY,20100610,6.38,6.49,6.26,6.48,320300
ARCC,20100610,13.32,13.52,13.16,13.49,1520500
ARCI,20100610,3.1,3.1,3.08,3.09,300
ARCW,20100610,1.184,1.184,1.184,1.184,0
AREX,20100610,8.11,8.4,8.11,8.19,136600
ARIA,20100610,3.27,3.4,3.21,3.4,1290400
ARII,20100610,12.51,13.4,12.33,13.36,106100
ARKR,20100610,13.48,13.68,13.44,13.54,3500
ARLP,20100610,22.795,23.25,22.535,23.17,72100
ARNA,20100610,2.9,2.93,2.82,2.91,2023800
AROW,20100610,24.67,25.21,24.53,25.19,14500
ARQL,20100610,4.89,5.05,4.66,5.02,420700
ARRS,20100610,10.47,10.58,10.21,10.4,1660100
ARRY,20100610,3.17,3.24,3.08,3.16,209300
ARTNA,20100610,16.76,17.13,16.43,16.89,24000
ARTW,20100610,5.9,5.9,5.9,5.9,0
ARTX,20100610,1.45,1.59,1.45,1.56,34700
ARWR,20100610,1.72,1.74,1.66,1.66,218500
ASCMA,20100610,26.46,27.01,26.08,26.96,42000
ASFI,20100610,8.81,9.12,8.81,9.05,42000
ASML,20100610,29.29,29.41,28.7,29.18,2647400
ASPS,20100610,26.21,26.8,25.79,26.73,98300
ASRV,20100610,1.76,1.77,1.71,1.77,2400
ASRVP,20100610,21,21,21,21,100
ASTC,20100610,1.36,1.39,1.31,1.37,86900
ASTE,20100610,28.11,28.55,27.69,28.55,99300
ASUR,20100610,1.4933,1.5533,1.4733,1.52,8500
ASYS,20100610,8.71,8.95,8.7,8.9,18600
ATAI,20100610,3.48,3.55,3.4,3.5,19500
ATAX,20100610,5.5,5.5,5.45,5.49,30000
ATEC,20100610,56.16,56.76,54.36,56.28,197300
ATHN,20100610,23.14,23.58,22.8,23.02,958600
ATHX,20100610,2.93,3.05,2.83,2.94,31700
ATLO,20100610,17.98,18.74,17.98,18.55,16100
ATNI,20100610,40.69,42.09,40.69,41.97,23000
ATRC,20100610,5.1,5.24,4.94,5.2,11400
ATRI,20100610,130.18,134.6,130.18,134.6,1600
ATRO,20100610,12.95,13.1833,12.7167,13.0667,18100
ATSG,20100610,4.77,5.09,4.66,5.09,414000
ATVI,20100610,10.48,10.69,10.48,10.69,8137000
AUBN,20100610,18.1,18.1,17,17.31,11500
AUDC,20100610,2.48,2.58,2.46,2.55,80500
AVAV,20100610,24.85,25.13,24.34,24.68,190000
AVEO,20100610,7.52,7.85,7.45,7.45,82200
AVGO,20100610,21.5,21.97,21.49,21.8,1009800
AVID,20100610,12.64,12.79,12.43,12.76,144300
AVNW,20100610,44.76,47.76,43.92,45.96,898500
AWRE,20100610,2.4,2.4,2.31,2.35,7700
AXAS,20100610,2.4,2.4,2.3,2.4,322600
AXTI,20100610,4.18,4.3,4.12,4.25,244300
AZPN,20100610,11.49,11.72,11.49,11.69,143600
BABY,20100610,16.33,16.46,16.01,16.42,135400
BANF,20100610,37.82,37.82,36.95,37.74,11600
BANFP,20100610,25.29,25.29,25.29,25.29,0
BANR,20100610,26.18,27.65,25.97,27.09,282200
BASI,20100610,0.93,0.93,0.93,0.93,200
BBBY,20100610,43.68,44.62,43.07,44.57,2777200
BBGI,20100610,6.07,6.48,6,6.48,7200
BBOX,20100610,27.99,28.23,27.7,28.21,44200
BBRY,20100610,58.18,59.22,57.16,59.11,10222600
BBSI,20100610,13.22,13.4,12.98,13.21,34000
BCBP,20100610,8.5,8.65,8.5,8.65,200
BCOM,20100610,25.5,27.15,25.02,25.15,4800
BCPC,20100610,24.31,24.73,24.08,24.71,103400
BCRX,20100610,6.23,6.38,6.11,6.26,325700
BDGE,20100610,22.07,22.07,21.13,21.99,12500
BDSI,20100610,2.52,2.52,2.42,2.48,203000
BEAT,20100610,6.41,6.48,6.26,6.32,311500
BEAV,20100610,24.94,25.07,24.42,25.04,986700
BEBE,20100610,6.53,6.72,6.5,6.67,452900
BECN,20100610,18.8,19.86,18.57,19.73,728500
BELFA,20100610,15.9,16.51,15.9,16.51,1400
BELFB,20100610,17.08,17.25,16.77,17.22,28700
BFIN,20100610,8.8,8.95,8.57,8.91,78800
BGCP,20100610,5.54,5.59,5.37,5.49,466000
BGFV,20100610,13.23,13.66,13.22,13.63,88700
BIB,20100610,5.4263,5.5925,5.4263,5.5625,1900
BICK,20100610,26.96,27.12,26.92,27.11,3600
BIDU,20100610,69.14,72.72,68.42,72.63,15016600
BIIB,20100610,47.72,48.26,47.29,48.14,2931400
BIOC,20100610,13.11,13.11,13.11,13.11,0
BIOS,20100610,6.69,6.8,6.56,6.78,538200
BIS,20100610,309.52,309.52,300.16,300.16,1400
BJRI,20100610,22.74,23.3,22.49,23.3,268900
BKCC,20100610,10.63,10.65,10.23,10.44,292700
BKMU,20100610,6.13,6.22,6.05,6.21,191200
BKSC,20100610,10.05,10.05,10.05,10.05,300
BLDP,20100610,1.76,1.81,1.75,1.77,145800
BLDR,20100610,2.92,3.09,2.9,3.05,114700
BLIN,20100610,5.95,5.95,5.6,5.6,1500
BLKB,20100610,21.88,22,21.63,21.98,154800
BMRC,20100610,31.19,31.65,31.11,31.42,5600
BMRN,20100610,19.11,19.54,18.99,19.53,787200
BMTC,20100610,16.46,16.79,16.1,16.76,35500
BNCL,20100610,10.22,10.24,10,10.14,98100
BNCN,20100610,9.67,9.71,9.67,9.7,2400
BNSO,20100610,1.06,1.06,1.06,1.06,0
BOBE,20100610,27.38,27.68,26.95,27.68,162900
BOCH,20100610,4.71,4.76,4.62,4.7,5200
BOFI,20100610,3.7325,3.815,3.635,3.795,79200
BOKF,20100610,49.78,50.45,49.35,50.38,82600
BONT,20100610,10.35,10.6,10.12,10.52,204100
BOOM,20100610,14.44,14.78,14.27,14.77,85300
BOSC,20100610,4.52,4.76,4.44,4.76,5800
BPFH,20100610,6.04,6.04,5.69,5.77,716500
BPOP,20100610,26.4,28.6,26.4,27.7,14427200
BPOPM,20100610,18.58,18.58,18.58,18.58,0
BPOPN,20100610,18.05,18.3,17.96,18.25,3400
BRCD,20100610,5.31,5.34,5.25,5.33,6429700
BRID,20100610,14.9,14.96,14.5,14.75,6200
BRKL,20100610,9.57,9.58,9.37,9.5,502900
BRKR,20100610,12.46,12.75,12.29,12.75,694000
BRKS,20100610,6.87,7.13,6.83,7.11,337600
BSET,20100610,5.25,5.3,5.12,5.19,2000
BSPM,20100610,67.83,68.67,64.68,67.41,52800
BSQR,20100610,2.3,2.41,2.25,2.33,363100
BSRR,20100610,11.79,11.95,11.52,11.81,38000
BSTC,20100610,21.14,21.25,20.97,21.25,14400
BUSE,20100610,4.05,4.16,3.94,4.05,143600
BVSN,20100610,11.86,11.86,11.86,11.86,100
BWEN,20100610,23.3,24.1,22.8,23.5,786800
BWINA,20100610,20,20.06,20,20.06,400
BWINB,20100610,20.65,20.92,20.65,20.84,27000
BWLD,20100610,37,37.04,36.19,36.89,209200
BYFC,20100610,3.4,3.4,3.4,3.4,0
CA,20100610,19.26,19.73,19.17,19.68,4418300
CAAS,20100610,17.37,17.5,16.86,17.44,308600
CAC,20100610,29.06,29.06,28.61,28.8,15800
CACB,20100610,0.59,0.6,0.57,0.6,47400
CACC,20100610,44.51,45.76,43.06,45.47,19300
CADC,20100610,45.6,45.6,43.92,44.16,26200
CAKE,20100610,24.67,25.02,24.08,24.38,1973700
CALD,20100610,3.21,3.28,3.13,3.21,99800
CALI,20100610,19.02,19.86,18.9,19.74,19500
CALM,20100610,16.48,16.845,16.385,16.755,103200
CAMP,20100610,2.28,2.36,2.21,2.27,34000
CAMT,20100610,2.4,2.41,2.31,2.35,23800
CART,20100610,4.6,4.6,4.6,4.6,0
CARV,20100610,7.16,7.16,7.15,7.15,400
CASH,20100610,30.2,30.5,30.2,30.5,500
CASM,20100610,1.48,1.48,1.48,1.48,200
CASS,20100610,32.6,32.6,31.7,32.13,29400
CASY,20100610,35.86,36,35.55,35.71,587700
CATM,20100610,12.49,12.78,12.05,12.75,295400
CATY,20100610,10.36,10.57,10.19,10.57,648600
CAVM,20100610,25.42,25.67,24.78,25.23,958900
CBAK,20100610,9.25,9.6,9.1,9.35,432800
CBAN,20100610,6.66,7.24,6.66,6.9,3100
CBLI,20100610,60,62.2,57,60.2,213700
CBMX,20100610,348,391.5,348,352.5,33800
CBMXW,20100610,2.5,2.5,2.5,2.5,0
CBPO,20100610,10.81,11.15,10.51,11,234800
CBRL,20100610,48.79,48.93,47.27,48.34,393900
CBSH,20100610,36.23,36.99,36.21,36.97,365200
CCBG,20100610,13.47,13.75,13.28,13.72,22000
CCMP,20100610,34.79,34.94,34.27,34.84,116400
CCNE,20100610,10.9,11.49,10.81,10.97,23500
CCOI,20100610,8.34,8.38,7.98,8.11,324500
CCRN,20100610,7.79,8,7.52,7.98,70300
CCUR,20100610,4.83,4.92,4.8,4.81,18700
CDNS,20100610,5.96,6.18,5.96,6.12,28037200
CDTI,20100610,5.1,5.15,5.1,5.15,900
CDXS,20100610,10.04,10.28,9.55,10.03,69300
CDZI,20100610,12.49,12.71,12.1,12.63,37600
CECE,20100610,4.65,4.81,4.64,4.77,16600
CECO,20100610,26.33,26.63,25.37,26.17,1497000
CELG,20100610,25.94,26.335,25.825,26.2,4407600
CENT,20100610,9.54,9.69,9.4,9.52,146600
CENTA,20100610,8.96,8.97,8.76,8.9,378500
CENX,20100610,9.13,9.53,9.12,9.52,3573900
CERN,20100610,19.755,20.115,19.58,20.0775,720900
CERS,20100610,3.19,3.21,3.11,3.16,185900
CETV,20100610,20.25,20.85,19.6,20.49,1171600
CEVA,20100610,11.3,11.7,11.25,11.63,81200
CFBK,20100610,9,9,8.75,8.85,1500
CFFI,20100610,19.3,19.3,19.3,19.3,100
CFFN,20100610,33.5,33.78,33.2,33.75,121900
CFNB,20100610,12.2,12.2,11.88,12.12,1700
CFNL,20100610,9.54,9.76,9.47,9.74,153000
CGEN,20100610,3.99,3.99,3.84,3.92,57500
CGNX,20100610,8.79,8.875,8.705,8.83,136200
CHCI,20100610,1.85,1.93,1.79,1.9,46900
CHCO,20100610,31.17,31.46,30.73,31.43,84300
CHDN,20100610,32.21,32.83,31.51,32.82,72100
CHFC,20100610,21.81,22.05,21.74,22.05,79700
CHFN,20100610,9.8919,9.8919,9.8919,9.8919,4500
CHKE,20100610,18.06,18.57,17.95,18.31,82600
CHKP,20100610,30.11,30.46,29.85,30.19,1884200
CHNR,20100610,9.81,9.92,9.26,9.42,16400
CHRS,20100610,4.05,4.16,4.01,4.16,1008000
CHRW,20100610,56.75,57.7,56.49,57.44,2152600
CHSCP,20100610,27.98,28.06,27.85,28,11100
CIDM,20100610,14.5,15.7,14,15.1,36400
CINF,20100610,27.1,27.73,26.94,27.7,1182100
CISG,20100610,25.98,26.02,25.31,25.95,461800
CIZN,20100610,19.93,20.18,19.25,19.85,9300
CJJD,20100610,4.25,4.25,4.24,4.25,4500
CKEC,20100610,7.83,8.03,7.65,7.85,137200
CLBH,20100610,3.45,3.45,3.37,3.37,500
CLCT,20100610,13.3,13.78,13.3,13.63,13400
CLDX,20100610,4.89,5.03,4.53,4.96,1537400
CLFD,20100610,2.54,2.55,2.35,2.5,29900
CLMS,20100610,8.91,9.18,8.71,9.17,420500
CLMT,20100610,17.11,17.25,17,17.23,43100
CLNE,20100610,16.23,16.57,15.99,16.44,1340900
CLRO,20100610,3.02,3.14,3,3.1,39000
CLSN,20100610,3.39,3.63,3.39,3.51,29800
CLUB,20100610,2.55,2.61,2.36,2.56,89600
CLWT,20100610,8.36,8.8,8.305,8.36,9800
CMCO,20100610,14.33,14.68,14.17,14.23,134900
CMCSA,20100610,17.71,18.09,17.58,18.07,21576000
CME,20100610,59.53,60.9,58.8,60.718,696100
CMLS,20100610,30.4,32,29.28,31.92,39600
CMTL,20100610,30.02,30.92,30.02,30.53,236100
CNBKA,20100610,20.44,21.65,20.26,21.39,9300
CNMD,20100610,19.64,19.92,19.52,19.83,134400
CNOB,20100610,7.23,7.26,7.1,7.24,46000
CNSL,20100610,16.81,17.07,16.72,16.92,150900
CNTF,20100610,12.35,12.35,11.9,12.1,180300
CNTY,20100610,2.19,2.25,2.18,2.25,13500
COBZ,20100610,6.39,6.54,6.25,6.47,127600
COGT,20100610,8.85,8.88,8.64,8.85,369300
COHR,20100610,34.18,34.73,34.02,34.53,105500
COHU,20100610,13.11,13.37,13,13.34,73200
COKE,20100610,48.48,48.65,47.75,48.47,22700
COLB,20100610,19.45,19.9,19.23,19.88,412900
COLM,20100610,24.91,25.4,24.91,25.39,65000
CONN,20100610,6.14,6.69,6.14,6.41,160100
COOL,20100610,33.18,33.6,31.92,32.76,58000
CORE,20100610,6.83,6.9125,6.755,6.8425,140500
CORT,20100610,3.37,3.48,3.25,3.4,33400
COST,20100610,57.82,58.06,57.3,57.65,3277100
COWN,20100610,4.13,4.26,4.05,4.25,171100
CPHC,20100610,8.4,8.41,8.4,8.41,400
CPIX,20100610,6.77,6.96,6.55,6.74,99500
CPLA,20100610,81.48,82.36,80.64,81.7,161300
CPLP,20100610,7.48,7.55,7.4,7.55,63400
CPRT,20100610,18.12,18.415,17.775,18.38,171200
CPRX,20100610,1.04,1.09,1.03,1.05,56200
CPSI,20100610,41.08,42.16,40.75,42.15,66800
CPSS,20100610,1.46,1.47,1.4,1.44,16800
CPST,20100610,21.2,22,21.2,22,1040300
CRAI,20100610,21.22,22.67,21.22,22.42,172800
CRAY,20100610,5.24,5.43,5.1,5.43,380000
CREE,20100610,61.53,63,61.19,62.76,2567500
CREG,20100610,31.6,32.5,30,30,43700
CRESY,20100610,11.6,11.77,11.47,11.55,48100
CRIS,20100610,2.85,3.07,2.85,3.05,309500
CRME,20100610,40.1,40.8,39.6,40.75,194700
CRMT,20100610,23.32,23.77,22.78,23.75,68800
CRNT,20100610,6.95,7.29,6.89,7.16,548500
CROX,20100610,10.13,10.58,10.04,10.53,3253500
CRUS,20100610,13.72,13.9,13.33,13.72,2291300
CRVL,20100610,17.35,17.64,17.17,17.555,14000
CRWS,20100610,4.02,4.02,4,4,1500
CRZO,20100610,18.63,19.91,18.62,19.74,1749700
CSBK,20100610,8.98,9.26,8.89,9.06,45300
CSCO,20100610,23,23.1,22.51,22.77,98936000
CSFL,20100610,10.85,11,10.6,10.92,58500
CSGP,20100610,39.99,40.41,39.78,40.41,59700
CSGS,20100610,19.04,19.18,18.84,19.15,172700
CSII,20100610,4.53,4.59,4.4,4.59,30700
CSIQ,20100610,9.47,9.84,9.26,9.79,1194600
CSPI,20100610,4.2,4.21,4.2,4.21,6300
CSTR,20100610,51.33,52.97,50.9,52.88,1168300
CSWC,20100610,21.96,22.2075,21.5,21.715,7100
CSX,20100610,16.7333,17.2667,16.7333,17.2567,3440300
CTAS,20100610,24.98,25.36,24.91,25.35,1367900
CTBI,20100610,26,26.34,25.7,26.32,40400
CTHR,20100610,2.64,2.7,2.61,2.67,33100
CTIB,20100610,5.36,5.5,5.3,5.31,8200
CTIC,20100610,1.7,1.95,1.7,1.8,7746800
CTRN,20100610,33.31,33.96,32.19,33.8,127500
CTRP,20100610,18.365,18.645,18.365,18.585,4073100
CTSH,20100610,25.42,25.755,25.175,25.72,3062700
CTWS,20100610,20.07,20.94,20.07,20.94,40400
CTXS,20100610,43.36,43.81,42.98,43.78,2794800
CUBA,20100610,5.9,6.14,5.9,6.14,15000
CUTR,20100610,8.96,9.28,8.69,8.88,85600
CVBF,20100610,9.33,9.58,9.22,9.56,873100
CVCO,20100610,34.51,35,33.5,34.36,35500
CVCY,20100610,6.95,6.95,6.95,6.95,0
CVGI,20100610,11.45,11.58,11.31,11.55,215400
CVGW,20100610,18.81,18.86,18.38,18.4,125700
CVLT,20100610,21.71,21.87,20.9,21.64,306700
CVLY,20100610,7.5,7.5,7.5,7.5,0
CVTI,20100610,6.49,6.83,6.49,6.82,19200
CVV,20100610,3.42,3.42,3.32,3.32,5200
CWBC,20100610,2.55,2.7,2.55,2.7,21300
CWCO,20100610,11.9,12.06,11.46,12.06,66000
CWST,20100610,3.56,3.56,3.36,3.46,128200
CXDC,20100610,6.69,6.69,6.19,6.27,37700
CY,20100610,10.56,10.65,10.39,10.59,1890900
CYAN,20100610,2.26,2.26,2.2,2.23,1400
CYBE,20100610,9.29,9.49,9.29,9.35,3900
CYCC,20100610,124.32,141.96,120.12,136.08,1413400
CYCCP,20100610,3.72,3.72,3.72,3.72,0
CYNO,20100610,10.87,11.06,10.85,11.06,55000
CYOU,20100610,28.8,29.59,28.54,29.42,395800
CYTK,20100610,15.96,16.62,15.48,16.62,167400
CYTR,20100610,5.53,5.6,5.18,5.39,928400
CYTX,20100610,55.35,59.25,54.9,59.1,490100
CYTXW,20100610,2.65,2.81,2.27,2.81,8000
CZFC,20100610,7,7,6.73,6.73,1500
CZNC,20100610,11.55,12.55,11.53,12.25,38200
CZWI,20100610,4.01,4.01,4.01,4.01,100
DAIO,20100610,4.4,4.55,4.4,4.51,31700
DAKT,20100610,7.61,7.96,7.54,7.95,242600
DAVE,20100610,8.26,8.49,8,8.34,5600
DCOM,20100610,12.14,12.43,12.07,12.19,143900
DCTH,20100610,143.2,150.24,132.96,147.2,4509600
DENN,20100610,2.8,2.88,2.76,2.82,957800
DEPO,20100610,2.9,3.02,2.82,3.02,414300
DEST,20100610,12.715,13.445,12.59,13.395,18300
DGAS,20100610,14.515,14.615,14.505,14.505,3900
DGICA,20100610,12.64,12.64,12.53,12.62,14800
DGICB,20100610,16.75,16.75,16.75,16.75,0
DGII,20100610,8.03,8.17,7.96,8.1,114400
DGLY,20100610,2.04,2.15,2.04,2.14,24000
DHIL,20100610,62.2,64.24,62.2,63.67,3300
DHRM,20100610,7.1,7.49,6.89,7,5900
DIOD,20100610,17.93,18.22,17.72,18.02,329000
DISCA,20100610,36.52,38.02,36.07,37.98,2430700
DISCB,20100610,37.3,37.3,37.26,37.26,200
DISCK,20100610,15.065,15.67,15.065,15.64,860600
DISH,20100610,20.47,20.97,20.47,20.97,2757300
DJCO,20100610,71.5,71.5,71,71,300
DLTR,20100610,20.64,20.9234,20.6167,20.8734,1076100
DMLP,20100610,25.7,25.84,25.3,25.5,66800
DMRC,20100610,17.64,18.2,17.64,17.9,33100
DNBF,20100610,6.79,7.28,6.79,7.28,600
DORM,20100610,9.845,10.65,9.845,10.405,69000
DRAD,20100610,2.1,2.13,2.01,2.11,72000
DRAM,20100610,29.16,29.88,28.44,28.44,30700
DRRX,20100610,2.69,2.75,2.61,2.75,190700
DRWI,20100610,138.5,145,136.25,144,302000
DRYS,20100610,5970,6120,5925,6090,8273400
DSCI,20100610,5.08,5.14,5,5.05,2200
DSGX,20100610,6.15,6.2,6.1,6.1,7200
DSPG,20100610,5.96,6.14,5.96,6.06,420900
DSWL,20100610,3.75,3.89,3.66,3.89,17800
DTLK,20100610,4.03,4.07,3.96,3.99,7800
DTSI,20100610,31.92,32.41,31.87,32.41,47300
DVAX,20100610,17.3,18.1,16.8,18.1,478400
DWCH,20100610,3.05,3.05,3.05,3.05,0
DWSN,20100610,21.42,22.19,21.02,22.15,77700
DXCM,20100610,9.92,9.98,9.6,9.81,418500
DXPE,20100610,14.21,14.78,13.93,14.78,64000
DXYN,20100610,4.72,4.73,4.33,4.51,18100
DYNT,20100610,3.45,3.7,3.4,3.7,6200
EBAY,20100610,9.2421,9.4232,9.2421,9.3811,17058700
EBIX,20100610,14.56,14.94,14.45,14.93,298600
EBMT,20100610,9.79,9.85,9.73,9.82,7800
EBSB,20100610,4.6609,4.6977,4.5588,4.616,369600
EBTC,20100610,10.44,10.5,10.3,10.5,16300
ECHO,20100610,12.35,12.35,11.87,11.98,50500
ECOL,20100610,14.09,14.15,13.92,14.13,62100
ECPG,20100610,18.18,18.42,17.89,18.2,145300
EDAP,20100610,2.5,2.5,2.36,2.4,8400
EDGW,20100610,2.82,2.84,2.73,2.84,5200
EDUC,20100610,5.7,5.7,5.6,5.6,500
EEFT,20100610,12.87,12.95,12.77,12.95,378800
EEI,20100610,12.79,12.79,12.25,12.28,1300
EFII,20100610,9.45,9.69,9.32,9.66,298200
EFOI,20100610,1.15,1.2,1.15,1.16,52100
EFSC,20100610,9.29,9.43,8.86,9.42,35000
EFUT,20100610,4.53,5.51,4.39,5.06,87500
EGBN,20100610,11.93,12.2,11.89,12.15,34400
EGHT,20100610,1.3,1.37,1.3,1.31,92800
EGLE,20100610,6264,6480,6192,6480,2237200
EGOV,20100610,6.54,6.56,6.43,6.55,132800
EHTH,20100610,11.89,12.12,11.7,11.91,268200
ELGX,20100610,4.37,4.5,4.28,4.41,121900
ELNK,20100610,8.07,8.24,8.01,8.23,1465500
ELON,20100610,74,78.4,73.3,78.2,214100
ELOS,20100610,9.35,9.46,9.08,9.18,166300
ELSE,20100610,3.92,3.92,3.91,3.91,200
ELTK,20100610,1.54,1.54,1.45,1.54,1500
EMCF,20100610,15.5,15.5,15.5,15.5,1000
EMCI,20100610,14.1667,14.1733,13.9533,14.1733,11700
EMIF,20100610,28.25,28.77,28.25,28.77,18600
EMITF,20100610,777.6,798,762,762,2100
EMKR,20100610,3.6,3.68,3.52,3.64,385600
EMMS,20100610,8.88,9.16,8.88,9.16,294100
ENDP,20100610,21.15,21.58,21.08,21.56,1822100
ENG,20100610,2.43,2.44,2.36,2.39,75000
ENOC,20100610,25.76,26.89,25.16,25.73,176300
ENSG,20100610,8.735,8.85,8.625,8.8,91100
ENTG,20100610,4.27,4.35,4.23,4.33,3096700
EPAY,20100610,13.86,14.36,13.81,14.25,272000
EQIX,20100610,84,84.81,83.23,84.6,1456700
ERIC,20100610,10.59,10.76,10.52,10.68,8755700
ERIE,20100610,45.76,46.15,45.43,46,81000
ERII,20100610,3.28,3.29,3.22,3.27,271600
ESBK,20100610,16.41,16.77,15.01,15.25,1100
ESCA,20100610,4.32,4.89,4.18,4.89,24900
ESEA,20100610,3.6,3.73,3.6,3.72,152300
ESGR,20100610,65.5,66.31,64.25,65.7,21800
ESIO,20100610,12.3,12.65,12.25,12.63,96100
ESLT,20100610,50.35,50.84,49.96,50.84,7400
ESMC,20100610,1.65,1.65,1.65,1.65,5000
ESRX,20100610,51.75,52.73,51.11,52.64,5997600
ESSA,20100610,12.37,12.54,12.28,12.45,34900
ETFC,20100610,13.29,13.81,13.15,13.78,2523200
ETRM,20100610,27.9,29.7,27,27,225000
EUFN,20100610,18.36,18.6,18.18,18.6,111100
EVBS,20100610,6.96,6.96,6.96,6.96,0
EVEP,20100610,29.97,30.48,29.89,30.48,145200
EVK,20100610,2.74,3,2.74,2.98,6200
EVOL,20100610,6.87,6.9,6.75,6.9,5000
EWBC,20100610,15.23,15.88,15.13,15.86,3730300
EXAC,20100610,16.8,17.54,16.8,17.4,53700
EXAS,20100610,4.16,4.35,4.15,4.31,95600
EXEL,20100610,4.67,4.76,4.62,4.74,693900
EXFO,20100610,5.08,5.17,5.08,5.1,26800
EXLS,20100610,16.97,17.66,16.96,17.64,75200
EXPD,20100610,36.7,37.51,36.29,37.5,1108800
EXPE,20100610,20.13,20.57,19.94,20.55,4071400
EXPO,20100610,14.805,14.805,14.38,14.775,146900
EXTR,20100610,2.63,2.66,2.53,2.66,623700
EZPW,20100610,18.09,18.29,17.83,18.29,346400
FALC,20100610,2.91,3.01,2.84,3,118500
FARM,20100610,16.56,16.75,16.23,16.46,11600
FARO,20100610,20.9,21.75,20.55,21.43,223300
FAST,20100610,24.99,25.765,24.81,25.75,862000
FBIZ,20100610,10.47,10.47,9.75,9.81,300
FBMS,20100610,7.55,7.55,7.55,7.55,0
FBNC,20100610,15.39,15.46,15.12,15.4,61500
FBSS,20100610,16.8,16.8,15.57,16.05,800
FCAP,20100610,14.58,14.58,14.58,14.58,0
FCBC,20100610,15.11,15.39,15,15.32,76500
FCCO,20100610,6,6,5.89,5.97,2100
FCCY,20100610,8.16,8.16,8.16,8.16,0
FCEL,20100610,24.84,25.08,21.84,22.44,1798800
FCNCA,20100610,196.1,202.53,196.1,200.94,15800
FDEF,20100610,10.14,10.55,10.04,10.27,26200
FDML,20100610,15.79,16.05,15.66,15.99,155000
FEIM,20100610,5.22,5.32,5.1,5.32,10300
FELE,20100610,14.36,14.655,14.175,14.65,96200
FFBC,20100610,15.45,15.81,15.3,15.75,219200
FFBCW,20100610,6.3,6.3,6.3,6.3,0
FFHL,20100610,0.86,0.86,0.86,0.86,400
FFIC,20100610,12.49,12.79,12.34,12.75,98200
FFIN,20100610,16.5,16.7534,16.4767,16.7534,72700
FFIV,20100610,68.27,68.99,66.79,68.1,899100
FFKT,20100610,5.91,5.93,5.61,5.91,22000
FFNW,20100610,3.88,4.15,3.85,4.13,95300
FHCO,20100610,5.52,5.52,5.35,5.42,53500
FIBK,20100610,15.68,15.68,15.17,15.31,59600
FINL,20100610,14.33,14.65,14.11,14.57,777700
FISI,20100610,17.72,17.93,17.28,17.78,37300
FISV,20100610,23.195,23.595,23.02,23.58,1215600
FITB,20100610,13.18,13.39,12.96,13.37,13949800
FIZZ,20100610,11.84,12,11.77,12,43000
FLEX,20100610,6.6,6.73,6.5,6.61,5987600
FLIC,20100610,16.1333,16.3333,16.1133,16.26,41200
FLIR,20100610,27.09,27.46,26.72,27.45,1220600
FLML,20100610,6.55,6.69,6.44,6.64,9200
FLWS,20100610,2.48,2.53,2.42,2.53,91800
FLXS,20100610,11.52,11.88,11.47,11.7,5200
FMBI,20100610,12.57,13.26,12.56,13.25,475100
FNGN,20100610,13.53,14,13.5,13.97,134200
FNLC,20100610,14.23,14.5,13.91,14.22,17400
FNSR,20100610,13.85,14.35,13.61,14.24,1971400
FOLD,20100610,2.71,2.78,2.58,2.74,55700
FONR,20100610,1.44,1.54,1.44,1.54,5600
FORD,20100610,4.7,4.7,4.5,4.55,17100
FORM,20100610,11.33,11.53,11.09,11.19,1166200
FORR,20100610,31.15,31.84,31.15,31.78,57600
FORTY,20100610,13.66,14.01,13.59,14.01,5500
FOSL,20100610,37.23,38.59,37.12,38.54,1212800
FRBK,20100610,2.26,2.34,2.2,2.25,48100
FRED,20100610,12.05,12.18,11.76,11.99,195000
FRME,20100610,7.89,8.19,7.81,8.15,131700
FRPT,20100610,4.09,4.23,4,4.23,505200
FSBK,20100610,11.27,11.36,10.87,11.34,17700
FSFG,20100610,13.24,13.5,13.23,13.5,1100
FSLR,20100610,106.3,109.62,104.5,109.36,2139200
FSTR,20100610,26.44,26.97,26.04,26.5,44800
FTEK,20100610,5.82,6.06,5.7,6.05,139300
FTNT,20100610,7.62,7.805,7.565,7.725,587500
FUEL,20100610,1.28,1.28,1.2,1.25,22800
FULT,20100610,9.7,9.99,9.66,9.99,1263600
FUNC,20100610,4.45,4.45,4.06,4.2,34400
FUND,20100610,6,6.17,6,6.05,45000
FWRD,20100610,27.14,27.93,27.05,27.65,157900
GABC,20100610,15.14,15.78,14.86,15.76,23400
GAIA,20100610,7.32,7.43,7.26,7.3,43300
GAIN,20100610,5.26,5.34,5.15,5.23,45800
GALT,20100610,4.32,4.32,4.08,4.14,319900
GASS,20100610,4.78,4.83,4.71,4.79,28700
GBCI,20100610,15.16,15.26,14.98,15.23,728800
GBDC,20100610,13.98,14.17,13.87,13.96,16500
GBNK,20100610,7,7.15,6.75,6.85,219900
GCBC,20100610,8.525,8.525,8.455,8.455,300
GENC,20100610,5.2,5.2,5.08,5.12,7100
GENE,20100610,5.15,5.45,5.15,5.45,1100
GERN,20100610,5.07,5.1,4.99,5.09,618300
GFED,20100610,6.12,6.12,6.12,6.12,0
GFN,20100610,1.19,1.25,1.19,1.25,900
GGAL,20100610,5.85,5.89,5.68,5.89,103700
GHDX,20100610,14.25,14.25,13.98,14.15,71400
GIFI,20100610,15.14,15.76,14.71,15.73,44500
GIGA,20100610,2.44,2.45,2.44,2.44,1000
GIGM,20100610,11.5,11.55,11,11.25,417900
GIII,20100610,12.79,13.175,12.645,13.155,207200
GILD,20100610,16.575,16.95,16.54,16.86,13218500
GILT,20100610,4.23,4.23,4.11,4.18,90400
GLAD,20100610,10.77,10.82,10.45,10.63,83200
GLBL,20100610,5.19,5.29,5.07,5.29,889900
GLBZ,20100610,9.52,9.52,9.5,9.5,1300
GLDD,20100610,5.83,5.93,5.69,5.84,652000
GLNG,20100610,10.31,10.56,10.13,10.53,147200
GLRE,20100610,24.09,24.4,24.06,24.39,97900
GLUU,20100610,1.4,1.45,1.26,1.4,62500
GNCMA,20100610,6.08,6.18,6.02,6.16,112800
GNMK,20100610,4.95,5.07,4.85,5,39000
GNTX,20100610,9.58,9.75,9.555,9.675,1114000
GNVC,20100610,5.2,5.2,4.7,4.9,641800
GOLD,20100610,89.01,89.85,88.26,88.98,1602000
GOOD,20100610,15.6,16,15.2,15.99,55300
GOODO,20100610,21.39,21.39,21.39,21.39,0
GOODP,20100610,22.34,22.35,22.25,22.3,1500
GOOG,20100610,240.185,244.25,237.92,243.505,2585900
GPIC,20100610,6,6.25,6,6.07,27800
GPOR,20100610,12.42,12.83,12.34,12.71,237100
GPRE,20100610,10.91,11.96,10.91,11.96,413600
GPRO,20100610,43.49,44.5,43.49,44.37,301500
GRID,20100610,27.99,28.45,27.99,28.45,10700
GRIF,20100610,25.68,25.99,25.2,25.54,9700
GRMN,20100610,32.64,33.29,32.25,33.16,1275500
GROW,20100610,5.92,6.1,5.92,6.09,133000
GRVY,20100610,13.76,14,13.76,14,4900
GSBC,20100610,22.44,22.52,22.27,22.29,28800
GSIT,20100610,5.78,6.01,5.65,5.84,88100
GSM,20100610,10.33,10.55,9.59,10.04,2368300
GSOL,20100610,7.54,7.54,7.45,7.54,74100
GT,20100610,11.06,11.31,10.93,11.27,2805300
GTIM,20100610,0.95,0.95,0.95,0.95,500
GTLS,20100610,17.81,18.36,17.7,18.19,347400
GTXI,20100610,2.97,3.02,2.8,2.86,270900
GUID,20100610,5.64,5.69,5.47,5.66,22600
GULF,20100610,14.53,14.53,14.41,14.5,500
GYRO,20100610,39.01,39.01,38.99,38.99,700
HA,20100610,6.86,6.9,6.71,6.8,414300
HAFC,20100610,1.62,1.68,1.6,1.63,857800
HAIN,20100610,11.265,11.4,11.21,11.345,359800
HALL,20100610,9.75,10.21,9.6,10.18,51400
HALO,20100610,6.49,6.73,6.47,6.73,245000
HAS,20100610,39,40.63,39,40.57,3236000
HAWK,20100610,10.39,11.58,10.36,11.46,246900
HAYN,20100610,27.71,29.14,27.7,29.12,70000
HBAN,20100610,5.84,5.92,5.76,5.91,18085900
HBANP,20100610,1014.69,1014.69,1013.95,1013.95,100
HBCP,20100610,13.57,13.6,13.5,13.59,19800
HBHC,20100610,34.77,35,34.3,34.77,172100
HBIO,20100610,3.51,3.63,3.46,3.54,127000
HBNC,20100610,6.32,6.4267,6.237,6.4148,1500
HCCI,20100610,8,8.23,7.89,8.22,40600
HCKT,20100610,3.01,3.07,2.91,3.07,89900
HCSG,20100610,12.9,13.0133,12.7533,12.9867,153800
HDNG,20100610,9.11,9.18,9.07,9.18,44600
HDSN,20100610,2.37,2.38,2.25,2.34,4100
HEES,20100610,9.28,9.46,9.15,9.46,120700
HELE,20100610,23.57,24.45,23.57,24.32,357400
HEOP,20100610,3.29,3.29,3.22,3.22,3300
HFBC,20100610,9.71,9.8,9.71,9.8,3400
HFWA,20100610,13.92,14.05,13.73,13.97,31100
HIBB,20100610,24.39,24.87,24.39,24.84,150900
HIFS,20100610,37,37,37,37,0
HIHO,20100610,2.39,2.4,2.39,2.4,800
HIMX,20100610,2.97,3.02,2.95,3.02,204300
HLIT,20100610,5.46,5.56,5.4,5.55,544700
HMNF,20100610,5.5,5.5,4.55,5.25,7500
HMSY,20100610,17.8667,18,17.4633,17.96,405000
HNRG,20100610,12.25,13.25,11.44,12.85,46800
HOFT,20100610,11.38,11.5,10.87,11.23,90000
HOLI,20100610,9.11,9.35,9,9.27,97800
HOLX,20100610,14.16,14.43,14.12,14.19,5514300
HOMB,20100610,5.665,5.7925,5.66,5.7875,63300
HOVNP,20100610,8.5,8.75,8.5,8.75,3900
HPJ,20100610,3.47,3.64,3.45,3.53,44800
HSIC,20100610,54.31,54.76,54.16,54.51,586800
HSII,20100610,22.57,23.62,22.38,23.59,117600
HSKA,20100610,0.67,0.7,0.62,0.64,76700
HSNI,20100610,24.13,25,23.7,24.86,498800
HSTM,20100610,4.46,4.8,4.46,4.8,15900
HTBK,20100610,3.83,3.83,3.75,3.8,16300
HTHT,20100610,13.91,14.15,13.91,14.1,38200
HTLD,20100610,14.84,15.09,14.82,15.09,542100
HTLF,20100610,16.73,17.17,16.62,17.14,24200
HUBG,20100610,30.49,31.24,30.2,31.22,204100
HURC,20100610,16.64,16.97,16.36,16.97,31300
HURN,20100610,21.51,21.51,20.83,21.25,199300
HWAY,20100610,12.67,13.31,12.3,13.3,208900
HWBK,20100610,12,12,11.76,11.76,3500
HWCC,20100610,11.79,12.64,11.62,12.63,121600
HWKN,20100610,24.3,25.28,24.25,25.14,35600
HYGS,20100610,3.86,3.86,3.76,3.8,8400
IART,20100610,38.1,38.37,37.33,37.83,163400
IBB,20100610,78.95,80.35,78.7,80.35,509400
IBCP,20100610,0.8,0.83,0.8,0.8,18100
IBKC,20100610,54.7,54.93,53.75,54.8,220500
IBKR,20100610,17.02,17.18,16.94,17.18,204600
IBOC,20100610,17.56,18.12,17.37,18.08,277900
ICAD,20100610,1.65,1.79,1.65,1.72,370100
ICCC,20100610,3.3,3.4,3.3,3.4,400
ICFI,20100610,21.49,21.76,21.38,21.73,74100
ICLN,20100610,14.75,15.07,14.49,14.99,15800
ICLR,20100610,27.23,27.33,26.5,26.84,319400
ICON,20100610,15.57,15.79,15.36,15.79,489300
ICUI,20100610,31,31.26,30.78,31.19,58900
IDCC,20100610,24.98,25.02,24.57,24.92,210300
IDRA,20100610,3.13,3.33,3.13,3.27,96800
IDSA,20100610,9.75,10.01,9.61,9.81,35200
IDSY,20100610,3.08,3.13,3.07,3.11,9900
IDTI,20100610,5.28,5.39,5.24,5.39,2439100
IDXX,20100610,31.5,31.935,31.105,31.86,157000
IESC,20100610,4.57,4.83,4.4,4.83,20200
IFEU,20100610,23.68,23.97,23.68,23.95,2300
IFGL,20100610,25.86,26.27,25.86,26.27,30200
IFON,20100610,0.61,0.68,0.58,0.66,10400
IGLD,20100610,22.8,23.15,22.62,23.05,9600
IGOV,20100610,94.03,94.23,93.81,93.9,24100
III,20100610,2.38,2.46,2.33,2.45,44500
IIIN,20100610,11.86,12.2,11.85,12.03,97600
IIJI,20100610,7.34,7.49,7.31,7.42,42500
IIN,20100610,4.47,4.54,4.47,4.47,300
IIVI,20100610,15.235,15.66,15.235,15.645,70600
IKNX,20100610,6.9,7,6.9,6.9,1600
ILMN,20100610,43.18,44.31,43.01,43.94,1307200
IMGN,20100610,7.94,8.28,7.94,8.27,549300
IMKTA,20100610,14.85,14.94,14.68,14.86,50400
IMMR,20100610,4.79,5.03,4.73,5.02,121600
IMMU,20100610,3.18,3.3,3.15,3.27,527000
IMMY,20100610,5.5,5.5,5.5,5.5,100
IMOS,20100610,1.55,1.6,1.5,1.53,285200
INAP,20100610,4.49,4.82,4.29,4.8,600300
INCY,20100610,12.1,12.69,12.09,12.69,1832600
INDB,20100610,23.65,23.93,23.41,23.86,84000
INDY,20100610,25.09,25.27,24.94,25.2,72700
INFI,20100610,6.37,6.51,6.21,6.33,36600
INFN,20100610,5.84,6.02,5.81,5.99,745400
ININ,20100610,16.3,16.66,16.1,16.63,101900
INOD,20100610,2.73,2.88,2.63,2.77,142500
INSM,20100610,0.71,0.79,0.71,0.78,493500
INTC,20100610,20.35,20.6,20.25,20.55,57168200
INTG,20100610,15.15,15.31,15.15,15.31,700
INTU,20100610,35.45,36.11,35.22,36.09,3520500
INTX,20100610,4.16,4.19,4.1,4.12,6800
INVE,20100610,16.5,16.6,16.5,16.6,3900
INWK,20100610,6.83,6.89,6.69,6.87,113300
IOSP,20100610,11.01,11.41,10.88,11.4,87300
IPAR,20100610,14.9,15.13,14.74,15.01,130100
IPAS,20100610,1.16,1.23,1.15,1.18,787800
IPCC,20100610,45.51,46.08,45.13,46.08,38600
IPCI,20100610,2.2,2.2,2.1,2.15,9900
IPGP,20100610,14.58,15.56,14.58,15.55,204800
IPHS,20100610,25.6,26.29,25.09,25.94,152700
IPXL,20100610,20.09,20.64,19.86,20.64,918900
IRBT,20100610,19.2,19.2,18.77,19.07,119100
IRDM,20100610,8.73,8.83,8.64,8.81,349700
IRIX,20100610,3.82,3.82,3.65,3.65,2000
IRWD,20100610,10.17,10.25,9.88,10.12,115900
ISBC,20100610,5.0235,5.0667,4.9725,5.0627,194600
ISCA,20100610,26.77,27.23,26.56,27.2,103500
ISHG,20100610,93.92,94.37,93.92,94.15,6900
ISIG,20100610,5.42,5.42,5.27,5.4,15800
ISIL,20100610,13.05,13.27,12.98,13.27,2338500
ISLE,20100610,10.68,10.91,10.61,10.91,198700
ISNS,20100610,12.79,13.21,12.75,13.13,1400
ISRG,20100610,327.16,331.38,322.14,330.95,392300
ISRL,20100610,56,57.58,56,57.58,600
ISSC,20100610,4.65,4.93,4.64,4.88,16000
ITIC,20100610,31.88,31.88,31.72,31.73,400
ITRI,20100610,65.07,65.51,64.08,65.29,287300
ITRN,20100610,14.63,14.66,14.35,14.58,15500
IVAC,20100610,10.99,11.17,10.89,11.16,68800
IXYS,20100610,8.66,8.72,8.48,8.65,120400
JACK,20100610,21.15,21.3,20.87,21.28,704900
JAKK,20100610,13.88,13.97,13.71,13.95,129100
JASO,20100610,22.15,22.7,21.95,22.65,7890900
JAZZ,20100610,7.5,7.66,7.34,7.66,299700
JBHT,20100610,32.7,33.69,32.7,33.66,1833200
JBLU,20100610,6.24,6.37,6.2,6.36,6087200
JBSS,20100610,14.15,14.68,14.15,14.58,16700
JCOM,20100610,22.44,22.62,22.16,22.6,134000
JCS,20100610,10.38,10.76,10.16,10.42,18400
JCTCF,20100610,3.53,3.53,3.53,3.53,0
JJSF,20100610,44.15,44.68,43.71,44.39,36900
JKHY,20100610,23.43,23.72,23.15,23.71,335200
JMBA,20100610,11,12.05,11,11.7,1038600
JOBS,20100610,10.055,10.055,9.875,9.955,9700
JOUT,20100610,13,13.52,12.95,13.44,2500
JRJC,20100610,7.29,7.3,7.12,7.3,29800
JVA,20100610,4.87,4.87,4.85,4.86,2500
JXSB,20100610,10.5,10.5,10.5,10.5,0
KALU,20100610,36.53,38.84,36.37,38.69,215800
KCAP,20100610,4.51,4.96,4.42,4.95,178100
KELYA,20100610,13.42,14,13.25,13.98,159300
KELYB,20100610,13.24,13.24,13.24,13.24,0
KEQU,20100610,12.05,12.05,12.03,12.05,1300
KERX,20100610,3.8,3.97,3.62,3.92,2418200
KFFB,20100610,9.31,9.8,9.2,9.51,21500
KFRC,20100610,12.32,12.61,12.17,12.59,136500
KINS,20100610,2.69,2.69,2.61,2.61,1200
KIRK,20100610,20.49,20.49,19.7,20.28,261600
KLAC,20100610,28.63,29.19,28.44,29.02,3702300
KLIC,20100610,6.78,7.19,6.68,7.18,2520500
KNDI,20100610,3.34,3.35,3.01,3.18,122400
KONA,20100610,3.7,3.93,3.7,3.77,5200
KONE,20100610,24.2,27.9,24.2,26,24700
KOOL,20100610,11.4,11.8,11.4,11.6,44400
KOPN,20100610,3.37,3.43,3.31,3.43,496500
KOSS,20100610,5.45,5.5,5.25,5.44,26400
KRNY,20100610,9.05,9.16,9.05,9.07,127100
KTCC,20100610,5.31,5.34,5.23,5.3,11200
KTEC,20100610,13.79,13.79,13.62,13.63,2500
KTOS,20100610,11.18,11.34,10.93,11.27,110100
KVHI,20100610,11.2,11.7,11.2,11.64,67900
KZ,20100610,6.3,6.33,6.06,6.19,71300
LABL,20100610,10.07,10.33,9.9,10.22,43300
LAKE,20100610,9.73,9.9,9.18,9.9,5500
LAMR,20100610,27.65,29.16,27.54,28.67,1270200
LANC,20100610,55.02,55.63,54.47,55.25,101900
LARK,20100610,16.86,16.86,16.86,16.86,0
LAWS,20100610,13.56,13.61,13.11,13.5,31900
LAYN,20100610,25.36,26.17,25.14,26.11,128600
LBAI,20100610,9.23,9.56,9.14,9.54,70500
LBIX,20100610,2.5,2.51,2.43,2.5,19600
LBTYA,20100610,12.56,12.8615,12.56,12.8615,1720900
LBTYB,20100610,24.4,24.4,24.4,24.4,0
LBTYK,20100610,24.6,25.1,24.6,25.1,397800
LCUT,20100610,14.18,14.42,14,14.29,41700
LECO,20100610,26.145,26.625,26,26.5,105900
LFUS,20100610,31.87,31.89,31.14,31.56,238600
LGCY,20100610,21.88,22.71,21.88,22.61,153100
LGND,20100610,9.54,9.78,9.3,9.48,364700
LHCG,20100610,29.78,30.33,29.35,30.27,154300
LIFE,20100610,48.48,49.79,48.07,49.71,1708500
LINC,20100610,22.49,22.76,21.77,22.36,262100
LION,20100610,6.86,6.86,6.6,6.6,25900
LIOX,20100610,4.63,4.8,4.53,4.63,386700
LIVE,20100610,0.1867,0.1867,0.1867,0.1867,900
LKFN,20100610,13.3867,13.5933,13.1933,13.5,39700
LLNW,20100610,3.94,4.1,3.9,4,157500
LLTC,20100610,27.05,27.52,26.87,27.45,3204400
LMAT,20100610,5.7,5.75,5.45,5.72,9200
LMCA,20100610,13.4033,13.62,13.3,13.57,535700
LMIA,20100610,17.19,17.21,16.4,17.17,80200
LMNR,20100610,22.99,22.99,21.34,22,32000
LMNX,20100610,16.91,17.41,16.84,17.4,187800
LNCE,20100610,18.97,19.04,18.68,18.81,101700
LNDC,20100610,5.87,6.08,5.85,6.06,87300
LOAN,20100610,1.24,1.35,1.24,1.32,1400
LOGI,20100610,14.72,14.78,14.52,14.75,962500
LOGM,20100610,26.31,27.23,26.3,27,488900
LOPE,20100610,23.83,23.9,23.49,23.58,199900
LORL,20100610,38.42,39.08,37.97,38.55,47500
LPNT,20100610,33.84,34.42,33.79,34.41,181600
LPSN,20100610,7.11,7.38,7.05,7.38,370500
LPTH,20100610,1.73,2,1.69,2,17700
LQDT,20100610,12.84,12.84,12.47,12.77,182300
LRAD,20100610,1.26,1.3,1.26,1.3,27500
LRCX,20100610,38.02,39.49,38.01,39.41,3030200
LSBK,20100610,7.9,7.9,7.9,7.9,0
LSCC,20100610,4.29,4.49,4.2,4.49,1954800
LSTR,20100610,40.31,41.03,40.31,40.81,291600
LTBR,20100610,28.25,28.25,27.5,27.95,4000
LTRX,20100610,4.5,4.59,4.5,4.56,9900
LULU,20100610,20.115,21.08,20.025,20.415,3836400
LUNA,20100610,2.03,2.13,2.02,2.1,2100
LWAY,20100610,9.74,10,9.73,9.96,15400
LXRX,20100610,8.61,8.89,8.54,8.89,1120000
LYTS,20100610,5.59,5.74,5.5,5.72,51600
MAGS,20100610,2.56,2.65,2.55,2.56,10000
MANH,20100610,7.0175,7.135,6.9375,7.13,123300
MANT,20100610,45.52,46.67,45.52,46.44,167500
MARPS,20100610,15.36,15.51,15.36,15.5,500
MASI,20100610,22.57,23.13,22.43,23.11,988300
MAT,20100610,20.97,21.58,20.9,21.54,5299200
MATW,20100610,30.43,30.59,30.04,30.53,129600
MAYS,20100610,15.6,15.6,15.6,15.6,0
MBFI,20100610,19.6,19.91,19.48,19.85,341100
MBLX,20100610,81.72,84,79.38,83.52,221400
MBRG,20100610,14.25,14.4,14.06,14.4,7600
MBTF,20100610,2.94,2.94,2.74,2.89,12800
MBVT,20100610,22.06,22.52,21.61,22.52,14200
MBWM,20100610,5.51,6,5.37,5.46,28400
MCBC,20100610,1.67,1.71,1.64,1.67,5200
MCHP,20100610,27.49,28.03,27.26,27.73,3526100
MCHX,20100610,4.65,4.89,4.62,4.87,85500
MCRI,20100610,10.68,10.82,10.3,10.73,84500
MDCA,20100610,12.01,12.45,11.86,12.45,58600
MDCO,20100610,7.52,7.61,7.25,7.59,578000
MDM,20100610,2.4,2.4,2.34,2.37,5500
MDRX,20100610,17.02,17.39,17,17.21,5140000
MDSO,20100610,7.26,7.275,7.14,7.25,202900
MELI,20100610,54.65,57.35,54.36,57.3,1217500
MENT,20100610,8.91,9.18,8.83,9.18,1109900
MEOH,20100610,20.76,21.79,20.76,21.56,457900
MERC,20100610,4.93,4.93,4.48,4.5,1013600
MFNC,20100610,6.5,6.75,6.5,6.75,1800
MFRI,20100610,6.3,6.58,6.3,6.5,6400
MFSF,20100610,6.85,6.9,6.84,6.84,1400
MGEE,20100610,23.4333,23.6933,23.2533,23.66,88200
MGIC,20100610,2.04,2.14,2.04,2.09,32900
MGLN,20100610,38.78,39.03,38.1,38.42,288800
MGPI,20100610,6.5,7.07,6.49,6.98,69300
MGRC,20100610,21.64,21.99,21.34,21.91,51700
MGYR,20100610,3.68,3.89,3.65,3.89,400
MHGC,20100610,6.68,7.02,6.45,7.02,264000
MHLD,20100610,6.65,6.76,6.59,6.75,134000
MIDD,20100610,18.12,18.5467,18.12,18.53,55000
MIND,20100610,6.2,6.4,6.13,6.4,29100
MINI,20100610,16.35,16.42,16.07,16.33,101800
MITL,20100610,9.51,9.73,9.5,9.66,52900
MKSI,20100610,18.24,18.69,17.78,18.68,249900
MKTX,20100610,13.75,13.98,13.5,13.97,84000
MLAB,20100610,23.85,23.85,23.75,23.75,2400
MLHR,20100610,18.64,19.03,18.21,19,391500
MLNK,20100610,6.51,6.54,6.45,6.5,305500
MLNX,20100610,22.45,23.1,22.37,22.95,163900
MLVF,20100610,8.95,8.95,8.95,8.95,0
MMLP,20100610,27.91,28.09,27.75,28.02,79000
MMSI,20100610,12.096,12.472,12.04,12.4,325300
MNDO,20100610,1.91,2.01,1.91,1.99,46600
MNKD,20100610,5.65,6.26,5.59,6.25,3798700
MNOV,20100610,5.4,5.4,5.24,5.25,6300
MNRO,20100610,25.2467,25.5733,24.8267,25.2467,144100
MNST,20100610,6.475,6.4983,6.4283,6.4633,494000
MNTA,20100610,12.59,13.12,12.49,13.08,181500
MNTX,20100610,1.98,2.07,1.9,2.07,20600
MOCO,20100610,10.58,10.58,10.58,10.58,100
MOFG,20100610,16.19,16.2,15.53,16.07,7100
MORN,20100610,45.58,46.42,45.45,46.09,126300
MOSY,20100610,4.11,4.22,4.09,4.2,58500
MPAA,20100610,6.19,6.2,6.16,6.16,4800
MPB,20100610,10,10,10,10,0
MPEL,20100610,3.92,4.05,3.92,4.01,4380200
MPET,20100610,1.81,1.85,1.8,1.85,71900
MPWR,20100610,18.33,18.44,17.95,18.35,376200
MRCY,20100610,10.63,11.01,10.6,10.98,78800
MRLN,20100610,11.87,11.95,11.76,11.89,15000
MRTN,20100610,13.64,13.7933,13.4667,13.6867,141300
MRVL,20100610,17.2,17.54,17.12,17.45,11329800
MSBF,20100610,7.77,7.77,7.77,7.77,0
MSCC,20100610,14.55,14.69,14.37,14.53,589700
MSEX,20100610,15.05,15.25,15.03,15.25,224300
MSFG,20100610,6.82,7.09,6.5,6.87,100900
MSFT,20100610,25.13,25.15,24.78,25,78950400
MSON,20100610,2.15,2.21,2.12,2.21,19800
MSTR,20100610,73.8,74.99,73.8,74.99,88400
MTEX,20100610,20.6,21.7,20.3,21.5,78800
MTRX,20100610,9.04,9.71,9.04,9.64,238800
MTSC,20100610,28.74,29.11,28.49,28.93,68800
MTSL,20100610,1.4,1.4,1.4,1.4,0
MU,20100610,8.72,8.83,8.58,8.77,24133900
MVIS,20100610,22.16,22.32,20.88,21.44,461300
MXIM,20100610,16.93,17.29,16.91,17.25,3638100
MXWL,20100610,11.62,11.76,11.34,11.58,202000
MYGN,20100610,17.99,18.15,17.85,18.05,840500
MYL,20100610,18.32,18.33,18,18.28,7386500
MYRG,20100610,16.26,17.28,16.17,17.25,106300
NAII,20100610,6.31,6.31,5.85,6.09,15500
NANO,20100610,10,10.39,9.87,10.3,365600
NATH,20100610,14.95,14.95,14.55,14.87,8100
NATI,20100610,20.3533,20.5867,20.0133,20.5667,106300
NATR,20100610,10.02,10.15,9.85,10.09,5000
NAUH,20100610,8.6,8.77,8.5,8.77,25100
NAVG,20100610,39.23,39.66,39.23,39.57,78300
NAVI,20100610,2.53,2.53,2.47,2.49,13600
NBIX,20100610,4.3,4.67,4.25,4.65,894500
NBN,20100610,12.78,12.9,12.75,12.9,1200
NBTB,20100610,20.89,21.06,20.61,21.04,107500
NCIT,20100610,21.66,21.72,21.25,21.57,77100
NCMI,20100610,16.9,17.15,16.58,17,136300
NCTY,20100610,3.97,3.98,3.83,3.87,170100
NDAQ,20100610,18.61,19.02,18.5,18.98,2425000
NDSN,20100610,30.545,31.275,30.5,30.875,349700
NEOG,20100610,17.0867,17.0867,16.8,17.02,81300
NEPT,20100610,1.52,1.52,1.46,1.46,2600
NEWS,20100610,6.75,6.9,6.69,6.84,111200
NEWT,20100610,6.75,6.75,6.6,6.75,3600
NFBK,20100610,13.38,13.49,13.21,13.48,44600
NFLX,20100610,16.86,17.1257,16.6243,16.9514,3538800
NICE,20100610,27.64,28.12,27.59,27.96,151300
NICK,20100610,8.2,8.54,7.76,8.05,29900
NIHD,20100610,36.11,37.33,35.86,37.09,1411800
NILE,20100610,50.63,51.97,50.63,51.8,162400
NKSH,20100610,23.44,23.99,22.9,23.2,25800
NKTR,20100610,12.08,12.5,11.93,12.48,1075300
NLST,20100610,1.94,1.95,1.85,1.89,321800
NMRX,20100610,4.26,4.38,4.25,4.25,4500
NNBR,20100610,5.87,5.89,5.73,5.77,60800
NRIM,20100610,16.92,16.92,16.56,16.83,11400
NSEC,20100610,12.66,12.8,12.35,12.64,2800
NSIT,20100610,13.78,13.9,13.45,13.86,131900
NSSC,20100610,1.88,1.98,1.87,1.98,31700
NSYS,20100610,3.82,3.82,3.82,3.82,0
NTAP,20100610,38.08,38.73,37.77,38.49,6615700
NTCT,20100610,13.11,13.46,13,13.42,157200
NTES,20100610,30,30,28.78,29.91,1387800
NTGR,20100610,20.59,20.59,19.94,20.31,366700
NTIC,20100610,10.8,10.97,10.75,10.75,1500
NTRI,20100610,21.21,21.45,20.95,21.43,483200
NTRS,20100610,49.61,49.61,48.97,49.5,1990800
NTWK,20100610,7.7,7.9,7.7,7.9,83200
NUAN,20100610,16.38,16.53,16.15,16.52,2046200
NURO,20100610,27.6,28.08,26.88,27.84,4900
NUTR,20100610,13.54,13.89,13.35,13.85,38600
NUVA,20100610,37.26,37.48,36.82,37.45,290400
NVAX,20100610,2.25,2.29,2.2,2.25,707000
NVDA,20100610,11.13,11.4,11.1,11.35,15294100
NVEC,20100610,43.88,45.23,43.75,45.12,21900
NVGN,20100610,0.72,0.74,0.66,0.71,68600
NVLS,20100610,25.17,26.39,25.13,26.32,5016700
NVMI,20100610,4.26,4.47,4.23,4.41,95100
NWBI,20100610,11.37,11.53,11.36,11.52,352200
NWFL,20100610,24.5,24.81,23.94,24.18,7600
NWLI,20100610,152.12,157.51,152.12,154.9,4400
NWPX,20100610,19,19.66,19,19.63,45200
NWS,20100610,15.25,15.52,15.22,15.49,2125600
NWSA,20100610,13.11,13.35,13.01,13.32,16429700
NXST,20100610,5.6,5.73,5.11,5.48,45300
NXTM,20100610,13.64,13.84,12.9,13.44,293100
NYMT,20100610,7.76,7.76,7.6,7.61,31500
NYMX,20100610,3.84,4.26,3.84,4.19,32600
NYNY,20100610,8.35,8.95,8.1,8.75,69300
OBAS,20100610,7,7,7,7,5800
OBCI,20100610,2.07,2.1,2.07,2.1,8000
OCFC,20100610,12.36,12.41,12.05,12.3,79700
OCLR,20100610,12.08,12.78,12.08,12.71,459600
OCLS,20100610,69.3,70.35,66.5,70.35,76000
ODFL,20100610,15.3422,15.7155,15.2755,15.6845,217600
OFIX,20100610,28.96,29.25,28.74,29.22,69300
OFLX,20100610,12.18,12.31,12.02,12.2,7100
OGXI,20100610,14.04,14.35,13.82,14.35,20100
OIIM,20100610,5.9,6.06,5.82,5.95,71700
OKSB,20100610,13.31,13.44,13.07,13.19,99400
OLBK,20100610,7.9,8,7.9,8,500
OMAB,20100610,13.25,13.6,13.08,13.44,27300
OMCL,20100610,12.25,12.89,12.25,12.65,203400
OMER,20100610,5.52,5.54,5.4,5.54,35800
OMEX,20100610,14.52,15.48,14.16,15.12,443000
ONEQ,20100610,86.35,87.46,86.33,87.33,8200
ONVI,20100610,4.31,4.42,4.06,4.23,2800
OPHC,20100610,28,28,22,22,2100
OPOF,20100610,11.5,11.8,11.35,11.8,10900
OPTT,20100610,52.5,55,52.5,54.3,27500
OPXA,20100610,6.52,6.6,6.16,6.28,44500
OPXAW,20100610,0.94,0.94,0.72,0.72,500
ORBC,20100610,1.95,2.01,1.91,1.92,23900
ORBK,20100610,11.46,11.9,10.95,11.63,155300
OREX,20100610,45,45,43.3,43.7,629600
ORIT,20100610,14,14.05,13.91,14,20700
ORLY,20100610,49.38,49.71,48.51,49.48,1557700
ORRF,20100610,22.33,22.84,22.22,22.69,20700
OSBC,20100610,3.66,3.66,3.39,3.53,144500
OSBCP,20100610,5.8,5.8,5.8,5.8,1500
OSHC,20100610,10.31,10.41,10.31,10.4,400
OSIR,20100610,5.68,5.7,5.6,5.66,94100
OSIS,20100610,27.4,27.59,27.06,27.58,134900
OSTK,20100610,20.95,21.32,20.08,21.24,193400
OSUR,20100610,4.27,4.44,4.17,4.3,114800
OTEX,20100610,20.185,20.475,19.905,20.435,362600
OTIV,20100610,2.09,2.09,2,2.09,39600
OTTR,20100610,19.41,19.78,19.41,19.72,153800
OVBC,20100610,17.89,17.89,17.25,17.71,9800
OVLY,20100610,6,6,6,6,400
OZRK,20100610,8.7075,8.885,8.6625,8.8775,95000
PAAS,20100610,25.33,25.71,25.2,25.28,1029100
PACW,20100610,19.33,19.53,19.01,19.5,176500
PAGG,20100610,22,22.43,22,22.42,16700
PANL,20100610,18.37,18.56,17.94,18.39,368200
PATK,20100610,1.6667,1.6733,1.56,1.6,5000
PAYX,20100610,28.32,28.71,28.12,28.59,3409300
PBCT,20100610,14.28,14.29,14,14.24,6328100
PBHC,20100610,6.3,6.3,6.3,6.3,800
PBIB,20100610,13.52,13.88,13.52,13.65,24600
PBIP,20100610,6.5,7.06,6.5,7.03,3300
PCAR,20100610,40.26,42.16,40.09,42.09,5337600
PCBK,20100610,10.23,10.61,10.02,10.56,41900
PCLN,20100610,178.9,181.61,176.56,181.24,1240500
PCTI,20100610,5.73,5.87,5.73,5.83,75400
PCYO,20100610,2.76,2.76,2.76,2.76,0
PDCO,20100610,29.63,29.96,29.54,29.86,742900
PDEX,20100610,0.68,0.68,0.68,0.68,400
PDFS,20100610,4.76,4.84,4.7,4.8,72300
PDLI,20100610,5.15,5.32,5.11,5.31,2437600
PEBK,20100610,5.99,6,5.88,6,1400
PEBO,20100610,13.34,13.66,13.22,13.65,41300
PEGA,20100610,14.615,14.845,13.845,14.835,611500
PEIX,20100610,12,12,11.4,11.85,437800
PENN,20100610,26.34,26.55,25.66,26.19,504900
PERF,20100610,9.4,9.76,9.38,9.76,3900
PERY,20100610,21.58,22.09,20.7,22.09,124700
PESI,20100610,7.75,8.1,7.55,7.85,225400
PETS,20100610,18.04,18.5,17.53,17.9,301100
PFBC,20100610,2.1,2.13,2.06,2.11,7200
PFBI,20100610,8.53,8.81,8.53,8.81,3600
PFBX,20100610,11.97,11.99,11.41,11.99,7100
PFIN,20100610,2.06,2.06,2.06,2.06,0
PFSW,20100610,3.38,3.4,3.27,3.36,62000
PGC,20100610,12.81,13.14,12.69,13.14,11600
PGNX,20100610,5.43,5.84,5.36,5.8,252400
PGTI,20100610,2.91,2.98,2.78,2.98,28000
PHII,20100610,15.23,15.23,15.23,15.23,0
PHIIK,20100610,15.49,15.54,14.87,15.48,54200
PHMD,20100610,28.55,28.55,27.25,28.15,8000
PICO,20100610,29.35,30.07,29.14,29.98,69800
PKBK,20100610,8.97,9.25,8.97,9.25,700
PKOH,20100610,12.86,13.61,12.86,13.6,53300
PLAB,20100610,4.68,4.76,4.59,4.72,331200
PLBC,20100610,2.59,2.6,2.5,2.6,4800
PLCE,20100610,48.83,49.26,48.43,49.01,509600
PLPC,20100610,28.36,29.38,28.3,29.38,5700
PLUG,20100610,0.37,0.39,0.36,0.37,231400
PLUS,20100610,17.73,17.73,17.35,17.54,9000
PLXS,20100610,29.33,31.23,29.1,31.18,649800
PMBC,20100610,4.04,4.22,3.97,4.08,18400
PMD,20100610,8.31,8.51,8.31,8.4,1800
PNBK,20100610,15.3,15.3,15.3,15.3,2600
PNFP,20100610,12.04,12.25,11.88,12.23,153000
PNNT,20100610,9.76,9.88,9.51,9.88,358100
PNQI,20100610,26.28,26.71,26.28,26.71,3300
PNRA,20100610,81.43,82.5,81.12,82.46,278300
PNRG,20100610,19.73,19.97,18.5,19.45,1400
PNTR,20100610,6,6.1,6,6.1,200
PODD,20100610,14.17,14.45,14.08,14.44,137000
POOL,20100610,23.22,23.73,23.19,23.72,594300
POPE,20100610,27.5,28.3,27.4,28.01,9900
POWI,20100610,31.41,32.46,31.34,32.28,375800
POWL,20100610,28.39,28.95,27.71,28.14,99400
PPBI,20100610,4.38,4.49,4.37,4.49,700
PPHM,20100610,2.86,2.95,2.76,2.93,309000
PRAA,20100610,22.3333,22.5967,22.23,22.54,101300
PRAN,20100610,8.52,8.76,8.46,8.52,62200
PRCP,20100610,4.14,4.3,4.02,4.21,7500
PRFT,20100610,9.65,9.85,9.46,9.82,243900
PRFZ,20100610,51.51,52.33,51.38,52.33,15300
PRGS,20100610,20.8533,20.9533,20.5667,20.88,336000
PRGX,20100610,3.71,3.81,3.66,3.77,56400
PRIM,20100610,6.06,6.09,5.9,6,37000
PRKR,20100610,15.4,16.6,15,16.6,188000
PROV,20100610,5.6,6.4,5.6,5.71,106600
PRPH,20100610,1.5,1.6,1.5,1.6,2600
PRSC,20100610,15.33,15.5,14.79,15.48,76700
PRTS,20100610,7.39,7.5,7.36,7.48,67700
PRXL,20100610,20.72,21.29,20.37,21.28,351700
PSAU,20100610,39.89,40.75,39.89,40.45,6900
PSDV,20100610,3.54,3.7,3.54,3.65,22100
PSEC,20100610,9.91,10.16,9.87,10.15,680400
PSMT,20100610,24.65,24.8,24.34,24.59,41500
PSTI,20100610,1.03,1.07,1,1.03,80000
PTEN,20100610,14.12,14.74,14.12,14.74,4795100
PTIE,20100610,5.46,5.51,5.29,5.5,96300
PTNR,20100610,16.61,16.7,16.41,16.63,166000
PTSI,20100610,14.25,15.21,14.25,15.13,9400
PVTB,20100610,11.97,12.07,11.71,11.92,617000
PVTBP,20100610,25.26,25.5,25.05,25.48,3500
PWOD,20100610,28.59,29.45,28.48,28.85,12100
PXLW,20100610,3.51,3.89,3.46,3.76,107800
PZZA,20100610,11.885,12.01,11.7,12,217700
QABA,20100610,23.5,23.61,23.23,23.61,10100
QBAK,20100610,10.5,10.8,10.32,10.38,3200
QCLN,20100610,13.19,13.5,13.19,13.5,5500
QCOM,20100610,35.16,35.17,34.33,35.03,30719400
QCRH,20100610,9.92,9.92,9.55,9.64,800
QDEL,20100610,10.68,10.79,10.55,10.78,235100
QGEN,20100610,21.39,21.41,20.99,21.27,2037200
QLTI,20100610,6.13,6.21,6.07,6.18,97500
QNST,20100610,12.27,12.93,12.03,12.28,430400
QQEW,20100610,19.57,19.72,19.39,19.72,30200
QQQ,20100610,44.39,45.12,44.24,45.07,76892200
QQQX,20100610,12.43,12.73,12.43,12.7,73900
QQXT,20100610,17.73,17.87,17.7,17.87,4500
QSII,20100610,28.43,29.355,28.43,29.065,404200
QTEC,20100610,20.24,20.66,20.24,20.6,97600
QUIK,20100610,2.8,2.9,2.73,2.78,142500
RADA,20100610,4.28,4.28,4.28,4.28,0
RAIL,20100610,24.45,25.19,24.37,25.15,63500
RAND,20100610,3.21,3.21,3.21,3.21,0
RAVN,20100610,17.01,17.17,16.715,17.06,36000
RBCAA,20100610,22.71,22.98,22.17,22.95,83500
RBCN,20100610,26.24,27.32,25.9,27.3,457400
RBPAA,20100610,3.04,3.04,2.99,2.99,200
RCII,20100610,22.54,22.79,22.14,22.49,554000
RCKY,20100610,8.02,8.23,8.02,8.16,7300
RCMT,20100610,4.9,4.93,4.75,4.88,56600
RCON,20100610,5.82,6.01,5.81,5.89,31000
RDCM,20100610,4.51,4.6,4.49,4.57,2300
RDI,20100610,3.78,3.88,3.7,3.85,78800
RDNT,20100610,2.76,2.76,2.6,2.7,126800
RDWR,20100610,9.815,10.135,9.71,9.955,101400
RECN,20100610,14.33,14.83,14.24,14.77,635600
REFR,20100610,3,3.14,2.95,3.14,6800
REGN,20100610,25.43,26.23,25.15,26.14,869000
REIS,20100610,6.47,6.47,6.47,6.47,100
RELL,20100610,8.57,8.75,8.38,8.67,49500
RELV,20100610,16.1,16.45,16.1,16.38,3300
REXX,20100610,11.01,11.35,10.87,11.29,758000
RFIL,20100610,2.555,2.555,2.555,2.555,200
RGCO,20100610,15.625,15.625,15.625,15.625,0
RGEN,20100610,3.32,3.42,3.27,3.36,108500
RGLD,20100610,51.49,51.5,50.58,51.34,388900
RICK,20100610,8.35,8.39,7.61,7.88,433600
RIGL,20100610,7,7.37,6.95,7.37,1206100
RLOG,20100610,4.9,4.99,4.9,4.98,6300
RMBS,20100610,18.4,18.9,18.02,18.83,5664700
RMCF,20100610,9.4,9.53,9.4,9.45,1500
RMTI,20100610,4.45,4.47,4.21,4.41,68100
RNST,20100610,13.69,14.11,13.54,13.85,60100
RNWK,20100610,3.31,3.32,3.19,3.3,702400
ROCK,20100610,10.92,11.32,10.87,11.3,133600
ROIA,20100610,2.89,2.89,2.67,2.67,5800
ROIAK,20100610,2.9,2.92,2.67,2.7,87400
ROIC,20100610,9.44,9.53,9.4,9.53,131900
ROLL,20100610,28.32,29.33,28.32,29.28,112100
ROSG,20100610,26.25,26.25,25.05,25.95,16300
ROST,20100610,14.07,14.395,13.985,14.3675,2675700
RPRX,20100610,0.45,0.5,0.45,0.48,353800
RRGB,20100610,18.35,19.29,18.35,18.9,422900
RSYS,20100610,8.57,8.79,8.25,8.77,96800
RTIX,20100610,3.26,3.27,3.15,3.25,137900
RUSHA,20100610,13.87,14.32,13.82,14.28,74100
RUSHB,20100610,11.63,12.22,11.63,12.08,8000
RUTH,20100610,4.1,4.16,3.98,4.16,1020600
RVSB,20100610,2.59,2.84,2.59,2.6,1300
RXII,20100610,27.4,29.6,27,29,221200
RYAAY,20100610,26.58,27.03,26.58,26.86,782900
SAAS,20100610,2.46,2.6,2.41,2.56,84100
SAFM,20100610,50.88,52.33,50.86,52.23,226300
SAFT,20100610,36.66,36.81,36.03,36.8,38100
SAIA,20100610,9.5,9.8133,9.5,9.76,63800
SALM,20100610,3.94,3.99,3.81,3.99,7800
SANM,20100610,13.6,13.91,13.44,13.87,866700
SASR,20100610,14.93,14.93,14.5,14.77,57600
SATS,20100610,20.75,21.08,20.56,20.85,220600
SBAC,20100610,32.73,33.97,32.56,33.97,1522200
SBBX,20100610,6.15,6.15,6,6,2500
SBCF,20100610,7.4,7.6,7.15,7.25,315400
SBGI,20100610,5.62,5.75,5.36,5.61,282200
SBLK,20100610,195,198.75,193.5,196.5,87700
SBNY,20100610,37.45,37.56,36.79,37.44,182900
SBNYW,20100610,17.31,17.32,17.31,17.32,4900
SBSA,20100610,1.68,1.69,1.58,1.63,96900
SBSI,20100610,18.5619,18.8095,18.3333,18.5619,54000
SBUX,20100610,13.375,13.505,13.2,13.49,9438100
SCHL,20100610,25.06,25.8,24.72,25.34,154600
SCHN,20100610,42.91,43.83,42.4,43.62,537300
SCKT,20100610,2.69,2.69,2.69,2.69,0
SCLN,20100610,2.99,3.02,2.9,3.01,402100
SCMP,20100610,3.6,3.72,3.59,3.66,31200
SCON,20100610,441,450,406.8,439.2,38300
SCOR,20100610,16.49,16.87,16.29,16.51,81400
SCSC,20100610,23.73,24.56,23.32,24.55,142200
SCSS,20100610,8.93,9.38,8.81,9.16,606800
SCVL,20100610,14.5,15.24,14.1933,15.1267,114800
SEAC,20100610,7.68,8,7.53,7.99,164800
SEED,20100610,8.61,9.05,8.45,9.03,1634300
SEIC,20100610,20.57,20.96,20.5,20.93,907700
SENEA,20100610,32.32,32.69,31.5,31.82,29100
SENEB,20100610,32.26,32.29,31.98,32,900
SFLY,20100610,22.65,23,22.29,22.95,132500
SFNC,20100610,25.99,26.57,25.57,26.36,70300
SFST,20100610,8.09,8.09,8.09,8.09,0
SGC,20100610,9.98,10,9.91,9.91,2300
SGEN,20100610,12.34,12.49,12,12.48,1083500
SGMA,20100610,5.19,5.19,4.89,5.05,5700
SGMO,20100610,3.83,4.06,3.76,4.05,396300
SGMS,20100610,9.93,10.07,9.74,10.06,531700
SGRP,20100610,0.93,0.93,0.93,0.93,0
SHBI,20100610,12.9,12.92,12.5,12.89,20500
SHEN,20100610,7.975,8.12,7.89,8.115,41400
SHIP,20100610,5.7,5.8,5.6,5.75,207200
SHIPW,20100610,0.05,0.05,0.05,0.05,0
SHLD,20100610,79.33,79.75,76.59,77.69,1506700
SHLM,20100610,19.81,20.27,19.63,20.23,184400
SHLO,20100610,8.75,9.2,8.67,9.13,22000
SHOO,20100610,14.2889,14.7555,14.2355,14.7511,323100
SHOR,20100610,4.74,4.77,4.47,4.59,149300
SIEB,20100610,2.14,2.14,2.14,2.14,0
SIFI,20100610,6.24,6.26,5.9,5.9,1100
SIFY,20100610,1.35,1.38,1.34,1.35,38300
SIGI,20100610,14.55,14.91,14.31,14.89,309700
SIGM,20100610,9.65,9.75,9.51,9.7,375600
SILC,20100610,8.58,8.67,8.53,8.67,3700
SIMO,20100610,4.93,5,4.91,4.95,80800
SINA,20100610,36.48,36.77,35.83,36.75,854600
SINO,20100610,3.06,3.24,3.06,3.06,12400
SIRI,20100610,0.97,1.01,0.97,1.01,45236000
SIVB,20100610,42.18,42.83,42.01,42.73,285700
SIVBO,20100610,22.04,22.5,22.04,22.5,300
SKYW,20100610,13.16,13.3,12.98,13.19,635500
SLAB,20100610,43.5,43.96,43.26,43.6,397700
SLGN,20100610,28.7,29.14,28.49,28.56,760400
SLMAP,20100610,37.85,37.85,37.4,37.44,3200
SLP,20100610,2.03,2.22,2.03,2.14,21400
SLRC,20100610,21.37,21.45,21.16,21.45,274400
SMBC,20100610,7.905,7.905,7.9,7.9,600
SMCI,20100610,12.76,12.77,12.39,12.76,107200
SMED,20100610,4.35,4.35,3.98,3.98,165200
SMIT,20100610,3.57,3.57,3.57,3.57,0
SMMF,20100610,3.15,3.15,3.01,3.1,10200
SMRT,20100610,7.02,7.27,6.85,7.24,176300
SMSI,20100610,37.72,39,37.64,38.96,154200
SMTC,20100610,17.32,17.49,17.17,17.48,814300
SMTX,20100610,3.66,3.75,3.52,3.63,106800
SNAK,20100610,3.16,3.2,3.1,3.11,20700
SNBC,20100610,20.4,21.25,20.25,20.9,58900
SNCR,20100610,19.75,20.22,19.68,20.22,84200
SNFCA,20100610,2.48,2.48,2,2.12,900
SNHY,20100610,16,16.4867,15.6333,16.4667,134900
SNMX,20100610,3.87,3.9,3.62,3.84,110200
SNPS,20100610,21.34,21.46,20.58,21.26,2591900
SNSS,20100610,3.48,3.48,3.12,3.24,2069100
SOFO,20100610,6.5,6.65,6.5,6.65,2100
SOHU,20100610,43.43,44,43.22,43.9,370200
SONA,20100610,8,8.17,8,8.03,2900
SONC,20100610,9.89,9.93,9.54,9.93,612500
SONS,20100610,13.1,13.2,12.7,13.2,2510700
SORL,20100610,8.68,8.8,8.64,8.73,103700
SPAN,20100610,16.37,16.62,16.32,16.62,1100
SPAR,20100610,4.63,5.06,4.62,5.03,244800
SPEX,20100610,490.2,490.2,440.8,459.8,27300
SPIL,20100610,5.46,5.5,5.36,5.5,1510200
SPLS,20100610,21.31,21.9,21.3,21.89,10239700
SPNC,20100610,5.4,5.46,5.28,5.37,100400
SPNS,20100610,2.69,2.72,2.69,2.72,2700
SPPI,20100610,3.9,3.98,3.87,3.98,352800
SPRT,20100610,3.73,3.87,3.69,3.81,200500
SPSC,20100610,11.19,11.26,10.94,11.18,15200
SPTN,20100610,14.38,14.66,14.18,14.63,77800
SPU,20100610,5.62,5.74,5.54,5.6,26000
SQQQ,20100610,1057.12,1067.2,1001.12,1003.2,671900
SRCE,20100610,17.07,17.12,16.7,17.07,32500
SRCL,20100610,62.2,64.07,61.93,63.19,2320500
SRDX,20100610,16.52,16.58,16.01,16.36,131300
SSBI,20100610,5.92,5.92,5.92,5.92,0
SSFN,20100610,8.59,8.59,8.55,8.55,900
SSNC,20100610,16.36,16.73,16.2,16.41,78100
SSRI,20100610,18.35,18.74,18.19,18.45,682900
SSYS,20100610,23.13,23.96,22.59,23.86,160500
STAA,20100610,5.03,5.16,4.96,5.1,57800
STBA,20100610,19.98,20.21,19.68,20.15,99000
STEM,20100610,11.4,11.88,11.04,11.52,792300
STFC,20100610,16.66,16.8,15.67,16.7,61500
STKL,20100610,4.89,4.99,4.83,4.95,174300
STLD,20100610,14.12,14.2,13.93,14.18,6457600
STLY,20100610,4.98,4.98,4.74,4.75,45100
STMP,20100610,10.17,10.2,10.05,10.2,36000
STRA,20100610,246.76,253.82,246.54,248.02,193100
STRL,20100610,14.05,14.55,13.86,14.54,82500
STRM,20100610,1.41,1.56,1.41,1.56,22700
STRS,20100610,9.84,10.33,9.84,10.33,1800
STRT,20100610,21.96,21.96,21.15,21.51,1500
STX,20100610,14.88,14.95,14.5,14.88,11341100
SUMR,20100610,6.8,6.83,6.22,6.55,124800
SVA,20100610,3.86,3.98,3.86,3.97,221200
SVBI,20100610,5.21,5.56,5.2,5.2,600
SWHC,20100610,4.14,4.24,4.11,4.22,656400
SWIR,20100610,6.88,7.08,6.83,7.07,105800
SWKS,20100610,15.52,15.87,15.35,15.79,3970400
SYBT,20100610,15.4467,15.66,15.3333,15.62,17400
SYKE,20100610,16.3,16.55,15.76,16.22,346900
SYMC,20100610,14.41,14.5,14.22,14.43,22433000
SYMX,20100610,1.08,1.12,1.05,1.1,88900
SYNA,20100610,28,28.1,27.31,28.02,345700
SYNL,20100610,9.89,9.93,9.76,9.93,400
SYNT,20100610,16.98,17.17,16.84,17.095,68400
SYPR,20100610,3.97,4.48,3.97,4.38,50200
SYUT,20100610,18.77,24.79,18.77,24.31,112700
TACT,20100610,7.41,7.7,7.32,7.67,24300
TAIT,20100610,1.3,1.3,1.3,1.3,0
TASR,20100610,4.17,4.22,4.08,4.18,866300
TAST,20100610,5.37,5.49,5.25,5.43,99400
TATT,20100610,7.1,7.1,6.95,6.97,3100
TAYD,20100610,5.28,5.28,5.18,5.18,4000
TBBK,20100610,7.68,7.87,7.47,7.85,66200
TBNK,20100610,19.11,19.36,18.8,19.13,30000
TCBI,20100610,17.25,17.58,17.01,17.53,364400
TCBIW,20100610,8.8,8.8,8.8,8.8,0
TCBK,20100610,18.1,18.1,17.83,18.02,55200
TCRD,20100610,11.37,11.5,10.8,11.23,38300
TCX,20100610,2.72,2.8,2.72,2.76,40100
TEAM,20100610,6.12,6.23,6.1,6.15,4900
TEAR,20100610,2.17,2.17,2.1,2.11,7800
TECD,20100610,39.41,39.85,38.89,39.7,622200
TECH,20100610,57.61,58.71,57.49,58.68,158000
TESO,20100610,10.5,11.06,10.49,11.03,120200
TESS,20100610,16.12,16.52,16.11,16.33,10700
TFSL,20100610,12.73,12.78,12.6,12.74,470800
TGA,20100610,7.65,7.69,7.55,7.68,155400
THFF,20100610,26.43,27,26.41,27,20100
THLD,20100610,1.32,1.35,1.3,1.31,35100
TICC,20100610,7.71,7.87,7.62,7.83,199600
TINY,20100610,4.28,4.29,4.13,4.26,95000
TISA,20100610,0.79,0.81,0.79,0.81,11200
TITN,20100610,12.6,13.35,12.56,13.1,226400
TIVO,20100610,7.33,7.68,7.18,7.66,6268100
TLF,20100610,3.8,3.93,3.8,3.91,10000
TLT,20100610,97.2,97.29,96.09,96.19,6075000
TNAV,20100610,8.8,8.8,8.05,8.35,49300
TNDM,20100610,11.92,12.13,11.83,12.04,447300
TOPS,20100610,77.7,79.1,73.5,78.4,65200
TORM,20100610,7.11,7.34,7.11,7.34,500
TOWN,20100610,13.72,13.82,13.55,13.8,37900
TQQQ,20100610,10.3838,10.8875,10.2988,10.8663,407300
TREE,20100610,6.66,6.89,6.54,6.69,21700
TRIB,20100610,6.11,6.37,5.96,6.31,295200
TRMB,20100610,14.38,14.775,14.38,14.73,745800
TRMK,20100610,20.84,21.27,20.45,21.24,355300
TRNS,20100610,6.65,7.06,6.65,7.05,2600
TROW,20100610,47.16,48.93,47.16,48.82,2355700
TRS,20100610,9.2,9.5,8.08,9.49,119700
TRST,20100610,5.87,5.95,5.82,5.91,269700
TRUE,20100610,2.31,2.34,2.14,2.34,10600
TSBK,20100610,4.19,4.19,4,4.03,900
TSCO,20100610,16.3175,16.385,15.88,16.3375,626900
TSEM,20100610,20.85,21,20.4,20.7,932800
TSRA,20100610,17.5,17.84,17.31,17.84,352700
TSRI,20100610,2.23,2.23,2.23,2.23,400
TTEC,20100610,12.92,13.17,12.86,13.17,225300
TTEK,20100610,20.8,21.12,20.61,21.08,335700
TTGT,20100610,5.48,5.66,5.48,5.65,45700
TTMI,20100610,9.76,9.85,9.53,9.85,496600
TTWO,20100610,9.87,10.19,9.75,10.19,3247800
TUES,20100610,4.59,4.77,4.46,4.76,415300
TWER,20100610,33,33.8,32.8,33.8,25200
TWIN,20100610,11.79,12.4,11.74,12.31,66000
TWMC,20100610,1.8,1.89,1.74,1.81,133600
TXN,20100610,24.2,24.57,24.04,24.53,17308700
TXRH,20100610,14.18,14.18,13.69,13.89,710500
TYPE,20100610,8.72,8.86,8.6,8.86,74000
TZOO,20100610,15.6,15.65,15.07,15.3,38900
UBCP,20100610,8.06,8.06,8.06,8.06,0
UBFO,20100610,4.36,4.5,4.35,4.4,700
UBNK,20100610,13.85,13.99,13.74,13.94,36800
UBOH,20100610,9.8,9.99,9.8,9.99,900
UBSH,20100610,14.17,14.26,13.84,14,89300
UBSI,20100610,25.53,26.07,25.09,25.8,149700
UCBA,20100610,7.66,7.66,7.66,7.66,0
UCBI,20100610,4.12,4.19,4.04,4.11,318100
UCFC,20100610,1.73,1.77,1.72,1.77,15100
UCTT,20100610,7.7,8.1,7.64,8.09,133400
UEIC,20100610,18.11,19.04,18.07,18.99,66800
UEPS,20100610,13.7,13.95,13.48,13.94,275700
UFCS,20100610,20.34,20.56,19.7,20.53,88800
UFPI,20100610,33.54,33.71,32.45,33.63,212400
UFPT,20100610,9.27,9.27,9.05,9.05,12300
UG,20100610,11.9,12.06,11.75,12.06,1900
UHAL,20100610,46.15,48.01,46.05,47.96,38900
ULBI,20100610,4.69,4.88,4.67,4.72,232700
ULTA,20100610,22.19,22.6,21.92,22.4,849100
ULTI,20100610,33.48,33.92,32.99,33.73,195300
UMBF,20100610,37.09,37.56,36.77,37.52,123600
UMPQ,20100610,12.02,12.21,11.9,12.2,718500
UNAM,20100610,9.5,9.5,9.4,9.5,8500
UNB,20100610,18.49,18.49,18.49,18.49,0
UNFI,20100610,32.91,33.45,32,33.43,353000
UNIS,20100610,53.7,55.3,53.5,55,62300
UNTY,20100610,5.42,5.42,5.17,5.17,400
URBN,20100610,36.69,37.31,36.54,37.29,2280400
URRE,20100610,55.2,61.2,55.2,57.6,182500
USAK,20100610,14.01,14.51,13.9,14.5,50700
USAP,20100610,18.84,18.9,18.18,18.85,50000
USAT,20100610,0.62,0.67,0.6,0.61,29200
USATP,20100610,8.25,8.25,8.25,8.25,0
USEG,20100610,28.68,29.4,28.2,29.1,125400
USLM,20100610,36.13,36.49,35.72,36.27,5100
UTEK,20100610,15.06,15.76,15,15.52,361500
UTHR,20100610,53.47,54.45,53.24,54.36,866600
UTMD,20100610,26.79,27.43,26.12,27.15,7800
UTSI,20100610,5.46,5.52,5.31,5.49,488800
UVSP,20100610,17.78,17.9,17.08,17.67,39600
VALU,20100610,18.97,19.49,17.54,17.76,30400
VASC,20100610,11.41,11.54,11.11,11.53,59800
VBFC,20100610,55.2,61.92,48.16,50.4,4900
VCIT,20100610,76.78,76.88,76.25,76.25,22800
VCLT,20100610,75.07,75.07,74.33,74.33,6900
VCSH,20100610,75.92,76.2,75.92,76.15,333500
VDSI,20100610,5.94,6.05,5.94,6.03,84100
VECO,20100610,33.24,34.38,33,34.13,1634500
VGIT,20100610,61.22,61.22,61.03,61.03,3400
VGLT,20100610,61.5,61.51,61.2,61.2,2200
VGSH,20100610,60.42,60.42,60.37,60.37,2900
VIA,20100610,37.61,37.8,36.9,37.38,82100
VIAB,20100610,33.84,34.25,33.37,33.96,6241400
VICL,20100610,30.8,31.7,30.5,31.3,261500
VICR,20100610,11.5,11.79,11.43,11.75,115600
VIRC,20100610,3.26,3.39,3.15,3.36,2400
VISN,20100610,52.8,53.2,50.4,51.6,276900
VIVO,20100610,16.83,17.09,16.67,16.87,212300
VLGEA,20100610,25.96,26.6,25.69,26.59,10200
VMBS,20100610,50.94,50.94,50.75,50.75,2400
VNDA,20100610,6.92,7.22,6.84,6.93,594500
VOD,20100610,20.34,20.65,20.3,20.62,8909300
VOXX,20100610,7.67,7.87,7.56,7.85,106900
VRSK,20100610,29.21,29.54,28.82,29.47,640800
VRSN,20100610,28.35,28.61,27.97,28.49,4638800
VRTB,20100610,7.04,7.16,7.04,7.16,200
VRTS,20100610,21.83,22.1,21.7,22.07,53300
VRTU,20100610,8.98,9.24,8.91,9.22,100200
VRTX,20100610,32.83,34.09,32.67,34.09,1706600
VSAT,20100610,31.49,32.17,31.4,32.15,136500
VSEC,20100610,17.135,17.835,17.135,17.795,18900
VVUS,20100610,12.12,12.24,11.84,12.12,2795500
WABC,20100610,53.74,54.32,53.54,54.29,216800
WAFD,20100610,16.83,17.14,16.83,17.13,647400
WASH,20100610,17.76,18.18,17.64,18.1,24300
WAYN,20100610,7.81,7.81,7.75,7.75,200
WBMD,20100610,46,47,45.88,46.96,283500
WDC,20100610,34.11,34.25,33.42,34.1,4951200
WDFC,20100610,31.92,32.09,31.21,31.9,32300
WERN,20100610,22.23,22.8,22.23,22.8,825900
WEYS,20100610,23.3,23.34,23.01,23.18,14900
WFM,20100610,19.495,19.585,19.29,19.525,1461100
WILC,20100610,5.86,5.86,5.69,5.78,27500
WIN,20100610,10.75,10.97,10.75,10.97,3929800
WINA,20100610,32.24,33.22,32.16,33.2,18800
WIRE,20100610,18.59,19.28,18.48,19.25,139600
WLDN,20100610,2.54,2.54,2.5,2.54,8100
WLFC,20100610,10.54,10.91,10.5,10.76,25300
WMAR,20100610,9.91,9.98,9.67,9.94,39600
WMGI,20100610,16.64,16.86,16.53,16.8,188600
WOOD,20100610,38.4,39.07,38.4,38.89,34800
WOOF,20100610,26.31,26.9,26.05,26.62,407000
WPCS,20100610,423.5,434.28,421.96,434.28,9800
WPPGY,20100610,49.87,50.67,49.74,50.44,113100
WPRT,20100610,16.69,17.5,16.54,16.98,913400
WRLD,20100610,34.52,35.16,33.5,35.1,218600
WSBC,20100610,16.86,17.23,16.75,17.17,87100
WSBF,20100610,3.44,3.69,3.44,3.55,11300
WSCI,20100610,2.22,2.22,2.2,2.2,3300
WSFS,20100610,12.8633,13.21,12.7233,13.1567,18800
WSTG,20100610,9.69,9.83,9.64,9.82,17200
WSTL,20100610,1.53,1.54,1.5,1.54,107700
WTBA,20100610,7.83,8.09,7.63,7.92,42900
WTFC,20100610,33.73,34.61,33.7,34.48,164600
WVFC,20100610,13.66,13.66,13.66,13.66,0
WVVI,20100610,3.5,3.5,3.36,3.5,1700
WYNN,20100610,78.84,81.42,78.52,81.34,3025200
XBKS,20100610,7.1,7.1,6.89,7,3100
XLNX,20100610,24.18,24.73,24.01,24.59,9346100
XOMA,20100610,8.8,9,8.4,8.6,1141300
XRAY,20100610,31.03,31.24,30.65,31.05,1328700
XXIA,20100610,9.28,9.38,9.23,9.33,218200
YHOO,20100610,14.94,15.14,14.87,15.1,21249000
YORW,20100610,13.36,13.57,13.13,13.41,33800
YRCW,20100610,0.25,0.25,0.2,0.2,131209700
ZAGG,20100610,2.28,2.29,2.18,2.19,61700
ZBRA,20100610,26.79,26.96,26.38,26.65,123300
ZEUS,20100610,25,25.75,24.74,25.75,123900
ZION,20100610,23.3,23.57,22.84,23.56,6676600
ZIONW,20100610,7.89,8.09,7.79,8.09,26800
ZIOP,20100610,4.27,4.47,4.25,4.38,347300
ZIXI,20100610,2.31,2.34,2.26,2.34,268800
ZN,20100610,5.3,5.3,5.11,5.21,57100
ZUMZ,20100610,15.91,16.27,15.69,16.25,105200
