<ticker>,<date>,<open>,<high>,<low>,<close>,<vol>
AAME,20101221,1.94,1.99,1.94,1.99,1200
AAON,20101221,8.5659,8.6074,8.5007,8.5155,104300
AAPL,20101221,46.1429,46.3414,46.0071,46.3143,9155400
AAWW,20101221,57,57.33,56.56,57.3,437000
AAXJ,20101221,62.7,62.92,62.54,62.79,186700
ABAX,20101221,27.85,28.07,27.76,27.99,152100
ABCB,20101221,10.75,10.79,10.58,10.63,17800
ABCD,20101221,3.31,3.42,3.31,3.41,18900
ABCO,20101221,24.56,24.975,24.465,24.575,41800
ABIO,20101221,132.3,142.38,130.2,140.7,107600
ABMD,20101221,9.29,9.54,9.2,9.42,451600
ABTL,20101221,3.85,4.35,3.85,4.15,41300
ACAD,20101221,0.84,0.95,0.8,0.92,1494800
ACAS,20101221,7.93,8.04,7.89,7.99,2945900
ACAT,20101221,15.19,15.23,14.9,14.98,118000
ACET,20101221,8.9,9.18,8.86,9.06,203500
ACFC,20101221,1.7,2,1.59,1.79,17500
ACGL,20101221,29.4667,29.6367,29.42,29.47,273800
ACHN,20101221,3.16,3.37,3.13,3.29,291300
ACIW,20101221,9.1267,9.2933,9.1267,9.2867,125500
ACLS,20101221,13.44,14.76,13.32,14.72,1994800
ACNB,20101221,14.65,14.77,14.5,14.77,4000
ACOR,20101221,26.07,26.31,25.73,25.92,523700
ACPW,20101221,13.5,13.55,12.55,13,656300
ACTG,20101221,26.37,26.45,25.9,26.19,322700
ACTS,20101221,2.11,2.11,2.1,2.1,57900
ACUR,20101221,2.94,3.98,2.92,3.75,741400
ACWI,20101221,46.28,46.36,46.17,46.3,488300
ACWX,20101221,43.29,43.48,43.29,43.43,70700
ACXM,20101221,17.88,18.17,17.78,18.14,202800
ADBE,20101221,30.98,31.15,30.28,30.93,23470200
ADES,20101221,5.335,5.47,4.76,5.28,153300
ADI,20101221,37.75,38.23,37.75,37.98,4328200
ADP,20101221,41.15,41.2644,40.9833,41.1327,3041600
ADRA,20101221,28.05,28.22,28.05,28.2,1600
ADRD,20101221,21.33,21.33,21.24,21.24,2600
ADRE,20101221,46.64,47.15,46.64,46.94,41800
ADRU,20101221,20.73,20.73,20.63,20.63,3600
ADSK,20101221,39.5,39.72,39.05,39.65,1509700
ADTN,20101221,35.47,35.74,35.31,35.67,880800
ADUS,20101221,4.15,4.28,4.05,4.17,32100
AEGR,20101221,10.7,12.38,10.63,11.99,26200
AEHR,20101221,1.29,1.32,1.25,1.27,32500
AEIS,20101221,13.86,14.05,13.76,13.9,310000
AEPI,20101221,26.75,26.89,26.5,26.79,9100
AETI,20101221,2.21,2.3,2.21,2.29,500
AEY,20101221,3.16,3.24,3.16,3.19,17900
AEZS,20101221,1188,1188,1086,1092,3752100
AFAM,20101221,37.38,38.09,37.18,37.8,77600
AFSI,20101221,8.8,8.815,8.75,8.76,82700
AGEN,20101221,0.91,1.03,0.9,1.03,3691700
AGII,20101221,38.41,38.41,38.14,38.22,64500
AGNC,20101221,29.91,29.98,29.86,29.95,1914800
AGYS,20101221,6.06,6.16,5.97,6.16,138400
AHGP,20101221,46.34,46.85,46.05,46.85,16500
AHPI,20101221,4.06,4.26,4.03,4.26,1500
AIMC,20101221,20.28,21.19,20.25,20.69,687700
AINV,20101221,11.04,11.3,11.04,11.29,1203500
AIRM,20101221,18,18.1633,17.7,18.1333,150000
AIRT,20101221,9.82,9.99,9.8,9.99,2300
AIXG,20101221,33.07,33.53,32.68,33.31,464300
AKAM,20101221,49.69,50.39,49.25,50.39,2803100
AKRX,20101221,6.03,6.28,6.03,6.13,392100
ALCO,20101221,24.62,24.96,24.39,24.85,11900
ALGN,20101221,20.14,20.61,19.89,20.28,618300
ALGT,20101221,48.9,49.46,48.83,49.18,167500
ALIM,20101221,10.73,11.17,10.7,10.99,539700
ALKS,20101221,12.31,12.61,12.27,12.57,727200
ALLT,20101221,10.7,11.44,10.66,11.43,456100
ALNY,20101221,9.93,10.02,9.91,9.95,379300
ALOG,20101221,48.23,48.96,47.84,48.25,45300
ALOT,20101221,7.47,7.5,7.47,7.49,6200
ALSK,20101221,11.57,11.65,11.43,11.43,411100
ALXN,20101221,41.065,41.14,40.475,40.855,404400
AMAG,20101221,17.4,17.98,17,17.9,386400
AMAT,20101221,13.65,13.96,13.64,13.91,14591500
AMCC,20101221,10.73,10.86,10.7,10.86,506800
AMCN,20101221,6.38,6.46,6.38,6.42,281200
AMD,20101221,8.27,8.32,8.13,8.14,9688700
AMED,20101221,31.3,33.32,31.3,32.87,1409900
AMGN,20101221,57.57,57.7,57.17,57.39,5601000
AMKR,20101221,7.5,7.58,7.47,7.48,611400
AMNB,20101221,23.01,23.46,22.83,23.3,21700
AMOT,20101221,5.86,6.11,5.81,6.1,35600
AMOV,20101221,28.4,28.61,28.375,28.375,3400
AMRB,20101221,5.85,6,5.75,6,11100
AMRI,20101221,5.44,5.71,5.32,5.67,106100
AMRN,20101221,7.9,8,7.4,7.75,3593700
AMRS,20101221,23.22,23.87,22.42,22.66,56400
AMSC,20101221,289,296,288.5,294.1,846900
AMSF,20101221,18.32,18.39,18.09,18.35,28900
AMSG,20101221,21.27,21.42,21.12,21.36,104300
AMSWA,20101221,7.04,7.04,6.83,6.87,45700
AMTD,20101221,18.64,19,18.64,18.84,3383400
AMWD,20101221,23.41,23.55,22.65,23.14,17400
AMZN,20101221,183.88,185.65,182.6,184.75,5112700
ANAT,20101221,84.37,85.06,84.21,85.06,9700
ANCX,20101221,6.71,6.75,6.7,6.7,1300
ANDE,20101221,23.0267,23.3533,22.8133,23.3467,113700
ANGO,20101221,15.65,15.96,15.65,15.91,54100
ANIK,20101221,6.23,6.35,6.23,6.31,32900
ANSS,20101221,53.25,53.64,52.85,52.94,251900
ANTH,20101221,39.2,39.92,39.2,39.52,75600
AOSL,20101221,13.4,13.4,13.07,13.25,88300
APEI,20101221,36.05,36.26,35.78,36.05,81100
APOG,20101221,13.31,13.49,13.19,13.44,247800
APOL,20101221,38.95,39.12,38.31,38.52,1409900
APPY,20101221,24.48,24.96,23.52,24.48,208500
APRI,20101221,34.2,34.6,33,34.3,274100
ARAY,20101221,6.84,6.9,6.7,6.88,221000
ARCC,20101221,16.43,16.84,16.42,16.8,966600
ARCI,20101221,3.08,3.08,3.06,3.06,1600
ARCW,20101221,1.14,1.26,1.14,1.196,3800
AREX,20101221,22.19,23.89,21.79,23.62,412700
ARIA,20101221,5.2,5.34,5.13,5.2,3934200
ARII,20101221,20.4,20.99,20.09,20.8,74900
ARKR,20101221,14.6,14.75,14.6,14.75,1800
ARLP,20101221,32.26,32.49,32.095,32.37,74100
ARNA,20101221,2.25,2.29,2.02,2.04,22672800
AROW,20101221,27.98,28.16,27.63,28.08,17600
ARQL,20101221,6.13,6.27,6.1,6.14,210800
ARRS,20101221,11.11,11.23,11.03,11.08,647500
ARRY,20101221,3.19,3.22,3.16,3.17,254200
ARTNA,20101221,18.91,18.96,18.81,18.96,8800
ARTW,20101221,9.73,10,9.55,9.77,32300
ARTX,20101221,1.69,1.74,1.69,1.7,20300
ARWR,20101221,0.93,1,0.89,1,943000
ASCMA,20101221,36,36,35.28,35.98,99100
ASFI,20101221,8.21,8.46,8.21,8.35,21400
ASML,20101221,38.16,38.18,37.75,37.98,1347200
ASPS,20101221,28.51,28.88,28.26,28.72,41400
ASRV,20101221,1.53,1.67,1.51,1.61,36300
ASRVP,20101221,24.99,24.99,24.99,24.99,100
ASTC,20101221,1.15,1.16,1.11,1.11,126600
ASTE,20101221,32.43,33.02,32.22,32.95,47400
ASUR,20101221,1.8933,1.9267,1.8,1.9,13700
ASYS,20101221,26.45,26.49,24.97,25.51,345900
ATAI,20101221,3.68,3.87,3.68,3.87,2700
ATAX,20101221,5.38,5.4,5.31,5.37,93300
ATEC,20101221,29.88,31.2,29.64,30.6,387200
ATHN,20101221,42.24,42.32,40.91,41.05,373400
ATHX,20101221,2.54,2.59,2.52,2.53,57200
ATLO,20101221,21.24,21.66,21.13,21.65,8200
ATNI,20101221,35.87,36.68,35.51,36.23,109100
ATRC,20101221,10.2,10.3,10.13,10.26,47400
ATRI,20101221,176.46,178.61,174.66,178.61,1900
ATRO,20101221,19.0917,19.1667,18.3333,19.0667,22900
ATSG,20101221,7.95,8.02,7.79,7.95,350800
ATVI,20101221,12.23,12.5,12.19,12.23,9871900
AUBN,20101221,19.99,19.99,19.71,19.87,700
AUDC,20101221,6.12,6.44,6.12,6.43,577100
AVAV,20101221,25.82,26.47,25.56,26.31,125100
AVEO,20101221,14.25,14.61,13.95,14.59,87400
AVGO,20101221,27.95,28.09,27.67,27.88,1494900
AVID,20101221,18.4,18.83,18.18,18.76,123100
AVNW,20101221,61.68,62.16,61.2,61.92,184900
AWRE,20101221,2.91,3,2.77,2.86,25200
AXAS,20101221,4.15,4.26,4.15,4.24,725000
AXTI,20101221,8.77,8.83,8.59,8.73,222100
AZPN,20101221,13.27,13.27,13.02,13.18,285000
BABY,20101221,13.87,13.97,13.77,13.83,235700
BANF,20101221,41.13,42.12,40.71,42.09,19000
BANFP,20101221,25.75,25.78,25.75,25.77,400
BANR,20101221,12.25,12.88,12.25,12.6,1968800
BASI,20101221,3.32,3.75,2.56,2.58,177200
BBBY,20101221,48.05,48.07,47.3,47.55,2752100
BBGI,20101221,5,5,4.92,5,3800
BBOX,20101221,39.89,39.89,39.31,39.44,34500
BBRG,20101221,18.5,18.5,17.67,18.31,80400
BBRY,20101221,58.85,59,58.02,58.24,7268600
BBSI,20101221,16.98,17,16.22,16.44,19600
BCBP,20101221,9.45,9.91,9.45,9.79,10200
BCOM,20101221,37.72,37.72,36.03,36.32,600
BCPC,20101221,33.62,33.98,33.35,33.91,51900
BCRX,20101221,5.5,5.69,5.45,5.61,240700
BDE,20101221,7.81,7.94,7.8,7.91,14400
BDGE,20101221,25.37,25.9,25.37,25.71,8000
BDSI,20101221,2.68,2.72,2.55,2.7,106100
BEAT,20101221,4.8,4.97,4.8,4.97,175800
BEAV,20101221,37.23,37.6,37.05,37.08,692500
BEBE,20101221,5.99,6.06,5.94,6.01,1006700
BECN,20101221,18.2,18.39,18,18.1,139700
BELFA,20101221,27,27,25.5,25.5,1600
BELFB,20101221,24.95,25.37,23.59,23.86,55300
BFIN,20101221,9.6,9.63,9.5,9.56,60000
BGCP,20101221,8.7,8.75,8.54,8.6,637400
BGFV,20101221,14.58,14.58,14.3,14.39,105900
BIB,20101221,7.6663,7.6975,7.6663,7.6975,1100
BICK,20101221,32.13,32.24,32.07,32.17,67100
BIDU,20101221,99.13,101.5,99.01,101.25,8032200
BIIB,20101221,68.21,68.48,68,68.22,1041100
BIOC,20101221,14.04,14.22,13.89,14.04,23100
BIOS,20101221,5.08,5.15,5.05,5.1,124300
BIS,20101221,199.4,199.4,198.24,198.24,500
BJRI,20101221,38.42,38.56,37.95,38.44,166000
BKCC,20101221,11.34,11.5,11.3,11.39,552900
BKMU,20101221,4.78,4.9,4.78,4.86,232000
BKSC,20101221,11.44,11.44,11.44,11.44,0
BLDP,20101221,1.49,1.58,1.48,1.5,992100
BLDR,20101221,1.74,1.83,1.72,1.82,72200
BLIN,20101221,8,8.15,7.5,7.5,19800
BLKB,20101221,27.04,27.09,26.85,26.98,110800
BMRC,20101221,35.72,35.8,35.39,35.39,6300
BMRN,20101221,27.95,28.28,27.86,28.22,827800
BMTC,20101221,17.43,17.49,17.2,17.45,36200
BNCL,20101221,8.1,8.36,8.1,8.33,55300
BNCN,20101221,8.99,9.06,8.9,9.06,8400
BNSO,20101221,1.52,1.66,1.31,1.66,4900
BOBE,20101221,34.48,34.48,34.08,34.37,160300
BOCH,20101221,4.14,4.2,4.1,4.13,7200
BOFI,20101221,3.8075,3.91,3.74,3.91,37000
BOKF,20101221,52.55,53.59,52.46,53.45,68300
BONT,20101221,12.69,13.19,12.68,12.98,191300
BOOM,20101221,22.75,24.8,22.75,23.65,402100
BOSC,20101221,5.48,5.6,5.4,5.4,1400
BPFH,20101221,6.49,6.8,6.37,6.6,1028200
BPOP,20101221,29.2,29.6,28.8,29.4,9530000
BPOPM,20101221,18.62,18.62,18.62,18.62,0
BPOPN,20101221,19.48,19.84,19.48,19.84,3100
BRCD,20101221,5.4,5.49,5.35,5.49,13233900
BRID,20101221,13.32,13.32,12.95,13.14,700
BRKL,20101221,10.78,11,10.74,10.95,274800
BRKR,20101221,17,17.32,16.79,17.15,364300
BRKS,20101221,9.19,9.34,9.12,9.28,252200
BSET,20101221,4.09,4.19,4.09,4.16,3600
BSFT,20101221,24.97,27.19,24.63,26.4,336100
BSPM,20101221,62.37,62.37,60.06,61.11,57600
BSQR,20101221,8.12,8.46,7.67,8.08,245800
BSRR,20101221,10.61,10.74,10.54,10.74,12400
BSTC,20101221,24.44,25.78,24.44,25.51,31700
BUSE,20101221,4.52,4.52,4.44,4.47,74400
BVSN,20101221,12.82,12.89,12.79,12.89,1800
BWEN,20101221,20.2,20.7,19.8,19.9,618800
BWINA,20101221,23,23,23,23,0
BWINB,20101221,24.55,24.55,24.17,24.28,8800
BWLD,20101221,46.01,46.08,45.03,45.1,327100
BYFC,20101221,2.22,2.22,2.22,2.22,100
CA,20101221,24.93,24.96,24.71,24.73,2673300
CAAS,20101221,14.31,14.5,14,14,262500
CAC,20101221,38.6,38.84,37.74,38.72,14300
CACB,20101221,6.51,6.84,6.51,6.64,6700
CACC,20101221,61.6,61.6,61.25,61.55,9700
CADC,20101221,48.24,49.08,47.16,47.88,46500
CAKE,20101221,31.91,32.21,31.4,32.11,859300
CALD,20101221,4.79,4.89,4.7,4.82,153300
CALI,20101221,18.3,18.6,18.12,18.6,11700
CALL,20101221,13.425,13.72,13.105,13.375,18400
CALM,20101221,17,17,16.855,16.93,49900
CAMP,20101221,3.07,3.13,3.03,3.13,27600
CAMT,20101221,2.77,2.93,2.7,2.85,48400
CART,20101221,4.1,4.2,4.01,4.03,3400
CARV,20101221,1.9,1.9,1.83,1.9,5800
CASH,20101221,13.17,13.5,13.16,13.4,5100
CASM,20101221,2.95,3.24,2.95,3.1,13500
CASS,20101221,38.12,38.77,38.04,38.49,6800
CASY,20101221,43,43.16,42.93,42.96,190400
CATM,20101221,18.11,18.41,17.75,18.3,190900
CATY,20101221,15.8,16.27,15.63,16.22,615800
CAVM,20101221,37.69,38.55,37.54,38.44,473800
CBAK,20101221,8.85,9.3,8.8,9.25,461600
CBAN,20101221,4.7,4.7,4.09,4.21,1400
CBLI,20101221,140,143.2,138.6,142.6,159200
CBMX,20101221,259.5,274.5,255,261,16800
CBMXW,20101221,1.1,1.1,1.1,1.1,0
CBOE,20101221,22.25,22.3,22.02,22.2,486200
CBPO,20101221,15.33,16.13,15.3,16,132600
CBRL,20101221,57.05,57.08,56.53,56.7,162400
CBSH,20101221,39.61,39.64,39.45,39.6,414400
CCBG,20101221,13.43,13.67,13.2,13.41,33800
CCCL,20101221,60.8,60.8,58,58.8,22400
CCIH,20101221,23.31,23.45,22.02,22.32,51300
CCMP,20101221,42.83,42.83,42.24,42.49,90300
CCNE,20101221,15.66,15.66,15.34,15.59,12600
CCOI,20101221,12.74,13.14,12.74,13,283600
CCRN,20101221,8.99,9.32,8.76,9.19,72300
CCUR,20101221,4.89,4.94,4.85,4.93,6600
CDNS,20101221,8.33,8.44,8.33,8.38,2315500
CDTI,20101221,55,55,51.3,52.05,47800
CDXS,20101221,10.5,10.69,10.19,10.63,393600
CDZI,20101221,12.25,12.41,12,12.39,25100
CECE,20101221,5.38,5.51,5.24,5.25,37200
CECO,20101221,19.66,20.08,19.59,19.86,592400
CELG,20101221,29.675,29.675,29.25,29.555,2149100
CELGZ,20101221,4.42,4.65,4.42,4.62,106400
CENT,20101221,9.78,10,9.7,9.92,55300
CENTA,20101221,9.69,9.97,9.66,9.87,181500
CENX,20101221,16.5,16.51,15.96,16.01,1723400
CERN,20101221,24.1475,24.1475,23.925,24,293700
CERS,20101221,2.38,2.5,2.33,2.48,649700
CETV,20101221,19.47,20.1,19.4,19.93,262700
CEVA,20101221,20.32,21.35,19.96,21.08,493700
CFBK,20101221,3.25,3.25,2.95,3.05,8500
CFFI,20101221,22,22,21.54,21.54,1000
CFFN,20101221,25.85,26.44,25.84,26.44,1518100
CFNB,20101221,13.31,13.85,13.31,13.85,900
CFNL,20101221,11.12,11.82,11.09,11.76,140600
CGEN,20101221,4.75,4.94,4.68,4.83,219700
CGNX,20101221,15.64,15.815,15.59,15.72,121000
CHCI,20101221,1.09,1.09,1.05,1.09,54700
CHCO,20101221,36.35,37.41,36,37.13,87400
CHDN,20101221,42.22,42.69,41.93,42.58,92600
CHFC,20101221,22.27,22.48,22.2,22.43,25200
CHFN,20101221,8.3663,8.4653,8.3663,8.4653,700
CHKE,20101221,19.61,19.74,19.59,19.67,24100
CHKP,20101221,45.92,45.92,45.6,45.78,1072700
CHNR,20101221,15.3,15.47,15.3,15.34,4000
CHRS,20101221,3.58,3.66,3.55,3.65,1092700
CHRW,20101221,79.28,80.61,79.11,80.03,959800
CHSCP,20101221,29,29.19,28.92,29.09,11900
CHTR,20101221,38.04,38.48,38,38.22,139200
CIDM,20101221,14.4,14.9,14.3,14.9,8500
CINF,20101221,31.71,31.92,31.5,31.88,667700
CISG,20101221,17,17,16.33,16.45,941500
CIZN,20101221,19.15,20.2,19.03,19.27,2800
CJJD,20101221,4.24,4.33,4.24,4.27,15900
CKEC,20101221,8.2,8.26,7.74,8.23,179800
CLBH,20101221,3.07,3.32,3.05,3.32,16400
CLCT,20101221,14.01,14.44,14.01,14.15,62300
CLDX,20101221,4.36,4.38,4.23,4.27,253300
CLFD,20101221,4.1,4.25,4.07,4.08,33200
CLMS,20101221,13.5,14.2,13.37,14.05,191000
CLMT,20101221,20.04,20.86,19.67,20.68,261200
CLNE,20101221,14.54,14.7,14.35,14.51,726200
CLRO,20101221,3.88,3.92,3.85,3.85,5400
CLSN,20101221,2.05,2.23,2.01,2.07,301100
CLUB,20101221,3.7,4.35,3.7,4.17,299600
CLWT,20101221,6.655,6.985,6.6,6.82,5200
CMCO,20101221,20.2,20.61,20.01,20.51,87600
CMCSA,20101221,22,22.3,21.85,22.25,17882200
CME,20101221,64.382,65.39,64.24,65.216,305600
CMLS,20101221,32.4,34.4,31.52,34.08,62400
CMTL,20101221,28.44,28.7,28.23,28.6,297700
CNBKA,20101221,27,27,26.75,26.99,2200
CNET,20101221,3.59,3.63,3.52,3.56,9300
CNIT,20101221,5.18,5.33,5.18,5.32,165200
CNMD,20101221,25.86,26.36,25.86,26.27,70500
CNOB,20101221,7.5,7.6,7.5,7.6,15700
CNSL,20101221,18.84,18.9,18.75,18.78,141800
CNTF,20101221,19.15,19.2,18.85,19.2,85600
CNTY,20101221,2.39,2.45,2.37,2.42,30900
COBZ,20101221,5.44,5.67,5.32,5.63,206300
COHR,20101221,46.42,46.68,46.1,46.43,97700
COHU,20101221,16,16.26,15.67,16.15,43700
COKE,20101221,57.75,57.94,57.43,57.66,16400
COLB,20101221,20.57,21.33,20.49,20.93,199700
COLM,20101221,30.53,30.715,30.285,30.68,108800
COMT,20101221,2.05,2.05,1.89,1.9,8400
CONN,20101221,3.94,3.96,3.82,3.95,73300
COOL,20101221,29.4,31.5,28.56,30.66,158900
CORE,20101221,9.1275,9.24,9.065,9.1525,61300
CORT,20101221,4.4,4.5,4.13,4.19,612300
COST,20101221,72.57,72.77,72.26,72.32,2200400
COWN,20101221,4.83,4.83,4.76,4.79,154200
CPHC,20101221,11.6,11.96,11.6,11.96,2900
CPIX,20101221,6.64,7.15,6.64,6.9,80800
CPLA,20101221,64.72,65.37,64.17,64.57,116900
CPLP,20101221,9.38,9.44,9.27,9.42,159900
CPRT,20101221,18.7,18.7,18.625,18.66,459500
CPRX,20101221,0.9,0.95,0.89,0.94,47400
CPSI,20101221,48.44,48.97,48.4,48.75,36600
CPSS,20101221,0.85,0.86,0.83,0.83,54600
CPST,20101221,20.8,21,20,20.4,2017300
CRAI,20101221,23.78,24.7,23.07,23.57,33100
CRAY,20101221,7.23,7.31,7.17,7.31,95000
CREE,20101221,67.29,67.46,66.2,66.35,3232700
CREG,20101221,32.4,32.4,30.1,30.3,47500
CRESY,20101221,18.4,19.01,18.4,18.96,64000
CRIS,20101221,2.01,2.03,1.99,2,231100
CRME,20101221,29.1,30.15,28.8,30,121000
CRMT,20101221,26.3,26.84,26,26.78,26600
CRNT,20101221,12.17,12.65,12.13,12.6,245900
CROX,20101221,19.22,19.54,18.88,19.36,3168600
CRUS,20101221,16.15,16.34,16.15,16.22,1121400
CRVL,20101221,24.275,24.305,24.025,24.25,17000
CRWS,20101221,5.53,5.53,5.45,5.45,3500
CRZO,20101221,31.29,32.74,30.87,32.4,648800
CSBK,20101221,9.87,9.91,9.77,9.9,11400
CSCO,20101221,19.64,19.77,19.5,19.53,62386000
CSFL,20101221,7.91,8.12,7.85,8.08,122300
CSGP,20101221,55.27,55.84,54.96,55.55,85900
CSGS,20101221,18.96,19.11,18.8,19.07,181400
CSII,20101221,11.63,12,11.48,11.6,123600
CSIQ,20101221,12.92,12.93,12.7,12.84,486400
CSPI,20101221,3.93,4.1,3.88,4.08,8100
CSTR,20101221,59.89,60.77,59.29,60.43,843000
CSWC,20101221,26.8725,26.8725,26.5975,26.75,5000
CSX,20101221,21.1833,21.4167,21.12,21.33,2008400
CTAS,20101221,29.31,29.39,29.07,29.2,1016800
CTBI,20101221,28.98,29.25,28.79,29.2,9200
CTHR,20101221,2.76,2.85,2.76,2.85,21400
CTIB,20101221,5.81,5.99,5.81,5.91,13800
CTIC,20101221,1.85,1.85,1.85,1.85,1854100
CTRN,20101221,24.31,24.49,23.94,24.45,76500
CTRP,20101221,20.565,20.625,20.085,20.48,1690500
CTSH,20101221,36.365,36.495,36.115,36.425,1725900
CTWS,20101221,27,27.04,26.3,26.93,13300
CTXS,20101221,69,69.78,68.36,69.75,982800
CUBA,20101221,7.14,7.18,7.13,7.13,3800
CUTR,20101221,8.41,8.5,8.32,8.36,35300
CVBF,20101221,8.56,8.67,8.55,8.59,701200
CVCO,20101221,45.39,46.71,44.18,46.71,37800
CVCY,20101221,5.66,5.7,5.6,5.6,1100
CVGI,20101221,18.16,18.45,17.8,17.96,128900
CVGW,20101221,23.75,23.82,23.44,23.82,55700
CVLT,20101221,30.07,30.27,29.61,29.94,344100
CVLY,20101221,8.57,8.57,8.57,8.57,0
CVTI,20101221,9.3,9.65,9.26,9.56,34800
CVV,20101221,7.17,7.38,7.01,7.18,5700
CWBC,20101221,3.5,3.8,3.4,3.5,1000
CWCO,20101221,8.97,9.18,8.85,9.15,50500
CWST,20101221,6.87,6.9,6.77,6.85,227300
CXDC,20101221,5.13,5.38,5.13,5.22,53500
CY,20101221,17.97,18.2,17.96,18.09,1676400
CYAN,20101221,3.29,3.37,3.14,3.33,20000
CYBE,20101221,8.75,8.75,8.32,8.52,6500
CYCC,20101221,136.08,144.48,135.24,135.24,2973800
CYNO,20101221,10.81,10.81,10.62,10.79,9200
CYOU,20101221,28.73,28.73,27.9,28.03,72800
CYTK,20101221,13.2,13.26,12.54,12.78,1649500
CYTR,20101221,7.56,7.56,7.28,7.35,557200
CYTX,20101221,84.75,92.25,84.75,88.35,952100
CYTXW,20101221,3.8,4.19,3.8,3.9,33900
CZFC,20101221,7.7,7.7,7.7,7.7,0
CZNC,20101221,15.45,15.45,15.31,15.33,15000
CZWI,20101221,3.8,3.82,3.6,3.82,16300
DAIO,20101221,5.62,5.83,5.61,5.83,14700
DAKT,20101221,16.84,17.11,16.77,17.01,252400
DAVE,20101221,10.76,11.21,10.76,11.11,15800
DCOM,20101221,14.92,15.09,14.78,14.95,91200
DCTH,20101221,171.68,175.84,170.56,172.96,457700
DENN,20101221,3.55,3.6,3.54,3.55,424900
DEPO,20101221,5.85,5.9,5.76,5.84,695700
DEST,20101221,19,19.225,18.43,18.43,22700
DGAS,20101221,16.055,16.295,15.785,16.06,1700
DGICA,20101221,16.12,16.12,15.95,16.03,10800
DGICB,20101221,18.75,18.75,18.75,18.75,0
DGII,20101221,10.69,11.17,10.46,11.07,157300
DGLY,20101221,1.71,1.79,1.68,1.77,112400
DHIL,20101221,76.5,76.98,76.14,76.14,5300
DHRM,20101221,5.05,5.16,5,5,45900
DIOD,20101221,27.36,27.9,27.36,27.86,148700
DISCA,20101221,42.65,42.79,42.39,42.71,885900
DISCB,20101221,42.79,42.84,42.79,42.84,900
DISCK,20101221,18.475,18.645,18.415,18.555,473700
DISH,20101221,18.87,19.23,18.87,19.06,3791000
DJCO,20101221,71,72,69.85,70.81,9000
DLBS,20101221,53.89,54.04,53.72,53.72,4700
DLTR,20101221,28.455,28.53,27.795,28.12,1109200
DMLP,20101221,25.71,26.2,25.69,26.17,82000
DMRC,20101221,30.97,31.04,30.1,30.2,26000
DNBF,20101221,8.5,9,8.5,8.5,600
DORM,20101221,18.835,18.97,17.575,18.175,193300
DRAD,20101221,2.05,2.12,2.05,2.08,40300
DRAM,20101221,27.9,29.16,27,27.9,65300
DRRX,20101221,3.62,3.66,3.58,3.6,541400
DRWI,20101221,223,225,218.75,220.75,218900
DRYS,20101221,8880,8970,8775,8970,9165700
DSCI,20101221,4.75,4.83,4.75,4.78,39600
DSGX,20101221,6.9,6.94,6.85,6.87,4300
DSPG,20101221,8.38,8.47,8.28,8.42,40500
DSWL,20101221,3.35,3.46,3.28,3.28,24400
DTLK,20101221,4.54,4.66,4.37,4.5,14300
DTSI,20101221,49.59,49.8,48.85,49.72,157600
DTUS,20101221,50.09,50.2,50.09,50.09,2700
DTYS,20101221,53.17,53.76,53.11,53.12,48000
DVAX,20101221,30.2,32.1,29.7,30.6,2611000
DWCH,20101221,3.58,3.58,3.24,3.5,6500
DWSN,20101221,30.35,31.41,30.35,31.3,42500
DXCM,20101221,13.6,13.7,13.43,13.62,157300
DXPE,20101221,23.78,24.26,23.6,24.19,59000
DXYN,20101221,3.5,3.75,3.5,3.59,4700
DYNT,20101221,3.5,3.5,3.2,3.2,31500
DYSL,20101221,5.2,5.22,4.99,5.05,11000
EBAY,20101221,12.4589,12.5011,12.0463,12.0632,17140500
EBIX,20101221,22.68,23.54,22.57,23.54,388900
EBMT,20101221,9.98,10.1,9.97,10.02,4300
EBSB,20101221,4.6078,4.6364,4.5874,4.616,12900
EBTC,20101221,11.32,12,10.99,12,25400
ECHO,20101221,11.14,11.54,10.9,11.29,164800
ECOL,20101221,17.24,17.6,17.15,17.32,73900
ECPG,20101221,21.56,22.78,21.34,22.76,136000
EDAP,20101221,6.4,6.97,5.82,6.12,1722300
EDGW,20101221,2.52,2.6,2.52,2.6,22200
EDUC,20101221,6.75,6.78,6.71,6.75,71400
EEFT,20101221,17.01,17.28,16.81,17.28,101000
EEI,20101221,13.7,14.98,13.7,14.85,20300
EFII,20101221,14.14,14.74,14.14,14.72,147400
EFOI,20101221,0.98,1.01,0.98,0.98,96800
EFSC,20101221,10.9,10.95,10.88,10.95,15100
EFUT,20101221,5.46,5.59,5.46,5.59,3900
EGBN,20101221,14.45,14.89,14.4,14.84,92000
EGHT,20101221,2.26,2.28,2.25,2.25,912300
EGLE,20101221,7084.8,7257.6,7056,7156.8,1828700
EGOV,20101221,9.49,9.55,9.33,9.47,132500
EHTH,20101221,14.49,14.52,14.09,14.23,269100
ELGX,20101221,7.08,7.23,6.93,7.21,390200
ELNK,20101221,8.69,8.69,8.51,8.56,2025300
ELON,20101221,105.9,106.3,101.9,106,136700
ELOS,20101221,10.8,10.8,10.61,10.71,64600
ELSE,20101221,4.1,4.13,4.08,4.13,1000
ELTK,20101221,1.33,1.37,1.3,1.36,47600
EMCF,20101221,16.35,16.35,16.35,16.35,0
EMCI,20101221,15.1133,15.2667,15.1,15.26,6900
EMIF,20101221,33.73,33.73,33.56,33.69,53300
EMITF,20101221,769.2,772.2,759,771,6000
EMKR,20101221,6.08,6.36,6,6.36,986400
EMMS,20101221,3,3.04,2.64,2.88,934700
ENDP,20101221,35.22,35.49,34.69,35.14,1191300
ENG,20101221,3.74,3.83,3.71,3.75,121400
ENOC,20101221,23.9,24.25,23.79,24.18,284900
ENSG,20101221,11.86,11.975,11.815,11.875,66900
ENTG,20101221,7.45,7.72,7.38,7.7,1264800
EPAY,20101221,20.43,20.9,20.41,20.87,67700
EQIX,20101221,82,82.1,81.32,81.43,643100
ERIC,20101221,11.67,11.71,11.58,11.59,5680100
ERIE,20101221,63.67,63.67,62.96,63.37,99800
ERII,20101221,3.78,3.78,3.58,3.61,194400
ESBK,20101221,16.63,16.63,16.63,16.63,100
ESCA,20101221,6.21,6.25,6,6.25,26400
ESEA,20101221,3.8,3.8,3.71,3.74,94200
ESGR,20101221,85.41,85.99,85,85.67,13400
ESIO,20101221,16.75,16.94,16.5,16.6,52900
ESLT,20101221,52.84,52.84,51.51,51.81,26600
ESMC,20101221,1.33,1.34,1.3,1.3,20400
ESRX,20101221,55.39,55.45,54.24,54.72,3685600
ESSA,20101221,12.8,13.08,12.69,12.89,23300
ETFC,20101221,15.58,16.03,15.5,16.03,2363300
ETRM,20101221,41.25,44.85,40.5,43.8,316600
EUFN,20101221,21.34,21.34,21.24,21.25,7600
EVBS,20101221,3.72,3.8,3.72,3.8,21000
EVEP,20101221,38.46,38.99,38.46,38.99,107800
EVK,20101221,2.07,2.08,2,2.01,28800
EVOL,20101221,8.19,8.2,8.12,8.18,84400
EWBC,20101221,18.64,19.35,18.64,19.32,2593600
EXAC,20101221,18.18,18.26,18.14,18.23,48200
EXAS,20101221,6.37,6.52,6.23,6.42,740900
EXEL,20101221,8.71,9.2,8.6,9.08,2371400
EXFO,20101221,6.76,6.78,6.6,6.78,28400
EXLS,20101221,21.84,21.84,21.34,21.5,63400
EXPD,20101221,55.75,56.13,55.47,55.96,770600
EXPE,20101221,27.03,27.53,27.03,27.19,3852500
EXPO,20101221,19.45,19.625,19.185,19.58,26800
EXTR,20101221,3.16,3.19,3.11,3.12,406800
EZPW,20101221,27.5,28.29,27.35,28.28,380400
FALC,20101221,3.34,3.34,3.24,3.33,149400
FARM,20101221,18.82,18.86,18.69,18.85,4000
FARO,20101221,31.79,31.79,31.3,31.5,29300
FAST,20101221,29.94,30.025,29.78,29.935,699500
FBIZ,20101221,13,13.01,13,13.01,300
FBMS,20101221,9,9,9,9,1000
FBNC,20101221,14.28,14.32,13.99,14.26,24800
FBSS,20101221,12.55,12.8,12.45,12.8,4800
FCAP,20101221,15.99,15.99,15.99,15.99,0
FCBC,20101221,15.48,15.62,15.28,15.55,42200
FCCO,20101221,5.48,5.48,5.16,5.18,2100
FCCY,20101221,8.72,8.75,8.69,8.69,2500
FCEL,20101221,22.2,24.48,21.84,22.8,2984400
FCNCA,20101221,189.5,193.17,189,192.17,16700
FDEF,20101221,10.97,11.25,10.97,11.22,2600
FDML,20101221,20.73,21.21,20.55,21.07,222200
FEIM,20101221,6.95,7.04,6.84,6.89,15600
FELE,20101221,20.715,20.74,20.475,20.615,78200
FFBC,20101221,18.23,18.9,18.22,18.79,285500
FFBCW,20101221,7.69,7.98,7.66,7.98,1300
FFHL,20101221,3.5,3.98,3.49,3.85,146600
FFIC,20101221,14.13,14.14,14,14.12,210700
FFIN,20101221,17.1767,17.2834,17.1767,17.2534,36300
FFIV,20101221,136.06,136.99,133.93,136.64,1726600
FFKT,20101221,4.87,4.98,4.86,4.98,2300
FFNW,20101221,4.02,4.07,3.98,4,42900
FHCO,20101221,5.76,5.8,5.68,5.79,52800
FIBK,20101221,14.82,15,14.74,15,34900
FINL,20101221,18.48,18.8,18.01,18.79,1565100
FISI,20101221,19.95,20.46,19.82,20.15,29400
FISV,20101221,29.575,29.735,29.445,29.735,861600
FITB,20101221,14.25,14.3,14.15,14.3,7714600
FIZZ,20101221,13.4,13.43,13.23,13.41,49400
FLAT,20101221,46.67,46.81,46.29,46.78,16700
FLEX,20101221,7.76,8,7.73,7.89,5687000
FLIC,20101221,18.8533,18.9867,18.44,18.98,9800
FLIR,20101221,28.85,29.09,28.67,29,1426700
FLML,20101221,6.96,7.24,6.96,7.11,43300
FLWS,20101221,2.47,2.5,2.44,2.5,110000
FLXS,20101221,16.73,16.73,16.73,16.73,300
FMBI,20101221,10.81,11.21,10.65,11.07,718000
FNGN,20101221,19.13,19.5,18.92,19.4,212900
FNLC,20101221,15.59,15.59,15.2,15.38,14000
FNSR,20101221,29.05,29.5,28.5,29.4,3770200
FOLD,20101221,4.37,4.48,4.34,4.48,38500
FONR,20101221,1.26,1.3,1.25,1.25,28600
FORD,20101221,3.56,3.56,3.35,3.38,46600
FORM,20101221,8.94,9.04,8.93,9,385200
FORR,20101221,33.91,34.41,33.43,34.27,79900
FORTY,20101221,18.7,18.87,18.7,18.79,5800
FOSL,20101221,72.24,73.39,71.51,73.03,550600
FRBK,20101221,2.17,2.4,2.17,2.34,71900
FRED,20101221,14.07,14.18,13.84,13.9,126700
FRME,20101221,8.87,8.88,8.77,8.86,40900
FRPT,20101221,5.61,5.74,5.56,5.7,388500
FSBK,20101221,6.06,6.7,5.98,6.41,57700
FSFG,20101221,14.45,14.68,14.45,14.6,4300
FSLR,20101221,132.54,133.95,131.61,133.03,1158600
FSTR,20101221,40.58,40.9,40.03,40.67,36300
FTEK,20101221,8.36,8.9,8.36,8.72,235100
FTNT,20101221,16.05,16.14,15.89,15.99,312300
FUEL,20101221,1.7,1.7,1.64,1.64,28700
FULT,20101221,9.83,10.04,9.77,9.95,1230100
FUNC,20101221,3.4,3.5,3.35,3.49,5500
FUND,20101221,7.52,7.55,7.48,7.52,26900
FWRD,20101221,29.1,29.54,29.05,29.46,55600
GABC,20101221,18.49,18.52,18.16,18.5,10400
GAIA,20101221,7.65,7.7,7.55,7.63,46200
GAIN,20101221,7.67,7.83,7.63,7.69,56900
GALT,20101221,4.62,4.74,4.5,4.68,63500
GASS,20101221,6.7,6.73,6.65,6.65,39500
GBCI,20101221,14.76,15.09,14.61,15.06,404200
GBDC,20101221,16.63,16.75,16.31,16.41,24400
GBLI,20101221,21.2,21.2,20.79,21.13,16700
GBNK,20101221,6.8,7.1,6.8,7.1,23100
GCBC,20101221,9.23,9.74,8.995,8.995,600
GENC,20101221,4.6667,4.68,4.6267,4.6267,1200
GENE,20101221,5.25,5.25,4.75,4.75,1000
GERN,20101221,5.1,5.17,5.02,5.14,2556000
GFED,20101221,4.75,4.75,4.49,4.7,4900
GFN,20101221,1.75,1.75,1.75,1.75,1900
GGAL,20101221,15.52,15.69,15.19,15.19,344700
GHDX,20101221,23.31,23.72,22.42,23.52,183200
GIFI,20101221,28.87,29.77,28.8,29.22,40800
GIGA,20101221,2.55,2.64,2.53,2.6,3000
GIGM,20101221,7.25,7.4,7.2,7.3,336200
GIII,20101221,17.875,17.895,17.61,17.79,173400
GILD,20101221,18.685,18.7,18.24,18.28,9513500
GILT,20101221,5.26,5.3,5.23,5.24,10500
GLAD,20101221,11.91,12.03,11.83,11.89,64500
GLBL,20101221,6.93,7.18,6.92,7.04,890700
GLBS,20101221,45.4,47,44.56,44.56,6700
GLBZ,20101221,7.99,8.1,7.99,8.06,3900
GLDD,20101221,7.69,7.69,7.24,7.33,1262400
GLNG,20101221,15.19,15.24,14.95,15.15,196200
GLRE,20101221,28.23,28.23,27.73,27.83,80000
GLUU,20101221,1.98,2.05,1.94,2.04,491200
GMAN,20101221,17.2,17.2,16.5,16.77,56200
GNCMA,20101221,13.28,13.29,12.72,13.14,231700
GNMK,20101221,4.16,4.25,4.11,4.11,11900
GNTX,20101221,14.785,15.005,14.735,14.81,1023500
GNVC,20101221,5.1,5.4,5,5.3,2996000
GOLD,20101221,87.14,87.39,84.29,84.79,1443900
GOOD,20101221,18.74,18.86,18.6,18.73,28200
GOODO,20101221,23.74,23.74,23.74,23.74,3600
GOODP,20101221,24.4,24.4,24.4,24.4,400
GOOG,20101221,299.285,302.36,298.805,301.535,1881600
GPIC,20101221,6.09,6.28,6.01,6.2,31100
GPOR,20101221,20.89,21.58,20.69,21.29,377600
GPRE,20101221,11.3,11.5,11.27,11.36,107300
GPRO,20101221,58.58,58.72,58.06,58.1,271800
GRID,20101221,31.79,31.96,31.79,31.96,3500
GRIF,20101221,30.04,30.81,30,30.81,4600
GRMN,20101221,31.35,31.64,31.24,31.25,869700
GROW,20101221,8.08,8.2,8.05,8.16,35200
GRVY,20101221,14.24,14.4,13.36,13.68,51100
GSBC,20101221,23.92,24.27,23.59,24.26,21200
GSIT,20101221,7.89,7.95,7.76,7.94,129600
GSM,20101221,17.65,17.91,17.5,17.88,339200
GSOL,20101221,10.16,10.51,10.1,10.47,55400
GT,20101221,11.82,12,11.8,11.94,2342100
GTIM,20101221,0.6,0.65,0.6,0.65,7200
GTLS,20101221,33.07,34.37,32.6,34.1,271500
GTXI,20101221,2.63,2.65,2.57,2.6,90100
GUID,20101221,7.34,7.34,7.22,7.26,27100
GULF,20101221,16.98,17,16.89,16.97,9100
GYRO,20101221,80,80,80,80,0
HA,20101221,8.09,8.21,8.01,8.18,565900
HAFC,20101221,1.04,1.09,1.04,1.09,915900
HAIN,20101221,14.175,14.245,13.86,13.89,350500
HALL,20101221,9.19,9.3,9.08,9.26,14200
HALO,20101221,7.71,7.77,7.63,7.73,195000
HAS,20101221,49.71,49.74,48.99,49.27,572500
HAWK,20101221,8.51,8.89,8.29,8.79,206600
HAYN,20101221,41.92,42.65,41.71,42.61,36400
HBAN,20101221,6.6,6.77,6.53,6.7,34433300
HBANP,20101221,1095,1100,1095,1098,100
HBCP,20101221,14.2,14.2,14.12,14.14,12000
HBHC,20101221,36.31,37.26,35.92,37.04,128500
HBIO,20101221,4.03,4.05,3.95,4.05,45200
HBNC,20101221,7.7037,7.7037,7.7037,7.7037,300
HCCI,20101221,10.32,10.34,9.97,10,1300
HCKT,20101221,3.54,3.55,3.4,3.55,96300
HCSG,20101221,16.37,16.52,16.11,16.16,322200
HDNG,20101221,9.3,9.59,9.3,9.59,21000
HDSN,20101221,1.65,1.69,1.58,1.65,23100
HEES,20101221,11.71,12.09,11.58,12.01,41400
HELE,20101221,29.62,30,29.4,29.96,83000
HEOP,20101221,3.2,3.2,3.14,3.14,12900
HFBC,20101221,9.09,9.2,9.09,9.13,2500
HFWA,20101221,13.61,13.7,13.43,13.64,39700
HGSH,20101221,3.62,3.62,3.15,3.28,2500
HIBB,20101221,38.14,38.46,37.14,37.32,310200
HIFS,20101221,42.92,43.15,42.92,43.15,1500
HIHO,20101221,3.52,3.53,3.35,3.49,2900
HIMX,20101221,2.03,2.06,2.02,2.04,821700
HLIT,20101221,8.74,8.74,8.56,8.62,1114600
HMNF,20101221,2.85,2.86,2.85,2.86,5100
HMSY,20101221,21.9933,22.0667,21.7733,21.9333,87000
HNRG,20101221,11.51,11.76,11.26,11.4,6600
HOFT,20101221,13.75,14.34,13.71,14.3,41500
HOLI,20101221,14.8,14.8,14.46,14.65,76200
HOLX,20101221,18.64,18.76,18.44,18.69,2682700
HOMB,20101221,5.665,5.6675,5.555,5.61,78000
HOVNP,20101221,6.02,6.1,6.01,6.1,32800
HPJ,20101221,3.15,3.15,3.02,3.06,59500
HRZN,20101221,15.25,15.45,15.16,15.35,60800
HSIC,20101221,62.36,62.42,61.8,61.98,290800
HSII,20101221,28.42,28.97,28.42,28.9,66600
HSKA,20101221,0.42,0.45,0.42,0.44,230600
HSNI,20101221,30.6,31.27,30.39,30.87,287100
HSTM,20101221,7,7,6.9,6.95,24500
HTBK,20101221,3.75,3.9,3.75,3.9,900
HTHT,20101221,21.2,21.39,20.01,21.02,425000
HTLD,20101221,16.08,16.25,16.07,16.21,302400
HTLF,20101221,17.65,17.66,17.4,17.62,10100
HUBG,20101221,35.93,36.18,35.83,35.85,154900
HURC,20101221,22.42,24.03,22.3,23.41,45800
HURN,20101221,26.46,26.47,26.13,26.26,124700
HWAY,20101221,11.12,11.56,11,11.53,206500
HWBK,20101221,8.78,9.15,8.78,9.15,700
HWCC,20101221,12.46,12.85,12.36,12.67,57600
HWKN,20101221,46.43,46.43,42.6,43.44,60200
HYGS,20101221,3.59,3.59,3.5,3.54,8100
IART,20101221,49.21,49.42,48.99,49.03,78900
IBB,20101221,94.7,94.76,94.13,94.58,158400
IBCP,20101221,1.37,1.75,1.2,1.53,1269300
IBKC,20101221,59.05,60.16,58.9,59.92,221800
IBKR,20101221,17.59,17.75,17.58,17.73,265600
IBOC,20101221,19.74,19.99,19.68,19.95,103100
ICAD,20101221,1.33,1.35,1.32,1.34,178700
ICCC,20101221,3.1,3.1,3.1,3.1,500
ICFI,20101221,26.45,26.56,25.85,26,142700
ICLN,20101221,15.67,15.94,15.67,15.86,13600
ICLR,20101221,21.76,22.13,21.68,21.82,152500
ICON,20101221,20.26,20.39,20.03,20.26,334900
ICUI,20101221,36.43,37.19,36.29,37,80100
IDCC,20101221,43.26,43.35,41.95,42.15,1065000
IDRA,20101221,2.65,2.75,2.55,2.69,127000
IDSA,20101221,13.26,13.48,12.84,13.11,80100
IDSY,20101221,3.14,3.14,3.07,3.08,65000
IDTI,20101221,6.75,6.78,6.63,6.64,2378800
IDXX,20101221,35.875,35.925,35.505,35.59,129900
IESC,20101221,3.6,3.62,3.53,3.57,10000
IFEU,20101221,29.23,29.23,29.19,29.19,200
IFGL,20101221,30.16,30.47,30.16,30.46,41700
IFON,20101221,0.78,0.79,0.73,0.75,72200
IGLD,20101221,32.24,32.49,32.24,32.47,4000
IGOV,20101221,100.36,100.36,99.65,99.65,3900
III,20101221,1.84,1.9,1.77,1.88,174800
IIIN,20101221,12.44,12.5,12.22,12.36,97800
IIJI,20101221,6.82,6.83,6.76,6.76,13200
IIN,20101221,3.73,3.73,3.65,3.71,8000
IIVI,20101221,23.92,24.03,23.75,23.895,60000
IKNX,20101221,7.33,7.33,7.33,7.33,0
ILMN,20101221,65.01,65.35,63.94,64.3,1130800
IMGN,20101221,9.55,9.8,9.47,9.68,562300
IMKTA,20101221,20.09,20.39,19.82,19.86,18500
IMMR,20101221,6.1,6.2,6.02,6.16,497000
IMMU,20101221,3.66,3.74,3.63,3.67,379500
IMMY,20101221,3.5,3.95,3.5,3.95,400
IMOS,20101221,1.46,1.53,1.45,1.48,274900
INAP,20101221,5.87,5.88,5.69,5.72,252100
INCY,20101221,15.93,16.84,15.7,16.43,8990600
INDB,20101221,27.48,27.74,27.3,27.5,34600
INDY,20101221,30.65,30.65,30.4,30.53,73800
INFI,20101221,6.33,6.76,6.18,6.41,42200
INFN,20101221,10.92,10.95,10.65,10.71,982700
ININ,20101221,26.93,27.35,26.55,27.12,97200
INOD,20101221,2.97,2.97,2.92,2.92,52900
INSM,20101221,0.58,0.6,0.57,0.59,2794900
INTC,20101221,21.27,21.27,21.08,21.1,34102200
INTG,20101221,21.76,21.76,21,21.75,4500
INTL,20101221,23.84,23.98,22.99,23.5,39800
INTU,20101221,49.63,50.33,49.59,50.08,2574500
INTX,20101221,10.5,10.5,10.2,10.47,6400
INVE,20101221,22.5,22.9,21.9,22.5,33900
INWK,20101221,6.85,7.09,6.84,7.06,155200
IOSP,20101221,21.65,21.79,21.15,21.15,81700
IPAR,20101221,19.5,19.62,19.15,19.3,116900
IPAS,20101221,1.17,1.19,1.16,1.19,205800
IPCC,20101221,62.86,62.86,61.97,62.37,23400
IPCI,20101221,2.67,2.67,2.51,2.66,7000
IPGP,20101221,32.43,33.09,32.25,32.79,103600
IPHS,20101221,35.52,36.08,35.26,35.88,46700
IPXL,20101221,21.01,21.01,20.73,20.88,513300
IRBT,20101221,23.61,23.78,23.04,23.74,135800
IRDM,20101221,8.64,8.69,8.38,8.41,599200
IRIX,20101221,3.92,3.94,3.76,3.92,15000
IRWD,20101221,10.9,10.9,10.36,10.83,81200
ISBC,20101221,5.102,5.1647,5.0706,5.1529,117300
ISCA,20101221,25.41,25.64,25.35,25.63,119800
ISHG,20101221,102.08,102.24,101.68,101.68,5600
ISIG,20101221,6.6,6.69,6.51,6.66,11000
ISIL,20101221,14.99,15.22,14.94,15.15,1002600
ISLE,20101221,10.7,10.95,10.42,10.87,78200
ISNS,20101221,13.35,13.4,13.33,13.4,500
ISRG,20101221,271.31,271.99,264.25,266.86,475200
ISRL,20101221,82.65,86,82.65,86,1200
ISSC,20101221,5.3,5.54,5.3,5.35,89700
ITIC,20101221,31,31.99,31,31.99,800
ITRI,20101221,54.44,54.81,54.01,54.23,511500
ITRN,20101221,17.4,17.6,17.35,17.5,12900
IVAC,20101221,14.48,14.72,14.48,14.7,64500
IXYS,20101221,12.21,12.21,11.92,11.97,77400
JACK,20101221,21.46,21.5,21.08,21.26,399100
JAKK,20101221,19.4,19.5,19.2,19.3,76700
JASO,20101221,34.6,35.55,34.25,35.05,8417200
JAZZ,20101221,19.8,20.17,19.62,19.97,522300
JBHT,20101221,39.6,40.47,39.41,40.33,916600
JBLU,20101221,6.69,6.71,6.63,6.68,3014000
JBSS,20101221,13.06,13.19,13,13.15,23100
JCOM,20101221,30.11,30.56,30.06,30.21,202600
JCS,20101221,14.14,14.16,13.82,14.14,6700
JCTCF,20101221,4.665,4.68,4.635,4.65,2000
JJSF,20101221,49,49.22,48.6,48.96,27100
JKHY,20101221,29.64,29.67,29.43,29.58,317000
JMBA,20101221,11.55,11.85,11.45,11.8,816800
JOBS,20101221,25.065,25.52,24.81,25.235,196300
JOUT,20101221,12.5,12.5,12.25,12.37,26600
JRJC,20101221,6.85,6.94,6.81,6.84,18500
JVA,20101221,3.8,3.8,3.74,3.74,8400
JXSB,20101221,10.45,10.45,10.45,10.45,0
KALU,20101221,51.09,51.35,50.88,51.16,149100
KCAP,20101221,6.63,7.12,6.55,6.96,196300
KELYA,20101221,19.44,19.66,19.36,19.63,105100
KEQU,20101221,13.6,13.77,13.5,13.5,4400
KERX,20101221,4.83,4.89,4.62,4.82,968800
KEYW,20101221,14.47,14.74,14.27,14.39,77400
KFFB,20101221,9.53,9.54,9.5,9.53,1600
KFRC,20101221,17.05,17.1,16.74,16.85,117100
KGJI,20101221,7.04,7.04,6.03,6.04,52000
KINS,20101221,3.25,3.25,3.1,3.1,1000
KIRK,20101221,12.83,12.95,12.55,12.75,260800
KLAC,20101221,39.79,39.87,39.58,39.63,886200
KLIC,20101221,7.5,7.6,7.45,7.52,633200
KNDI,20101221,5.7,5.7,5.25,5.28,3168400
KONA,20101221,4.67,4.67,4.56,4.56,7100
KONE,20101221,37,38.7,35.5,35.6,153800
KOOL,20101221,51,56.4,47.6,52.8,487000
KOPN,20101221,4.48,4.53,4.42,4.46,304100
KOSS,20101221,5.15,5.25,5.1,5.16,25800
KRNY,20101221,8.4,8.54,8.37,8.51,25400
KTCC,20101221,5.09,5.2,5.07,5.2,38000
KTEC,20101221,16.87,17.37,16.76,17.25,9300
KTOS,20101221,11.43,11.59,11.28,11.55,72200
KVHI,20101221,13.01,13.17,11.91,12.07,273400
KZ,20101221,6.95,7.07,6.95,7.06,100600
LABL,20101221,19.51,19.7,19.26,19.35,24800
LAKE,20101221,8.4,8.95,8.4,8.85,21700
LAMR,20101221,38.59,39.41,38.59,39.31,293900
LANC,20101221,57.47,57.79,57,57.09,80200
LARK,20101221,15.67,15.67,15.66,15.66,400
LAWS,20101221,26.35,26.35,23.92,26.15,14700
LAYN,20101221,35.17,35.21,34.5,34.84,91600
LBAI,20101221,11.4,11.43,11.28,11.32,54300
LBIX,20101221,2.39,2.57,2.38,2.46,78300
LBTYA,20101221,17.8845,17.8845,17.2049,17.6495,3106600
LBTYB,20101221,36,36,36,36,0
LBTYK,20101221,33.41,33.41,32.15,32.74,1226300
LCUT,20101221,14.1,14.1,13.81,13.86,20000
LECO,20101221,32.98,33.265,32.94,33.14,122000
LEDS,20101221,26.42,32.12,26.33,30.42,427600
LFUS,20101221,47.49,47.8,47.02,47.5,106500
LGCY,20101221,26.5,27.14,26.29,27.09,122800
LGND,20101221,9.16,9.16,8.75,9.15,112000
LHCG,20101221,28.03,28.74,28.03,28.54,83000
LIFE,20101221,55.42,55.62,55.03,55.13,1670400
LINC,20101221,15.75,15.92,15.32,15.51,333300
LION,20101221,6.6,6.91,6.5,6.9,15100
LIOX,20101221,3.82,3.82,3.76,3.77,154700
LIVE,20101221,2.4567,2.4967,2.2967,2.2967,10100
LKFN,20101221,14.2667,14.46,14.0933,14.4067,44900
LLNW,20101221,6.3,6.47,6.19,6.22,1693100
LLTC,20101221,34.91,35.07,34.72,34.93,1347600
LMAT,20101221,6.5,6.75,6.5,6.75,36000
LMCA,20101221,19.5433,20.0233,19.4833,19.8033,769100
LMIA,20101221,16.37,16.5,16.15,16.48,16600
LMNR,20101221,27.64,27.66,27.47,27.66,19000
LMNX,20101221,19.2,19.26,19.11,19.18,47600
LNCE,20101221,23.99,23.99,23.62,23.74,175200
LNDC,20101221,5.89,5.95,5.89,5.95,142600
LOAN,20101221,1.32,1.34,1.3,1.32,8900
LOGI,20101221,19.43,19.62,19.26,19.58,1919200
LOGM,20101221,46.63,47.17,46.48,46.89,122600
LOPE,20101221,18.82,18.95,18.69,18.78,276200
LORL,20101221,77.25,77.64,76.74,77.39,37300
LPLA,20101221,33.71,34.31,33.41,34.08,164200
LPNT,20101221,37.03,37.68,36.66,37.39,276600
LPSN,20101221,11.77,11.82,11.44,11.47,486200
LPTH,20101221,1.76,1.8,1.6,1.68,80700
LQDT,20101221,14.08,14.4,14.05,14.39,94200
LRAD,20101221,2.73,2.73,2.61,2.62,58000
LRCX,20101221,52.36,52.81,52.04,52.56,1323800
LSBK,20101221,8.35,8.35,8.35,8.35,0
LSCC,20101221,5.82,5.96,5.8,5.93,1749200
LSTR,20101221,39.57,40.15,39.35,40.02,343200
LTBR,20101221,26.05,26.65,25.6,26.5,87100
LTRX,20101221,3.95,3.95,3.83,3.95,2600
LULU,20101221,36.79,36.91,35.95,36.755,1231800
LUNA,20101221,1.82,1.82,1.78,1.79,5300
LWAY,20101221,9.7,9.8,9.68,9.77,23800
LXRX,20101221,10.99,11.13,10.92,11.13,311600
LYTS,20101221,9.02,9.03,8.81,8.86,46800
MAGS,20101221,3.03,3.13,3.01,3.05,8700
MANH,20101221,7.8925,8,7.8425,7.9775,104200
MANT,20101221,39.56,40.86,39.56,40.85,272300
MARPS,20101221,24.78,24.78,22.5,23.06,16700
MASI,20101221,30.82,30.96,30.22,30.28,427400
MAT,20101221,25.73,26.01,25.62,25.87,3129400
MATW,20101221,33.84,33.84,33.47,33.6,154200
MAYS,20101221,16.56,16.56,16.56,16.56,0
MBFI,20101221,16.4,16.5,16.35,16.45,647600
MBLX,20101221,64.08,65.04,63.24,63.9,189400
MBRG,20101221,14.26,14.49,14.23,14.23,4900
MBTF,20101221,1.51,1.63,1.51,1.56,14700
MBVT,20101221,28.69,29.1,28.68,28.93,9500
MBWM,20101221,6.8,7.25,6.68,7,31900
MCBC,20101221,3.85,3.85,3.51,3.59,188300
MCHP,20101221,33.98,34.56,33.92,34.47,1962400
MCHX,20101221,8.78,8.98,8.58,8.92,55100
MCRI,20101221,13.15,13.34,13,13.28,22600
MDCA,20101221,16.03,16.32,16.03,16.24,37800
MDCO,20101221,15.16,15.21,14.93,15.21,212700
MDM,20101221,5.82,5.95,5.64,5.84,64400
MDRX,20101221,19.53,19.55,19.38,19.48,1639500
MDSO,20101221,12.01,12.19,11.91,12.145,251200
MELI,20101221,68.35,69.28,67.78,68.99,549800
MENT,20101221,12.19,12.22,12.12,12.19,445300
MEOH,20101221,30.27,30.85,30.24,30.75,232300
MERC,20101221,6.96,7.27,6.91,7.2,414000
MFNC,20101221,4.03,4.04,4.03,4.03,2100
MFRI,20101221,10.65,10.67,10.5,10.64,1300
MFSF,20101221,9.5,9.5,9.25,9.25,500
MGEE,20101221,28.98,29.08,28.6133,28.76,50900
MGIC,20101221,6.92,7.45,6.92,7.14,1359700
MGLN,20101221,47.5,48.08,47.11,47.52,212700
MGPI,20101221,10.65,11.81,10.5,11.8,128100
MGRC,20101221,26.47,26.47,25.76,26.28,165700
MGYR,20101221,3.7,3.7,3.63,3.68,300
MHGC,20101221,9.3,9.39,9.06,9.06,124800
MHLD,20101221,7.92,7.95,7.88,7.94,156900
MIDD,20101221,28.3567,28.85,28.1633,28.7833,63000
MIND,20101221,10.49,10.68,10.45,10.55,21400
MINI,20101221,19.46,19.85,19.28,19.78,87700
MITL,20101221,5.42,5.5,5.41,5.41,32700
MKSI,20101221,24.29,24.78,24.25,24.63,216200
MKTX,20101221,19.99,20.69,19.93,20.63,214300
MLAB,20101221,25.79,26.86,25.79,26.85,2100
MLHR,20101221,25.72,26,25.58,25.99,181400
MLNK,20101221,6.96,6.97,6.84,6.93,230300
MLNX,20101221,25.61,26.07,25.44,26.01,89600
MLVF,20101221,6.09,6.09,6.09,6.09,0
MMLP,20101221,37.55,38.05,37.37,37.66,72500
MMSI,20101221,12.816,12.944,12.736,12.92,57100
MMYT,20101221,28.48,28.6,27.66,27.96,191100
MNDO,20101221,2.57,2.62,2.5,2.55,53500
MNKD,20101221,8.22,8.34,8.1,8.33,2875800
MNOV,20101221,4.98,4.98,4.87,4.88,1300
MNRO,20101221,36.2267,36.4933,35.5333,35.6267,113200
MNST,20101221,8.98,9.125,8.9017,8.9733,1164400
MNTA,20101221,15.3,15.3,15.15,15.24,602100
MNTX,20101221,3.72,3.77,3.67,3.74,58800
MOBI,20101221,5.6,5.65,5.36,5.54,234000
MOCO,20101221,12.33,12.4,12.15,12.15,5300
MOFG,20101221,15.72,15.81,15.06,15.64,6200
MORN,20101221,52.34,52.9,52.09,52.87,79100
MOSY,20101221,5.6,5.63,5.56,5.6,56700
MPAA,20101221,12.35,12.43,12.04,12.35,33900
MPB,20101221,7.6,7.63,7.6,7.61,400
MPEL,20101221,6.35,6.35,6.26,6.29,1831200
MPET,20101221,2.65,2.69,2.61,2.69,332700
MPWR,20101221,16.23,16.31,16.07,16.17,267900
MRCY,20101221,20,20.06,19.59,19.89,107700
MRLN,20101221,12.61,12.61,12.48,12.56,14600
MRTN,20101221,14.1933,14.4733,14.1067,14.3867,55900
MRVL,20101221,19.09,19.17,19,19.07,7910400
MSBF,20101221,6.09,6.09,5.98,5.98,600
MSCC,20101221,23.48,23.96,23.28,23.75,332500
MSEX,20101221,18.98,19.05,18.72,18.94,50900
MSFG,20101221,10.67,10.75,10.55,10.58,24900
MSFT,20101221,27.85,28.14,27.76,28.07,38152900
MSON,20101221,2.29,2.36,2.25,2.26,6900
MSTR,20101221,87,87.05,85.88,86.36,66800
MTEX,20101221,17.7,18,17.5,17.6,36400
MTRX,20101221,11.61,11.9,11.46,11.77,80000
MTSC,20101221,38.85,39.44,38.47,39.32,76400
MTSL,20101221,2.14,2.3,2.06,2.29,21400
MU,20101221,8.2,8.29,8.09,8.14,30135500
MVIS,20101221,13.76,13.92,13.28,13.92,880800
MXIM,20101221,23.88,23.96,23.59,23.66,2766000
MXWL,20101221,18.54,19.06,18.53,18.9,235500
MYGN,20101221,22.9,23.2,22.83,23.1,406500
MYL,20101221,21.28,21.34,21.07,21.21,4926100
MYRG,20101221,20.31,21.9,20.27,21.8,640800
NAII,20101221,6.04,6.04,5.9,6,6200
NANO,20101221,13,13.41,12.82,13.4,467700
NATH,20101221,16.72,16.75,16.29,16.45,7500
NATI,20101221,24.9933,25.2533,24.9667,25.0867,118100
NATR,20101221,8.55,8.95,8.55,8.95,9100
NAUH,20101221,7.1,7.1,6.98,7.06,98700
NAVG,20101221,50.87,51.1,49.5,51.07,116300
NAVI,20101221,3.66,3.68,3.38,3.66,151500
NBIX,20101221,8.25,8.42,8.22,8.42,342600
NBN,20101221,16.85,16.85,16.85,16.85,0
NBTB,20101221,24.2,24.5,24.06,24.44,64900
NCIT,20101221,22.69,23.5,22.24,22.78,44300
NCMI,20101221,19.93,20.04,19.87,20.01,169900
NCTY,20101221,6.37,6.49,6.16,6.43,116000
NDAQ,20101221,23.55,24.34,23.42,24.16,3419300
NDSN,20101221,46.49,47.135,46.23,47.105,193400
NEOG,20101221,27.62,27.7,26.9133,27.4,116500
NEPT,20101221,2.25,2.25,2.19,2.21,21400
NEWS,20101221,9.87,9.96,9.67,9.89,72400
NEWT,20101221,8.25,8.6,8.2,8.5,37400
NFBK,20101221,13.05,13.05,12.93,13,19600
NFEC,20101221,4.25,4.3,4.13,4.2,17400
NFLX,20101221,25.81,26.6443,25.6443,26.6057,5804400
NICE,20101221,33.47,34.17,33.47,33.84,183900
NICK,20101221,9.9,10.35,9.9,10.1,11900
NIHD,20101221,44.95,45.8,44.82,45.22,1268300
NILE,20101221,60.38,63.1,60.34,61.21,373500
NKSH,20101221,32.2,32.2,31.18,31.96,6600
NKTR,20101221,12.3,12.51,12.19,12.47,855400
NLST,20101221,2.47,2.52,2.47,2.49,67100
NMRX,20101221,8.3,8.4,8.11,8.11,17900
NNBR,20101221,11.27,11.55,11.1,11.46,346700
NRIM,20101221,18.18,18.59,18.18,18.57,1700
NSEC,20101221,11.5,12.37,11.25,12.37,3700
NSIT,20101221,13.93,14.21,13.71,14.17,340600
NSSC,20101221,1.93,1.93,1.84,1.85,2100
NSYS,20101221,4.01,4.05,4.01,4.05,200
NTAP,20101221,55.72,56,55.08,55.31,3064600
NTCT,20101221,23.63,24.07,23.6,23.97,194600
NTES,20101221,35.5,36.23,35.5,36.06,345900
NTGR,20101221,35.29,35.39,34.93,35.37,185700
NTIC,20101221,13.69,13.69,13.69,13.69,0
NTRI,20101221,21.49,21.65,21.26,21.59,173300
NTRS,20101221,54.58,54.92,54.1,54.9,1811900
NTWK,20101221,17.6,17.8,17.2,17.5,308400
NUAN,20101221,18.38,18.54,18.34,18.38,2063300
NURO,20101221,13.44,15.36,13.44,14.88,396800
NUTR,20101221,15.67,15.71,15.32,15.65,11900
NUVA,20101221,25.25,25.65,24.84,25.54,663700
NVAX,20101221,2.59,2.64,2.52,2.59,674100
NVDA,20101221,14.45,14.87,14.44,14.87,11675000
NVEC,20101221,56.42,57.31,56.42,57.25,30500
NVGN,20101221,0.5,0.5,0.47,0.48,99800
NVLS,20101221,32.43,32.79,32.43,32.64,1206800
NVMI,20101221,7.98,8.15,7.78,7.9,471800
NWBI,20101221,11.45,11.71,11.35,11.6,820600
NWFL,20101221,27,27,26.79,26.79,800
NWLI,20101221,172.52,173.23,172,172,1400
NWPX,20101221,23.72,24.4,23.65,24.07,36600
NWS,20101221,16.15,16.22,16.07,16.2,1203100
NWSA,20101221,14.47,14.56,14.4,14.49,7814500
NXPI,20101221,18.86,20,18.6,19.25,584000
NXST,20101221,6.05,6.05,5.92,6.01,20400
NXTM,20101221,24.19,24.34,23.88,24.32,389900
NYMT,20101221,6.75,6.85,6.72,6.72,189300
NYMX,20101221,6.4,6.47,6.06,6.22,201200
NYNY,20101221,5.4,5.4,5.2,5.35,106700
OBAS,20101221,6.85,7.25,6.8,7.25,6500
OBCI,20101221,1.78,1.93,1.78,1.93,3000
OCFC,20101221,13.02,13.29,12.99,13.26,22300
OCLR,20101221,12.47,12.5,12.26,12.5,781700
OCLS,20101221,64.05,64.05,59.85,60.55,82300
ODFL,20101221,20.6333,21.1667,20.6,21.1,287500
OFIX,20101221,27.45,28.03,27.27,28.02,150800
OFLX,20101221,16.93,17.02,16.85,17.02,1800
OGXI,20101221,16.1,16.2,15.93,16.17,59000
OIIM,20101221,5.84,5.93,5.77,5.83,308700
OKSB,20101221,11.88,12.55,11.88,12.52,88600
OLBK,20101221,8,8.29,8,8.02,1300
OMAB,20101221,16.08,16.17,15.99,16.16,1800
OMCL,20101221,14.55,14.99,14.49,14.89,183600
OMER,20101221,8.06,8.06,7.9,7.94,41000
OMEX,20101221,26.64,29.16,26.52,28.68,441000
ONEQ,20101221,104.98,105.29,104.69,105.19,7500
ONVI,20101221,3.9,4.61,3.9,4.41,39600
OPHC,20101221,99.6,146.8,99.6,139.6,18400
OPOF,20101221,11.01,11.01,10.77,11,4800
OPTT,20101221,57.7,59.6,57.3,58.1,38200
OPXA,20101221,5.52,5.64,5.48,5.48,95600
OPXAW,20101221,0.65,0.65,0.65,0.65,0
ORBC,20101221,2.59,2.59,2.52,2.56,105200
ORBK,20101221,12.5,12.52,12.35,12.41,86500
OREX,20101221,83.8,84.7,82.7,84,2118100
ORIT,20101221,12.18,12.32,12.09,12.31,524200
ORLY,20101221,62.82,62.98,61.81,61.93,729300
ORRF,20101221,27.47,27.56,27.36,27.56,13900
OSBC,20101221,1.82,1.87,1.82,1.85,10900
OSBCP,20101221,3.93,3.94,3.65,3.85,4500
OSHC,20101221,11.41,11.45,11.4,11.45,1700
OSIR,20101221,8.35,8.35,8.05,8.32,65300
OSIS,20101221,36.21,36.84,36.01,36.57,76100
OSN,20101221,13.5,14.25,12.75,12.75,1306900
OSTK,20101221,16.6,16.74,16.24,16.64,62400
OSUR,20101221,5.58,5.6,5.44,5.53,87700
OTEX,20101221,23.56,23.87,23.515,23.745,375400
OTIV,20101221,2.62,2.69,2.58,2.65,143800
OTTR,20101221,22.98,23.04,22.78,22.89,92900
OVBC,20101221,19.5,19.56,19.35,19.39,700
OVLY,20101221,5.75,5.75,5.75,5.75,3500
OZRK,20101221,10.9275,11.0575,10.885,11.04,126800
PAAS,20101221,39.8,40.16,39.47,40,746800
PACB,20101221,15.19,15.65,14.8,14.97,363200
PACW,20101221,19.96,20.59,19.91,20.56,233700
PAGG,20101221,30.42,30.84,30.42,30.84,21600
PANL,20101221,29.26,29.83,29.22,29.76,264100
PATK,20101221,1.2133,1.2333,1.1667,1.2333,30100
PAYX,20101221,31.28,31.29,30.66,30.67,5263600
PBCT,20101221,13.71,13.75,13.62,13.67,2842500
PBHC,20101221,8.5,8.5,8.5,8.5,1300
PBIB,20101221,10.19,10.19,10.1,10.1,3400
PBIP,20101221,5.76,5.8,5.76,5.8,300
PCAR,20101221,57.26,57.52,56.91,57.13,1813100
PCBK,20101221,9.83,10.11,9.64,10.06,46700
PCH,20101221,32.71,32.77,32.44,32.52,366200
PCLN,20101221,405.73,409.91,401.42,407,645900
PCTI,20101221,6.03,6.03,5.94,5.97,32400
PCYO,20101221,3.51,3.75,3.5,3.75,3000
PDCO,20101221,31.16,31.21,30.87,31.02,584300
PDEX,20101221,2.04,2.04,2.04,2.04,0
PDFS,20101221,4.92,5.03,4.85,4.93,66700
PDLI,20101221,6.45,6.48,6.35,6.38,1001100
PEBK,20101221,4.65,4.7,4.65,4.7,500
PEBO,20101221,16.48,16.48,16.02,16.16,28000
PEGA,20101221,18.5,18.81,18.335,18.645,136000
PEIX,20101221,11.7,12,11.4,12,1341200
PENN,20101221,34.39,34.4,34.01,34.28,410600
PERF,20101221,8.7,8.7,8.26,8.4,2500
PERY,20101221,26.45,27.11,26.17,27.05,97000
PESI,20101221,8.05,8.05,7.55,7.95,142500
PETS,20101221,18.79,18.87,18.67,18.75,118500
PFBC,20101221,1.6,1.64,1.6,1.64,103200
PFBI,20101221,6.2,6.36,6.18,6.18,7200
PFBX,20101221,13.36,14.2,13.35,14.2,2300
PFIN,20101221,2.93,3.31,2.93,3.31,11200
PFSW,20101221,3.71,3.75,3.6,3.7,116100
PGC,20101221,12.69,12.7,12.58,12.66,13900
PGNX,20101221,4.7,4.88,4.69,4.82,119000
PGTI,20101221,2.58,2.6,2.56,2.59,20600
PHII,20101221,21.7,22.22,21.5,22,9400
PHIIK,20101221,19.85,19.97,19.62,19.95,35700
PHMD,20101221,29.4,29.4,28.5,29.4,11200
PICO,20101221,31.67,31.68,31.38,31.61,72000
PKBK,20101221,9.5,9.5,9.4,9.5,1200
PKOH,20101221,20.14,21.28,20.1,21.18,58800
PLAB,20101221,5.98,6.05,5.96,5.98,437000
PLBC,20101221,2.05,2.05,2.01,2.05,2400
PLCE,20101221,50.7,50.7,49.54,49.98,275100
PLPC,20101221,62.07,62.58,61.33,62.08,16700
PLUG,20101221,0.38,0.4,0.38,0.39,251300
PLUS,20101221,24.5,24.84,24.5,24.83,6200
PLXS,20101221,28.81,29.69,28.81,29.69,261000
PMBC,20101221,3.7,3.7,3.64,3.69,12600
PMD,20101221,8.69,8.69,8.29,8.52,24600
PNBK,20101221,20.1,20.1,19.1,19.1,57700
PNFP,20101221,11.68,12.46,11.61,12.35,466900
PNNT,20101221,12.15,12.53,12.07,12.48,228400
PNQI,20101221,35.09,35.5,35.09,35.45,7500
PNRA,20101221,105.56,105.81,104.62,105.04,209900
PNRG,20101221,19.11,19.11,19.11,19.11,0
PNTR,20101221,6.2,6.2,6.19,6.2,1700
PODD,20101221,15.35,15.64,15.07,15.46,189700
POOL,20101221,22.98,23.1,22.83,23.07,122600
POPE,20101221,36.5,37.5,36.3,36.98,3600
POWI,20101221,40.66,40.95,40.61,40.86,252500
POWL,20101221,32.4,32.48,32.08,32.3,42300
PPBI,20101221,5.71,6,5.7,6,4500
PPHM,20101221,2.21,2.23,1.86,1.9,2354700
PRAA,20101221,25.4933,25.74,25.1833,25.71,134600
PRAN,20101221,7.62,7.92,7.5,7.92,21700
PRCP,20101221,4.84,4.99,4.79,4.99,28500
PRFT,20101221,11.75,11.99,11.69,11.98,86100
PRFZ,20101221,64.4,64.87,64.36,64.76,12700
PRGS,20101221,27.9,28,27.4467,27.4467,345900
PRGX,20101221,5.95,6.1,5.94,6.02,150800
PRIM,20101221,9.32,9.4,9.07,9.38,58800
PRKR,20101221,5,5,4.4,4.6,284700
PRMW,20101221,13.24,13.45,12.87,13.3,156700
PROV,20101221,6.8,6.8,6.52,6.76,6600
PRPH,20101221,1.03,1.14,1.02,1.06,4500
PRSC,20101221,17.29,17.29,16.6,16.95,34500
PRTS,20101221,8.75,8.91,8.71,8.78,160000
PRXL,20101221,21.23,21.67,21.11,21.58,582800
PSAU,20101221,49.39,49.55,49.08,49.55,4600
PSDV,20101221,5.94,6.77,5.89,6.73,479000
PSEC,20101221,10.7,10.75,10.62,10.65,1025700
PSMT,20101221,37.75,37.75,36.67,37.34,197500
PSTB,20101221,5.84,5.9,5.79,5.87,112300
PSTI,20101221,1.61,1.66,1.59,1.64,185700
PTEN,20101221,21.44,21.94,21.43,21.69,2240000
PTIE,20101221,6.62,6.62,6.47,6.51,204300
PTNR,20101221,20.16,20.17,19.96,20.02,137400
PTSI,20101221,11.89,12.11,11.65,12.11,6100
PVTB,20101221,14.61,14.61,14.38,14.54,471700
PVTBP,20101221,26.5,26.5,26.38,26.38,1700
PWOD,20101221,39.36,40.16,38.68,39.84,19100
PXLW,20101221,3.45,3.49,3.37,3.4,58600
PZZA,20101221,13.415,13.91,13.295,13.87,235300
QABA,20101221,24.55,24.7,24.53,24.69,3800
QADA,20101221,10.64,10.93,9.75,9.8,23600
QADB,20101221,10.37,10.98,9.81,9.94,63600
QBAK,20101221,9.78,10.26,9.78,9.78,12500
QCLN,20101221,16.43,16.54,16.43,16.5,3200
QCOM,20101221,49.7,50,49.58,49.99,9280000
QCRH,20101221,7.9,7.9,7.04,7.58,23100
QDEL,20101221,14.09,14.09,13.84,13.99,99200
QGEN,20101221,19.34,19.35,19.15,19.19,791800
QLTI,20101221,6.98,6.98,6.86,6.87,97000
QNST,20101221,20.62,20.67,20.37,20.46,155800
QQEW,20101221,23.9,23.93,23.84,23.93,34000
QQQ,20101221,54.76,54.89,54.62,54.89,35775300
QQQX,20101221,14.11,14.11,13.97,14.07,62300
QQXT,20101221,21.25,21.25,21.18,21.23,4900
QSII,20101221,35.34,35.905,35.22,35.65,85600
QTEC,20101221,25.82,25.99,25.82,25.99,135900
QUIK,20101221,6.2,6.66,6.19,6.46,987900
RADA,20101221,4.7,4.7,4.7,4.7,300
RAIL,20101221,27.32,28.36,27.22,28.3,144400
RAND,20101221,3.07,3.07,3,3.07,7600
RAVN,20101221,24.075,24.795,23.985,24.66,28300
RBCAA,20101221,23.86,24.14,22.12,24.13,47000
RBCN,20101221,20.34,20.46,19.6,20.38,587600
RBPAA,20101221,1.5,1.5,1.14,1.45,21200
RCII,20101221,31.47,31.58,31.25,31.34,426500
RCKY,20101221,10.23,10.25,9.93,9.98,48900
RCMT,20101221,4.49,4.65,4.49,4.55,83000
RCON,20101221,4.16,4.2,4.05,4.16,8000
RDCM,20101221,9.56,9.6,9.33,9.5,31900
RDI,20101221,4.97,5.04,4.86,5,14500
RDNT,20101221,2.36,2.45,2.35,2.37,31100
RDWR,20101221,19.93,19.93,19.215,19.425,361900
RECN,20101221,18.75,18.77,18.63,18.76,80100
REFR,20101221,5.2,5.2,5,5.1,31000
REGN,20101221,32.77,33.94,32.51,33.65,399800
REIS,20101221,6.99,6.99,6.89,6.9,1400
RELL,20101221,11.68,11.74,11.57,11.65,46000
RELV,20101221,12.6,12.95,12.39,12.81,19100
REXX,20101221,13.14,13.49,13.07,13.29,442200
RFIL,20101221,3.2,3.245,3.195,3.245,1500
RGCO,20101221,16.275,16.6,16.275,16.5,1900
RGEN,20101221,4.06,4.15,3.99,4.11,91200
RGLD,20101221,54.06,54.59,53.73,54.01,408500
RICK,20101221,8.4,8.71,8.39,8.5,251400
RIGL,20101221,7.85,7.88,7.65,7.8,481200
RLOG,20101221,4.52,4.9,4.45,4.88,24300
RMBS,20101221,19.63,19.74,19.55,19.61,590800
RMCF,20101221,9.6,9.63,9.52,9.57,11800
RMTI,20101221,7.94,8.13,7.92,8.08,21600
RNET,20101221,14.67,14.67,13.01,13.7,85400
RNST,20101221,16.92,17.3,16.8,17.28,159700
RNWK,20101221,3.97,4,3.94,4,162400
ROCK,20101221,13.52,14,13.29,13.84,110900
ROIA,20101221,1.05,1.11,1.05,1.08,10400
ROIAK,20101221,1.07,1.1,1.05,1.1,113900
ROIC,20101221,9.69,9.7,9.63,9.65,854000
ROLL,20101221,37.8,38.76,37.8,38.31,53100
ROSG,20101221,15.3,15.75,15,15.75,59100
ROST,20101221,15.71,15.85,15.6,15.7775,641300
RP,20101221,32.85,33.41,31.54,32.76,130700
RPRX,20101221,1.37,1.53,1.35,1.53,311300
RRGB,20101221,21.37,22,21.27,21.88,326600
RSYS,20101221,9.13,9.2,8.97,9.03,87700
RTIX,20101221,2.7,2.72,2.63,2.65,205900
RUSHA,20101221,19.6,19.75,19.41,19.74,68800
RUSHB,20101221,17.98,18,17.43,17.54,36700
RUTH,20101221,5.06,5.17,5.04,5.12,180400
RVSB,20101221,2.65,2.69,2.57,2.62,17300
RXII,20101221,28.6,29.7,27.5,27.5,537400
RYAAY,20101221,29.99,30.02,29.75,29.91,609500
SAAS,20101221,2.96,3.06,2.95,3.06,36700
SAFM,20101221,39.83,40.25,39.75,40.1,376900
SAFT,20101221,48.33,48.84,48.1,48.77,28900
SAIA,20101221,10.4533,10.8333,10.3733,10.7933,94700
SALM,20101221,3.19,3.22,3.12,3.19,14700
SANM,20101221,11.34,11.88,11.26,11.81,2525400
SANW,20101221,3.01,3.05,3,3.05,10000
SASR,20101221,18.1,18.39,17.91,18.29,69200
SATS,20101221,22.59,23.5,22.59,23.28,255500
SBAC,20101221,39.88,40.65,39.65,40.48,1464600
SBBX,20101221,5.55,5.87,5.55,5.83,1700
SBCF,20101221,6.05,6.4,6.05,6.3,205300
SBGI,20101221,8.32,8.36,7.74,8.31,402800
SBLK,20101221,204.75,206.25,202.5,205.5,157700
SBNY,20101221,48.88,50.03,48.88,49.65,229300
SBNYW,20101221,26.7,26.7,26.7,26.7,0
SBRA,20101221,18.21,18.35,17.99,18.04,263900
SBSA,20101221,0.76,0.76,0.74,0.74,50600
SBSI,20101221,19.8,20.4667,19.6667,20.3905,22600
SBUX,20101221,16.525,16.525,16.25,16.43,3673400
SCHL,20101221,27.61,27.95,27.49,27.87,153800
SCHN,20101221,65.62,66.42,65.44,66.09,260000
SCKT,20101221,1.9,1.9,1.83,1.83,8000
SCLN,20101221,4.1,4.15,4.07,4.1,512800
SCMP,20101221,3.78,3.8,3.67,3.76,20000
SCON,20101221,259.2,270,255.6,270,42300
SCOR,20101221,22.25,22.44,22,22.15,75200
SCSC,20101221,33.3,33.42,32.89,33.24,90900
SCSS,20101221,9.22,9.33,9.11,9.25,540700
SCVL,20101221,19.2133,19.2467,18.8733,19.1667,52900
SEAC,20101221,8.75,9.03,8.75,8.95,185000
SEED,20101221,9.98,10.01,9.79,9.92,198300
SEIC,20101221,24.05,24.18,23.88,24.18,1123400
SENEA,20101221,27.91,28.69,27.8,28.53,29800
SENEB,20101221,28.23,28.43,28.23,28.43,300
SFLY,20101221,35.48,35.84,35.39,35.69,150800
SFNC,20101221,29.06,29.5,28.31,29.43,68500
SFST,20101221,7,7,7,7,400
SGC,20101221,9.85,10,9.85,10,1500
SGEN,20101221,15.44,15.7,15.23,15.43,981600
SGMA,20101221,6.5,6.63,6.45,6.63,1700
SGMO,20101221,6.77,6.99,6.66,6.88,446600
SGMS,20101221,9.66,9.82,9.53,9.81,568400
SGOC,20101221,20.2,20.2,19.6,19.88,112900
SGRP,20101221,0.95,0.95,0.95,0.95,900
SHBI,20101221,9.65,9.91,9.56,9.91,17300
SHEN,20101221,9.56,9.63,9.5,9.545,24000
SHIP,20101221,5,5.05,4.8,4.85,279700
SHIPW,20101221,0.03,0.03,0.03,0.03,20000
SHLD,20101221,68.69,68.71,67.93,68.11,248400
SHLM,20101221,22.81,22.94,22.57,22.81,185000
SHLO,20101221,13.42,13.42,12.48,13.39,23900
SHOO,20101221,20.0089,20.5733,20.0089,20.5111,234000
SHOR,20101221,7.72,7.77,7.59,7.76,305300
SIEB,20101221,1.77,1.8,1.75,1.75,1100
SIFI,20101221,7.95,8.5,7.69,8.2,34700
SIFY,20101221,1.96,1.98,1.92,1.96,123500
SIGI,20101221,18.43,18.53,18.26,18.51,149200
SIGM,20101221,13.83,13.85,13.68,13.72,248400
SILC,20101221,19,19.08,18.61,18.82,43500
SIMO,20101221,4.36,4.4,4.21,4.24,116600
SINA,20101221,68.02,73.86,68.02,73.7,2627100
SINO,20101221,2.49,2.49,2.35,2.35,3100
SIRI,20101221,1.41,1.49,1.4,1.48,57364300
SIVB,20101221,51.93,53.2,51.64,52.84,484600
SIVBO,20101221,24.65,24.69,24.18,24.69,2400
SKYW,20101221,16.59,16.73,16.56,16.63,163800
SLAB,20101221,46.23,46.63,46.08,46.24,225700
SLGN,20101221,36.42,36.5,36.15,36.5,128200
SLMAP,20101221,41.7,42.75,41.7,42.5,26800
SLP,20101221,2.54,2.55,2.46,2.47,45400
SLRC,20101221,24.46,24.59,24.41,24.55,119800
SMBC,20101221,8.445,8.445,8.445,8.445,0
SMCI,20101221,11.47,11.84,11.43,11.81,174000
SMED,20101221,4.3,4.37,4.3,4.32,55400
SMIT,20101221,3,3,3,3,0
SMMF,20101221,3.99,4.02,3.99,4.02,1800
SMRT,20101221,9.83,10,9.83,9.97,118600
SMSI,20101221,63.84,65,63.68,64,206400
SMTC,20101221,23.3,23.38,23.18,23.32,304200
SMTX,20101221,3.39,3.54,3.39,3.51,74200
SNAK,20101221,4.25,4.33,4.18,4.28,11700
SNBC,20101221,22.25,22.55,21.55,22.45,34800
SNCR,20101221,27.5,27.88,27.41,27.86,112500
SNFCA,20101221,1.78,1.8,1.73,1.8,4300
SNHY,20101221,24.6333,25.3,24.5533,25.16,34700
SNMX,20101221,7.38,7.59,7.36,7.49,127200
SNPS,20101221,27.07,27.34,27.07,27.24,938700
SNSS,20101221,3.12,3.18,2.52,2.64,17563600
SODA,20101221,33.15,34.85,32.8,34.78,637000
SOFO,20101221,13.92,14.5,13.75,14.14,11800
SOHU,20101221,65.49,66.85,65,66.5,932800
SONA,20101221,7.36,7.48,7.36,7.42,23800
SONC,20101221,10.78,11,10.74,10.89,1115700
SONS,20101221,12.9,13.15,12.9,13,1406100
SORL,20101221,8.68,8.78,8.61,8.69,96100
SOXX,20101221,55.65,55.94,55.64,55.77,39100
SPAN,20101221,14.8,14.98,14.79,14.98,1800
SPAR,20101221,6.78,6.87,6.72,6.74,290500
SPEX,20101221,243.2,296.4,239.4,288.8,802400
SPIL,20101221,5.84,5.87,5.8,5.84,1404600
SPLS,20101221,22.47,22.59,22.17,22.28,6776700
SPNC,20101221,5.16,5.16,5,5.1,56000
SPNS,20101221,2.37,2.37,2.29,2.29,10800
SPPI,20101221,6.34,6.48,6.2,6.36,848600
SPRT,20101221,7.08,7.08,6.78,6.8,282900
SPSC,20101221,15.15,15.54,14.84,15.35,46300
SPTN,20101221,17.34,17.62,17.11,17.45,56600
SPU,20101221,4.38,4.48,4.35,4.45,113700
SQQQ,20101221,491.84,494.88,488.32,488.32,277500
SRCE,20101221,19.94,20.29,19.78,20.24,14800
SRCL,20101221,79.97,80.64,79.35,79.61,260000
SRDX,20101221,11.58,11.74,11.4,11.55,131300
SSBI,20101221,6.21,6.29,6.21,6.29,3500
SSFN,20101221,6,6,5.78,6,1100
SSNC,20101221,20.38,20.72,20.1,20.66,27800
SSRI,20101221,26.98,27.55,26.39,27.52,1418900
SSYS,20101221,33.48,34.05,33.4,34.03,79300
STAA,20101221,5.78,5.78,5.67,5.74,71000
STBA,20101221,22.23,22.89,22.05,22.78,90900
STEM,20101221,12.96,13.32,12.6,13.32,1535800
STFC,20101221,17.2,17.2,16.57,16.77,38400
STKL,20101221,8.75,8.83,8.25,8.46,903900
STLD,20101221,18.04,18.23,17.85,18.22,3441700
STLY,20101221,3.14,3.15,3.09,3.1,68500
STMP,20101221,14.39,14.39,14.19,14.26,28100
STPP,20101221,52.99,53.38,52.98,53.24,14100
STRA,20101221,164.37,165.05,158.64,159.36,140800
STRL,20101221,13.35,13.36,13.16,13.3,62600
STRM,20101221,1.58,1.65,1.58,1.58,26700
STRS,20101221,9.1,9.1,9,9,2300
STRT,20101221,32.6,33.15,31.27,31.49,4900
STX,20101221,14.75,14.92,14.75,14.76,5532400
SUMR,20101221,7.39,7.4,7.33,7.37,79900
SVA,20101221,4.66,4.7,4.59,4.59,115500
SVBI,20101221,3.05,3.28,3.05,3.16,2700
SWHC,20101221,3.73,3.74,3.72,3.73,432500
SWIR,20101221,12.98,13.12,12.89,13.03,67400
SWKS,20101221,28.21,28.47,27.97,28.24,1745200
SYBT,20101221,16.5067,16.5533,16.3667,16.54,15200
SYKE,20101221,20.98,21.06,20.83,20.97,115600
SYMC,20101221,16.7,16.9,16.61,16.7,6645000
SYMX,20101221,1.01,1.03,1,1.01,51200
SYNA,20101221,30.4,30.57,29.74,29.87,604900
SYNL,20101221,9.95,10.31,9.95,10.22,154300
SYNT,20101221,24.29,24.315,24.125,24.265,72100
SYPR,20101221,3.88,3.99,3.88,3.97,7500
SYUT,20101221,14.45,14.49,14.2,14.38,60200
TACT,20101221,9.47,9.49,9.35,9.38,8000
TAIT,20101221,1.49,1.54,1.48,1.48,4200
TASR,20101221,4.88,5.07,4.86,4.88,975500
TAST,20101221,7.85,7.85,7.76,7.79,109800
TATT,20101221,5.2,5.4,5.2,5.26,14900
TAYD,20101221,4.97,5.23,4.97,5.23,3300
TBBK,20101221,9.64,9.9,9.55,9.68,59700
TBNK,20101221,19.98,20,19.81,19.99,19600
TCBI,20101221,20.95,21.78,20.92,21.71,396600
TCBIW,20101221,11.02,11.02,11.02,11.02,0
TCBK,20101221,15.31,15.49,15.22,15.49,17900
TCCO,20101221,14,14.19,12.95,13.29,98300
TCRD,20101221,13.25,13.25,13.14,13.2,37300
TCX,20101221,3.24,3.24,3.08,3.08,40400
TEAR,20101221,2.15,2.2,2.13,2.19,13900
TECD,20101221,43.09,43.8,43.07,43.63,322800
TECH,20101221,66.95,67.26,66.49,67.04,78100
TESO,20101221,15.6,16.1,15.5,16.01,92300
TESS,20101221,15.76,16.14,15.67,16.1,14500
TFSL,20101221,8.47,8.5,8.36,8.5,1179100
TGA,20101221,15.13,15.25,14.74,15.2,635400
THFF,20101221,35.92,36.52,35.57,36.44,14800
THLD,20101221,1.2,1.27,1.12,1.13,218600
TICC,20101221,10.81,10.84,10.71,10.74,200500
TINY,20101221,4.6,4.67,4.46,4.61,76600
TISA,20101221,1.27,1.29,1.25,1.25,95800
TITN,20101221,19.86,20.27,19.65,20.17,118500
TIVO,20101221,8.62,8.73,8.51,8.73,1179300
TLF,20101221,4.7,4.75,4.63,4.72,15600
TLT,20101221,93.13,93.79,92.49,93.79,8985000
TNAV,20101221,7.07,7.24,6.87,7.24,55100
TNDM,20101221,14.75,15.35,14.75,15.2,425300
TOPS,20101221,67.2,72.8,67.2,71.4,134400
TORM,20101221,9.86,9.96,9.64,9.82,27100
TOWN,20101221,16.03,16.18,15.9,16.18,59600
TQQQ,20101221,18.7925,18.8925,18.6488,18.8838,87400
TREE,20101221,8.08,8.26,8,8.12,67000
TRIB,20101221,8.9,8.9,8.76,8.86,33000
TRMB,20101221,20.06,20.275,20.03,20.14,283100
TRMK,20101221,24.46,24.95,24.46,24.88,238600
TRNS,20101221,7.5,7.89,7.5,7.89,32600
TROW,20101221,63.73,64.54,63.61,64.27,1345500
TRS,20101221,21.62,22.1,21.48,21.93,318200
TRST,20101221,6.21,6.37,6.17,6.33,258500
TRUE,20101221,0.85,0.92,0.85,0.85,4100
TSBK,20101221,3.52,3.59,3.4,3.59,8800
TSCO,20101221,24.32,24.32,24.065,24.08,332000
TSEM,20101221,21,21,20.7,20.7,594000
TSLA,20101221,31.8,32.69,31.71,32.26,777600
TSRA,20101221,20.78,22.3,20.68,22.09,1652800
TTEC,20101221,20.49,20.64,19.93,20.58,402600
TTEK,20101221,26.31,26.53,26.31,26.45,648700
TTGT,20101221,7.8,7.84,7.63,7.71,55100
TTMI,20101221,15.34,15.4,15.24,15.3,508400
TTWO,20101221,12.69,12.82,12.54,12.56,1909400
TUES,20101221,5.49,5.54,5.35,5.39,251700
TWER,20101221,69,70.8,69,70,57000
TWIN,20101221,28.26,29.4,28.1,28.87,58600
TWMC,20101221,1.69,1.69,1.68,1.68,3200
TXN,20101221,32.52,32.68,32.38,32.44,4770700
TXRH,20101221,17.54,17.57,17.36,17.55,713000
TYPE,20101221,11.4,11.67,11.4,11.53,234600
TZOO,20101221,42.36,44.26,42.22,43.82,188700
UBCP,20101221,8.93,9,8.91,8.95,2800
UBFO,20101221,3.69,3.78,3.67,3.75,6300
UBNK,20101221,15.09,15.3,15.03,15.1,41100
UBOH,20101221,9.31,9.31,9.31,9.31,0
UBSH,20101221,14.22,14.79,14.11,14.73,31200
UBSI,20101221,27.75,28.68,27.75,28.5,247300
UCBA,20101221,6.6,6.6,6.6,6.6,400
UCBI,20101221,2.08,2.12,2.07,2.08,463000
UCFC,20101221,1.23,1.3,1.23,1.28,18900
UCTT,20101221,9.46,9.78,9.38,9.63,382300
UEIC,20101221,28.56,29.09,28.19,28.81,30900
UEPS,20101221,12.25,12.32,12.13,12.28,137300
UFCS,20101221,22.85,22.96,22.68,22.84,39700
UFPI,20101221,38.05,38.43,37.75,38.29,35600
UFPT,20101221,12.06,12.55,11.97,12.25,65400
UG,20101221,14.17,14.18,13.47,14.14,5600
UHAL,20101221,98.32,98.5,97.16,98.05,40100
ULBI,20101221,6.97,7.05,6.97,7.01,65200
ULTA,20101221,33.47,33.59,32.99,33.41,298700
ULTI,20101221,48.03,48.62,47.85,48.59,116700
UMBF,20101221,41.49,41.94,41.44,41.73,102300
UMPQ,20101221,11.95,12.07,11.92,11.95,968300
UNAM,20101221,9.24,9.25,9.24,9.25,1600
UNB,20101221,18.18,18.18,18.17,18.17,200
UNFI,20101221,39.45,39.85,39.07,39.21,239600
UNIS,20101221,55.7,56.7,55.4,56.1,148900
UNTY,20101221,6,6.1,6,6.1,2400
URBN,20101221,35.94,36.97,35.72,36.79,3232700
URRE,20101221,364.8,374.4,357.6,370.8,1849400
USAK,20101221,13.22,13.27,13.06,13.24,11700
USAP,20101221,32.68,32.99,32.37,32.91,23400
USAT,20101221,1.06,1.08,1.01,1.03,145200
USATP,20101221,15.62,15.62,15.62,15.62,400
USEG,20101221,34.14,34.68,33.3,34.08,209300
USLM,20101221,42.01,42.01,41.25,41.75,5300
UTEK,20101221,20.86,21.25,20.73,21.13,77600
UTHR,20101221,63.34,64.31,62.98,63.69,329600
UTMD,20101221,26.28,27.45,26.19,27.1,28400
UTSI,20101221,5.85,5.97,5.85,5.94,203800
UVSP,20101221,19.71,19.75,19.58,19.66,12700
VALU,20101221,15.38,15.52,15.34,15.46,1700
VASC,20101221,11.6,11.79,11.39,11.69,31000
VBFC,20101221,25.6,28,25.12,25.12,24800
VCIT,20101221,79.27,79.27,78.68,78.96,33000
VCLT,20101221,76.7,77.15,76.66,77.15,4900
VCSH,20101221,77.46,77.49,77.33,77.48,87800
VDSI,20101221,8.65,8.65,8.3,8.59,72000
VECO,20101221,41.39,41.55,40.03,40.36,3036100
VGIT,20101221,61.71,61.71,61.47,61.68,7300
VGLT,20101221,59.88,60.12,59.6,60.09,3000
VGSH,20101221,60.62,60.63,60.55,60.6,24800
VIA,20101221,45.32,45.32,44.9,45.2,16700
VIAB,20101221,38.57,38.92,38.38,38.83,2186000
VICL,20101221,20.7,20.9,20.5,20.8,247600
VICR,20101221,17,17,16.82,16.89,87500
VIRC,20101221,2.83,2.83,2.77,2.77,1600
VISN,20101221,78.6,84.8,76.6,82.8,509600
VIVO,20101221,24.11,24.14,23.85,24.14,107700
VLGEA,20101221,33.52,33.55,33.01,33.4,17600
VMBS,20101221,51.06,51.15,50.97,51.14,7400
VNDA,20101221,9.07,10.17,9.05,10.17,616800
VNQI,20101221,49.82,49.82,49.53,49.62,15900
VOD,20101221,26.5,26.53,26.33,26.48,5442000
VONE,20101221,57.29,57.48,57.26,57.48,6900
VONG,20101221,58.66,58.79,58.65,58.79,2000
VONV,20101221,55.88,56.12,55.86,56.12,7900
VOXX,20101221,8.57,8.72,8.45,8.54,167200
VRA,20101221,39.65,41.01,39.24,39.93,215800
VRML,20101221,6.08,6.59,5.83,6.56,224300
VRNT,20101221,31.26,31.5,30.82,31.39,192700
VRSK,20101221,34.4,34.66,34.29,34.44,747000
VRSN,20101221,34.32,34.33,33.75,33.92,2203400
VRTB,20101221,6.08,6.2,5.96,6.2,9500
VRTS,20101221,48.2,49,48.1,48.79,29300
VRTU,20101221,15.9,16,15.77,15.83,106700
VRTX,20101221,35.58,36.4,35.46,36.32,1561200
VSAT,20101221,44.11,44.11,43.72,44.08,127500
VSEC,20101221,17,17.15,16.9,17.05,6200
VTHR,20101221,57.66,57.66,57.66,57.66,600
VTWG,20101221,63.78,64.08,63.73,64.04,26400
VTWO,20101221,62.08,62.49,62.05,62.38,55100
VTWV,20101221,60.45,60.87,60.39,60.79,10600
VVUS,20101221,9.72,9.82,9.51,9.75,1665700
WABC,20101221,54.25,54.99,54.24,54.85,115000
WAFD,20101221,15.59,16.16,15.57,16.1,909800
WASH,20101221,22.04,22.35,21.87,22.27,29600
WAYN,20101221,8.39,8.39,8.39,8.39,0
WBMD,20101221,50.01,50.46,50.01,50.45,195000
WDC,20101221,33.32,33.63,33.25,33.5,2419600
WDFC,20101221,40.47,41.12,40.45,40.62,116800
WERN,20101221,22.65,22.86,22.45,22.78,344800
WEYS,20101221,25.79,26.03,25.78,26.03,6500
WFM,20101221,25.42,25.71,25.345,25.675,1133100
WILC,20101221,6.28,6.33,6.19,6.28,11600
WIN,20101221,14.17,14.27,14.12,14.17,4273000
WINA,20101221,32.85,33.18,32.85,33.18,1300
WIRE,20101221,24.76,25.2,24.55,24.95,82100
WLDN,20101221,4.05,4.05,3.96,3.96,7000
WLFC,20101221,13.16,13.29,13.16,13.24,12200
WMAR,20101221,10.25,10.31,10.09,10.29,22300
WMGI,20101221,15.29,15.47,15.21,15.46,178100
WOOD,20101221,43.99,44.08,43.99,44.08,19400
WOOF,20101221,23.42,23.57,23.33,23.54,277700
WPCS,20101221,437.36,438.9,406.56,412.72,25800
WPPGY,20101221,61.35,61.58,61.28,61.47,28700
WPRT,20101221,18.94,19.11,18.92,19.04,291400
WRLD,20101221,53.15,53.54,52.94,53.2,105500
WSBC,20101221,19.51,19.65,19.39,19.59,26600
WSBF,20101221,3.53,3.55,3.53,3.55,8300
WSCI,20101221,6.11,6.39,6,6.21,8600
WSFS,20101221,16.0933,16.4733,16.09,16.47,61300
WSTG,20101221,11.87,11.87,11.48,11.48,600
WSTL,20101221,3.1,3.3,3.1,3.29,503600
WTBA,20101221,8.03,8.04,7.93,8.03,12200
WTFC,20101221,32.27,32.68,32.21,32.41,472600
WVFC,20101221,8.9,9.05,8.9,9.05,4400
WVVI,20101221,3.4,3.49,3.35,3.36,8400
WYNN,20101221,106.73,106.95,105.15,105.91,1621100
XBKS,20101221,5.5,5.75,5.5,5.75,2300
XLNX,20101221,28.25,28.46,28.24,28.39,2761500
XOMA,20101221,48,85,47.8,81,11854000
XRAY,20101221,34.53,34.74,34.37,34.63,561500
XXIA,20101221,18.04,18.28,18.02,18.21,518100
YHOO,20101221,16.31,16.68,16.2,16.6,11394600
YORW,20101221,17.55,17.55,16.73,17.1,93600
YRCW,20101221,3.88,3.92,3.68,3.71,2041300
ZAGG,20101221,8,8.1,7.85,7.91,569100
ZBRA,20101221,38.4,39.11,38.17,38.37,300800
ZEUS,20101221,27.67,28.06,27.59,27.84,53500
ZGNX,20101221,48,48.56,42,44.4,117600
ZION,20101221,22.67,23.05,22.55,23.02,3250700
ZIONW,20101221,6.64,6.8,6.64,6.7,64200
ZIOP,20101221,4.88,5.14,4.88,5.05,424100
ZIXI,20101221,4.22,4.32,4.2,4.25,328600
ZN,20101221,4.6,4.64,4.54,4.63,102900
ZUMZ,20101221,29.74,29.83,28.91,29.23,263100
