<ticker>,<date>,<open>,<high>,<low>,<close>,<vol>
AAME,20070427,4.89,5.3,4.88,5.23,11800
AAON,20070427,5.1701,5.2133,4.9703,4.9801,15500
AAPL,20070427,14.0257,14.2786,13.9557,14.2743,25003300
AAWW,20070427,59.22,59.26,57.71,58.69,102500
ABAX,20070427,24.64,24.64,22.64,23.05,994500
ABCB,20070427,23.84,24.02,23.37,23.46,26800
ABCO,20070427,23.665,23.89,23.535,23.685,115100
ABMD,20070427,13.41,13.52,13.22,13.3,97400
ABTL,20070427,16.7,16.75,15.9,16.7,319900
ACAD,20070427,13.84,14,13.52,13.65,357600
ACAS,20070427,48.36,48.94,48.16,48.83,850000
ACAT,20070427,18.12,18.32,18,18.11,51800
ACET,20070427,8.29,8.29,8.18,8.26,14300
ACFC,20070427,19.89,19.9,19.77,19.88,2200
ACGL,20070427,23.6667,24.7467,23.6233,24.5333,388800
ACHN,20070427,5.83,5.86,5.39,5.76,103900
ACLS,20070427,30.8,31.28,30.68,30.92,1050300
ACOR,20070427,24.6,24.8,23.63,24.57,571700
ACPW,20070427,9.25,9.25,8.8,9,94400
ACTG,20070427,16.46,16.84,15.35,15.82,629800
ACTS,20070427,7.42,7.42,7.07,7.15,297900
ACXM,20070427,22.64,22.9,22.55,22.83,418000
ADBE,20070427,43.02,43.66,42.49,42.89,5435700
ADES,20070427,9.625,9.625,9.14,9.21,12700
ADI,20070427,39.73,39.9,38.1,39.16,3618600
ADP,20070427,39.0693,39.8421,38.9552,39.6577,2166800
ADRA,20070427,33.08,33.24,33.07,33.19,36800
ADRD,20070427,31.61,31.61,31.21,31.32,66600
ADRE,20070427,41.5,41.74,41,41.55,142300
ADRU,20070427,32.23,32.33,32.15,32.27,10100
ADSK,20070427,41.95,42.24,41.53,41.99,2119300
ADTN,20070427,26.6,26.82,26.08,26.26,818400
AEHR,20070427,5.85,5.92,5.78,5.78,4600
AEIS,20070427,25,25,24.13,24.21,771300
AEPI,20070427,42.74,43.03,42.1,42.92,25900
AEZS,20070427,2364,2364,2280,2316,20700
AFAM,20070427,19.48,19.48,18.59,18.99,58900
AFSI,20070427,6.19,6.29,6.13,6.16,159300
AGEN,20070427,3.35,3.37,3.18,3.26,665700
AGII,20070427,34.45,34.76,34.39,34.47,109100
AGYS,20070427,23.52,23.59,22.33,22.56,425900
AHGP,20070427,25.96,26.33,25.8,25.98,34200
AHPI,20070427,6.47,6.54,6.44,6.44,4600
AIMC,20070427,16.19,17.2,15.33,16.9,167400
AINV,20070427,22.19,22.27,21.91,22.16,684000
AIRM,20070427,9.2833,9.29,9.0767,9.22,95000
AIRT,20070427,7.93,8,7.9,8,6800
AIXG,20070427,8.4,8.41,8.27,8.38,23700
AKAM,20070427,46.06,46.49,44.62,44.8,8674100
AKRX,20070427,7.26,7.35,7.25,7.3,275600
ALCO,20070427,59.26,60.43,59.18,60.02,29500
ALGN,20070427,23.57,24.28,22.96,23.87,2147300
ALGT,20070427,32.66,33.41,31.8,32,37700
ALKS,20070427,16.83,16.87,16.5,16.79,671900
ALLT,20070427,8.15,8.21,7.56,7.78,43800
ALNY,20070427,20.5,20.6,19.91,19.96,133200
ALOG,20070427,63.03,63.26,62.42,62.7,56500
ALOT,20070427,11.79,11.8,11.7,11.7,3800
ALSK,20070427,15.83,17.15,15.59,16.52,1124700
ALXN,20070427,21.83,21.865,21.185,21.275,550800
AMAG,20070427,67.63,68.55,67.61,67.8,180800
AMAT,20070427,19.24,19.4,19.12,19.3,18404100
AMCC,20070427,2.92,3.03,2.91,3.01,5917000
AMD,20070427,14.33,14.45,14.21,14.32,23398300
AMED,20070427,31.76,31.92,30.28,30.44,1054200
AMGN,20070427,62.78,63.33,62.32,63.27,14448600
AMKR,20070427,14.53,14.71,14.45,14.62,2616200
AMNB,20070427,22.32,22.36,22.25,22.25,3900
AMOT,20070427,6.21,6.26,6.08,6.13,8500
AMOV,20070427,27.37,27.37,26.675,27.335,8400
AMPH,20070427,16.86,17,16.86,16.97,2500
AMRB,20070427,23.88,23.88,23.59,23.69,1500
AMRI,20070427,9.77,9.83,9.65,9.65,105800
AMRN,20070427,0.7,0.8,0.69,0.74,8615100
AMSC,20070427,147,150,146.6,149.6,272300
AMSF,20070427,19.83,19.85,19.49,19.78,127200
AMSG,20070427,23.65,23.67,23.12,23.15,159400
AMSWA,20070427,8.81,9.05,8.81,9,42500
AMTD,20070427,16.79,16.9,16.72,16.81,4932300
AMWD,20070427,35.76,35.85,34.95,35.17,94100
AMZN,20070427,61.28,63.84,60.62,62.6,50767600
ANAT,20070427,131.75,131.82,131.5,131.82,1500
ANCX,20070427,9.1,9.1,9,9.03,7700
ANDE,20070427,30.9133,31.52,30.6333,31.3467,489500
ANGO,20070427,17.33,17.67,17.02,17.15,258400
ANIK,20070427,13.16,14.29,13.15,13.83,82500
ANSS,20070427,25.715,26.01,25.585,25.915,172000
APOG,20070427,24.47,24.5,24.13,24.3,354400
APOL,20070427,48.9,48.9,48.14,48.53,1541200
ARAY,20070427,23.2,23.2,23,23.09,85400
ARCC,20070427,18.18,18.2,17.94,18,490100
ARCI,20070427,2.32,2.32,2.32,2.32,300
ARCW,20070427,2,2.16,2,2.12,3100
ARIA,20070427,4.63,4.9,4.62,4.86,1759200
ARII,20070427,32,32.13,31.46,31.61,53000
ARKR,20070427,34.96,34.96,33.53,34.79,3700
ARLP,20070427,19.825,19.995,19.695,19.76,43300
ARNA,20070427,13.11,13.2,13.04,13.1,604200
AROW,20070427,22.71,22.71,22.23,22.32,35300
ARQL,20070427,9.65,9.9,9.18,9.45,745100
ARRS,20070427,15.91,15.91,15.45,15.49,2980300
ARRY,20070427,14.44,14.44,13.89,14,428000
ARTNA,20070427,20.21,20.29,20.01,20.15,2100
ARTW,20070427,7.68,7.98,7.4,7.68,13300
ARTX,20070427,2.4,2.41,2.3,2.35,55500
ARWR,20070427,6.24,6.41,6.02,6.37,231500
ASFI,20070427,42.61,44.69,42.61,43.98,321300
ASML,20070427,27.22,27.57,27.13,27.31,3219300
ASRV,20070427,4.53,4.56,4.44,4.48,4200
ASRVP,20070427,25.28,25.28,25.28,25.28,0
ASTE,20070427,42.23,42.55,41.34,41.84,150300
ASYS,20070427,8.11,8.16,7.95,8.15,21000
ATEC,20070427,43.8,44.28,42.72,43.32,70200
ATLO,20070427,22.48,22.49,22.16,22.35,2700
ATNI,20070427,26.15,26.38,25.43,25.47,39900
ATRC,20070427,11.45,11.51,11.26,11.51,10300
ATRI,20070427,91.51,91.51,91.51,91.51,300
ATRO,20070427,16.1917,16.2333,16.1167,16.2333,2900
ATTU,20070427,1.08,1.17,1.07,1.16,8500
ATVI,20070427,10.375,10.44,10.175,10.185,3650900
AUBN,20070427,27.71,27.71,27.71,27.71,0
AUDC,20070427,6.81,6.91,6.8,6.9,226400
AVAV,20070427,22.45,22.48,22.13,22.22,82000
AVID,20070427,34.38,34.7,33.6,33.98,2634400
AWRE,20070427,6.2,6.24,5.97,5.99,65100
AXTI,20070427,4.03,4.1,3.98,3.98,125100
AZPN,20070427,14.22,14.25,13.76,14,538200
BABY,20070427,18.75,18.8,18.5,18.75,131400
BANF,20070427,45.01,45.02,44.15,44.47,14800
BANFP,20070427,25.34,25.34,25.34,25.34,0
BANR,20070427,267.4,270.13,265.23,269.22,65500
BASI,20070427,7.59,7.64,7.27,7.5,4000
BBBY,20070427,41.08,41.44,41.07,41.33,1662500
BBGI,20070427,8.95,8.95,8.95,8.95,600
BBOX,20070427,37.51,37.72,37.38,37.55,153900
BBRY,20070427,134.61,134.99,133.3,134.75,2390300
BBSI,20070427,24.87,24.87,23,23.05,80100
BCBP,20070427,17.25,17.25,17.25,17.25,0
BCPC,20070427,12.72,12.8867,12.4067,12.6733,36600
BCRX,20070427,9.31,9.36,8.7,8.73,265600
BDSI,20070427,6.28,6.34,5.85,5.91,522200
BEAV,20070427,34.11,34.79,34.03,34.73,856900
BEBE,20070427,17.95,18.23,17.82,18.14,579700
BECN,20070427,15.84,17.31,15.81,16.35,5774300
BELFA,20070427,34.46,34.46,34.05,34.1,6600
BELFB,20070427,35.69,35.92,35,35.66,28900
BFIN,20070427,16,16.12,16,16.05,37000
BGFV,20070427,26.8,26.8,26,26.14,55900
BIDU,20070427,13.055,13.28,12.338,12.457,14441100
BIIB,20070427,48,48.23,47.49,47.99,4216200
BIOS,20070427,3.31,3.45,3.31,3.39,177500
BJRI,20070427,21.45,21.85,21.1,21.38,198500
BKMU,20070427,11.73,11.83,11.7,11.78,214600
BKSC,20070427,15.89,15.89,15.89,15.89,0
BLDP,20070427,5.05,5.17,5,5.15,729500
BLDR,20070427,16.5,16.52,16.22,16.25,291600
BLKB,20070427,22.56,22.8,22.38,22.42,223800
BLUE,20070427,1.98,2.04,1.84,1.86,53900
BMRC,20070427,35.72,35.74,35.72,35.73,400
BMRN,20070427,16.43,16.43,16.04,16.22,1675600
BMTC,20070427,24.29,24.33,24.04,24.18,4400
BNCN,20070427,18.61,18.61,18.61,18.61,100
BNSO,20070427,3.75,4.08,3.75,4.01,6300
BOBE,20070427,37.1,37.34,36.75,37.12,189000
BOCH,20070427,12.22,12.22,11.39,11.6,2000
BOFI,20070427,1.7775,1.7875,1.7525,1.7525,3600
BOKF,20070427,51.61,52,51.59,51.61,27400
BONT,20070427,53.03,53.03,51.8,51.83,197400
BOOM,20070427,34.34,35.4,33.14,34.4,1266100
BOSC,20070427,11.2,11.2,11.2,11.2,0
BPFH,20070427,28.16,28.97,28.15,28.5,288600
BPOP,20070427,170.5,170.9,169.2,170.1,1739500
BPOPM,20070427,25.2,25.2,25.2,25.2,0
BPOPN,20070427,25.23,25.23,25.23,25.23,0
BRCD,20070427,10.13,10.24,10.11,10.12,4279500
BRID,20070427,7.46,7.47,7.46,7.47,200
BRKL,20070427,12.19,12.25,12.08,12.08,365400
BRKR,20070427,11.3,11.44,11.06,11.42,466600
BRKS,20070427,17.34,17.38,17.18,17.29,636000
BSET,20070427,14.72,14.84,14.61,14.73,22400
BSQR,20070427,5.69,5.81,5.51,5.77,96100
BSRR,20070427,27.93,28.45,27.93,28.08,57700
BUSE,20070427,20.55,20.71,20.18,20.39,23700
BWINA,20070427,25.47,25.47,25.47,25.47,0
BWINB,20070427,24.99,24.99,24.48,24.59,6400
BWLD,20070427,32.4,33.375,32.115,33.27,239800
BYFC,20070427,11.05,11.05,11.05,11.05,0
CA,20070427,26.8763,26.9643,26.5243,26.6905,1985200
CAAS,20070427,7.62,7.63,7.53,7.54,61900
CACB,20070427,22.13,22.28,21.94,21.99,349500
CACC,20070427,27.41,27.85,27.07,27.33,21800
CAKE,20070427,28.88,28.9,28.28,28.39,1710000
CALD,20070427,8.2,8.45,7.95,8.29,183600
CALL,20070427,1.69,1.755,1.665,1.715,70700
CALM,20070427,6.77,6.82,6.715,6.735,62700
CAMP,20070427,8.92,9.01,8.72,8.75,106900
CAMT,20070427,3.96,3.98,3.91,3.94,19400
CART,20070427,15.57,15.57,15.57,15.57,0
CASH,20070427,36.75,37.35,36.75,37.35,12800
CASM,20070427,6.81,6.81,6.64,6.67,800
CASS,20070427,35.88,35.88,34.53,34.56,6200
CASY,20070427,26.13,26.24,25.89,25.99,127600
CATY,20070427,33.05,33.36,32.91,33.29,372600
CBAK,20070427,19.05,19.45,18.9,19,183700
CBAN,20070427,21.25,21.25,21.21,21.25,200
CBLI,20070427,190.8,198.8,189,189.6,46800
CBMX,20070427,84,84,78,82.5,416700
CBRL,20070427,45.37,45.66,45.03,45.39,335200
CBSH,20070427,47.56,47.8,47.43,47.74,110800
CCBG,20070427,30.32,31.25,30.2,31.1,36100
CCMP,20070427,33.51,33.51,32.81,32.92,536800
CCNE,20070427,13.94,13.99,13.85,13.95,15100
CCOI,20070427,25.2,25.63,25.06,25.22,454000
CCRN,20070427,20.46,20.55,20.29,20.3,103200
CCUR,20070427,1.43,1.55,1.42,1.52,1398400
CDNS,20070427,22.73,22.92,22.68,22.86,2840000
CDZI,20070427,24.59,25.28,24.26,25.28,3000
CECE,20070427,13.93,14.02,13.76,13.93,40300
CECO,20070427,30.05,30.5,29.82,29.88,595800
CELG,20070427,30.94,31.145,30.75,30.96,2712600
CENT,20070427,15.22,15.23,14.88,14.89,170800
CENTA,20070427,14.68,14.78,14.4,14.44,162000
CENX,20070427,48.18,49.1,47.01,48.61,694800
CERN,20070427,13.7475,13.7475,13.5025,13.53,655100
CERS,20070427,7.84,8.11,7.8,7.92,242100
CETV,20070427,90.45,91.1,89.95,90.75,56200
CEVA,20070427,7.42,7.49,7.33,7.34,26300
CFBK,20070427,34.25,34.25,33.85,33.85,5300
CFFI,20070427,41.26,41.26,39.25,39.25,2500
CFFN,20070427,38.73,38.89,38.57,38.79,64400
CFNB,20070427,13.85,14,13.82,13.85,3100
CFNL,20070427,9.7,9.7,9.55,9.59,110000
CGEN,20070427,2.9,2.95,2.88,2.95,20200
CGNX,20070427,10.955,10.985,10.84,10.89,175400
CHCI,20070427,3.87,3.97,3.81,3.89,78600
CHCO,20070427,38.5,38.95,38.5,38.86,96300
CHDN,20070427,48.57,49.44,48.51,49.24,98000
CHFC,20070427,27.88,27.95,27.47,27.5,91600
CHFN,20070427,37.0067,37.0067,36.4678,37.0067,500
CHKE,20070427,46.92,46.98,46.53,46.8,34600
CHKP,20070427,24.02,24.18,23.66,23.75,2193000
CHNR,20070427,7.15,7.47,7.15,7.47,2000
CHRS,20070427,12.81,12.93,12.73,12.9,2072000
CHRW,20070427,55.34,55.67,54.86,55.21,1643100
CHSCP,20070427,25.72,25.72,25.7,25.7,4800
CHTR,20070427,3.21,3.24,3.18,3.2,3924000
CINF,20070427,45.88,46.03,45.67,45.93,525400
CIZN,20070427,21.89,21.89,21.89,21.89,0
CKEC,20070427,25.83,26,25.58,25.62,115900
CLBH,20070427,15.44,15.81,15.44,15.61,1200
CLCT,20070427,14.04,14.05,13.74,13.99,5700
CLMS,20070427,23.6,23.6,23.13,23.41,201800
CLMT,20070427,53.41,53.87,53.16,53.25,13000
CLRO,20070427,6.45,6.6,6.45,6.55,40400
CLUB,20070427,23.12,23.15,22.48,22.68,130800
CLWT,20070427,16.61,17.105,15.895,16.06,151900
CMCO,20070427,25.6,25.6,24.53,24.82,124900
CMCSA,20070427,27.15,27.25,26.61,26.93,24590800
CMLS,20070427,81.2,81.28,78.88,79.44,384200
CMTL,20070427,39.91,40,39.05,39.57,327000
CNBKA,20070427,25.39,25.39,25.39,25.39,200
CNET,20070427,8.7,9.12,8.56,8.75,5043100
CNMD,20070427,30.93,31,30.09,30.7,237200
CNOB,20070427,16,16.06,15.6,15.85,11000
CNSL,20070427,20.35,20.52,20.16,20.45,119700
CNTF,20070427,41.25,41.7,40.35,41.3,53300
CNTY,20070427,9.04,9.04,8.65,8.68,169100
COBZ,20070427,18.86,18.93,18.72,18.8,71600
COGT,20070427,13.37,13.4,13.2,13.29,530300
COHR,20070427,31.94,32.12,31.5,31.7,160200
COHU,20070427,19.26,20.48,19.05,20.37,442800
COKE,20070427,57.6,57.62,56.79,57.26,17600
COLB,20070427,31.7,31.9,30.26,30.44,331300
COLM,20070427,32.315,33,30.91,31.935,572900
CONN,20070427,25.38,26.95,25.38,26.31,369000
COOL,20070427,64.68,71.4,63.42,68.04,107200
CORE,20070427,9.1,9.1,8.9125,8.9675,42500
CORI,20070427,5.01,5.02,5,5.01,159900
CORT,20070427,1.52,1.57,1.51,1.53,11000
COST,20070427,54.04,54.57,53.66,54.46,4273600
COWN,20070427,17.07,17.24,16.93,17.01,123800
CPLA,20070427,35.55,35.96,34.22,35.09,17700
CPLP,20070427,26.45,26.45,26.01,26.29,29500
CPRT,20070427,14.71,14.71,14.45,14.515,270700
CPRX,20070427,3.97,4.18,3.91,3.96,11000
CPSI,20070427,32.08,32.65,32,32.06,55800
CPSS,20070427,6.15,6.19,6.08,6.11,16200
CPST,20070427,22.2,22.4,20.4,20.8,3512800
CRAI,20070427,52.45,52.62,52.26,52.48,40000
CRAY,20070427,12.93,13.11,12.84,12.89,153500
CREE,20070427,20.1,22.43,19.43,19.65,2986300
CRESY,20070427,23.22,24.28,22.78,24.28,120600
CRIS,20070427,2.11,2.19,2.03,2.06,284800
CRME,20070427,49.2,49.45,48.6,48.75,84100
CRMT,20070427,13.13,13.22,12.8,13.12,35600
CRNT,20070427,5.99,6.19,5.93,5.96,175800
CROX,20070427,26.775,27.6,26.385,27.345,1886000
CRUS,20070427,8.81,8.82,8.55,8.6,974300
CRVL,20070427,14.475,14.475,14.02,14.11,56300
CRWS,20070427,4.5,4.51,4.17,4.4,19600
CRZO,20070427,36.82,38.79,36.82,38.13,970400
CSBK,20070427,12.02,12.04,11.95,11.96,28300
CSCO,20070427,26.51,27.05,26.49,27.03,45183400
CSFL,20070427,18.74,18.74,17.65,17.67,13100
CSGP,20070427,48.99,49.34,48.46,49.12,146900
CSGS,20070427,26.69,26.96,26.39,26.77,811400
CSIQ,20070427,12.12,12.12,11.25,11.52,153400
CSPI,20070427,9.33,9.5,9.33,9.5,4100
CSTR,20070427,32.03,32.04,31.77,31.83,102500
CSWC,20070427,38.915,39.4375,38.845,39.2725,4000
CSX,20070427,14.44,14.78,14.1733,14.58,7092400
CTAS,20070427,37.8,37.96,37.53,37.75,515300
CTBI,20070427,34.21,34.65,33.9,34.21,60900
CTHR,20070427,5.34,5.49,5.3,5.42,171800
CTIB,20070427,5.32,5.96,5.32,5.81,219500
CTIC,20070427,28.25,28.5,28,28.15,335800
CTRN,20070427,40.36,40.58,39.31,40.25,349300
CTRP,20070427,8.6263,8.9675,8.6113,8.8288,460500
CTSH,20070427,22.2425,22.7425,22.1375,22.655,1701400
CTWS,20070427,24.37,24.38,24.25,24.35,5700
CTXS,20070427,33.68,33.68,33.06,33.24,1703000
CUBA,20070427,11.31,11.73,11.3,11.61,6200
CUTR,20070427,29.62,30.08,29.34,30.06,212000
CVBF,20070427,12.1,12.12,12.03,12.05,278700
CVCO,20070427,37.05,38.13,37.05,37.89,22800
CVCY,20070427,14.48,14.48,14.48,14.48,1000
CVGI,20070427,19.51,19.82,17.7,19.7,1006800
CVGW,20070427,13.89,14.39,13.89,14.01,71000
CVLT,20070427,17.04,17.25,16.75,17.23,191800
CVLY,20070427,19.25,19.25,18.95,19.25,400
CVTI,20070427,10.88,10.88,10.66,10.78,10300
CWBC,20070427,15.7,15.7,15.7,15.7,0
CWCO,20070427,25.96,26.03,25.64,25.92,44700
CWST,20070427,9.59,9.73,9.41,9.61,124700
CYAN,20070427,1.57,1.57,1.4,1.54,8700
CYBE,20070427,13.07,13.2,12.94,13.11,43700
CYCC,20070427,671.16,676.2,661.92,666.96,101500
CYCCP,20070427,6.7,6.7,6.55,6.55,600
CYNO,20070427,31.74,32.33,31.06,31.25,161700
CYTK,20070427,40.14,42.78,40.14,42.54,190700
CYTR,20070427,30.73,30.94,28.49,29.61,2290200
CYTX,20070427,84.75,84.9,84.15,84.45,27700
CZFC,20070427,13.56,13.74,13.47,13.47,2900
CZNC,20070427,21.1,21.14,20.75,20.75,500
CZWI,20070427,9.49,9.49,9.32,9.4,2600
DAIO,20070427,3.32,3.36,3.14,3.34,12500
DAKT,20070427,24.32,24.44,23.87,23.92,602600
DAVE,20070427,18.94,19.17,18.87,19.14,40800
DCOM,20070427,13.49,13.67,13.38,13.66,170600
DCTH,20070427,73.28,74.72,70.4,72.8,68900
DELT,20070427,7.9,7.9,7.9,7.9,100
DENN,20070427,4.7,4.77,4.65,4.75,1012300
DEPO,20070427,3.87,4.03,3.82,3.96,290400
DGAS,20070427,12.565,12.625,12.56,12.585,2700
DGICA,20070427,15.54,15.54,15.19,15.24,80800
DGICB,20070427,17,17,17,17,0
DGII,20070427,13.08,13.2,12.92,13.05,57800
DHIL,20070427,100.66,100.66,100,100,600
DIOD,20070427,25.279,25.326,25.026,25.166,360000
DISCA,20070427,21.56,21.74,21.26,21.74,1812000
DISCB,20070427,21.39,21.6,21.32,21.59,900
DISH,20070427,46.67,47.18,46.17,46.29,1297400
DJCO,20070427,40,40,40,40,0
DLTR,20070427,13.23,13.4367,13.22,13.42,1175600
DMLP,20070427,22.7,22.83,22.26,22.7,15600
DMRC,20070427,10.3,10.37,9.95,9.97,96800
DORM,20070427,6.125,6.15,6.125,6.15,6700
DRAD,20070427,4.57,4.61,4.55,4.61,5600
DRAM,20070427,77.4,77.4,75.06,76.68,9900
DRRX,20070427,4.79,4.84,4.65,4.69,192700
DRYS,20070427,49425,51150,48765,50535,1016000
DSGX,20070427,4.56,4.6,4.5,4.54,25200
DSPG,20070427,18.8,19,18.78,18.83,627500
DSWL,20070427,12,12.1,11.95,12.08,10100
DTLK,20070427,6.54,6.58,6.36,6.48,103500
DTSI,20070427,23.87,24.08,23.13,23.3,113500
DVAX,20070427,48.5,48.5,47.5,48,72300
DWCH,20070427,3.3,3.65,3.3,3.55,9300
DWSN,20070427,52.46,52.95,51.77,52.84,103700
DXCM,20070427,8.28,8.3,8.12,8.17,155000
DXPE,20070427,52.25,52.5,47.27,47.85,464200
DXYN,20070427,12.92,12.96,12.75,12.8,5600
DYNT,20070427,5.7,5.75,5.6,5.75,6700
EAGL,20070427,39.26,39.96,39.07,39.9,1222700
EBAY,20070427,14.2653,14.56,14.2484,14.3874,13216000
EBIX,20070427,3.5367,3.6211,3.3878,3.4311,4800
EBTC,20070427,15.8,16,15.65,16,2700
ECHO,20070427,12.55,12.68,12.54,12.6,61500
ECOL,20070427,22.33,22.48,21.84,22.48,195000
ECPG,20070427,11.93,12.11,11.9,11.98,83100
EDAP,20070427,6.36,6.55,6.22,6.23,10500
EDGW,20070427,9.24,9.24,8.85,8.99,98400
EDUC,20070427,7.73,7.76,7.72,7.75,900
EEFT,20070427,27.49,27.91,27.14,27.86,792100
EFII,20070427,27.92,27.92,27,27.14,435500
EFSC,20070427,25.28,25.28,24.65,24.72,13800
EFUT,20070427,19.29,19.29,17.61,17.76,167000
EGBN,20070427,16.93,16.93,16.45,16.45,9600
EGHT,20070427,1.23,1.27,1.22,1.24,695800
EGLE,20070427,32774.4,33120,32500.8,33091.2,402700
EGLT,20070427,17.44,17.5,17.26,17.27,98600
EGOV,20070427,5.71,5.91,5.69,5.8,92800
EHTH,20070427,21.58,22.06,21.11,21.12,82700
ELGX,20070427,4.25,4.43,4.16,4.4,163200
ELNK,20070427,7.56,7.98,7.54,7.87,4279100
ELON,20070427,136,136.5,127.6,135.2,425300
ELOS,20070427,25.96,26.25,25.77,25.84,151600
ELSE,20070427,5.51,5.56,5.51,5.55,2900
ELTK,20070427,4.51,4.58,4.38,4.47,16300
EMCI,20070427,16.56,16.6733,16.1733,16.6667,62500
EMITF,20070427,2775,2778,2766,2770.2,3200
EMKR,20070427,21.64,23.12,20.24,20.32,1278900
EMMS,20070427,40.88,40.96,39.48,40.6,495200
ENDP,20070427,31.71,32.1,30.43,31.4,2593900
ENTG,20070427,11.9,11.97,11.77,11.84,1034400
EPAY,20070427,12.62,13.68,12.6,13.13,351700
EPIX,20070427,6.75,6.88,6.71,6.76,68400
EQIX,20070427,86.47,91.54,86.44,88.49,1038200
ERIC,20070427,38.26,38.61,38.18,38.49,2087500
ERIE,20070427,53.35,53.88,53.26,53.65,24400
ESBK,20070427,27.51,27.51,26.68,26.68,800
ESCA,20070427,9.36,9.5,9.35,9.5,10000
ESEA,20070427,11.4,11.5,11.3,11.39,46700
ESGR,20070427,104.6,104.75,103.5,103.5,400
ESIO,20070427,21.2,21.29,20.89,21.01,165300
ESLT,20070427,42.06,42.68,42.06,42.34,9100
ESMC,20070427,4.01,4.06,3.96,3.98,3300
ESRX,20070427,24.06,24.195,23.73,23.8925,2158400
ESSA,20070427,11.6,11.6,11.5,11.53,139800
ETFC,20070427,218.8,220.6,217.5,220.1,5820700
EVBS,20070427,22.5,22.5,22.46,22.46,1600
EVEP,20070427,39.02,39.61,39,39.01,48400
EVOL,20070427,2.23,2.3,2.22,2.28,97900
EWBC,20070427,40.02,40.49,40.01,40.16,617000
EXAC,20070427,16.74,16.74,16.53,16.64,16000
EXAS,20070427,2.83,3.15,2.82,3.13,267000
EXEL,20070427,11.08,11.2,10.96,11.03,443700
EXFO,20070427,6.7,6.71,6.52,6.57,41100
EXLS,20070427,20.82,20.82,20.65,20.8,27400
EXPD,20070427,42.46,43.03,42.21,42.75,1322300
EXPE,20070427,23.78,23.96,23.59,23.81,1449400
EXPO,20070427,10.795,10.99,10.68,10.775,171500
EXTR,20070427,4.32,4.39,4.1,4.16,2542800
EZPW,20070427,15.45,15.45,15.1,15.31,509900
FALC,20070427,11.5,11.85,11.21,11.35,1816100
FARM,20070427,23.16,23.16,22.77,22.9,7100
FARO,20070427,31.51,32,31.46,31.97,94500
FAST,20070427,20.88,20.93,20.755,20.825,871300
FBIZ,20070427,21.97,21.97,21.04,21.04,800
FBMS,20070427,25.1,25.1,25.1,25.1,0
FBNC,20070427,20.81,21.2,20.65,20.73,46400
FBSS,20070427,25,25,24.24,24.4,25000
FCAP,20070427,18,18,18,18,0
FCBC,20070427,35.4,35.41,34.32,34.51,11400
FCCO,20070427,17.27,17.27,16.78,17.01,3600
FCCY,20070427,18.44,18.53,18.35,18.35,13000
FCEL,20070427,88.2,88.2,85.2,86.64,1206200
FCNCA,20070427,205.7,205.7,200.2,201.19,2800
FDEF,20070427,28.14,28.26,28.04,28.04,8600
FEIM,20070427,10.25,11.63,10.25,10.91,12400
FELE,20070427,21.95,21.95,21.745,21.755,278500
FFBC,20070427,15.24,15.29,15.03,15.05,82700
FFHL,20070427,9.98,10.69,9.96,10.63,367900
FFIC,20070427,16.05,16.17,15.89,15.92,45600
FFIN,20070427,13.72,13.72,13.4167,13.4967,47300
FFIV,20070427,19.823,20.113,19.53,19.648,1939500
FFKT,20070427,29.44,29.45,28.5,28.5,13900
FHCO,20070427,2.22,2.25,2.22,2.25,10300
FINL,20070427,13.13,13.54,13.11,13.45,268500
FISI,20070427,19.34,19.5,19.25,19.34,7600
FISV,20070427,26.67,26.935,26.65,26.855,1270300
FITB,20070427,40.65,40.94,40.26,40.84,2770700
FLEX,20070427,11.51,12.15,11.51,11.62,13915500
FLIC,20070427,14.98,14.98,14.9733,14.9733,200
FLIR,20070427,43.46,43.5,41.04,41.94,1549600
FLML,20070427,29.06,29.15,28.77,28.94,330000
FLWS,20070427,8.31,8.5,8.12,8.18,429500
FLXS,20070427,14.44,14.92,14.44,14.86,5800
FMBI,20070427,36.78,36.88,36.59,36.64,233200
FNLC,20070427,16.59,16.59,16.17,16.17,3000
FNSR,20070427,28.8,29.36,28,29.36,7485700
FONR,20070427,0.27,0.27,0.27,0.27,0
FORD,20070427,4.11,4.11,4.06,4.07,58800
FORM,20070427,43.1,43.5,42.6,43.03,560500
FORR,20070427,26.67,28.89,26.67,28.04,107700
FORTY,20070427,13.95,14,13.95,13.95,3000
FOSL,20070427,28.95,29.03,28.64,28.78,356300
FRBK,20070427,11.1,11.1,10.95,11.03,12500
FRED,20070427,14.57,14.82,14.53,14.7,343500
FRME,20070427,23.37,23.41,22.83,22.84,20800
FRPT,20070427,23,23,22.5,22.81,875000
FSBK,20070427,27.74,28.31,27.48,27.84,7200
FSLR,20070427,63,63.74,61.77,63.64,821200
FSTR,20070427,23.5,25.18,23.32,23.87,173100
FTEK,20070427,24.5,24.62,24.15,24.59,326200
FUEL,20070427,1.73,1.76,1.68,1.74,97900
FULT,20070427,14.82,14.89,14.71,14.76,338700
FUNC,20070427,23.48,23.5,23.41,23.41,3300
FUND,20070427,11.45,11.52,11.31,11.52,24400
FWRD,20070427,30.78,31.26,30.57,31,484900
GABC,20070427,13.54,13.54,13.52,13.52,2300
GAIA,20070427,15.29,15.69,15.21,15.39,116700
GAIN,20070427,14.15,14.6,13.14,14.52,61500
GASS,20070427,16.41,16.41,15.9,15.9,19100
GBCI,20070427,22.16,22.34,21.95,22.2,355300
GCBC,20070427,6.915,6.915,6.915,6.915,0
GENE,20070427,22.75,23.2,22.2,22.9,1400
GERN,20070427,7.4,7.41,7.29,7.3,321300
GFED,20070427,29.99,29.99,29.99,29.99,0
GGAL,20070427,10.61,10.88,10.46,10.64,254000
GHDX,20070427,17.36,17.5,16.9,16.95,105800
GIFI,20070427,30.4,30.59,29.05,29.97,127800
GIGA,20070427,2.07,2.08,2,2.05,2500
GIGM,20070427,71.6,72.35,70.9,71.3,406300
GIII,20070427,8.75,8.83,8.655,8.735,67700
GILD,20070427,20.9375,21.0125,20.3525,20.465,6056100
GILT,20070427,9,9.05,8.87,8.95,122600
GLAD,20070427,24.05,24.22,23.63,24.18,96000
GLBL,20070427,21.6,21.9,21.41,21.57,2678700
GLBZ,20070427,17.75,17.75,17.75,17.75,0
GLDD,20070427,7.96,7.96,7.85,7.95,35200
GLNG,20070427,16.2,16.34,16.17,16.24,180900
GLUU,20070427,11.41,11.55,11.32,11.4,78000
GNCMA,20070427,14.9,14.95,14.58,14.59,164300
GNTX,20070427,9.105,9.115,8.87,8.885,724700
GNVC,20070427,37.6,40.3,36.8,40,590300
GOLD,20070427,24.15,24.49,24.13,24.31,174000
GOOD,20070427,20.3,20.48,19.87,20.07,20800
GOODO,20070427,25.1,25.11,25.01,25.01,4000
GOODP,20070427,25.08,25.33,25.08,25.08,2800
GOOG,20070427,240.15,241.2,239.165,239.505,2927800
GPIC,20070427,18.48,18.97,18.48,18.73,10800
GPOR,20070427,14.32,14.77,14.18,14.73,91800
GPRE,20070427,21.74,22.02,21.74,21.89,6900
GPRO,20070427,51.57,51.86,51.43,51.74,311000
GRIF,20070427,35.25,35.25,35.25,35.25,200
GRMN,20070427,57.65,58.9,57.59,58.61,2340200
GROW,20070427,27.08,27.15,25.6,25.94,1636600
GRVY,20070427,51.92,52,51.92,52,1600
GSBC,20070427,27.97,28.11,27.53,27.53,43800
GSIT,20070427,5.5,5.56,5.5,5.51,12900
GSOL,20070427,17.17,17.97,16.9,17.96,125800
GT,20070427,33.5,35,33.33,34.41,10404300
GTIM,20070427,5.5,5.64,5.4,5.64,3000
GTLS,20070427,19.03,19.25,18.82,19.11,115700
GTXI,20070427,22.94,23.09,22.34,22.47,61700
GUID,20070427,13.09,13.12,12.9,13.1,29800
GYRO,20070427,60,60.77,60,60.77,200
HAFC,20070427,17.37,17.49,16.95,16.99,224100
HAIN,20070427,15.365,15.47,15.33,15.37,103000
HALL,20070427,12.54,12.63,12.45,12.63,5800
HAS,20070427,31,31.55,30.95,31.41,1995400
HAYN,20070427,77.99,79.45,77.29,79.14,152600
HBAN,20070427,22.15,22.42,22.09,22.36,1573000
HBHC,20070427,39.51,39.56,39.07,39.11,191500
HBIO,20070427,5.49,5.55,5.45,5.55,39900
HBNC,20070427,8,8.0148,7.997,8,10000
HCSG,20070427,12.74,12.8507,12.4953,12.5573,161900
HDNG,20070427,28.5,28.5,27.5,27.86,103100
HDSN,20070427,1.1,1.14,1.1,1.12,3900
HEES,20070427,23.32,23.42,23.08,23.41,99800
HELE,20070427,23.33,23.82,23.26,23.76,78500
HEOP,20070427,17.87,17.88,17.87,17.88,1600
HFBC,20070427,15.9,15.9,15.85,15.85,2000
HFWA,20070427,23.58,23.58,22.92,22.96,2800
HIBB,20070427,29.17,29.34,28.75,29.21,226900
HIFS,20070427,33.5,33.5,33.5,33.5,4500
HIHO,20070427,4.64,4.64,4.56,4.56,3300
HIMX,20070427,5.97,6.06,5.88,6.01,574800
HLIT,20070427,8.79,8.88,8.53,8.58,3535900
HMNF,20070427,34,34.07,33.97,34.07,1800
HMSY,20070427,7.1633,7.5333,7.1433,7.49,216600
HOFT,20070427,22.07,22.29,21.6,22.01,75500
HOLX,20070427,29.446,29.53,29.126,29.19,471300
HOMB,20070427,5.815,5.8275,5.72,5.76,27900
HOVNP,20070427,24.09,24.13,23.88,24,11000
HSIC,20070427,52.79,53,52.45,52.59,288200
HSII,20070427,48.77,48.97,48.21,48.27,121800
HSKA,20070427,2.11,2.14,2.09,2.11,85200
HSTM,20070427,3.65,3.7,3.56,3.63,24700
HTBK,20070427,23.28,23.28,22.93,23.05,28500
HTLD,20070427,17.54,17.6,17.25,17.44,656900
HTLF,20070427,25.91,25.91,25.65,25.75,26900
HUBG,20070427,36.53,36.88,35.77,36.42,352300
HURC,20070427,44.62,45.8,44.59,45.7,73400
HURN,20070427,60.52,60.9,59.9,60.01,238000
HWAY,20070427,43.17,43.45,42.97,43.11,399000
HWCC,20070427,30.04,31.13,29.44,30.7,531900
HWKN,20070427,15.13,15.13,15.13,15.13,0
HYGS,20070427,0.89,0.9,0.85,0.87,386400
IART,20070427,45.76,45.9,45.12,45.16,111200
IBCP,20070427,16.92,17,16.57,16.6,154600
IBKC,20070427,52.34,52.78,51.98,52.26,213600
IBOC,20070427,29.78,29.79,29.24,29.47,93300
ICAD,20070427,3.1,3.19,3.06,3.1,62600
ICCC,20070427,5.32,5.7,5.32,5.7,1700
ICFI,20070427,21.09,21.5,20.63,20.73,182100
ICLR,20070427,45.96,48.41,45.5,47.5,150100
ICON,20070427,21.48,21.48,20.74,20.8,473500
ICUI,20070427,43.72,43.77,43.24,43.39,95400
IDCC,20070427,33.9,34.07,33.81,34.02,299200
IDSA,20070427,7.7933,10.22,7.7867,9.44,1793800
IDSY,20070427,12.8,12.8,12.28,12.46,70700
IDTI,20070427,15.14,15.77,14.65,15.08,9255700
IDXX,20070427,23.4625,24.225,22.9175,22.9175,541500
IESC,20070427,24.72,25.29,24.04,24.76,46200
IFON,20070427,3.68,3.79,3.67,3.68,85700
IGLD,20070427,14.56,15.2,14.5,14.79,155800
IIIN,20070427,17.39,17.5,16.78,16.93,300500
IIJI,20070427,8.74,8.92,8.72,8.77,136400
IIVI,20070427,15,15.09,14.855,14.88,195700
IKNX,20070427,8.84,9.22,8.72,9.01,4600
ILMN,20070427,33.52,33.97,33.47,33.59,762400
IMGN,20070427,5.39,5.6,5.36,5.51,130800
IMKTA,20070427,38,38.58,37.58,37.84,53800
IMMR,20070427,10.3,10.67,10.3,10.62,203900
IMMU,20070427,5.17,5.43,5.17,5.38,685000
IMOS,20070427,7.03,7.04,6.9,6.93,719600
INAP,20070427,15.89,16.15,15.7,15.76,333300
INCY,20070427,8.1,8.12,7.86,7.88,627700
INDB,20070427,31.12,31.14,30.66,30.76,20600
INFI,20070427,10.76,10.89,10.49,10.54,49600
INFO,20070427,2.07,2.09,2.01,2.05,7000
INGN,20070427,5.08,5.08,4.79,4.83,245000
ININ,20070427,15.04,15.22,15,15.13,143000
INOD,20070427,3.52,3.64,3.24,3.5,97100
INSM,20070427,1,1.03,0.98,1.02,2569900
INTC,20070427,21.91,22.09,21.82,21.87,48825700
INTG,20070427,19,19,19,19,0
INTL,20070427,25.3,26.1,25.17,25.25,2371100
INTU,20070427,29,29.15,28.7,29.11,6086300
INTX,20070427,9.81,10.03,9.78,9.98,60100
INWK,20070427,13.16,13.16,12.49,12.49,252700
IOSP,20070427,28.4,28.595,27.6,28.235,56800
IPAR,20070427,15.454,15.454,15.201,15.428,48400
IPAS,20070427,5.29,5.4,5.19,5.29,278700
IPCC,20070427,48.36,48.65,47.85,48.36,54800
IPGP,20070427,18.3,18.5,18.08,18.17,128800
IPHS,20070427,16.61,16.61,16.37,16.49,10100
IRBT,20070427,16.38,16.42,15.99,16.16,200000
IRIX,20070427,7.26,7.26,7.14,7.17,19900
ISBC,20070427,5.5843,5.7843,5.5686,5.6549,521400
ISCA,20070427,50.38,50.8,50.1,50.3,125700
ISIG,20070427,3.72,3.8,3.65,3.69,22100
ISIL,20070427,30.51,30.6,30.13,30.26,3094600
ISLE,20070427,25.66,25.67,25.16,25.25,190800
ISNS,20070427,16.25,16.25,14.86,15.32,102600
ISRG,20070427,133.14,133.46,131.8,133.31,576100
ISRL,20070427,30.61,30.61,30.61,30.61,600
ISSC,20070427,28.5,29.42,27.85,28.17,341800
ITIC,20070427,48.5,48.5,48.5,48.5,0
ITRI,20070427,71,71.65,71,71.04,333400
ITRN,20070427,13.87,13.94,13.87,13.9,3100
IVAC,20070427,24.03,24.15,23.58,23.67,493700
IXYS,20070427,9.41,9.5,9.37,9.4,206300
JAKK,20070427,26.4,26.55,24.56,24.95,482800
JASO,20070427,43.79,44.125,42.905,43.925,1122100
JBHT,20070427,27.8,27.87,27.43,27.67,1372100
JBLU,20070427,10.2,10.23,9.99,10,10835900
JBSS,20070427,13.56,13.75,13.56,13.6,7000
JCOM,20070427,30.17,30.34,30.02,30.1,584900
JCTCF,20070427,3.755,3.905,3.755,3.755,2100
JJSF,20070427,40.84,41.75,39.55,39.68,50500
JKHY,20070427,24.03,24.22,23.94,24.15,288900
JMBA,20070427,44.6,44.8,43.75,44.6,360400
JOBS,20070427,8.195,8.325,8.15,8.245,49200
JOUT,20070427,18.65,18.96,18.65,18.75,8100
JRJC,20070427,6.47,6.85,6.43,6.69,93700
JRVR,20070427,31.42,31.59,30.92,31.3,18500
JXSB,20070427,13.1,13.1,13.1,13.1,0
KALU,20070427,81.98,82.52,80.34,80.6,52100
KCAP,20070427,18,18.1,17.83,17.98,59200
KELYA,20070427,29.42,29.63,29.34,29.47,188400
KELYB,20070427,35.84,35.84,35.84,35.84,0
KEQU,20070427,10.75,11.25,10.54,10.54,6600
KERX,20070427,10.69,10.74,10.44,10.58,788500
KFFB,20070427,10.14,10.14,10,10.11,11200
KFRC,20070427,13.68,14.03,13.56,13.81,199100
KIRK,20070427,4.99,5,4.96,4.96,2000
KLAC,20070427,54.78,56.46,54.78,55.14,4525100
KLIC,20070427,9.83,9.99,9.74,9.8,1388200
KONA,20070427,17.78,17.86,17.72,17.83,22000
KOOL,20070427,68.2,70.6,66.8,69,260700
KOPN,20070427,3.53,3.55,3.45,3.5,286400
KOSS,20070427,9.5,9.92,9.5,9.885,3700
KRNY,20070427,14.05,14.41,14.01,14.23,53900
KTCC,20070427,4.04,4.07,4.01,4.01,5200
KTEC,20070427,17.36,17.48,17.12,17.36,14100
KVHI,20070427,9.53,9.6,9.44,9.56,68800
KZ,20070427,6.68,6.76,6.65,6.66,137800
LABL,20070427,23.438,25.013,23.178,25.013,5300
LAKE,20070427,13.15,13.3,12.88,13.25,16300
LAMR,20070427,61.1,61.25,60.24,60.93,1431000
LANC,20070427,43.69,44.19,43.45,43.58,75200
LARK,20070427,28,28,28,28,300
LAWS,20070427,37.06,37.08,35.71,36.46,8900
LAYN,20070427,38.75,38.75,37.15,37.98,162300
LBAI,20070427,13.37,13.45,13.17,13.25,23400
LBIX,20070427,2.88,2.88,2.78,2.82,60400
LBTYA,20070427,18.6254,18.6714,18.3495,18.3597,867600
LBTYB,20070427,36.65,36.65,36.65,36.65,200
LBTYK,20070427,34.11,34.27,33.57,33.61,441200
LCUT,20070427,22.49,22.83,22.36,22.44,120000
LECO,20070427,31.885,32.415,31.76,32.31,247100
LENS,20070427,4.75,4.75,4.65,4.74,9300
LFUS,20070427,42.04,42.14,41.14,41.22,169500
LGCY,20070427,27.75,27.91,27.06,27.52,34400
LGND,20070427,42.42,42.72,42,42.24,272100
LHCG,20070427,28.21,28.24,27.35,27.54,396800
LINC,20070427,14.08,14.15,13.77,13.92,15300
LION,20070427,18.98,19.25,18.67,18.67,2100
LIOX,20070427,5.15,5.2,5.09,5.15,155100
LJPC,20070427,6.75,6.77,6.46,6.61,238900
LKFN,20070427,15.52,15.52,14.6867,14.72,11700
LLTC,20070427,38.38,38.64,38.19,38.25,4813200
LMAT,20070427,5.8,6.02,5.71,5.71,11000
LMCA,20070427,37.5867,37.88,37.55,37.7333,990800
LMIA,20070427,20,20,19.31,19.75,83200
LMNX,20070427,14.04,14.21,14.01,14.17,65000
LNCE,20070427,21.51,23.58,21.29,23.1,655900
LNDC,20070427,12.79,12.91,12.75,12.86,79800
LOGI,20070427,26.95,27,26.3,26.57,823800
LORL,20070427,49.51,49.51,48.29,49.11,23100
LPNT,20070427,36.49,37.44,35.91,36.46,1716800
LPSN,20070427,7.02,7.38,7,7.05,408000
LPTH,20070427,5.42,5.5,5.37,5.5,8200
LQDT,20070427,20.61,21.26,20.24,21.08,217300
LRCX,20070427,54.36,55.33,54.19,54.46,3569100
LSBK,20070427,12.25,12.5,12.25,12.5,73900
LSCC,20070427,5.61,5.68,5.35,5.63,4527400
LSTR,20070427,49.93,50.1,48.82,49.91,547300
LTRX,20070427,1.44,1.47,1.44,1.46,72900
LUNA,20070427,2.92,3,2.91,2.98,9400
LWAY,20070427,8.99,9.07,8.9,9.02,18200
LXRX,20070427,26.67,26.95,25.2,26.6,233000
LYTS,20070427,15.67,15.88,15.54,15.83,284500
MAGS,20070427,10.5,10.58,10.5,10.53,4700
MANH,20070427,7.605,7.6325,7.47,7.485,277800
MANT,20070427,32.02,32.09,31.72,31.81,190700
MARPS,20070427,29.99,29.99,29.12,29.99,2400
MAT,20070427,28.66,28.74,28.35,28.41,3199000
MATR,20070427,28.26,30.14,28.26,29.13,983100
MATW,20070427,42.76,43.03,42.62,42.7,267400
MAYS,20070427,22,22,22,22,0
MBFI,20070427,35.71,35.71,34.95,35,99100
MBFIP,20070427,25.31,25.33,25.3,25.31,1900
MBLX,20070427,154.8,176.22,148.5,161.94,2520400
MBRG,20070427,34,34,32.5,32.99,5500
MBRX,20070427,7.95,8,7.81,7.93,27600
MBTF,20070427,12.57,12.59,12.49,12.52,19300
MBVT,20070427,22.65,22.67,22.52,22.55,2200
MBWM,20070427,27.55,27.99,27.18,27.37,31900
MCBC,20070427,16.75,16.86,16.49,16.53,42900
MCHP,20070427,39,42.46,39,41.36,4905700
MCHX,20070427,13.52,13.61,13.3,13.31,296800
MCRI,20070427,28.52,28.66,27.85,27.85,81800
MDCA,20070427,8.91,8.99,8.54,8.6,125300
MDCO,20070427,22.97,23.93,22.75,23.49,4468700
MDM,20070427,4.7,4.7,4.64,4.65,8100
MDRX,20070427,27.31,27.5,27.06,27.08,446000
MENT,20070427,16.46,16.56,16.16,16.25,657900
MEOH,20070427,23.43,23.81,23.31,23.75,509500
MERC,20070427,12.8,12.91,12.71,12.81,118400
MFNC,20070427,9.82,9.82,9.82,9.82,0
MFRI,20070427,18.43,18.56,18.41,18.5,16000
MFSF,20070427,18.75,19,18.5,18.75,16400
MGEE,20070427,24.2533,24.54,24.1733,24.3133,37900
MGIC,20070427,2.46,2.53,2.44,2.45,23100
MGLN,20070427,43.07,43.51,42.23,43.37,346900
MGPI,20070427,19.83,20.17,19.75,20.13,174600
MGRC,20070427,30.74,31.06,30.39,30.5,41100
MGYR,20070427,14.72,15.2,14.72,14.8,6300
MHGC,20070427,22.52,22.59,22.13,22.45,118000
MIDD,20070427,23.5433,23.5433,23.2517,23.3317,31800
MIND,20070427,14.12,14.33,14.01,14.32,115200
MINI,20070427,31.02,31.19,30.72,30.85,296300
MKSI,20070427,27.62,27.8,26.99,27.69,488600
MKTX,20070427,17.15,17.15,16.62,16.71,101700
MLAB,20070427,18.89,19.09,18.86,19.09,1400
MLHR,20070427,35.79,35.85,35.4,35.41,626900
MLNX,20070427,17.78,17.78,16.22,16.91,146300
MMLP,20070427,40.67,41.03,40.65,40.68,15600
MMSI,20070427,9.552,9.68,9.504,9.52,90500
MNDO,20070427,2.98,3.08,2.97,3.03,78500
MNKD,20070427,15.32,15.35,14.69,14.95,385400
MNOV,20070427,9.49,9.49,9.49,9.49,0
MNRO,20070427,15.8393,16.008,15.8033,15.8967,23000
MNST,20070427,6.4417,6.4733,6.375,6.4417,1059100
MNTA,20070427,16.03,16.15,15.76,16.02,197400
MOBI,20070427,9.87,9.88,9.86,9.88,16000
MOCO,20070427,13.4,13.5,13.06,13.16,1900
MORN,20070427,53.25,53.58,52.9,53.19,46700
MOSY,20070427,9.01,9.06,8.79,8.85,96400
MPEL,20070427,18.02,18.17,17.8,17.93,1171100
MPET,20070427,1.63,1.63,1.56,1.62,329300
MPWR,20070427,13.68,14.99,13.52,14.08,715700
MRCY,20070427,14.12,14.39,13.61,13.7,263600
MRLN,20070427,22.55,23.25,22.42,23.18,308400
MRTN,20070427,12.56,12.6,12.14,12.2,101900
MRVC,20070427,3.51,3.64,3.51,3.61,947100
MRVL,20070427,16.46,16.51,16.04,16.28,26177800
MSBF,20070427,11.5,11.59,11.5,11.59,6300
MSCC,20070427,24.51,24.51,23.37,23.37,2773300
MSEX,20070427,18.99,19,18.75,18.83,10900
MSFG,20070427,16.81,17,16.56,16.66,22500
MSFT,20070427,30.17,30.74,30,30.12,128315500
MSON,20070427,6.3,6.99,6.3,6.98,84500
MSTR,20070427,117.01,118.35,115.81,115.9,311800
MTEX,20070427,149.7,153.6,148.8,150.8,216200
MTRX,20070427,24.66,24.7,24.02,24.31,329900
MTSC,20070427,38.76,42.16,38.76,42.01,188500
MTSL,20070427,1.52,1.52,1.52,1.52,0
MU,20070427,11.9,11.92,11.66,11.69,15939700
MVIS,20070427,33.6,35.04,33.2,33.36,725500
MXIM,20070427,32.73,32.84,32.11,32.39,3421200
MXWL,20070427,13.01,13.26,12.5,12.54,172400
MYGN,20070427,18.205,18.435,18.115,18.155,433600
NAII,20070427,7.94,8.04,7.91,7.91,2000
NANO,20070427,6.75,6.75,6.57,6.59,43900
NATH,20070427,14.51,14.51,14.41,14.51,4100
NATI,20070427,18.66,19.3333,18.4333,18.7533,1097500
NAVG,20070427,51.55,51.87,51.21,51.78,58500
NAVI,20070427,6.79,6.81,6.6,6.68,91100
NBIX,20070427,13.41,13.57,13.11,13.15,470200
NBTB,20070427,22.89,22.96,22.51,22.69,75700
NCIT,20070427,15.74,15.91,15.47,15.57,45000
NCMI,20070427,26.8,27.16,26.75,26.89,244400
NCTY,20070427,41.76,42.21,41.71,42.12,110400
NDAQ,20070427,33.24,33.34,32.7,32.86,1586500
NDSN,20070427,23.645,23.7,23.45,23.53,102400
NEOG,20070427,7.5178,7.6778,7.3933,7.5355,16300
NEON,20070427,2.31,2.35,2.31,2.35,1600
NEWS,20070427,16.3,16.45,15.88,16,176300
NEWT,20070427,10.1,10.2,9.9,9.9,3700
NFLX,20070427,3.1714,3.1829,3.1329,3.1729,805300
NICE,20070427,38.2,38.35,37.84,38.06,184900
NICK,20070427,11.84,12.15,11.84,12.12,37200
NIHD,20070427,81,81,79.1,80.36,1415400
NILE,20070427,46.21,46.71,45.61,46.71,189800
NKSH,20070427,22.75,22.89,22.71,22.76,1000
NKTR,20070427,12.92,13,12.62,12.72,1082400
NLST,20070427,4.01,4.03,3.97,4,158300
NMRX,20070427,11.03,11.03,10.62,10.8,9100
NNBR,20070427,12.39,12.39,12.09,12.22,46100
NOVN,20070427,23.76,23.98,23.55,23.91,221200
NRIM,20070427,27.44,27.95,27.17,27.95,6400
NSEC,20070427,19.47,19.47,19.47,19.47,0
NSIT,20070427,19.67,19.75,19.59,19.7,236800
NSSC,20070427,5.98,6,5.89,5.96,35700
NSYS,20070427,8.07,8.07,8.07,8.07,300
NTAP,20070427,37.09,37.82,37,37.81,7434100
NTCT,20070427,8.56,8.78,8.38,8.41,108700
NTEC,20070427,2.58,2.6,2.47,2.47,48400
NTES,20070427,19.23,19.54,19.07,19.11,1231700
NTGR,20070427,33.71,36,33.46,35.14,2643200
NTRI,20070427,60.17,64.05,60.06,63.29,3131800
NTRS,20070427,64.27,64.32,63.77,64.12,797700
NTWK,20070427,18.7,19.3,18.6,19.3,83100
NUAN,20070427,15.93,16.05,15.69,15.89,1323500
NURO,20070427,230.16,233.28,226.32,228,172600
NUTR,20070427,16.38,16.38,15.99,16.01,9900
NUVA,20070427,26.84,27.14,26.76,26.8,382600
NVAX,20070427,3.19,3.21,3.13,3.16,434000
NVDA,20070427,22.284,22.531,21.704,22.058,9235200
NVEC,20070427,28.08,28.45,27.55,27.89,73300
NVGN,20070427,10.19,10.71,10.19,10.45,16500
NVLS,20070427,32.38,32.88,32.15,32.34,3087100
NVMI,20070427,2.8,2.8,2.64,2.8,1200
NWFL,20070427,33,33,33,33,0
NWPX,20070427,36.49,37.16,36.36,36.75,133600
NXST,20070427,12.58,12.65,11.75,11.94,238900
NXTM,20070427,13.48,13.56,13.21,13.37,131900
NYMX,20070427,5.44,6.28,5.43,6.23,272600
NYNY,20070427,47.6,47.65,45.15,45.65,336400
OBAS,20070427,20.4,20.4,20.35,20.35,16300
OBCI,20070427,2.01,2.03,2,2,3600
OCFC,20070427,17.36,17.53,17,17.33,63100
OCLS,20070427,217,222.25,217,222.25,19300
ODFL,20070427,13.7333,13.7911,13.4933,13.5955,337200
OFIX,20070427,52.11,52.46,51.99,52.24,44300
OFLX,20070427,21.85,22.01,21.3,22.01,4800
OIIM,20070427,10.67,10.67,10.31,10.53,117600
OKSB,20070427,25.83,26.05,25.55,25.75,65700
OLBK,20070427,10.95,10.95,10.95,10.95,0
OLED,20070427,5.2,5.49,5.17,5.25,36200
OMAB,20070427,29.24,29.4,28.76,29.27,76600
OMCL,20070427,24.22,24.5,23.78,23.93,247800
ONEQ,20070427,100.56,100.75,100.37,100.57,1900
ONVI,20070427,6.91,7,6.76,6.97,22000
OPHC,20070427,364,364,364,364,0
OPOF,20070427,27.85,27.85,27.85,27.85,0
OPTT,20070427,171.8,171.8,155.5,155.5,231200
OPXA,20070427,20,20.2,20,20,3700
ORBC,20070427,12.8,12.94,12.54,12.8,51000
ORBK,20070427,23.04,23.21,22.65,23.08,52900
OREX,20070427,130.6,135,129.5,134.9,361900
ORIT,20070427,15.25,15.25,15.11,15.17,20300
ORLY,20070427,36.48,36.63,36.09,36.23,1257000
OSBC,20070427,29.52,29.64,29.4,29.56,25900
OSBCP,20070427,10.17,10.17,10.17,10.17,0
OSHC,20070427,13.25,13.25,13.24,13.24,200
OSIR,20070427,15.27,15.66,14.54,14.62,134700
OSIS,20070427,27.15,27.19,26.71,27.04,147800
OSTK,20070427,19.38,19.98,19,19.1,497000
OSUR,20070427,7.63,7.72,7.51,7.61,244600
OTEX,20070427,11.715,12.295,11.635,12.22,674000
OTIV,20070427,8.5,8.55,8.25,8.33,92500
OTTR,20070427,36.49,36.52,36.03,36.03,82600
OVBC,20070427,25.07,25.07,25.07,25.07,0
OZRK,20070427,7.52,7.5475,7.3925,7.435,46000
PAAS,20070427,29.52,29.79,29.15,29.25,1239600
PANL,20070427,16.5,16.59,16.02,16.14,270900
PATK,20070427,7.8,8.1533,7.7533,7.98,3000
PAYX,20070427,36.33,37.54,36.08,37.54,5152400
PBCT,20070427,19.98,20.05,19.95,20,3711100
PBHC,20070427,12.85,12.85,12.85,12.85,0
PBIB,20070427,23.8,23.8,23.5,23.5,4400
PBIP,20070427,13.8,13.8,13.65,13.8,2500
PCAR,20070427,56.475,57.842,55.748,57.549,3813200
PCBK,20070427,18,18.03,17.65,17.65,3700
PCLN,20070427,56.83,57.14,56.7,57,599400
PCTI,20070427,10.02,10.2,9.99,10.1,86100
PCYO,20070427,7.68,7.8,7.22,7.3,31600
PDCO,20070427,36.4,36.5,36.21,36.28,499500
PDEX,20070427,1.4,1.43,1.35,1.43,19100
PDFS,20070427,11.95,12.15,11.89,11.97,120200
PDLI,20070427,24.9,25.82,24.75,25.76,2182800
PEBK,20070427,19.41,19.41,19.41,19.41,0
PEBO,20070427,26.51,26.69,26.47,26.51,9800
PEGA,20070427,4.98,5,4.9,4.905,46600
PEIX,20070427,223.2,227.55,222.3,225.15,592200
PENN,20070427,47.51,47.94,47.2,47.41,1077100
PERY,20070427,33.61,33.79,33,33.34,68800
PESI,20070427,12.6,13,12.55,12.95,107000
PETS,20070427,11.19,11.35,11.1,11.29,301600
PFBC,20070427,37.92,37.92,37.19,37.19,23500
PFBI,20070427,16.25,16.5,16.25,16.4,7600
PFBX,20070427,25.25,25.25,25.25,25.25,500
PFIN,20070427,13.73,14,13.69,13.79,3300
PFSW,20070427,0.97,1,0.95,0.95,161700
PGNX,20070427,25.98,26.36,25.58,25.68,139100
PGTI,20070427,11.44,11.78,10.77,10.77,77500
PHII,20070427,26.41,26.41,26.41,26.41,0
PHIIK,20070427,26.08,26.89,26,26.84,44000
PHMD,20070427,6.1,6.6,6.05,6.15,199800
PICO,20070427,45.5,45.64,45.11,45.23,71300
PKBK,20070427,16.4,16.5,16.09,16.5,3600
PKOH,20070427,20.54,21.07,20.33,20.95,13900
PLAB,20070427,15.52,15.55,15.29,15.38,221800
PLBC,20070427,16,16,15.6,15.6,1700
PLCE,20070427,52.67,52.96,52.37,52.61,517100
PLPC,20070427,41,41.36,40.98,41.36,2300
PLUG,20070427,3.19,3.3,3.15,3.3,789300
PLUS,20070427,10.78,10.85,10.7,10.73,22100
PLXS,20070427,21.55,21.68,21.12,21.21,665800
PMBC,20070427,14.19,14.38,14.09,14.32,10700
PNBK,20070427,229.3,230,229.3,229.9,3200
PNFP,20070427,29.86,30.07,29.57,29.62,30800
PNNT,20070427,14.99,15,14.86,14.91,98300
PNRA,20070427,57.36,57.49,56.51,56.8,820700
PNRG,20070427,55.51,55.51,55,55.1,6700
PNTR,20070427,10.42,10.75,10.42,10.67,24100
POOL,20070427,39.31,39.57,38.31,39.16,327800
POWL,20070427,31.82,32.38,31.63,32.38,47600
PPBI,20070427,10.8,10.96,10.61,10.8,6800
PPHM,20070427,1.05,1.05,1.01,1.01,710000
PRAA,20070427,18.2333,19.0867,18.2,18.8367,362900
PRAN,20070427,18.9,18.96,18.6,18.9,3600
PRCP,20070427,8.99,9.01,8.96,8.96,2500
PRFT,20070427,21,22.35,21,22.16,431300
PRFZ,20070427,58.27,58.55,57.92,58.14,41200
PRGS,20070427,20.7667,20.7867,20.4667,20.5933,136000
PRGX,20070427,13.51,13.91,13.44,13.5,84900
PRKR,20070427,123.1,123.1,118.3,119,168000
PROV,20070427,25.65,25.65,24.75,24.81,16600
PRSC,20070427,25.68,25.78,25.17,25.17,80000
PRTS,20070427,5.57,5.73,5.4,5.68,81100
PRXL,20070427,20.32,20.4,19.995,20.03,253200
PSDV,20070427,1.7,1.8,1.66,1.78,203000
PSEC,20070427,17.35,17.45,17.25,17.31,79100
PSMT,20070427,17.19,17.19,16.87,17.01,40800
PSTI,20070427,26,28,24,28,30800
PTEN,20070427,24.86,25.09,24.46,25.04,2818500
PTIE,20070427,7.91,7.96,7.78,7.88,288700
PTNR,20070427,17.12,17.19,16.79,16.88,471900
PTSI,20070427,19.55,19.59,18.94,19.37,26500
PVTB,20070427,33.64,33.73,32.98,33.04,218600
PWOD,20070427,34.49,34.49,34.49,34.49,300
PXLW,20070427,1.62,1.63,1.55,1.56,231300
PZZA,20070427,15.47,15.47,15.275,15.35,151600
QBAK,20070427,17.4,17.7,17.4,17.64,2500
QCLN,20070427,22.54,23.43,22.11,22.19,15600
QCOM,20070427,44.91,45.18,44.3,44.63,13446900
QCRH,20070427,16.24,16.5,16.24,16.27,2500
QDEL,20070427,14.13,15.22,14.04,14.26,1232600
QGEN,20070427,17.68,17.7,17.57,17.68,309700
QLTI,20070427,7,7.02,6.85,6.89,484800
QQEW,20070427,21.81,21.85,21.75,21.8,9400
QQQ,20070427,46.37,46.7,46.29,46.57,96607200
QQQX,20070427,19.59,19.79,19.55,19.75,19700
QQXT,20070427,19.3,19.3,19.3,19.3,0
QSII,20070427,20.875,21.025,20.8,20.975,157700
QTEC,20070427,21.11,21.52,20.99,21.1,18000
QUIK,20070427,2.85,3.07,2.75,2.86,294700
RADA,20070427,4.92,4.92,4.9,4.9,12300
RAIL,20070427,50.45,50.77,49.83,50.05,306300
RAND,20070427,3.46,3.89,3.46,3.89,11000
RARE,20070427,30.2,30.21,29.6,29.85,313000
RAVN,20070427,14.97,15.25,14.955,15.22,72900
RBCAA,20070427,19.69,19.7,19.03,19.09,8500
RBPAA,20070427,23.09,23.09,21.88,21.98,43500
RCII,20070427,28.84,28.94,28.42,28.57,762200
RCKY,20070427,11.47,11.55,11.38,11.48,7300
RCMT,20070427,7.98,7.98,7.7,7.89,23900
RDCM,20070427,1.52,1.63,1.5,1.58,225700
RDNT,20070427,6.4,6.45,6.26,6.29,32900
RDWR,20070427,6.495,6.545,6.475,6.5,26000
RECN,20070427,30.42,30.62,30.15,30.29,313700
REFR,20070427,11.22,11.34,10.51,10.78,156500
REGN,20070427,28.59,28.61,27.58,27.58,877900
RELL,20070427,8.88,8.88,8.57,8.75,52600
RELV,20070427,76.09,77,76.09,76.37,24800
RFIL,20070427,2.89,2.905,2.88,2.9,4400
RGCO,20070427,14,14,14,14,0
RGEN,20070427,3.56,3.64,3.51,3.57,31100
RGLD,20070427,29.56,29.68,29.35,29.61,245500
RICK,20070427,8.56,8.7,8.54,8.59,18100
RIGL,20070427,11.47,11.51,11.3,11.3,75500
RLOG,20070427,7.1,7.1,7.1,7.1,0
RMBS,20070427,20.5,20.63,20.16,20.26,1707200
RMCF,20070427,13.38,13.52,13.33,13.49,6400
RMTI,20070427,6.79,6.79,6.6,6.6,14400
RNST,20070427,24.27,24.38,24.04,24.13,11100
RNWK,20070427,7.63,7.7,7.59,7.65,1823600
ROCK,20070427,22.73,23.28,22.68,23.1,177600
ROIA,20070427,7.43,7.45,7.29,7.44,63800
ROIAK,20070427,7.5,7.5,7.36,7.44,934500
ROLL,20070427,36.47,37.32,35.99,37.27,171800
ROSG,20070427,103.65,115.5,103.5,111.75,79900
ROST,20070427,8.555,8.57,8.4025,8.4275,1074900
RPRX,20070427,11.38,11.92,11.16,11.86,106500
RRGB,20070427,41.04,41.07,40.25,40.29,199500
RSYS,20070427,15.11,15.63,15.03,15.56,311300
RTIX,20070427,8.47,8.64,8.42,8.58,136200
RUSHA,20070427,14.287,14.294,13.7,13.934,112700
RUSHB,20070427,13.033,13.033,12.64,12.74,26000
RUTH,20070427,20.48,20.55,19.98,20,432600
RVSB,20070427,14.44,14.51,14.37,14.4,5700
RYAAY,20070427,47.86,48.06,46.8,47.32,316700
SAFM,20070427,39.24,39.86,38.69,39.17,461000
SAFT,20070427,40.53,40.6,40.1,40.17,59100
SAIA,20070427,19.5533,19.76,19.5133,19.5933,213700
SALM,20070427,13.42,13.53,12.45,12.58,42500
SANM,20070427,3.54,3.55,3.49,3.51,3690700
SASR,20070427,33.66,33.67,33,33.31,38800
SBAC,20070427,30.06,30.13,29.68,29.93,766700
SBBX,20070427,15.5,15.5,15.5,15.5,0
SBCF,20070427,116.4,118.25,116.3,117,134400
SBGI,20070427,16.91,17.05,16.58,16.62,698300
SBNY,20070427,31.45,32.05,31.3,31.9,320400
SBSA,20070427,3.68,3.74,3.6,3.63,180800
SBSI,20070427,21.8,22.0476,21.8,21.9524,30900
SBUX,20070427,15.905,15.945,15.7,15.75,9441000
SCHL,20070427,31.32,31.4,30.51,30.92,327400
SCHN,20070427,52.28,52.84,51.19,52.26,610000
SCKT,20070427,0.94,0.98,0.9,0.98,100600
SCLN,20070427,2.99,3.02,2.93,2.95,150300
SCON,20070427,309.6,313.2,291.6,302.4,104200
SCSC,20070427,29.9,30.03,28.97,29.1,119800
SCSS,20070427,18.59,18.73,18.34,18.64,896300
SCVL,20070427,21.76,21.8333,21.5333,21.64,38400
SEAC,20070427,8.7,8.87,8.6,8.75,61900
SEED,20070427,9.14,9.21,8.57,8.59,99200
SEIC,20070427,30.705,30.88,30.475,30.765,339500
SEMI,20070427,0.21,0.21,0.21,0.21,0
SENEA,20070427,27.8,28.55,27.8,28.38,700
SENEB,20070427,28.59,28.59,28.59,28.59,0
SFBC,20070427,16.08,16.08,16.08,16.08,0
SFLY,20070427,16.25,16.61,16.21,16.51,33300
SFNC,20070427,28.33,28.33,27.61,27.82,25000
SGEN,20070427,9.73,9.75,9.53,9.62,271400
SGMA,20070427,9.59,9.64,9.45,9.49,3200
SGMO,20070427,7.76,7.93,7.56,7.66,508900
SGMS,20070427,33.91,34.53,33.33,33.76,2062400
SGRP,20070427,1.03,1.03,1,1.01,11400
SHBI,20070427,24.99,24.99,24.52,24.52,16700
SHEN,20070427,15.4975,15.4975,15.144,15.3275,9500
SHLD,20070427,187.92,192.48,187.9,191.93,1268200
SHLM,20070427,24.09,24.21,23.87,23.99,156300
SHLO,20070427,11.36,11.66,11.11,11.25,15200
SHOO,20070427,9.277,9.277,9.1052,9.1615,324900
SIEB,20070427,3.64,3.67,3.64,3.66,1900
SIFI,20070427,12.26,12.26,12.08,12.2,11000
SIFY,20070427,8.29,8.53,8.25,8.34,308400
SIGI,20070427,26.64,26.75,26.38,26.46,376900
SIGM,20070427,27.2,27.27,26.26,26.76,950600
SILC,20070427,21.29,21.71,20.77,21.45,62200
SIMO,20070427,26.27,26.85,22.18,22.75,3533200
SINA,20070427,34.59,34.98,34.23,34.56,1570600
SIRI,20070427,3.04,3.06,3.01,3.04,33194300
SIVB,20070427,51.36,52.24,51.3,51.92,829500
SIVBO,20070427,24.95,24.97,24.95,24.95,1300
SKYW,20070427,27.92,27.97,27.27,27.33,773500
SLAB,20070427,33.28,33.4,32.92,33.29,696600
SLGN,20070427,29.61,29.61,28.53,29.1,325400
SLMAP,20070427,48.9,49.5,48.35,49.25,9500
SMBC,20070427,7.35,7.365,7.305,7.305,5700
SMCI,20070427,10.25,10.4,9.99,10.2,112100
SMIT,20070427,7.8,8.1,7.8,8.04,3900
SMMF,20070427,21.05,21.05,21.05,21.05,100
SMRT,20070427,16.72,16.72,16.41,16.6,148400
SMSI,20070427,63.64,65.76,63.52,65.24,768600
SMTC,20070427,15.03,15.05,14.72,14.75,578700
SMTX,20070427,3.03,3.08,3.03,3.06,46800
SNAK,20070427,2.86,2.89,2.68,2.71,35600
SNBC,20070427,95.5,96.2,95.05,95.9,54200
SNCR,20070427,22.14,24.24,20.58,22.5,1871100
SNFCA,20070427,5.88,5.94,5.8,5.81,3100
SNHY,20070427,13.6067,14.0473,13.58,14.0427,104000
SNMX,20070427,13.94,14,13.63,13.87,211200
SNPS,20070427,27.95,28.1,27.8,28.02,501200
SNSS,20070427,26.7,27,26.1,26.4,52900
SOFO,20070427,3.7,3.73,3.63,3.66,130400
SOHU,20070427,24.2,25.22,24.01,25.02,1324700
SONA,20070427,15.85,15.9,15.85,15.9,4000
SONC,20070427,23.06,23.06,22.65,22.67,675700
SONS,20070427,40.55,40.95,39.6,39.85,2491300
SORL,20070427,8.56,8.62,8.37,8.58,29300
SPAN,20070427,20.75,21,20.75,20.86,27900
SPAR,20070427,19.65,19.843,19.43,19.516,231900
SPEX,20070427,1033.6,1045,919.6,934.8,146800
SPIL,20070427,10.09,10.09,9.73,9.75,1976400
SPLS,20070427,25.7,25.75,25.28,25.37,8796700
SPNC,20070427,10.62,10.7,10.5,10.66,213600
SPNS,20070427,1.72,1.72,1.65,1.65,900
SPPI,20070427,7,7.07,6.95,6.99,120600
SPRT,20070427,5.56,6,5.23,5.4,560700
SPTN,20070427,26.98,27,25.91,26.05,119100
SPWR,20070427,58.81,59.55,58.49,59.55,1182600
SRCE,20070427,24.5,24.62,24,24.06,19300
SRCL,20070427,41.53,43.57,41.5,43.23,448700
SRDX,20070427,39.76,40.48,39.18,39.23,90200
SSBI,20070427,12.6,12.6,12.6,12.6,0
SSFN,20070427,13.7,13.7,13.7,13.7,300
SSRI,20070427,36.94,37.44,36.63,37.39,552100
SSYS,20070427,23.855,23.915,23.395,23.865,346800
STAA,20070427,5.15,5.15,5,5.06,218600
STBA,20070427,32.92,32.94,32.54,32.57,31100
STEM,20070427,30.84,31.08,30.24,30.36,836600
STFC,20070427,31.46,31.46,31.03,31.38,111600
STKL,20070427,12.84,13.1,12.8,12.99,326300
STLD,20070427,22.895,22.895,22.44,22.575,1145100
STLY,20070427,22.43,22.47,22.15,22.28,49800
STMP,20070427,14.21,14.71,14.02,14.46,780700
STRA,20070427,126.42,129.33,126.27,128.53,140400
STRL,20070427,22.21,22.21,21.25,21.39,32300
STRM,20070427,4.57,4.59,4.4,4.5,27400
STRS,20070427,36.55,36.6,35.9,36.6,1700
STRT,20070427,48.11,48.11,46.32,47.5,2600
SUMR,20070427,4.9,5,4.85,5,9100
SUNW,20070427,5.23,5.28,5.19,5.26,62342000
SVBI,20070427,19.16,19.16,18.43,18.55,7000
SWHC,20070427,14.14,14.19,13.9,14.09,657600
SWIR,20070427,18.86,18.9,17.9,18.04,2461500
SWKS,20070427,7.41,7.43,7.11,7.18,6121500
SYBT,20070427,16.24,16.88,16.1333,16.3333,40700
SYKE,20070427,19.11,19.27,18.81,18.83,218200
SYMC,20070427,17.65,17.93,17.6,17.71,12551500
SYNA,20070427,30.75,31.04,29.11,30.49,1923700
SYNL,20070427,41.2,42.5,39.75,40.74,473200
SYNT,20070427,18.04,18.175,17.645,17.685,74900
SYPR,20070427,7.19,7.49,7.19,7.44,47500
SYUT,20070427,12.3,12.31,12.15,12.28,5800
TACT,20070427,7.13,7.13,6.97,7.05,55500
TAIT,20070427,2.85,2.85,2.85,2.85,0
TASR,20070427,8.07,8.27,7.99,8.27,1492900
TAST,20070427,15.57,15.6,15.25,15.41,32200
TAYD,20070427,5.45,5.45,5.42,5.45,800
TBBK,20070427,25.35,25.47,25,25,26700
TCBI,20070427,21.06,21.28,21,21.2,61900
TCBK,20070427,22.75,22.75,22.13,22.46,40300
TCX,20070427,3.36,3.44,3.32,3.36,171700
TEAM,20070427,13.25,13.5,13.24,13.36,11400
TECD,20070427,35.96,36.35,35.74,35.9,652400
TECH,20070427,59.84,59.84,59.13,59.23,129500
TESO,20070427,29.93,30.7,27.02,30.44,362800
TESS,20070427,19.1067,19.3333,18.6933,19.14,14700
TFSL,20070427,11.89,11.89,11.75,11.8,2568200
TGEN,20070427,3.8,3.98,3.75,3.96,405100
THFF,20070427,30.16,30.5,29.17,29.31,10100
THLD,20070427,1.75,1.82,1.75,1.77,291100
THRM,20070427,8.27,8.3,8.01,8.07,28500
TICC,20070427,17.27,17.36,17.05,17.2,65900
TINY,20070427,13.84,13.87,13.57,13.75,141400
TISA,20070427,4,4.06,3.9,4,21900
TIVO,20070427,6.42,6.45,6.33,6.38,1113400
TLT,20070427,88.01,88.05,87.78,87.83,428600
TORM,20070427,2.87,2.87,2.72,2.82,14600
TRIB,20070427,10.7,10.87,10.61,10.82,132800
TRMB,20070427,14.64,14.695,14.3,14.645,892500
TRMK,20070427,27.12,27.27,27.01,27.18,123700
TRNS,20070427,5.2,5.2,5.2,5.2,0
TROW,20070427,49.97,50.09,49.72,49.85,1918300
TRST,20070427,9.48,9.51,9.38,9.41,268400
TRUE,20070427,19.39,19.39,19.12,19.2,4800
TSBK,20070427,17.635,17.725,17.635,17.685,28100
TSCO,20070427,13.4075,13.575,13.2025,13.2025,588100
TSEM,20070427,28.35,28.35,27.15,27.9,46300
TSRA,20070427,42.52,43.5,42.39,43.22,355400
TSRI,20070427,4.06,4.07,3.88,3.95,8000
TTEC,20070427,39.14,39.16,38.93,39.06,392100
TTEK,20070427,21.07,21.2,20.99,21.06,429800
TTMI,20070427,9.56,9.67,9.39,9.45,253800
TTWO,20070427,19.68,19.82,19.32,19.56,916800
TUES,20070427,14.22,14.3,13.99,14.09,519900
TVIA,20070427,0.3,0.35,0.3,0.3,113200
TWIN,20070427,29.07,30.095,28.72,30.095,42300
TWMC,20070427,5.3,5.37,5.28,5.33,22300
TXN,20070427,34.75,35.11,34.59,34.83,13975400
TXRH,20070427,14.95,15.13,14.87,15,348300
TZOO,20070427,28.02,28.11,27.52,27.54,690700
UBCP,20070427,10.56,10.56,10.56,10.56,0
UBFO,20070427,18.98,19.15,18.06,18.15,16500
UBNK,20070427,14.73,14.74,14.7,14.74,4700
UBOH,20070427,15.78,15.78,15.75,15.75,700
UBSH,20070427,23.7,23.82,23.27,23.68,23200
UBSI,20070427,34.33,34.39,34.05,34.2,118800
UCBA,20070427,12,12,12,12,6200
UCBI,20070427,29.95,30.23,29.95,30.06,118300
UCFC,20070427,10.74,10.8,10.65,10.79,44500
UCTT,20070427,14.85,15.3,14.61,15.1,764100
UEIC,20070427,27.5,28.02,27.31,27.66,25900
UEPS,20070427,25.89,26.24,25.76,26.14,263500
UFCS,20070427,37.54,37.91,36.86,36.93,96300
UFPI,20070427,48.69,49.28,48.4,48.82,188700
UFPT,20070427,5.09,5.65,5.07,5.2,457600
UHAL,20070427,71.12,71.63,70,70.65,42500
ULBI,20070427,9.37,9.55,9.31,9.51,57400
ULTI,20070427,27.94,29.57,27.52,29.12,832200
UMBF,20070427,40.08,40.18,39.51,39.88,160000
UMPQ,20070427,25.44,25.63,25.37,25.43,564700
UNAM,20070427,11.75,11.9,11.29,11.46,3600
UNFI,20070427,31.5,31.58,31.09,31.19,225400
UNTY,20070427,12.08,12.08,11.75,11.9,9600
URBN,20070427,26.17,26.35,25.5,26.21,6051000
URRE,20070427,1194,1207.2,1161.6,1196.4,401000
USAK,20070427,16.14,16.16,15.7,15.85,57400
USAP,20070427,44.84,45.18,43.22,44.57,191000
USAT,20070427,12.2,12.28,11.75,11.8,72100
USEG,20070427,39.42,40.38,39,39.24,125600
USLM,20070427,36.39,36.6,36.39,36.48,12400
UTEK,20070427,14.39,14.56,14.29,14.36,167600
UTHR,20070427,27.865,28.06,27.725,28.035,527800
UTMD,20070427,33.35,33.35,32.51,32.8,1200
UTSI,20070427,22.89,23.13,21.9,22.29,2148800
UVSP,20070427,23.86,23.86,22.75,23.5,42700
VALU,20070427,48.58,49.19,48.2,48.2,2900
VASC,20070427,9.57,9.67,9.51,9.61,17900
VBFC,20070427,242.4,242.4,242.4,242.4,0
VDSI,20070427,21.7,22.44,21.09,22.29,1283100
VECO,20070427,18.86,19.02,18.52,18.64,254400
VIA,20070427,42.32,42.32,41.56,41.85,51000
VIAB,20070427,42.48,42.48,41.48,41.83,1832000
VICL,20070427,53.6,54.6,51.5,51.9,139000
VICR,20070427,11.67,11.67,10.97,11.32,112100
VIVO,20070427,20.223,20.344,19.897,20.01,77500
VLGEA,20070427,24.15,24.56,23.635,23.985,6100
VNDA,20070427,21.21,21.9,21.06,21.61,477800
VOD,20070427,28.73,28.97,28.65,28.78,1034500
VOXX,20070427,15,15.05,14.57,14.72,40200
VRSN,20070427,26.87,27.25,26.74,27.03,2716700
VRTB,20070427,21.36,21.56,21.28,21.56,33400
VRTX,20070427,31.4,31.55,31,31.36,980900
VSAT,20070427,34.92,35,34.31,34.71,120900
VSEC,20070427,11.4375,13.5575,11.4375,12.38,56300
VVUS,20070427,5.5,5.83,5.47,5.74,518800
WABC,20070427,47.19,47.64,47.13,47.35,180800
WAFD,20070427,23.75,23.89,23.6,23.83,483500
WASH,20070427,26.14,26.14,25.92,25.95,8700
WAYN,20070427,13.71,13.71,13.58,13.58,500
WBMD,20070427,53.17,53.87,53.17,53.34,83600
WDC,20070427,18.31,18.42,17.55,17.56,5395100
WDFC,20070427,35.12,35.41,34.91,35.13,91000
WERN,20070427,19.2,19.25,18.99,19.16,608400
WEYS,20070427,25.64,25.83,25.5,25.83,5400
WFM,20070427,23.63,23.825,23.45,23.755,1103700
WILC,20070427,7.56,7.9,7.55,7.89,9800
WINA,20070427,18.5,18.55,17.95,18,1700
WINS,20070427,7.5,7.6,7.25,7.37,39700
WIRE,20070427,28.4,28.4,27,27.94,385500
WLDN,20070427,9.91,10.18,9.91,10.05,18500
WLFC,20070427,10.5,10.62,10.49,10.61,3800
WMAR,20070427,16.34,16.35,14.66,14.98,394700
WMGI,20070427,24.35,24.55,24.28,24.3,102600
WOOF,20070427,38.42,39.75,38.35,39.24,735400
WPCS,20070427,2032.8,2032.8,1986.6,2022.02,30900
WPPGY,20070427,74.54,74.93,74.43,74.72,55300
WRLD,20070427,43.48,44.85,43.26,44.58,158700
WSBC,20070427,31.46,31.46,30.86,30.9,38400
WSCI,20070427,4.75,4.8,4.51,4.64,72600
WSFS,20070427,21.8433,23,21.6,22.6933,29800
WSTG,20070427,15.7,15.8,15,15.8,52700
WSTL,20070427,2.73,2.73,2.64,2.7,220200
WTBA,20070427,15.51,15.68,15.48,15.48,21900
WTFC,20070427,44.51,44.63,43.92,43.94,101500
WVFC,20070427,16.46,16.46,16.4,16.4,1100
WVVI,20070427,7,7,6.91,6.98,9100
WYNN,20070427,105.73,105.73,103.61,104.52,743000
XLNX,20070427,29.93,30,29.34,29.6,6523700
XOMA,20070427,74.4,74.4,71.8,73,1035000
XRAY,20070427,33.35,33.57,32.55,33.46,969600
XTLB,20070427,3.81,3.93,3.75,3.79,91600
XXIA,20070427,8.5,8.67,8.21,8.52,1935000
YHOO,20070427,28.35,28.86,28.17,28.34,21102400
YORW,20070427,17.86,17.86,17.37,17.69,5200
YRCW,20070427,42.81,44.49,41.55,41.77,5087800
ZBRA,20070427,40.85,41.11,40.79,40.82,503300
ZEUS,20070427,32.37,34.83,31.5,33.94,308500
ZION,20070427,82.49,83.07,82.19,82.8,830300
ZIOP,20070427,5.2,5.32,5.01,5.1,12000
ZIXI,20070427,2.31,2.36,2.21,2.25,243400
ZUMZ,20070427,39.5,39.95,38.9,39.29,188000
