<ticker>,<date>,<open>,<high>,<low>,<close>,<vol>
AAME,20110527,2.03,2.05,2.03,2.05,200
AAON,20110527,9.7807,9.8074,9.6741,9.7778,15000
AAPL,20110527,47.8286,48.2329,47.7586,48.2014,7273200
AAWW,20110527,61.33,61.43,60.72,61.32,65400
AAXJ,20110527,62.64,62.77,62.37,62.51,254300
ABAX,20110527,30.26,30.47,30.11,30.44,59800
ABCB,20110527,8.89,8.94,8.81,8.94,15100
ABCD,20110527,3.21,3.29,3.21,3.25,17500
ABCO,20110527,25.655,25.865,25.605,25.835,42700
ABIO,20110527,93.24,93.24,87.78,89.46,350900
ABMD,20110527,18.89,18.9,18.05,18.53,270600
ABTL,20110527,6.15,6.3,5.95,5.95,50800
ACAD,20110527,2.02,2.06,1.94,1.94,333500
ACAS,20110527,9.87,9.89,9.76,9.8,1975500
ACAT,20110527,13.91,14,13.55,13.95,69600
ACET,20110527,7.08,7.12,6.92,6.93,108000
ACFC,20110527,7.57,7.74,7.26,7.73,9600
ACGL,20110527,33.62,34.04,33.41,33.8,661400
ACHN,20110527,6.84,7.24,6.52,7.17,1308500
ACIW,20110527,10.68,10.77,10.5533,10.6233,127000
ACLS,20110527,7,7.16,6.92,7.16,598000
ACNB,20110527,15.72,15.72,15.25,15.25,1200
ACOR,20110527,32.99,33.2,32.06,33.08,349600
ACPW,20110527,10.55,11,10.5,10.8,261100
ACRX,20110527,4.1,4.68,4.1,4.62,32400
ACTG,20110527,39.05,39.38,37.97,38.23,209500
ACTS,20110527,2.17,2.22,2.17,2.2,34400
ACUR,20110527,4.55,4.95,4.46,4.89,299500
ACWI,20110527,48.62,48.99,48.62,48.83,358600
ACWX,20110527,45.41,45.53,45.31,45.39,65300
ACXM,20110527,13.42,13.57,13.42,13.52,357200
ADBE,20110527,34.48,34.56,34.08,34.29,4040000
ADES,20110527,5.535,5.86,5.535,5.595,62000
ADI,20110527,40.55,40.67,40.4,40.55,1895300
ADP,20110527,47.0589,47.5504,47.0589,47.5241,1962100
ADRA,20110527,27.55,27.73,27.55,27.59,1700
ADRD,20110527,22.58,22.64,22.56,22.58,1400
ADRE,20110527,46.31,46.59,46.31,46.45,28600
ADRU,20110527,22.5,22.53,22.49,22.53,4800
ADSK,20110527,42.78,42.91,42.37,42.5,1398500
ADTN,20110527,42.1,42.63,42,42.22,484600
ADUS,20110527,5.48,5.5,5.39,5.47,6400
AEGR,20110527,18.56,18.6,18.17,18.47,11500
AEHR,20110527,1.49,1.5,1.49,1.5,3000
AEIS,20110527,14.72,14.75,14.41,14.46,204300
AEPI,20110527,29.27,30.1,28.54,29.63,20600
AETI,20110527,3.05,3.16,3.04,3.16,14100
AEY,20110527,2.64,2.73,2.64,2.73,6300
AEZS,20110527,1434,1434,1380,1422,1256300
AFAM,20110527,30.92,31.29,30.42,30.48,41400
AFSI,20110527,10.97,11.185,10.95,11.11,216200
AGEN,20110527,0.93,0.94,0.92,0.93,226400
AGII,20110527,29,29.25,28.86,29.2,103400
AGNC,20110527,30.22,30.3,30.2,30.28,1444000
AGYS,20110527,4.79,4.86,4.75,4.78,88600
AHGP,20110527,47.09,48.02,47.09,47.44,52000
AHPI,20110527,4.06,4.06,4.06,4.06,0
AIMC,20110527,26.01,27.07,25.96,26.73,242600
AINV,20110527,11.22,11.25,11.14,11.18,704600
AIRM,20110527,20.0833,20.19,20.0033,20.0833,66600
AIRT,20110527,9.61,9.7,9.61,9.7,3000
AIXG,20110527,38.5,38.7,38.35,38.66,91600
AKAM,20110527,33.35,33.66,33.17,33.66,4499100
AKRX,20110527,6.6,6.74,6.6,6.63,1053100
ALCO,20110527,25.22,25.22,24.96,24.96,1400
ALGN,20110527,24.23,24.5,24.15,24.4,470300
ALGT,20110527,46.16,46.55,45.91,46.13,97300
ALIM,20110527,8.12,8.25,8.09,8.18,52000
ALKS,20110527,18.05,18.18,17.96,18.16,473400
ALLT,20110527,14.25,15.23,14.2,15.01,263700
ALNY,20110527,9.99,10.3,9.99,10.3,111100
ALOG,20110527,52.72,52.98,52.72,52.83,13000
ALOT,20110527,7.96,8.05,7.96,8.03,2600
ALSK,20110527,8.98,9.1,8.93,9,570000
ALXN,20110527,46.14,46.52,45.52,46.18,1886000
AMAG,20110527,16.22,16.98,16.19,16.8,174500
AMAT,20110527,13.58,13.66,13.41,13.43,17066700
AMCC,20110527,9.72,10.23,9.66,10.23,1473900
AMCN,20110527,3.7,3.8,3.68,3.72,183600
AMD,20110527,8.53,8.6,8.44,8.49,9627000
AMED,20110527,31.09,31.33,30.79,31.11,245800
AMGN,20110527,59.5,59.9,59.12,59.35,3657400
AMKR,20110527,6.3,6.4,6.3,6.36,1225800
AMNB,20110527,19.9,20.04,19.39,19.52,17200
AMOT,20110527,6.67,6.8,6.67,6.75,3700
AMOV,20110527,26.15,26.15,26.11,26.11,2100
AMRB,20110527,6.57,6.64,6.36,6.36,16200
AMRI,20110527,4.98,4.98,4.8,4.88,46400
AMRN,20110527,19.2,19.87,19.01,19.5,2946200
AMRS,20110527,29.38,30,28.87,29.29,154300
AMSC,20110527,101.8,103.6,100.4,102.5,834800
AMSF,20110527,22.6,22.88,22.53,22.64,14200
AMSG,20110527,25.41,25.57,25.29,25.51,147200
AMSWA,20110527,7.49,7.59,7.45,7.56,33700
AMTD,20110527,20.87,21.19,20.84,21.07,2863600
AMWD,20110527,20.75,20.75,20.22,20.22,9900
AMZN,20110527,194.76,196.12,193.5,194.13,2353900
ANAT,20110527,77.08,77.95,76.63,76.74,16000
ANCB,20110527,9.55,9.55,9.55,9.55,0
ANCX,20110527,7.62,7.62,7.6,7.62,6500
ANDE,20110527,28.8333,29.3333,28.7067,29.2933,222500
ANGO,20110527,15.35,15.45,15.26,15.37,21900
ANIK,20110527,7.25,7.28,7.15,7.2,17900
ANSS,20110527,57.25,57.36,57,57.06,207100
ANTH,20110527,68.08,68.4,66.8,68,131800
AOSL,20110527,13.68,13.84,13.67,13.79,31900
APEI,20110527,43.72,44.2,43.71,43.8,41000
APOG,20110527,13.08,13.11,12.83,13,48200
APOL,20110527,39.77,40.34,39.77,40.22,797800
APPY,20110527,36.96,36.96,35.04,35.52,194700
APRI,20110527,51.1,51.3,50,50.6,129800
APWC,20110527,5.73,5.95,5,5.42,10300
ARAY,20110527,7.48,7.62,7.46,7.59,304400
ARCC,20110527,16.59,16.68,16.46,16.51,1443000
ARCI,20110527,4.54,4.63,4.54,4.63,400
ARCW,20110527,0.996,1,0.996,1,8100
AREX,20110527,26.18,26.7,25.93,26.12,193700
ARIA,20110527,8.45,8.86,8.4,8.81,2702200
ARII,20110527,23.6,23.98,23.46,23.9,59800
ARKR,20110527,16.96,17.25,16.86,16.86,5300
ARLP,20110527,36.325,36.75,36.13,36.375,64000
ARNA,20110527,1.49,1.5,1.42,1.47,5082600
AROW,20110527,24.2,24.21,23.96,24.03,4600
ARQL,20110527,6.91,7.14,6.9,7.03,243700
ARRS,20110527,11.17,11.51,11.15,11.27,1800800
ARRY,20110527,2.69,2.73,2.63,2.64,233300
ARTNA,20110527,19.47,19.47,19.29,19.45,2200
ARTW,20110527,7.54,7.83,7.54,7.83,7500
ARTX,20110527,2.01,2.08,1.85,2.08,52200
ARWR,20110527,0.56,0.56,0.55,0.55,124100
ASCMA,20110527,46.5,47.12,45.63,45.74,36900
ASFI,20110527,7.6,7.69,7.55,7.61,33600
ASML,20110527,38.07,38.31,37.96,38.07,1472400
ASNA,20110527,16.525,16.625,16.325,16.41,760200
ASPS,20110527,35,35.71,34.54,35.2,26600
ASRV,20110527,2.23,2.24,2.23,2.24,1400
ASRVP,20110527,25.04,25.11,25,25.05,1300
ASTC,20110527,1.07,1.07,1.05,1.07,31100
ASTE,20110527,36.26,36.77,36.23,36.51,49300
ASUR,20110527,1.68,1.8133,1.68,1.7667,1500
ASYS,20110527,21.65,21.75,21.18,21.4,140100
ATAI,20110527,11.03,11.33,11.01,11.08,40300
ATAX,20110527,5.69,5.73,5.65,5.71,21100
ATEC,20110527,43.32,45.72,43.2,45.48,584800
ATHN,20110527,44.25,44.81,43.73,43.93,216200
ATHX,20110527,2.88,2.94,2.86,2.92,108500
ATLO,20110527,17.59,17.61,17.25,17.47,2600
ATNI,20110527,37.6,37.71,37.56,37.59,25400
ATRC,20110527,14.32,14.32,14.2,14.24,33400
ATRI,20110527,182.56,183.87,181.35,183.87,5200
ATRO,20110527,22.2083,22.3917,21.6333,21.65,25600
ATSG,20110527,7.5,7.65,7.5,7.59,283100
ATVI,20110527,11.45,11.56,11.39,11.45,3940000
AUBN,20110527,19.63,19.65,19.6,19.65,3400
AUDC,20110527,5.4,5.46,5.37,5.41,64100
AVAV,20110527,29.44,29.88,29.3,29.7,77900
AVEO,20110527,18.57,18.62,18.04,18.36,309900
AVGO,20110527,34.8,35.12,34.17,35.01,1712800
AVID,20110527,17.28,17.41,16.78,17.01,76200
AVNW,20110527,56.04,56.16,54.96,55.2,103800
AWRE,20110527,3.06,3.08,3.05,3.08,1600
AXAS,20110527,4.13,4.29,4.01,4.13,1380700
AXTI,20110527,7.89,8.09,7.81,7.92,433200
AZPN,20110527,16.49,16.52,16.31,16.41,194000
BABY,20110527,16.84,16.84,16.64,16.74,48900
BANF,20110527,38.24,38.29,37.85,38.1,13800
BANFP,20110527,27.05,27.16,27.04,27.11,900
BANR,20110527,18.83,19.04,18.69,18.9,427700
BASI,20110527,1.96,2.12,1.96,2.11,70200
BBBY,20110527,53.8,53.97,53.33,53.46,1972000
BBGI,20110527,5.07,5.12,5.01,5.03,11500
BBOX,20110527,32.8,33.3,32.77,32.92,31000
BBRG,20110527,22.95,22.96,21.97,22.48,106400
BBRY,20110527,43.24,43.91,42.7,43.6,9202800
BBSI,20110527,15.06,15.16,15.06,15.12,27200
BCBP,20110527,11.2,11.2,11.13,11.14,1900
BCOM,20110527,29.9,29.9,29.9,29.9,0
BCPC,20110527,42.04,42.44,41.71,42.01,63000
BCRX,20110527,3.35,3.41,3.33,3.38,209700
BDE,20110527,8.16,8.3,7.95,8.15,31200
BDGE,20110527,21.28,21.43,21.28,21.39,2500
BDSI,20110527,3.35,3.39,3.28,3.28,55400
BEAT,20110527,5.47,5.57,5.4,5.56,60500
BEAV,20110527,36.37,36.91,36.14,36.63,293800
BEBE,20110527,6.63,6.64,6.58,6.61,133100
BECN,20110527,21.48,21.72,21.39,21.56,264900
BELFA,20110527,21.02,21.02,20.55,20.74,4000
BELFB,20110527,19.65,19.71,19.12,19.15,9700
BFIN,20110527,8.29,8.37,8.25,8.37,28900
BGCP,20110527,8.33,8.38,8.15,8.23,606000
BGFV,20110527,10,10,9.44,9.51,53300
BIB,20110527,9.8613,9.8975,9.7975,9.895,6600
BICK,20110527,32.36,32.52,32.35,32.4,55600
BIDU,20110527,130.27,134.75,130.02,133.93,6471000
BIIB,20110527,93.31,94.05,93.03,93.21,1197300
BIOC,20110527,15.81,16.02,15.81,15.87,3100
BIOS,20110527,7.49,7.49,7.21,7.32,235400
BIS,20110527,148.16,148.16,147.12,147.16,800
BJRI,20110527,50,50.85,49.9,50.21,153100
BKCC,20110527,9.75,9.77,9.68,9.71,331100
BKEP,20110527,7.44,7.5,7,7.5,41800
BKMU,20110527,4.04,4.08,4.01,4.03,90800
BKSC,20110527,10.45,10.45,10.45,10.45,900
BLDP,20110527,1.64,1.73,1.64,1.71,164700
BLDR,20110527,2.25,2.31,2.24,2.25,47100
BLIN,20110527,5.6,5.6,5.3,5.3,2300
BLKB,20110527,27.6,27.7,27.29,27.51,75000
BMRC,20110527,35.8,36.69,35.73,36.37,8800
BMRN,20110527,27.64,28,27.46,27.97,729900
BMTC,20110527,20.32,20.69,20.26,20.68,19200
BNCL,20110527,8.4,8.4,8.34,8.38,100200
BNCN,20110527,8.18,8.18,7.6,7.6,1900
BNSO,20110527,2.18,2.23,2.06,2.18,9600
BOBE,20110527,31.29,31.63,31.29,31.36,95200
BOCH,20110527,4.2,4.24,4.17,4.21,2000
BOFI,20110527,3.795,3.815,3.7375,3.75,98100
BOKF,20110527,52.43,52.62,52.36,52.45,28800
BONT,20110527,10.47,10.83,10.45,10.64,136600
BOOM,20110527,22,22.48,21.94,22.39,39100
BOSC,20110527,12,12,11.68,11.8,1000
BPFH,20110527,6.69,6.7,6.52,6.6,389400
BPFHW,20110527,2.19,2.19,2.19,2.19,0
BPOP,20110527,28.6,28.8,28.2,28.7,2589600
BPOPM,20110527,19.75,19.95,19.75,19.95,10900
BPOPN,20110527,20.85,21,20.85,21,3500
BRCD,20110527,6.57,6.61,6.55,6.61,6666300
BRID,20110527,9.37,9.37,8.48,8.62,8700
BRKL,20110527,8.62,8.72,8.61,8.7,256800
BRKR,20110527,19.16,19.2,18.99,19.15,229000
BRKS,20110527,11.22,11.22,10.93,10.97,252000
BSET,20110527,8.65,8.76,8.65,8.7,9400
BSFT,20110527,37.51,39.7,37.51,39.32,395200
BSPM,20110527,30.45,31.29,29.82,30.87,136200
BSQR,20110527,6.47,6.67,6.4,6.46,86700
BSRR,20110527,10.99,11.01,10.91,10.98,3800
BSTC,20110527,23.1,23.27,23.05,23.27,1400
BUSE,20110527,5.1,5.1,5,5.07,112700
BVSN,20110527,13.49,14.1,13.4,13.5,3500
BWEN,20110527,17.7,17.9,17.2,17.5,587600
BWINA,20110527,21.4,21.4,21.4,21.4,0
BWINB,20110527,22.31,22.31,22.29,22.29,1000
BWLD,20110527,61.95,63.4,61.95,62.33,226800
BYFC,20110527,2.37,2.37,2.35,2.35,700
CA,20110527,22.79,22.97,22.77,22.89,3350400
CAAS,20110527,7.78,7.8,7.61,7.65,161900
CAC,20110527,31.97,32.04,31.67,31.99,11600
CACB,20110527,8.46,8.46,7.94,8.33,11900
CACC,20110527,76.82,78.77,76.78,78.16,35500
CADC,20110527,33,33,30.36,30.96,111300
CAKE,20110527,31.88,32.3,31.52,31.56,817300
CALD,20110527,5.95,6,5.83,5.92,185500
CALI,20110527,9.9,10.8,9.42,10.38,18300
CALL,20110527,12.385,13.68,11.965,13.19,372500
CALM,20110527,14.325,14.5,14.3,14.465,103800
CAMP,20110527,3.15,3.3,3.14,3.29,83300
CAMT,20110527,2.99,3.1,2.93,2.98,49600
CAR,20110527,17.23,17.53,17.17,17.43,725900
CART,20110527,3.05,3.05,3.05,3.05,200
CARV,20110527,0.59,0.59,0.56,0.59,6400
CARZ,20110527,29.32,29.32,29.32,29.32,200
CASH,20110527,13.4,13.88,13.4,13.88,3100
CASM,20110527,2.57,2.57,2.45,2.55,1200
CASS,20110527,37.37,37.5,36.75,37.11,74800
CASY,20110527,40.78,40.98,40.65,40.89,124900
CATM,20110527,21.31,21.8,21.3,21.62,109700
CATY,20110527,15.74,15.83,15.65,15.79,201900
CAVM,20110527,44.27,44.58,43.77,43.87,476900
CBAK,20110527,6.4,6.75,6.4,6.5,181400
CBAN,20110527,3.51,3.62,3.36,3.43,6800
CBLI,20110527,110,111.4,105,107.2,348100
CBMX,20110527,561,561,540,558,10900
CBMXW,20110527,3.2,3.2,3,3.2,700
CBOE,20110527,26.01,26.01,25.51,25.87,371200
CBPO,20110527,16.7,16.7,15.83,16.1,162600
CBRL,20110527,47.61,47.73,47.18,47.6,428500
CBSH,20110527,41.91,42.2,41.91,42.15,349200
CCBG,20110527,10.38,10.46,10.29,10.39,18300
CCCL,20110527,38.08,39.2,38,38.48,39100
CCIH,20110527,11.9,12.25,11.53,11.81,155000
CCMP,20110527,49.19,50.19,49.12,49.52,117500
CCNE,20110527,13.42,13.49,13.29,13.46,9600
CCOI,20110527,15.15,15.24,14.99,15.2,124800
CCRN,20110527,7.46,7.5,7.39,7.46,31800
CCUR,20110527,6.16,6.34,6.16,6.2,21800
CDNS,20110527,10.66,10.72,10.58,10.64,2543900
CDTI,20110527,40.8,56,40.55,42.25,4704500
CDXS,20110527,10.77,10.91,10.6,10.89,336500
CDZI,20110527,10.69,10.99,10.47,10.54,16000
CECE,20110527,6.38,6.5,6.3,6.3,17100
CECO,20110527,21.7,22.11,21.61,21.85,659700
CELG,20110527,29.67,29.98,29.58,29.94,1684000
CELGZ,20110527,2.03,2.19,2.02,2.19,65900
CENT,20110527,10.05,10.2,9.99,10.03,38500
CENTA,20110527,9.94,10.03,9.83,9.91,116100
CENX,20110527,15.75,16,15.72,15.88,912900
CERN,20110527,30.1425,30.3375,29.9725,30.07,335800
CERS,20110527,2.92,2.96,2.86,2.94,184300
CETV,20110527,21.4,21.91,21.4,21.64,230200
CEVA,20110527,33.56,34.34,33.27,34.23,284500
CFBK,20110527,5.15,5.4,5,5.05,14200
CFFI,20110527,21.3,21.48,21.27,21.48,800
CFFN,20110527,11.84,11.94,11.79,11.88,932900
CFNB,20110527,14.85,14.95,14.85,14.87,1200
CFNL,20110527,10.77,10.94,10.75,10.91,35500
CGEN,20110527,4.45,4.5,4.42,4.44,30200
CGNX,20110527,16.63,17.14,16.63,17.07,441800
CHCI,20110527,1.11,1.11,1.06,1.11,34700
CHCO,20110527,32,32.26,31.8,31.98,51000
CHDN,20110527,43,43,42.6,42.77,13000
CHFC,20110527,19.08,19.33,19.08,19.29,38700
CHFN,20110527,10.6285,10.6484,10.4792,10.5389,7200
CHKE,20110527,18.41,19.15,18.27,19.06,76100
CHKP,20110527,54.1,54.52,54.07,54.32,724100
CHNR,20110527,13.08,13.08,12.92,12.96,600
CHRS,20110527,3.86,3.99,3.86,3.98,558700
CHRW,20110527,79.96,80.42,79.63,79.92,591600
CHSCP,20110527,29.3,29.6,29.3,29.59,4900
CHTR,20110527,55.8,56.32,55.8,56.23,195700
CIDM,20110527,20.4,20.6,19.4,20.2,94700
CINF,20110527,30.16,30.24,29.93,30.09,980600
CISG,20110527,15.9,16,15.76,15.88,133000
CIZN,20110527,18.98,19.58,18.98,19.58,500
CJJD,20110527,2.19,2.19,2.06,2.09,9700
CKEC,20110527,7,7.07,6.89,7.03,68400
CLBH,20110527,3.3,3.3,3.3,3.3,0
CLCT,20110527,14.06,14.07,13.94,13.99,16400
CLDX,20110527,3.59,3.8,3.56,3.76,558400
CLFD,20110527,6.21,6.68,6.19,6.58,97700
CLMS,20110527,14.49,14.6,14.41,14.52,126100
CLMT,20110527,22.05,22.09,21.76,22.09,85800
CLNE,20110527,14.7,14.95,14.09,14.28,1479700
CLRO,20110527,8.73,8.8,8.05,8.75,43700
CLSN,20110527,2.75,3.1,2.65,3.03,691600
CLUB,20110527,7.04,7.04,6.82,6.86,44600
CLWT,20110527,6.215,6.49,6.16,6.49,8900
CMCO,20110527,19.12,19.53,18.94,19.47,63700
CMCSA,20110527,24.92,25.11,24.81,24.89,14012900
CME,20110527,57.13,57.19,56.56,56.63,545500
CMLS,20110527,31.2,31.6,31.12,31.2,11500
CMTL,20110527,27.57,27.88,27.44,27.86,234300
CNBKA,20110527,24.55,25.23,24.45,25.02,11700
CNET,20110527,1.96,1.96,1.94,1.95,11100
CNIT,20110527,2.35,2.35,1.77,2,4324300
CNMD,20110527,27.92,27.96,27.62,27.87,37000
CNOB,20110527,9.97,10.1,9.97,10.07,8900
CNSL,20110527,18.8,18.91,18.76,18.85,89100
CNTF,20110527,28.65,28.9,27.7,28.05,470700
CNTY,20110527,2.91,2.95,2.9,2.9,20100
COBZ,20110527,6.48,6.55,6.38,6.42,143900
COHR,20110527,54.2,55.64,54.2,55.38,98000
COHU,20110527,13.2,13.26,12.8,12.87,29300
COKE,20110527,68.55,68.99,68.5,68.99,9300
COLB,20110527,17.58,17.74,17.46,17.58,105500
COLM,20110527,32.76,32.84,32.47,32.785,153500
CONN,20110527,5.75,5.99,5.73,5.94,233600
COOL,20110527,124.32,136.5,123.9,133.98,1619100
CORE,20110527,8.6525,8.75,8.595,8.7275,54200
CORT,20110527,4.63,4.79,4.58,4.79,455900
COST,20110527,80.93,81.81,80.81,81.53,1735900
COWN,20110527,4.15,4.16,4.1,4.14,149100
CPHC,20110527,13.59,13.9,13.14,13.73,15900
CPIX,20110527,5.08,5.08,4.99,5.02,32200
CPLA,20110527,48,48.83,47.83,48.64,106700
CPLP,20110527,9.14,9.2,9,9.17,231900
CPRT,20110527,23.335,23.56,23.19,23.23,222200
CPRX,20110527,1.16,1.16,1.15,1.16,10200
CPSI,20110527,63.28,63.28,61.61,61.81,41900
CPSS,20110527,1.09,1.09,1.09,1.09,10700
CPST,20110527,34.6,35.4,34.2,35.2,1490300
CRAI,20110527,27.23,27.27,26.95,27.07,61400
CRAY,20110527,6.18,6.28,6.16,6.23,158600
CREE,20110527,42.1,43.75,42.08,43.61,3603200
CREG,20110527,18.6,18.6,18,18.1,12200
CRESY,20110527,17.3,17.6,17.17,17.48,27100
CRIS,20110527,3.62,3.62,3.53,3.55,257000
CRME,20110527,27,27.5,26.45,26.65,164000
CRMT,20110527,26.19,27.74,26,27.1,242600
CRNT,20110527,10.98,11.07,10.66,10.73,143500
CROX,20110527,22.1,23,22,22.87,1885000
CRUS,20110527,16.33,16.6,16.11,16.22,1664500
CRVL,20110527,26.205,26.205,25.17,25.84,6400
CRWS,20110527,4.95,4.95,4.94,4.95,9600
CRZO,20110527,37.5,39.17,37.43,37.77,693200
CSBK,20110527,10.72,10.8,10.72,10.77,3600
CSCO,20110527,16.24,16.51,16.24,16.46,49543200
CSFL,20110527,6.55,6.62,6.52,6.57,19200
CSGP,20110527,62.2,64.1,62.2,63.16,518200
CSGS,20110527,18.86,18.93,18.7,18.86,74200
CSII,20110527,15.51,15.52,15.05,15.11,115500
CSIQ,20110527,9.18,9.34,8.9,9.28,936900
CSOD,20110527,19.91,19.91,18.14,19.5,198000
CSPI,20110527,4.39,4.51,4.27,4.41,7100
CSTR,20110527,53.4,53.4,52.54,52.83,326500
CSWC,20110527,23.1275,23.2475,23.09,23.185,9500
CSX,20110527,25.8933,26.1233,25.84,25.9767,1921600
CTAS,20110527,32.29,32.63,32.24,32.41,1057700
CTBI,20110527,27.11,27.11,26.86,27.02,14800
CTHR,20110527,2.71,2.75,2.62,2.63,13900
CTIB,20110527,5.14,5.36,5.14,5.26,2300
CTRN,20110527,16.71,16.92,16.62,16.69,124300
CTRP,20110527,21.5,22.16,21.375,22.05,2585400
CTSH,20110527,37.54,37.805,37.25,37.385,1657200
CTWS,20110527,25.4,25.46,24.88,24.98,12000
CTXS,20110527,86.65,87.98,86.17,87.16,2704700
CUBA,20110527,7.37,7.38,7.2,7.24,1900
CUTR,20110527,8.73,8.76,8.6,8.72,28200
CVBF,20110527,8.81,8.89,8.8,8.89,342900
CVCO,20110527,42.86,42.99,41.95,42.49,7200
CVCY,20110527,6.69,6.76,6.44,6.45,39700
CVGI,20110527,15.43,15.96,15.43,15.95,98700
CVGW,20110527,20.81,21.59,20.76,21.46,47000
CVLT,20110527,38.98,41.19,38.81,41.13,765200
CVLY,20110527,10.54,10.78,10.51,10.63,2200
CVTI,20110527,9.24,9.42,9.24,9.31,9100
CVV,20110527,11.81,12.64,11.8,12.59,182500
CWBC,20110527,4.15,4.15,4.15,4.15,400
CWCO,20110527,9.27,9.4,9.21,9.36,18700
CWST,20110527,6.22,6.22,5.92,6.01,66900
CXDC,20110527,4.23,4.49,4.23,4.27,302900
CY,20110527,22.65,23.5,22.55,23.36,5456600
CYAN,20110527,3.39,3.39,3.31,3.36,7800
CYBE,20110527,9.94,10.24,9.92,10.15,2500
CYCC,20110527,131.88,141.96,130.2,136.92,685500
CYCCP,20110527,4.15,4.15,4.15,4.15,100
CYNO,20110527,12.64,12.69,12.31,12.69,13900
CYOU,20110527,39.92,40.54,39.8,40.37,167100
CYTK,20110527,8.04,8.88,7.86,8.58,651700
CYTR,20110527,6.72,6.86,6.44,6.58,638100
CYTX,20110527,85.2,88.2,83.55,84,426100
CYTXW,20110527,3.65,3.65,3.65,3.65,900
CZFC,20110527,7.46,8.09,7.46,8.09,1100
CZNC,20110527,14.25,14.3,14.1,14.11,42700
CZWI,20110527,5.21,5.21,5.21,5.21,0
DAIO,20110527,5.94,5.95,5.9,5.9,53400
DAKT,20110527,10.28,10.31,10,10.1,98900
DAVE,20110527,10.03,10.09,9.96,10,28700
DCIX,20110527,86.16,88.08,86.16,86.72,6200
DCOM,20110527,13.56,13.89,13.56,13.83,59500
DCTH,20110527,96,97.6,96,97.44,326000
DENN,20110527,4.09,4.09,4.02,4.04,183000
DEPO,20110527,8.63,8.68,8.5,8.63,770000
DEST,20110527,20.85,21.3,20.58,20.87,36000
DGAS,20110527,15.91,15.91,15.375,15.905,2700
DGICA,20110527,13.29,13.55,13.23,13.41,16900
DGICB,20110527,16.95,16.95,16.95,16.95,0
DGII,20110527,11.42,11.54,11.35,11.38,53800
DGLY,20110527,1.17,1.17,1.07,1.17,5400
DHIL,20110527,79.5,79.5,79.04,79.49,3000
DHRM,20110527,3.58,3.58,3.25,3.32,22800
DIOD,20110527,29.27,29.62,29.08,29.15,114400
DISCA,20110527,43.53,43.84,43.46,43.71,1039000
DISCB,20110527,45.65,45.65,45.65,45.65,0
DISCK,20110527,19.25,19.43,19.235,19.245,531700
DISH,20110527,29.76,30.14,29.62,30.13,1886500
DJCO,20110527,75,75,73.5,75,1200
DLBS,20110527,48.5,48.5,48.5,48.5,300
DLTR,20110527,31.45,31.72,31.395,31.61,800000
DMLP,20110527,27.49,27.93,27.44,27.86,46200
DMRC,20110527,29.01,29.45,28.25,29.4,29200
DNBF,20110527,10.35,10.35,10.35,10.35,0
DORM,20110527,18.365,18.68,18.315,18.465,49700
DRAD,20110527,2.78,2.78,2.71,2.76,15900
DRAM,20110527,31.5,32.22,30.78,31.86,12600
DRRX,20110527,3.2,3.24,3.17,3.19,82200
DRWI,20110527,159.25,173.75,158.75,173.75,287100
DRYS,20110527,5610,5640,5565,5595,4145800
DSCI,20110527,10.25,10.27,9.93,9.99,72700
DSGX,20110527,6.62,6.85,6.61,6.67,54500
DSPG,20110527,8.08,8.21,7.98,8.1,88000
DSWL,20110527,2.93,2.94,2.84,2.85,20900
DTLK,20110527,6.97,7.27,6.92,7,134100
DTSI,20110527,46.53,46.84,45.96,46.1,43400
DTUS,20110527,45.07,45.07,44.64,44.67,5100
DTYS,20110527,46.42,46.42,46.19,46.2,10600
DVAX,20110527,26.6,29.4,26.6,28.1,2950600
DWCH,20110527,5.8,5.85,5.48,5.84,3600
DWSN,20110527,33.87,34.47,33.12,33.73,54200
DXCM,20110527,15.35,15.4,15.22,15.3,182300
DXPE,20110527,25.37,25.62,25.22,25.5,61800
DXYN,20110527,4.27,4.38,4.27,4.3,13400
DYNT,20110527,7.95,8,7.65,7.65,105800
DYSL,20110527,3.4,3.62,3.3,3.5,22400
EAGLU,20110527,10.34,10.4,10.28,10.28,1700
EBAY,20110527,12.9137,12.9558,12.8421,12.9179,6975700
EBIX,20110527,19.85,20.1,19.47,19.58,292600
EBMT,20110527,10.92,10.95,10.89,10.9,5800
EBSB,20110527,5.4534,5.4739,5.4208,5.4534,11400
EBTC,20110527,18.24,18.75,18.08,18.55,4500
ECHO,20110527,14.61,14.73,14.47,14.67,72900
ECOL,20110527,16.9,17,16.39,16.64,41600
ECPG,20110527,31.94,32.2,31.85,32.12,125500
ECYT,20110527,11.83,11.98,11.8,11.85,34800
EDAP,20110527,3.77,3.82,3.68,3.75,117200
EDGW,20110527,3.01,3.01,2.94,2.94,7300
EDUC,20110527,5.36,5.42,5.35,5.42,1900
EEFT,20110527,16.74,17.03,16.62,16.8,828900
EEI,20110527,22.26,22.26,21.6,21.74,6500
EFII,20110527,18.05,18.08,17.86,17.99,102300
EFOI,20110527,0.55,0.56,0.48,0.5,326700
EFSC,20110527,13.75,14.24,13.65,14,86900
EFUT,20110527,4.34,4.34,4.34,4.34,0
EGBN,20110527,12.55,12.58,12.38,12.45,17800
EGHT,20110527,3.53,3.54,3.38,3.46,842300
EGLE,20110527,3787.2,3960,3758.4,3873.6,914800
EGOV,20110527,12.69,12.75,12.52,12.61,117300
EHTH,20110527,13.08,13.23,13.04,13.19,42300
ELGX,20110527,8.38,8.47,8.29,8.42,304700
ELNK,20110527,7.74,7.87,7.71,7.84,1229800
ELON,20110527,94.8,94.8,93.4,94.4,187600
ELOS,20110527,13.11,13.25,12.71,12.72,737300
ELSE,20110527,4.75,4.75,4.75,4.75,0
ELTK,20110527,1.16,1.18,1.13,1.17,10500
EMCF,20110527,16.2,16.2,16.2,16.2,0
EMCI,20110527,13.3,13.38,13.1267,13.2533,29400
EMIF,20110527,36,36.12,35.86,35.97,27400
EMITF,20110527,437.4,450,435,442.8,80500
EMKR,20110527,9.72,9.76,9.36,9.4,497700
EMMS,20110527,4.12,4.28,4.08,4.28,128700
ENDP,20110527,40.89,41.55,40.89,41.52,819800
ENG,20110527,3.83,3.89,3.79,3.85,9100
ENOC,20110527,18.4,18.45,17.86,18,239200
ENSG,20110527,14.66,14.855,14.555,14.62,64000
ENTG,20110527,8.88,9,8.83,8.9,691700
EPAY,20110527,24.56,24.8,24.16,24.35,70900
EQIX,20110527,100.05,101.09,99.4,100.61,608600
ERIC,20110527,14.58,14.73,14.58,14.64,3435900
ERIE,20110527,70.93,71.23,70.5,70.88,30500
ERII,20110527,2.75,2.79,2.7,2.73,78600
ESBK,20110527,16.6,16.6,16.6,16.6,0
ESCA,20110527,5.8,5.87,5.79,5.87,3100
ESEA,20110527,4.57,4.74,4.57,4.73,24800
ESGR,20110527,103.89,104.65,101.99,102.83,26800
ESIO,20110527,17.8,17.86,17.43,17.64,79100
ESLT,20110527,50.32,50.44,50.27,50.42,6400
ESMC,20110527,1.33,1.33,1.3,1.3,1600
ESRX,20110527,60.69,60.89,58.19,58.48,8150700
ESSA,20110527,11.25,11.34,11.17,11.25,25300
ETFC,20110527,15.44,15.72,15.41,15.71,2574900
ETRM,20110527,37.5,37.8,37.35,37.35,20300
EUFN,20110527,22.94,22.94,22.94,22.94,0
EVBS,20110527,3.4,3.73,3.26,3.41,3800
EVEP,20110527,55.39,56.66,55.37,55.89,146100
EVK,20110527,2,2.05,2,2,1900
EVOL,20110527,7,7,6.95,7,63200
EWBC,20110527,19.72,19.92,19.63,19.8,811200
EXAC,20110527,17.96,17.96,17.75,17.82,17600
EXAS,20110527,7.25,7.26,7.11,7.2,209300
EXEL,20110527,11.25,11.37,11.18,11.32,637900
EXFO,20110527,8.78,9.05,8.78,9.01,46400
EXLS,20110527,24.07,24.2,23.74,23.97,20200
EXPD,20110527,52.46,52.8,51.86,51.96,808300
EXPE,20110527,27.38,27.95,27.33,27.69,3122100
EXPO,20110527,20.44,20.83,20.42,20.7,37400
EXTR,20110527,3.22,3.33,3.2,3.27,587200
EZPW,20110527,31.2,31.31,30.95,31.21,251100
FALC,20110527,4.28,4.56,4.28,4.33,233900
FARM,20110527,10.04,10.45,10,10.37,11500
FARO,20110527,44.85,44.92,43.89,44.14,94600
FAST,20110527,32.93,33.23,32.78,32.85,1156400
FBIZ,20110527,12.42,12.49,12.42,12.49,700
FBMS,20110527,11,11,10.98,10.98,400
FBNC,20110527,11.72,11.77,11.47,11.57,14400
FBSS,20110527,12.84,12.84,12.71,12.75,1400
FCAP,20110527,16.75,16.75,16.75,16.75,100
FCBC,20110527,13.82,14.1,13.79,13.85,19700
FCCO,20110527,7.15,7.15,7.15,7.15,200
FCCY,20110527,8.02,8.02,7.99,7.99,1400
FCEL,20110527,17.76,18,17.28,17.52,676100
FCNCA,20110527,191.02,191.93,189.2,191.83,11200
FDEF,20110527,14.37,14.5,14.37,14.5,3500
FDML,20110527,23.04,23.39,22.74,23.07,90400
FEIM,20110527,9.5,9.74,9.33,9.74,23500
FELE,20110527,21.67,21.92,21.595,21.905,45100
FFBC,20110527,16,16.06,15.9,15.94,148700
FFBCW,20110527,6.03,6.04,5.69,5.79,28700
FFHL,20110527,3.83,3.83,3.41,3.53,101000
FFIC,20110527,13.25,13.28,13.04,13.16,45000
FFIN,20110527,17.35,17.5234,17.2267,17.3334,62600
FFIV,20110527,107.75,113.22,107.25,112.85,3734300
FFKT,20110527,6.7,6.82,6.7,6.78,500
FFNW,20110527,5.69,5.79,5.69,5.79,38900
FHCO,20110527,5.04,5.04,4.96,5.01,21800
FIBK,20110527,13.37,13.62,13.33,13.49,20100
FINL,20110527,22.66,22.88,22.47,22.73,362800
FISI,20110527,16.02,16.25,16.02,16.2,5500
FISV,20110527,31.585,31.92,31.52,31.73,725800
FITB,20110527,12.81,12.97,12.73,12.93,7328800
FIZZ,20110527,13.74,13.92,13.68,13.83,14600
FLAT,20110527,48.27,48.32,48.11,48.14,125300
FLDM,20110527,14.64,14.73,14.39,14.62,69200
FLEX,20110527,7.03,7.14,7.03,7.11,4473100
FLIC,20110527,18.08,18.3067,17.9667,18.2,10300
FLIR,20110527,35.2,35.56,35.2,35.52,1543300
FLML,20110527,5.9,5.93,5.82,5.89,8800
FLWS,20110527,2.96,3.15,2.94,3.05,133200
FLXS,20110527,14.62,15.2,14.62,14.91,5100
FMBI,20110527,12.02,12.27,12.02,12.15,316600
FNGN,20110527,25.18,25.21,24.96,25.02,325000
FNLC,20110527,14.4,14.4,14.25,14.31,2900
FNSR,20110527,23.47,24,23.4,23.72,1862000
FOLD,20110527,7.55,7.75,7.52,7.7,12000
FONE,20110527,28.4,28.41,28.31,28.31,20500
FONR,20110527,2.1,2.17,2.1,2.13,35300
FORD,20110527,3.4,3.44,3.38,3.39,9300
FORM,20110527,9.6,9.64,9.44,9.48,253400
FORR,20110527,37.04,37.53,37.04,37.36,22300
FORTY,20110527,18,18.1,17.85,18.1,7500
FOSL,20110527,104.96,106,104.55,105.28,299700
FRBK,20110527,2.6,2.66,2.54,2.57,8800
FRED,20110527,14.11,14.3,13.99,14.16,192800
FRME,20110527,8.16,8.28,8.06,8.13,103900
FRP,20110527,10.22,11.1,10.2,10.8,141000
FRPT,20110527,4.89,4.92,4.84,4.89,213200
FSBK,20110527,4.17,4.22,3.95,4.04,63300
FSFG,20110527,16.23,16.23,16.23,16.23,0
FSLR,20110527,118.97,121.8,117.15,121.37,2555300
FSTR,20110527,36.04,36.31,35.7,35.71,26500
FTEK,20110527,8.12,8.15,8,8.1,32100
FTNT,20110527,23.8,24.25,23.665,23.93,335500
FUEL,20110527,1.47,1.51,1.45,1.48,8800
FULT,20110527,11.09,11.1,10.99,11.07,576400
FUNC,20110527,5.4,5.54,5.27,5.35,6900
FUND,20110527,7.88,7.99,7.88,7.94,16100
FWRD,20110527,34.63,34.87,34.6,34.63,139700
GABC,20110527,16.74,17.05,16.63,16.9,22900
GAIA,20110527,5.06,5.28,4.98,5.26,102400
GAIN,20110527,7.25,7.28,7.23,7.24,96300
GALT,20110527,7.68,7.86,7.44,7.56,101400
GASS,20110527,5,5.27,4.97,5.13,135800
GBCI,20110527,14.29,14.35,14.12,14.24,261400
GBDC,20110527,15.4,15.55,15.16,15.34,80500
GBLI,20110527,22.67,22.67,22.31,22.33,15100
GBNK,20110527,7.15,7.5,7.1,7.5,13400
GCBC,20110527,8.8,8.8,8.8,8.8,0
GCVRZ,20110527,2.48,2.48,2.42,2.46,852400
GENC,20110527,5.1667,5.1667,5.0333,5.1067,7100
GENE,20110527,39.45,39.45,37.1,37.75,104700
GERN,20110527,4.45,4.46,4.42,4.45,734000
GEVO,20110527,295.95,298.5,291.45,296.1,26900
GFED,20110527,6.23,6.23,6.23,6.23,100
GFN,20110527,2.99,3.02,2.95,3.02,1100
GGAL,20110527,11.59,11.65,11.45,11.6,173000
GHDX,20110527,25.99,27.36,25.99,27.29,161900
GIFI,20110527,30.45,30.8,29.82,30.3,34700
GIGA,20110527,2.5,2.53,2.43,2.43,2500
GIGM,20110527,6.4,6.55,6.25,6.4,171300
GIII,20110527,20.69,21.24,20.675,21.21,44000
GILD,20110527,20.48,20.66,20.43,20.595,4964500
GILT,20110527,4.44,4.48,4.41,4.46,43300
GLAD,20110527,10.08,10.15,9.9,9.98,156700
GLBL,20110527,6.3,6.45,6.28,6.33,732800
GLBS,20110527,36,36,35.2,35.2,3900
GLBZ,20110527,8.68,8.68,8.68,8.68,0
GLDD,20110527,6.11,6.2,6.1,6.1,306600
GLNG,20110527,31.9,32.78,31.55,32.26,740900
GLRE,20110527,26.11,26.53,26.06,26.33,52300
GLUU,20110527,4.92,5.44,4.75,4.98,9901200
GMAN,20110527,15.85,17.99,15.61,17.42,1526100
GMLP,20110527,27.41,27.56,27.02,27.4,205700
GNCMA,20110527,12.3,12.46,12.1,12.18,83800
GNMK,20110527,5.93,5.93,5.53,5.79,36300
GNTX,20110527,14.59,14.675,14.51,14.59,724600
GNVC,20110527,3.34,3.37,3.28,3.35,215900
GOLD,20110527,80.91,81.7,80.77,81.18,337300
GOOD,20110527,19.1,19.1,18.8,19.01,25200
GOODO,20110527,24.9,24.94,24.87,24.87,500
GOODP,20110527,24.65,24.65,24.65,24.65,1400
GOOG,20110527,259.24,260.895,258.15,260.45,1746200
GPIC,20110527,7.51,7.57,7.4,7.54,6300
GPOR,20110527,29.31,30.1,28.55,28.96,630800
GPRE,20110527,10.19,10.39,10.19,10.37,111600
GPRO,20110527,82,82.28,81.1,81.47,229800
GRID,20110527,32.63,32.63,32.55,32.55,23200
GRIF,20110527,25.01,25.06,24.91,25.06,3000
GRMN,20110527,33.31,33.48,33.25,33.42,547500
GROW,20110527,8.13,8.13,7.75,8.05,49100
GRVY,20110527,14.48,14.48,14,14.32,7900
GSBC,20110527,18.75,18.75,18.52,18.64,12500
GSIT,20110527,7.04,7.05,6.94,6.99,70700
GSM,20110527,22.41,22.6,21.7,22,462800
GSOL,20110527,11.13,11.44,11.04,11.28,41000
GSVC,20110527,13.65,13.84,13.33,13.68,24300
GT,20110527,17.55,17.64,17.36,17.51,3131400
GTIM,20110527,1.78,1.78,1.78,1.78,500
GTLS,20110527,48.08,49.2,47.32,47.68,371300
GTXI,20110527,5.88,5.95,5.72,5.72,190600
GUID,20110527,7.93,8.03,7.89,7.9,27400
GULF,20110527,16.43,16.44,16.4,16.42,5700
GYRO,20110527,66.08,66.18,66.02,66.02,700
HA,20110527,5.55,5.66,5.54,5.63,537800
HAFC,20110527,1.21,1.21,1.19,1.19,264600
HAIN,20110527,17.88,18.1,17.705,17.985,1072500
HALL,20110527,6.94,7.1,6.93,7.1,56800
HALO,20110527,6.68,6.85,6.65,6.72,184400
HAS,20110527,46.61,46.61,45.45,45.5,1203700
HAYN,20110527,54.36,54.86,53.57,54.54,39300
HBAN,20110527,6.45,6.56,6.44,6.53,6496500
HBANP,20110527,1153,1155,1150,1150,100
HBCP,20110527,14.57,15.06,14.5,14.9,17400
HBHC,20110527,31.08,32.09,31.06,31.91,488500
HBIO,20110527,5.5,5.56,5.49,5.5,47600
HBNC,20110527,8,8,8,8,200
HCCI,20110527,17.01,17.38,16.92,17.05,5200
HCKT,20110527,4.7,4.83,4.7,4.77,153300
HCSG,20110527,16.76,16.82,16.55,16.74,315200
HDNG,20110527,11.18,11.35,10.89,11.25,44700
HDSN,20110527,1.83,1.89,1.83,1.83,1200
HEES,20110527,13.96,14.13,13.74,14.03,88900
HELE,20110527,31.51,32.12,31.41,31.7,60200
HEOP,20110527,3.65,3.65,3.6,3.61,1900
HFBC,20110527,7.75,8.01,7.75,7.99,1300
HFBL,20110527,12.87,12.87,12.87,12.87,200
HFWA,20110527,12.96,13.36,12.96,13.32,9500
HGSH,20110527,2.44,2.44,2.35,2.44,2700
HIBB,20110527,40.97,41.56,40.65,41.13,390100
HIFS,20110527,51.48,52.25,51.48,52.2,800
HIHO,20110527,3.02,3.02,3.02,3.02,0
HIMX,20110527,2.15,2.2,2.12,2.2,137800
HLIT,20110527,7.85,8.04,7.71,7.76,1052000
HMNF,20110527,2.65,2.65,2.65,2.65,0
HMNY,20110527,0.73,0.94,0.73,0.94,400
HMSY,20110527,25.7833,25.9867,25.7667,25.89,61000
HNH,20110527,11.85,11.85,11.51,11.67,7500
HNRG,20110527,10.03,10.9,10.03,10.9,14700
HOFT,20110527,10.52,10.62,10.39,10.61,28100
HOLI,20110527,8.64,8.7,8.27,8.39,1150900
HOLX,20110527,21.09,21.19,20.9,21.03,1239700
HOMB,20110527,5.9075,5.9825,5.9,5.925,68200
HOVNP,20110527,5.4,5.46,5.34,5.45,5800
HPJ,20110527,1.99,1.99,1.96,1.96,22800
HRZN,20110527,15.79,15.8,15.65,15.75,35700
HSIC,20110527,70.67,71.21,70.39,70.84,191700
HSII,20110527,19.95,20.72,19.95,20.46,199700
HSKA,20110527,9.23,9.38,9.02,9.27,3000
HSNI,20110527,33.4,34.19,33.3,34.06,211800
HSTM,20110527,12.24,12.6,12.23,12.49,94100
HTBK,20110527,5.12,5.2,5.12,5.18,4700
HTHT,20110527,19.07,19.2,18.72,19.12,54500
HTLD,20110527,16.4,16.72,16.37,16.51,755500
HTLF,20110527,14.16,14.18,13.98,14.09,13700
HUBG,20110527,37.88,37.98,37.57,37.78,95100
HURC,20110527,28.77,29.64,28.55,29.63,10900
HURN,20110527,29.6,29.97,29.26,29.83,109500
HWAY,20110527,16.09,16.2,16.04,16.13,65600
HWBK,20110527,8.24,8.25,8.24,8.25,300
HWCC,20110527,15.78,15.78,15.45,15.54,31800
HWKN,20110527,42.7,42.7,41.02,42.63,27000
HYGS,20110527,5.04,5.07,5,5.07,10500
IART,20110527,51.5,51.5,51.01,51.17,99400
IBB,20110527,108.2,108.2,107.57,108.05,244800
IBCP,20110527,2.45,2.48,2.43,2.48,20600
IBKC,20110527,57.94,58.26,57.77,57.98,95300
IBKR,20110527,16.81,17.21,16.79,17.12,320300
IBOC,20110527,16.37,16.73,16.28,16.71,233900
ICAD,20110527,1.03,1.12,1.03,1.11,85900
ICCC,20110527,4.73,4.73,4.68,4.73,1000
ICFI,20110527,25.38,25.57,25.2,25.53,43300
ICLN,20110527,16.26,16.36,16.23,16.33,9000
ICLR,20110527,25.92,26.04,25.41,25.89,572500
ICON,20110527,23.81,24.36,23.8,24.26,441100
ICUI,20110527,42.67,42.67,42.2,42.43,45400
IDCC,20110527,43.01,43.01,42.04,42.32,391400
IDRA,20110527,2.51,2.56,2.51,2.52,1300
IDSA,20110527,10.5,10.52,10.36,10.44,43900
IDSY,20110527,4.25,4.55,4.11,4.53,29100
IDTI,20110527,8.2,8.23,8.1,8.19,1291600
IDXX,20110527,39.41,39.51,39.07,39.155,140100
IESC,20110527,3.2,3.25,3.2,3.23,700
IFEU,20110527,34.75,34.76,34.57,34.73,6800
IFGL,20110527,32.07,32.23,32.07,32.17,6000
IFON,20110527,0.8,0.8,0.77,0.77,19600
IGLD,20110527,26.4,26.41,26.05,26.14,1100
IGOV,20110527,106.26,106.57,106.19,106.53,3800
III,20110527,2.1,2.12,2.07,2.07,18500
IIIN,20110527,13.11,13.32,13.03,13.19,17300
IIJI,20110527,9.01,9.02,8.89,8.9,67300
IIN,20110527,4.04,4.04,4.04,4.04,0
IIVI,20110527,28.725,29.49,28.49,28.635,201200
IKNX,20110527,8.28,8.28,8.28,8.28,0
ILMN,20110527,72.68,73.13,72.11,72.13,828100
IMGN,20110527,12.26,12.35,12.13,12.15,505400
IMKTA,20110527,17.63,17.63,17.4,17.45,16100
IMMR,20110527,8.29,8.55,8.15,8.47,388100
IMMU,20110527,4.21,4.32,4.21,4.3,938600
IMMY,20110527,0.6,0.6,0.6,0.6,0
IMOS,20110527,9.85,10.13,9.68,9.81,148100
INAP,20110527,8.01,8.1,7.95,8.09,274700
INCY,20110527,17.6,18,17.5,17.92,1882000
INDB,20110527,29.49,29.5,29.1,29.31,55100
INDY,20110527,27.82,27.89,27.71,27.89,145200
INFI,20110527,7.04,7.1,6.98,7.03,40800
INFN,20110527,6.98,7.13,6.93,7.01,946300
ININ,20110527,35.83,36,35.21,35.56,91500
INOD,20110527,2.6,2.66,2.59,2.64,60300
INSM,20110527,10.4,10.67,10.4,10.51,77400
INTC,20110527,22.46,22.52,22.11,22.21,67162100
INTG,20110527,22.1,22.25,22.1,22.16,3500
INTL,20110527,25.6,25.99,24.87,25.32,31900
INTU,20110527,53.6,53.87,53.24,53.37,1708900
INTX,20110527,15.13,15.58,15.13,15.35,51900
INVE,20110527,24.5,25.5,23.7,25,971400
INWK,20110527,8.39,8.5,8.18,8.26,59500
IOSP,20110527,32.57,33.25,32.55,33.03,70900
IPAR,20110527,22.26,22.75,22.26,22.58,155800
IPAS,20110527,1.5,1.54,1.47,1.52,217800
IPCC,20110527,53.16,53.55,52.74,53.01,15500
IPCI,20110527,4.25,4.27,4.07,4.17,104100
IPGP,20110527,74.89,76.51,72.89,73.32,411300
IPHS,20110527,43.99,45.2,43.99,44.49,38100
IPXL,20110527,26.88,27.26,26.86,27.18,250700
IRBT,20110527,32.22,32.96,32.2,32.6,217000
IRDM,20110527,8.9,8.99,8.84,8.91,228500
IRIX,20110527,3.79,3.85,3.79,3.83,3800
IRWD,20110527,15,15.1,14.95,15.06,48900
ISBC,20110527,5.7176,5.7412,5.6902,5.7255,64100
ISCA,20110527,28.38,28.54,28.29,28.33,44900
ISHG,20110527,108.06,108.64,107.98,108.54,107300
ISIG,20110527,4.32,4.47,4.31,4.42,39900
ISIL,20110527,14.23,14.36,14.02,14.14,1247500
ISLE,20110527,8.98,9.02,8.84,8.9,17400
ISNS,20110527,10.71,10.71,10.55,10.66,1500
ISRG,20110527,343.57,347.07,342.93,344.26,137300
ISRL,20110527,63.26,63.26,63.26,63.26,200
ISSC,20110527,5.55,5.63,5.45,5.6,7000
ITIC,20110527,40.28,40.32,40.25,40.25,1200
ITRI,20110527,51.99,52.19,49.4,50.74,1604900
ITRN,20110527,15.2,15.36,15.2,15.33,17600
IVAC,20110527,11.18,11.31,11.11,11.23,42700
IXYS,20110527,13.63,13.83,13.58,13.65,62000
JACK,20110527,22.01,22.13,21.71,21.86,326900
JAKK,20110527,19.64,19.85,19.62,19.77,71500
JASO,20110527,27.7,28.35,27.65,28.35,4449300
JAZZ,20110527,27.9,28.41,27.78,28.21,458100
JBHT,20110527,45.64,45.79,45.04,45.15,620200
JBLU,20110527,5.93,6.12,5.87,6.08,5784700
JBSS,20110527,9.2,9.44,9.14,9.32,20800
JCOM,20110527,28.34,28.61,28.13,28.27,106200
JCS,20110527,18.05,18.32,17.94,18.11,26300
JCTCF,20110527,5.025,5.29,5.025,5.1,2000
JJSF,20110527,50.23,50.77,49.95,50.47,12200
JKHY,20110527,30.74,30.95,30.6,30.68,252600
JMBA,20110527,11.15,11.35,11,11.2,282000
JOBS,20110527,29.225,29.37,27.91,28.14,216000
JOUT,20110527,15.63,15.63,15.5,15.53,1700
JRJC,20110527,4.74,4.76,4.67,4.74,31600
JVA,20110527,7.78,7.94,7.63,7.85,214600
JXSB,20110527,12.75,12.75,12.75,12.75,0
KALU,20110527,50.98,51.49,50.54,51.28,91500
KCAP,20110527,7.56,7.75,7.55,7.68,65600
KELYA,20110527,17.59,17.79,17.25,17.49,594400
KELYB,20110527,18.1,18.1,18.1,18.1,0
KEQU,20110527,10.23,10.23,10.23,10.23,100
KERX,20110527,5.23,5.35,5.19,5.33,1048000
KEYW,20110527,11.15,11.15,10.91,11,66100
KFFB,20110527,8.85,8.85,8.6,8.83,1100
KFRC,20110527,13.3,13.75,13.24,13.36,279100
KGJI,20110527,1.43,1.71,1.42,1.57,474700
KINS,20110527,3.32,3.33,3.3,3.3,6100
KIRK,20110527,13.02,13.14,12.9,13.05,69400
KLAC,20110527,41.28,41.94,41.25,41.62,1371300
KLIC,20110527,11.72,11.89,11.53,11.59,955100
KNDI,20110527,2.06,2.08,2,2.05,52800
KONA,20110527,4.95,4.99,4.85,4.85,7600
KONE,20110527,10,10.2,9.6,9.9,91900
KOOL,20110527,45.6,45.8,45,45.2,47700
KOPN,20110527,4.85,4.99,4.82,4.9,336700
KOSS,20110527,5.93,5.93,5.52,5.79,9600
KRNY,20110527,9.35,9.35,9.27,9.29,9600
KTCC,20110527,4.47,4.52,4.4,4.42,25700
KTEC,20110527,17.98,18.24,17.98,18.22,15300
KTOS,20110527,12.02,12.2,12.02,12.11,119900
KVHI,20110527,11.77,11.92,11.71,11.81,48200
KZ,20110527,6.28,6.54,6.23,6.41,271800
LABL,20110527,23.1,23.12,22.83,22.96,16400
LAKE,20110527,8.7,8.7,8.54,8.69,4900
LAMR,20110527,29.14,29.22,28.89,29,357800
LANC,20110527,60.39,60.94,60.39,60.71,56300
LARK,20110527,16.6,16.6,16.6,16.6,0
LAWS,20110527,18.63,18.77,18.51,18.74,10200
LAYN,20110527,29.12,29.64,28.93,29.17,43200
LBAI,20110527,10.26,10.32,10.14,10.17,19300
LBIX,20110527,2.63,2.74,2.5,2.71,60000
LBTYA,20110527,22.9688,23.0148,22.7695,22.9842,982200
LBTYB,20110527,45.75,45.75,45.75,45.75,0
LBTYK,20110527,42.8,42.93,42.37,42.72,362100
LCUT,20110527,11.48,11.48,11.31,11.43,38600
LECO,20110527,36.64,36.995,36.585,36.89,85100
LEDS,20110527,8.97,8.97,8.6,8.7,239700
LFUS,20110527,60.15,60.15,59.64,59.98,49500
LGCY,20110527,31.25,32.13,31.25,31.78,117500
LGND,20110527,10.68,10.72,10.46,10.61,32600
LHCG,20110527,27.15,27.21,26.51,26.8,95600
LIFE,20110527,52.17,52.43,51.63,51.9,2212400
LINC,20110527,14.67,14.79,14.43,14.78,139100
LION,20110527,7.08,7.18,6.89,6.97,5700
LIOX,20110527,3.25,3.28,3.18,3.21,122700
LIVE,20110527,1.2733,1.3167,1.2267,1.2267,4900
LKFN,20110527,14.6467,14.9667,14.6067,14.8,50400
LKQ,20110527,13.095,13.305,13.095,13.15,320500
LLNW,20110527,5.64,5.81,5.64,5.79,1785800
LLTC,20110527,33.99,34.26,33.97,34.06,1542700
LMAT,20110527,7.08,7.15,7.08,7.11,3600
LMCA,20110527,30.34,30.5833,30.0467,30.38,281900
LMIA,20110527,20.09,21.39,19.98,21.16,120200
LMNR,20110527,19.71,20,19.68,19.92,4600
LMNX,20110527,19.96,20,19.66,19.78,32500
LNCE,20110527,21.39,21.48,21.2,21.48,294000
LNDC,20110527,5.93,5.93,5.82,5.83,80000
LOAN,20110527,1.47,1.48,1.46,1.48,3400
LOGI,20110527,12.05,12.19,12.04,12.13,905800
LOGM,20110527,42.66,43.14,42.38,42.8,281200
LOPE,20110527,13.05,13.06,12.88,13.04,242600
LORL,20110527,64.82,65.57,64.76,65.01,63000
LPLA,20110527,35,35.7,34.98,35.53,361900
LPNT,20110527,41.66,41.92,41.06,41.2,286300
LPSN,20110527,11.04,11.21,11.02,11.19,375500
LPTH,20110527,1.64,1.65,1.55,1.61,31200
LQDT,20110527,20.93,21.15,20.61,20.86,135300
LRAD,20110527,2.89,2.93,2.64,2.84,172000
LRCX,20110527,45.98,46.48,45.73,45.96,1169900
LSBK,20110527,10.85,10.85,10.83,10.85,300
LSCC,20110527,6.46,6.46,6.35,6.41,418300
LSTR,20110527,47.16,48,46.9,46.97,354600
LTBR,20110527,20.15,20.15,18.9,19,33300
LTRX,20110527,3.51,3.51,3.37,3.37,4600
LULU,20110527,45.7,45.825,44.025,45.04,3454800
LUNA,20110527,2.24,2.36,2.2,2.28,61200
LWAY,20110527,10.15,10.29,10.13,10.29,4200
LXRX,20110527,10.64,10.64,10.01,10.08,2414900
LYTS,20110527,7.56,7.63,7.46,7.53,41400
MAGS,20110527,3.06,3.15,3.05,3.08,14600
MANH,20110527,8.85,8.9325,8.795,8.875,180800
MANT,20110527,44.67,44.68,44.29,44.6,226500
MARPS,20110527,21.1,21.1,19.03,19.97,9500
MASI,20110527,29.9,30.54,29.9,30.28,732200
MAT,20110527,26.15,26.3,26.01,26.11,1762000
MATW,20110527,37.82,38.26,37.62,38.07,98600
MAYS,20110527,18.08,18.08,18.08,18.08,0
MBFI,20110527,19.46,19.6,19.32,19.52,177100
MBLX,20110527,49.98,52.68,49.68,52.26,387900
MBRG,20110527,15.45,15.6,15.45,15.58,11300
MBTF,20110527,1.6,1.6,1.57,1.57,13000
MBVT,20110527,24.86,25.12,24.65,24.91,7300
MBWM,20110527,8.98,9.16,8.97,9.09,4200
MCBC,20110527,2.57,2.59,2.45,2.45,23100
MCHP,20110527,38.94,39.3,38.89,39.13,1463700
MCHX,20110527,7.48,7.85,7.45,7.68,160800
MCRI,20110527,9.71,9.74,9.25,9.25,33400
MDCA,20110527,18.2,18.44,17.8,18.3,26100
MDCO,20110527,18.29,18.4,18.12,18.38,519400
MDM,20110527,5.86,6.06,5.81,6.06,7000
MDRX,20110527,20.29,20.35,20.06,20.1,1373300
MDSO,20110527,11.545,11.705,11.455,11.53,194400
MELI,20110527,87,88.47,86.65,88.03,600200
MENT,20110527,13.53,13.98,13.26,13.46,5058000
MEOH,20110527,30.88,31.18,30.84,30.96,211200
MERC,20110527,13,13.49,12.87,13.43,269200
MFNC,20110527,4.97,5,4.94,5,1900
MFRI,20110527,9.39,9.39,9.09,9.29,13600
MFSF,20110527,8.25,8.25,8.25,8.25,600
MGEE,20110527,27.28,27.4333,27.2,27.3667,34900
MGIC,20110527,5.32,5.32,5.21,5.3,129200
MGLN,20110527,51.93,52.75,51.86,52.33,214700
MGPI,20110527,8.13,8.19,8.01,8.09,13400
MGRC,20110527,27.73,27.95,27.36,27.4,24400
MGYR,20110527,5.85,5.85,5.85,5.85,100
MHGC,20110527,8,8.29,7.97,8.13,101400
MHLD,20110527,8.82,8.92,8.78,8.89,243900
MIDD,20110527,28.7067,28.78,28.44,28.6967,54000
MIND,20110527,14.16,14.52,14.11,14.52,21600
MINI,20110527,21.25,21.61,21.21,21.58,113600
MITL,20110527,5.02,5.15,4.75,4.94,109400
MKSI,20110527,25.81,26,25.54,25.66,216100
MKTX,20110527,22.84,22.99,22.65,22.84,74500
MLAB,20110527,30.77,30.77,30.3,30.43,700
MLHR,20110527,24.18,24.6,24.12,24.56,274500
MLNK,20110527,4.85,4.88,4.7,4.73,104500
MLNX,20110527,30.44,30.85,30.34,30.5,99900
MLVF,20110527,7.99,7.99,7.85,7.85,1000
MMLP,20110527,38.02,39.24,38.02,38.75,190800
MMSI,20110527,18.6,19.01,18.57,19,173400
MMYT,20110527,23.22,23.74,22.56,23.07,2443800
MNDO,20110527,3.29,3.34,3.26,3.28,76000
MNKD,20110527,4.24,4.25,4.1,4.12,517500
MNOV,20110527,2.5,2.57,2.47,2.52,32400
MNRO,20110527,32.08,32.25,31.91,32.13,159600
MNST,20110527,11.8533,11.8933,11.78,11.815,295400
MNTA,20110527,19.53,20,19.51,19.87,866900
MNTX,20110527,4.98,5.1,4.92,5.1,27900
MOBI,20110527,8.98,9.25,8.68,9.12,820600
MOCO,20110527,14.95,15.06,14.9,15.05,5400
MOFG,20110527,13.23,13.53,13.23,13.53,3800
MORN,20110527,59.63,60.5,59.39,59.76,128600
MOSY,20110527,5.97,6.05,5.95,6.05,41200
MPAA,20110527,14.87,15.42,14.86,15.24,61200
MPB,20110527,9.14,9.14,9,9,500
MPEL,20110527,10.93,11,10.79,10.95,6143800
MPET,20110527,1.76,1.85,1.74,1.83,82200
MPWR,20110527,16.75,17.07,16.61,17,351000
MRCY,20110527,19.09,19.15,18.39,18.71,310000
MRLN,20110527,12.1,12.35,12.05,12.33,9700
MRTN,20110527,14.6933,14.6933,14.4333,14.5733,14000
MRVL,20110527,16.16,16.36,15.96,16.17,64358500
MSBF,20110527,5.5,5.5,5.5,5.5,0
MSCC,20110527,21.58,21.76,21.49,21.54,265700
MSEX,20110527,18.39,18.44,18.21,18.42,12500
MSFG,20110527,7.72,7.78,7.46,7.48,105200
MSFT,20110527,24.68,24.9,24.65,24.76,50254300
MSON,20110527,2.37,2.63,2.33,2.49,29900
MSTR,20110527,136.3,145.84,135.58,145.71,222000
MTEX,20110527,11.9,12.6,11.9,12.5,6600
MTRX,20110527,12.99,13.21,12.92,13.09,50300
MTSC,20110527,40.27,40.29,39.61,39.78,28800
MTSL,20110527,1.45,1.58,1.4,1.51,55900
MU,20110527,9.83,10.05,9.8,10.02,25521100
MVIS,20110527,10.24,10.32,9.92,10,282300
MXIM,20110527,26.9,27.44,26.9,27.35,1873900
MXWL,20110527,16.01,16.33,15.9,16.07,133300
MYGN,20110527,25.38,25.81,25.35,25.53,1137800
MYL,20110527,23.01,23.44,22.95,23.4,3494900
MYRG,20110527,22.69,22.69,22.01,22.26,58100
NAII,20110527,4.48,4.48,4.33,4.33,5800
NANO,20110527,15.83,15.9,15.13,15.28,204200
NATH,20110527,17.6,17.63,17.6,17.6,2300
NATI,20110527,28.79,29.11,28.7,28.85,342200
NATL,20110527,21.35,21.55,21.35,21.48,1700
NATR,20110527,13.67,13.82,13.38,13.59,26300
NAUH,20110527,7.53,7.68,7.37,7.49,8700
NAVG,20110527,46.42,46.53,46.18,46.3,35800
NBIX,20110527,7.22,7.44,7.17,7.41,394600
NBN,20110527,14.18,14.18,14.18,14.18,0
NBTB,20110527,21.47,21.83,21.43,21.58,76000
NCIT,20110527,22.63,22.99,22.17,22.28,16100
NCMI,20110527,18.1,18.16,17.97,18.07,105400
NCTY,20110527,6.46,6.49,6.32,6.37,17500
NDAQ,20110527,24.63,25.7,24.55,25.37,3736000
NDSN,20110527,50.55,51.03,50.15,50.42,307900
NEOG,20110527,28.82,28.82,28.2733,28.6667,37900
NEPT,20110527,3.84,4.23,3.74,4.05,753500
NEWS,20110527,9.13,9.19,9.04,9.15,65700
NEWT,20110527,7,7.1,7,7,900
NFBK,20110527,13.98,13.99,13.9,13.95,8800
NFEC,20110527,2.49,2.49,2.34,2.34,1800
NFLX,20110527,37.7857,37.87,37.36,37.7871,2806900
NICE,20110527,35.74,35.78,35.43,35.47,166900
NICK,20110527,12.45,12.73,12.41,12.6,6100
NIHD,20110527,42.8,43.66,42.74,43.42,1824000
NILE,20110527,48.01,48.9,47.82,48.45,189300
NKSH,20110527,24.94,25.1,24.76,25.07,4700
NKTR,20110527,9.46,9.49,9.28,9.36,427300
NLST,20110527,2.27,2.33,2.23,2.29,111500
NMRX,20110527,9.7,9.97,9.7,9.86,16000
NNBR,20110527,14.14,14.54,14.12,14.4,100800
NRIM,20110527,19.74,19.81,19.65,19.67,8700
NSEC,20110527,12.19,12.19,12.19,12.19,0
NSIT,20110527,15.92,16.19,15.8,16,198800
NSSC,20110527,2.25,2.32,2.25,2.32,2500
NSYS,20110527,3.9,3.95,3.9,3.95,200
NTAP,20110527,54.91,55.46,54.72,55.33,4947900
NTCT,20110527,23.25,23.37,23.01,23.24,102700
NTES,20110527,45.08,45.92,45.01,45.47,792500
NTGR,20110527,40.94,41.54,40.51,41.07,355700
NTIC,20110527,16.02,16.09,16.01,16.04,1200
NTRI,20110527,14.17,14.28,14.02,14.11,183400
NTRS,20110527,48.55,48.69,48.28,48.45,1070700
NTWK,20110527,15.4,15.5,14.8,15.3,501600
NUAN,20110527,21.86,21.89,21.55,21.61,1220700
NURO,20110527,10.8,11.52,10.8,11.52,1100
NUTR,20110527,15.25,15.43,15.25,15.38,7200
NUVA,20110527,32.67,33.96,32.52,33.79,923600
NVAX,20110527,2.36,2.37,2.34,2.34,881000
NVDA,20110527,18.9,19.53,18.88,19.5,16475700
NVEC,20110527,59.36,59.38,59,59.19,11300
NVGN,20110527,1,1.02,0.97,1,32700
NVLS,20110527,35.84,36,35.71,35.87,1221900
NVMI,20110527,10.21,10.3,10.1,10.18,357300
NWBI,20110527,12.26,12.34,12.24,12.3,322200
NWFL,20110527,27.76,27.76,27.76,27.76,100
NWLI,20110527,153,153,152,152.45,1100
NWPX,20110527,24.73,25.34,24.42,24.69,14000
NWS,20110527,18.37,18.73,18.34,18.61,1395700
NWSA,20110527,17.63,18.07,17.58,17.98,14806400
NXPI,20110527,28.9,29.45,28.32,28.38,1710100
NXST,20110527,6.83,7.13,6.76,7.09,16200
NXTM,20110527,18.67,18.97,18.5,18.59,344900
NYMT,20110527,7.06,7.15,7.05,7.12,27000
NYMX,20110527,7.9,8,7.8,8,18600
NYNY,20110527,2.85,2.85,2.75,2.75,64500
OBAS,20110527,7.3,7.3,7.3,7.3,200
OBCI,20110527,2.93,2.98,2.8,2.98,13000
OCC,20110527,4.17,4.32,4.17,4.22,15600
OCFC,20110527,13.68,13.68,13.58,13.59,20200
OCLR,20110527,9.36,9.65,9.31,9.41,684000
OCLS,20110527,74.2,75.25,70.7,74.9,90700
ODFL,20110527,24.82,24.92,24.46,24.5867,186000
OFED,20110527,12.25,12.25,12.25,12.25,0
OFIX,20110527,40.49,40.57,40.08,40.41,81900
OFLX,20110527,13.46,13.46,13.31,13.31,1100
OGXI,20110527,17.93,18.13,17,17.44,46100
OIIM,20110527,6.85,6.99,6.83,6.97,103000
OKSB,20110527,11.93,12.13,11.81,11.98,47000
OLBK,20110527,8.35,8.35,8.35,8.35,100
OMAB,20110527,17.44,17.6,17.44,17.6,11400
OMCL,20110527,15.22,15.25,14.98,15.06,58200
OMER,20110527,4.72,4.73,4.48,4.53,84700
OMEX,20110527,46.08,49.56,45.12,48.84,836300
ONEQ,20110527,110.05,110.21,109.95,110.21,2900
ONVI,20110527,4.46,4.46,4.3,4.42,700
OPHC,20110527,72,72,72,72,0
OPOF,20110527,11.5,11.6,11.49,11.58,500
OPTT,20110527,45.1,45.4,44.7,45.3,9700
OPXA,20110527,6.6,6.76,6.48,6.76,49800
OPXAW,20110527,0.59,0.59,0.59,0.59,0
ORBC,20110527,3.12,3.22,3.09,3.17,42300
ORBK,20110527,12.52,12.74,12.51,12.55,190100
OREX,20110527,28.4,28.9,28.2,28.6,472700
ORIT,20110527,12.61,12.61,12.45,12.5,121600
ORLY,20110527,59.57,59.9,59.53,59.69,620400
ORRF,20110527,26.72,26.72,25.45,25.95,5000
OSBC,20110527,1.18,1.18,1.08,1.12,118400
OSBCP,20110527,3.53,3.75,3.53,3.75,9000
OSHC,20110527,12.43,12.43,12.43,12.43,1000
OSIR,20110527,7.07,7.1,7,7.08,15900
OSIS,20110527,39.04,39.18,38.78,39.11,43700
OSN,20110527,10.26,10.74,10.08,10.08,25800
OSTK,20110527,14.15,14.44,14.15,14.37,61000
OSUR,20110527,8.49,8.7,8.44,8.62,168600
OTEX,20110527,31.815,32.03,31.59,31.965,162400
OTIV,20110527,2.55,2.61,2.43,2.47,258300
OTTR,20110527,21.51,21.65,21.42,21.49,53700
OVBC,20110527,19.02,19.02,19,19,400
OVLY,20110527,6.01,6.01,6.01,6.01,0
OXLC,20110527,19.41,19.41,19.41,19.41,0
OZRK,20110527,11.89,12.025,11.89,11.99,89600
PAAS,20110527,33.93,34.47,33.84,34.05,680600
PACB,20110527,11.99,12.18,11.92,12.04,206900
PACW,20110527,21.02,21.08,20.66,20.83,207800
PAGG,20110527,32.7,33.07,32.7,32.99,15500
PANL,20110527,46.95,47.33,45.82,46.43,441600
PATK,20110527,1.4933,1.4933,1.4867,1.4867,1200
PAYX,20110527,31.86,32.03,31.81,31.94,1251400
PBCT,20110527,13.14,13.24,13.08,13.21,3165300
PBHC,20110527,9.5,9.5,9.5,9.5,0
PBIB,20110527,6.12,6.23,6.01,6.05,4400
PBIP,20110527,6.19,6.19,6.19,6.19,0
PCAR,20110527,49.9,50,49.44,49.45,1512800
PCBK,20110527,8.74,9.13,8.74,9.08,23800
PCH,20110527,35.69,36.02,35.36,35.92,199600
PCLN,20110527,505.5,509.65,500.55,501.44,627000
PCOM,20110527,10.21,10.3,10.14,10.3,29300
PCRX,20110527,13.8,14.92,13.8,14.59,42000
PCTI,20110527,6.95,6.95,6.81,6.89,19800
PCYO,20110527,3.67,3.67,3.5,3.5,13700
PDCO,20110527,35.09,35.16,35.01,35.1,864300
PDEX,20110527,3.08,3.09,2.96,3.09,7600
PDFS,20110527,6.24,6.3,6.14,6.21,60500
PDLI,20110527,6.53,6.63,6.52,6.58,1448300
PEBK,20110527,6.52,6.52,6.35,6.38,2700
PEBO,20110527,12.04,12.14,12.02,12.04,9600
PEGA,20110527,18.47,18.595,18.215,18.36,122000
PEIX,20110527,5.7,6,5.7,6,826500
PENN,20110527,40.35,40.7,40.27,40.43,366000
PERF,20110527,13.76,13.76,13.76,13.76,0
PERY,20110527,29.31,30.31,29.31,30.27,171700
PESI,20110527,6.95,7.1,6.85,6.85,65200
PETS,20110527,12.57,12.72,12.54,12.65,88400
PFBC,20110527,1.51,1.53,1.5,1.5,32900
PFBI,20110527,7.36,7.36,7.21,7.28,2800
PFBX,20110527,15.31,15.53,15.12,15.12,900
PFIN,20110527,4.38,4.46,4.38,4.4,5200
PFLT,20110527,13.19,13.19,12.93,13.08,26100
PFSW,20110527,5.33,5.55,5.25,5.51,63400
PGC,20110527,12.53,12.69,12.53,12.67,2100
PGNX,20110527,7.88,7.98,7.6,7.86,83500
PGTI,20110527,2.4,2.4,2.37,2.38,9100
PHII,20110527,20.5,20.55,19.65,20.55,1900
PHIIK,20110527,20.45,20.92,20.45,20.92,7800
PHMD,20110527,46.8,46.8,46.8,46.8,0
PICO,20110527,29.69,29.96,29.42,29.77,21000
PKBK,20110527,7.76,8,7.76,7.95,6300
PKOH,20110527,21.12,21.9,21.1,21.44,63700
PLAB,20110527,9.44,9.47,9.3,9.39,435600
PLBC,20110527,2.56,2.56,2.55,2.55,3100
PLCE,20110527,50.46,50.89,50.28,50.75,199200
PLPC,20110527,64.99,65.65,63.8,65.32,30900
PLUS,20110527,26.08,26.29,25.95,26.1,8500
PLXS,20110527,37.24,37.84,37.21,37.4,140700
PMBC,20110527,3.72,3.79,3.7,3.71,3500
PMD,20110527,9.92,10,9.89,9.94,10000
PNBK,20110527,19.7,20,19.7,19.9,2300
PNFP,20110527,15.12,15.33,15.01,15.15,114100
PNNT,20110527,12.19,12.29,12.19,12.27,258200
PNQI,20110527,39.09,39.17,38.97,39.03,2400
PNRA,20110527,125.93,126.45,125,125.97,213900
PNRG,20110527,25.5,25.5,25.26,25.26,900
PNTR,20110527,5,5,5,5,0
PODD,20110527,21.01,21.6,20.93,21.37,152800
POOL,20110527,29.55,29.98,29.32,29.43,160600
POPE,20110527,41.92,41.95,41.83,41.83,2000
POWI,20110527,35.72,36.4,35.65,36.29,167300
POWL,20110527,34.27,34.78,34.1,34.51,21500
PPBI,20110527,6.9,6.97,6.8,6.8,9400
PPHM,20110527,2.13,2.13,2.1,2.1,226300
PRAA,20110527,28.1733,28.5833,28.1033,28.18,39500
PRAN,20110527,11.4,11.64,11.28,11.46,237800
PRCP,20110527,6.92,7.25,6.92,7,42200
PRFT,20110527,10.47,10.6,10.37,10.59,105600
PRFZ,20110527,68.2,68.54,68.08,68.29,13000
PRGS,20110527,27.12,27.39,27.03,27.14,82400
PRGX,20110527,7.77,7.89,7.71,7.76,43900
PRIM,20110527,12.22,12.73,12.21,12.58,182700
PRKR,20110527,7.9,8.5,7.9,8.2,149600
PRMW,20110527,14.21,14.27,13.88,14.25,257800
PROV,20110527,7.71,7.96,7.69,7.85,26300
PRPH,20110527,0.91,0.94,0.9,0.92,9000
PRSC,20110527,13.32,13.41,13.19,13.29,7800
PRTS,20110527,7.16,7.24,7.16,7.18,33700
PRXL,20110527,25,25.08,24.79,24.92,149900
PSAU,20110527,47,47.14,46.75,47.14,1100
PSCC,20110527,32.62,32.97,32.61,32.88,6200
PSCD,20110527,29.47,29.53,29.39,29.41,2700
PSCE,20110527,38.51,39.18,38.33,38.63,23200
PSCF,20110527,27.9,27.92,27.85,27.92,3000
PSCH,20110527,34.04,34.04,33.76,33.89,29600
PSCI,20110527,29.72,29.72,29.63,29.63,1300
PSCM,20110527,29.27,29.27,29.26,29.26,600
PSCT,20110527,31.42,31.53,31.23,31.38,10500
PSCU,20110527,29.97,29.97,29.96,29.97,1900
PSDV,20110527,4.24,4.4,4.23,4.32,52900
PSEC,20110527,11.56,11.61,11.46,11.55,703500
PSMT,20110527,42.17,43.09,42.05,42.72,65600
PSTB,20110527,4.86,4.95,4.8,4.91,16900
PSTI,20110527,2.75,2.84,2.75,2.78,120100
PTEN,20110527,30.62,31.81,30.43,31.69,4953100
PTIE,20110527,9.49,9.51,9.45,9.5,377100
PTNR,20110527,16.81,16.92,16.75,16.83,221300
PTSI,20110527,10.55,10.55,10.4,10.53,28800
PVTB,20110527,15.95,16.18,15.88,16.14,401300
PVTBP,20110527,26.51,26.8,26.51,26.8,2800
PWOD,20110527,35.48,35.48,35.24,35.39,2000
PXLW,20110527,2.5,2.55,2.46,2.55,16600
PZZA,20110527,16.9,17.195,16.875,17.125,129200
QABA,20110527,24.6,24.6,24.6,24.6,100
QADA,20110527,10.51,11,10.51,10.76,22500
QADB,20110527,10.2,10.65,10.02,10.3,11000
QBAK,20110527,10.56,10.8,10.38,10.5,8200
QCLN,20110527,15.78,15.86,15.78,15.86,2200
QCOM,20110527,57.34,57.8,57.06,57.35,7679200
QCRH,20110527,9.23,9.23,9.03,9.03,500
QDEL,20110527,15.17,15.31,15.11,15.26,155000
QGEN,20110527,19.44,19.53,19.31,19.53,1234200
QLTI,20110527,7.31,7.34,7.24,7.34,63200
QNST,20110527,15.29,15.84,15.28,15.51,441000
QQEW,20110527,25.7,25.79,25.7,25.74,29100
QQQ,20110527,57.24,57.49,57.19,57.43,30132000
QQQX,20110527,14.83,14.83,14.7,14.72,34500
QQXT,20110527,23.38,23.39,23.34,23.36,3300
QSII,20110527,43.715,43.94,41.68,42.56,482100
QTEC,20110527,26.94,27.06,26.87,27.01,99600
QUIK,20110527,2.86,3.18,2.86,3.16,428000
RADA,20110527,5.82,6,5.82,6,700
RAIL,20110527,26.72,27.24,26.72,27.2,59100
RAND,20110527,2.98,2.98,2.98,2.98,0
RAVN,20110527,27.36,27.715,27.225,27.585,36100
RBCAA,20110527,19.88,20.25,19.77,19.9,29900
RBCN,20110527,23.29,23.55,22.86,22.95,456400
RBPAA,20110527,1.77,1.85,1.7,1.8,9900
RCII,20110527,31.82,32.27,31.57,32.07,296700
RCKY,20110527,12.16,12.16,11.8,11.9,21100
RCMT,20110527,5.28,5.44,5.06,5.29,20100
RCON,20110527,1.53,1.6,1.53,1.6,2600
RDCM,20110527,6.4,6.52,6.33,6.37,8600
RDI,20110527,4.93,4.99,4.84,4.85,44600
RDNT,20110527,5.12,5.19,4.89,4.96,251600
RDWR,20110527,17.39,17.665,17.29,17.645,176500
RECN,20110527,13.79,13.89,13.67,13.77,60800
REFR,20110527,5.2,5.49,5.17,5.44,54600
REGN,20110527,59,59.1,58,58.27,610900
REIS,20110527,9.41,9.78,9.41,9.66,1400
RELL,20110527,13.32,13.5,13.23,13.44,35400
RELV,20110527,14.21,14.21,14.07,14.07,6300
REXX,20110527,12.94,13.18,12.66,12.86,901300
RFIL,20110527,3.69,3.75,3.69,3.7,2500
RGCO,20110527,16.255,16.965,16.1,16.54,900
RGEN,20110527,3.76,3.92,3.68,3.83,35600
RGLD,20110527,61.84,62.33,61.07,61.56,452100
RICK,20110527,9.67,9.74,9.53,9.53,23900
RIGL,20110527,8.82,8.9,8.26,8.29,709300
RLOG,20110527,7.36,7.36,7.27,7.27,700
RMBS,20110527,14.36,14.69,14.19,14.52,1481300
RMCF,20110527,10.4,10.48,10.31,10.37,6200
RMTI,20110527,14.33,15.22,14.3,14.94,247500
RNET,20110527,17.49,17.53,17.01,17.41,35700
RNST,20110527,14.92,15.02,14.85,14.98,14600
RNWK,20110527,3.71,3.75,3.69,3.69,253600
ROCK,20110527,12.97,13.03,12.8,13.02,67300
ROIA,20110527,2.45,2.45,2.3,2.31,3700
ROIAK,20110527,2.46,2.46,2.28,2.33,372300
ROIC,20110527,10.86,10.86,10.65,10.81,712800
ROLL,20110527,40.28,40.75,40,40.1,106100
ROSG,20110527,6.6,6.75,6.15,6.3,118100
ROST,20110527,20.505,20.6025,20.3725,20.4275,1159200
RP,20110527,28.17,28.99,27.98,28.57,190400
RPRX,20110527,5.7,5.7,5.51,5.61,41700
RPXC,20110527,28.13,28.99,27.87,28.55,69600
RRGB,20110527,37.36,37.86,36.92,37.62,310900
RSYS,20110527,8.41,8.57,8.35,8.48,25100
RTIX,20110527,2.99,3.02,2.98,3.01,168200
RUSHA,20110527,19.57,19.86,19.46,19.54,124700
RUSHB,20110527,16.87,17.17,16.8,17.01,900
RUTH,20110527,5.2,5.27,5.11,5.22,253100
RVSB,20110527,3.07,3.07,3.03,3.04,5700
RXII,20110527,11.3,12.8,11.2,12.1,4351800
RYAAY,20110527,29.74,29.77,28.96,29.09,1285000
SAAS,20110527,4,4.08,3.94,4,128800
SAFM,20110527,44.25,44.25,43.82,44.01,339300
SAFT,20110527,44.61,45.13,44.61,45.06,25000
SAIA,20110527,10.5533,10.5533,10.34,10.4333,38900
SALM,20110527,3.4,3.67,3.4,3.49,3000
SANM,20110527,10.97,10.97,10.72,10.75,525600
SANW,20110527,3.66,3.89,3.59,3.84,14300
SASR,20110527,17.9,18.01,17.75,17.99,13800
SATS,20110527,32.85,33.31,32.81,33.17,70900
SAVE,20110527,11.5,11.6,11.35,11.48,728500
SBAC,20110527,39.44,39.72,39.19,39.25,1230800
SBBX,20110527,6.56,6.7,6.33,6.5,4500
SBCF,20110527,9.15,9.25,9,9.15,287700
SBGI,20110527,9.45,9.53,9.41,9.47,248300
SBLK,20110527,153,153,149.25,150.75,323900
SBNY,20110527,55.73,56,55.51,55.72,52500
SBNYW,20110527,32.79,32.79,32.79,32.79,0
SBRA,20110527,17.1,17.33,17,17.24,123500
SBSA,20110527,0.75,0.76,0.75,0.75,30100
SBSI,20110527,19.1429,19.1905,18.9905,19.1143,14400
SBUX,20110527,18.185,18.295,18.115,18.23,2989800
SCHL,20110527,26.31,26.71,26.21,26.63,47300
SCHN,20110527,57.16,58.29,57.16,58.11,161300
SCKT,20110527,3.05,3.1,2.86,3.05,5500
SCLN,20110527,5.83,5.89,5.75,5.82,452200
SCMP,20110527,4.29,4.3,4.28,4.3,16300
SCON,20110527,504,516.6,491.4,500.4,94800
SCOR,20110527,27.53,27.87,27.03,27.36,64800
SCSC,20110527,34.25,34.83,34.15,34.48,49600
SCSS,20110527,16.29,16.38,15.98,16.19,780800
SCVL,20110527,18.2,18.2,17.94,18.12,35000
SEAC,20110527,11.46,11.66,10.81,11.06,622900
SEED,20110527,6.37,6.43,6.21,6.27,206800
SEIC,20110527,23.04,23.19,22.99,23.18,521100
SENEA,20110527,26.28,27.41,26,27.32,56900
SENEB,20110527,26.45,27.27,26.45,26.7,1100
SFLY,20110527,58.37,58.5,56.56,58.2,475100
SFNC,20110527,25.54,25.66,25.27,25.62,19300
SFST,20110527,8.1,8.1,8.1,8.1,0
SGC,20110527,11.29,11.29,11.16,11.22,400
SGEN,20110527,19.38,19.59,19.33,19.52,777300
SGMA,20110527,4.68,4.83,4.68,4.71,7700
SGMO,20110527,6.6,6.66,6.45,6.63,297400
SGMS,20110527,9.89,10.04,9.87,9.91,360100
SGOC,20110527,13,13,13,13,0
SGRP,20110527,1.47,1.47,1.27,1.32,7100
SHBI,20110527,8.07,8.11,7.99,8.01,5500
SHEN,20110527,8.575,8.685,8.52,8.62,14400
SHIP,20110527,2.2,2.2,2.1,2.1,53600
SHIPW,20110527,0.01,0.01,0.01,0.01,5000
SHLD,20110527,70.07,70.96,70.07,70.83,267400
SHLM,20110527,24.77,25.25,24.59,25.09,101600
SHLO,20110527,11.26,11.26,10.9,10.97,9500
SHOO,20110527,25.2355,25.3422,25.0045,25.3067,139700
SHOR,20110527,11.13,11.34,10.99,11.02,463400
SIEB,20110527,1.89,1.89,1.89,1.89,0
SIFI,20110527,10.45,10.45,10.37,10.45,4000
SIFY,20110527,5.84,5.92,5.7,5.7,1678700
SIGI,20110527,16.26,16.46,16.22,16.33,59200
SIGM,20110527,8.82,8.93,8.46,8.62,847300
SILC,20110527,20.31,20.76,20.18,20.52,9100
SIMO,20110527,12.27,12.99,12.25,12.42,809300
SINA,20110527,114.43,118.63,113.85,116.04,4219000
SINO,20110527,2.14,2.38,2.13,2.31,3600
SIRI,20110527,2.36,2.38,2.35,2.37,40391900
SIVB,20110527,58.94,59.44,58.7,59.1,257200
SIVBO,20110527,24.83,24.83,24.83,24.83,0
SKYW,20110527,15.28,15.38,15.14,15.16,185000
SLAB,20110527,42.77,42.97,42.5,42.71,136600
SLGN,20110527,43.75,44.42,43.68,44.15,291800
SLMAP,20110527,47.75,47.75,47.45,47.64,5900
SLP,20110527,2.88,2.88,2.84,2.85,15900
SLRC,20110527,24.65,24.68,24.45,24.64,81300
SMBC,20110527,10.91,10.91,10.76,10.76,300
SMCI,20110527,16.45,16.77,16.39,16.59,120000
SMED,20110527,4.15,4.24,4.14,4.16,43200
SMIT,20110527,3.75,3.75,3.75,3.75,0
SMMF,20110527,3.97,3.98,3.97,3.97,500
SMRT,20110527,9.61,9.69,9.47,9.53,44900
SMSI,20110527,20.72,21.52,20.52,20.72,622400
SMTC,20110527,28.5,28.71,28.2,28.26,908900
SMTX,20110527,2.27,2.27,2.25,2.27,33800
SNAK,20110527,4.15,4.19,4.1,4.14,37200
SNBC,20110527,19.25,19.4,18.95,19,105400
SNCR,20110527,30.86,31,30.68,30.9,141900
SNFCA,20110527,1.5,1.54,1.5,1.5,600
SNHY,20110527,31.4867,32.3467,31.3467,31.6667,56500
SNMX,20110527,5.91,6.03,5.87,6.03,98500
SNPS,20110527,26.87,27.02,26.87,26.97,714300
SNSS,20110527,17.1,17.4,16.8,17.04,229500
SODA,20110527,57.12,58.32,55.86,56.29,623900
SOFO,20110527,15,15.39,15,15.18,7300
SOHU,20110527,81.03,82.4,80.2,80.36,1300700
SONA,20110527,6.53,6.59,6.52,6.52,4500
SONC,20110527,11.58,11.59,11.41,11.51,207600
SONS,20110527,16.35,16.45,15.95,16.15,2540400
SORL,20110527,5.27,5.36,5.03,5.22,259700
SOXX,20110527,58.39,58.9,58.39,58.65,406000
SPAN,20110527,14.86,14.86,14.5,14.73,4700
SPAR,20110527,4.83,4.86,4.71,4.71,213300
SPIL,20110527,6.28,6.3,6.23,6.25,1228800
SPLS,20110527,16.41,16.6,16.41,16.56,15305400
SPNC,20110527,5.98,6,5.91,5.94,30000
SPNS,20110527,3.3,3.6,3.3,3.6,11800
SPPI,20110527,9.15,9.24,8.99,9.24,1120000
SPRT,20110527,4.57,4.71,4.56,4.62,222900
SPSC,20110527,16.7,16.7,16.25,16.55,16600
SPTN,20110527,17.4,17.88,17.3,17.58,150100
SPU,20110527,2.99,3,2.71,2.81,247400
SQQQ,20110527,404.48,405.28,399.04,400.16,401200
SRCE,20110527,20.52,20.71,20.31,20.65,15000
SRCL,20110527,88.97,89.65,88.17,88.34,371200
SRDX,20110527,14.75,14.84,14.69,14.76,37000
SREV,20110527,18.89,19.78,18.74,19.22,152100
SSBI,20110527,6.75,6.75,6.75,6.75,600
SSFN,20110527,5.71,5.71,5.71,5.71,100
SSNC,20110527,19.28,19.41,19.17,19.3,15000
SSRI,20110527,29.21,29.72,29.18,29.33,611400
SSYS,20110527,34.65,35.02,34.53,34.91,276400
STAA,20110527,5.64,5.81,5.63,5.8,51600
STBA,20110527,18.66,18.77,18.5,18.56,39700
STBZ,20110527,16.83,17.14,16.82,16.82,29900
STEM,20110527,7.68,7.8,7.68,7.68,485600
STFC,20110527,16.64,16.68,16.47,16.58,25100
STKL,20110527,7.64,7.78,7.64,7.72,108000
STLD,20110527,16.78,17.15,16.78,17.02,4074000
STLY,20110527,5.36,5.52,5.18,5.37,11800
STMP,20110527,12.69,12.74,12.4,12.49,66200
STPP,20110527,51,51,51,51,100
STRA,20110527,120.33,121.56,118.22,120.68,62700
STRL,20110527,13.23,13.32,13.03,13.17,16900
STRM,20110527,1.64,1.68,1.64,1.68,800
STRS,20110527,14.16,14.16,13.99,14.04,400
STRT,20110527,23.35,23.35,23.35,23.35,0
STX,20110527,16.7,16.82,16.45,16.46,14038000
SUMR,20110527,8.65,8.94,8.56,8.61,44600
SUNS,20110527,18.19,18.4,18.05,18.18,85100
SVA,20110527,3.81,3.84,3.71,3.74,113300
SVBI,20110527,4.23,4.23,4.03,4.07,1600
SVVC,20110527,16.65,17.79,16.6,16.63,2500
SWHC,20110527,3.47,3.5,3.45,3.45,240200
SWIR,20110527,12.18,12.37,12.03,12.19,59300
SWKS,20110527,27.2,27.24,24.79,25.5,11536900
SYBT,20110527,16.1533,16.16,16.08,16.16,8100
SYKE,20110527,21.17,21.44,21.1,21.34,112900
SYMC,20110527,19.31,19.43,19.18,19.22,8281700
SYMX,20110527,2.47,2.59,2.4,2.43,186800
SYNA,20110527,28.2,28.23,27.81,27.87,247000
SYNL,20110527,14.14,14.3,14.14,14.3,1800
SYNT,20110527,26.4,26.8,26.4,26.685,94500
SYPR,20110527,3.96,4,3.95,3.99,4800
SYUT,20110527,11.23,11.23,10.87,11.1,26000
TACT,20110527,11.7,12,11.68,11.71,5600
TAIT,20110527,1.3,1.3,1.3,1.3,0
TASR,20110527,4.61,4.72,4.6,4.65,345900
TAST,20110527,9.3,9.34,9.25,9.3,25800
TATT,20110527,5.7,5.9,5.7,5.77,15400
TAYD,20110527,5.85,5.87,5.78,5.87,1200
TBBK,20110527,9.84,10.11,9.68,10.09,68500
TBNK,20110527,19.67,19.95,19.61,19.79,18500
TCBI,20110527,24.6,24.8,24.43,24.58,62400
TCBIW,20110527,14.4,14.4,14.4,14.4,0
TCBK,20110527,14.41,14.55,14.41,14.55,3000
TCCO,20110527,8.62,8.67,8.43,8.53,4200
TCRD,20110527,13.19,13.39,13.12,13.29,23000
TCX,20110527,3.12,3.16,3.12,3.12,3100
TEAR,20110527,2.11,2.15,2,2.1,11500
TECD,20110527,46.58,46.62,46.23,46.52,405100
TECH,20110527,81.5,81.9,80.79,81.44,84300
TESO,20110527,19.66,20,19.37,19.61,189800
TESS,20110527,11.28,11.46,11.23,11.44,20600
TFSL,20110527,10.09,10.14,9.99,10.1,413800
TGA,20110527,13.82,14.41,13.74,14.37,179400
THFF,20110527,31.36,31.99,31.16,31.69,11700
THLD,20110527,1.75,1.78,1.7,1.71,123600
TICC,20110527,10.23,10.32,10.19,10.25,388800
TINY,20110527,5.92,5.92,5.55,5.65,556900
TISA,20110527,2.36,2.53,2.26,2.38,231700
TITN,20110527,26.48,27.16,26.31,26.94,171800
TIVO,20110527,10.29,10.62,10.21,10.37,3599300
TLF,20110527,4.9,5.05,4.9,4.98,3900
TLT,20110527,96.13,96.51,95.88,96.47,5390600
TNAV,20110527,16.09,16.27,15.61,16.03,216200
TNDM,20110527,16.9,16.9,16.75,16.89,172600
TOPS,20110527,42.7,44.1,42.7,42.7,57200
TORM,20110527,17.4,17.4,16.84,17.06,23000
TOWN,20110527,13.5,13.62,13.32,13.59,27500
TQQQ,20110527,20.875,21.155,20.84,21.0925,182500
TREE,20110527,5.7,5.73,5.52,5.54,23700
TRIB,20110527,10.76,10.87,10.71,10.85,39500
TRMB,20110527,21.51,21.765,21.51,21.575,253800
TRMK,20110527,23.46,23.61,23.4,23.51,173300
TRNS,20110527,10.5,10.5,10.36,10.36,300
TROW,20110527,62.4,62.78,62.23,62.44,1021900
TRS,20110527,20.96,21.53,20.75,21.11,122800
TRST,20110527,5.71,5.78,5.71,5.77,161700
TRUE,20110527,0.55,0.6,0.46,0.53,32200
TSBK,20110527,5.69,5.89,5.69,5.83,3500
TSCO,20110527,31.095,31.5,30.925,31.21,495900
TSEM,20110527,17.55,18.15,17.55,18,549000
TSLA,20110527,29.54,29.67,28.82,29.55,1687000
TSRA,20110527,17.53,17.53,17.18,17.19,222900
TSRI,20110527,4.75,4.8,4.7,4.8,1100
TST,20110527,3.38,3.38,3.33,3.38,48700
TTEC,20110527,18.05,18.28,17.96,18.14,205600
TTEK,20110527,23.88,24.23,23.88,24.05,143200
TTGT,20110527,7.57,7.6,7.51,7.59,8200
TTMI,20110527,16.55,16.68,16.32,16.47,380600
TTWO,20110527,16.55,16.67,16.19,16.39,2048200
TUES,20110527,4.86,4.9,4.78,4.85,51700
TWER,20110527,108.4,112.6,108.4,111.4,291800
TWIN,20110527,31.94,32.19,31.64,31.96,22700
TWMC,20110527,1.93,2.04,1.93,1.99,10400
TXN,20110527,34.54,34.76,34.44,34.72,5142800
TXRH,20110527,16.94,17.08,16.84,16.9,374900
TYPE,20110527,13.99,14.09,13.81,13.9,485400
TZOO,20110527,71.77,72.25,69.05,70.48,635200
UBCP,20110527,8.7,8.7,8.7,8.7,300
UBFO,20110527,3.28,3.28,3.07,3.26,7300
UBNK,20110527,15.56,15.83,15.5,15.82,10300
UBOH,20110527,8.6,8.95,8.6,8.88,4000
UBSH,20110527,12.69,12.74,12.43,12.56,29300
UBSI,20110527,23.73,24.08,23.73,23.9,85500
UCBA,20110527,6.57,6.57,6.57,6.57,0
UCBI,20110527,2.09,2.15,2.08,2.1,201300
UCFC,20110527,1.27,1.31,1.27,1.31,12000
UCTT,20110527,10.26,10.29,9.98,10.15,105600
UEIC,20110527,25.52,25.52,24.99,25.01,30200
UEPS,20110527,8.36,8.4,8.3,8.36,81800
UFCS,20110527,19.25,19.25,18.74,18.81,75100
UFPI,20110527,28.93,29.1,28.67,28.87,46300
UFPT,20110527,15.78,15.93,15.72,15.88,23100
UG,20110527,15.17,15.17,15.07,15.1,2400
UHAL,20110527,85.93,87.79,84.31,87.79,32000
ULBI,20110527,4.76,4.89,4.65,4.84,129500
ULTA,20110527,54.82,55.29,54.41,55.25,306200
ULTI,20110527,55.26,56,55.03,55.7,97200
UMBF,20110527,42.01,42.37,41.77,41.97,83000
UMPQ,20110527,11.7,11.84,11.65,11.8,670400
UNAM,20110527,9.5,9.77,9.5,9.76,1500
UNB,20110527,19.96,19.98,19.59,19.64,2600
UNFI,20110527,43.64,43.92,43.55,43.76,104700
UNIS,20110527,49.6,51.1,49,49.1,194300
UNTY,20110527,6.68,6.7,6.53,6.69,1500
UNXL,20110527,8.54,8.56,8.54,8.56,1400
URBN,20110527,30.24,30.52,30.17,30.46,1620800
URRE,20110527,220.8,237.6,217.2,232.8,4420800
USAK,20110527,12.03,12.07,11.65,11.74,10700
USAP,20110527,34.42,35.12,34.36,34.77,25200
USAT,20110527,2.51,2.54,2.28,2.33,865600
USATP,20110527,19.6,19.6,19.6,19.6,0
USCR,20110527,9.6,9.6,9.6,9.6,300
USEG,20110527,28.14,29.28,28.08,28.68,245500
USLM,20110527,38.6,40.05,38.6,38.8,18600
UTEK,20110527,31.51,32.49,31.12,31.47,285500
UTHR,20110527,65.09,65.81,64.5,64.71,1037200
UTMD,20110527,27.98,28.2,27.69,27.95,2500
UTSI,20110527,6,6.3,6,6.03,1094500
UVSP,20110527,16,16.83,16,16.33,34800
VALU,20110527,14.33,14.33,13.75,14.07,5300
VASC,20110527,12.95,13.03,12.88,12.99,27600
VBFC,20110527,43.36,44.64,43.2,44,1200
VCIT,20110527,81.4,82,81.16,81.35,50500
VCLT,20110527,80.45,80.45,80.11,80.3,25400
VCSH,20110527,78.6,78.67,78.58,78.67,123200
VDSI,20110527,10.51,10.85,10.51,10.72,182300
VECO,20110527,54.7,56.19,54.62,55.07,1205900
VGIT,20110527,62.41,62.5,62.37,62.5,4100
VGLT,20110527,62.04,62.16,61.93,62.15,3600
VGSH,20110527,60.91,60.97,60.91,60.93,7000
VIA,20110527,59.88,60.03,59.73,59.86,9500
VIAB,20110527,50.14,50.21,49.92,50.07,2604700
VICL,20110527,38.6,40.8,38,39.1,659900
VICR,20110527,16.17,16.45,16.08,16.11,149700
VIRC,20110527,3.16,3.16,3.16,3.16,0
VISN,20110527,80,81,79.4,80,84000
VIVO,20110527,23.12,23.38,23.07,23.3,148700
VLGEA,20110527,25.99,26,25.85,25.93,21100
VMBS,20110527,51.1,51.32,51.06,51.06,2100
VNDA,20110527,7.42,7.44,7.27,7.34,61700
VNET,20110527,12.36,13.5,12.26,13.28,638300
VNQI,20110527,51.64,51.94,51.62,51.79,10500
VOD,20110527,28.02,28.16,28,28.1,5051100
VONE,20110527,61.18,61.33,61.18,61.33,2200
VONG,20110527,62.63,62.81,62.63,62.68,1200
VONV,20110527,59.97,60.18,59.97,60.04,1700
VOXX,20110527,7.65,7.73,7.55,7.68,92500
VRA,20110527,49.95,50.26,49.02,50.05,218700
VRML,20110527,4.79,4.98,4.63,4.87,517400
VRNT,20110527,32.84,33.7,32.78,33.53,51300
VRSK,20110527,33.99,34.01,33.73,33.92,871500
VRSN,20110527,36.35,36.62,35.32,35.37,4452100
VRTB,20110527,6.84,7,6.68,7,79600
VRTS,20110527,54.2,54.5,54,54.34,15400
VRTU,20110527,19.62,19.89,19.43,19.78,39700
VRTX,20110527,54.01,54.46,53.38,53.54,1328700
VSAT,20110527,43.54,44.47,43.43,43.9,226700
VSEC,20110527,12.45,12.545,12.4,12.52,10900
VTHR,20110527,61.7,61.76,61.55,61.63,6900
VTWG,20110527,68.97,69.1,68.64,68.89,9200
VTWO,20110527,65.99,66.34,65.85,66.07,25300
VTWV,20110527,63,63.1,63,63.1,500
VVUS,20110527,8.82,8.92,8.78,8.84,964200
VXUS,20110527,51.14,51.34,51.07,51.18,34400
WABC,20110527,50.13,50.35,49.77,49.87,127500
WAFD,20110527,15.6,15.73,15.52,15.71,232200
WASH,20110527,22.8,22.99,22.59,22.87,8700
WAYN,20110527,8.4,8.54,8.4,8.54,1000
WBKC,20110527,14.83,14.93,14.83,14.93,400
WBMD,20110527,47.72,48.31,47.54,47.79,316700
WDC,20110527,35.87,36.06,35.55,35.72,2126500
WDFC,20110527,41.23,41.62,41.18,41.47,26400
WERN,20110527,25.06,25.1,24.91,24.98,603900
WEYS,20110527,22.79,23.25,22.79,23.23,1700
WFM,20110527,30.19,30.53,30.145,30.285,599900
WIFI,20110527,9.61,9.91,9.21,9.53,45000
WILC,20110527,7.5,7.55,7.32,7.48,10900
WIN,20110527,13.42,13.45,13.33,13.41,2665100
WINA,20110527,38.15,38.15,37.39,37.51,5100
WIRE,20110527,23.71,24.09,23.71,23.98,71000
WLB,20110527,17.64,17.79,17.25,17.29,29400
WLDN,20110527,4.08,4.08,4.02,4.02,5000
WLFC,20110527,12.9,12.95,12.88,12.88,2800
WMAR,20110527,10.37,10.5,10.37,10.5,7200
WMGI,20110527,15.52,15.59,15.44,15.47,123700
WOOD,20110527,46.2,46.36,46.01,46.29,49800
WOOF,20110527,24.19,24.39,23.9,24.14,367500
WPCS,20110527,385,385,378.84,378.84,3100
WPPGY,20110527,60.87,61.69,60.87,61.38,24700
WPRT,20110527,25.69,25.95,24.62,24.89,989500
WRLD,20110527,64.8,65.66,64.3,65.51,83100
WSBC,20110527,19.62,19.87,19.53,19.69,20900
WSBF,20110527,2.78,2.78,2.75,2.77,4600
WSCI,20110527,4.89,4.91,4.85,4.85,2800
WSFS,20110527,13.5933,13.5933,13.45,13.5433,9800
WSTG,20110527,14.48,15,14.48,14.9,13400
WSTL,20110527,3.35,3.47,3.31,3.42,202400
WTBA,20110527,7.31,7.35,7.25,7.31,9000
WTFC,20110527,32.43,32.68,32.21,32.53,306400
WTFCW,20110527,15.85,15.85,15.85,15.85,0
WVFC,20110527,9.22,9.22,9,9,1100
WVVI,20110527,3.15,3.21,3.15,3.15,3600
WWD,20110527,34.6,34.75,34.29,34.58,206000
WYNN,20110527,145.17,147.49,145.17,146.4,1226600
XBKS,20110527,4.25,4.25,3.95,4.05,14500
XLNX,20110527,34.79,35.08,34.68,34.92,2334600
XOMA,20110527,60,61,59.6,60.6,162000
XRAY,20110527,39,39.3,38.95,39.14,425600
XXIA,20110527,15.62,15.72,15.4,15.57,170100
YHOO,20110527,16.03,16.19,15.95,16.02,20096700
YNDX,20110527,34.75,35,34,34.45,2006500
YORW,20110527,17.33,17.4,17.25,17.31,5900
YRCW,20110527,0.85,0.86,0.8,0.8,806700
ZAGG,20110527,10.32,10.32,9.56,9.99,2129700
ZBRA,20110527,43.04,43.49,42.96,43.24,212500
ZEUS,20110527,29.66,29.82,29.13,29.36,25700
ZGNX,20110527,36.88,37.12,35.52,36.08,54700
ZION,20110527,23.18,23.76,23.18,23.71,1542000
ZIONW,20110527,6.6,6.9,6.6,6.84,800
ZIOP,20110527,6.55,6.8,6.51,6.76,472000
ZIXI,20110527,3.71,3.85,3.65,3.8,1722600
ZN,20110527,5.21,5.21,5.07,5.1,104200
ZUMZ,20110527,30.44,30.56,29.78,30.28,261000
