<ticker>,<date>,<open>,<high>,<low>,<close>,<vol>
AAME,20090730,0.68,0.87,0.68,0.85,2100
AAON,20090730,5.8726,5.9259,5.7185,5.8697,45700
AAPL,20090730,23.1,23.5314,23.0714,23.2557,16771500
AAWW,20090730,25.36,25.87,24.89,25.31,202600
AAXJ,20090730,49.81,50.35,49.68,49.71,396400
ABAX,20090730,20.92,22,20.91,21.84,514600
ABCB,20090730,6.89,7.04,6.5,6.66,31500
ABCO,20090730,11.985,12.82,11.795,12.75,93100
ABIO,20090730,167.16,175.98,159.6,162.12,196600
ABMD,20090730,7.7,7.83,7.58,7.63,234300
ABTL,20090730,2.5,2.5,2.45,2.5,27600
ACAD,20090730,4.53,4.7,4.26,4.5,1823800
ACAS,20090730,3.28,3.45,3.26,3.44,3699300
ACAT,20090730,5.84,6.32,5.57,6.08,81700
ACET,20090730,7,7.25,6.96,7.09,147400
ACFC,20090730,1.81,2.1,1.78,2.1,2300
ACGL,20090730,20.6167,20.6167,20.14,20.4467,550100
ACHN,20090730,2.18,2.33,2.18,2.29,16600
ACIW,20090730,5.2433,5.3267,5.1367,5.1667,117900
ACLS,20090730,2.08,2.2,2.08,2.12,1561400
ACOR,20090730,26.31,26.49,25.07,25.2,397500
ACPW,20090730,3.35,3.6,3.35,3.4,33700
ACTG,20090730,8.02,8.24,7.98,8.05,222400
ACTS,20090730,2.23,2.27,2.16,2.22,107600
ACUR,20090730,5.98,5.98,5.75,5.93,19500
ACWI,20090730,37.4,37.81,37.37,37.54,584400
ACWX,20090730,36.25,36.61,36.11,36.38,42100
ACXM,20090730,9.65,10.12,9.65,9.92,975200
ADBE,20090730,32.54,33.34,32.17,32.28,5653900
ADES,20090730,1.95,1.95,1.925,1.925,4500
ADI,20090730,27.77,28.21,27.31,27.47,5025900
ADP,20090730,32.7216,32.9236,31.9578,32.2125,7226100
ADRA,20090730,23.95,24.28,23.95,24.1,16800
ADRD,20090730,19.42,19.54,19.33,19.41,12700
ADRE,20090730,38.09,38.17,37.8,37.81,334500
ADRU,20090730,19.09,19.21,19.05,19.1,13800
ADSK,20090730,22.3,22.47,21.68,21.79,5722400
ADTN,20090730,24.73,24.99,24.25,24.35,734100
AEHR,20090730,0.87,0.87,0.81,0.84,24500
AEIS,20090730,12.09,12.64,11.66,11.99,566400
AEPI,20090730,29.95,32.3,29.7,31.82,71200
AETI,20090730,2.02,2.3,2.02,2.3,2600
AEY,20090730,1.83,1.83,1.83,1.83,0
AEZS,20090730,1236,1308,1218,1290,310200
AFAM,20090730,29.5,29.53,28.5,29.18,193800
AFSI,20090730,6.29,6.29,5.485,6.15,245100
AGEN,20090730,2.37,2.64,2.26,2.38,5043900
AGII,20090730,33.46,34.12,32.79,33.67,245200
AGNC,20090730,25,25,23.4,23.96,639700
AGYS,20090730,4.73,5.17,4.72,5.14,94100
AHGP,20090730,20.89,21.32,20.54,20.88,49100
AHPI,20090730,4.02,4.02,4.01,4.01,900
AIMC,20090730,8.82,9.24,8.26,9.04,160200
AINV,20090730,7.19,7.25,6.97,7.08,2172200
AIRM,20090730,9.7933,9.85,9.5933,9.6767,103500
AIRT,20090730,8.98,8.98,8.72,8.95,5400
AIXG,20090730,14.8,15.68,14.74,15.49,562000
AKAM,20090730,16.65,16.75,15.86,16.51,62872300
AKRX,20090730,1.5,1.75,1.32,1.37,3958400
ALCO,20090730,31.81,32.93,31.17,32.93,13400
ALGN,20090730,11.19,11.4,10.97,11.1,530900
ALGT,20090730,45.29,45.5,43.28,44.02,240100
ALKS,20090730,11.13,11.19,10.8,10.87,821700
ALLT,20090730,3.87,4.1,3.85,3.98,93200
ALNY,20090730,23.43,24.11,23.41,23.52,149700
ALOG,20090730,38.33,39.03,37.69,38.67,49700
ALOT,20090730,6.08,6.4,5.55,6.02,14400
ALSK,20090730,7.21,7.31,7,7.27,312100
ALXN,20090730,22.25,22.345,21.715,22.095,1117200
AMAG,20090730,49.63,49.79,45.88,46.26,1779100
AMAT,20090730,13.83,14.19,13.56,13.63,24344300
AMCC,20090730,7.8,7.87,7.61,7.68,1640000
AMCN,20090730,5.6,5.98,5.6,5.95,119100
AMD,20090730,3.78,3.81,3.65,3.66,20837200
AMED,20090730,41.06,41.45,40.62,40.81,679500
AMGN,20090730,63.67,64.5,62.99,63.11,9858600
AMKR,20090730,6.11,6.34,5.93,6.26,14071100
AMNB,20090730,23.47,23.47,22.06,23,59000
AMOT,20090730,1.78,1.96,1.78,1.96,2100
AMOV,20090730,20.93,21.7,20.93,21.17,5800
AMPH,20090730,22.82,23.16,22.68,23.01,25000
AMRB,20090730,8.71,9.01,8.51,8.55,25900
AMRI,20090730,10.03,10.22,9.61,9.87,174500
AMRN,20090730,1.11,1.26,1.11,1.18,8000
AMSC,20090730,297.5,364.7,296.5,321.3,7123000
AMSF,20090730,16.62,17.04,16.43,16.73,97700
AMSG,20090730,21.02,21.46,20.7,20.85,255900
AMSWA,20090730,6.1,6.34,6,6.27,59800
AMTD,20090730,18.4,18.72,18.18,18.45,2619200
AMWD,20090730,23.56,24.4,23.52,23.75,35500
AMZN,20090730,85.64,87.25,85.17,86.09,7257200
ANAT,20090730,77.49,78.03,76.5,77.56,36200
ANCX,20090730,6.35,6.35,6.3,6.32,4900
ANDE,20090730,21.0867,22.0867,21.0333,21.5467,376200
ANGO,20090730,12.43,12.93,12.25,12.63,209100
ANIK,20090730,5.62,5.66,5.5,5.55,69200
ANSS,20090730,31.46,31.74,31.23,31.39,777300
APEI,20090730,34.92,35.92,34.5,35.02,149500
APOG,20090730,14.7,15.03,14.42,14.76,213600
APOL,20090730,69.94,70.68,68.61,69.4,1830400
APPY,20090730,138.72,141.6,132.48,139.68,143300
ARAY,20090730,7.16,7.47,7.01,7.27,414400
ARCC,20090730,9,9.3,8.97,9.11,579800
ARCI,20090730,1.35,1.41,1.32,1.4,11200
ARCW,20090730,0.92,0.92,0.92,0.92,2000
AREX,20090730,6.85,7.1,6.59,6.75,74500
ARIA,20090730,2.6,2.6,2.31,2.33,6894200
ARII,20090730,8.35,8.43,8.15,8.32,58400
ARKR,20090730,13.62,13.74,12.9,13.01,20900
ARLP,20090730,17.5,17.99,17.255,17.475,170200
ARNA,20090730,5,5.14,4.97,5.09,1236400
AROW,20090730,27.88,28.47,27.09,28.2,21500
ARQL,20090730,6.13,6.25,5.95,6.13,151300
ARRS,20090730,13.5,13.7,12.8,12.86,4762300
ARRY,20090730,4,4.05,3.93,3.97,178200
ARTNA,20090730,17.35,17.82,17.09,17.24,19200
ARTW,20090730,5.2,5.24,5.1,5.13,4200
ARTX,20090730,1.53,1.58,1.52,1.53,34600
ARWR,20090730,0.49,0.5,0.45,0.46,485500
ASCMA,20090730,28.63,28.85,27.85,28.04,69500
ASFI,20090730,6.14,6.29,6.03,6.29,13600
ASML,20090730,24.93,25.63,24.85,25.28,5471900
ASRV,20090730,1.65,1.65,1.65,1.65,500
ASRVP,20090730,19,19,19,19,0
ASTC,20090730,1.25,1.3,1.24,1.25,27000
ASTE,20090730,26.39,27.09,26.3,26.54,176100
ASUR,20090730,0.0933,0.1,0.0933,0.0933,76100
ASYS,20090730,5.57,5.65,5.29,5.65,12100
ATAI,20090730,8.31,8.55,8,8,41600
ATAX,20090730,5.55,5.75,5.54,5.61,35600
ATEC,20090730,46.32,47.76,45.12,46.08,94100
ATHN,20090730,38.42,38.76,37.05,37.31,427900
ATHX,20090730,1.15,1.15,1.02,1.03,11500
ATLO,20090730,26,26.42,25.74,26.3,20900
ATNI,20090730,42.09,43.13,41.28,41.9,32400
ATRC,20090730,3.33,3.45,3.32,3.4,10200
ATRI,20090730,132,136.45,130.48,134.99,16900
ATRO,20090730,8.45,9.4667,8.4417,9.3083,62600
ATSG,20090730,3.35,3.47,3.17,3.42,382800
ATVI,20090730,11.52,11.74,11.37,11.4,10680800
AUBN,20090730,24.82,24.82,23.64,24.5,3400
AUDC,20090730,1.99,2.1,1.94,1.94,75800
AVAV,20090730,28.67,29.44,28.67,29.18,171000
AVID,20090730,12.54,12.68,12.24,12.28,206300
AWRE,20090730,2.67,2.9,2.67,2.8,13400
AXAS,20090730,0.92,0.96,0.92,0.92,128300
AXTI,20090730,1.91,1.92,1.7,1.88,236100
AZPN,20090730,9.88,9.9,9.8,9.9,21100
BABY,20090730,13.49,14.58,12.86,13.5,770300
BANF,20090730,35.93,37.3,35.23,36.78,74000
BANFP,20090730,25.48,25.48,25.48,25.48,600
BANR,20090730,23.66,30.03,23.31,26.18,309000
BASI,20090730,0.76,0.76,0.6,0.6,11700
BBBY,20090730,35.18,35.94,34.91,35.38,4374400
BBGI,20090730,2.95,2.98,2.89,2.89,5700
BBOX,20090730,28.19,28.64,27.78,28.04,196900
BBRY,20090730,76.63,77.23,76.03,76.14,10615400
BBSI,20090730,10.15,10.28,10.03,10.16,28200
BCBP,20090730,8.99,8.99,8.99,8.99,100
BCPC,20090730,18.0467,18.5533,17.7267,18.1333,120800
BCRX,20090730,10.43,10.44,9.05,9.37,3348600
BDGE,20090730,28.59,28.73,28.26,28.7,11500
BDSI,20090730,5.6,5.93,5.51,5.6,482200
BEAT,20090730,7.26,7.42,6.97,7.16,1206500
BEAV,20090730,15.72,16.56,15.55,16.11,2003500
BEBE,20090730,6.8,7.23,6.72,7.16,538200
BECN,20090730,16.57,17.14,16.42,16.92,450500
BELFA,20090730,15.9,16.34,15.5,15.9,2400
BELFB,20090730,17.55,18.32,17,17.72,41900
BFIN,20090730,10.96,11.04,10.78,10.81,65100
BGCP,20090730,4.54,4.67,4.41,4.64,350100
BGFV,20090730,13.28,13.79,13.13,13.58,136100
BIDU,20090730,35.229,35.75,34.999,35.18,1767200
BIIB,20090730,48.89,48.94,47.29,47.36,3567200
BIOC,20090730,11.1,11.13,10.83,11.01,10700
BIOS,20090730,6.75,6.88,6.41,6.47,1002600
BJRI,20090730,16.4,16.47,16.09,16.17,565300
BKCC,20090730,9.19,9.37,8.3,8.78,75800
BKMU,20090730,9.96,10.08,9.8,9.93,151100
BKSC,20090730,12.7,13,12.7,13,400
BLDP,20090730,1.82,1.86,1.81,1.84,102500
BLDR,20090730,5.04,5.57,5.04,5.52,99100
BLKB,20090730,17.34,17.95,17.07,17.26,308400
BMRC,20090730,32.29,32.46,31.24,31.64,19400
BMRN,20090730,15.23,15.23,14.69,14.81,1665900
BMTC,20090730,18.35,18.56,18.35,18.56,21700
BNCL,20090730,9,9.19,8.79,9.04,145200
BNCN,20090730,7.94,8,7.94,8,800
BNSO,20090730,1.17,1.17,1.17,1.17,1000
BOBE,20090730,29.5,30.19,29,29.41,222200
BOCH,20090730,4.95,5,4.95,4.99,3100
BOFI,20090730,1.575,1.605,1.5375,1.605,5800
BOKF,20090730,40.66,41.1,40.2,40.68,155300
BONT,20090730,3.12,3.33,3.12,3.33,36700
BOOM,20090730,16.41,16.86,16.41,16.79,380800
BOSC,20090730,1.64,1.64,1.4,1.52,17500
BPFH,20090730,4.7,4.82,4.35,4.54,1242900
BPOP,20090730,12,12.3,11.2,12.3,4665400
BPOPM,20090730,12.5,12.5,12.5,12.5,0
BPOPN,20090730,12.48,12.48,12.15,12.3,37800
BRCD,20090730,8.49,8.5,8.01,8.09,36692900
BRID,20090730,9,9,8.63,8.82,2900
BRKL,20090730,11.52,11.82,11.26,11.67,296300
BRKR,20090730,9.15,9.67,9.05,9.61,505600
BRKS,20090730,5.91,6.05,5.78,5.83,289100
BSET,20090730,2.42,2.51,2.24,2.43,31800
BSQR,20090730,2.62,2.66,2.54,2.59,4700
BSRR,20090730,12.52,13.54,12.52,13.32,8800
BSTC,20090730,25.9,25.9,25.08,25.9,3100
BUSE,20090730,6.41,6.42,6.22,6.34,63800
BVSN,20090730,14.5,15.06,14.5,14.95,13300
BWEN,20090730,100.7,106.4,99.7,104.2,342100
BWINA,20090730,21.5,21.5,21.5,21.5,100
BWINB,20090730,21.49,21.67,21.2,21.56,16400
BWLD,20090730,39.25,39.99,38.81,39.51,577600
BYFC,20090730,5.22,5.22,5.22,5.22,500
CA,20090730,21.1331,21.3519,20.984,21.0635,7107200
CAAS,20090730,6.7,6.74,6.41,6.71,39100
CAC,20090730,34.58,34.65,33.2,34.37,17500
CACB,20090730,1.26,1.65,1.26,1.39,196300
CACC,20090730,26.39,27,25.77,26.35,19900
CAKE,20090730,18.69,19.09,18.47,18.77,1417400
CALD,20090730,2.57,2.7,2.55,2.57,128000
CALI,20090730,22.26,23.34,21.6,23.34,20200
CALM,20090730,14.38,15.175,14.16,14.865,454300
CAMP,20090730,1.76,1.86,1.74,1.8,116400
CAMT,20090730,0.75,0.78,0.75,0.78,4000
CART,20090730,7.19,7.19,7.19,7.19,0
CARV,20090730,5.98,5.98,5.98,5.98,0
CASH,20090730,21.95,21.95,21.5,21.6,5900
CASM,20090730,1.69,1.95,1.69,1.95,3400
CASS,20090730,34.5,35.75,34.5,34.8,19000
CASY,20090730,27.62,28.37,27.39,27.58,444200
CATM,20090730,4.05,4.23,4,4.2,42600
CATY,20090730,9.97,10.18,9.22,9.48,2498800
CAVM,20090730,18.63,19.07,18.53,18.74,607200
CBAK,20090730,16.35,16.55,16.05,16.35,207500
CBAN,20090730,7.15,7.15,7.15,7.15,100
CBLI,20090730,96.4,101,96.2,99,321500
CBMX,20090730,1015.5,1015.5,990,1011,5100
CBRL,20090730,29.27,29.73,28.9,29.52,416600
CBSH,20090730,36.22,36.71,35.75,36.42,402800
CCBG,20090730,15.99,16.66,15.6,16.2,35300
CCMP,20090730,33.59,34.04,33.03,33.34,209500
CCNE,20090730,17.73,18,17.64,18,10700
CCOI,20090730,8.31,8.39,8.1,8.32,326000
CCRN,20090730,8.26,8.74,7.92,8.28,132800
CCUR,20090730,5.65,5.65,5.41,5.41,3800
CDNS,20090730,6.28,6.6,6.14,6.22,7598300
CDTI,20090730,9.5,10,9.5,9.75,6700
CDZI,20090730,11.76,12.4,11.71,12.05,49500
CECE,20090730,3.75,3.84,3.71,3.81,8800
CECO,20090730,23.37,23.42,22.61,23.01,660800
CELG,20090730,28.955,29.155,28.58,28.84,3889400
CENT,20090730,12.35,12.89,12.09,12.63,174300
CENTA,20090730,11.42,11.9,11.23,11.78,238100
CENX,20090730,7.46,7.82,7.46,7.69,4181800
CERN,20090730,15.6825,16.56,15.68,16.3925,2272800
CERS,20090730,1.88,2.13,1.85,1.91,978100
CETV,20090730,20.25,21.1,20.03,20.19,788100
CEVA,20090730,9,9.29,8.9,9.06,64600
CFBK,20090730,11.8,11.8,11.8,11.8,100
CFFI,20090730,19.18,19.18,19.18,19.18,0
CFFN,20090730,37.14,37.59,36.81,36.98,169500
CFNB,20090730,12.72,12.89,12.67,12.79,9300
CFNL,20090730,8.05,8.09,7.65,7.84,241100
CGEN,20090730,2.47,2.63,2.45,2.55,269200
CGNX,20090730,8.125,8.36,8.11,8.295,427500
CHCI,20090730,0.25,0.25,0.22,0.23,113100
CHCO,20090730,32.46,32.94,31.8,32.29,57300
CHDN,20090730,37.2,38.94,36.32,37.78,47400
CHFC,20090730,21.3,21.93,21.04,21.62,79700
CHFN,20090730,13.2506,13.2506,13.2506,13.2506,0
CHKE,20090730,20.24,20.56,19.99,20.16,36000
CHKP,20090730,26.45,27.15,26.24,26.64,2837900
CHNR,20090730,12,12.32,12,12.11,11200
CHRS,20090730,4.82,5.02,4.75,4.79,906700
CHRW,20090730,54.11,54.89,53.67,54.43,1798400
CHSCP,20090730,26.4,26.63,26.28,26.48,38200
CIDM,20090730,9.3,9.4,8.8,9,2400
CINF,20090730,24.59,24.8,24.3,24.45,1599000
CISG,20090730,19.28,19.63,19.08,19.48,478400
CIZN,20090730,28.06,28.49,26.26,27.92,7200
CKEC,20090730,9.38,10.13,8.98,9.6,207100
CLBH,20090730,3.84,3.85,3.65,3.65,20600
CLCT,20090730,4.09,4.12,4.04,4.09,10500
CLDX,20090730,7.95,7.95,7.49,7.6,229500
CLFD,20090730,1.76,1.87,1.74,1.81,44200
CLMS,20090730,13.49,14.09,12.83,13.73,145300
CLMT,20090730,18.05,18.53,17.67,17.67,115900
CLNE,20090730,8.9,9.35,8.78,9.24,652700
CLRO,20090730,2.63,2.74,2.63,2.66,5000
CLSN,20090730,3.66,3.96,3.55,3.62,38600
CLUB,20090730,4.2,4.29,3.87,3.93,126500
CLWT,20090730,7.04,7.865,6.6,6.82,21000
CMCO,20090730,13.47,14.38,13.35,13.81,167900
CMCSA,20090730,14.82,15.21,14.75,15.02,22934600
CME,20090730,54.792,56.842,54.12,55.358,991500
CMLS,20090730,4.96,5.2,4.8,4.96,309500
CMTL,20090730,32.74,32.92,31.92,32.07,240500
CNBKA,20090730,21.49,21.6,21.25,21.51,10000
CNMD,20090730,16.82,17.84,16.15,17.67,330300
CNOB,20090730,8.83,8.95,8.75,8.91,20500
CNSL,20090730,12.31,12.67,12.24,12.5,149100
CNTF,20090730,11.6,12.85,11.6,12.2,392300
CNTY,20090730,3.15,3.3,3.08,3.14,75300
COBZ,20090730,4.49,4.74,4.44,4.69,1050100
COGT,20090730,11.44,11.61,11.25,11.35,224100
COHR,20090730,19.75,20.28,19.09,19.89,147400
COHU,20090730,12.21,12.74,12.19,12.46,156400
COKE,20090730,57.1,57.6,56.63,57.03,11900
COLB,20090730,11.7,12.22,11.48,12.11,183000
COLM,20090730,18.685,18.895,17.845,17.965,298400
CONN,20090730,12.59,12.78,12.29,12.57,99500
COOL,20090730,98.7,100.38,89.88,94.5,365100
CORE,20090730,6.925,7.0175,6.7575,6.8525,53400
CORT,20090730,1.28,1.3,1.25,1.25,14700
COST,20090730,49.26,49.73,48.88,49.25,3296000
COWN,20090730,7.25,7.42,7.19,7.19,40900
CPHC,20090730,6.04,6.04,6.04,6.04,200
CPLA,20090730,62.89,64.71,62,64.47,263200
CPLP,20090730,11.03,11.49,10.81,11.21,333500
CPRT,20090730,17.16,17.45,16.79,17.34,381600
CPRX,20090730,0.42,0.45,0.4,0.41,114800
CPSI,20090730,39.94,40.57,39.17,39.6,263700
CPSS,20090730,0.53,0.63,0.52,0.63,29900
CPST,20090730,19.8,21.8,18.8,20.8,4681200
CRAI,20090730,27.1,27.89,26.82,27.25,75300
CRAY,20090730,8.35,8.36,8.14,8.23,476400
CREE,20090730,32.38,32.95,31.75,31.93,919400
CRESY,20090730,9.56,10.08,9.54,9.93,58100
CRIS,20090730,1.49,1.49,1.38,1.4,740300
CRME,20090730,22.5,22.55,20.8,21.2,378400
CRMT,20090730,21.21,21.72,21.21,21.57,185400
CRNT,20090730,7.31,7.41,7.16,7.35,124500
CROX,20090730,3.54,3.58,3.46,3.52,1228700
CRUS,20090730,5.34,5.45,5.23,5.39,1042900
CRVL,20090730,12.45,12.495,12.085,12.27,17200
CRWS,20090730,2.96,2.96,2.96,2.96,0
CRZO,20090730,18.88,19.5,18.62,19.19,765100
CSBK,20090730,11.06,11.06,10.83,11,20100
CSCO,20090730,21.98,22.4,21.84,21.98,52888900
CSFL,20090730,6.85,6.99,6.77,6.89,1937400
CSGP,20090730,36.96,37.53,36.45,37.08,227600
CSGS,20090730,16.22,17.18,16.21,16.93,501400
CSII,20090730,9.25,9.71,9.25,9.66,62400
CSIQ,20090730,14.76,14.99,14.41,14.62,1077600
CSPI,20090730,3.81,3.85,3.81,3.85,1000
CSTR,20090730,32.47,32.98,32.38,32.79,356800
CSWC,20090730,18.9375,19.6875,18.4425,19.2975,24200
CSX,20090730,13.5133,13.8333,13.44,13.49,5215300
CTAS,20090730,25.03,25.33,24.78,25.22,1919100
CTBI,20090730,27.53,28.17,27.25,27.51,45600
CTHR,20090730,0.37,0.46,0.37,0.39,43900
CTIB,20090730,1.92,2.17,1.85,2.1,17900
CTIC,20090730,7.5,7.5,7.35,7.45,9060200
CTRN,20090730,27.18,28,26.6,27.3,272700
CTRP,20090730,12.0875,12.6625,12,12.53,997200
CTSH,20090730,15.285,15.33,15.055,15.1,2439000
CTWS,20090730,21.52,21.91,21.31,21.71,14000
CTXS,20090730,35.94,36.31,35.38,35.49,2580600
CUBA,20090730,6.24,6.38,6.16,6.19,20500
CUTR,20090730,8.46,8.46,8.19,8.26,97900
CVBF,20090730,7.4,7.93,7.33,7.75,2557100
CVCO,20090730,34.5,35.92,34.5,35.01,28200
CVCY,20090730,5.35,5.35,5.35,5.35,0
CVGI,20090730,1.68,1.79,1.56,1.74,121700
CVGW,20090730,20.33,21.15,20.11,20.57,112400
CVLT,20090730,17.96,18.38,17.28,17.37,309200
CVLY,20090730,6.23,6.23,6.23,6.23,100
CVTI,20090730,4.83,5.17,4.83,5.11,11900
CVV,20090730,3.5,3.64,3.5,3.53,4400
CWBC,20090730,2.75,2.75,2.74,2.74,4900
CWCO,20090730,18.53,18.53,17.54,17.68,79300
CWST,20090730,2.53,2.65,2.44,2.47,92200
CYAN,20090730,1.99,2.08,1.99,2.04,2400
CYBE,20090730,6.7,6.7,6.5,6.7,400
CYCC,20090730,84,89.04,84,85.68,103400
CYCCP,20090730,1.22,1.22,1.22,1.22,0
CYNO,20090730,8.8,9.23,8.8,9.13,112600
CYOU,20090730,37.95,38.27,35.81,36.09,1159800
CYTK,20090730,18.66,18.66,17.52,17.64,323900
CYTR,20090730,8.05,8.26,7.28,7.63,3108900
CYTX,20090730,53.55,54,50.1,50.55,173300
CYTXW,20090730,1.7,1.7,1.7,1.7,0
CZFC,20090730,4,4.75,4,4.75,1500
CZNC,20090730,21.95,22.06,20.64,20.91,28900
CZWI,20090730,5.5,5.7,5.5,5.7,3700
DAIO,20090730,3.27,3.32,3.07,3.29,2000
DAKT,20090730,8.42,8.63,8.39,8.5,178200
DAVE,20090730,7.03,7.25,6.03,6.51,85600
DCOM,20090730,12.23,12.58,12,12.13,243100
DCTH,20090730,52,53.92,50.88,53.92,97300
DENN,20090730,2.32,2.35,2.25,2.3,1205200
DEPO,20090730,3.9,3.98,3.85,3.9,187100
DEST,20090730,10.625,11.08,10.625,11.08,14000
DGAS,20090730,12.15,12.15,11.505,11.505,10400
DGICA,20090730,16,16.35,15.18,16,25300
DGICB,20090730,14.91,14.91,14.91,14.91,0
DGII,20090730,10.45,10.57,10.26,10.43,117100
DGLY,20090730,3.24,3.24,2.95,3.1,91700
DHIL,20090730,54.59,56.99,54.5,55.69,20500
DIOD,20090730,18.32,18.65,18.1,18.28,193700
DISCA,20090730,24.5,24.67,24.18,24.38,1784100
DISCB,20090730,23.68,23.68,23.68,23.68,0
DISCK,20090730,11.155,11.32,11.115,11.175,916900
DISH,20090730,17.2,17.38,17.04,17.08,3149400
DJCO,20090730,48,48,47,47.21,5000
DLTR,20090730,15.37,15.76,15.2934,15.49,917300
DMLP,20090730,22.6,22.85,22.23,22.58,14100
DMRC,20090730,13.97,13.97,13.79,13.81,13100
DNBF,20090730,7.5,7.5,7.5,7.5,0
DORM,20090730,8.165,8.625,8.055,8.215,77300
DRAD,20090730,2.25,2.25,2.01,2.1,138200
DRAM,20090730,25.2,26.1,25.2,26.1,8800
DRRX,20090730,2.48,2.59,2.38,2.41,259400
DRYS,20090730,10125,10410,10005,10080,26608000
DSGX,20090730,4.03,4.25,4.03,4.1,113200
DSPG,20090730,8.26,8.62,8.2,8.44,146700
DSWL,20090730,3.33,3.33,3.33,3.33,600
DTLK,20090730,3.37,3.64,3.22,3.25,9200
DTSI,20090730,27.28,27.75,26.6,27.6,329200
DVAX,20090730,17.8,19.2,17.8,17.9,683600
DWCH,20090730,1.89,1.95,1.89,1.95,2900
DWSN,20090730,29.35,30.47,29.35,29.94,93500
DXCM,20090730,6.61,6.96,6.49,6.76,571000
DXPE,20090730,11.64,11.75,11.35,11.48,108500
DXYN,20090730,2.9,3.15,2.9,3.05,3400
DYNT,20090730,4.25,4.3,4,4.3,4500
EBAY,20090730,9.1284,9.2884,9.0568,9.12,16439700
EBIX,20090730,13.55,13.9133,13.2233,13.67,85800
EBSB,20090730,3.7663,3.7786,3.7377,3.7745,11300
EBTC,20090730,14.39,14.4,14,14.18,4800
ECOL,20090730,16.31,16.38,16.07,16.17,337300
ECPG,20090730,13.1,13.1,10.3,12.06,222900
EDAP,20090730,1.49,1.57,1.49,1.57,6100
EDGW,20090730,2.65,2.65,2.62,2.65,1100
EDUC,20090730,5,5,5,5,100
EEFT,20090730,21.53,21.53,20.84,20.97,270300
EEI,20090730,15,15,14.9,14.99,4500
EFII,20090730,11.31,11.8,10.57,11.35,536500
EFOI,20090730,0.65,0.68,0.65,0.68,16000
EFSC,20090730,11,11.5,10.59,11.08,21300
EFUT,20090730,9.75,9.75,9.15,9.17,106600
EGBN,20090730,9.06,9.28,8.91,9.24,20100
EGHT,20090730,0.84,0.84,0.74,0.75,264100
EGLE,20090730,8481.6,8611.2,8380.8,8452.8,1690800
EGOV,20090730,7.89,7.95,7.64,7.69,142300
EHTH,20090730,16.68,17.06,16.06,16.56,154000
ELGX,20090730,4.8,4.97,4.7,4.8,684700
ELNK,20090730,8.33,8.4,8.27,8.36,1691300
ELON,20090730,90.8,93.5,87.7,88.2,226800
ELOS,20090730,8.11,8.35,8.08,8.26,69200
ELSE,20090730,2.9,2.9,2.9,2.9,0
ELTK,20090730,1.14,1.14,1.07,1.07,57600
EMCI,20090730,15.7867,16.1,15.66,16.0933,6300
EMIF,20090730,26.94,27.21,26.75,26.87,10500
EMITF,20090730,1529.4,1544.4,1529.4,1542.6,1400
EMKR,20090730,5,5.28,4.88,5.2,2023300
EMMS,20090730,1.28,1.28,1.2,1.2,71400
ENDP,20090730,21.5,21.5,20.7,20.91,2527300
ENG,20090730,4.77,4.96,4.75,4.78,61000
ENOC,20090730,29.5,31.05,29.46,29.88,271200
ENSG,20090730,8,8.15,7.92,8.08,75000
ENTG,20090730,3.69,3.97,3.56,3.8,2729300
EPAY,20090730,10.19,10.26,9.89,10.04,78500
EQIX,20090730,80.98,82.69,80.66,80.92,877000
ERIC,20090730,9.39,9.49,9.28,9.37,2550900
ERIE,20090730,37.36,37.57,36.97,37.07,210000
ERII,20090730,6.87,7.07,6.85,6.98,238700
ESBK,20090730,16.47,16.47,16.47,16.47,100
ESCA,20090730,0.98,1,0.92,0.99,5200
ESEA,20090730,5.11,5.28,5.09,5.22,95700
ESGR,20090730,60,62.49,59.66,59.69,27400
ESIO,20090730,12.65,12.99,12.61,12.86,118600
ESLT,20090730,66.04,66.38,65.12,65.32,4900
ESMC,20090730,1.81,1.99,1.8,1.96,2900
ESRX,20090730,36.905,37,35.8,35.935,3842600
ESSA,20090730,13.67,13.75,13.39,13.56,50300
ETFC,20090730,14.9,15.4,14.3,14.8,92127904
ETRM,20090730,323.1,342.9,299.7,315,53800
EVBS,20090730,8.75,8.75,8.61,8.7,1300
EVEP,20090730,21,21.2,20.82,21.09,216600
EVK,20090730,1.75,1.75,1.75,1.75,500
EVOL,20090730,2.49,2.49,2.49,2.49,0
EWBC,20090730,8,8.74,8,8.55,1995000
EXAC,20090730,13.74,14.32,13.74,14,84200
EXAS,20090730,3,3,2.83,2.83,108600
EXEL,20090730,5.9,5.97,5.69,5.9,1736900
EXFO,20090730,3.18,3.21,3.07,3.07,41800
EXLS,20090730,12.71,12.99,12.22,12.8,73200
EXPD,20090730,34.12,34.31,33.58,33.97,2021600
EXPE,20090730,19.64,21.27,19.5,20.48,9856800
EXPO,20090730,12.76,13.11,12.585,12.96,86700
EXTR,20090730,2.28,2.39,2.26,2.3,423800
EZPW,20090730,12.57,12.88,12.38,12.63,570800
FALC,20090730,5.47,5.58,5.27,5.4,599900
FARM,20090730,22.91,22.95,22.29,22.66,11500
FARO,20090730,16.18,16.63,15.73,16.15,273300
FAST,20090730,17.965,18.285,17.72,17.775,1062700
FBIZ,20090730,9.39,9.39,9.39,9.39,0
FBMS,20090730,8.74,8.74,8.67,8.74,600
FBNC,20090730,18,18.46,17.81,18.22,62900
FBSS,20090730,13.8,13.8,13.5,13.6,800
FCAP,20090730,18.23,18.23,18.23,18.23,0
FCBC,20090730,13.25,13.44,13.1,13.32,167500
FCCO,20090730,7.24,7.24,7.24,7.24,100
FCCY,20090730,7.45,7.45,7.35,7.45,700
FCEL,20090730,48.48,50.16,48.24,48.96,644200
FCNCA,20090730,141.56,142.14,136.9,142.14,5400
FDEF,20090730,14.25,15.11,14.04,15.07,36100
FDML,20090730,13.54,14.87,13.33,14,253600
FEIM,20090730,3.59,3.59,3.29,3.29,15200
FELE,20090730,16.68,16.69,16.28,16.495,123200
FFBC,20090730,8.74,8.75,8.43,8.57,201200
FFHL,20090730,1.46,1.46,1.2,1.37,12000
FFIC,20090730,10.53,11.09,10.37,10.78,71100
FFIN,20090730,17.6667,17.7834,17.31,17.65,91800
FFIV,20090730,37.99,38.28,36.99,37.38,2669300
FFKT,20090730,19.99,20.48,19.1,20.2,11900
FFNW,20090730,8.13,8.4,7.96,8.02,57000
FHCO,20090730,5.86,5.86,5.6,5.66,120700
FINL,20090730,8.85,9,8.74,8.78,707000
FISI,20090730,14.25,14.71,13.72,14.52,25000
FISV,20090730,24.99,24.99,23.85,23.925,3081200
FITB,20090730,9.13,9.45,9.06,9.4,34551600
FIZZ,20090730,10.83,10.88,10.61,10.75,41500
FLEX,20090730,4.82,5.11,4.5,5.02,21640500
FLIC,20090730,17.5667,17.6,17.18,17.5733,56400
FLIR,20090730,21.75,22.17,21.67,21.81,2495700
FLML,20090730,7.87,8.65,7.78,8.3,128400
FLWS,20090730,2.31,2.46,2.26,2.33,96900
FLXS,20090730,7.89,8.1,7.82,8.1,9500
FMBI,20090730,7.82,8.22,7.67,8.12,391900
FNLC,20090730,19.48,19.95,18.97,19.31,30700
FNSR,20090730,4.72,4.96,4.72,4.8,2894700
FOLD,20090730,11.08,11.45,10.91,11.24,25900
FONR,20090730,2,2,1.88,1.88,5600
FORD,20090730,1.6,1.6,1.56,1.58,90200
FORM,20090730,23.47,23.85,22.17,22.33,1160100
FORR,20090730,24.75,24.83,23.4,23.57,85700
FORTY,20090730,8.19,8.19,7.95,7.95,1500
FOSL,20090730,25.53,27.12,25.45,26.04,423500
FRBK,20090730,7.12,7.13,6.95,7.1,20300
FRED,20090730,13.68,14.25,13.68,13.78,191200
FRME,20090730,7.21,8.04,7.21,7.95,107700
FRPT,20090730,5.41,5.52,5.24,5.29,807800
FSBK,20090730,13.05,13.05,12.93,13.05,7800
FSFG,20090730,10.15,10.2,10.15,10.19,10300
FSLR,20090730,174.83,175.88,171.11,173.55,6316600
FSTR,20090730,29.91,31.18,29.91,30.51,57500
FTEK,20090730,9,9.4,8.96,9.17,155000
FUEL,20090730,0.34,0.34,0.29,0.3,590600
FULT,20090730,6.52,6.75,6.46,6.64,1849800
FUNC,20090730,11.01,11.01,11,11,800
FUND,20090730,5.33,5.44,5.33,5.4,68400
FWRD,20090730,21.38,22.44,20.75,22.19,174700
GABC,20090730,17.24,17.93,16.85,17.93,41600
GAIA,20090730,5.11,5.15,4.95,5.03,117500
GAIN,20090730,5.08,5.32,4.88,5.23,71200
GALT,20090730,2.7,2.7,2.46,2.64,24000
GASS,20090730,5.32,5.42,5.22,5.35,29400
GBCI,20090730,15.4,16,15.25,15.81,456500
GBNK,20090730,9.05,9.2,8.8,8.9,80600
GCBC,20090730,6.75,6.75,6.75,6.75,300
GENC,20090730,4.6333,4.7333,4.6,4.62,4900
GENE,20090730,9.95,9.95,8,8.5,6500
GERN,20090730,8.77,8.94,8.63,8.69,2004300
GFED,20090730,6.53,6.53,6.53,6.53,0
GFN,20090730,1.33,1.33,1.33,1.33,200
GGAL,20090730,3.63,3.69,3.44,3.54,88300
GHDX,20090730,16.88,17.13,16.6,16.77,151700
GIFI,20090730,14.55,14.66,14,14.51,187100
GIGA,20090730,1.8,1.8,1.62,1.62,3600
GIGM,20090730,24,24.8,23.8,24.5,1221500
GIII,20090730,6.11,6.31,6.055,6.125,50000
GILD,20090730,24.905,25,24.69,24.79,7222600
GILT,20090730,4.84,4.9,4.84,4.86,6100
GLAD,20090730,10.3,10.52,10.28,10.36,109800
GLBL,20090730,6.74,6.96,6.6,6.68,1234300
GLBZ,20090730,7.7,7.7,7.7,7.7,0
GLDD,20090730,5.7,5.83,5.4,5.75,207700
GLNG,20090730,9.37,9.93,9.31,9.76,175600
GLRE,20090730,18.61,19.05,18.33,18.42,101500
GLUU,20090730,1,1.07,0.96,1.06,70400
GNCMA,20090730,6.96,7.23,6.83,7.02,119700
GNTX,20090730,7.34,7.51,7.23,7.45,1780700
GNVC,20090730,8.9,8.9,8,8.1,645500
GOLD,20090730,59.73,60.99,59.48,59.8,2267200
GOOD,20090730,14,14,13.4,13.9,20400
GOODO,20090730,16.54,16.55,15.8,16.5,3000
GOODP,20090730,15.29,15.29,15.29,15.29,0
GOOG,20090730,221.305,225.735,221.305,222.82,3200500
GPIC,20090730,7.49,7.6,7.14,7.18,35800
GPOR,20090730,6.81,7.08,6.77,7.03,151000
GPRE,20090730,7.92,8.09,7.6,7.99,43400
GPRO,20090730,42,42.49,41.61,42.06,778500
GRIF,20090730,30.44,31.42,30.09,31.05,10600
GRMN,20090730,27.36,28.48,27.11,27.22,2818400
GROW,20090730,12.4,13.1,12.4,12.82,115600
GRVY,20090730,12.24,12.72,11.76,12.32,36800
GSBC,20090730,21.35,21.69,20.96,21.5,38600
GSIT,20090730,4.4,4.4,4.29,4.39,48100
GSM,20090730,7,7.68,6.81,7.09,4187000
GSOL,20090730,7.29,7.29,6.88,6.94,96900
GT,20090730,14.25,16.07,14.25,15.86,12596700
GTIM,20090730,1.43,1.43,1.43,1.43,100
GTLS,20090730,20.22,21.36,17.92,18.14,927200
GTXI,20090730,10.66,10.99,10.27,10.63,167700
GUID,20090730,4,4.15,4,4.04,62500
GULF,20090730,14.97,15.19,14.97,15.15,2700
GYRO,20090730,37,37,37,37,0
HA,20090730,6.4,6.44,6.2,6.3,785600
HAFC,20090730,1.59,1.74,1.57,1.6,328200
HAIN,20090730,8.125,8.32,8.06,8.23,265400
HALL,20090730,6.78,6.79,6.62,6.7,47500
HALO,20090730,7.01,7.35,7.01,7.25,519200
HAS,20090730,26.48,26.66,26.11,26.16,1917200
HAYN,20090730,23.24,23.65,22.55,22.88,259000
HBAN,20090730,3.96,4.19,3.93,4.14,33249000
HBANP,20090730,730,740,729,735.01,300
HBCP,20090730,12.37,12.47,12.35,12.47,14600
HBHC,20090730,39.58,40.79,39.1,40.54,257600
HBIO,20090730,4.14,4.26,4.09,4.19,56200
HBNC,20090730,4.8948,4.8948,4.7407,4.7407,1000
HCCI,20090730,13.1,13.1,12.28,12.7,14400
HCKT,20090730,3.09,3.09,3,3.05,117900
HCSG,20090730,12.5067,12.8467,12.3867,12.76,283100
HDNG,20090730,4,4.03,3.84,3.94,82100
HDSN,20090730,1.32,1.32,1.17,1.3,7700
HEES,20090730,10.72,11.08,10.44,10.78,84000
HELE,20090730,22.39,22.48,21.79,21.94,191200
HEOP,20090730,6.07,6.36,6.07,6.36,1100
HFBC,20090730,11,11.03,11,11.03,300
HFWA,20090730,12.49,12.75,12.26,12.75,6200
HIBB,20090730,18.93,19.56,18.48,18.74,298200
HIFS,20090730,32.83,32.83,32.83,32.83,0
HIHO,20090730,1.9,2.03,1.88,1.96,4200
HIMX,20090730,3.8,3.87,3.79,3.82,452000
HLIT,20090730,6.06,6.28,6,6.17,1016100
HMNF,20090730,3.95,4.15,3.95,4.15,4900
HMSY,20090730,13.75,13.8333,13.33,13.6733,434800
HOFT,20090730,13.77,14,13.62,13.72,25300
HOLI,20090730,6.9,6.9,6.5,6.55,100500
HOLX,20090730,15,15.02,14.64,14.73,2835200
HOMB,20090730,5.4225,5.4925,5.2925,5.415,65400
HOVNP,20090730,2.49,2.7,2.41,2.59,11500
HSIC,20090730,50.66,51.74,50.08,51.22,992200
HSII,20090730,19.98,20.59,19.31,20.33,286900
HSKA,20090730,0.41,0.45,0.4,0.4,23400
HSNI,20090730,9.82,10.88,9.82,10.42,234300
HSTM,20090730,3.9,4,3.79,3.8,112600
HTBK,20090730,3.9,4.29,3.9,4.24,69800
HTLD,20090730,15.19,15.45,14.95,15.24,555800
HTLF,20090730,16,16.69,15.73,16.6,41600
HUBG,20090730,20.47,21.02,19.83,20.91,318600
HURC,20090730,19.55,19.8,19.12,19.49,38900
HURN,20090730,44.34,44.76,43.96,44.58,281400
HWAY,20090730,15.57,16.24,15.57,15.71,177400
HWBK,20090730,10.01,10.01,10.01,10.01,200
HWCC,20090730,10.69,11.44,10.61,10.83,95900
HWKN,20090730,19.23,19.6,18.8,18.91,79100
HYGS,20090730,0.51,0.55,0.5,0.51,239800
IART,20090730,31.48,32.1,31.21,31.68,267500
IBB,20090730,80.27,80.55,79.33,79.44,1003400
IBCP,20090730,1.56,1.63,1.51,1.63,45100
IBKC,20090730,47.51,47.89,46.86,47.19,465800
IBKR,20090730,18.5,18.99,18.35,18.55,666300
IBOC,20090730,11.5,12.38,11.34,12.34,595200
ICAD,20090730,1.35,1.48,1.27,1.42,1422600
ICCC,20090730,2.39,2.39,2.39,2.39,1300
ICFI,20090730,25.87,26.13,25.51,26.05,92400
ICLN,20090730,23.46,23.84,23.45,23.56,12300
ICLR,20090730,22.8,23.44,22.71,22.86,286600
ICON,20090730,17.3,18.02,17.21,17.42,662900
ICUI,20090730,40.55,40.61,39.39,39.56,379500
IDCC,20090730,29.35,29.93,29.35,29.81,609800
IDRA,20090730,6.65,6.8,6.45,6.79,38500
IDSA,20090730,5.12,5.12,4.8133,5.06,17100
IDSY,20090730,3.52,3.52,3.5,3.5,4800
IDTI,20090730,6.66,6.93,6.66,6.76,5287900
IDXX,20090730,24.9,25.265,24.645,25.145,393500
IESC,20090730,10,10,9.58,9.95,12200
IFEU,20090730,24.28,24.28,24.2,24.2,600
IFGL,20090730,27.06,27.29,27.03,27.03,27500
IFON,20090730,1.8,1.9,1.8,1.9,66100
IGLD,20090730,7.74,7.8,7.72,7.78,26100
IGOV,20090730,102.18,102.4,101.86,102.3,16500
III,20090730,3.5,3.55,3.45,3.55,126100
IIIN,20090730,10.99,11,10.44,10.64,246200
IIJI,20090730,5.74,5.79,5.66,5.74,24700
IIN,20090730,3.02,3.02,3.02,3.02,0
IIVI,20090730,11.84,12.3,11.71,12.165,207200
IKNX,20090730,6,6,6,6,0
ILMN,20090730,37.25,37.4,36.41,36.56,928000
IMGN,20090730,9.92,10.13,9.56,9.6,570600
IMKTA,20090730,16.65,17.59,16.54,17.28,52900
IMMR,20090730,4.4,4.56,4.29,4.37,143000
IMMU,20090730,4.95,5.04,4.7,4.77,1538700
IMMY,20090730,6.5,7.5,6.5,7,11600
IMOS,20090730,0.68,0.75,0.66,0.73,102900
INAP,20090730,3.23,3.26,3.05,3.12,275900
INCY,20090730,5.92,5.99,5.11,5.32,5997100
INDB,20090730,20.76,21.59,20.76,21.2,181500
INFI,20090730,8.85,8.85,8.43,8.75,41300
INFN,20090730,7.42,7.45,7.03,7.07,899900
ININ,20090730,17.6,18.09,17.35,17.63,143200
INOD,20090730,5.3,5.3,5.12,5.3,140100
INSM,20090730,0.97,1,0.97,1,1422800
INTC,20090730,19.57,19.8,19.3,19.33,60640800
INTG,20090730,11.39,11.59,11.39,11.59,800
INTU,20090730,29.88,30.01,29.69,29.79,2802700
INTX,20090730,4.49,4.64,4.4,4.56,10800
INWK,20090730,5.26,5.29,5.15,5.26,92700
IOSP,20090730,11.85,12.27,11.6,11.94,119600
IPAR,20090730,9.24,9.89,9.06,9.68,59000
IPAS,20090730,1.65,1.8,1.65,1.8,447900
IPCC,20090730,41.53,42.71,40.87,42.06,30400
IPGP,20090730,10.5,10.91,10.42,10.64,80000
IPHS,20090730,18.9,18.9,17.24,18.28,292300
IPXL,20090730,7.56,7.85,7.25,7.49,5095300
IRBT,20090730,10.39,10.69,10.22,10.41,74500
IRIX,20090730,2.01,2.01,2.01,2.01,0
ISBC,20090730,4,4.0196,3.8941,3.9216,270700
ISCA,20090730,25.81,26.42,25.67,25.86,334800
ISHG,20090730,103.06,103.4,102.8,103.4,24300
ISIG,20090730,3,3.12,2.86,3.1,25100
ISIL,20090730,14.13,14.42,14.02,14.11,2053600
ISLE,20090730,12.01,12.67,11.85,11.91,240100
ISNS,20090730,9.55,9.62,9.42,9.61,4500
ISRG,20090730,228.09,232.54,225.55,226.95,981400
ISRL,20090730,139,140.5,138.93,140.5,900
ISSC,20090730,4.1,4.83,4.03,4.23,101100
ITIC,20090730,30.51,31.62,30.06,31.62,1600
ITRI,20090730,53.66,54,50.37,52.31,2270600
ITRN,20090730,9.88,9.95,9.74,9.75,16400
IVAC,20090730,11.34,11.82,10.81,11.57,111600
IXYS,20090730,8.13,8.31,7.75,7.8,201200
JACK,20090730,21.97,22.09,21.44,21.56,1379600
JAKK,20090730,11.53,11.68,11.32,11.37,450000
JASO,20090730,25.35,25.5,24.3,24.95,6355000
JAZZ,20090730,5.94,6.88,5.93,6.26,3747100
JBHT,20090730,27.31,28.47,27.31,27.78,1822900
JBLU,20090730,5.25,5.25,5.07,5.14,5690500
JBSS,20090730,8.27,8.64,8.27,8.57,2100
JCOM,20090730,24.01,24.54,23.87,24.06,239600
JCS,20090730,12.31,13.05,12.31,12.85,59000
JCTCF,20090730,2.87,3.025,2.87,3.025,200
JJSF,20090730,43.76,44.41,43.34,43.91,77900
JKHY,20090730,21.87,21.99,21.46,21.53,661900
JMBA,20090730,5.45,5.55,5.35,5.55,304500
JOBS,20090730,5.655,5.81,5.65,5.81,14500
JOUT,20090730,5.92,5.92,5.85,5.92,17600
JRJC,20090730,12.17,12.77,12.05,12.36,141700
JXSB,20090730,9.21,9.21,9.21,9.21,0
KALU,20090730,32.59,33.99,31.5,33.21,230100
KCAP,20090730,6,6.29,5.97,6.06,132500
KELYA,20090730,12.36,12.7,12.14,12.2,148900
KELYB,20090730,11.45,11.45,11.45,11.45,0
KEQU,20090730,11.99,11.99,11.8,11.92,7800
KERX,20090730,1.08,1.23,1.08,1.16,966000
KFFB,20090730,13.77,14.25,13.77,14.25,31800
KFRC,20090730,9.3,9.42,9.2,9.36,128200
KINS,20090730,1.58,2.37,1.57,2.37,1300
KIRK,20090730,13.35,13.83,13.34,13.54,375000
KLAC,20090730,31.89,32.36,30.8,31.26,7143800
KLIC,20090730,5.89,5.96,5.74,5.85,1954500
KNDI,20090730,1.48,1.48,1.4,1.4,1000
KONA,20090730,3.8,3.9,3.74,3.75,18800
KOOL,20090730,13,13.4,12.2,12.6,288300
KOPN,20090730,4.33,4.34,4.05,4.08,292200
KOSS,20090730,6.775,6.775,6.775,6.775,0
KRNY,20090730,11.66,11.69,11.24,11.5,65900
KTCC,20090730,1.75,1.84,1.75,1.76,10400
KTEC,20090730,10.43,10.57,10.2,10.49,7400
KTOS,20090730,0.79,0.8,0.76,0.79,63600
KVHI,20090730,7.5,7.75,7.43,7.65,57000
KZ,20090730,12.19,12.5,12.18,12.35,229200
LABL,20090730,14.98,16.42,14.51,15.67,36500
LAKE,20090730,7.57,7.6,7.45,7.6,6000
LAMR,20090730,19.13,19.97,18.91,19.76,817800
LANC,20090730,46.97,47.52,46.46,46.73,161200
LARK,20090730,15.51,15.51,15.5,15.5,800
LAWS,20090730,15.09,17,15.01,16.87,63100
LAYN,20090730,23.05,23.99,22.63,23.52,160300
LBAI,20090730,9.27,9.27,9.06,9.2,51500
LBIX,20090730,0.35,0.35,0.32,0.32,28300
LBTYA,20090730,10.4548,10.7767,10.4394,10.6694,2590100
LBTYB,20090730,20,20,20,20,0
LBTYK,20090730,20.45,20.99,20.35,20.74,440400
LCUT,20090730,4.13,4.14,4.11,4.13,3500
LECO,20090730,21.18,21.89,20.97,21.44,458100
LFUS,20090730,24.45,24.45,23.47,24.25,478400
LGCY,20090730,14.01,14.2,13.58,13.74,330400
LGND,20090730,17.82,18,16.98,17.16,509900
LHCG,20090730,27.86,27.98,26.78,26.94,270600
LIFE,20090730,46.5,47.08,45.78,46.39,3178300
LINC,20090730,20.17,20.62,19.85,20.21,151200
LION,20090730,2.88,2.88,2.87,2.87,1000
LIOX,20090730,2.35,2.45,2.25,2.29,372800
LIVE,20090730,0.3667,0.4133,0.36,0.4,13500
LJPC,20090730,0.24,0.26,0.22,0.22,3391300
LKFN,20090730,13.2267,13.3333,13.0733,13.32,22000
LLNW,20090730,4.55,4.55,4.03,4.08,757900
LLTC,20090730,27.06,27.47,26.7,26.79,3608400
LMAT,20090730,3.08,3.39,3.05,3.34,52600
LMCA,20090730,4.75,4.84,4.67,4.7967,314500
LMIA,20090730,9.21,9.5,9.1,9.15,63400
LMNX,20090730,17.75,18.37,17.59,17.82,161900
LNCE,20090730,25.57,25.83,24.89,25.38,143200
LNDC,20090730,6.5,6.53,6.3,6.35,116400
LOAN,20090730,0.95,0.95,0.95,0.95,0
LOGI,20090730,16.54,16.9,16.42,16.63,1206300
LOGM,20090730,20.1,20.99,19.89,20.32,321500
LOPE,20090730,17.49,17.91,17.13,17.7,191300
LORL,20090730,21.32,22.8,21.32,21.55,50100
LPNT,20090730,29.03,29.37,28.53,28.7,573500
LPSN,20090730,4.3,4.52,4.23,4.26,510100
LPTH,20090730,1.49,1.53,1.45,1.45,3100
LQDT,20090730,11.56,11.79,11.25,11.56,131500
LRCX,20090730,33.17,33.57,29.59,29.84,7170200
LSBK,20090730,7.28,7.28,7.05,7.05,6000
LSCC,20090730,2.11,2.15,2.05,2.13,814600
LSTR,20090730,36.16,36.81,36.03,36.37,545700
LTRX,20090730,0.42,0.45,0.4,0.41,145200
LULU,20090730,8.67,8.81,8.52,8.595,480100
LUNA,20090730,0.4,0.4,0.37,0.37,36000
LWAY,20090730,12.56,12.86,12.25,12.79,17800
LXRX,20090730,10.08,10.29,9.52,10.01,196800
LYTS,20090730,6.18,6.35,6.02,6.11,58600
MAGS,20090730,4.45,4.45,4.28,4.35,20900
MANH,20090730,4.585,4.74,4.3975,4.6925,221200
MANT,20090730,51.85,52.9,49.83,51.01,1388800
MARPS,20090730,17.12,17.47,17.12,17.47,300
MASI,20090730,24.7,25.14,24.55,24.74,325600
MAT,20090730,17.56,17.98,17.4,17.69,3237700
MATW,20090730,31.46,32.31,30.84,31.84,156500
MAYS,20090730,15,15,15,15,100
MBFI,20090730,13.72,14,13.48,13.87,187600
MBLX,20090730,50.52,58.32,50.52,55.86,262000
MBRG,20090730,11.4,11.4,11.25,11.25,12300
MBRX,20090730,0.6,0.62,0.57,0.57,115000
MBTF,20090730,2.2,2.2,2.15,2.15,1200
MBVT,20090730,26.4,26.4,25.16,25.58,34900
MBWM,20090730,3.94,3.95,3.85,3.85,12800
MCBC,20090730,2.56,2.8,2.56,2.64,17100
MCHP,20090730,27.3,27.71,26.85,26.95,3523900
MCHX,20090730,4.31,4.53,4.25,4.5,143200
MCRI,20090730,9.11,9.45,9.02,9.15,115500
MDCA,20090730,6.6,6.73,6.49,6.53,88400
MDCO,20090730,7.94,8.28,7.86,8.26,968300
MDM,20090730,1.58,1.62,1.57,1.57,8300
MDRX,20090730,17.25,17.35,16.79,16.94,1008900
MDSO,20090730,8.75,9,8.725,8.87,134400
MELI,20090730,28.43,29.99,28.43,29.27,384600
MENT,20090730,6.9,7.19,6.88,7.11,940900
MEOH,20090730,15.75,16.42,15.73,16.15,704500
MERC,20090730,0.58,0.64,0.53,0.53,98800
MFNC,20090730,4,4,4,4,100
MFRI,20090730,6,6.03,5.9,5.92,10700
MFSF,20090730,7.59,8,7.15,8,13700
MGEE,20090730,24.2133,24.5333,23.9067,24.3067,54500
MGIC,20090730,1.84,1.84,1.52,1.66,82400
MGLN,20090730,31.63,32.24,31.36,31.8,300400
MGPI,20090730,2.95,2.95,2.69,2.81,23700
MGRC,20090730,19.63,20,19.24,19.48,96500
MGYR,20090730,4.02,4.02,4.02,4.02,0
MHGC,20090730,4.4,4.9,4.37,4.81,278000
MHLD,20090730,7.81,7.9,7.54,7.77,217800
MIDD,20090730,15.83,16.66,15.6633,16.16,138800
MIND,20090730,4.47,4.74,4.4,4.4,32700
MINI,20090730,16.41,17.2,16.3,16.35,161000
MKSI,20090730,19.51,19.8,19.35,19.65,377100
MKTX,20090730,10.83,11.21,10.68,10.77,94400
MLAB,20090730,21.99,22,21.99,22,1100
MLHR,20090730,16.57,17.07,16.21,16.47,562100
MLNK,20090730,7.2,7.37,7.15,7.28,199400
MLNX,20090730,15.91,15.91,15.09,15.3,210000
MLVF,20090730,10.1,10.1,10.1,10.1,0
MMLP,20090730,27.05,27.48,26.58,27.3,29200
MMSI,20090730,15.2,15.352,14.928,14.984,266200
MNDO,20090730,0.97,1,0.97,0.97,4900
MNKD,20090730,8.25,8.41,8.06,8.21,329100
MNOV,20090730,6.28,6.3,6.28,6.3,600
MNRO,20090730,17.64,18.2667,17.4467,17.74,280500
MNST,20090730,4.9767,5.0133,4.96,4.98,1672600
MNTA,20090730,11.39,11.61,10.76,11.04,438400
MNTX,20090730,1.34,1.42,1.21,1.3,109300
MOCO,20090730,8.07,8.21,8.07,8.16,25200
MOFG,20090730,7.26,7.6,7.25,7.6,1700
MORN,20090730,45.34,46.6,45.34,45.9,183600
MOSY,20090730,1.58,1.66,1.56,1.61,2800
MPAA,20090730,4.1,4.12,4.07,4.12,11100
MPB,20090730,15.15,15.15,14,14.5,1500
MPEL,20090730,5.2,5.3,5,5.21,4347800
MPET,20090730,0.95,1,0.94,0.95,114900
MPWR,20090730,23.25,24.1,23.2,23.79,355000
MRCY,20090730,11.7,11.9,11.51,11.78,74400
MRLN,20090730,6.09,6.18,6.08,6.08,4900
MRTN,20090730,11.7867,11.96,11.5333,11.6,248300
MRVL,20090730,13.99,14,13.49,13.59,22035900
MSBF,20090730,8.85,8.85,8.85,8.85,0
MSCC,20090730,13.88,13.95,13.65,13.78,1017300
MSEX,20090730,15.37,15.67,15.17,15.45,40200
MSFG,20090730,7.4,7.41,6.8,7.03,68900
MSFT,20090730,24.2,24.43,23.71,23.81,67819900
MSON,20090730,1.64,1.67,1.6,1.65,6700
MSTR,20090730,59.19,60.21,57.3,58.61,132000
MTEX,20090730,36.6,37.1,35.5,35.6,68900
MTRX,20090730,10.04,10.2,9.85,9.94,209700
MTSC,20090730,23.5,23.69,23.28,23.35,81700
MTSI,20090730,5.8,5.8,5.5,5.66,4900
MTSL,20090730,0.9,0.9,0.9,0.9,0
MU,20090730,6.34,6.38,6.15,6.16,19606600
MVIS,20090730,27.6,29.36,27.2,29.2,855600
MXIM,20090730,18.09,18.5,17.82,17.94,4128500
MXWL,20090730,13.99,14.7,13.79,14.34,226700
MYGN,20090730,27.82,27.97,27.28,27.41,828600
MYL,20090730,13.3,13.55,12.91,13.13,18348400
MYRG,20090730,18.31,18.48,17.71,18.07,110900
NAII,20090730,6.42,6.5,6.42,6.5,2700
NANO,20090730,4.06,4.23,3.51,3.8,156900
NATH,20090730,12.62,12.86,12.6,12.86,18200
NATI,20090730,17.3067,17.3933,17.02,17.1867,249600
NAVG,20090730,49.81,50.49,48.43,49.54,49800
NAVI,20090730,1.31,1.37,1.3,1.37,90600
NBIX,20090730,3.43,3.53,3.3,3.33,182500
NBN,20090730,8.9,8.9,8.9,8.9,0
NBTB,20090730,23.02,23.16,22.81,22.99,228100
NCIT,20090730,30.21,31.82,29.97,31.31,74400
NCMI,20090730,14.67,14.76,14.44,14.75,219600
NCTY,20090730,8.34,8.85,8.32,8.72,84100
NDAQ,20090730,20.82,21.47,20.61,21.18,2339600
NDSN,20090730,22.395,23.145,22.09,22.64,189900
NEOG,20090730,13.0978,13.4889,12.8222,13.28,64700
NEPT,20090730,2.02,2.08,2.02,2.06,151600
NEWS,20090730,2.39,2.61,2.3,2.51,100000
NEWT,20090730,1.9,2.4,1.9,2,41000
NFBK,20090730,12,12.1,11.64,12.1,43400
NFLX,20090730,6.0814,6.3043,6.0771,6.23,1461300
NICE,20090730,27.35,27.89,27.12,27.69,512400
NICK,20090730,6.1,6.37,6.08,6.37,21100
NIHD,20090730,22.52,23.35,22.52,22.9,2742600
NILE,20090730,44.25,46.85,44.18,45.45,178300
NKSH,20090730,25.99,26.5,25.44,26.37,19200
NKTR,20090730,7.37,7.43,7.12,7.22,608000
NLST,20090730,0.34,0.37,0.33,0.35,43000
NMRX,20090730,5.3,5.5,5.3,5.5,3100
NNBR,20090730,2.21,2.29,2.1,2.15,37600
NOVN,20090730,16.53,16.55,16.5,16.54,212600
NRIM,20090730,14.06,14.69,13.83,14.61,13900
NSEC,20090730,8,8,8,8,200
NSIT,20090730,10.14,10.68,9.71,10.42,231900
NSSC,20090730,1.25,1.3,1.25,1.29,8800
NSYS,20090730,2.75,2.75,2.75,2.75,100
NTAP,20090730,23.29,23.88,22.94,23.05,6116200
NTCT,20090730,10.27,10.61,9.65,10.14,233700
NTES,20090730,42.02,43.68,41.71,42.83,1860000
NTGR,20090730,16.58,17.32,16.49,17.11,296600
NTIC,20090730,8.25,8.25,8.25,8.25,0
NTRI,20090730,14.31,14.64,13.77,13.98,1495800
NTRS,20090730,59.56,60.54,58.4,60.04,1913700
NTWK,20090730,10.5,10.7,10.1,10.4,211200
NUAN,20090730,13.67,13.73,13.29,13.31,1911700
NURO,20090730,51.36,51.36,48.24,48.48,35800
NUTR,20090730,12.56,12.99,12.43,12.55,40200
NUVA,20090730,42.53,42.81,41.4,41.58,397400
NVAX,20090730,4.98,5.05,4.33,4.52,11504900
NVDA,20090730,13,13.17,12.77,12.88,11714300
NVEC,20090730,55.98,56.79,52.8,53.54,90600
NVGN,20090730,3.24,3.24,3.1,3.1,26200
NVLS,20090730,19.95,20.29,19.3,19.44,3958400
NVMI,20090730,1.4,1.4,1.23,1.23,900
NWFL,20090730,32.73,32.73,32.2,32.7,3900
NWLI,20090730,128.4,134.95,127.4,134.17,8400
NWPX,20090730,35.91,36.33,33.66,34.21,142200
NWS,20090730,11.69,12.09,11.69,11.93,3395100
NWSA,20090730,10.1,10.52,10.1,10.42,15715900
NXST,20090730,0.71,0.74,0.71,0.74,10900
NXTM,20090730,5.39,5.58,5.34,5.5,48500
NYMT,20090730,5.94,6.05,5.8,5.81,47400
NYMX,20090730,4.73,4.9,4.61,4.85,12100
NYNY,20090730,10.05,10.9,9.65,10,225600
OBAS,20090730,5.2,5.7,5.2,5.65,1800
OBCI,20090730,0.97,1,0.97,0.99,62200
OCFC,20090730,11.85,12.48,11.41,12.43,29200
OCLR,20090730,3,3,2.85,2.9,318900
OCLS,20090730,88.55,90.3,84,85.75,437600
ODFL,20090730,14.48,14.7645,14.32,14.6089,403000
OESX,20090730,3.43,3.49,3.41,3.48,45700
OFIX,20090730,24.4,25.04,23.84,24.03,69000
OFLX,20090730,17.39,17.39,16.57,17.11,4800
OGXI,20090730,28.61,29.77,28.02,28.7,83500
OIIM,20090730,5.38,5.5,5.14,5.48,116100
OKSB,20090730,10.08,10.13,9.94,10.06,39700
OLBK,20090730,6,6,6,6,200
OMAB,20090730,10.86,10.95,10.78,10.83,4100
OMCL,20090730,12.18,12.42,11.99,12.17,116900
OMEX,20090730,22.68,23.4,21.6,22.92,369400
ONEQ,20090730,78.11,79.09,78,78,15100
ONVI,20090730,5.76,5.86,5.75,5.75,5600
OPHC,20090730,156,156,156,156,0
OPOF,20090730,17.6,17.6,17,17.44,19000
OPTT,20090730,50,50.1,47.8,47.8,45700
OPXA,20090730,2.04,2.12,2,2.08,27300
OPXAW,20090730,0.07,0.07,0.07,0.07,0
ORBC,20090730,2.07,2.12,2.06,2.1,69200
ORBK,20090730,11.05,11.15,10.75,10.88,76300
OREX,20090730,85,86.1,82,82.4,717100
ORIT,20090730,13.59,13.94,13.58,13.79,15800
ORLY,20090730,40.76,42.92,40.6,42.22,5194200
ORRF,20090730,36.99,37.49,36.4,37.49,7800
OSBC,20090730,4.83,4.95,4.71,4.88,75300
OSBCP,20090730,5.7,5.9,5.7,5.9,800
OSHC,20090730,7,7,7,7,800
OSIR,20090730,12.52,12.88,12.27,12.34,117500
OSIS,20090730,20.58,20.75,19.92,20.06,102500
OSTK,20090730,13.88,14.2,13.33,13.87,83100
OSUR,20090730,2.85,2.97,2.81,2.95,126800
OTEX,20090730,18.485,19.04,18.485,18.67,273700
OTIV,20090730,1.63,1.64,1.55,1.64,14400
OTTR,20090730,24.19,24.44,23.64,23.95,233000
OVBC,20090730,29.49,29.75,29.33,29.56,5900
OVLY,20090730,3.86,3.86,3.86,3.86,0
OZRK,20090730,6.335,6.5,6.2875,6.295,108900
PAAS,20090730,18.86,19.19,18.7,18.73,785500
PACW,20090730,15.81,16.32,15.62,16.05,335500
PAGG,20090730,22.95,23.26,22.85,22.98,7400
PANL,20090730,11.87,12.47,11.76,12.23,218600
PATK,20090730,1.1667,1.3333,0.8533,1,51200
PAYX,20090730,26.96,26.96,26.2,26.36,5312400
PBCT,20090730,16.35,16.6,16.19,16.43,4309500
PBHC,20090730,7.25,7.25,7.25,7.25,0
PBIB,20090730,16.85,17,16.74,16.88,10700
PBIP,20090730,11.95,11.95,11.85,11.95,3900
PCAR,20090730,33.77,35.06,33.39,34.26,5534500
PCBK,20090730,11.05,11.05,10.67,10.74,40900
PCLN,20090730,124,128.64,123.94,126.94,1173500
PCTI,20090730,6.23,6.64,6.18,6.63,55100
PCYO,20090730,3.02,3.09,3.02,3.05,5100
PDCO,20090730,24.99,25.41,24.52,24.89,1598800
PDEX,20090730,0.44,0.44,0.44,0.44,1000
PDFS,20090730,2.45,2.47,2.03,2.37,57400
PDLI,20090730,8.85,8.87,8.69,8.76,4011900
PEBK,20090730,6.46,6.46,6.11,6.11,2500
PEBO,20090730,17.82,18.28,17.58,18.04,22500
PEGA,20090730,14.465,14.955,14.45,14.53,477300
PEIX,20090730,5.55,5.7,5.55,5.55,165400
PENN,20090730,33.31,33.46,31.43,32.31,1294000
PERF,20090730,2.27,2.42,2.27,2.42,200
PERY,20090730,8,8.5,7.6,7.7,166500
PESI,20090730,13.35,13.5,12.6,13,189200
PETS,20090730,18.46,18.74,18.21,18.58,342600
PFBC,20090730,3.83,3.83,3.56,3.61,1600
PFBI,20090730,5.9,6.16,5.9,6,2800
PFBX,20090730,20.54,21.03,19.73,20.13,38900
PFIN,20090730,1.66,1.66,1.63,1.66,20200
PFSW,20090730,1.34,1.34,1.25,1.33,35400
PGC,20090730,19.25,19.25,17.59,18.36,39700
PGNX,20090730,5.47,5.92,5.35,5.73,292900
PGTI,20090730,2.07,2.1,1.91,2.1,9700
PHII,20090730,20.49,21.8,20.28,20.4,9900
PHIIK,20090730,20.77,22.98,20.77,22.26,25200
PHMD,20090730,4.65,4.75,4.35,4.5,6700
PICO,20090730,31,31,30.17,30.38,76100
PKBK,20090730,8.9,8.99,8.9,8.95,1100
PKOH,20090730,5.11,5.54,4.9,5.42,109500
PLAB,20090730,5.22,5.24,4.97,5.08,204500
PLBC,20090730,4.01,4.01,4.01,4.01,0
PLCE,20090730,30.48,32.87,30.24,32.43,2483000
PLPC,20090730,33.63,36.08,33.63,35.28,6900
PLUG,20090730,0.8,0.8,0.76,0.79,237200
PLUS,20090730,15.48,16.4,15.48,16.23,12400
PLXS,20090730,25.35,25.94,24.28,25.27,605800
PMBC,20090730,3.57,3.59,3.5,3.5,11900
PMD,20090730,6.73,6.73,6.69,6.69,5600
PNBK,20090730,27.6,27.6,27.5,27.5,300
PNFP,20090730,14.88,15.75,14.71,15.44,539500
PNNT,20090730,8.02,8.61,7.94,8.28,238700
PNQI,20090730,20.91,21.02,20.9,21.02,1200
PNRA,20090730,54.01,54.84,53.68,54.26,1055600
PNRG,20090730,29.76,29.96,29.76,29.79,1200
PNTR,20090730,3.75,3.75,3.75,3.75,0
PODD,20090730,7.28,7.51,7.01,7.06,133100
POOL,20090730,23.25,23.67,22.65,23.08,690900
POPE,20090730,23.2,23.37,23.15,23.35,1400
POWI,20090730,27.07,27.83,26.94,27.45,448500
POWL,20090730,36.36,36.5,35.64,36.04,26600
PPBI,20090730,4.26,4.26,4.26,4.26,0
PPHM,20090730,0.78,0.82,0.78,0.8,608600
PRAA,20090730,14.4167,15.53,14.4167,15.32,320700
PRAN,20090730,8.94,8.94,8.4,8.94,39200
PRCP,20090730,4.15,4.17,4.09,4.1,17200
PRFT,20090730,7.35,7.5,7.26,7.46,243100
PRFZ,20090730,41.86,42.68,41.84,42.12,18800
PRGS,20090730,15.1,15.46,14.9533,15.1667,144300
PRGX,20090730,3.57,3.85,3.5,3.78,290200
PRIM,20090730,7.81,7.81,7.62,7.66,18200
PRKR,20090730,30.8,31.2,29.6,30.3,88400
PROV,20090730,6.74,7.01,6.59,7.01,54600
PRSC,20090730,10.39,11,10.1,10.71,148100
PRTS,20090730,4.85,5.23,4.69,4.72,56400
PRXL,20090730,14.81,15.61,14.5,15.44,646300
PSAU,20090730,30.67,31.15,30.55,31,4000
PSDV,20090730,2.03,2.3,1.63,2.1,52600
PSEC,20090730,10,10.25,9.94,10.03,658200
PSMT,20090730,16.5,17.01,16.13,16.21,130600
PSTI,20090730,1.5,1.5,1.4,1.49,35800
PTEN,20090730,14.42,14.77,14.05,14.17,6139800
PTIE,20090730,4.45,4.54,4.35,4.47,100300
PTNR,20090730,18.76,18.8,18.47,18.52,77800
PTSI,20090730,7.23,7.23,6.75,6.79,1500
PVTB,20090730,24.1,24.66,23.91,24.17,507100
PVTBP,20090730,23.74,24,23.61,23.61,1700
PWOD,20090730,33.02,34.09,33,33.97,25000
PXLW,20090730,1.66,1.66,1.57,1.61,73700
PZZA,20090730,13.21,13.265,12.97,13.085,188800
QABA,20090730,21.18,21.46,21.18,21.39,5600
QBAK,20090730,12.96,13.08,12.9,13.08,13900
QCLN,20090730,14.9,15.17,14.9,14.95,9400
QCOM,20090730,46.7,47.45,46.38,46.52,15016600
QCRH,20090730,10.48,10.5,10.05,10.25,3400
QDEL,20090730,15.04,15.35,14.89,14.95,206300
QGEN,20090730,18.87,18.95,18.68,18.73,693600
QLTI,20090730,3.15,3.4,3.05,3.34,511600
QQEW,20090730,16.87,17.08,16.81,16.81,92900
QQQ,20090730,39.74,40.18,39.51,39.57,108969800
QQQX,20090730,14.21,14.65,14.04,14.38,100900
QQXT,20090730,15.53,15.54,15.36,15.37,3400
QSII,20090730,27.25,28.67,27.25,27.585,1047100
QTEC,20090730,17.77,17.87,17.52,17.55,44200
QUIK,20090730,1.21,1.26,1.19,1.25,61000
RADA,20090730,5.04,5.4,5.04,5.3,4800
RAIL,20090730,20.3,20.58,20.03,20.12,156100
RAND,20090730,3.36,3.66,3.36,3.66,300
RAVN,20090730,14.52,15.18,14.16,14.725,56200
RBCAA,20090730,23.55,24.96,23.02,24.04,80800
RBCN,20090730,10.6,12.59,10.52,11.7,321600
RBPAA,20090730,1.97,2.04,1.97,2.01,4600
RCII,20090730,21.01,21.18,20.67,20.81,868100
RCKY,20090730,3.8,4,3.75,3.75,9100
RCMT,20090730,2.2,2.23,2.11,2.21,25400
RCON,20090730,6,6.1,5.13,5.57,406200
RDCM,20090730,0.49,0.5,0.42,0.42,6500
RDNT,20090730,3,3.18,2.77,2.99,363800
RDWR,20090730,4.245,4.525,4.23,4.45,116700
RECN,20090730,15.01,15.29,14.79,15.11,581000
REFR,20090730,3.85,4.06,3.85,3.94,19300
REGN,20090730,21.29,22,21.29,21.88,592300
REIS,20090730,4.99,4.99,4.79,4.8,2100
RELL,20090730,3.78,3.8,3.71,3.71,8000
RELV,20090730,21.49,21.63,20.65,20.65,9300
REXX,20090730,5.69,5.97,5.51,5.93,323400
RFIL,20090730,2.14,2.14,2.14,2.14,0
RGCO,20090730,13,13.005,13,13,300
RGEN,20090730,5.38,5.51,5.32,5.45,83100
RGLD,20090730,39.94,40.3,39.46,39.6,407500
RICK,20090730,7.47,7.65,7.41,7.46,82100
RIGL,20090730,9.43,9.5,8.94,8.98,915200
RLOG,20090730,2.85,3,2.63,2.98,9200
RMBS,20090730,16.39,17.35,16.33,17.13,3357600
RMCF,20090730,8.12,8.3,7.66,8.28,36000
RMTI,20090730,8.7,8.99,8.54,8.94,45700
RNST,20090730,14.4,14.78,14.15,14.67,100600
RNWK,20090730,3.04,3.12,2.96,3.06,534200
ROCK,20090730,7.7,7.87,7.41,7.76,141300
ROIA,20090730,0.6,0.6,0.59,0.59,800
ROIAK,20090730,0.33,0.35,0.31,0.33,98300
ROLL,20090730,23.43,24.45,23.02,23.86,85600
ROSG,20090730,43.95,45.75,43.95,45.75,19900
ROST,20090730,11.1925,11.4375,11.0725,11.085,1481100
RPRX,20090730,2.65,2.74,2.46,2.5,1324400
RRGB,20090730,19.1,19.46,19.05,19.17,213900
RSYS,20090730,7.79,8.17,7.51,7.96,285800
RTIX,20090730,4.38,4.68,4.3,4.52,230400
RUSHA,20090730,12.78,13.54,12.61,13.15,85100
RUSHB,20090730,11.55,11.55,11.3,11.32,2100
RUTH,20090730,3.61,3.65,3.37,3.56,146300
RVSB,20090730,3.27,3.27,3.27,3.27,0
RXII,20090730,47.2,47.2,41.9,42.7,28400
RYAAY,20090730,27.97,28.32,27,27.86,629000
SAAS,20090730,3.85,3.94,3.78,3.86,190500
SAFM,20090730,40.65,41.19,39.98,40.19,517000
SAFT,20090730,32.95,33.5,32.47,33.06,43700
SAIA,20090730,10.56,11.1867,10.56,10.8133,143500
SALM,20090730,0.9,0.9,0.9,0.9,2100
SANM,20090730,0.57,0.6,0.57,0.59,2274300
SASR,20090730,16.02,16.5,15.62,16.24,33500
SATS,20090730,14.86,15.08,14.8,14.83,497500
SBAC,20090730,25.69,26.38,25.48,26.06,2696800
SBBX,20090730,3.79,5.06,3.6,3.62,22400
SBCF,20090730,11.05,11.2,10.65,10.65,45700
SBGI,20090730,1.7,1.87,1.69,1.85,372300
SBLK,20090730,284.25,284.25,264,266.25,954700
SBNY,20090730,30.19,30.19,29.08,29.75,315300
SBSA,20090730,0.19,0.2,0.17,0.2,51200
SBSI,20090730,21.9048,21.9048,21.4667,21.8857,49400
SBUX,20090730,8.72,8.92,8.63,8.815,13892800
SCHL,20090730,22.54,22.77,21.72,22.57,210800
SCHN,20090730,50.23,52.27,50.06,51.72,493000
SCKT,20090730,3,3.09,2.8,3.06,2000
SCLN,20090730,3.4,3.63,3.15,3.59,469500
SCMP,20090730,6.49,6.56,6.42,6.51,27800
SCON,20090730,581.4,716.4,581.4,648,359000
SCOR,20090730,14.63,14.85,14.31,14.75,131600
SCSC,20090730,28.75,29.52,28.74,29.2,243300
SCSS,20090730,2.09,2.15,1.98,2.08,731800
SCVL,20090730,8.32,8.74,7.8533,8.6,46900
SEAC,20090730,9.19,9.29,9.13,9.23,146100
SEED,20090730,4.5,4.58,4.37,4.43,73500
SEIC,20090730,19.1,19.43,18.94,19.16,712800
SENEA,20090730,24.25,25.16,24.2,24.94,158900
SENEB,20090730,24.05,24.05,24.05,24.05,0
SFLY,20090730,14.51,15.85,14.09,15.75,482700
SFNC,20090730,30.29,30.68,29.84,30.14,58600
SFST,20090730,7.24,7.24,7.24,7.24,0
SGC,20090730,8.33,8.33,8.33,8.33,100
SGEN,20090730,12.48,12.78,12.12,12.2,1320100
SGMA,20090730,2.17,2.24,2.05,2.05,9400
SGMO,20090730,5.72,5.86,5.48,5.68,299300
SGMS,20090730,15.92,16.57,15.8,16.21,1140200
SGRP,20090730,0.43,0.44,0.42,0.43,8100
SHBI,20090730,20.3,20.33,19.83,20.02,17600
SHEN,20090730,10.06,10.75,9.82,10.37,73900
SHIP,20090730,18.7,18.7,18.65,18.7,700
SHIPW,20090730,0.22,0.22,0.2,0.22,25900
SHLD,20090730,67.52,68.91,66.69,66.97,924200
SHLM,20090730,21.07,21.65,21.01,21.49,259800
SHLO,20090730,4.91,4.91,4.91,4.91,0
SHOO,20090730,9.1555,10.2755,9.12,9.4193,1785800
SHOR,20090730,8.99,9.22,8.72,8.88,104000
SIEB,20090730,1.85,1.85,1.78,1.78,200
SIFI,20090730,4.62,4.62,4.62,4.62,9700
SIFY,20090730,1.88,1.91,1.8,1.8,96200
SIGI,20090730,15.04,15.28,14.58,15.01,278900
SIGM,20090730,16.68,17.16,16.49,16.58,442300
SILC,20090730,7.86,8,7.62,7.87,19400
SIMO,20090730,3.95,3.95,3.61,3.73,455700
SINA,20090730,33.12,34.05,33.12,33.55,957200
SINO,20090730,2.99,3.07,2.95,2.99,7200
SIRI,20090730,0.43,0.43,0.42,0.42,15426900
SIVB,20090730,35.71,35.91,35.02,35.53,502500
SIVBO,20090730,17.85,18.5,17.15,18.25,5300
SKYW,20090730,12.49,12.76,12.16,12.62,281700
SLAB,20090730,43.02,43.38,42.29,42.42,1026700
SLGN,20090730,25.455,25.74,25.005,25.19,284600
SLMAP,20090730,30.05,30.7,30.05,30.3,4100
SLP,20090730,1.55,1.57,1.52,1.52,41200
SMBC,20090730,5.665,6,5.655,5.975,1400
SMCI,20090730,8,8.17,7.93,8,56500
SMED,20090730,8.93,9,8.78,8.85,85400
SMIT,20090730,4.15,4.15,4.15,4.15,0
SMMF,20090730,7.41,7.41,7.41,7.41,0
SMRT,20090730,10.75,11.26,10.55,11.15,400600
SMSI,20090730,47,47.84,46.12,46.4,390900
SMTC,20090730,18.7,19,18.41,18.57,508500
SMTX,20090730,0.75,0.85,0.75,0.76,3100
SNAK,20090730,2.46,2.59,2.44,2.56,33300
SNBC,20090730,22.7,23.05,22.2,22.5,220800
SNCR,20090730,13.54,13.55,13.01,13.27,207700
SNFCA,20090730,2.47,2.47,2.47,2.47,0
SNHY,20090730,11.76,12.02,11.66,11.7933,71000
SNMX,20090730,2.74,2.79,2.67,2.7,20800
SNPS,20090730,20.04,20.28,19.94,19.94,1356100
SNSS,20090730,2.28,2.46,2.16,2.4,293900
SOFO,20090730,0.62,0.64,0.62,0.63,13500
SOHU,20090730,61.63,63.9,61.62,62.48,997700
SONA,20090730,8.02,8.02,8.02,8.02,0
SONC,20090730,10.72,10.99,10.6,10.88,504500
SONS,20090730,9.8,10.35,9.15,9.6,6110600
SORL,20090730,4,4.11,3.9,4.04,11600
SPAN,20090730,12,12.2,11.99,12.2,1800
SPAR,20090730,6.95,7.21,6.85,7.03,492900
SPEX,20090730,630.8,630.8,513,516.8,37300
SPIL,20090730,6.83,6.97,6.73,6.76,2604400
SPLS,20090730,21.08,21.41,20.91,20.95,15477200
SPNC,20090730,5.23,5.25,5.04,5.15,135200
SPNS,20090730,0.96,0.96,0.96,0.96,500
SPPI,20090730,6.71,6.81,6.65,6.69,801500
SPRT,20090730,2.24,2.32,2.22,2.28,276800
SPTN,20090730,13.04,13.43,12.89,13.11,267200
SRCE,20090730,16.65,17.24,16.4,16.95,30300
SRCL,20090730,52.45,52.59,51,51.41,827800
SRDX,20090730,22.23,23.02,21.63,22.42,241500
SSBI,20090730,6.8,6.8,6.8,6.8,100
SSFN,20090730,9.4,9.4,9.4,9.4,0
SSRI,20090730,19,19.33,18.84,19.01,589200
SSYS,20090730,14.58,15.66,14.35,15.35,162200
STAA,20090730,2.8,2.8,2.37,2.54,318400
STBA,20090730,13.23,14.13,13.12,13.78,212500
STEM,20090730,21.24,21.48,20.52,20.88,1266000
STFC,20090730,17.26,17.47,17.08,17.28,34300
STKL,20090730,2.24,2.24,2.21,2.22,139800
STLD,20090730,16.17,16.74,16,16.12,10494300
STLY,20090730,11.21,11.55,11.11,11.2,26500
STMP,20090730,9.43,9.63,9.15,9.28,70200
STRA,20090730,214.39,219.5,210,212.35,319800
STRL,20090730,16,16.33,15.82,16.07,266300
STRM,20090730,2.77,2.79,2.72,2.75,8200
STRS,20090730,5.05,5.15,5.04,5.15,5200
STRT,20090730,14.72,15.21,14.58,14.58,27600
STX,20090730,12.38,12.42,12.16,12.21,13182000
SUMR,20090730,2.52,2.66,2.35,2.55,23400
SVBI,20090730,2.92,2.92,2.72,2.73,3200
SWHC,20090730,6.5,6.69,6.16,6.2,1870000
SWIR,20090730,6.99,7.38,6.66,7.36,486600
SWKS,20090730,12.2,12.75,12.08,12.17,4570600
SYBT,20090730,16.5133,16.86,16.1933,16.4867,53500
SYKE,20090730,20.16,20.57,19.72,20.25,187700
SYMC,20090730,15.45,15.6,14.73,14.78,85061200
SYMX,20090730,1.01,1.01,0.93,0.95,195600
SYNA,20090730,36.6,37.05,35.6,35.85,3180000
SYNL,20090730,8.3,8.41,8.3,8.41,1400
SYNT,20090730,21.11,21.905,19.93,20.17,534900
SYPR,20090730,1.9,2,1.9,2,900
SYUT,20090730,12.99,13.24,12.99,13.1,41100
TACT,20090730,5.09,5.24,5.08,5.09,4300
TAIT,20090730,0.82,0.82,0.82,0.82,2100
TASR,20090730,5.3,5.47,5.26,5.37,460700
TAST,20090730,6.83,7,6.75,6.81,71800
TAYD,20090730,3.18,3.2,3.18,3.2,6800
TBBK,20090730,6.65,6.79,6.64,6.73,40800
TBNK,20090730,15.1,15.18,15,15.12,29500
TCBI,20090730,16.49,16.8,16.17,16.46,635300
TCBK,20090730,16.9,17.26,16.54,16.92,35100
TCX,20090730,1.68,1.72,1.6,1.68,26400
TEAM,20090730,6.61,6.7,6.31,6.49,5900
TEAR,20090730,1.5,1.5,1.44,1.45,2900
TECD,20090730,35.77,36.83,35.54,36.3,576300
TECH,20090730,65.18,65.54,64.29,64.62,137300
TESO,20090730,10.12,10.12,9.75,9.76,138300
TESS,20090730,9.2933,9.86,9.2933,9.7333,8600
TFSL,20090730,11.09,11.18,11.01,11.16,393600
TGA,20090730,2.99,3.15,2.99,3.11,129200
TGEN,20090730,0.24,0.26,0.24,0.25,77000
THFF,20090730,33,33.35,32.45,33.04,20200
THLD,20090730,1.53,1.6,1.53,1.54,28000
TICC,20090730,4.6,4.81,4.59,4.76,155300
TINY,20090730,6.17,6.37,6.12,6.32,144600
TISA,20090730,0.7,0.7,0.58,0.7,3100
TITN,20090730,11.99,12.4,11.68,12.17,121200
TIVO,20090730,10.35,10.57,10.13,10.44,1066800
TLT,20090730,91.54,93.15,91.23,93,4040600
TNDM,20090730,29.81,30.88,29.42,30.4,282100
TOPS,20090730,130.9,131.6,126,126,19700
TORM,20090730,0.44,0.44,0.44,0.44,3800
TOWN,20090730,13.26,13.5,13.18,13.33,46200
TREE,20090730,10,10,9.48,9.63,122900
TRIB,20090730,4.52,4.63,4.5,4.51,49300
TRMB,20090730,11.895,12.42,11.84,12.31,1847200
TRMK,20090730,19.59,20.01,19.02,19.52,676200
TRNS,20090730,5.49,6,5.49,6,1800
TROW,20090730,46.75,48.47,45.97,46.74,3351500
TRST,20090730,6,6.3,5.96,6.25,445000
TRUE,20090730,4.91,5.1,4.87,4.87,1000
TSBK,20090730,5.4,5.4,4.85,4.85,3600
TSCO,20090730,11.925,12.1925,11.7025,12.05,531900
TSEM,20090730,9.6,9.6,8.55,8.7,441800
TSRA,20090730,28.93,29.89,28.25,28.49,1085800
TSRI,20090730,2.1,2.1,2.1,2.1,400
TTEC,20090730,15.7,17.44,15.7,16.77,1079200
TTEK,20090730,29.88,30.63,29.23,30.27,954600
TTGT,20090730,5.45,5.7,5.32,5.61,37400
TTMI,20090730,9.18,9.72,9.18,9.51,326800
TTWO,20090730,9.5,9.64,9.43,9.51,1788500
TUES,20090730,4.39,4.64,4.26,4.62,120800
TWER,20090730,31,35.8,29.2,30.6,847600
TWIN,20090730,8.8,9.13,8.65,8.9,47600
TWMC,20090730,1.05,1.1,1.05,1.1,1500
TXN,20090730,24.38,24.82,24.1,24.15,21394600
TXRH,20090730,11,11.1,10.84,10.93,748000
TYPE,20090730,7.48,7.71,7.38,7.5,159000
TZOO,20090730,13.88,14.2,13.46,13.96,28100
UBCP,20090730,7.9,7.9,7.85,7.9,1200
UBFO,20090730,4.61,4.79,4.58,4.58,7000
UBNK,20090730,13.51,13.69,13.26,13.32,43300
UBOH,20090730,12,12,11.35,11.99,700
UBSH,20090730,15.19,16.28,14.96,16.14,26000
UBSI,20090730,18.5,20.37,18.5,20.19,315400
UCBA,20090730,5.81,5.81,5.81,5.81,0
UCBI,20090730,6.1,6.49,6.03,6.29,145200
UCFC,20090730,1.52,1.62,1.27,1.31,189900
UCTT,20090730,3.88,4.1,3.83,3.96,151500
UEIC,20090730,21.04,21.99,20.51,21.45,38200
UEPS,20090730,16.84,16.99,16.6,16.82,516200
UFCS,20090730,16.78,17.03,16.56,17.01,167900
UFPI,20090730,44.97,45.27,43.68,44.58,416300
UFPT,20090730,4.59,4.75,4.59,4.69,13800
UG,20090730,9.19,9.36,9.19,9.36,1000
UHAL,20090730,45.36,46.86,44.17,45.66,66000
ULBI,20090730,5.9,5.98,5.41,5.87,305300
ULTA,20090730,11.46,11.62,11.19,11.52,131600
ULTI,20090730,24.3,25.59,24.2,25.23,443100
UMBF,20090730,41.32,42.1,40.65,41.73,219500
UMPQ,20090730,9.52,9.85,9.27,9.72,538600
UNAM,20090730,8.11,8.11,8.11,8.11,0
UNB,20090730,15.25,15.25,15.25,15.25,0
UNFI,20090730,26.94,27.52,26.3,27.23,338000
UNTY,20090730,4.47,4.47,4.25,4.38,9500
URBN,20090730,23.08,24.01,23.01,23.52,3523900
URRE,20090730,126,129.6,121.2,123.6,356800
USAK,20090730,14.59,14.96,13.76,14.43,58800
USAP,20090730,17.04,18.1,17.04,18,31200
USAT,20090730,1.89,1.89,1.78,1.78,370600
USATP,20090730,9.75,9.75,9.75,9.75,0
USEG,20090730,12.54,12.78,12.54,12.6,178700
USLM,20090730,43.62,43.62,41.96,42.44,4600
UTEK,20090730,12.25,12.26,11.71,11.95,291900
UTHR,20090730,43.42,48.35,42.77,47.795,4585000
UTMD,20090730,28.74,28.75,27.76,28.75,5200
UTSI,20090730,5.13,5.34,4.89,5.19,558500
UVSP,20090730,25.24,26.87,24.79,26.41,27900
VALU,20090730,31.54,33.07,31.54,33.07,2600
VASC,20090730,8.54,8.54,8.1,8.17,129200
VBFC,20090730,88,95.36,88,88,600
VDSI,20090730,7.58,7.68,7.4,7.47,106500
VECO,20090730,20.11,20.11,19.26,19.43,478700
VIA,20090730,24.87,25.46,24.67,25.05,56300
VIAB,20090730,23.46,23.86,23.18,23.66,5830800
VICL,20090730,40.5,40.6,36.8,37.9,1800400
VICR,20090730,7.47,7.65,7.1,7.57,77100
VIRC,20090730,3.07,3.07,3.07,3.07,0
VISN,20090730,129.6,133.2,129.6,131.6,193900
VIVO,20090730,22.16,22.27,21.8,22.03,443400
VLGEA,20090730,29.67,29.75,29.4,29.59,10300
VNDA,20090730,14.95,15.9,14.95,15.18,449500
VOD,20090730,20.1,20.31,20.08,20.18,5786600
VOXX,20090730,7.33,7.84,7.02,7.76,64800
VRSN,20090730,20.49,20.65,20.3,20.53,4861400
VRTB,20090730,9.76,9.76,9.76,9.76,0
VRTS,20090730,15.83,16.29,15.11,15.43,51000
VRTU,20090730,9.4,9.4,8.52,8.87,61600
VRTX,20090730,36.59,36.74,35.89,36.09,1257900
VSAT,20090730,26.75,27.74,26.67,27.17,134100
VSEC,20090730,13.425,14.065,13.425,13.85,20800
VVUS,20090730,7.37,7.67,7.33,7.42,636800
WABC,20090730,51.62,52.45,50.23,52.17,175800
WAFD,20090730,14.08,14.18,13.84,14,615800
WASH,20090730,18.32,19.09,18.32,18.71,51300
WAYN,20090730,6,6,6,6,0
WBMD,20090730,31.2,31.62,30.69,31.26,22400
WDC,20090730,30.4,31.1,30.35,30.47,4970200
WDFC,20090730,31.33,31.5,30.66,30.96,52000
WERN,20090730,17.91,18.19,17.67,17.94,1440100
WEYS,20090730,24.6,24.6,22.74,24.24,28100
WFM,20090730,12.21,12.57,12.08,12.195,2652500
WILC,20090730,3.17,3.2,3.17,3.2,900
WINA,20090730,18,18.5,17.46,18.5,19400
WIRE,20090730,21.71,22.25,21.57,21.96,124800
WLDN,20090730,1.75,1.75,1.63,1.75,7900
WLFC,20090730,13.92,14.5,13.9,14,21000
WMAR,20090730,7.55,9.06,7.55,8.38,362300
WMGI,20090730,14.16,14.4,13.81,13.88,799600
WOOD,20090730,32.76,34.25,32.76,33.23,18000
WOOF,20090730,25.9,26.41,25.64,25.88,686100
WPCS,20090730,469.7,469.7,446.6,458.92,17200
WPPGY,20090730,36.87,37.59,36.84,37.22,220800
WPRT,20090730,8.71,8.98,8.68,8.78,98900
WRLD,20090730,25.67,26.7,24.89,25.04,572400
WSBC,20090730,16.51,17.18,16.51,16.77,60600
WSBF,20090730,5.23,5.52,4.96,5.52,28000
WSCI,20090730,2.24,2.24,2.08,2.08,4300
WSFS,20090730,9.31,9.3733,8.8733,8.97,16900
WSTG,20090730,7.18,7.27,7.18,7.27,3000
WSTL,20090730,1.16,1.31,1.16,1.2,734500
WTBA,20090730,5.66,6.25,5.45,6.21,21800
WTFC,20090730,22.84,24.98,22.5,24.39,1014200
WVFC,20090730,15.96,15.96,15.96,15.96,0
WVVI,20090730,3.4,3.4,3.4,3.4,0
WYNN,20090730,47.6,51.48,47.26,50.15,9956500
XLNX,20090730,21.82,22.2,21.57,21.64,8033100
XOMA,20090730,19.8,20,18,18.6,4299400
XRAY,20090730,32.88,36.08,32.49,33.73,5437700
XXIA,20090730,7.56,7.74,7.47,7.7,113300
YHOO,20090730,15.13,15.14,14.24,14.6,100888900
YORW,20090730,17.57,17.95,17.57,17.8,26200
YRCW,20090730,1.66,1.71,1.59,1.69,4458600
ZBRA,20090730,25.29,25.41,24.78,24.8,242300
ZEUS,20090730,22.67,25.44,21.54,25.01,549800
ZION,20090730,12.82,13.74,12.81,13.46,6432200
ZIOP,20090730,1.95,2.07,1.81,1.81,213900
ZIXI,20090730,1.68,1.7,1.62,1.67,308300
ZUMZ,20090730,9.16,9.94,9,9.53,227100
