<ticker>,<date>,<open>,<high>,<low>,<close>,<vol>
AAME,20130521,3.65,3.65,3.39,3.63,32200
AAON,20130521,14.3422,14.6311,14.3333,14.4489,41600
AAPL,20130521,62.5929,63.64,62.0286,62.8086,16296300
AAWW,20130521,46.2,46.7,46.04,46.52,165900
AAXJ,20130521,60.98,61.29,60.8,61.18,468700
ABAX,20130521,44.77,44.77,44.02,44.22,289600
ABCB,20130521,16.39,16.5,16.39,16.45,7700
ABCD,20130521,1.17,1.2,1.15,1.2,3700
ABCO,20130521,50.2,51.59,49.96,51.15,289500
ABIO,20130521,16.73,18.2,16.45,17.57,56000
ABMD,20130521,23.18,23.18,22.83,22.97,327300
ABTL,20130521,4.18,4.65,4.18,4.55,101500
ACAD,20130521,14.25,14.55,13.5,13.79,3446300
ACAS,20130521,14.44,14.5,14.35,14.41,2145300
ACAT,20130521,46.99,47.78,46.78,47.71,144200
ACET,20130521,11.9,12.04,11.76,11.79,75200
ACFC,20130521,5.37,5.49,5.23,5.23,13800
ACGL,20130521,53.46,53.53,52.56,52.74,634300
ACHC,20130521,33.06,33.6,31.83,32.07,768700
ACHN,20130521,7.57,7.83,7.5,7.75,1220800
ACIW,20130521,15.0833,15.2333,15.0467,15.1167,339200
ACLS,20130521,6.04,6.32,5.96,6,553200
ACNB,20130521,16.8,16.87,16.65,16.87,1900
ACOR,20130521,32.07,32.46,31.74,32.4,384000
ACPW,20130521,4.44,4.55,4.38,4.4,43700
ACRX,20130521,7.12,7.42,6.33,6.4,1920700
ACST,20130521,26.6,26.7,26,26.7,13100
ACTG,20130521,24.56,24.69,24.19,24.36,317900
ACTS,20130521,3,3.06,3,3.06,65400
ACUR,20130521,2.43,2.43,2.24,2.3,527800
ACWI,20130521,53.84,54.17,53.71,54.03,1459000
ACWX,20130521,45.12,45.43,44.99,45.31,283600
ACXM,20130521,21.54,21.81,21.51,21.74,265000
ADBE,20130521,44.21,44.48,43.89,44.02,1828100
ADES,20130521,16.95,17.32,16.8,17.075,74900
ADI,20130521,46.68,46.88,46.11,46.56,2496900
ADP,20130521,62.3618,62.7129,62.1685,62.3618,1959200
ADRA,20130521,29.43,29.57,29.43,29.57,2900
ADRD,20130521,23.24,23.32,23.24,23.32,10500
ADRE,20130521,39.3,39.31,38.94,39.24,33700
ADRU,20130521,22.52,22.63,22.52,22.63,800
ADSK,20130521,37.05,37.63,36.87,37.48,3278800
ADTN,20130521,22.83,22.95,22.57,22.75,786400
ADUS,20130521,15.65,15.91,15.65,15.66,98600
AEGN,20130521,23.56,23.79,23.3,23.62,164800
AEGR,20130521,60.2,61.19,59.5,60.02,350600
AEHR,20130521,1.28,1.29,1.27,1.29,300
AEIS,20130521,18.84,19.22,18.79,18.93,395900
AEPI,20130521,84.74,85.22,84.21,84.43,7800
AETI,20130521,6.22,6.22,5.91,6.11,39800
AEY,20130521,2.25,2.25,2.21,2.22,5200
AEZS,20130521,209,212,205,208,134400
AFAM,20130521,19.55,19.67,19.5,19.57,14900
AFH,20130521,7.35,7.35,7.2,7.25,23300
AFSI,20130521,16.15,16.24,16.05,16.125,268300
AGEN,20130521,4.11,4.16,4,4.01,149300
AGII,20130521,44.36,44.36,43.07,43.58,103200
AGIIL,20130521,25.4,25.59,25.4,25.5,5700
AGNC,20130521,29,29,28.45,28.55,9797000
AGNCP,20130521,26.85,26.85,26.65,26.68,29700
AGYS,20130521,11.74,11.78,11.6,11.66,20200
AHGP,20130521,62.35,65.49,62.11,65.47,82700
AHPI,20130521,2.47,2.58,2.45,2.57,1500
AIMC,20130521,29.17,29.41,28.48,28.64,376700
AINV,20130521,8.75,8.81,8.73,8.76,2302100
AIQ,20130521,12.53,12.7,12.41,12.7,19900
AIRM,20130521,34.44,35.89,34.4,35.61,463600
AIRT,20130521,10,10.25,10,10.09,2100
AIXG,20130521,16.87,17,16.69,16.89,284100
AKAM,20130521,47.85,47.99,47.06,47.28,1957100
AKRX,20130521,14.87,14.97,14.65,14.83,259600
ALCO,20130521,45.51,45.74,45.32,45.32,2900
ALGN,20130521,37.68,38.51,37.17,38.16,765300
ALGT,20130521,93.81,94.11,92.26,92.75,105500
ALIM,20130521,4.23,4.45,4.22,4.42,70300
ALKS,20130521,30.56,32.34,30.38,31.98,1294300
ALLT,20130521,13.54,13.54,13,13.12,425900
ALNY,20130521,27.56,28.23,27.38,28.03,211500
ALOG,20130521,82.57,82.79,81.05,81.32,28300
ALOT,20130521,10.6,10.65,10.55,10.6,3700
ALSK,20130521,1.89,1.91,1.87,1.9,175300
ALXN,20130521,100.52,102.87,100.03,102.67,1020200
AMAG,20130521,24.91,25.2,24.65,25.08,139600
AMAT,20130521,14.83,14.91,14.66,14.67,13246700
AMBA,20130521,17.5,17.9,16.32,16.9,2067300
AMBC,20130521,27.02,27.2,26.21,26.77,537400
AMBCW,20130521,14.25,15.24,14.25,14.7,47400
AMCC,20130521,7.89,7.95,7.71,7.78,124300
AMCN,20130521,1.78,1.92,1.77,1.92,28700
AMCX,20130521,66.08,67.85,66.01,67.72,805500
AMD,20130521,4.15,4.2,3.95,4.02,36560400
AMED,20130521,11.04,11.12,10.95,11.1,233700
AMGN,20130521,102.45,104.68,102.45,104.24,3490300
AMKR,20130521,4.59,4.65,4.54,4.63,655400
AMNB,20130521,21.46,21.73,21.23,21.62,8800
AMOT,20130521,6.75,6.78,6.6,6.6,1500
AMOV,20130521,20.58,20.59,20.2,20.34,10100
AMRB,20130521,7.74,7.85,7.65,7.85,5600
AMRI,20130521,11.2,11.35,10.9,10.91,299700
AMRN,20130521,7.07,7.12,6.9,6.98,1817200
AMRS,20130521,3.04,3.14,3.02,3.06,215100
AMSC,20130521,28,30.6,27.3,30.4,1877600
AMSF,20130521,34.24,34.87,32.77,33.18,132900
AMSG,20130521,36.2,36.2,35.8,35.9,126400
AMSWA,20130521,8.44,8.44,8.34,8.41,9700
AMWD,20130521,34.68,34.95,33.25,33.78,103700
AMZN,20130521,268.74,270.77,267.66,268.86,1741400
ANAT,20130521,98.95,99.3,98.46,98.73,5000
ANCB,20130521,17.1,17.1,17.1,17.1,0
ANCX,20130521,12.7,12.95,12.64,12.95,17500
ANDA,20130521,9.92,9.92,9.92,9.92,0
ANDAU,20130521,10.12,10.12,10.12,10.12,0
ANDAW,20130521,0.2,0.2,0.2,0.2,0
ANDE,20130521,36.1,36.7067,36.06,36.6667,151200
ANGI,20130521,24.46,25.2,24,24.03,494700
ANGO,20130521,10.66,11.14,10.61,10.96,116600
ANIK,20130521,14.35,14.68,14.19,14.45,42000
ANSS,20130521,75.7,75.95,75.29,75.35,201200
ANTH,20130521,4.88,4.88,4.64,4.8,244400
AOSL,20130521,7.91,7.99,7.81,7.84,25400
APEI,20130521,38.9,39.49,38.64,39.16,96200
APOG,20130521,27.74,28.22,27.6,27.82,131300
APOL,20130521,21.36,21.75,21.29,21.48,2750100
APPY,20130521,13.2,13.52,13.2,13.28,41000
APRI,20130521,34.4,34.9,32.4,34.1,787100
APWC,20130521,4,4,4,4,1900
ARAY,20130521,5.3,5.52,5.28,5.51,830600
ARCC,20130521,18.24,18.32,18.11,18.27,1697400
ARCI,20130521,2.19,2.25,2.05,2.11,34300
ARCW,20130521,1.988,1.992,1.98,1.992,500
AREX,20130521,27.19,27.65,26.93,26.94,701000
ARIA,20130521,16.71,17.58,16.68,17.53,3400500
ARII,20130521,34.49,35.1,34.35,34.87,263300
ARKR,20130521,21.41,21.59,20.7,21.25,23000
ARLP,20130521,38.005,38.775,37.61,38.745,90200
ARNA,20130521,7.96,8.04,7.94,7.99,2712200
AROW,20130521,24.81,24.9,24.65,24.84,10200
ARQL,20130521,2.78,2.79,2.76,2.78,208100
ARRS,20130521,16.7,16.85,16.24,16.25,4001900
ARRY,20130521,5.66,5.89,5.66,5.88,635000
ARTNA,20130521,22.52,23.23,22.52,22.75,19300
ARTW,20130521,7.58,8.22,7,7.75,14900
ARTX,20130521,1.28,1.29,1.2,1.22,34600
ARWR,20130521,2.14,2.21,2.14,2.21,49400
ASBB,20130521,16.42,16.44,16.42,16.44,200
ASCMA,20130521,74,74.31,73.32,73.79,13300
ASFI,20130521,9.13,9.28,8.86,9.27,44600
ASML,20130521,80.63,80.88,80.24,80.67,1072400
ASNA,20130521,20.09,20.3,20.03,20.21,697800
ASPS,20130521,95.81,97.29,95.47,96.01,215200
ASRV,20130521,3.02,3.04,3,3.03,159200
ASRVP,20130521,26.7,26.7,26.7,26.7,0
ASTC,20130521,0.79,0.79,0.75,0.75,4000
ASTE,20130521,35.48,35.72,35.24,35.47,46000
ASUR,20130521,5.89,5.95,5.89,5.94,6500
ASYS,20130521,4.51,4.7,4.2,4.7,152300
ATAI,20130521,3.97,3.97,3.97,3.97,200
ATAX,20130521,6.9,6.96,6.9,6.93,103700
ATEC,20130521,23.16,23.4,22.68,23.4,58000
ATHN,20130521,85.69,86.99,85.31,86.37,482600
ATHX,20130521,1.94,1.95,1.86,1.86,356600
ATLC,20130521,3.69,3.9,3.57,3.65,8100
ATLO,20130521,20.5,20.62,20.35,20.45,6100
ATNI,20130521,49.89,50.03,49.3,49.57,21500
ATOS,20130521,76.05,79.05,75.75,76.35,86100
ATRC,20130521,9.01,9.24,8.9,8.99,67700
ATRI,20130521,209.99,212.75,209.99,211.03,2200
ATRO,20130521,27.0167,27.65,26.85,27.6333,30000
ATRS,20130521,4.11,4.13,4.02,4.06,827800
ATSG,20130521,6.09,6.18,6.01,6.11,91300
ATTU,20130521,5.71,6.12,5.71,5.93,109900
ATVI,20130521,15.11,15.63,15.09,15.57,9320000
AUBN,20130521,21.63,21.99,21.52,21.67,1900
AUDC,20130521,4.04,4.09,3.97,4.04,93900
AVAV,20130521,20.65,20.81,20.19,20.3,164800
AVEO,20130521,2.94,3.01,2.88,2.9,1256200
AVGO,20130521,34.61,35.13,34.44,35.09,2074200
AVHI,20130521,12.98,13.08,12.88,12.94,6200
AVID,20130521,6.91,6.91,6.74,6.87,78600
AVNW,20130521,32.04,32.28,31.68,32.16,97100
AWRE,20130521,5.14,5.29,5.06,5.1,188900
AXAS,20130521,2.49,2.49,2.44,2.48,386000
AXDX,20130521,7.73,8.8,7.62,8.55,106900
AXTI,20130521,2.8,2.93,2.78,2.93,204500
AZPN,20130521,30.65,30.81,30.44,30.59,624600
BABY,20130521,14.48,15.11,14.26,15.11,340300
BANF,20130521,43.09,43.15,42.9,42.98,9200
BANFP,20130521,27,27,27,27,0
BANR,20130521,33.73,33.76,33.33,33.74,81800
BASI,20130521,1.49,1.49,1.41,1.47,34200
BBBY,20130521,67.36,68.79,67.24,68.54,2048400
BBGI,20130521,7.74,7.75,7.29,7.67,3000
BBOX,20130521,26.56,26.68,26.36,26.6,52100
BBRG,20130521,18.19,18.39,17.73,18.33,213400
BBRY,20130521,15.01,15.04,14.65,14.77,14376000
BBSI,20130521,58.44,59.41,58,58.53,45900
BCBP,20130521,10.18,10.2,10.16,10.2,4400
BCOM,20130521,7.36,7.75,7.36,7.55,1900
BCOR,20130521,18.02,18.3,17.81,17.99,393100
BCOV,20130521,7.84,7.84,7.43,7.5,341000
BCPC,20130521,46.31,46.47,45.79,46.05,37700
BCRX,20130521,1.71,1.72,1.66,1.7,804900
BDE,20130521,9,9.06,8.82,8.93,160300
BDGE,20130521,21.37,21.42,21.31,21.32,5800
BDSI,20130521,4.5,4.5,4.3,4.34,295200
BEAT,20130521,2.75,2.83,2.75,2.79,127800
BEAV,20130521,63.5,63.74,62.97,63.11,456000
BEBE,20130521,5.44,5.44,5.32,5.41,426400
BECN,20130521,40.47,40.47,39.7,39.86,387500
BELFA,20130521,13.79,13.79,13.79,13.79,300
BELFB,20130521,15.34,15.63,15.22,15.56,14200
BFIN,20130521,8.32,8.32,8.14,8.25,5500
BGCP,20130521,5.79,5.8,5.71,5.74,611500
BGFV,20130521,20.7,21.09,20.7,20.93,297600
BIB,20130521,24.72,25.175,24.375,24.8875,35900
BICK,20130521,24.4,24.47,24.34,24.44,4600
BIDU,20130521,100.3,100.4,97.83,99.03,4906900
BIIB,20130521,226.17,234.2,226,231.33,1364400
BIOL,20130521,4.81,4.85,4.59,4.72,595800
BIOS,20130521,13.61,13.9,13.5,13.68,518400
BIS,20130521,36.7,36.8,35.65,35.92,5300
BJRI,20130521,38.54,38.94,38.48,38.87,402000
BKCC,20130521,10.23,10.24,10.15,10.21,415700
BKEP,20130521,8.81,8.83,8.7,8.7,15600
BKEPP,20130521,9,9,9,9,2000
BKMU,20130521,5.48,5.53,5.39,5.52,125000
BKSC,20130521,12.64,12.85,12.64,12.85,6200
BLDP,20130521,1.15,1.22,1.11,1.16,821800
BLDR,20130521,6.86,7.01,6.86,6.92,300000
BLIN,20130521,5.4,5.95,5.3,5.95,64100
BLKB,20130521,30.31,30.51,29.59,29.6,823000
BLMN,20130521,21.49,21.62,21.14,21.2,732700
BLMT,20130521,13.68,13.75,13.44,13.53,29900
BLRX,20130521,1.78,1.78,1.74,1.75,50000
BMRC,20130521,39.98,40.29,39.18,40.11,17500
BMRN,20130521,63.37,65.11,62.71,65,1806100
BMTC,20130521,23.44,23.94,23.21,23.31,37600
BNCL,20130521,8.84,8.95,8.79,8.9,159000
BNCN,20130521,10.74,10.74,10.35,10.51,17600
BNSO,20130521,1.44,1.49,1.44,1.48,6800
BOBE,20130521,46.21,46.45,45.92,46.37,110800
BOCH,20130521,5,5.09,4.98,4.98,5800
BOFI,20130521,10.165,10.1925,10.0375,10.0775,66000
BOKF,20130521,65.85,65.85,65.26,65.64,80000
BONT,20130521,18.58,19.47,18.47,19.24,407200
BOOM,20130521,16.71,16.73,16.4,16.66,14900
BOSC,20130521,3.62,3.71,3.48,3.49,6500
BOTJ,20130521,7.8,7.82,7.8,7.8,1400
BPFH,20130521,9.89,9.97,9.83,9.92,149000
BPFHP,20130521,25.85,25.95,25.65,25.83,16700
BPFHW,20130521,3.75,3.75,3.75,3.75,1300
BPOP,20130521,30.51,30.66,30.31,30.59,580800
BPOPM,20130521,23.14,23.14,23.14,23.14,500
BPOPN,20130521,24.39,24.56,24.39,24.45,9600
BRCD,20130521,5.56,5.59,5.43,5.49,9580600
BREW,20130521,7.73,7.79,7.55,7.72,25000
BRID,20130521,7.01,7.5,7.01,7.5,400
BRKL,20130521,8.7,8.75,8.67,8.74,172900
BRKR,20130521,16.8,17.85,16.55,17.36,3000000
BRKS,20130521,10.28,10.45,10.2,10.3,415100
BSET,20130521,14.22,14.31,14.04,14.16,18900
BSFT,20130521,28.28,28.82,28.02,28.33,172100
BSPM,20130521,5.18,5.53,4.9,5.53,33900
BSQR,20130521,2.9,2.9,2.8,2.83,15100
BSRR,20130521,13.07,13.19,12.95,13.19,43500
BSTC,20130521,15.77,15.8,15.58,15.79,30700
BUR,20130521,2.55,2.63,2.55,2.62,1300
BUSE,20130521,4.57,4.58,4.49,4.5,46700
BV,20130521,7.48,7.72,7.43,7.5,290700
BVSN,20130521,9.16,9.5,9.04,9.07,42000
BWEN,20130521,4.73,5.05,4.65,4.83,127700
BWINA,20130521,24.5,24.5,24.5,24.5,0
BWINB,20130521,24.3,24.3,24.17,24.18,4800
BWLD,20130521,96.03,97.09,95.96,96.88,303100
BYFC,20130521,0.76,0.8,0.75,0.8,1200
CA,20130521,27.53,27.78,27.38,27.65,3192200
CAAS,20130521,5.31,5.62,5.3,5.53,81700
CAC,20130521,36.55,37.12,36.55,36.6,8900
CACB,20130521,5.75,5.99,5.75,5.99,3600
CACC,20130521,108.37,109.2,108.06,108.16,29900
CADC,20130521,3.48,3.6,3.36,3.36,22100
CAKE,20130521,40.68,40.9,40.54,40.72,273600
CALD,20130521,5.39,5.61,5.33,5.57,230200
CALI,20130521,3.08,3.2,3.06,3.13,25900
CALL,20130521,16,16.14,15.25,15.81,542500
CALM,20130521,21.985,22.42,21.855,22.325,100900
CAMP,20130521,12.09,12.25,12.01,12.14,189600
CAMT,20130521,2.05,2.19,1.91,2.01,457800
CAR,20130521,31.94,32.17,31.58,31.81,1098500
CARB,20130521,10.82,10.94,10.72,10.76,20700
CART,20130521,2.89,2.89,2.65,2.79,700
CARV,20130521,5.2,5.2,5.05,5.05,2200
CARZ,20130521,36.4,36.69,36.38,36.66,46300
CASH,20130521,26.95,27,26.83,26.9,7300
CASM,20130521,1.82,1.92,1.8,1.92,7700
CASS,20130521,45.06,45.72,44.2,44.86,20600
CASY,20130521,62.27,62.99,62.13,62.98,215900
CATM,20130521,29.21,29.24,28.73,29.09,130200
CATY,20130521,20.77,21,20.64,20.93,158600
CAVM,20130521,33.93,34.14,32.99,33.05,1140900
CBAK,20130521,0.73,0.74,0.71,0.71,38200
CBAN,20130521,6.39,6.44,6.39,6.44,500
CBF,20130521,17.95,18.04,17.66,18,234700
CBLI,20130521,31.6,32.4,31.6,31.8,108700
CBMX,20130521,48,49.95,48,49.2,165500
CBMXW,20130521,0.5,0.5,0.5,0.5,0
CBOE,20130521,40.65,40.92,40.58,40.81,265600
CBPO,20130521,26.34,26.59,26.34,26.5,18700
CBRL,20130521,87.23,87.23,86.13,87.15,150600
CBSH,20130521,43.4,43.78,43.17,43.67,290400
CCBG,20130521,11.53,11.79,11.15,11.39,17800
CCCL,20130521,17.92,17.92,17.28,17.6,19300
CCIH,20130521,4.27,4.98,4.27,4.8,256800
CCMP,20130521,36.4,36.92,36.07,36.5,84900
CCNE,20130521,16.77,16.88,16.65,16.73,6100
CCOI,20130521,28.95,29.17,28.77,28.97,150400
CCRN,20130521,5.25,5.31,5.13,5.29,110100
CCUR,20130521,7.01,7.16,6.87,6.94,25200
CCXI,20130521,13.65,13.65,13.25,13.35,26000
CDNS,20130521,14.59,14.81,14.58,14.72,3032800
CDTI,20130521,10.25,11.2,10.25,10.9,176200
CDXS,20130521,2.36,2.46,2.28,2.4,136200
CDZI,20130521,6.07,6.12,5.73,5.81,46900
CECE,20130521,12.32,12.5,12.2,12.36,47100
CECO,20130521,3.06,3.17,3.03,3.05,880800
CELG,20130521,61.62,62.185,61.205,61.75,2401800
CELGZ,20130521,7.4,7.4,7.4,7.4,0
CEMI,20130521,4.5,4.61,4.5,4.58,28800
CEMP,20130521,6.61,6.99,6.6,6.74,32300
CENT,20130521,8.11,8.11,7.96,8.04,51100
CENTA,20130521,7.68,7.71,7.6,7.66,156300
CENX,20130521,9.12,10.08,9,10.01,2381600
CERN,20130521,48.63,49.23,48.395,48.815,505300
CERS,20130521,5.33,5.47,5.26,5.41,491000
CETV,20130521,2.94,3.07,2.9,3.07,809200
CEVA,20130521,16.2,16.33,16.12,16.13,195900
CFBK,20130521,1.4,1.46,1.4,1.46,1400
CFFI,20130521,48.87,50.45,47.45,49.33,15300
CFFN,20130521,12.16,12.16,12.05,12.11,585800
CFNB,20130521,16.36,16.48,16.3,16.35,1400
CFNL,20130521,15.71,15.79,15.55,15.71,126000
CG,20130521,30.24,30.82,30.16,30.76,197700
CGEN,20130521,5.67,5.67,5.5,5.58,67100
CGNX,20130521,22.97,23.185,22.635,22.715,279200
CGO,20130521,14.61,14.7,14.53,14.54,27800
CHCI,20130521,2.88,3.14,2.76,3.03,397600
CHCO,20130521,40.56,40.65,40.13,40.43,36400
CHDN,20130521,81.23,82,80.7,81.89,21600
CHEF,20130521,20.3,20.34,19.96,19.99,115900
CHFC,20130521,26.31,26.77,26.02,26.46,12000
CHFN,20130521,10,10.03,9.99,10.02,113100
CHI,20130521,13.25,13.32,13.23,13.3,240700
CHKE,20130521,13.34,13.58,13.12,13.5,25400
CHKP,20130521,50.57,51.61,50.57,51.43,2362000
CHMG,20130521,33.44,33.5,32.56,33.01,2700
CHNR,20130521,4.03,4.03,4.03,4.03,100
CHRW,20130521,58.33,59.97,58.27,59.87,1829300
CHSCP,20130521,32.9,33.41,32.9,33.02,21300
CHTR,20130521,111.78,114.82,111.37,114,699300
CHUY,20130521,33.54,34.05,33.33,33.92,126700
CHW,20130521,9.22,9.25,9.16,9.16,155900
CHY,20130521,13.41,13.49,13.36,13.47,286000
CIDM,20130521,14.2,14.5,14.2,14.3,17300
CIFC,20130521,8.19,8.19,7.61,7.76,2500
CINF,20130521,49.31,49.47,48.29,48.4,1349800
CISG,20130521,6.39,6.5,6.27,6.33,50900
CIZN,20130521,18.87,18.87,18.87,18.87,200
CJJD,20130521,0.68,0.68,0.6,0.68,16900
CKEC,20130521,16.78,17.01,16.62,17,155600
CLACU,20130521,10,10.02,10,10.02,7300
CLBH,20130521,13.6,13.6,13.32,13.32,19900
CLCT,20130521,13.9,13.9,13.68,13.82,36900
CLDX,20130521,12.43,12.74,12.42,12.61,912500
CLFD,20130521,7.93,8.19,7.77,7.85,32800
CLIR,20130521,9.49,9.73,8.52,9.14,103300
CLMS,20130521,10.95,11.01,10.85,10.9,242900
CLMT,20130521,35.78,36.68,35.65,36.25,371800
CLNE,20130521,14,14.48,13.81,14.3,2317200
CLNT,20130521,3.63,3.95,3.63,3.74,92700
CLRO,20130521,9.23,9.3,9.08,9.28,49200
CLSN,20130521,0.99,0.99,0.92,0.94,2053900
CLUB,20130521,10.72,10.72,10.33,10.36,94300
CLVS,20130521,35.54,36.11,35.05,35.19,73100
CLWT,20130521,2.7,2.79,2.7,2.79,200
CMCO,20130521,18.9,19.18,18.65,18.99,209000
CMCSA,20130521,41.61,42.41,41.53,42.23,12777700
CME,20130521,64.95,65.2,64.25,64.32,1758100
CMLS,20130521,30.88,31.04,30.32,30.8,349500
CMRX,20130521,20.09,20.38,20.09,20.12,11100
CMTL,20130521,26.94,27.07,26.5,26.7,92400
CNBKA,20130521,33.74,35.5,33.63,35.34,6800
CNET,20130521,0.58,0.58,0.51,0.55,19400
CNIT,20130521,2.14,2.16,2.05,2.1,57200
CNMD,20130521,33.86,34.27,33.09,33.24,215100
CNOB,20130521,12.77,12.77,12.43,12.6,20700
CNSL,20130521,18.84,19.04,18.73,18.81,55400
CNTF,20130521,5,5.35,5,5.25,94700
CNTY,20130521,3.15,3.15,3.05,3.08,30500
COBZ,20130521,8.77,8.86,8.66,8.86,30700
COHR,20130521,58.38,58.73,57.84,58.17,81000
COHU,20130521,10.81,11,10.14,10.99,27400
COKE,20130521,61.23,61.5,61.11,61.16,10100
COLB,20130521,21.97,22.1,21.83,22.02,193300
COLM,20130521,30.67,30.925,30.595,30.805,38900
CONE,20130521,22,22.19,21.76,21.93,297400
CONN,20130521,47.83,49.54,47.22,49.34,434800
COOL,20130521,29.4,30.24,29.4,29.4,244900
CORE,20130521,14.4725,14.4725,14.17,14.3025,105600
CORT,20130521,1.76,1.89,1.76,1.88,175000
COST,20130521,112.48,113.96,112.21,113.48,1946000
COWN,20130521,2.84,2.97,2.82,2.86,613800
CPAH,20130521,18.1,18.1,17,18,1300
CPHC,20130521,11.4,11.4,11.4,11.4,0
CPIX,20130521,4.86,4.92,4.63,4.65,37600
CPLA,20130521,45,45.6,44.77,45.13,109000
CPLP,20130521,9.08,9.34,9.02,9.29,272100
CPRT,20130521,37.12,37.2,36.83,37.04,732300
CPRX,20130521,0.89,0.92,0.87,0.91,478500
CPSI,20130521,50.97,52.06,50.97,51.84,59700
CPSS,20130521,8.37,8.49,8.26,8.32,92000
CPST,20130521,16.8,17.6,16.8,17.2,2847000
CRAI,20130521,18.87,18.93,18.75,18.9,13400
CRAY,20130521,17.39,18.17,17.32,18.04,517700
CRDS,20130521,44.4,46,43.8,45,12200
CREE,20130521,59.91,61.2,59.44,59.85,1668700
CREG,20130521,9.3,9.7,9.3,9.5,16700
CRESY,20130521,8.2,8.37,8.2,8.3,37500
CRIS,20130521,3.91,3.97,3.78,3.88,565400
CRME,20130521,2.1,2.1,1.98,2.02,92100
CRMT,20130521,47.03,47.39,46.6,46.95,19800
CRNT,20130521,4.06,4.06,3.98,4.05,16400
CROX,20130521,17.01,17.4,16.99,17.38,1069400
CRUS,20130521,22.61,23.2,22.55,22.57,2122500
CRVL,20130521,24.62,24.755,24.45,24.605,16700
CRWS,20130521,6,6,5.97,5.97,2500
CRZO,20130521,28.55,29.05,28.04,28.09,640900
CSBK,20130521,12.02,12.04,11.98,12.04,2200
CSCO,20130521,23.89,24.06,23.59,24.01,48141100
CSFL,20130521,8.77,8.78,8.61,8.78,10500
CSGP,20130521,114.63,115.4,113.19,114.31,102400
CSGS,20130521,21.66,21.76,21.48,21.71,98900
CSII,20130521,18.71,18.93,18.54,18.73,60800
CSIQ,20130521,9.71,9.85,8.15,8.4,5163000
CSOD,20130521,40.97,41,39.53,39.62,720700
CSPI,20130521,8.44,8.5,8.35,8.43,27800
CSQ,20130521,10.91,10.93,10.85,10.9,495300
CSTE,20130521,28,28.21,27.6,27.86,236500
CSTR,20130521,57.6,59.1,57.49,58.54,1029400
CSWC,20130521,34.2875,34.3375,33.6675,33.775,2100
CSX,20130521,26.22,26.36,26.1,26.14,4090600
CTAS,20130521,45.8,46.12,45.78,45.89,293400
CTBI,20130521,36.16,36.34,36.06,36.32,12900
CTHR,20130521,3.95,3.98,3.8,3.92,34800
CTIB,20130521,4.63,4.84,4.53,4.75,9000
CTIC,20130521,1.22,1.43,1.18,1.32,3016600
CTRN,20130521,12.15,12.45,12.11,12.42,27000
CTRP,20130521,15.95,16.125,15.71,15.725,3468900
CTSH,20130521,32.37,32.445,32.035,32.305,5989100
CTWS,20130521,28.96,29.25,28.96,29.16,20600
CTXS,20130521,66.36,66.88,65.63,66.37,1298000
CUBA,20130521,9.15,9.23,9.1,9.23,2200
CUI,20130521,5.5,5.66,5.42,5.58,59400
CUNB,20130521,14.5,14.6,14.44,14.6,2000
CUTR,20130521,9.1,9.15,8.95,9.06,146000
CVBF,20130521,11.58,11.61,11.47,11.53,264800
CVCO,20130521,50.06,50.37,49.02,49.19,6700
CVCY,20130521,8.75,8.77,8.75,8.77,600
CVGI,20130521,7.88,8.15,7.84,8.07,96400
CVGW,20130521,30.48,31.06,30.48,30.79,27100
CVLT,20130521,74.48,74.5,73.08,73.19,344600
CVLY,20130521,17.22,17.49,17.22,17.49,1200
CVTI,20130521,5.26,5.35,5.25,5.25,4900
CVV,20130521,10.01,10.2,9.95,9.96,21500
CWBC,20130521,4.79,4.8,4.79,4.8,4600
CWCO,20130521,10.35,10.44,9.83,10.32,190800
CWST,20130521,4.04,4.04,3.9,3.92,1466800
CXDC,20130521,4.1,4.17,3.98,4.17,78000
CY,20130521,11.54,11.65,11.36,11.51,2505300
CYAN,20130521,5.75,5.75,5.49,5.63,12400
CYBE,20130521,6.28,6.28,6.28,6.28,100
CYCC,20130521,36.6,37.08,36.48,36.84,341700
CYCCP,20130521,7.66,7.66,7.66,7.66,100
CYNO,20130521,23.75,25.16,23.45,24.84,399500
CYOU,20130521,32.18,32.5,31.29,31.53,238600
CYTK,20130521,6.96,7.02,6.78,6.9,522400
CYTR,20130521,2.4,2.5,2.35,2.42,227800
CYTX,20130521,37.65,38.7,37.5,38.1,206600
CYTXW,20130521,0.85,0.85,0.85,0.85,100
CZFC,20130521,8.3,8.58,8.3,8.58,1600
CZNC,20130521,19.78,19.92,19.72,19.82,11600
CZR,20130521,15.66,15.94,15.1,15.23,662200
CZWI,20130521,7.08,7.08,7.07,7.07,1700
DAIO,20130521,2.1,2.1,2.09,2.1,3700
DAKT,20130521,10.86,10.86,10.75,10.79,60100
DAVE,20130521,11.81,12,11.6,11.98,22900
DCIX,20130521,47.52,47.84,46.96,47.44,1149900
DCOM,20130521,14.66,14.7,14.59,14.69,39000
DCTH,20130521,7.2,7.2,6.56,7.04,1125600
DENN,20130521,5.94,6.01,5.88,6.01,828600
DEPO,20130521,5.63,5.74,5.62,5.74,510300
DEST,20130521,25.23,25.36,25.07,25.24,170500
DFRG,20130521,18.53,18.53,18.21,18.27,40700
DFVS,20130521,37.93,38.01,37.74,37.74,1800
DGAS,20130521,22.72,22.72,21.95,22.35,22600
DGICA,20130521,14.67,14.74,14.5,14.64,12800
DGICB,20130521,22,22,22,22,0
DGII,20130521,9.58,9.65,9.28,9.5,61500
DGLY,20130521,6.51,6.51,6.5,6.5,800
DHIL,20130521,84.75,85.55,82.38,82.38,7800
DHRM,20130521,1.9,1.92,1.9,1.91,4600
DIOD,20130521,24.23,24.37,24.08,24.22,242000
DISCA,20130521,78.72,80.28,78.72,80,1257000
DISCB,20130521,77.93,77.93,77.93,77.93,0
DISCK,20130521,34.86,35.465,34.77,35.33,676800
DISH,20130521,39.04,40.01,38.86,39.93,3332000
DJCO,20130521,107.75,107.75,107.75,107.75,0
DLBS,20130521,29.4,29.56,28.94,28.97,4700
DLHC,20130521,0.85,0.85,0.85,0.85,300
DLTR,20130521,49.6,49.68,49.35,49.38,1663100
DMLP,20130521,25.14,25.45,25.1,25.37,46900
DMRC,20130521,25.19,25.25,24.8,25.09,7400
DNBF,20130521,16.96,16.96,16.96,16.96,300
DNKN,20130521,41.56,41.94,41.28,41.4,493500
DORM,20130521,45.6,45.79,45.27,45.54,154200
DRAD,20130521,2.4,2.45,2.32,2.44,38600
DRAM,20130521,10.29,10.53,9.6,10.2,36500
DRRX,20130521,0.77,0.96,0.77,0.95,984500
DRWI,20130521,70,75.5,67,72.5,572500
DRYS,20130521,3405,3525,3270,3375,17367200
DSCI,20130521,13.97,14.28,13,13.82,22500
DSGX,20130521,10.62,10.85,10.39,10.85,19300
DSPG,20130521,8.2,8.25,8.11,8.19,14300
DSWL,20130521,2.61,2.66,2.61,2.64,22600
DTLK,20130521,10.94,11.25,10.9,11.16,52200
DTSI,20130521,19.9,20.04,19.83,20,27700
DTUS,20130521,39.88,39.88,39.81,39.81,43900
DTYS,20130521,26.15,26.15,25.68,25.68,6400
DVAX,20130521,24.7,25.4,24.4,25.1,1042100
DVCR,20130521,4.8,4.81,4.68,4.68,8900
DWCH,20130521,12.98,13.08,12.71,12.76,7800
DWSN,20130521,38.22,38.41,37.66,37.96,70200
DXCM,20130521,21.18,21.34,20.78,21.13,784300
DXLG,20130521,5.02,5.09,4.95,4.96,80900
DXPE,20130521,60.66,61.15,60,60.11,48800
DXYN,20130521,7.5,7.58,7.46,7.51,19100
DYNT,20130521,2.62,2.7,2.62,2.7,5500
DYSL,20130521,0.55,0.55,0.54,0.54,2600
EA,20130521,21.63,22.59,21.58,21.97,6469800
EAC,20130521,26.8,27.63,26.5,26.67,246100
EBAY,20130521,23.5621,23.6253,23.1326,23.1368,13028800
EBIX,20130521,19.76,19.88,19.71,19.76,557600
EBMT,20130521,11,11,11,11,0
EBSB,20130521,7.3815,7.4346,7.357,7.3652,3700
EBTC,20130521,16.38,16.38,16.13,16.29,800
ECHO,20130521,18.53,18.53,18.06,18.17,74700
ECOL,20130521,29.23,29.43,28.99,29.08,56500
ECPG,20130521,33.13,33.5,32.98,33.3,102900
ECYT,20130521,14.17,14.42,14,14.23,160000
EDAP,20130521,4.09,4.1,4.02,4.06,409400
EDGW,20130521,4.05,4.16,3.64,3.79,31600
EDUC,20130521,3.57,3.57,3.56,3.57,15500
EEFT,20130521,32.51,32.67,32.25,32.38,98300
EEI,20130521,12.5,12.75,12.49,12.75,4300
EEMA,20130521,57.7,57.87,57.46,57.63,30300
EFII,20130521,25.75,26.12,25.55,26.01,348100
EFSC,20130521,15.6,15.73,15.5,15.52,13700
EFUT,20130521,3.04,3.35,2.86,3.1,48500
EGAN,20130521,8,8.13,7.82,8.05,84900
EGBN,20130521,24.83,24.97,24.51,24.63,48600
EGHT,20130521,7.54,7.7,7.52,7.56,379900
EGLE,20130521,2041.2,2145.6,1893.6,1929.6,1477100
EGOV,20130521,16.76,16.86,16.6,16.7,186600
EGT,20130521,1.74,1.78,1.68,1.7,34000
EHTH,20130521,23.33,24.88,22.66,24.84,338100
ELGX,20130521,14.14,14.4,14.02,14.31,624400
ELNK,20130521,5.88,5.91,5.8,5.81,594500
ELON,20130521,23.3,25.7,23.1,25.4,637900
ELOS,20130521,8.9,8.98,8.84,8.87,118900
ELSE,20130521,4.3,4.35,4.3,4.34,400
ELTK,20130521,1.23,1.24,1.18,1.18,6500
EMCB,20130521,79.9,79.96,79.74,79.96,18900
EMCF,20130521,24.98,24.98,24.98,24.98,0
EMCI,20130521,18.6067,19.2,18.3867,18.4667,12500
EMIF,20130521,35.82,36.01,35.82,35.96,8200
EMITF,20130521,130.8,132,97.8,126,21300
EMKR,20130521,4.11,4.24,3.69,3.69,1154800
EML,20130521,15.14,15.43,15.1,15.12,10000
EMMS,20130521,6.16,6.24,6.16,6.16,77100
ENDP,20130521,33.67,34.17,33.66,34.04,988400
ENG,20130521,0.62,0.64,0.62,0.64,51000
ENOC,20130521,18.04,18.92,18.04,18.7,341500
ENPH,20130521,9.36,9.74,8.95,8.99,299800
ENSG,20130521,18.12,18.495,18.12,18.24,49600
ENT,20130521,9.49,9.5,9.4,9.48,3200
ENTA,20130521,20.86,21.23,20.15,20.4,36800
ENTG,20130521,9.91,9.97,9.83,9.91,490600
EPAY,20130521,28.15,28.37,27.82,27.98,229500
EQIX,20130521,224.41,225.82,222.18,224.2,603800
ERIC,20130521,11.86,12.09,11.75,11.95,4601400
ERIE,20130521,82.36,82.36,80.97,81.13,11400
ERII,20130521,3.71,3.79,3.7,3.72,92400
ERS,20130521,4.5,4.61,4.5,4.61,7300
ESBK,20130521,23.03,23.4,23.03,23.4,900
ESCA,20130521,6.23,6.23,6.14,6.14,2700
ESEA,20130521,1.13,1.24,1.13,1.23,315800
ESGR,20130521,131.8,131.8,129.68,130.44,15900
ESIO,20130521,11.37,11.69,11.37,11.63,71500
ESLT,20130521,43.4,43.4,42.64,43.37,3900
ESMC,20130521,1.15,1.2,1.15,1.2,7100
ESRX,20130521,61.37,61.7,61.16,61.31,3969900
ESSA,20130521,10.85,10.87,10.78,10.87,12300
ESXB,20130521,3.22,3.26,3.22,3.22,4400
ETFC,20130521,11.5,11.6,11.44,11.47,2283500
ETRM,20130521,15.45,16.2,15.15,16.05,590200
EUFN,20130521,21.75,21.84,21.61,21.77,46200
EVBS,20130521,5.25,5.48,5.25,5.26,7300
EVEP,20130521,42.02,43.35,42.02,42.68,406200
EVK,20130521,3.45,3.55,2.66,3.2,55300
EVOL,20130521,6.65,6.86,6.53,6.64,72600
EWBC,20130521,25.86,25.93,25.73,25.84,494000
EXA,20130521,8.48,8.48,8.19,8.33,14400
EXAC,20130521,18.24,18.43,18,18.17,12600
EXAS,20130521,10.64,10.97,10.6,10.76,823900
EXEL,20130521,4.5,4.63,4.5,4.61,922200
EXFO,20130521,4.56,4.63,4.46,4.52,14400
EXLS,20130521,30.29,30.32,29.85,29.94,89100
EXPD,20130521,38.5,38.89,38.46,38.71,1757500
EXPE,20130521,57.83,58.45,57.6,58.01,2775300
EXPO,20130521,27.41,27.64,27.4,27.625,22600
EXTR,20130521,3.42,3.46,3.39,3.42,141000
EZPW,20130521,19.05,19.15,18.94,19.07,322700
FALC,20130521,1.33,1.34,1.27,1.28,107000
FANG,20130521,32.4,32.4,31.23,31.71,297700
FARM,20130521,15.22,15.7,15,15.41,10400
FARO,20130521,37.3,37.86,36.92,37.54,143600
FAST,20130521,50.89,51.88,50.76,51.74,1493900
FB,20130521,25.87,26.08,25.59,25.66,26261200
FBIZ,20130521,29.75,29.85,28.77,29.43,9600
FBMS,20130521,13.68,13.68,12.03,12.51,6000
FBNC,20130521,14.25,14.4,14.15,14.35,28600
FBNK,20130521,14.83,14.83,14.52,14.63,16000
FBRC,20130521,22.5,23.84,22.37,23.76,66000
FBSS,20130521,11.81,12.23,11.81,12.09,400
FCAP,20130521,19.8,19.8,19.8,19.8,0
FCBC,20130521,15.7,15.8,15.63,15.66,9400
FCCO,20130521,9.01,9.15,9.01,9.15,1800
FCCY,20130521,8.96,8.96,8.81,8.81,2100
FCEL,20130521,13.08,14.28,13.08,13.68,4901200
FCNCA,20130521,200,200,197.76,199.98,3700
FDEF,20130521,22.68,22.95,22.13,22.56,22100
FDML,20130521,9.24,9.96,9.23,9.53,548800
FDUS,20130521,18.75,19.17,18.74,18.93,86300
FEIM,20130521,10.25,10.3,10.2,10.24,3400
FELE,20130521,33.93,34.12,33.51,33.65,66800
FES,20130521,3.39,3.4,3.32,3.34,28800
FFBC,20130521,15.89,15.9,15.74,15.88,170100
FFBCW,20130521,5.64,5.7,5.64,5.65,3300
FFHL,20130521,1.1,1.15,1.08,1.15,4300
FFIC,20130521,15.64,15.67,15.57,15.6,91900
FFIN,20130521,27.785,27.88,27.665,27.85,45800
FFIV,20130521,83.21,83.48,82.5,82.66,1169200
FFKT,20130521,20.54,20.64,20.01,20.5,12200
FFNW,20130521,10,10.1,9.87,9.9,202800
FHCO,20130521,8.67,8.81,8,8.76,315100
FIBK,20130521,20.9,20.95,20.77,20.82,79600
FINL,20130521,21.53,21.85,21.4,21.74,292500
FISI,20130521,20.1,20.24,19.78,20,5900
FISV,20130521,45.055,45.365,44.925,45,523100
FITB,20130521,18.45,18.5,18.22,18.3,7774000
FIVE,20130521,39.44,39.53,38.91,39.41,173500
FIZZ,20130521,15.82,17.51,15.82,17.39,113300
FLAT,20130521,62.5,62.5,62.5,62.5,200
FLDM,20130521,17.53,17.97,17.53,17.75,47200
FLEX,20130521,7.38,7.54,7.34,7.54,6432500
FLIC,20130521,20.6667,20.68,20.38,20.68,5900
FLIR,20130521,24.81,24.81,24.45,24.51,1247200
FLL,20130521,3.1,3.13,3.05,3.12,82400
FLML,20130521,4.62,4.72,4.61,4.65,10000
FLWS,20130521,6.53,6.57,6.39,6.51,95500
FLXS,20130521,22.44,22.63,22.14,22.4,6700
FMBI,20130521,13.63,13.69,13.45,13.67,250700
FMNB,20130521,6.15,6.28,6.15,6.26,30600
FNGN,20130521,43.58,43.84,43.14,43.59,364900
FNHC,20130521,8.75,8.97,8.73,8.8,67000
FNLC,20130521,16.68,16.68,16.34,16.45,6200
FNSR,20130521,13.04,13.17,12.88,12.9,1770600
FOLD,20130521,3.4,3.46,3.38,3.46,229700
FONE,20130521,28.88,28.99,28.74,28.85,62900
FONR,20130521,7.3,7.47,7.15,7.26,15800
FORD,20130521,2,2.02,1.92,2.02,4300
FORM,20130521,5.63,5.7,5.51,5.55,446500
FORR,20130521,36.26,36.62,36.02,36.29,125900
FORTY,20130521,21.57,21.61,21.57,21.61,3500
FOSL,20130521,107.67,108.61,107.27,108.16,344300
FRAN,20130521,31.5,32.35,31.49,31.6,1523500
FRBK,20130521,3.05,3.09,3.02,3.09,14400
FRED,20130521,15.12,15.36,15.05,15.3,63200
FRGI,20130521,31.93,32.74,31.92,32.63,129400
FRME,20130521,16.6,16.7,16.53,16.6,78000
FRP,20130521,9.03,9.03,8.88,8.94,21200
FSBK,20130521,6.59,6.61,6.37,6.42,5300
FSBW,20130521,16.99,16.99,16.9,16.9,3100
FSC,20130521,10.87,10.88,10.76,10.81,948400
FSCFL,20130521,25.45,25.45,25.4,25.4,3700
FSFG,20130521,22.67,22.67,22.67,22.67,100
FSLR,20130521,55.51,59,53.87,55.63,14506200
FSTR,20130521,45.7,46.21,45.22,45.73,12400
FTEK,20130521,3.94,4.02,3.93,3.96,45900
FTNT,20130521,19.33,19.54,19.11,19.2,1966300
FTR,20130521,4.32,4.38,4.28,4.35,6048000
FTSL,20130521,50.09,50.09,50.03,50.04,3800
FULT,20130521,11.83,11.86,11.74,11.83,452800
FUNC,20130521,8.1,8.1,7.82,7.82,7000
FUND,20130521,7.27,7.28,7.19,7.22,49000
FWRD,20130521,38.76,39.19,38.66,39.16,78700
GABC,20130521,22.02,22.81,22.02,22.5,15000
GAIA,20130521,4.65,4.83,4.17,4.47,88400
GAIN,20130521,7.46,7.5,7.44,7.46,98400
GALE,20130521,50,50.8,48.8,50,1468200
GALT,20130521,4.37,4.45,4.32,4.42,25400
GALTU,20130521,9.5,9.5,9.5,9.5,0
GALTW,20130521,1.48,1.48,1.48,1.48,0
GARS,20130521,15.7,15.7,15.21,15.69,72700
GASS,20130521,10.33,10.48,10.01,10.23,346700
GBCI,20130521,19.89,19.99,19.71,19.86,146600
GBDC,20130521,17.68,17.68,17.47,17.47,409700
GBLI,20130521,23.06,23.43,22.78,23.43,30200
GBNK,20130521,10.68,12.1,10.23,11.46,121000
GCBC,20130521,10.1,10.1,10.1,10.1,300
GCVRZ,20130521,1.63,1.69,1.61,1.69,1264400
GENC,20130521,4.6667,4.7333,4.6667,4.7,3400
GENE,20130521,16.25,16.4,15.25,15.5,275800
GEOS,20130521,89.06,90.74,88.37,88.68,174400
GERN,20130521,1.12,1.14,1.12,1.12,275000
GEVO,20130521,27.3,28.95,26.4,27.3,849300
GFED,20130521,10,10,10,10,0
GFN,20130521,4.35,4.43,4.3,4.43,9400
GFNCP,20130521,102.53,103,102,102,4400
GGAL,20130521,5.61,5.74,5.52,5.7,32600
GHDX,20130521,37.21,37.46,36.91,37.24,226600
GIFI,20130521,20.23,20.4,20.18,20.31,18000
GIGA,20130521,1.46,1.46,1.46,1.46,900
GIGM,20130521,4.95,5.05,4.95,5,58900
GIII,20130521,21.005,21.545,21.005,21.26,182900
GILD,20130521,56.14,56.85,55.76,56.47,10089900
GILT,20130521,5.6,5.74,5.57,5.65,99400
GK,20130521,47.72,48.28,47.11,48.19,47200
GLAD,20130521,8.75,8.77,8.52,8.65,162500
GLBS,20130521,10,10.76,10,10.4,3300
GLBZ,20130521,12.05,12.05,11.69,11.69,6800
GLDD,20130521,8.12,8.24,8.03,8.24,198100
GLDI,20130521,16.46,16.58,16.38,16.51,8600
GLNG,20130521,36.63,37.79,36.4,37.28,639200
GLRE,20130521,24.49,24.98,24.35,24.41,96300
GLUU,20130521,2.76,2.84,2.72,2.77,2335100
GMAN,20130521,11.71,12.02,11.7,12.02,40900
GMLP,20130521,35.05,36,34.5,35.08,214100
GNCMA,20130521,9.34,9.42,9.19,9.3,56700
GNMA,20130521,49.66,50.04,49.62,49.87,20300
GNMK,20130521,14.96,15.1,14.3,14.54,114600
GNTX,20130521,12.58,12.7,12.565,12.61,615300
GNVC,20130521,0.74,0.77,0.7,0.7,205000
GOLD,20130521,73.49,75.58,73.17,74.29,1087400
GOOD,20130521,20.91,21.11,20.75,20.96,94600
GOODO,20130521,25.65,25.7,25.65,25.7,500
GOODP,20130521,26.58,26.58,26.58,26.58,0
GOOG,20130521,454.01,455.83,448.805,453.485,1983300
GPIC,20130521,8.35,8.35,8,8.29,19100
GPOR,20130521,50.49,51.55,50.15,50.28,1185600
GPRE,20130521,15.75,16.44,15.65,15.93,621600
GRFS,20130521,13.475,13.565,13.35,13.355,440600
GRID,20130521,33.61,34.05,33.55,34.02,4600
GRIF,20130521,29.78,29.84,29.68,29.72,1800
GRMN,20130521,36.59,36.84,36.51,36.67,657000
GROW,20130521,2.68,2.7,2.57,2.57,31700
GRPN,20130521,7.01,7.35,7,7.14,25806800
GRVY,20130521,9.68,9.68,9.2,9.36,172800
GSBC,20130521,27.72,27.92,27.45,27.52,8300
GSIT,20130521,5.61,5.64,5.55,5.58,21100
GSM,20130521,12.72,12.73,12.54,12.6,460000
GSOL,20130521,6.66,6.66,6.58,6.61,12100
GSVC,20130521,7.65,7.73,7.5,7.67,140900
GT,20130521,14.71,14.87,14.52,14.8,5056700
GTIM,20130521,3.03,3.03,3.03,3.03,300
GTLS,20130521,94.64,96.8,94.5,96.63,679400
GTWN,20130521,13.9,13.9,13.9,13.9,0
GTXI,20130521,5.7,6.38,5.59,6.35,1076000
GUID,20130521,9.16,9.25,9.06,9.12,37600
GULF,20130521,18.13,18.19,18.1,18.17,5000
GURE,20130521,1.1,1.11,1.08,1.09,88900
GWPH,20130521,8.85,8.92,8.8,8.86,26100
GYRO,20130521,73.48,73.81,73.07,73.08,4600
HA,20130521,5.54,5.62,5.47,5.5,868100
HAFC,20130521,16.71,16.75,16.51,16.65,109700
HAIN,20130521,33.39,34.14,33.32,33.93,538600
HALL,20130521,9.28,9.29,9.18,9.23,4500
HALO,20130521,7.71,7.92,7.42,7.59,1412100
HAS,20130521,47.9,48.72,47.79,48.46,1692100
HAWK,20130521,24.1,24.1,23.47,23.5,223200
HAYN,20130521,48.85,48.85,48.35,48.6,21000
HBAN,20130521,7.7,7.75,7.65,7.69,8932200
HBANP,20130521,1379,1379,1370.1,1370.1,100
HBCP,20130521,18.01,18.34,17.92,18.12,4100
HBHC,20130521,29.08,29.3,28.86,29.07,624000
HBIO,20130521,5.17,5.18,5.04,5.1,74200
HBK,20130521,13.23,13.23,13.22,13.22,500
HBMD,20130521,7.46,7.56,7.46,7.56,3400
HBNC,20130521,13.26,13.5067,13.26,13.3933,8900
HCAP,20130521,15.19,15.19,15.02,15.02,8200
HCCI,20130521,14.56,14.66,14.48,14.49,49300
HCKT,20130521,4.85,4.95,4.79,4.93,62200
HCOM,20130521,23.58,23.96,23.35,23.66,12900
HCSG,20130521,22.28,22.34,22.02,22.34,289900
HDNG,20130521,12.64,12.93,12,12.11,78300
HDSN,20130521,4.07,4.09,3.94,3.96,128500
HEES,20130521,22.37,22.42,22.09,22.25,69300
HELE,20130521,38,38.39,37.8,38.29,152300
HEOP,20130521,5.79,5.85,5.79,5.85,14500
HFBC,20130521,10.85,10.85,10.85,10.85,300
HFBL,20130521,17.81,17.81,17.26,17.26,500
HFWA,20130521,14,14,13.9,13.99,15200
HGSH,20130521,10.38,10.4,9.5,9.61,74100
HIBB,20130521,61.32,62.24,61.03,61.5,161700
HIFS,20130521,65.17,66.46,64.95,65.35,2100
HIHO,20130521,1.75,1.75,1.75,1.75,2800
HIIQ,20130521,11.07,11.18,10.87,10.91,44100
HIMX,20130521,7.66,7.77,7.14,7.3,4799700
HLIT,20130521,6.05,6.13,6.03,6.07,1097700
HMNF,20130521,7.45,7.46,7.45,7.46,800
HMNY,20130521,3.65,4,3.65,4,1600
HMST,20130521,23.75,23.93,23.54,23.83,55400
HMSY,20130521,25.27,25.53,25.15,25.39,839300
HMTV,20130521,14.5,14.64,14.22,14.5,39700
HNH,20130521,15.49,15.5,15.35,15.48,8400
HNRG,20130521,7.32,7.45,7.14,7.35,13200
HOFT,20130521,17.12,17.3,17.02,17.12,13600
HOLI,20130521,11.81,12.04,11.72,11.83,387800
HOLX,20130521,21.69,21.71,21.25,21.27,1882400
HOMB,20130521,10.57,10.68,10.565,10.655,26400
HOTR,20130521,2.44,2.45,2.38,2.38,6400
HOTRW,20130521,0.35,0.35,0.35,0.35,0
HOVNP,20130521,17.53,17.88,17.25,17.64,9300
HPJ,20130521,0.97,1.05,0.97,0.99,9100
HRZN,20130521,14.47,14.47,14.3,14.36,52100
HSIC,20130521,95.17,96.28,95.17,96.15,430000
HSII,20130521,15.35,15.52,15.15,15.35,52600
HSKA,20130521,7.99,8.1,7.96,8,28600
HSNI,20130521,55.43,55.91,55.21,55.67,39500
HSON,20130521,2.32,2.41,2.31,2.35,97200
HSTM,20130521,25.34,25.62,24.76,25.06,64500
HTBI,20130521,16.3,16.3,16.16,16.21,14400
HTBK,20130521,7.07,7.07,6.81,6.94,11900
HTHT,20130521,15.83,16.5,15.67,16.37,69000
HTLD,20130521,14.45,14.54,14.35,14.45,443800
HTLF,20130521,27.59,27.74,27.57,27.74,8500
HUBG,20130521,38.88,39.32,38.77,38.79,150600
HURC,20130521,28.85,28.85,28.55,28.71,5900
HURN,20130521,43.74,44.56,43.4,43.6,41100
HWAY,20130521,14.14,14.25,14,14.12,155300
HWBK,20130521,11.9,11.9,11.77,11.83,400
HWCC,20130521,14.47,14.64,14.45,14.63,101900
HWKN,20130521,40.14,40.38,39.13,39.68,22800
HYGS,20130521,8.69,8.76,8.5,8.51,9100
HYLS,20130521,52.04,52.09,51.82,52.09,8600
HZNP,20130521,2.38,2.38,2.33,2.38,321200
IART,20130521,37.01,37.71,36.76,36.94,242000
IBB,20130521,180.1,182.2,179.36,181.54,590900
IBCP,20130521,6.84,6.87,6.61,6.68,41300
IBKC,20130521,51.81,51.94,51.02,51.22,230000
IBKR,20130521,15.65,15.86,15.65,15.76,281000
IBOC,20130521,21.8,21.8,21.55,21.6,111800
IBTX,20130521,29.11,29.27,28.49,28.99,33900
ICAD,20130521,5.79,5.97,5.79,5.97,40800
ICCC,20130521,3.5,3.5,3.5,3.5,0
ICFI,20130521,29.19,29.55,28.96,29.44,110400
ICLN,20130521,9.37,9.9,9.34,9.41,22900
ICLR,20130521,33.19,33.67,33.19,33.36,292500
ICON,20130521,30.31,30.58,30.05,30.52,439600
ICPT,20130521,33.68,34.5,33.68,34.47,27800
ICUI,20130521,68.83,69.04,68.07,68.54,95200
IDCC,20130521,46.63,46.99,46.04,46.93,207100
IDRA,20130521,0.67,0.76,0.66,0.69,82800
IDSA,20130521,3.01,3.07,3,3.01,1500
IDSY,20130521,5.32,5.7,5.28,5.49,23900
IDTI,20130521,8.11,8.2,8.06,8.12,810800
IDXX,20130521,42.825,43.085,42.655,42.78,338100
IEP,20130521,87.5,89.86,86.8,89.45,131500
IESC,20130521,5.89,5.89,5.48,5.61,15100
IFEU,20130521,34.07,34.31,34.07,34.31,1200
IFGL,20130521,35.93,36.06,35.79,35.99,206300
IFON,20130521,0.45,0.48,0.45,0.48,23900
IGLD,20130521,3.09,3.17,3.09,3.17,4500
IGOV,20130521,98.31,98.55,97.91,98.42,22300
III,20130521,2.06,2.07,2,2.01,123200
IIIN,20130521,18.17,18.4,18.01,18.32,26800
IIJI,20130521,17.77,17.79,17.11,17.41,98900
IIN,20130521,4.15,4.15,4.13,4.15,1200
IIVI,20130521,16.58,16.73,16.48,16.64,173600
IKNX,20130521,16.21,16.31,16.11,16.31,900
ILMN,20130521,73.34,74.51,72.58,72.58,2146100
IMGN,20130521,17,17.3,16.77,17.2,598900
IMI,20130521,8.63,8.66,8.44,8.51,106800
IMKTA,20130521,21.8,21.8,21.46,21.54,18600
IMMR,20130521,13.74,13.95,13.48,13.75,234000
IMMU,20130521,3.05,3.15,3.01,3.15,406400
IMMY,20130521,8.89,9.34,8.53,9.34,42300
IMOS,20130521,18.43,18.43,17.45,18.18,445500
INAP,20130521,7.85,8.08,7.8,8.03,144100
INBK,20130521,17.4333,17.4333,17.2667,17.2667,3200
INCY,20130521,23.15,23.23,22.13,22.26,3209400
INDB,20130521,33.24,33.34,32.99,33.15,38600
INDY,20130521,25.42,25.5,25.35,25.42,80000
INFI,20130521,25.6,25.97,24.97,25.13,759700
INFN,20130521,9.8,9.81,9.39,9.75,2121000
ININ,20130521,49.27,50.46,48.87,49.84,70800
INOD,20130521,3.19,3.3,3.14,3.14,39700
INSM,20130521,11.75,11.88,11.09,11.33,354300
INSY,20130521,3.5167,3.56,3.3334,3.4667,37000
INTC,20130521,24.1,24.25,24,24.15,37919900
INTG,20130521,22.75,22.75,22.75,22.75,100
INTL,20130521,17.11,17.5,17.08,17.14,86000
INTU,20130521,59.64,60,57.78,57.89,5138600
INTX,20130521,10.24,10.68,10.21,10.46,114000
INVE,20130521,8.9,8.9,8.8,8.8,19900
INWK,20130521,11.02,11.03,10.88,10.94,377800
IOSP,20130521,41.28,41.51,40.76,41.14,126100
IPAR,20130521,30.41,30.6,30.21,30.33,108200
IPAS,20130521,1.74,1.77,1.7,1.71,89100
IPCC,20130521,59.21,59.84,59.21,59.5,8500
IPCI,20130521,1.79,1.87,1.79,1.83,10700
IPDN,20130521,40.48,44,40.48,42.4,10700
IPGP,20130521,59.04,60.05,58.69,59.67,434000
IPHS,20130521,52.7,52.8,52.1,52.25,53200
IPXL,20130521,18.41,18.58,18.23,18.51,342300
IQNT,20130521,6.08,6.12,5.77,5.81,748900
IRBT,20130521,34.77,35.16,33.44,33.54,513900
IRDM,20130521,7.49,7.59,7.38,7.38,458000
IRG,20130521,19.92,20.42,19.86,20.02,41500
IRIX,20130521,6.51,6.51,6.4,6.41,14300
IROQ,20130521,15.29,15.3,15.29,15.3,500
IRWD,20130521,13.41,13.71,13.16,13.49,2296600
ISBC,20130521,7.8157,7.902,7.7725,7.8941,128500
ISCA,20130521,34.7,34.8,34.5,34.71,45200
ISHG,20130521,91.82,92.14,91.49,92.1,12600
ISIG,20130521,2.02,2.02,1.95,1.98,3600
ISIL,20130521,8.14,8.21,8.08,8.1,626900
ISLE,20130521,8.38,8.38,8.01,8.1,60300
ISM,20130521,24.51,24.57,24.51,24.57,1500
ISNS,20130521,5.16,5.27,5,5.05,15200
ISRG,20130521,478.7,489.25,478.7,485.88,206800
ISRL,20130521,96.7,96.7,96.7,96.7,0
ISSC,20130521,7.84,8,7.74,7.82,27300
ITIC,20130521,72.77,74.63,72.77,73.65,1900
ITRI,20130521,43.21,43.74,43.18,43.47,190600
ITRN,20130521,16.98,17.02,16.84,17.02,8200
IVAC,20130521,4.62,4.62,4.59,4.62,54200
IXYS,20130521,11.71,11.91,11.24,11.61,96800
JACK,20130521,36.52,37.03,36.52,36.89,386800
JAKK,20130521,10.54,10.69,10.51,10.64,83200
JASO,20130521,11.02,11.4,9.45,9.48,22889300
JAZZ,20130521,58.42,60.51,58.32,60,1033000
JBHT,20130521,75.36,76.6,75.35,75.91,794200
JBLU,20130521,6.38,6.47,6.29,6.37,5493900
JBSS,20130521,19.61,19.74,19.54,19.6,10000
JCOM,20130521,41.37,42,40.44,40.61,559600
JCS,20130521,9.88,9.91,9.8,9.9,11600
JCTCF,20130521,9.7,9.74,9.67,9.67,1800
JIVE,20130521,15.92,16.14,15.77,15.9,574900
JJSF,20130521,78.1,78.43,77.26,77.72,44500
JKHY,20130521,47.4,47.65,47.27,47.33,172000
JMBA,20130521,14.5,14.6,14.15,14.45,941200
JOBS,20130521,30.055,30.25,29.745,30.215,121800
JOUT,20130521,24.47,24.55,24.12,24.5,10200
JRJC,20130521,1.4,1.43,1.37,1.42,72300
JSM,20130521,24.98,25.08,24.96,24.96,15700
JVA,20130521,7.21,7.5,7.02,7.4,173400
JXSB,20130521,19.07,19.07,19.07,19.07,0
KALU,20130521,65.54,65.8,64.34,65.44,115200
KCAP,20130521,11.18,11.25,11.1,11.14,188500
KELYA,20130521,17.97,18,17.61,17.66,181100
KELYB,20130521,17.65,17.65,17.65,17.65,0
KEQU,20130521,13.33,13.33,12.86,12.86,3000
KERX,20130521,7.99,8.2,7.87,8.05,1392000
KEYW,20130521,14.99,15,14.45,14.8,307300
KFFB,20130521,8.04,8.15,8,8.05,2400
KFRC,20130521,14.27,14.53,14.21,14.43,111500
KGJI,20130521,1.28,1.34,1.27,1.32,155700
KINS,20130521,5.25,5.25,5.25,5.25,900
KIRK,20130521,14.49,14.63,14.08,14.47,75600
KLAC,20130521,55.95,56.12,55.5,56.06,1362200
KLIC,20130521,11.59,12.3,11.56,11.93,1622500
KNDI,20130521,3.96,3.96,3.78,3.8,58200
KONA,20130521,9.84,10.26,9.84,10.04,31200
KONE,20130521,2.57,2.57,2.57,2.57,2500
KOOL,20130521,18.6,18.6,17.6,18.6,9000
KOPN,20130521,3.53,3.59,3.49,3.51,129900
KOSS,20130521,4.86,4.91,4.75,4.75,4000
KRNY,20130521,10.33,10.4,10.17,10.34,12900
KTCC,20130521,11.06,11.22,11.01,11.02,27700
KTEC,20130521,14.37,15,14.15,14.37,5900
KTOS,20130521,5.98,6,5.85,5.92,448300
KVHI,20130521,13.5,13.5,13.2,13.27,7000
KZ,20130521,7,7.09,6.93,7.07,112400
LABL,20130521,28.49,29.36,25.44,29.14,106300
LAKE,20130521,4.37,4.4,4.18,4.4,7900
LAMR,20130521,48.72,49.47,48.72,49.34,587800
LANC,20130521,82.67,82.98,82.49,82.81,45300
LAND,20130521,16.75,17.12,16.75,16.97,8600
LARK,20130521,21.04,21.04,21.04,21.04,1100
LAWS,20130521,13.77,14.11,13.77,13.85,16500
LAYN,20130521,22.09,22.36,21.9,22.26,148100
LBAI,20130521,10.18,10.25,10.12,10.21,34000
LBIX,20130521,4.34,4.45,4.31,4.44,18900
LBTYA,20130521,38.4159,38.9423,38.4057,38.8605,3005000
LBTYB,20130521,76.89,76.89,76.89,76.89,0
LBTYK,20130521,69.95,70.97,69.86,70.68,1601500
LCNB,20130521,18.49,18.99,18.35,18.76,2900
LCUT,20130521,13,13.12,12.9,13.01,12700
LECO,20130521,59.18,59.69,59.09,59.49,329900
LEDS,20130521,1.62,1.94,1.6,1.74,4435800
LFUS,20130521,74.98,75.36,73.79,74.88,71700
LFVN,20130521,16.8,16.94,16.45,16.73,419300
LGCY,20130521,27.61,27.65,27.25,27.57,217600
LGND,20130521,27.66,27.92,27.55,27.74,123300
LHCG,20130521,22.04,22.38,21.85,22.18,18700
LIFE,20130521,73.57,73.69,73.52,73.68,2179300
LINC,20130521,6.88,7.01,6.8,6.98,132500
LION,20130521,12.64,12.73,12.62,12.72,6800
LIOX,20130521,2.82,2.87,2.79,2.81,268200
LIVE,20130521,1.0333,1.0667,1.0167,1.0533,17400
LKFN,20130521,18.7333,18.98,18.58,18.8667,15200
LKQ,20130521,25.62,25.71,25.33,25.39,1211300
LLNW,20130521,2.08,2.1,2.05,2.08,196400
LLTC,20130521,37.8,37.84,37.61,37.64,1931400
LMAT,20130521,6.26,6.26,6.02,6.18,25800
LMCA,20130521,41.7133,42.07,41.5167,41.62,663400
LMIA,20130521,19.54,19.54,18.41,18.95,146500
LMNR,20130521,19.82,19.87,19.7,19.7,7100
LMNX,20130521,18.79,18.83,18.66,18.68,188700
LMOS,20130521,15.19,15.77,15.07,15.62,57700
LNCE,20130521,26.51,26.91,26.42,26.67,150300
LNDC,20130521,14.45,14.54,14.3,14.31,75000
LOAN,20130521,1.51,1.69,1.5,1.64,49800
LOGI,20130521,6.66,6.7,6.62,6.65,241800
LOGM,20130521,25.31,25.61,25.21,25.28,271800
LOPE,20130521,32.8,33.03,32.56,32.8,514100
LORL,20130521,60.53,60.76,59.13,60.1,60700
LPLA,20130521,38.7,38.83,37.3,37.41,982500
LPNT,20130521,47.48,47.48,47.13,47.29,291100
LPSN,20130521,9.48,9.56,9.38,9.47,647500
LPTH,20130521,0.83,0.83,0.81,0.83,13300
LPTN,20130521,69.44,69.86,68.32,68.6,30400
LQDT,20130521,38.22,38.45,37.8,38.04,231800
LRAD,20130521,0.92,0.97,0.92,0.97,63900
LRCX,20130521,47.97,48.12,47.73,47.92,1066100
LSBK,20130521,11.53,11.53,11.52,11.52,200
LSCC,20130521,5.12,5.22,5.08,5.21,944700
LSTR,20130521,55.6,56.29,55.38,55.45,389400
LTBR,20130521,8.65,8.65,7.8,8.5,10600
LTRX,20130521,1.64,1.67,1.62,1.65,15400
LULU,20130521,80.38,82.47,80.22,81.46,1949900
LUNA,20130521,1.31,1.31,1.3,1.31,8000
LVNTA,20130521,19.8206,19.973,19.5012,19.7396,123200
LVNTB,20130521,78.87,78.87,78.87,78.87,0
LWAY,20130521,16.99,18.38,16.76,18,58000
LXRX,20130521,14.56,15.47,14.56,15.19,1346300
LYTS,20130521,8.01,8.18,7.82,8,15800
MACK,20130521,5.33,5.37,5.1,5.27,237400
MAGS,20130521,3.99,3.99,3.96,3.96,3700
MAMS,20130521,4.45,4.47,4.37,4.38,18800
MANH,20130521,18.43,18.6525,18.3025,18.5025,105400
MANT,20130521,27.83,27.9,27.7,27.82,76900
MARK,20130521,3.05,3.1,3.05,3.1,1500
MARPS,20130521,16.19,17.45,16.13,17.18,16000
MASI,20130521,22.26,22.4,22.01,22.11,197500
MAT,20130521,46.09,46.79,45.78,46.65,1605100
MATR,20130521,3.82,3.88,3.75,3.84,20500
MATW,20130521,38.52,38.77,38.45,38.47,79700
MAYS,20130521,22.09,22.5,21.88,22.5,1100
MBFI,20130521,25.91,26.01,25.68,26,257200
MBLX,20130521,11.88,11.94,11.22,11.22,93400
MBRG,20130521,19.08,19.3,19.08,19.11,2100
MBTF,20130521,3.89,3.89,3.81,3.84,20700
MBVT,20130521,28.91,29.01,28.6,28.84,11500
MBWM,20130521,17,17.09,16.8,16.96,23500
MCBC,20130521,5.18,5.28,5.14,5.2,76800
MCEP,20130521,25.83,25.83,25.13,25.61,86500
MCHP,20130521,36.66,37.01,36.58,36.67,1988100
MCHX,20130521,5.93,5.95,5.8,5.92,77900
MCRI,20130521,15.2,15.4,15,15.32,66400
MDCA,20130521,18.01,18.11,17.88,18.04,33500
MDCO,20130521,36.26,36.96,28.63,33.71,3467200
MDIV,20130521,22.41,22.53,22.33,22.36,553000
MDLZ,20130521,30.92,31.01,30.59,31,7138000
MDM,20130521,4.91,4.95,4.75,4.86,9100
MDRX,20130521,13.98,14.1,13.91,14.06,1628100
MDSO,20130521,35.12,35.27,33.645,34.055,411000
MDXG,20130521,7.43,7.5,7.19,7.22,232800
MEIP,20130521,8.54,8.74,8.25,8.48,66200
MELI,20130521,124.25,125.7,122.49,124.85,644300
MEMP,20130521,19.38,19.73,19.28,19.68,358600
MENT,20130521,18.34,18.37,17.98,18.11,990700
MEOH,20130521,45.49,46,44.93,45.14,326400
MERC,20130521,6.72,6.72,6.33,6.34,34200
MFNC,20130521,9.04,9.04,9.04,9.04,0
MFRI,20130521,7.22,7.43,7.18,7.28,13000
MFSF,20130521,14.99,15.89,14.96,15.77,2400
MGCD,20130521,6.89,6.89,6.89,6.89,300
MGEE,20130521,37.74,37.74,37.3333,37.68,30000
MGI,20130521,20.03,20.23,19,20.16,120800
MGIC,20130521,5.37,5.45,5.34,5.42,112900
MGLN,20130521,52.13,52.74,51.92,52.4,183000
MGPI,20130521,4.41,4.48,4.31,4.47,2000
MGRC,20130521,33.25,33.34,33.19,33.25,92500
MGYR,20130521,5.03,5.03,5.03,5.03,0
MHGC,20130521,6.96,7,6.92,6.92,54000
MHLD,20130521,10.66,10.76,10.45,10.71,133700
MICT,20130521,5.2,5.2,4.8,4.98,19900
MICTW,20130521,1.1,1.1,1.1,1.1,100
MIDD,20130521,55.5667,56.7567,55.4,56.2567,128800
MIND,20130521,15.8,15.8,15.5,15.57,19800
MINI,20130521,35.25,35.51,33.67,34.77,562400
MITK,20130521,5.25,5.35,5.09,5.3,227400
MITL,20130521,3.43,3.66,3.27,3.31,39800
MKSI,20130521,27.94,28.26,27.82,28.1,145100
MKTX,20130521,45.85,46.02,44.87,45.26,112700
MLAB,20130521,55.25,55.41,52.92,53.24,41700
MLHR,20130521,26.79,27.38,26.49,27.35,321100
MLNK,20130521,2.82,2.87,2.8,2.8,91200
MLNX,20130521,57.72,58.59,56.5,56.74,285000
MLVF,20130521,11.63,11.83,11.63,11.83,200
MMLP,20130521,45.68,46.14,45.4,45.84,76900
MMSI,20130521,9.99,10.11,9.98,10.06,64900
MMYT,20130521,12.78,13.3,12.78,13.23,29800
MNDO,20130521,1.85,1.85,1.82,1.82,6300
MNGA,20130521,1.17,1.25,1.17,1.25,11500
MNKD,20130521,5.4,5.4,5.28,5.36,8275600
MNOV,20130521,3.39,3.44,3.18,3.18,84600
MNRO,20130521,44.37,50.22,44.37,47.28,1917500
MNST,20130521,18.7567,18.9633,18.64,18.81,2030200
MNTA,20130521,12.83,13.1,12.77,13.08,408000
MNTX,20130521,10.87,10.98,10.4,10.46,87700
MOBI,20130521,3.06,3.17,2.97,3.03,177500
MOCO,20130521,13.4,13.65,13.27,13.63,15000
MOFG,20130521,23.65,23.8,23.55,23.79,6600
MORN,20130521,70.8,70.94,70.08,70.56,66800
MOSY,20130521,4.37,4.37,4.22,4.26,261600
MPAA,20130521,6.33,6.4,6.12,6.22,9000
MPB,20130521,10.25,10.27,10.22,10.27,2400
MPEL,20130521,24.6,24.83,24.4,24.62,1986500
MPET,20130521,1.12,1.12,1.08,1.09,70500
MPWR,20130521,24.3,24.57,24.08,24.4,152200
MRCC,20130521,15.43,15.46,15.26,15.46,13400
MRCY,20130521,9.26,9.36,9.25,9.35,56000
MRLN,20130521,23.82,23.95,23.44,23.55,12200
MRTN,20130521,15.3467,15.6267,15.2,15.5533,35500
MRVL,20130521,11.52,11.69,11.42,11.59,6719200
MSBF,20130521,7.01,7.01,7.01,7.01,0
MSCC,20130521,22.54,22.69,22.24,22.32,554300
MSEX,20130521,19.65,19.73,19.6,19.69,12100
MSFG,20130521,13.7,13.82,13.65,13.7,15300
MSFT,20130521,35.1,35.27,34.72,34.85,48705300
MSLI,20130521,0.57,0.73,0.57,0.6,27700
MSON,20130521,5.6,5.6,5.16,5.35,17300
MSTR,20130521,93.97,94.45,92.71,93.23,84000
MTEX,20130521,12.5,12.57,12.01,12.02,9300
MTGE,20130521,23.44,23.48,22.81,22.9,1706000
MTRX,20130521,17.61,17.75,17.36,17.45,142100
MTSC,20130521,58.95,59.45,58.08,59.17,29400
MTSI,20130521,13.72,14.5,13.71,14.29,151100
MTSL,20130521,1.9,1.92,1.85,1.91,25600
MU,20130521,11.21,11.32,11.16,11.23,18963800
MVIS,20130521,2.97,2.97,2.66,2.76,440400
MXIM,20130521,31.04,31.1,30.61,30.8,3321800
MXWL,20130521,6.6,6.74,6.41,6.62,340200
MYGN,20130521,33.2,33.49,33,33.01,892800
MYL,20130521,31.23,31.38,30.95,31.23,3568400
MYRG,20130521,20.75,20.81,20.45,20.47,80800
NAII,20130521,4.75,4.86,4.6,4.68,26300
NANO,20130521,14.35,14.47,14.31,14.32,47600
NATH,20130521,52.62,52.79,51.42,52.5,8900
NATI,20130521,28.64,29.29,28.35,28.98,644500
NATL,20130521,30.27,30.34,29.7,29.89,5300
NATR,20130521,15.94,15.95,15.51,15.63,9900
NAUH,20130521,3.77,3.84,3.74,3.75,48000
NAVG,20130521,61.25,61.25,59.75,59.9,22100
NBIX,20130521,12.06,12.12,11.71,12.06,430500
NBN,20130521,9.98,10.02,9.7,9.95,3700
NBTB,20130521,20.54,20.74,20.43,20.7,72300
NCIT,20130521,4.58,4.78,4.58,4.65,13900
NCLH,20130521,31.8,32.34,31.69,32,254400
NCMI,20130521,17.09,17.3,16.92,17.09,207300
NCTY,20130521,3.24,3.34,3.16,3.2,28800
NDAQ,20130521,31.25,31.52,31.07,31.19,1080200
NDSN,20130521,74.93,75.24,74.85,75,225200
NEO,20130521,3.67,3.79,3.53,3.54,91200
NEOG,20130521,36.6333,37.14,36.5267,36.92,50600
NEON,20130521,5.34,5.49,5.28,5.28,256600
NEPT,20130521,2.99,3.04,2.96,3.02,198700
NETE,20130521,58.9,59.9,51,57.2,17400
NEWS,20130521,11.85,11.96,11.78,11.84,20500
NEWT,20130521,10.8,11.05,10.65,10.8,11400
NFBK,20130521,11.73,11.81,11.68,11.79,254500
NFEC,20130521,0.7,0.7,0.67,0.7,2600
NFLX,20130521,34.2914,34.4143,33.5714,33.87,1645900
NICE,20130521,36.84,37,36.47,36.75,136500
NICK,20130521,13.94,14.04,13.74,14.01,22800
NIHD,20130521,8.64,8.9,8.44,8.49,3205100
NILE,20130521,33.64,35.67,33.45,35,356300
NKSH,20130521,35.9,36.72,35.04,35.79,11000
NKTR,20130521,9.74,9.87,9.5,9.73,615900
NLNK,20130521,15.82,15.85,15.01,15.79,281600
NLST,20130521,0.7,0.7,0.6,0.65,66800
NMRX,20130521,9.87,9.93,8.85,9.21,152400
NNBR,20130521,9.74,9.81,9.58,9.6,23300
NRIM,20130521,22.12,22.4,22,22.17,5200
NSEC,20130521,8,8,7.98,8,1500
NSIT,20130521,18.84,19.25,18.46,19.11,191300
NSSC,20130521,4.4,4.45,4.36,4.37,26500
NSYS,20130521,3.3,3.38,3.29,3.3,5200
NTAP,20130521,37.15,37.17,36.22,36.63,23442300
NTCT,20130521,23.53,23.74,23.38,23.64,352700
NTES,20130521,62.63,62.84,61.76,62.49,286700
NTGR,20130521,32.89,33.12,32.75,32.84,149900
NTIC,20130521,10.75,10.78,10.65,10.65,9600
NTRI,20130521,8.96,9.16,8.82,9.07,211600
NTRS,20130521,58.4,58.57,57.89,57.96,1386900
NTWK,20130521,9.98,10.15,9.03,9.14,565100
NUAN,20130521,18.81,19.56,18.8,19.27,8813000
NURO,20130521,7.52,8.16,7.52,7.6,20300
NUTR,20130521,19.36,19.59,19.24,19.38,7900
NUVA,20130521,23.17,23.23,22.9,23.14,285200
NVAX,20130521,1.98,2.02,1.95,1.96,710200
NVDA,20130521,14.85,14.98,14.68,14.92,8945000
NVDQ,20130521,14.27,14.39,14.1,14.12,66600
NVEC,20130521,51.2,51.37,51.11,51.22,37400
NVGN,20130521,3.98,4.05,3.98,4.03,6500
NVMI,20130521,9.21,9.39,9.21,9.39,130400
NWBI,20130521,12.78,12.84,12.68,12.8,395600
NWBO,20130521,3.76,3.76,3.53,3.67,352900
NWBOW,20130521,2.46,2.95,2.4,2.4,6400
NWFL,20130521,30.15,31.25,29.84,30.9,6500
NWLI,20130521,191.46,191.46,190.62,190.99,1500
NWPX,20130521,27.31,28.11,27.14,27.89,30600
NWS,20130521,33.17,33.49,32.95,33.37,3130200
NWSA,20130521,33.08,33.32,32.79,33.21,10864400
NXPI,20130521,30.27,30.32,29.9,30,1488100
NXST,20130521,28,28.15,26.58,27.5,1027500
NXTM,20130521,13.43,13.64,13.26,13.51,344400
NYMT,20130521,7.13,7.13,7.02,7.04,1223900
NYMX,20130521,5.2,5.26,4.99,5.26,65100
NYNY,20130521,13.6,13.7,12.95,13.5,42000
OBAS,20130521,4.65,4.65,4.65,4.65,1500
OBCI,20130521,2.5,2.57,2.45,2.57,13900
OCC,20130521,4.46,4.5,4.37,4.42,2600
OCFC,20130521,14.2,14.26,14.09,14.25,9300
OCLR,20130521,1.1,1.11,1.08,1.1,374400
OCLS,20130521,20.05,20.05,18.75,19.6,47900
ODFL,20130521,42.05,42.9,41.8,42.88,1396400
OFED,20130521,15.71,15.75,15.71,15.75,300
OFIX,20130521,26.72,27.38,26.7,26.82,262900
OFLX,20130521,12.74,13.52,12.74,13.52,800
OFS,20130521,12.18,12.5,12.17,12.3,58000
OGXI,20130521,10.5,10.52,10.34,10.45,44100
OIIM,20130521,3.5,3.51,3.45,3.45,27100
OKSB,20130521,13.49,13.84,13.42,13.79,10700
OLBK,20130521,12.75,12.95,12.62,12.75,54600
OMAB,20130521,29.16,29.16,27.31,28.56,37500
OMCL,20130521,18.78,18.78,18.4,18.43,129600
OMER,20130521,5.33,5.47,5.24,5.38,220300
OMEX,20130521,37.32,39.36,36.96,39,288100
ONEQ,20130521,138.01,138.53,137.39,138.13,4600
ONVI,20130521,4.6,4.64,4.6,4.64,1500
OPHC,20130521,18.4,18.4,16.4,17.2,22100
OPOF,20130521,12.84,12.84,12.84,12.84,100
OPTT,20130521,18,19,18,18.4,28000
OPXA,20130521,1.69,1.73,1.67,1.67,95600
ORBC,20130521,3.6,3.7,3.6,3.61,82500
ORBK,20130521,11.35,11.85,11.33,11.49,148000
OREX,20130521,60.4,61.9,59.8,61.1,649400
ORIG,20130521,17.66,17.72,17.33,17.52,218500
ORIT,20130521,15.84,15.89,15.53,15.7,92100
ORLY,20130521,111.02,112.92,110.77,112.21,554300
ORMP,20130521,10.02,10.3,9.65,10.2,130100
ORRF,20130521,15.92,15.92,15.6,15.72,5000
OSBC,20130521,6.05,6.06,5.28,5.5,183300
OSBCP,20130521,10.9,10.9,10.9,10.9,0
OSHC,20130521,14.35,14.84,14.35,14.41,1000
OSIR,20130521,10.54,11.01,10.54,10.85,75100
OSIS,20130521,61.24,61.3,51.83,53.25,1784200
OSM,20130521,24.6,24.73,24.41,24.7,23500
OSN,20130521,2.4,2.4,2.4,2.4,200
OSTK,20130521,26.38,26.54,25.52,25.66,272000
OSUR,20130521,4.42,4.45,4.34,4.39,151900
OTEX,20130521,35.19,35.625,34.805,35.14,175400
OTIV,20130521,1.19,1.21,1.18,1.2,22600
OTTR,20130521,29.3,29.6,29.19,29.52,154600
OVAS,20130521,12.4,12.99,11.5,12.15,22500
OVBC,20130521,19.98,19.98,19.98,19.98,0
OVLY,20130521,7.73,7.73,7.73,7.73,0
OXLC,20130521,17.6,17.8,17.49,17.7,62400
OZRK,20130521,22.225,22.48,22.1,22.34,174000
PAAS,20130521,12.56,12.77,12.26,12.41,2620400
PACB,20130521,2.49,2.54,2.41,2.54,255600
PACW,20130521,28.15,28.66,28.06,28.64,137000
PAGG,20130521,31.7,31.7,31.45,31.51,5000
PANL,20130521,31.17,31.42,30.28,31.14,693400
PATK,20130521,14.6267,14.6467,14.3933,14.5067,51700
PAYX,20130521,38.17,38.35,38.06,38.19,1499500
PBCT,20130521,14.13,14.3,14.07,14.24,6006200
PBHC,20130521,12.24,12.24,12.24,12.24,100
PBIB,20130521,0.88,0.9,0.88,0.89,6200
PBIP,20130521,8.47,8.47,8.47,8.47,0
PBMD,20130521,2.4,2.4,2.4,2.4,100
PBSK,20130521,15,15,15,15,0
PCAR,20130521,54.55,54.86,54.26,54.63,1582100
PCBK,20130521,11.75,11.81,11.64,11.7,13500
PCH,20130521,51.12,51.23,50.81,50.99,175100
PCLN,20130521,842.9,847.33,825.06,825.96,1115700
PCMI,20130521,7.6,7.84,7.6,7.64,12400
PCO,20130521,2.39,2.41,2.33,2.4,265000
PCOM,20130521,18.35,18.98,17.97,18.74,243500
PCRX,20130521,28.53,28.87,28.28,28.84,306800
PCTI,20130521,6.81,7.07,6.71,6.89,36100
PCYO,20130521,7.03,7.03,6.86,6.95,43900
PDCE,20130521,51.55,53.59,50.66,50.99,583100
PDCO,20130521,38.76,39.23,38.75,39.23,765100
PDEX,20130521,1.9,1.93,1.9,1.93,8000
PDFS,20130521,18.71,18.81,18.51,18.67,26600
PDLI,20130521,8.24,8.37,8.22,8.37,1941700
PEBK,20130521,11.65,11.8,11.65,11.8,2200
PEBO,20130521,20.47,20.82,20.01,20.73,17100
PEGA,20130521,15.965,16.165,15.89,15.95,219900
PEIX,20130521,4.27,5.45,4.21,4.99,1918000
PENN,20130521,57.85,57.94,57.32,57.66,489900
PERF,20130521,5.85,5.91,5.85,5.91,5300
PERI,20130521,14.45,14.51,13.86,14.07,328100
PERY,20130521,19.43,19.74,19.41,19.56,138300
PESI,20130521,3.15,3.4,3.15,3.25,34700
PETS,20130521,12.92,13.34,12.82,13.31,298000
PFBC,20130521,16.61,16.8,16.61,16.66,15100
PFBI,20130521,12.47,12.49,12.4,12.49,15600
PFBX,20130521,12.98,12.98,12.79,12.79,400
PFIN,20130521,8.4,8.92,8.3,8.91,36800
PFLT,20130521,14.25,14.39,14.16,14.36,28800
PFMT,20130521,9.9,10.17,9.85,10.1,441400
PFPT,20130521,18.6,18.96,18.5,18.9,132300
PFSW,20130521,4.28,4.5,4.22,4.32,243900
PGC,20130521,15,15.27,15,15.27,2500
PGNX,20130521,4.15,4.16,4,4.02,211100
PGTI,20130521,8.88,8.88,8.12,8.21,920200
PHII,20130521,34.15,34.15,33.84,34.14,300
PHIIK,20130521,35.08,35.25,34.89,35.03,4800
PHMD,20130521,81.95,82.4,80.75,81.5,138100
PICO,20130521,21.64,21.71,21.45,21.46,52000
PKBK,20130521,7.69,7.99,7.69,7.99,1300
PKOH,20130521,37.26,37.26,36.71,36.92,21900
PLAB,20130521,7.52,7.57,7.4,7.46,260500
PLBC,20130521,5.28,5.3,5.28,5.3,600
PLCE,20130521,50.47,52.03,50.47,51.7,377100
PLPC,20130521,74.01,74.57,73.38,73.86,6100
PLPM,20130521,2.85,2.85,2.75,2.77,30600
PLUG,20130521,0.26,0.33,0.26,0.32,8433200
PLUS,20130521,48.9,49.55,48.29,48.98,19400
PLXS,20130521,29.25,29.52,29.1,29.35,122000
PMBC,20130521,6.33,6.4,6.31,6.39,14300
PMD,20130521,11.24,11.36,11.16,11.33,8000
PNBK,20130521,12.7,12.9,12.5,12.8,3700
PNFP,20130521,26.13,26.22,25.96,26.07,85700
PNNT,20130521,11.31,11.35,11.2,11.3,441300
PNQI,20130521,50.03,50.09,49.71,49.74,20200
PNRA,20130521,190.84,193,189.99,192.65,399500
PNRG,20130521,30.97,32.59,30.9,31.46,6600
PNTR,20130521,3.18,3.4,3.05,3.11,5900
PODD,20130521,29.72,30.07,29.65,29.74,438000
POOL,20130521,52.56,53.22,52.38,52.92,218100
POPE,20130521,62,62.03,62,62,1400
POWI,20130521,44.89,45.5,44.69,45.18,213500
POWL,20130521,49.91,50.6,49.07,49.52,16300
PPBI,20130521,12,12,11.9,11.9,29300
PPC,20130521,11.96,12.08,11.83,12,470200
PPHM,20130521,1.8,1.82,1.65,1.66,5722400
PRAA,20130521,49.0133,49.4533,48.97,49.09,65900
PRAN,20130521,14.28,14.7,13.86,14.52,106300
PRCP,20130521,7.23,7.25,7.2,7.22,11300
PRFT,20130521,12.49,12.57,12.24,12.4,154300
PRFZ,20130521,83.01,83.36,82.77,83.13,29100
PRGS,20130521,24.29,24.4,24.01,24.12,131100
PRGX,20130521,5.39,5.55,5.38,5.55,42200
PRIM,20130521,20.9,21.24,20.65,21.07,187900
PRKR,20130521,45.5,46.1,44.3,45.4,491200
PRMW,20130521,1.46,1.49,1.42,1.48,50300
PROV,20130521,15.58,15.68,15.55,15.58,24300
PRPH,20130521,1.46,1.6,1.46,1.6,1900
PRSC,20130521,24.4,24.5,24.07,24.42,68500
PRSS,20130521,6.43,6.54,6.42,6.43,25200
PRTA,20130521,10.11,10.66,10.11,10.55,35400
PRTS,20130521,1.15,1.16,1.12,1.15,113700
PRXL,20130521,46.42,46.67,46.06,46.37,515900
PSAU,20130521,22.38,22.74,22.21,22.46,7400
PSCC,20130521,41.64,41.77,41.52,41.59,3500
PSCD,20130521,40.88,41.05,40.73,40.88,3600
PSCE,20130521,41.62,41.79,41.46,41.79,2100
PSCF,20130521,37.1,37.1,36.86,36.94,7800
PSCH,20130521,42.23,42.27,42.08,42.22,6600
PSCI,20130521,37.11,37.18,37.1,37.17,3500
PSCM,20130521,36.61,36.62,36.61,36.62,800
PSCT,20130521,35.71,36,35.63,35.75,6600
PSCU,20130521,34.41,34.5,34.34,34.45,2500
PSDV,20130521,3.03,3.07,2.91,2.97,129200
PSEC,20130521,10.99,10.99,10.88,10.94,2729800
PSMT,20130521,89.25,89.28,88.62,89.03,164800
PSTB,20130521,5.82,5.88,5.76,5.86,22700
PSTI,20130521,3.05,3.07,2.98,3.06,177500
PTEN,20130521,23.13,23.29,22.84,23.02,2413700
PTIE,20130521,3.05,3.11,2.94,3.08,349000
PTNR,20130521,6.35,6.49,6.32,6.35,61100
PTSI,20130521,10.59,10.59,10.59,10.59,100
PTX,20130521,3.55,3.57,3.44,3.5,126000
PVTB,20130521,20.42,20.83,20.36,20.57,360800
PVTBP,20130521,25.84,25.88,25.8,25.85,7700
PWOD,20130521,40.75,40.96,40.46,40.77,5800
PXLW,20130521,2.45,2.49,2.44,2.47,26800
PZZA,20130521,32.475,32.55,32.335,32.4,80600
QABA,20130521,29.44,29.57,29.39,29.49,2900
QADA,20130521,12.86,12.9,12.82,12.85,5800
QADB,20130521,10.89,10.89,10.89,10.89,0
QBAK,20130521,9.54,10.2,9.54,10.14,13700
QCLN,20130521,14.49,14.49,14.07,14.18,49700
QCOM,20130521,65.68,66.21,65.6,65.76,11231300
QCRH,20130521,15.02,15.02,15.01,15.01,400
QDEL,20130521,22.83,22.9,22.62,22.65,92500
QGEN,20130521,18.59,18.72,18.53,18.58,607000
QIWI,20130521,16.98,17.2,16.63,16.77,153500
QLTI,20130521,7.83,7.96,7.77,7.93,56200
QLYS,20130521,13.41,13.67,13.21,13.61,131000
QNST,20130521,7.19,7.39,7.11,7.33,266500
QQEW,20130521,30.94,31.15,30.94,31.07,43300
QQQ,20130521,74.18,74.54,73.89,74.27,25899900
QQQC,20130521,16.31,16.34,16.3,16.34,1400
QQQX,20130521,16.43,16.48,16.42,16.45,66200
QQXT,20130521,30.17,30.46,30.11,30.41,7500
QSII,20130521,18.85,18.92,18.58,18.86,433700
QTEC,20130521,29.49,29.55,29.4,29.53,19400
QUIK,20130521,2.33,2.37,2.32,2.35,110300
RADA,20130521,2.24,2.64,2.24,2.62,11500
RAIL,20130521,17.84,18.05,17.82,17.94,62500
RAND,20130521,2.96,2.97,2.89,2.94,12100
RAVN,20130521,31.76,31.95,31.41,31.62,260300
RBCAA,20130521,23.32,23.5,23.17,23.36,18700
RBCN,20130521,7.02,7.18,7,7.02,307200
RBPAA,20130521,1.65,1.65,1.52,1.52,10600
RCII,20130521,35.48,35.66,35.3,35.35,228300
RCKY,20130521,16,16.34,15.78,16.25,36200
RCMT,20130521,5.61,5.65,5.61,5.65,3600
RCON,20130521,1.68,1.72,1.62,1.66,20200
RDCM,20130521,3.3,3.31,3.13,3.17,13800
RDHL,20130521,11.1,11.1,11.1,11.1,0
RDI,20130521,6.08,6.11,5.99,6,30900
RDNT,20130521,2.51,2.55,2.5,2.51,119100
RDWR,20130521,15.63,15.68,15.29,15.35,397900
RECN,20130521,11.33,11.43,11.29,11.33,120500
REFR,20130521,3.49,3.63,3.4,3.54,69200
REGI,20130521,14.35,14.49,13.52,14.21,607700
REGN,20130521,264.39,266.05,255.09,259.96,804800
REIS,20130521,16.82,17,16.72,16.79,8600
RELL,20130521,11.67,11.71,11.62,11.62,5800
RELV,20130521,9.59,9.59,9.1,9.17,3400
REXX,20130521,17.3,17.6,16.96,17.07,328600
RFIL,20130521,6.66,6.69,6.55,6.57,23300
RGCO,20130521,20.62,21.14,20.01,20.01,1800
RGEN,20130521,8.69,8.77,8.53,8.61,262000
RGLD,20130521,50.57,51.94,49.68,50.99,621700
RGLS,20130521,7.11,7.11,6.98,7.05,25200
RICK,20130521,8.65,8.74,8.63,8.63,13800
RIGL,20130521,4.59,4.65,4.51,4.58,2650200
RLJE,20130521,11.94,11.97,11.94,11.94,1200
RLOG,20130521,5.85,5.94,5.79,5.82,15900
RMBS,20130521,7.97,8.08,7.95,8.02,943400
RMCF,20130521,13.17,13.44,13.17,13.31,5900
RMGN,20130521,11.29,11.29,11.29,11.29,100
RMTI,20130521,3.6,3.91,3.57,3.87,1348600
RNET,20130521,25.43,27.32,25.35,26.53,66000
RNST,20130521,24.56,24.63,24.21,24.56,38000
RNWK,20130521,7.48,7.5,7.34,7.41,38000
ROCK,20130521,17,17.23,16.88,17.02,79400
ROIA,20130521,2.32,2.4,2.23,2.38,19600
ROIAK,20130521,2.44,2.44,2.31,2.4,79800
ROIC,20130521,15.61,15.77,15.59,15.75,402500
ROLL,20130521,47.49,47.75,47.33,47.54,147800
ROSG,20130521,3.75,4.11,3.6,3.97,723500
ROST,20130521,32.62,33.175,32.47,33.085,1456100
RP,20130521,19.41,19.59,19.22,19.52,133800
RPRX,20130521,15.72,15.83,15.14,15.62,673100
RPXC,20130521,15.37,15.4,15.12,15.23,206300
RRGB,20130521,46.11,51.25,46.11,50.31,248500
RSYS,20130521,4.93,5.01,4.93,5,121600
RTIX,20130521,4.4,4.4,4.29,4.3,152700
RUSHA,20130521,27.02,27.84,26.64,27.7,80800
RUSHB,20130521,23.22,23.82,23.22,23.79,12900
RUTH,20130521,11.72,11.82,11.62,11.64,144800
RVLT,20130521,37.4,39.6,36.5,37.8,705300
RVSB,20130521,2.5,2.5,2.34,2.34,12900
RYAAY,20130521,47.51,47.51,46.75,46.81,286200
SAAS,20130521,7.8,8.13,7.78,7.97,373600
SAFM,20130521,65.28,66.88,65.25,66.41,134300
SAFT,20130521,52.8,53.25,52.6,52.84,23800
SAIA,20130521,32.0133,32.7133,32.0133,32.38,219400
SAL,20130521,25.5,26,25.25,25.5,30100
SALM,20130521,7.55,7.55,7.34,7.4,174400
SANM,20130521,13.83,14,13.65,13.97,428500
SANW,20130521,8.94,9,8.75,8.8,34900
SASR,20130521,21.77,21.92,21.63,21.83,30300
SATS,20130521,40.45,40.79,39.87,40.24,140400
SAVE,20130521,28.96,29.34,28.6,29.32,735600
SBAC,20130521,80.5,80.86,80.36,80.69,1084900
SBBX,20130521,6.31,6.31,6.3,6.3,4000
SBCF,20130521,10.7,11,10.65,10.75,117800
SBFG,20130521,8.71,8.71,8.5,8.5,1100
SBGI,20130521,26.1,26.66,25.63,26.55,1325900
SBLK,20130521,29.85,30.9,29.85,30.35,47800
SBNY,20130521,78.16,78.42,77.97,78.2,254700
SBRA,20130521,32.15,32.4,31.64,31.94,158700
SBRAP,20130521,25.36,25.68,25.36,25.57,7500
SBSA,20130521,4.15,4.36,4.07,4.2,33800
SBSI,20130521,22.16,22.5,22.12,22.49,73300
SBUX,20130521,32.02,32.23,31.94,32.125,3294400
SCHL,20130521,30.16,30.43,30.01,30.2,136600
SCHN,20130521,26.56,27.42,26.3,26.89,272000
SCLN,20130521,4.84,4.89,4.73,4.87,91400
SCMP,20130521,9.62,9.66,8.92,8.95,243300
SCON,20130521,65.85,65.85,61.5,63.6,36000
SCOR,20130521,20.23,20.42,20.07,20.22,127900
SCSC,20130521,31.65,31.7,31.3,31.56,73300
SCSS,20130521,22.03,22.27,21.54,22.01,850500
SCTY,20130521,50.5,51.95,44.15,44.52,5094100
SCVL,20130521,21.74,21.87,21.49,21.69,39800
SEAC,20130521,11.37,11.42,11.19,11.26,129600
SEED,20130521,1.62,1.7,1.62,1.65,72700
SEIC,20130521,30.38,30.66,30.24,30.52,604400
SENEA,20130521,35.67,35.77,34.81,35.5,12400
SENEB,20130521,34.91,34.91,34.91,34.91,100
SEV,20130521,4.35,4.9,4.35,4.54,21400
SFBC,20130521,12.8,12.97,12.8,12.97,1200
SFLY,20130521,48.68,49.46,48.53,49.15,453900
SFNC,20130521,25.96,26.06,25.85,25.91,15300
SFST,20130521,11.1,11.1,11.1,11.1,0
SGC,20130521,11.92,11.92,11.62,11.63,5100
SGEN,20130521,35.78,36.2,35.5,35.73,450200
SGMA,20130521,4.13,4.14,4.13,4.14,400
SGMO,20130521,7.85,7.93,7.62,7.84,682200
SGMS,20130521,9.4,9.5,9.28,9.34,252800
SGOC,20130521,4.12,4.32,4.12,4.2,45500
SGRP,20130521,1.91,1.92,1.88,1.89,9000
SGYP,20130521,5.18,5.39,4.91,4.96,1622600
SGYPW,20130521,1.93,2.35,1.93,2.3,2200
SHBI,20130521,7.69,7.75,7.6,7.75,1100
SHEN,20130521,8.8,8.905,8.565,8.905,27100
SHIP,20130521,8.75,10.3,8.6,9.55,27500
SHLD,20130521,57.95,60.3,57.95,59.79,911000
SHLM,20130521,29.55,29.74,29.37,29.53,82000
SHLO,20130521,9.43,9.94,9.43,9.79,3900
SHOO,20130521,32.4933,32.5933,32.1667,32.3333,254600
SHOR,20130521,4.31,4.35,4.29,4.3,86400
SHOS,20130521,45.08,46.59,44.78,46.11,92200
SHPG,20130521,95.42,97.24,95.42,96.94,946800
SIEB,20130521,1.55,1.55,1.55,1.55,400
SIFI,20130521,10.85,10.98,10.85,10.86,16400
SIFY,20130521,2.02,2.07,1.96,1.96,200300
SIGI,20130521,24.08,24.11,23.76,23.96,107800
SIGM,20130521,4.65,4.73,4.64,4.65,121700
SILC,20130521,33.49,33.8,33.2,33.35,40600
SIMO,20130521,11.19,11.4,11.17,11.24,265000
SINA,20130521,61.65,61.65,60.1,60.72,1511200
SINO,20130521,1.51,1.55,1.36,1.55,28200
SIRI,20130521,3.53,3.54,3.48,3.52,50411500
SIVB,20130521,75.22,75.86,74.6,75.43,76800
SIVBO,20130521,26.34,26.34,25.85,25.9,3100
SKYW,20130521,14.27,14.38,14.05,14.26,453700
SKYY,20130521,22.32,22.32,22.05,22.12,29100
SLAB,20130521,42.82,43.66,42.56,43.26,416100
SLGN,20130521,48.8,49.03,48.59,48.83,121100
SLM,20130521,8.1679,8.2179,8.1393,8.1786,2926500
SLMAP,20130521,50.25,50.45,50.2,50.32,3000
SLMBP,20130521,63.49,63.5,63.49,63.5,2000
SLP,20130521,4.3,4.33,4.3,4.3,10800
SLRC,20130521,24.25,24.35,24.11,24.32,220000
SLVO,20130521,18.93,19.06,18.86,19.02,3600
SMBC,20130521,13.115,13.115,13.115,13.115,100
SMCI,20130521,10.62,10.62,9.5,10.35,289500
SMED,20130521,2.97,3,2.96,2.97,35600
SMIT,20130521,2.87,2.99,2.87,2.99,1600
SMMF,20130521,8.3,8.3,8.06,8.06,1100
SMRT,20130521,11.65,11.7,11.55,11.59,112200
SMSI,20130521,5.16,5.32,5.16,5.24,127500
SMTC,20130521,36.85,37.1,36.32,36.74,379000
SMTX,20130521,2.09,2.1,1.96,2.02,137800
SNAK,20130521,7.48,7.62,7.48,7.53,91200
SNBC,20130521,16.45,16.7,16.25,16.55,21500
SNCR,20130521,32,32.1,31.5,31.53,152500
SNFCA,20130521,7.05,7.19,6.91,6.98,147100
SNHY,20130521,32.5,33.09,32.39,32.81,54000
SNMX,20130521,2.09,2.09,1.97,2.02,77700
SNPS,20130521,35.77,35.91,35.54,35.77,366100
SNSS,20130521,33.3,33.96,32.76,33.66,282300
SOCL,20130521,15.14,15.23,15.14,15.14,2100
SODA,20130521,64.84,65.99,64.26,64.83,698400
SOFO,20130521,8,8.25,7.78,8.25,23400
SOHO,20130521,4.42,4.66,4.4,4.66,2600
SOHU,20130521,67.17,68.58,65.01,67.2,1101000
SONA,20130521,10,10.06,9.65,9.79,27700
SONC,20130521,13.1,13.22,13,13.21,366800
SONS,20130521,12.7,13,12.55,12.7,2468600
SORL,20130521,2.62,2.69,2.58,2.65,21300
SOXX,20130521,63.82,63.96,63.65,63.76,295400
SPAN,20130521,18.69,19.08,18.69,18.72,1100
SPAR,20130521,5.82,5.9,5.65,5.75,82000
SPEX,20130521,133.19,136.23,133.19,135.85,600
SPIL,20130521,6,6.06,5.7,5.97,1223700
SPLK,20130521,46.52,47.21,45.84,46.7,711700
SPLS,20130521,14.76,14.93,14.66,14.75,10692800
SPNC,20130521,19.87,20,19.5,19.61,193300
SPNS,20130521,5.31,5.36,5.24,5.34,58400
SPPI,20130521,8.07,8.16,8.03,8.13,664100
SPRT,20130521,4.8,4.98,4.71,4.8,987800
SPSC,20130521,51.48,51.85,51.1,51.14,108600
SPTN,20130521,17.62,17.89,17.36,17.68,80700
SPU,20130521,2.11,2.24,2.11,2.18,61500
SPWR,20130521,23,23.76,20.9,21,12220400
SQQQ,20130521,104.44,105.52,102.84,103.88,1678200
SRCE,20130521,24.59,24.61,24.34,24.61,16100
SRCL,20130521,111.35,112.31,111.17,111.89,320200
SRDX,20130521,25.95,26.04,25.93,25.96,77500
SREV,20130521,6.77,6.97,6.69,6.87,389600
SRPT,20130521,37.01,37.41,35.27,36.65,1035200
SSBI,20130521,9.01,9.18,9,9.18,14500
SSFN,20130521,5.05,5.06,5,5,2200
SSH,20130521,5.75,6.06,5.73,6.02,265300
SSNC,20130521,32.09,32.25,31.8,31.92,248400
SSRI,20130521,6.75,6.85,6.5,6.73,1458400
SSYS,20130521,92.42,92.9,88.68,90.39,609900
STAA,20130521,8.81,8.95,8.69,8.78,133400
STB,20130521,6.49,6.55,6.39,6.44,260000
STBA,20130521,19.28,19.36,19.12,19.32,51400
STBZ,20130521,15.71,15.83,15.5,15.78,32000
STEM,20130521,23.04,23.16,22.32,22.32,387300
STFC,20130521,18.84,18.84,18.3,18.55,17800
STKL,20130521,7.22,7.41,7.01,7.34,187200
STLD,20130521,15.8,16.23,15.72,16.04,4079500
STLY,20130521,3.85,3.93,3.77,3.9,55100
STML,20130521,14.62,14.88,14.5,14.5,101000
STMP,20130521,37.79,38.33,37.71,37.77,74200
STPP,20130521,34.81,34.81,34.81,34.81,0
STRA,20130521,56.5,58.55,56.15,57.49,272000
STRL,20130521,10.45,10.56,10.45,10.47,51300
STRM,20130521,6.32,6.77,6.23,6.68,37600
STRS,20130521,15.47,15.72,15.16,15.39,600
STRT,20130521,37.6,37.99,36.93,37.57,3700
STRZA,20130521,22.85,23.03,22.69,22.96,949900
STRZB,20130521,22.67,22.88,22.57,22.88,3300
STX,20130521,41.04,41.52,40.78,41.52,3119000
SUMR,20130521,3.38,3.73,3.21,3.52,433400
SUNS,20130521,19.31,19.31,18.95,19.14,89900
SUPN,20130521,6.22,6.45,6.16,6.3,728300
SVA,20130521,3.3,3.44,3.3,3.4,194200
SVBI,20130521,4.66,4.75,4.66,4.7,3700
SVVC,20130521,19.25,19.5,19.01,19.26,60600
SWHC,20130521,9.17,9.27,9.14,9.21,1104300
SWIR,20130521,11.2,11.49,11.04,11.16,95700
SWKS,20130521,23.73,24,23.54,23.68,2089700
SYBT,20130521,16.1667,16.2533,16.0333,16.1467,10200
SYKE,20130521,16.11,16.2,15.91,16.01,160400
SYMC,20130521,24.33,24.39,24.02,24.02,7950900
SYMX,20130521,0.91,0.94,0.9,0.94,33100
SYNA,20130521,41.5,42.33,41.5,42.28,632100
SYNC,20130521,3.65,3.76,3.56,3.58,188700
SYNL,20130521,14.32,14.75,14.06,14.38,3500
SYNT,20130521,33.095,33.165,32.815,32.93,107600
SYPR,20130521,3.18,3.28,3.18,3.23,58400
SYUT,20130521,4.6,4.65,4.6,4.65,7200
TACT,20130521,8,8.32,8,8.23,6500
TAIT,20130521,1.03,1.03,1.03,1.03,0
TASR,20130521,9.2,9.21,8.87,8.91,600200
TAST,20130521,6.09,6.15,6,6.04,131000
TATT,20130521,6.74,6.77,6.65,6.7,600
TAX,20130521,16.85,16.99,16.4,16.85,8900
TAYD,20130521,8,8.14,8,8.14,4700
TBBK,20130521,13.7,13.74,13.42,13.66,69200
TBNK,20130521,23.49,23.5,23.3,23.45,10400
TCBI,20130521,44.14,44.14,42.96,43.28,498800
TCBIL,20130521,25.75,25.75,25.64,25.64,800
TCBIP,20130521,25.36,25.39,25.34,25.38,55600
TCBIW,20130521,30.3,30.3,30.3,30.3,0
TCBK,20130521,19.9,20.28,19.68,19.75,48900
TCCO,20130521,6.85,7.17,6.8,6.86,20800
TCPC,20130521,15.6,15.69,15.59,15.63,3450500
TCRD,20130521,15.54,15.65,15.34,15.4,271000
TCX,20130521,7.4,7.6,7.28,7.44,117000
TDIV,20130521,22.58,22.64,22.52,22.59,79600
TEAR,20130521,9.99,10.24,9.41,9.63,590400
TECD,20130521,49.32,49.99,49.14,49.78,106100
TECH,20130521,67.66,68.53,67.52,68,120100
TESO,20130521,13.14,13.7,12.94,13.43,284300
TESS,20130521,22.51,22.75,22.04,22.63,50800
TFSL,20130521,11.3,11.3,11.14,11.27,157300
TGA,20130521,7.82,7.82,7.46,7.58,99300
THFF,20130521,31.24,31.61,31,31.15,12700
THLD,20130521,5.48,5.6,5.45,5.58,249100
THRM,20130521,18.1,18.14,17.74,17.78,175500
TICC,20130521,10.05,10.1,10.04,10.08,306200
TILE,20130521,18.09,18.09,17.52,17.61,348000
TINY,20130521,3.32,3.39,3.31,3.31,149200
TISA,20130521,3.07,3.45,2.93,3,84100
TITN,20130521,22.56,22.95,22.45,22.79,286600
TIVO,20130521,12.72,13.22,12.7,12.92,4022900
TLF,20130521,7.48,7.77,7.48,7.75,10400
TLT,20130521,116.93,117.87,116.42,117.84,7782000
TNAV,20130521,5.09,5.17,5.09,5.14,75200
TNGO,20130521,13.45,13.48,13.39,13.43,189100
TOPS,20130521,102.9,108.5,99.4,108.5,5800
TORM,20130521,11.2,11.2,11.2,11.2,200
TOWN,20130521,14.76,15.37,14.66,14.92,37600
TQQQ,20130521,37.535,38.09,37.115,37.7,1676100
TREE,20130521,19.78,20.02,19.66,19.88,12800
TRIB,20130521,16.9,16.9,16.68,16.87,36300
TRIP,20130521,62.7,63.22,61.89,62.34,1773500
TRMB,20130521,29,29.27,29,29.08,884300
TRMK,20130521,26.27,26.47,26.06,26.35,275600
TRNS,20130521,6.24,6.5,6.24,6.5,12200
TROV,20130521,6.92,6.92,6.53,6.84,65300
TROVW,20130521,3.4,3.4,3.4,3.4,0
TROW,20130521,78.99,79.41,78.43,78.62,1238000
TRS,20130521,32.81,32.91,32.56,32.78,141400
TRST,20130521,5.65,5.68,5.62,5.65,183800
TSBK,20130521,8.25,8.25,8.2,8.23,19600
TSC,20130521,13.5,13.5,13.24,13.3,57500
TSCO,20130521,56.315,57.275,56.225,57.18,439400
TSEM,20130521,6.55,6.7,6.55,6.55,49300
TSLA,20130521,88.5,89.99,85.28,87.59,9001700
TSRA,20130521,19.65,20.05,19.63,19.88,355700
TSRI,20130521,3.08,3.1,3.06,3.06,1700
TSRO,20130521,35.9,36.14,35.15,35.75,342600
TST,20130521,1.86,1.9,1.83,1.9,28400
TTEC,20130521,22.74,22.82,22.7,22.72,50800
TTEK,20130521,28.64,28.97,28.06,28.2,328700
TTGT,20130521,4.44,4.45,4.37,4.39,9200
TTMI,20130521,8.34,8.34,8.19,8.29,277900
TTPH,20130521,8,8.09,7.91,8,14400
TTS,20130521,25.75,25.75,24.56,25.26,257900
TTWO,20130521,16.26,16.26,15.99,16.07,1236600
TUES,20130521,8.4,8.51,8.36,8.45,105300
TWER,20130521,52,54.2,50.8,53.4,363000
TWIN,20130521,24.77,25.48,24.69,24.75,20000
TWMC,20130521,4.36,4.49,4.36,4.47,80600
TXN,20130521,36.7,36.8,36.51,36.6,6651500
TXRH,20130521,24.03,24.37,24.01,24.28,210700
TYPE,20130521,23.19,23.34,22.92,22.95,69700
TZOO,20130521,28.81,29.8,28.58,29.4,154200
UBCP,20130521,7,7.04,6.98,7.01,7100
UBFO,20130521,4.29,4.29,4.18,4.18,2400
UBNK,20130521,15.5,15.68,15.47,15.53,43000
UBNT,20130521,19.67,20.04,18.52,19.85,589900
UBOH,20130521,12.05,12.05,12.05,12.05,0
UBSH,20130521,20.24,20.25,20.06,20.13,17500
UBSI,20130521,26.6,26.61,26.44,26.49,129200
UCBA,20130521,10,10,10,10,1400
UCBI,20130521,11.59,11.6,11.47,11.55,74800
UCFC,20130521,3.9,4.09,3.9,3.96,103000
UCTT,20130521,5.98,6.11,5.95,6.07,38100
UEIC,20130521,26.33,26.33,25.95,26.07,40400
UEPS,20130521,7.45,7.45,7.35,7.39,57100
UFCS,20130521,27.93,27.93,27.32,27.56,61500
UFPI,20130521,39.33,39.33,38.33,39.14,33000
UFPT,20130521,19.64,20.25,19.64,19.91,8000
UG,20130521,26.3,28.6,25.77,26.55,15800
UHAL,20130521,175.91,177.24,171.12,174,22100
UIHC,20130521,6.14,6.26,6.1,6.25,156000
ULBI,20130521,3.88,4,3.82,3.95,20500
ULTA,20130521,94.87,96.25,94.84,94.88,1076000
ULTI,20130521,115.14,115.6,113.94,114.3,114700
UMBF,20130521,52.9,53.22,52.68,53.19,105400
UMPQ,20130521,13.85,13.91,13.72,13.79,665500
UNAM,20130521,13.09,13.29,13.09,13.29,300
UNB,20130521,21.37,21.37,21.27,21.27,1300
UNFI,20130521,54.32,54.76,54.08,54.58,167100
UNIS,20130521,35.4,42.6,34.2,39.4,4458200
UNTY,20130521,7.03,7.03,7.03,7.03,100
UNXL,20130521,26.08,26.47,22.07,23.47,4115000
URBN,20130521,43.65,44.35,43.1,43.27,5872200
URRE,20130521,30.48,33.96,29.4,33.36,353300
USAK,20130521,6.53,6.67,6.32,6.33,19200
USAP,20130521,32.6,32.95,32.6,32.67,7800
USAT,20130521,1.78,1.82,1.7,1.7,507600
USATP,20130521,17,18.75,17,18.75,600
USCR,20130521,16.31,16.45,16.14,16.27,28600
USEG,20130521,11.46,11.76,11.4,11.4,155100
USLM,20130521,51.06,51.51,49.75,50.96,31800
UTEK,20130521,35.13,36.09,35.07,35.77,601200
UTHR,20130521,68.38,68.86,67.38,68.47,801200
UTMD,20130521,47.32,49.76,47.32,48.44,1200
UTSI,20130521,2.86,2.86,2.81,2.83,63000
UVSP,20130521,18.18,18.24,18.04,18.22,18000
VALU,20130521,9.09,9.09,9.08,9.08,1300
VASC,20130521,15.43,15.62,15.33,15.46,24400
VBFC,20130521,29.76,30.08,27.2,27.2,5000
VCIT,20130521,87.77,88.02,87.67,87.93,388000
VCLT,20130521,90.27,90.63,90.01,90.6,30800
VCSH,20130521,80.47,80.56,80.45,80.55,465500
VDSI,20130521,8.65,8.71,8.53,8.65,52400
VECO,20130521,37.99,40.05,37.93,39.73,1106100
VGIT,20130521,65.27,65.35,65.22,65.35,5900
VGLT,20130521,73.05,73.5,72.78,73.5,5100
VGSH,20130521,60.88,60.91,60.88,60.91,15800
VIA,20130521,69.7,70.58,69.7,70.19,9600
VIAB,20130521,69.08,69.98,68.83,69.58,2384100
VICL,20130521,36,37,36,36.3,395200
VICR,20130521,5.81,5.96,5.75,5.84,65100
VIRC,20130521,2.1,2.1,2.04,2.04,1100
VISN,20130521,2.41,2.55,2.41,2.42,25600
VIVO,20130521,21.88,21.96,21.61,21.93,106200
VLGEA,20130521,38.4,38.65,37.64,38.47,6500
VLTC,20130521,4.91,4.95,4.73,4.85,20300
VMBS,20130521,51.9,51.96,51.87,51.96,111900
VNDA,20130521,6.86,7.3,6.86,7.09,886900
VNET,20130521,9.56,9.65,9.44,9.6,512800
VNQI,20130521,60.34,60.43,59.97,60.31,138700
VNR,20130521,29.63,29.64,29.32,29.38,311100
VOD,20130521,30.11,30.44,30.09,30.2,12518500
VONE,20130521,76.74,76.97,76.59,76.77,13100
VONG,20130521,78.01,78.36,77.81,78.31,5900
VONV,20130521,75.49,75.52,75.23,75.52,5000
VOXX,20130521,10.72,10.93,10.58,10.89,134700
VRA,20130521,24,25.03,24,24.65,282800
VRML,20130521,2.64,3.17,2.6,2.92,593400
VRNT,20130521,34.8,34.97,34.61,34.77,141400
VRSK,20130521,60.27,60.56,60.25,60.41,830900
VRSN,20130521,48.4,48.89,48.36,48.36,844800
VRTB,20130521,6,6.4,5.6,6.32,118500
VRTS,20130521,244.1,246.3,239.51,241.3,44000
VRTU,20130521,26.1,26.11,25.63,25.98,163400
VRTX,20130521,77.61,79.87,77.49,79.47,1722300
VSAT,20130521,71.1,71.92,70.83,71.2,329600
VSEC,20130521,16.855,17.88,16.735,17.43,25900
VSTM,20130521,9.27,9.27,9.1,9.16,7300
VTHR,20130521,77.05,77.09,76.83,77.05,9700
VTIP,20130521,49.81,49.91,49.81,49.91,548600
VTNR,20130521,3.02,3.1,3.01,3.09,24400
VTWG,20130521,82.38,82.57,82.28,82.39,4000
VTWO,20130521,79.11,79.31,78.89,79.17,19500
VTWV,20130521,76.11,76.17,75.91,76.17,4600
VVUS,20130521,13.06,13.4,12.8,13.16,1857200
VXUS,20130521,50.48,50.78,50.33,50.65,97000
WABC,20130521,45.46,45.61,45,45.46,74200
WAFD,20130521,17.64,17.7,17.51,17.64,111500
WAFDW,20130521,4.15,4.15,4.1,4.15,1200
WASH,20130521,28.52,28.98,28.47,28.71,14000
WAYN,20130521,10.08,10.08,9.93,9.93,7800
WBB,20130521,13.48,13.5,13.45,13.5,4200
WBKC,20130521,18.65,18.65,18.45,18.45,1400
WBMD,20130521,29.9,30.04,29.28,29.6,285300
WDC,20130521,59.89,60.94,59.62,60.72,1667300
WDFC,20130521,55.77,56.3,55.52,55.71,11300
WEBK,20130521,17.26,17.38,16.96,17.38,400
WEN,20130521,6.07,6.08,6.03,6.06,2197600
WERN,20130521,25.05,25.28,24.97,25.14,570700
WETF,20130521,13.69,13.85,13.3,13.8,1499900
WEYS,20130521,24,24.13,23.65,23.79,3600
WFBI,20130521,11.23,11.23,11.23,11.23,0
WFM,20130521,51.9,52.7,51.84,52.535,1559900
WHF,20130521,15.82,15.95,15.8,15.94,44200
WHLR,20130521,6.12,6.12,6.09,6.1,6100
WIFI,20130521,7.13,7.16,7.02,7.13,70800
WILC,20130521,7,7.07,6.94,6.94,7300
WILN,20130521,4.6,4.63,4.42,4.43,23400
WIN,20130521,8.7,8.81,8.68,8.79,5208300
WINA,20130521,61.27,61.96,60.89,61.49,15000
WIRE,20130521,35.62,35.75,35.39,35.51,93700
WLB,20130521,11.9,12.1,11.9,12.02,27500
WLDN,20130521,2.55,2.55,2.55,2.55,2600
WLFC,20130521,13.6,13.63,13.5,13.57,6800
WMAR,20130521,12.32,12.33,12.07,12.13,15200
WMGI,20130521,24.62,24.65,24.4,24.52,585100
WMGIZ,20130521,2.66,3.25,2.66,2.87,21800
WOOD,20130521,50.43,50.43,50.14,50.25,23900
WOOF,20130521,24.72,24.98,24.61,24.79,374300
WPCS,20130521,50.82,67.76,50.82,67.76,82200
WPPGY,20130521,88.09,88.97,88.09,88.59,14600
WPRT,20130521,28.65,30.14,28.65,29.87,1360700
WRLD,20130521,89.5,89.84,87.5,87.82,136900
WSBC,20130521,25.56,25.59,25.25,25.51,53000
WSBF,20130521,8.32,8.32,8.21,8.3,5100
WSCI,20130521,5.03,5.18,5.03,5.12,20700
WSFS,20130521,17.14,17.3233,16.8233,17.3233,14600
WSFSL,20130521,26.63,26.63,26.52,26.53,1100
WSTC,20130521,23,23,22.57,22.7,69000
WSTG,20130521,11.74,12,11.74,11.8,3900
WSTL,20130521,1.98,2.01,1.96,1.97,85800
WTBA,20130521,11.4,11.48,11.29,11.42,5200
WTFC,20130521,37.45,37.79,37.32,37.48,333900
WTFCW,20130521,16.4,16.4,16.4,16.4,0
WVFC,20130521,11.65,11.65,11,11.5,3400
WVVI,20130521,4.5,4.51,4.49,4.49,7800
WWD,20130521,37.75,38.46,37.64,38.27,329600
WYNN,20130521,143.26,144.17,141.49,142.43,738600
XBKS,20130521,5.31,5.42,5,5.09,13500
XLNX,20130521,39.1,39.49,38.99,39.47,4051500
XOMA,20130521,84,85.8,82.8,83.6,397500
XONE,20130521,44.01,45.5,42.1,43.63,632400
XPLR,20130521,3.37,3.4,3.3,3.37,5800
XRAY,20130521,42.27,42.38,42.03,42.31,905700
XXIA,20130521,15.61,15.82,15.56,15.65,312000
YHOO,20130521,26.9,27.13,26.72,27,14891800
YNDX,20130521,29.27,29.36,28.46,28.85,2807200
YOD,20130521,1.88,1.88,1.73,1.75,53700
YORW,20130521,19.05,19.05,18.85,18.98,12600
YRCW,20130521,22.83,25,22.36,23.05,1170800
YY,20130521,24.83,29.24,24.58,28.81,2177000
Z,20130521,59.8,59.94,58.95,59.41,620000
ZAGG,20130521,5.03,5.08,4.98,5.03,590200
ZBRA,20130521,46.25,46.8,46.19,46.62,122600
ZEUS,20130521,25.15,25.38,24.84,25.23,33800
ZGNX,20130521,12.64,12.72,12.16,12.16,439900
ZION,20130521,27.78,27.8,27.54,27.57,1578100
ZIONW,20130521,5.1,5.12,5.05,5.05,11600
ZIOP,20130521,1.8,1.83,1.76,1.79,605200
ZIXI,20130521,3.8,3.88,3.78,3.79,149400
ZLTQ,20130521,4.99,5.15,4.98,5.14,109700
ZN,20130521,1.73,1.76,1.55,1.7,147500
ZNGA,20130521,3.4,3.59,3.38,3.45,25328600
ZUMZ,20130521,32.84,33.47,32.65,33.15,224900
