<ticker>,<date>,<open>,<high>,<low>,<close>,<vol>
AAME,20080528,1.49,1.5,1.47,1.5,2200
AAON,20080528,6.16,6.1719,6.0178,6.1126,85700
AAPL,20080528,26.7729,26.85,26.2457,26.7157,26570600
AAWW,20080528,62.14,62.45,60.72,61.26,118000
ABAX,20080528,28.87,29.19,28.38,28.85,223500
ABCB,20080528,14.28,14.3,14,14.1,22300
ABCO,20080528,22.76,22.945,22.525,22.84,158300
ABMD,20080528,14.79,14.79,14.12,14.38,133300
ABTL,20080528,8.8,8.9,8.25,8.5,71100
ACAD,20080528,8.57,8.68,8.41,8.5,417200
ACAS,20080528,31.81,32.13,31.5,31.52,1798300
ACAT,20080528,7.84,8.34,7.74,8.11,127000
ACET,20080528,7.86,7.95,7.56,7.95,12900
ACFC,20080528,8.56,8.73,8.56,8.73,4800
ACGL,20080528,23.51,23.5733,23.14,23.24,367200
ACHN,20080528,2.99,3.01,2.8,2.94,8300
ACIW,20080528,5.8333,5.85,5.6367,5.79,399700
ACLS,20080528,22.4,22.72,21.92,22.36,611500
ACOR,20080528,21.34,21.69,21.03,21.23,459800
ACPW,20080528,7,7.25,6.85,6.9,312300
ACTG,20080528,4.65,4.96,4.62,4.95,92600
ACTS,20080528,3.48,3.52,3.48,3.51,44800
ACUR,20080528,9.2,9.59,8.71,8.99,39900
ACWI,20080528,53.23,53.45,53.11,53.44,4700
ACWX,20080528,54.32,54.52,54.3,54.46,3400
ACXM,20080528,14.09,14.25,14,14.24,394000
ADBE,20080528,43,43,42.3,42.84,5749900
ADES,20080528,4.875,4.945,4.875,4.945,1200
ADI,20080528,34.63,34.81,34.09,34.32,3450300
ADP,20080528,37.2782,37.6119,37.0588,37.3135,2763500
ADRA,20080528,33.17,33.27,32.93,33.25,51200
ADRD,20080528,30.24,30.3,29.97,30.3,5700
ADRE,20080528,55.57,56.24,54.98,56.23,867300
ADRU,20080528,30.32,30.4,30.31,30.4,7300
ADSK,20080528,39.7,39.74,38.97,39.7,1500000
ADTN,20080528,24.31,24.33,23.98,24.16,538200
AEHR,20080528,8.78,8.98,8.7,8.74,82400
AEIS,20080528,15.49,15.49,14.96,15.16,172800
AEPI,20080528,25.34,25.7,24.82,25.63,3900
AETI,20080528,5.49,5.49,5.45,5.45,3200
AEY,20080528,3.69,3.7,3.65,3.7,17700
AEZS,20080528,876,876,852,876,8600
AFAM,20080528,23.95,24.05,23.76,23.9,31500
AFSI,20080528,7.575,7.575,7.28,7.405,192500
AGEN,20080528,2.33,2.33,2.28,2.32,67300
AGII,20080528,38.2,38.49,37.56,37.81,63800
AGNC,20080528,19.11,19.38,18.6,19.25,152800
AGYS,20080528,10.09,10.35,9.95,10.15,177800
AHGP,20080528,25.56,26.8,25.01,26.8,72200
AHPI,20080528,7.08,7.28,7,7,9400
AIMC,20080528,16.17,17.12,16.17,16.9,223200
AINV,20080528,18.42,18.5,17.93,18.2,1123100
AIRM,20080528,12.5,12.54,12.3333,12.45,116600
AIRT,20080528,9.09,9.22,9.09,9.22,17800
AIXG,20080528,15.06,15.06,14.78,14.95,53500
AKAM,20080528,37.26,38.99,36.54,38.58,5973000
AKRX,20080528,4.52,4.52,4.34,4.49,263100
ALCO,20080528,39.85,40,38.62,39.71,22600
ALGN,20080528,12.97,13.05,12.52,12.76,655500
ALGT,20080528,22.67,22.81,21.51,21.76,181600
ALKS,20080528,11.99,12.23,11.78,12.13,1746100
ALLT,20080528,3.15,3.17,3.11,3.17,2600
ALNY,20080528,28.98,29.51,27.7,28.27,835600
ALOG,20080528,65.52,66.01,63.42,65.66,74500
ALOT,20080528,9.81,10,9.62,10,1200
ALSK,20080528,12.89,12.9,12.59,12.88,1381400
ALXN,20080528,34.11,34.775,33.875,34.66,449700
AMAG,20080528,39.24,39.6,38.2,38.96,312000
AMAT,20080528,19.64,19.71,19.22,19.54,16784500
AMCC,20080528,8.99,9.19,8.9,9.19,1567100
AMCN,20080528,17.08,17.67,17.06,17.22,354500
AMD,20080528,7.01,7.07,6.74,6.82,18160900
AMED,20080528,51.81,52,50.39,50.89,363700
AMGN,20080528,42.51,42.88,42.47,42.82,7617000
AMKR,20080528,10.96,11.08,10.61,10.93,2923200
AMNB,20080528,18.51,18.6,18.1,18.1,4400
AMOT,20080528,5.16,5.18,5.16,5.16,1100
AMOV,20080528,28.68,29.075,28.655,29.075,1200
AMPH,20080528,23.42,23.65,22.82,23.25,18300
AMRB,20080528,13.64,13.67,13.61,13.61,1500
AMRI,20080528,13.59,13.75,12.81,13.25,114800
AMRN,20080528,2.45,2.47,2.45,2.46,12600
AMSC,20080528,322.1,355.3,321,346.6,1791100
AMSF,20080528,15.9,16.24,15.83,16.05,124400
AMSG,20080528,26.61,26.67,26.33,26.59,113800
AMSWA,20080528,6.23,6.4,6.22,6.33,109600
AMTD,20080528,17.8,17.88,17.52,17.83,2433600
AMWD,20080528,22.81,22.81,22.15,22.61,36900
AMZN,20080528,80.73,80.79,78.99,80.08,6700700
ANAT,20080528,116.11,116.11,112.31,113.96,21200
ANCX,20080528,7,7.26,6.96,7.26,13100
ANDE,20080528,28.14,28.5133,27.64,28.3933,270500
ANGO,20080528,15.68,15.78,15.23,15.48,169400
ANIK,20080528,8.94,9,8.76,8.96,36400
ANSS,20080528,43.72,43.9,42.68,43.78,636100
APEI,20080528,37.75,39.69,37.75,39.66,144500
APOG,20080528,23.31,23.31,22.61,23.24,361900
APOL,20080528,45,45.74,44.78,45.57,2589000
APPY,20080528,248.16,248.16,227.52,244.8,119400
ARAY,20080528,10,10,9.3,9.43,966200
ARCC,20080528,12.49,12.5,12.11,12.29,1012400
ARCI,20080528,6.31,6.53,6.31,6.31,2300
ARCW,20080528,1.82,1.82,1.82,1.82,0
AREX,20080528,22.9,22.9,19.66,22.45,401600
ARIA,20080528,2.49,2.5,2.42,2.45,592100
ARII,20080528,19.37,20.18,19.01,20.17,58400
ARKR,20080528,26.35,26.54,24.99,25.56,8000
ARLP,20080528,22.505,22.845,22.38,22.525,103100
ARNA,20080528,5.03,5.1,4.86,4.95,842000
AROW,20080528,22.77,22.77,22.55,22.66,5700
ARQL,20080528,4.01,4.08,3.74,3.94,282200
ARRS,20080528,8.57,8.6,8.4,8.52,1568100
ARRY,20080528,6.06,6.13,5.79,5.9,216200
ARTNA,20080528,18.29,18.5,18.2,18.45,6100
ARTW,20080528,20.68,20.83,20.28,20.81,4700
ARTX,20080528,2.41,2.46,2.37,2.38,30400
ARWR,20080528,2.62,2.63,2.51,2.55,86100
ASFI,20080528,7.52,7.65,6.97,7.47,943100
ASML,20080528,29.73,29.77,29.29,29.69,1505500
ASRV,20080528,2.98,3,2.85,2.95,4700
ASRVP,20080528,24.54,24.54,24.54,24.54,0
ASTE,20080528,38.68,38.86,38.12,38.65,295900
ASUR,20080528,0.3533,0.36,0.3467,0.36,30500
ASYS,20080528,9.43,9.71,9.34,9.43,63400
ATAI,20080528,15.5,15.74,15.05,15.36,33300
ATEC,20080528,58.68,60.36,58.2,59.88,33400
ATHN,20080528,29.75,30.05,29.65,30,199600
ATHX,20080528,3.71,3.71,3.29,3.29,4300
ATLO,20080528,19.5,19.5,19.5,19.5,400
ATNI,20080528,27.79,27.79,27.02,27.65,33400
ATRC,20080528,10.15,10.22,9.99,10.1,11300
ATRI,20080528,107.89,110,107.46,107.88,900
ATRO,20080528,13.9833,14.7083,13.7667,14.6167,46400
ATSG,20080528,2.53,2.53,1.55,1.73,3648600
ATVI,20080528,16.615,16.65,16.28,16.495,2605200
AUBN,20080528,22.01,22.01,21.99,22.01,1800
AUDC,20080528,4.13,4.15,4,4.01,601800
AVAV,20080528,25.7,25.7,25.27,25.59,79000
AVID,20080528,22.36,22.51,21.3,21.49,343300
AWRE,20080528,3.42,3.47,3.38,3.38,26900
AXTI,20080528,4.67,4.7,4.55,4.63,84000
AZPN,20080528,13.75,13.8,13.7,13.8,115200
BABY,20080528,21.48,21.48,20.7,20.79,363100
BANF,20080528,44.7,44.7,43.02,43.72,36700
BANFP,20080528,24.99,25.2,24.99,25.2,1700
BANR,20080528,133.07,133.07,127.89,131.11,237000
BASI,20080528,4.53,4.7,4.25,4.3,3400
BBBY,20080528,31.84,32.3,31.42,31.9,3033900
BBGI,20080528,4.91,4.91,4.72,4.77,1700
BBOX,20080528,29.53,29.53,28.33,28.46,145500
BBRY,20080528,136.7,137.92,135.38,137.8,17240300
BBSI,20080528,12.75,12.9,12.5,12.64,61200
BCBP,20080528,13.74,13.93,13.74,13.9,2100
BCPC,20080528,15.86,16.02,15.7667,16,47600
BCRX,20080528,2.96,2.98,2.76,2.77,157900
BDSI,20080528,3.02,3.1,2.97,2.97,12000
BEAT,20080528,24.32,24.5,23.85,24.25,19200
BEAV,20080528,35.85,35.99,33.65,33.98,2282800
BEBE,20080528,11.19,11.29,10.98,11.19,467300
BECN,20080528,11.7,12.12,11.68,12.03,450100
BELFA,20080528,27.68,28,27.68,28,1300
BELFB,20080528,25.54,25.6,25.2,25.24,53700
BFIN,20080528,15.09,15.18,14.81,14.83,37200
BGCP,20080528,9.45,9.49,8.92,8.95,120000
BGFV,20080528,8.71,8.79,8.49,8.67,56300
BIDU,20080528,34,34.564,33.673,34.494,3384800
BIIB,20080528,62.16,63.13,61.87,63.13,2429800
BIOS,20080528,4.06,4.08,3.96,4.03,460800
BJRI,20080528,11.86,12.03,11.67,11.8,275800
BKCC,20080528,13.65,13.65,12.61,13.13,115100
BKMU,20080528,11.26,11.29,10.96,11.16,282700
BKSC,20080528,13.25,13.25,13.25,13.25,600
BLDP,20080528,4.4,4.4,4.26,4.36,188900
BLDR,20080528,7.26,7.45,7.19,7.24,56400
BLKB,20080528,24.22,24.3,23.86,24.26,150900
BLUE,20080528,0.46,0.46,0.45,0.45,28100
BMRC,20080528,28.64,28.9,28.64,28.9,1800
BMRN,20080528,39.4,39.6,38.52,38.85,802300
BMTC,20080528,20.6,20.64,20,20.28,800
BNCL,20080528,11.64,11.74,11.45,11.71,90300
BNCN,20080528,14.25,15.33,14,15.33,4900
BNSO,20080528,2.12,2.12,2.12,2.12,700
BOBE,20080528,28.96,29.42,28.48,28.91,304600
BOCH,20080528,6.95,7.2,6.95,7.2,2100
BOFI,20080528,1.6925,1.7625,1.6925,1.7625,7500
BOKF,20080528,59.25,59.25,57.12,57.67,44200
BONT,20080528,7.02,7.18,6.78,6.86,190300
BOOM,20080528,41.95,42.59,41.24,42.24,312500
BOSC,20080528,6.4,7,6.4,6.48,15400
BPFH,20080528,8.75,8.75,8.2,8.48,1681600
BPOP,20080528,111.3,112.9,107.7,112.9,4678400
BPOPM,20080528,22.25,22.25,22.25,22.25,200
BPOPN,20080528,24.85,24.85,24.5,24.5,5200
BRCD,20080528,7.75,7.99,7.71,7.92,4841400
BRID,20080528,6.33,6.8,6.33,6.55,600
BRKL,20080528,10.11,10.14,9.85,9.95,356100
BRKR,20080528,12.02,12.1,11.88,12.01,538700
BRKS,20080528,10.24,10.32,9.93,10.04,408200
BSET,20080528,12.07,12.15,11.95,12.05,69000
BSQR,20080528,4.75,4.87,4.71,4.87,24500
BSRR,20080528,21.73,21.99,21.73,21.95,9000
BUSE,20080528,18.32,18.49,17.81,17.99,122500
BWINA,20080528,21.25,21.25,20.75,20.75,300
BWINB,20080528,21.89,21.9,21.36,21.59,22100
BWLD,20080528,33.5,33.77,32.88,33.3,375700
BYFC,20080528,7.63,7.63,7.4,7.51,900
CA,20080528,25.4467,25.6533,25.181,25.5648,4885700
CAAS,20080528,6.44,6.8,6.44,6.58,106300
CAC,20080528,30.35,30.35,29.81,29.95,1900
CACB,20080528,8.99,9,8.65,9,80000
CACC,20080528,27.71,27.71,25.75,26.7,29900
CAKE,20080528,20.01,20.48,19.91,20.26,2046600
CALD,20080528,6.05,6.19,5.98,6.17,113100
CALL,20080528,1.21,1.215,1.195,1.21,6800
CALM,20080528,15.625,15.985,15.36,15.94,657500
CAMP,20080528,2.48,2.54,2.47,2.52,25200
CAMT,20080528,1.27,1.39,1.27,1.37,39200
CART,20080528,11.75,11.75,11.75,11.75,0
CARV,20080528,9.31,9.31,9.25,9.25,1000
CASH,20080528,25.65,25.65,25.01,25.33,1600
CASM,20080528,3.06,3.24,3.05,3.24,2900
CASS,20080528,33.34,33.34,32.66,32.92,12800
CASY,20080528,21.16,21.25,20.82,21.15,374900
CATM,20080528,10,10.16,9.72,10,247700
CATY,20080528,15.98,15.98,15.18,15.43,470400
CAVM,20080528,24.48,25.99,24.31,25.81,756900
CBAK,20080528,22.4,22.4,20.5,21.55,246700
CBAN,20080528,12.5,12.5,12.5,12.5,100
CBLI,20080528,100.8,101,99,99.8,8400
CBMX,20080528,1353,1498.5,1353,1465.5,15500
CBRL,20080528,32,33.09,30.55,31.58,1089800
CBSH,20080528,44.63,44.86,44,44.07,1594600
CCBG,20080528,27.58,27.58,26.53,26.87,15900
CCMP,20080528,37.09,37.21,36.4,36.7,223000
CCNE,20080528,14.25,14.25,14.25,14.25,100
CCOI,20080528,16.59,16.73,16.45,16.63,595500
CCRN,20080528,15.25,15.45,14.95,15.04,78200
CCUR,20080528,0.7,0.7,0.68,0.68,98500
CDNS,20080528,11.2,11.34,11.11,11.26,3918800
CDTI,20080528,71,71,70,70.95,500
CDZI,20080528,16.42,16.79,15.48,16.32,25100
CECE,20080528,7.1,7.19,6.96,6.98,89700
CECO,20080528,17.76,18,17.52,17.78,897200
CELG,20080528,29.84,29.975,29,29.265,3100000
CENT,20080528,7.22,7.25,7.1,7.17,340700
CENTA,20080528,6.82,6.89,6.68,6.71,254700
CENX,20080528,73.66,75.75,71.68,75.52,687900
CERN,20080528,11.6625,11.83,11.6425,11.76,365600
CERS,20080528,4.86,4.99,4.86,4.92,133400
CETV,20080528,104.67,104.67,103.01,103.5,168300
CEVA,20080528,9.68,9.8,9.53,9.55,56200
CFBK,20080528,22,23.6,21.5,23.6,900
CFFI,20080528,27.75,27.75,27.75,27.75,0
CFFN,20080528,40.91,41,40.49,40.78,169600
CFNB,20080528,9.5,9.5,9.5,9.5,0
CFNL,20080528,8.51,8.75,8.51,8.73,37400
CGEN,20080528,2.21,2.26,2.18,2.22,30800
CGNX,20080528,13.505,13.81,13.405,13.725,342700
CHCI,20080528,0.55,0.57,0.55,0.55,15000
CHCO,20080528,44.43,44.47,43.12,43.5,156400
CHDN,20080528,41.32,42.48,41.32,42.48,53700
CHFC,20080528,24.75,24.84,24.08,24.26,84100
CHFN,20080528,25.6981,25.7789,25.6981,25.7789,4100
CHKE,20080528,28.58,28.71,27.93,28.47,79600
CHKP,20080528,24.59,24.7,24.38,24.67,1309000
CHNR,20080528,22.4,22.97,22.02,22.76,97700
CHRS,20080528,5.64,5.83,5.55,5.64,1897800
CHRW,20080528,63.64,63.77,62.88,63.55,1736800
CHSCP,20080528,25.7,25.75,25.61,25.65,13300
CHTR,20080528,1.35,1.43,1.34,1.39,8533700
CINF,20080528,35.39,35.82,34.8,35.05,595400
CISG,20080528,15.23,15.78,15.23,15.75,33400
CIZN,20080528,21,21,21,21,0
CKEC,20080528,8.61,8.85,8.27,8.34,48000
CLBH,20080528,9.96,10.42,9.96,10.42,300
CLCT,20080528,9.41,9.82,9.25,9.38,19100
CLFD,20080528,1.41,1.41,1.31,1.41,8200
CLMS,20080528,19.91,20.13,19.27,19.56,115800
CLMT,20080528,15.39,15.39,15.02,15.26,109000
CLNE,20080528,14.02,14.56,14.02,14.43,262000
CLRO,20080528,4.09,4.09,4.09,4.09,0
CLUB,20080528,8.47,8.47,8.26,8.41,188200
CLWT,20080528,13.86,14.41,13.86,14.41,41100
CMCO,20080528,28.29,28.48,28,28.29,169900
CMCSA,20080528,21.93,21.99,21.51,21.74,14596500
CMLS,20080528,39.44,39.84,39.04,39.6,104200
CMTL,20080528,44.7,45.71,44.7,45.6,213600
CNBKA,20080528,19.5,19.6,19.5,19.6,2900
CNET,20080528,11.41,11.44,11.38,11.4,9011300
CNMD,20080528,26.52,26.6,26.25,26.53,143500
CNOB,20080528,9.5,9.61,9.32,9.32,6700
CNSL,20080528,14.99,15.31,14.75,15.25,248900
CNTF,20080528,25.5,25.5,24.1,24.25,399600
CNTY,20080528,3.87,3.9,3.5,3.69,146100
COBZ,20080528,10.99,10.99,10.51,10.76,22400
COGT,20080528,11.01,12,11,11.86,2076700
COHR,20080528,30.2,30.37,29.58,30.23,68500
COHU,20080528,16.96,17.01,16.5,17.01,72200
COKE,20080528,54.5,54.5,52.99,53.36,28000
COLB,20080528,27.01,27.48,25.7,26.15,130400
COLM,20080528,21.305,21.75,21.295,21.65,178700
CONN,20080528,17.07,17.09,16.65,16.93,93600
COOL,20080528,49.98,50.4,47.88,48.3,140000
CORE,20080528,7.36,7.475,7.36,7.475,28600
CORT,20080528,2.1,2.19,2.07,2.18,23200
COST,20080528,73.06,74.41,72.72,73.24,6563500
COWN,20080528,8.24,8.24,7.85,7.93,106400
CPLA,20080528,62.75,63.44,61.5,63.2,131900
CPLP,20080528,20.71,20.71,20.25,20.3,11400
CPRT,20080528,21.6,21.805,21.47,21.61,667800
CPRX,20080528,3.45,3.45,3.45,3.45,800
CPSI,20080528,19.81,20.45,19.81,20.05,74200
CPSS,20080528,2.82,2.82,2.75,2.76,16300
CPST,20080528,71,76.8,70.6,76.4,6439700
CRAI,20080528,34.95,35.05,34.27,34.48,76100
CRAY,20080528,6.14,6.17,6.01,6.08,135200
CREE,20080528,24.85,25.1,24.63,24.89,1630300
CRESY,20080528,16.01,16.01,15.33,15.5,81100
CRIS,20080528,1.22,1.4,1.15,1.38,608500
CRME,20080528,46.8,47.25,45.75,46.15,203100
CRMT,20080528,16.29,16.5,16.04,16.42,121800
CRNT,20080528,10.08,10.63,10,10.35,697400
CROX,20080528,10.9,10.98,10.7,10.77,3099900
CRUS,20080528,6.44,6.47,6.23,6.29,314600
CRVL,20080528,17.22,17.5,16.88,17.445,38800
CRWS,20080528,3.55,3.55,3.47,3.47,4800
CRZO,20080528,66.32,67.27,65.04,66.83,794800
CSBK,20080528,10.25,10.39,10.13,10.32,15200
CSCO,20080528,26.01,26.04,25.32,25.54,45669200
CSFL,20080528,13.73,13.81,13.63,13.63,2400
CSGP,20080528,47.61,47.66,46.68,47.36,189100
CSGS,20080528,13.66,13.66,13.23,13.36,258300
CSIQ,20080528,38.37,41.69,37.1,41,3269800
CSPI,20080528,5.86,5.91,5.81,5.84,15600
CSTR,20080528,37.37,37.7,36.9,37.6,340900
CSWC,20080528,30.3625,30.3625,29.38,29.7425,5700
CSX,20080528,22.55,22.7933,22.3467,22.6667,3888200
CTAS,20080528,29.17,29.5,28.91,29.18,701000
CTBI,20080528,31.5,31.5,30.67,30.84,26200
CTHR,20080528,1.31,1.35,1.3,1.33,17400
CTIB,20080528,5.07,5.08,4.9,5,16400
CTIC,20080528,3.05,3.1,3,3.1,309500
CTRN,20080528,18.99,19.29,18.17,18.27,161100
CTRP,20080528,14.5,15,14.435,14.895,1415600
CTSH,20080528,15.75,16.125,15.715,16.105,3477800
CTWS,20080528,24.64,24.91,24.28,24.59,8800
CTXS,20080528,34.2,34.23,32.92,33.67,2882400
CUBA,20080528,9,9,8.91,8.92,4800
CUTR,20080528,10.87,10.87,10.41,10.43,126800
CVBF,20080528,10.42,10.48,10.24,10.45,854700
CVCO,20080528,36.18,37.65,36.15,37.25,17100
CVCY,20080528,9.94,9.94,9.94,9.94,100
CVGI,20080528,13.55,13.82,13.32,13.62,84400
CVGW,20080528,14.25,14.96,13.9,13.94,48000
CVLT,20080528,16.75,16.94,16.24,16.87,327800
CVLY,20080528,16.3,16.3,16.3,16.3,0
CVTI,20080528,4.92,5.01,4.86,4.95,21300
CVV,20080528,3.41,3.41,3.08,3.25,4400
CWBC,20080528,8.74,8.75,7.97,8.3,8400
CWCO,20080528,19.49,20.5,19.01,20.21,121800
CWST,20080528,10.89,10.96,10.61,10.89,143500
CYAN,20080528,1.55,1.56,1.55,1.56,1600
CYBE,20080528,8.91,8.92,8.83,8.88,16400
CYCC,20080528,176.4,182.28,173.04,175.56,33900
CYCCP,20080528,3.9,3.9,3.9,3.9,11400
CYNO,20080528,25.1,25.21,24.1,24.93,118600
CYTK,20080528,23.52,23.58,21.96,23.4,48600
CYTR,20080528,6.09,6.23,5.81,6.09,301400
CYTX,20080528,97.65,109.95,97.5,108,250300
CZFC,20080528,9.43,9.43,9.43,9.43,0
CZNC,20080528,19,19,19,19,500
CZWI,20080528,8.51,8.51,8.51,8.51,200
DAIO,20080528,5.65,5.84,5.65,5.82,11600
DAKT,20080528,19.25,20.19,18.14,18.59,2430900
DAVE,20080528,9.18,9.23,9.06,9.18,17100
DCOM,20080528,18.41,18.45,17.73,17.96,105300
DCTH,20080528,27.84,28.48,27.68,28.32,20300
DENN,20080528,3.77,3.98,3.71,3.98,1323600
DEPO,20080528,3.78,3.8,3.65,3.75,69700
DGAS,20080528,15.36,15.36,13.95,14.745,1800
DGICA,20080528,17.2,17.44,17.2,17.44,23500
DGICB,20080528,17.65,17.65,17.65,17.65,0
DGII,20080528,8.9,8.92,8.6,8.87,125400
DGLY,20080528,8.98,9.38,8.92,8.98,142300
DHIL,20080528,89.95,89.95,88.25,89.57,5700
DIOD,20080528,27.75,27.87,27.44,27.8,325000
DISCA,20080528,25.85,26.24,25.56,25.79,2610700
DISCB,20080528,26.33,26.33,26.33,26.33,0
DISH,20080528,35.01,35.25,34.46,35.23,2573900
DJCO,20080528,41.05,41.05,41.05,41.05,0
DLTR,20080528,11.5834,12.22,11.4067,12.1,3847000
DMLP,20080528,27.8,27.84,27.65,27.66,49200
DMRC,20080528,10.94,11.05,10.88,11.01,100400
DORM,20080528,4.58,4.615,4.575,4.615,1800
DRAD,20080528,2.5,2.6,2.48,2.6,5500
DRAM,20080528,57.24,57.42,56.16,57.24,5200
DRRX,20080528,4.38,4.47,4.25,4.37,187400
DRYS,20080528,135750,143100,134340,143085,8018000
DSGX,20080528,3.61,3.76,3.52,3.63,19100
DSPG,20080528,8.29,8.36,8.18,8.23,164400
DSWL,20080528,7.37,7.59,7.21,7.48,12100
DTLK,20080528,4.79,4.83,4.77,4.8,3800
DTSI,20080528,30.6,30.89,30.4,30.6,117000
DVAX,20080528,16.3,17.1,15.9,17,112600
DWCH,20080528,2.6,2.64,2.57,2.58,6800
DWSN,20080528,70.5,70.58,68,69.66,81300
DXCM,20080528,7.86,8,7.7,7.98,136800
DXPE,20080528,40.89,40.99,40.35,40.95,45200
DXYN,20080528,7.04,7.09,6.93,7.09,10400
DYNT,20080528,4.95,4.95,4.65,4.75,15700
EBAY,20080528,12.7916,12.8632,12.2526,12.4842,15370400
EBIX,20080528,10.2222,10.2222,9.99,9.9911,3600
EBSB,20080528,4.1585,4.1585,4.134,4.1503,7800
EBTC,20080528,12.89,12.89,12.89,12.89,200
ECOL,20080528,29.02,29.02,28.5,28.75,148800
ECPG,20080528,10.29,10.76,10,10.06,70800
EDAP,20080528,3.57,3.6,3.56,3.59,5200
EDGW,20080528,5.34,5.36,5.16,5.25,20100
EDUC,20080528,6.4,6.4,6.4,6.4,0
EEFT,20080528,19.32,19.6,19.12,19.3,480300
EFII,20080528,16.11,16.26,15.85,15.94,372500
EFOI,20080528,2.32,2.55,2.28,2.54,28400
EFSC,20080528,20.24,20.4,19.59,20.27,10900
EFUT,20080528,16.75,16.97,16.1,16.9,135800
EGBN,20080528,10.1,10.13,10,10.13,6400
EGHT,20080528,1.15,1.2,1.15,1.19,221700
EGLE,20080528,47520,48456,46684.8,48355.2,963100
EGLT,20080528,12.14,12.14,11.67,11.92,44200
EGOV,20080528,7.99,8.15,7.88,8.13,244500
EHTH,20080528,24.45,24.8,23.8,24.28,61400
ELGX,20080528,2.6,2.65,2.51,2.51,110000
ELNK,20080528,9.34,9.46,9.28,9.38,1258900
ELON,20080528,134,141.3,130.8,140.4,553600
ELOS,20080528,16.65,16.85,16.05,16.15,151700
ELSE,20080528,5.11,5.11,5.11,5.11,0
ELTK,20080528,2.09,2.09,1.86,1.87,20800
EMCI,20080528,19.78,20,19.0733,19.0867,28300
EMITF,20080528,3182.4,3270,3182.4,3240,3600
EMKR,20080528,29.8,30.96,28.44,30.8,2235200
EMMS,20080528,12.72,12.96,11.72,11.72,173500
ENDP,20080528,24.82,24.99,24.59,24.89,750700
ENG,20080528,10.3,10.33,10.04,10.28,55000
ENOC,20080528,16.19,16.19,15.33,15.5,175000
ENSG,20080528,5.345,5.38,5.25,5.375,22400
ENTG,20080528,7.64,7.66,7.45,7.55,878500
EPAY,20080528,9.98,10.39,9.93,10.24,168400
EPIX,20080528,2.36,2.36,2.21,2.26,129800
EQIX,20080528,89.32,92.18,89.23,91.93,887400
ERIC,20080528,27.42,27.47,26.82,26.98,2184800
ERIE,20080528,50.99,51.45,50.08,50.62,27700
ESBK,20080528,16,16,16,16,0
ESCA,20080528,6.06,6.06,6.06,6.06,0
ESEA,20080528,16.2,16.5,16.09,16.35,333400
ESGR,20080528,103.62,103.62,101.19,102.21,4900
ESIO,20080528,15.49,15.7,15.07,15.31,200200
ESLT,20080528,61,61,60.19,60.35,12600
ESMC,20080528,3.03,3.09,3.03,3.06,1300
ESRX,20080528,35.655,36.12,35.655,35.845,1990900
ESSA,20080528,12.28,12.4,12.28,12.35,53800
ETFC,20080528,40,40.2,39,39.6,12320500
ETRM,20080528,421.2,421.2,391.5,415.8,9800
EVBS,20080528,17.01,17.01,17.01,17.01,0
EVEP,20080528,29.8,30.5,29.08,30.1,39500
EVOL,20080528,2.26,2.34,2.24,2.29,37100
EWBC,20080528,14.32,14.34,13.85,13.97,2234300
EXAC,20080528,25.65,26.25,24.97,26.21,89300
EXAS,20080528,1.89,1.9,1.73,1.84,192600
EXEL,20080528,6.2,6.28,6.06,6.16,416000
EXFO,20080528,5.64,5.64,5.45,5.5,31000
EXLS,20080528,20.02,20.81,20.02,20.74,219600
EXPD,20080528,45.52,45.99,45.24,45.81,1261600
EXPE,20080528,21.89,23.81,20.75,22.75,11114500
EXPO,20080528,15.795,16.735,15.795,16.485,146300
EXTR,20080528,3.35,3.35,3.24,3.26,672100
EZPW,20080528,12.34,12.49,11.9,12.06,539500
FALC,20080528,8.49,8.5,8.25,8.44,113000
FARM,20080528,24.14,24.35,23.7,24.1,9100
FARO,20080528,28.5,28.96,28.18,28.41,100200
FAST,20080528,23.46,23.8,23.38,23.765,1256500
FBIZ,20080528,19.4,19.4,19.4,19.4,0
FBMS,20080528,19.3,19.3,19.3,19.3,0
FBNC,20080528,17.89,17.89,17.61,17.84,11600
FBSS,20080528,18.15,18.15,18.15,18.15,0
FCAP,20080528,14.35,14.5,14.35,14.5,300
FCBC,20080528,34.08,34.35,33.62,34.25,253200
FCCO,20080528,13.66,13.66,13.66,13.66,100
FCCY,20080528,13.07,13.07,13.07,13.07,1500
FCEL,20080528,117.84,118.92,111.6,118.8,910000
FCNCA,20080528,156.65,159.65,153.69,154.91,8200
FDEF,20080528,19.52,19.78,19.52,19.57,8300
FDML,20080528,20.19,20.19,19.97,20.02,6300
FEIM,20080528,6.8,7,6.66,6.81,11600
FELE,20080528,19.965,20.5,19.925,20.14,49100
FFBC,20080528,11.62,11.73,11.16,11.3,86300
FFHL,20080528,2.85,2.99,2.83,2.94,10800
FFIC,20080528,19.84,20.03,19.54,20.03,126700
FFIN,20080528,15.3034,15.3067,14.9434,15.07,46200
FFIV,20080528,28.01,28.8,27.58,27.98,2924200
FFKT,20080528,25,25,23.73,24.4,2400
FFNW,20080528,10.57,10.57,10.44,10.53,48100
FHCO,20080528,2.64,2.64,2.52,2.56,12500
FINL,20080528,6.88,7.38,6.79,7.21,942700
FISI,20080528,19.44,19.44,18.92,18.96,12300
FISV,20080528,25.45,25.705,25.28,25.5,1092200
FITB,20080528,19.56,19.6,18.48,18.85,10478200
FIZZ,20080528,7.38,7.38,7.23,7.32,14600
FLEX,20080528,10.58,10.63,10.46,10.58,6136100
FLIC,20080528,13.96,13.96,13.64,13.64,1800
FLIR,20080528,39.08,40.31,39.04,40.27,2169700
FLML,20080528,10.18,10.42,10,10.01,109300
FLWS,20080528,7.68,7.82,7.52,7.69,247200
FLXS,20080528,11.76,11.76,11.76,11.76,0
FMBI,20080528,25.15,25.85,24.57,25.19,1249900
FNLC,20080528,17.16,17.24,17,17.23,5300
FNSR,20080528,14.72,14.8,14.16,14.64,5555600
FOLD,20080528,10.56,10.74,10.08,10.13,20300
FONR,20080528,2.94,3.01,2.9,2.92,2300
FORD,20080528,2.57,2.8,2.53,2.55,136200
FORM,20080528,21.77,21.77,21.28,21.43,371500
FORR,20080528,29.98,29.98,29.03,29.23,48400
FORTY,20080528,12.01,12.3,11.9,12.3,5700
FOSL,20080528,30.73,31.52,30.57,30.73,635800
FRBK,20080528,4.68,4.81,4.68,4.73,2600
FRED,20080528,11.02,11.6,10.92,11.48,1323100
FRME,20080528,25.18,25.22,24.53,24.97,71200
FRPT,20080528,3.28,3.7,3.19,3.7,885300
FSBK,20080528,18.95,19.05,18.75,18.79,8500
FSLR,20080528,261.52,273.2,253.3,273.18,5517300
FSTR,20080528,32.19,32.71,31.77,32.61,208100
FTEK,20080528,23.27,23.48,22.62,23.38,334600
FUEL,20080528,0.81,0.83,0.76,0.8,45800
FULT,20080528,12.64,12.68,12.25,12.46,1820800
FUNC,20080528,19.12,19.12,19.1,19.12,1000
FUND,20080528,9.3,9.79,9.28,9.62,38500
FWRD,20080528,35.99,36.98,35.43,36.78,850400
GABC,20080528,12.72,12.72,12.68,12.68,1600
GAIA,20080528,15.66,16.05,15.19,15.34,173400
GAIN,20080528,8.8,8.93,8.8,8.89,59800
GASS,20080528,17.55,17.8,17.35,17.67,325700
GBCI,20080528,20.96,20.96,20.21,20.59,275900
GBNK,20080528,30.6,30.75,29.2,29.75,64200
GCBC,20080528,6.75,6.75,6.745,6.75,500
GENC,20080528,9.9933,9.9933,9.5,9.6667,53100
GENE,20080528,14.15,14.15,14,14,900
GERN,20080528,3.97,4.02,3.9,3.97,638600
GFED,20080528,23.52,23.52,23.25,23.5,18500
GGAL,20080528,5.5,5.79,5.48,5.64,294900
GHDX,20080528,18.2,18.2,17.52,17.54,297800
GIFI,20080528,42.23,42.23,41.25,41.85,91800
GIGA,20080528,1.52,1.52,1.37,1.45,1100
GIGM,20080528,86.85,87.2,84.7,85.2,353300
GIII,20080528,8.49,8.49,8.18,8.315,53100
GILD,20080528,26.85,26.905,26.56,26.785,4702500
GILT,20080528,10.85,10.97,10.84,10.93,170400
GLAD,20080528,18.05,18.34,17.81,17.97,65700
GLBL,20080528,17.64,17.85,17.43,17.74,2359500
GLBZ,20080528,11.51,11.51,11.51,11.51,0
GLDD,20080528,5.47,5.77,5.32,5.75,83400
GLNG,20080528,20.13,20.25,19.8,19.8,180400
GLRE,20080528,19.4,19.52,19.29,19.5,253400
GLUU,20080528,4.75,5.13,4.75,5.09,189900
GNCMA,20080528,6.81,7.27,6.81,7.27,233400
GNTX,20080528,8.94,8.94,8.575,8.765,1300600
GNVC,20080528,18.1,18.9,17.5,18,704300
GOLD,20080528,42.24,43.33,41.71,42.98,880100
GOOD,20080528,18.4,18.4,17.51,17.92,11200
GOODO,20080528,20.5,20.6,19.43,19.43,1200
GOODP,20080528,22.46,22.46,21.62,21.63,1500
GOOG,20080528,283.97,285.745,280.55,284.12,4053100
GPIC,20080528,6.11,6.18,6,6.12,4400
GPOR,20080528,15.77,15.78,14.9,15.56,525800
GPRE,20080528,9.64,9.64,8.72,8.72,17300
GPRO,20080528,55.91,56.47,55.49,55.81,260800
GRIF,20080528,33.05,33.19,32.95,32.95,13300
GRMN,20080528,47.3,47.34,45.5,46.22,2234500
GROW,20080528,13,15.08,12.96,14.97,419100
GRVY,20080528,10.08,11.04,10.08,11.04,1200
GSBC,20080528,12.01,12.01,11.5,11.56,127000
GSIT,20080528,4.03,4.06,3.95,4.01,33700
GSOL,20080528,15.17,15.5,15.01,15.36,265300
GT,20080528,25.12,25.29,24.57,24.85,3092000
GTIM,20080528,4.9,4.9,4.9,4.9,200
GTLS,20080528,41.29,41.83,40.85,41.77,239000
GTXI,20080528,14.28,15,14.25,14.94,265400
GUID,20080528,10.36,10.37,10.11,10.27,48200
GYRO,20080528,36.02,36.5,36.02,36.5,400
HAFC,20080528,6.75,6.75,6.47,6.52,256100
HAIN,20080528,13.83,14.2,13.775,14.035,444500
HALL,20080528,11.7,11.8,11.5,11.75,46600
HALO,20080528,5.1,5.1,4.96,5,293400
HAS,20080528,35.03,35.31,34.82,34.97,1749500
HAYN,20080528,67.31,67.31,65.55,66.73,127400
HBAN,20080528,9.52,9.6,8.88,9.04,10611000
HBANP,20080528,994,994,960,973,5800
HBHC,20080528,44.62,44.86,42.76,43.22,329400
HBIO,20080528,4.56,4.73,4.56,4.73,21300
HBNC,20080528,6.5303,6.6667,6.5303,6.5303,1800
HCCI,20080528,13.24,15.55,13.01,14.35,58600
HCKT,20080528,4.8,4.92,4.8,4.83,91300
HCSG,20080528,11.46,11.8133,11.4067,11.7067,261400
HDNG,20080528,12.77,13.58,12.57,13.58,70300
HDSN,20080528,2.99,3.14,2.93,3.04,542600
HEES,20080528,13.38,13.54,12.86,13.48,146900
HELE,20080528,17.82,18.01,17.53,17.62,214700
HEOP,20080528,9.96,9.99,9.96,9.99,2800
HFBC,20080528,14.1,14.1,14.1,14.1,0
HFWA,20080528,17.25,17.35,16.86,17.02,1500
HIBB,20080528,20.72,21.18,20.38,20.61,901500
HIFS,20080528,28.95,28.95,28.95,28.95,0
HIHO,20080528,1.7,1.78,1.7,1.78,4900
HIMX,20080528,5.3,5.87,5.21,5.8,2626200
HLIT,20080528,9.14,9.2,9.06,9.17,707000
HMNF,20080528,17.8,17.8,17.78,17.78,600
HMSY,20080528,6.8367,6.8433,6.66,6.6967,159900
HOFT,20080528,20.31,20.49,19.96,20.32,61600
HOLX,20080528,23.98,24.24,23.66,24.15,7617200
HOMB,20080528,5.9,5.9475,5.75,5.8425,50200
HOVNP,20080528,7.93,7.93,7.61,7.74,7000
HSIC,20080528,55.55,55.59,54.77,55.22,475400
HSII,20080528,28.17,28.43,27.51,27.69,305200
HSKA,20080528,1.36,1.46,1.25,1.44,21100
HSTM,20080528,3.09,3.15,3.09,3.1,12600
HTBK,20080528,16.18,16.21,15.5,15.62,43900
HTLD,20080528,15.42,15.61,15.28,15.45,609900
HTLF,20080528,22.39,22.5,22.15,22.45,12900
HUBG,20080528,34.44,36.64,34.09,36.32,658800
HURC,20080528,36.76,37.57,35.3,35.83,487400
HURN,20080528,49.2,49.5,48.12,48.69,220900
HWAY,20080528,31.92,31.99,31.15,31.49,445900
HWBK,20080528,26.6,26.6,26.6,26.6,100
HWCC,20080528,20.17,22,19.64,21.95,256700
HWKN,20080528,15.25,15.25,15.25,15.25,200
HYGS,20080528,0.89,0.89,0.86,0.88,258000
IART,20080528,42.38,42.38,41.9,42.2,186900
IBCP,20080528,6,6,5.56,5.64,144500
IBKC,20080528,52.16,53.01,52.16,53.01,115900
IBKR,20080528,31.89,32.13,31.1,31.56,533400
IBOC,20080528,25.04,25.05,24.13,24.45,179600
ICAD,20080528,3.66,3.71,3.63,3.7,31600
ICCC,20080528,3.1,3.1,3.1,3.1,0
ICFI,20080528,17.66,18.31,17.23,18.18,104200
ICLR,20080528,73.91,73.96,70.02,70.26,157900
ICON,20080528,14.08,14.49,13.97,14.34,1272700
ICUI,20080528,24.95,25.41,24.95,25.25,54300
IDCC,20080528,24.65,24.7,23.88,24.1,645100
IDRA,20080528,14.9,14.9,14.75,14.83,47600
IDSA,20080528,7.62,7.6667,7.34,7.6,12100
IDSY,20080528,7.54,7.62,7.12,7.19,53100
IDTI,20080528,11.94,12,11.77,11.79,5654600
IDXX,20080528,25.275,25.395,25.035,25.22,296600
IESC,20080528,18.5,18.5,18.15,18.3,61500
IFEU,20080528,48.05,48.05,47.73,47.73,1500
IFGL,20080528,43.36,43.36,42.85,43.3,8100
IFON,20080528,1,1.01,0.98,1.01,17400
IGLD,20080528,10.15,10.29,10.12,10.24,18200
III,20080528,5,5,4.85,4.99,658900
IIIN,20080528,15.15,15.93,15.15,15.7,361300
IIJI,20080528,8.85,8.88,8.8,8.87,22800
IIN,20080528,8.67,8.67,8.09,8.4,7300
IIVI,20080528,19.115,19.5,19.03,19.43,214200
IKNX,20080528,8.01,8.01,8.01,8.01,0
ILMN,20080528,76.4,77,76,76.88,314700
IMGN,20080528,4.35,4.61,4.35,4.54,261300
IMKTA,20080528,25.23,25.23,24.19,24.66,32900
IMMR,20080528,8.74,8.86,8.64,8.84,386900
IMMU,20080528,2.73,2.88,2.68,2.73,556900
IMMY,20080528,8,8,8,8,3000
IMOS,20080528,3.07,3.11,3.05,3.1,275700
INAP,20080528,4.82,4.86,4.65,4.74,373600
INCY,20080528,9.89,10.03,9.7,9.8,636300
INDB,20080528,29.25,29.25,28.3,28.7,146600
INFI,20080528,7.24,7.36,7.18,7.26,12400
INFN,20080528,13.62,14.12,13.38,13.43,783600
INFO,20080528,0.64,0.66,0.58,0.65,42100
INGN,20080528,2.93,3.03,1.8,2.05,2035700
ININ,20080528,12.59,13.16,12.53,13.09,195800
INOD,20080528,3.2,3.21,3.15,3.18,74500
INSM,20080528,0.6,0.61,0.56,0.58,273100
INTC,20080528,23.8,23.81,23.14,23.47,50291600
INTG,20080528,16.58,18.19,16.58,18.19,2300
INTU,20080528,28.65,28.7,28.23,28.69,3717900
INTX,20080528,8.98,9.05,8.9,8.97,2900
INWK,20080528,13.08,13.18,12.79,13,100900
IOSP,20080528,24.16,25.05,24.06,25.03,97400
IPAR,20080528,16.468,16.542,16.281,16.515,74100
IPAS,20080528,2.1,2.26,2.1,2.22,353200
IPCC,20080528,40.26,40.26,39.68,40.13,106000
IPGP,20080528,19.5,19.75,19.26,19.69,182400
IPHS,20080528,25.61,26.66,25,26.45,155000
IRBT,20080528,13.78,13.83,13.5,13.74,84900
IRIX,20080528,2.37,2.44,2.37,2.44,11700
ISBC,20080528,5.6745,5.6784,5.5373,5.5804,174500
ISCA,20080528,43.64,44.09,42.97,43.58,153900
ISIG,20080528,2,2.03,2,2.01,1100
ISIL,20080528,27.81,27.98,27.25,27.51,2471800
ISLE,20080528,6.58,6.8,6.39,6.51,326100
ISNS,20080528,14.94,15.02,14.94,15.02,7300
ISRG,20080528,288.5,288.85,284.18,288.85,367100
ISRL,20080528,44,50,44,50,2500
ISSC,20080528,7.64,7.79,7.46,7.52,56300
ITIC,20080528,48.18,50,48.18,49.99,700
ITRI,20080528,94.93,95.02,93.59,95,322400
ITRN,20080528,13.28,13.35,12.86,12.96,86200
IVAC,20080528,11.97,12.09,11.57,11.72,265000
IXYS,20080528,10.63,11.32,10.55,11.09,572500
JAKK,20080528,22.98,23.3,22.86,23.23,304600
JASO,20080528,108.95,111.75,103.25,110.85,8136600
JAZZ,20080528,7.94,7.99,7.5,7.55,4800
JBHT,20080528,35.34,36,34.83,35.9,3748000
JBLU,20080528,4.27,4.35,4.08,4.11,8882500
JBSS,20080528,8.39,8.85,8.39,8.56,15700
JCOM,20080528,25.97,26.45,25.4,26.35,921600
JCTCF,20080528,3.55,3.55,3.285,3.515,2700
JJSF,20080528,28.16,28.7,27.81,28.36,35500
JKHY,20080528,23.33,23.33,23.03,23.32,545200
JMBA,20080528,12.5,13,12.05,12.35,795600
JOBS,20080528,10.055,10.25,9.89,9.93,26300
JOUT,20080528,16.36,16.45,16.36,16.42,600
JRJC,20080528,24.4,25.75,24.15,25.15,2344900
JXSB,20080528,10.5,10.5,10.4,10.4,500
KALU,20080528,63.25,65,62.66,65,253000
KCAP,20080528,12.38,12.51,12.38,12.5,141100
KELYA,20080528,21.19,21.2,20.36,20.5,176400
KELYB,20080528,20.5,20.5,20.5,20.5,1600
KEQU,20080528,16.98,16.98,16.98,16.98,200
KERX,20080528,0.48,0.48,0.46,0.46,179700
KFFB,20080528,10.02,10.02,9.55,9.75,1400
KFRC,20080528,8.88,8.94,8.69,8.79,424600
KIRK,20080528,2.3,2.59,1.9,2.45,232600
KLAC,20080528,45.42,45.68,45.18,45.6,3018200
KLIC,20080528,6.66,6.88,6.65,6.85,339500
KNDI,20080528,5.05,5.05,4.95,5.04,6400
KONA,20080528,8.19,8.19,8,8,27700
KOOL,20080528,31.2,31.2,29.8,30,25500
KOPN,20080528,2.93,2.96,2.87,2.93,74500
KOSS,20080528,8,8,8,8,0
KRNY,20080528,11.36,11.36,10.92,11.23,44900
KTCC,20080528,3.61,3.7,3.6,3.7,17400
KTEC,20080528,34.83,35.92,33.71,35.32,5900
KTOS,20080528,2.03,2.05,2,2.04,84500
KVHI,20080528,8.91,9.11,8.85,9.01,19700
KZ,20080528,4.6,4.6,4.44,4.54,105000
LABL,20080528,22.29,22.39,21.32,22.16,169000
LAKE,20080528,12.6,12.6,12.13,12.49,6100
LAMR,20080528,39.53,39.96,38.92,39.43,769200
LANC,20080528,33.26,33.28,32.46,32.58,145100
LARK,20080528,24.65,24.65,24.65,24.65,0
LAWS,20080528,25.03,25.84,25.01,25.29,4600
LAYN,20080528,47.72,50.34,47.37,49.9,174300
LBAI,20080528,15.79,15.79,14.91,15.35,25900
LBIX,20080528,0.6,0.7,0.6,0.67,68400
LBTYA,20080528,18.3086,18.3597,18.0583,18.2218,1074200
LBTYB,20080528,35.35,35.35,35.35,35.35,0
LBTYK,20080528,33.96,33.96,33.22,33.42,246100
LCUT,20080528,6.75,7.18,6.74,7.07,79000
LECO,20080528,40.165,40.895,40.01,40.89,207800
LENS,20080528,3.25,3.42,3.18,3.3,10200
LFUS,20080528,37.91,37.91,37.17,37.66,59300
LGCY,20080528,22.5,22.6,21.57,22.6,99400
LGND,20080528,18.3,18.36,12.96,13.8,3933300
LHCG,20080528,21.48,21.48,20.74,20.92,160200
LINC,20080528,12.45,12.5,12.06,12.35,4500
LION,20080528,6.94,7.03,6.77,6.9,4600
LIOX,20080528,2.46,2.5,2.37,2.45,1322600
LIVE,20080528,0.95,1.0633,0.7933,0.8167,23100
LJPC,20080528,1.89,1.9,1.76,1.77,40700
LKFN,20080528,16.5,16.5,16.2067,16.3267,30200
LLNW,20080528,3.02,3.17,2.9,3.08,454500
LLTC,20080528,36.88,36.91,36,36.35,9490700
LMAT,20080528,3.41,3.5,3.2,3.44,14800
LMCA,20080528,4.8867,4.8967,4.6767,4.77,8603600
LMIA,20080528,20.25,20.71,20.03,20.68,43300
LMNX,20080528,21.5,22.06,20.94,21.83,1323700
LNCE,20080528,20.67,20.67,20.23,20.38,62500
LNDC,20080528,8.13,8.26,8,8.26,110900
LOGI,20080528,32.48,32.93,32.3,32.85,1409400
LORL,20080528,19.01,19.05,18.67,18.92,42000
LPNT,20080528,31.59,31.75,31.42,31.7,1208500
LPSN,20080528,3.08,3.27,3.02,3.16,713000
LPTH,20080528,1.48,1.51,1.4,1.41,1400
LQDT,20080528,10.38,10.54,10.27,10.42,129100
LRCX,20080528,40.58,40.58,39.72,40.35,3247300
LSBK,20080528,9.51,9.61,9.5,9.5,500
LSCC,20080528,3.58,3.6,3.28,3.37,2316500
LSTR,20080528,53.6,54.91,53.29,54.67,812100
LTRX,20080528,0.92,0.93,0.9,0.91,31500
LULU,20080528,15.405,16.055,14.86,16.055,781200
LUNA,20080528,7.8,8,7.8,7.97,8400
LWAY,20080528,12.99,13,12.61,12.78,10900
LXRX,20080528,14.21,14.77,13.37,13.72,207500
LYTS,20080528,10.8,10.8,10.46,10.67,95600
MAGS,20080528,6.45,6.45,6.32,6.32,4300
MANH,20080528,6.3475,6.4,6.235,6.4,157100
MANT,20080528,48.7,49.74,48.4,49.13,349800
MARPS,20080528,33.85,35,33.85,34.3,700
MASI,20080528,33.82,33.82,33.15,33.53,347800
MAT,20080528,19.99,20.4,19.99,20.25,3818200
MATW,20080528,47.38,47.38,46.48,46.77,108700
MAYS,20080528,21,21,21,21,0
MBFI,20080528,28.56,28.77,27.38,27.76,117500
MBLX,20080528,66.54,67.74,62.52,63.72,275600
MBRG,20080528,23,23,22.75,22.97,5500
MBRX,20080528,2.02,2.19,1.9,1.97,18100
MBTF,20080528,8.69,8.95,8.64,8.75,18600
MBVT,20080528,22.99,23,22.65,22.75,1500
MBWM,20080528,8.75,9.26,8.48,8.48,78400
MCBC,20080528,8.84,8.97,8.75,8.97,43700
MCHP,20080528,36.9,37.26,36.75,37.18,2499100
MCHX,20080528,13.02,13.15,12.67,12.79,360500
MCRI,20080528,14.07,14.07,13.77,13.98,135500
MDCA,20080528,7.6,7.78,7.45,7.61,73700
MDCO,20080528,18.5,19.5,18.08,18.47,2328400
MDM,20080528,4.34,4.39,4.3,4.39,12900
MDRX,20080528,12.68,12.68,12.15,12.39,487000
MELI,20080528,44.9,46.16,43.56,44.9,843800
MENT,20080528,10.8,11.19,10.73,11.12,1055000
MEOH,20080528,28.19,28.66,27.8,28.33,453100
MERC,20080528,8,8.13,7.64,7.84,95400
MFNC,20080528,8.25,8.25,8.25,8.25,0
MFRI,20080528,15,15.39,15,15.29,9400
MFSF,20080528,10.39,10.39,10,10.15,9500
MGEE,20080528,22.9733,23.0667,22.6333,22.6467,60800
MGIC,20080528,1.72,1.8,1.72,1.76,12200
MGLN,20080528,39.77,40.07,39.24,39.96,391400
MGPI,20080528,7.85,8.15,7.59,8.1,215900
MGRC,20080528,27,27.91,26.53,27.06,377100
MGYR,20080528,10.87,10.88,10.87,10.88,200
MHGC,20080528,12.92,13,12.63,12.98,687500
MHLD,20080528,7.51,7.56,7.5,7.56,145500
MIDD,20080528,19.2133,19.2833,19.0133,19.2733,110400
MIND,20080528,19.99,20.47,19.84,20.47,59000
MINI,20080528,24.51,24.97,23.49,23.98,311100
MKSI,20080528,23.61,24.06,23.09,23.2,454600
MKTX,20080528,7.79,7.79,7.49,7.52,38000
MLAB,20080528,20.12,21,20,20,7000
MLHR,20080528,24.27,24.28,23.76,24.22,444300
MLNX,20080528,15.99,16.29,15.92,16.05,227800
MLVF,20080528,11.09,11.09,11,11,3500
MMLP,20080528,34.87,34.9,33.66,33.86,20600
MMSI,20080528,12.184,12.552,12.184,12.504,171000
MNDO,20080528,1.18,1.2,1.17,1.19,49800
MNKD,20080528,3.09,3.09,2.95,3.04,363700
MNOV,20080528,4.35,4.35,4.08,4.14,7200
MNRO,20080528,12.06,12.1333,11.5733,11.7933,124500
MNST,20080528,5.035,5.2083,5.03,5.1867,4128900
MNTA,20080528,11.95,12.41,11.95,12.39,347000
MNTX,20080528,5.3,5.4,4.85,5.24,1800
MOCO,20080528,10.9,11.3,10.9,11.09,25400
MOFG,20080528,15.81,15.83,15.38,15.79,17300
MORN,20080528,70.25,70.45,69.18,69.86,79900
MOSY,20080528,5.5,5.56,5.1,5.12,30900
MPAA,20080528,7.1,7.2,7.07,7.08,1600
MPEL,20080528,12.5,12.51,11.95,12.25,1624300
MPET,20080528,1.75,1.79,1.67,1.71,59800
MPWR,20080528,23.02,23.1,22.76,23.1,250300
MRCY,20080528,8.08,8.08,7.7,8.01,107300
MRLN,20080528,7.02,7.04,6.75,7,50700
MRTN,20080528,11.4667,11.9533,11.2467,11.46,34700
MRVC,20080528,1.77,1.8,1.7,1.74,656700
MRVL,20080528,14.25,14.34,13.94,14.34,9725000
MSBF,20080528,10.8,10.82,10.8,10.82,7700
MSCC,20080528,26.99,26.99,26.35,26.74,669100
MSEX,20080528,19,19,18.61,18.69,14900
MSFG,20080528,17.73,17.85,16.92,17,135300
MSFT,20080528,28.56,28.57,28.04,28.18,52318400
MSON,20080528,3.63,3.71,3.62,3.71,6300
MSTR,20080528,80.68,81.24,78.34,79.91,273800
MTEX,20080528,65.6,65.6,63.5,64.3,51900
MTRX,20080528,23.72,25.24,23.57,24.76,373000
MTSC,20080528,37.49,37.73,36.56,37.05,64700
MTSL,20080528,1.1,1.14,1.1,1.14,2100
MU,20080528,8.21,8.35,8.19,8.27,12527600
MVIS,20080528,25.84,27.2,25.84,26.88,334400
MXWL,20080528,13.77,13.79,13.23,13.67,198300
MYGN,20080528,24.615,24.615,23.755,24.025,2172500
NAII,20080528,7.47,8,7.47,7.83,8700
NANO,20080528,7.83,8.06,7.8,7.98,20200
NATH,20080528,14.07,14.11,13.92,14,7700
NATI,20080528,20.8933,21.2267,20.8,21.06,812300
NAVG,20080528,51.74,51.74,50.26,50.5,258300
NAVI,20080528,3.65,3.7,3.6,3.7,79600
NBIX,20080528,4.7,4.83,4.7,4.76,325000
NBN,20080528,13.75,13.75,13,13.08,1800
NBTB,20080528,24.62,24.7,23.71,23.92,121600
NCIT,20080528,20.65,21.47,20.65,20.97,16000
NCMI,20080528,19.86,19.86,18.95,19.41,207700
NCTY,20080528,25,25.41,24.24,25.1,238500
NDAQ,20080528,33.52,34.2,33.34,33.99,2747900
NDSN,20080528,35.01,36.08,34.9,36.08,630400
NEOG,20080528,11.0978,11.3511,11.0267,11.3422,14900
NEON,20080528,0.94,0.94,0.8,0.89,24300
NEPT,20080528,3.14,3.14,3.14,3.14,0
NEWS,20080528,5.85,5.99,5.53,5.7,181100
NEWT,20080528,5.3,5.6,5.25,5.25,217400
NFBK,20080528,11,11.05,10.7,11.05,69500
NFLX,20080528,4.5743,4.6286,4.4214,4.4457,1863100
NICE,20080528,34.6,34.95,34.18,34.86,114400
NICK,20080528,6.95,7.08,6.92,7.03,14800
NIHD,20080528,48.43,49.79,48.07,49.61,2293000
NILE,20080528,51.09,53.5,49.53,52.52,209500
NKSH,20080528,18.34,18.91,17.51,18.02,3200
NKTR,20080528,4.3,4.44,4.21,4.28,400300
NLST,20080528,1.53,1.61,1.5,1.54,26600
NMRX,20080528,6.58,6.91,6.57,6.89,8900
NNBR,20080528,12.93,13.09,12.65,12.88,174100
NOVN,20080528,12.04,12.21,11.71,11.83,263800
NRIM,20080528,19.37,19.37,18.82,18.82,3700
NSEC,20080528,16.75,16.75,16.75,16.75,0
NSIT,20080528,12.26,12.69,12.15,12.67,677700
NSSC,20080528,4.52,5.18,4.48,4.59,30600
NSYS,20080528,8.23,8.25,8.23,8.24,400
NTAP,20080528,23.96,24.12,23.83,23.99,7255000
NTCT,20080528,12.21,12.47,11.7,11.88,137800
NTEC,20080528,0.49,0.59,0.49,0.59,38800
NTES,20080528,22.96,23.05,22.54,22.81,775300
NTGR,20080528,18.79,18.98,18.36,18.55,427300
NTRI,20080528,20.42,20.86,20.3,20.59,844200
NTRS,20080528,75.69,75.75,74.35,75.32,1620600
NTWK,20080528,27.4,28,26.8,28,166200
NUAN,20080528,18.83,19.38,18.81,19.33,2814900
NURO,20080528,51.6,52.32,51.36,51.84,37400
NUTR,20080528,13.42,13.42,12.81,12.81,12900
NUVA,20080528,40.67,41.59,40.03,40.62,311400
NVAX,20080528,2.78,2.84,2.74,2.8,80000
NVDA,20080528,24,24.06,23.31,23.58,18797100
NVEC,20080528,35.99,36.26,35.28,35.6,41600
NVGN,20080528,7.54,7.63,7.48,7.59,34200
NVLS,20080528,23.35,23.61,23.02,23.35,3611100
NVMI,20080528,1.55,1.55,1.5,1.52,26900
NWFL,20080528,30.15,30.15,30.15,30.15,0
NWPX,20080528,48.69,49.19,47.41,47.66,82000
NXST,20080528,6.09,6.09,5.84,5.96,69300
NXTM,20080528,5.02,5.29,4.95,5.28,192300
NYMX,20080528,4.15,4.36,4.15,4.25,96200
NYNY,20080528,18.55,20,18.5,19.1,359800
OBAS,20080528,9.3,9.3,8.85,8.85,4200
OBCI,20080528,1.17,1.2,1.11,1.2,7500
OCFC,20080528,20.76,20.89,19.82,20.25,63600
OCLS,20080528,134.05,138.95,124.6,128.45,33600
ODFL,20080528,12.7378,12.7822,12.3955,12.5111,414000
OESX,20080528,12.4,12.48,11.98,12.46,187100
OFIX,20080528,32.31,32.31,31.23,31.48,138100
OFLX,20080528,15.75,15.75,15.5,15.5,3200
OIIM,20080528,9.17,9.25,8.93,9.15,181100
OKSB,20080528,17.59,17.59,16.56,16.89,56400
OLBK,20080528,8.12,8.12,8.12,8.12,0
OMAB,20080528,19.35,19.4,18.51,18.65,230600
OMCL,20080528,13.73,13.8,13.25,13.4,295900
OMEX,20080528,56.4,56.4,55.32,56.28,176100
ONEQ,20080528,97.93,97.93,96.85,97.61,232500
ONVI,20080528,5.58,5.71,5.58,5.6,11600
OPHC,20080528,320,320,320,320,0
OPOF,20080528,17.35,17.42,17.35,17.41,1200
OPTT,20080528,94,94.1,89.5,90.8,60100
OPXA,20080528,3.52,3.52,3.52,3.52,1400
OPXAW,20080528,0.21,0.21,0.21,0.21,0
ORBC,20080528,6.05,6.48,6.03,6.18,104700
ORBK,20080528,17.07,17.07,15.98,16.87,163000
OREX,20080528,83.6,84.5,78.5,81.4,101100
ORIT,20080528,16.29,16.29,16.05,16.22,19200
ORLY,20080528,26.57,26.82,26.21,26.45,1169700
OSBC,20080528,20.1,20.39,19.51,19.6,76000
OSBCP,20080528,10,10,10,10,0
OSHC,20080528,10.05,10.05,10.03,10.05,13300
OSIR,20080528,13.17,13.8,12.87,13.35,46300
OSIS,20080528,25.94,25.94,25.65,25.9,59100
OSTK,20080528,28.49,28.5,27.77,28.05,291700
OSUR,20080528,5.37,5.37,5.08,5.12,149000
OTEX,20080528,17.75,18.355,17.575,18.1,839100
OTIV,20080528,2.33,2.73,2.31,2.65,88500
OTTR,20080528,36.56,37.38,36.43,36.7,154600
OVBC,20080528,25.02,25.02,25.02,25.02,2800
OZRK,20080528,6.5,6.5,6.27,6.325,86400
PAAS,20080528,32.95,34.12,32.61,33.96,910400
PACW,20080528,21.56,21.77,21.05,21.38,224700
PANL,20080528,14.94,15,14.53,14.83,143900
PATK,20080528,4.96,4.96,4.96,4.96,0
PAYX,20080528,34.78,34.93,34.25,34.45,2458500
PBCT,20080528,16.63,16.64,16.25,16.64,3530100
PBHC,20080528,9.01,9.63,9.01,9.6,800
PBIB,20080528,17.81,18.04,17.81,17.97,1300
PBIP,20080528,11.9,11.9,11.9,11.9,26900
PCAR,20080528,51.42,51.8,50.91,51.8,2069200
PCBK,20080528,14,14.01,14,14,1300
PCLN,20080528,132.49,134.5,128.89,134.13,1093000
PCTI,20080528,9.26,9.3,9.14,9.18,154800
PCYO,20080528,6.14,6.25,5.96,6.06,5900
PDCO,20080528,33.79,33.8,33.45,33.73,1145000
PDEX,20080528,1.38,1.38,1.33,1.33,25000
PDFS,20080528,5.36,5.39,5.11,5.39,73200
PDLI,20080528,9.77,9.94,9.7,9.79,1838800
PEBK,20080528,13.21,13.87,13,13.87,7000
PEBO,20080528,24,24.14,23.4,23.83,95300
PEGA,20080528,6.21,6.24,6.125,6.24,17400
PEIX,20080528,61.5,63.3,53.25,53.85,4563500
PENN,20080528,44.94,45.3,43.85,45.05,3116600
PERY,20080528,26.96,28.45,26.68,28.36,227300
PESI,20080528,11.75,12,11.7,11.85,25600
PETS,20080528,13.74,13.88,13.48,13.66,146700
PFBC,20080528,9.16,9.37,8.7,9.01,161300
PFBI,20080528,11.45,11.61,11.2,11.2,8700
PFBX,20080528,22.77,22.77,22.77,22.77,0
PFIN,20080528,4.1,4.1,4.1,4.1,700
PFSW,20080528,0.91,0.94,0.91,0.93,36000
PGNX,20080528,15.31,15.7,14.89,15.32,711100
PGTI,20080528,3.4,3.5,3.11,3.13,54100
PHII,20080528,37.95,37.95,37.95,37.95,0
PHIIK,20080528,38.17,39.1,37.14,39.1,31200
PHMD,20080528,2.95,3.1,2.9,2.9,118300
PICO,20080528,40.18,40.75,40.05,40.45,118900
PKBK,20080528,14.04,14.04,14.04,14.04,500
PKOH,20080528,15.33,15.5,15.24,15.26,83200
PLAB,20080528,9.27,9.27,8.88,8.94,282800
PLBC,20080528,11.85,11.85,11.13,11.13,1500
PLCE,20080528,34.29,35.3,34.26,34.43,1047000
PLPC,20080528,51.64,52,50.03,51.62,500
PLUG,20080528,3.19,3.22,3.06,3.16,552700
PLXS,20080528,27.65,28.16,27.41,28.04,549100
PMBC,20080528,9.1,9.16,8.8,8.94,5700
PNBK,20080528,147.4,147.4,147.4,147.4,1200
PNFP,20080528,28,28,26.73,27,49200
PNNT,20080528,8.31,8.31,8.1,8.19,92600
PNRA,20080528,49.51,51.5,49.02,51,1026800
PNRG,20080528,57.32,57.94,52,57.94,1000
PNTR,20080528,6.57,6.85,6.3,6.56,14400
PODD,20080528,16.16,17.37,16.16,17.25,282400
POOL,20080528,21.11,21.12,20.36,20.55,292100
POPE,20080528,33.31,33.5,32.83,33,28000
POWI,20080528,32.7,32.89,32.35,32.83,58300
POWL,20080528,52.86,52.86,51.74,52.67,42100
PPBI,20080528,7.35,7.35,7.35,7.35,200
PPHM,20080528,0.45,0.47,0.44,0.45,256400
PRAA,20080528,13.6733,13.6733,12.5867,13.17,262700
PRAN,20080528,23.7,24.6,23.7,24.6,2900
PRCP,20080528,9.01,9.12,8.8,8.85,34100
PRFT,20080528,9.53,10,9.53,9.98,458500
PRFZ,20080528,51.7,51.81,51.29,51.71,56800
PRGS,20080528,20.2733,20.3333,20.0733,20.3,149400
PRGX,20080528,10.01,10.33,9.89,10.18,62100
PRKR,20080528,104.8,109.2,103.2,108.1,126800
PROV,20080528,12.33,12.33,12.18,12.29,9500
PRSC,20080528,27.55,27.56,26.7,27.18,43900
PRTS,20080528,3.18,3.5,3.18,3.32,19100
PRXL,20080528,25.37,25.49,24.64,24.93,469300
PSDV,20080528,1.23,1.25,1.18,1.23,96400
PSEC,20080528,14.8,14.88,14.36,14.5,1869000
PSMT,20080528,24.24,24.9,23.6,23.87,177700
PSTI,20080528,2.01,2.01,1.85,1.9,155300
PTEN,20080528,30.89,31.95,30.78,31.95,4300800
PTIE,20080528,8.01,8.07,7.87,7.92,377300
PTNR,20080528,24.42,24.5,23.92,24.39,204500
PTSI,20080528,15.11,15.62,14.87,15.4,24200
PVTB,20080528,36.86,36.87,35.25,36.01,125200
PVTBP,20080528,25.65,25.7,25.5,25.7,38700
PWOD,20080528,30.81,32.36,30.81,30.95,1400
PXLW,20080528,0.76,0.8,0.73,0.76,65200
PZZA,20080528,14.365,14.47,14.26,14.44,204500
QBAK,20080528,17.52,17.82,17.4,17.82,5800
QCLN,20080528,26.88,27.15,26.61,27.15,9700
QCOM,20080528,48.92,48.94,48.01,48.32,16655600
QCRH,20080528,15,15,15,15,0
QDEL,20080528,16.47,16.47,16.11,16.43,106700
QGEN,20080528,20.63,20.63,20.34,20.5,441800
QLTI,20080528,3.82,3.87,3.8,3.82,214700
QQEW,20080528,21.25,21.25,21.09,21.25,15200
QQQ,20080528,49.28,49.36,48.75,49.25,121369100
QQQX,20080528,17.25,17.28,17.02,17.28,57100
QQXT,20080528,19.78,19.81,19.76,19.81,1100
QSII,20080528,17.205,17.6,16.905,17.2,421000
QTEC,20080528,21.52,21.52,21.32,21.47,35200
QUIK,20080528,1.8,1.8,1.72,1.72,108900
RADA,20080528,4.28,4.28,4.28,4.28,0
RAIL,20080528,41.6,43.6,41.6,43.16,309300
RAND,20080528,3.95,3.95,3.95,3.95,0
RAVN,20080528,18.5,19.055,18.39,18.86,111800
RBCAA,20080528,24.46,24.7,24.33,24.67,123200
RBCN,20080528,22.48,22.84,22,22.79,211100
RBPAA,20080528,9.63,9.92,9.05,9.84,69700
RCII,20080528,21.01,21.15,20.67,21,1071200
RCKY,20080528,5.67,5.95,5.66,5.66,6900
RCMT,20080528,4.3,4.3,4.25,4.25,3200
RDCM,20080528,0.62,0.68,0.62,0.68,4100
RDNT,20080528,6.45,6.48,6.21,6.4,99100
RDWR,20080528,5,5.06,4.925,4.975,233400
RECN,20080528,21.29,21.38,20.75,21,288100
REFR,20080528,5.6,6.17,5.5,6.12,43800
REGN,20080528,19.48,19.61,18.92,19.15,363200
REIS,20080528,5.59,5.68,5.5,5.51,800
RELL,20080528,5.79,6.02,5.51,5.73,29100
RELV,20080528,40.53,40.74,38.85,39.06,33100
REXX,20080528,23.55,23.65,22.69,23.43,193300
RFIL,20080528,2.94,2.94,2.905,2.905,800
RGCO,20080528,13.935,14.48,13.935,14.48,400
RGEN,20080528,5.73,5.77,5.66,5.69,100200
RGLD,20080528,30,30.81,30,30.78,268500
RICK,20080528,22.74,23.2,22.39,22.9,148700
RIGL,20080528,22.01,22.5,21.26,21.89,406300
RLOG,20080528,4.92,5.14,4.8,5.14,1300
RMBS,20080528,20.35,20.47,20.11,20.31,762200
RMCF,20080528,11.48,12.1,11.48,12.03,28100
RMTI,20080528,5.39,5.78,5.39,5.69,7800
RNST,20080528,23.93,24.28,23.71,23.88,258500
RNWK,20080528,7.2,7.27,7.09,7.19,875300
ROCK,20080528,15.64,15.82,15.04,15.4,187200
ROIA,20080528,1.14,1.18,1.12,1.15,13800
ROIAK,20080528,1.15,1.17,1.1,1.12,358700
ROLL,20080528,40.28,40.35,37.14,38.01,498900
ROSG,20080528,62.85,64.2,61.8,63.3,5400
ROST,20080528,8.9625,9.2625,8.9475,9.23,4117800
RPRX,20080528,9.66,9.74,9.22,9.7,39200
RRGB,20080528,33.09,33.89,33,33.26,752700
RSYS,20080528,10.08,10.17,10,10.13,61200
RTIX,20080528,9.72,9.72,9.56,9.64,114000
RUSHA,20080528,15.75,15.75,15.18,15.22,144900
RUSHB,20080528,14.32,14.36,13.96,14.08,45800
RUTH,20080528,6.85,6.98,6.71,6.98,166200
RVSB,20080528,8.56,8.99,8.56,8.99,2800
RXII,20080528,62.5,68.4,60,66.5,16000
RYAAY,20080528,27.69,27.74,26.33,26.72,727500
SAFM,20080528,48.69,50.33,48.44,50,715200
SAFT,20080528,38.5,38.96,37.9,38.19,61800
SAIA,20080528,9.38,9.38,9.16,9.2,45500
SALM,20080528,2.67,2.7,2.64,2.64,45600
SANM,20080528,1.54,1.59,1.53,1.57,12694800
SASR,20080528,26.96,27.01,26.5,26.76,172100
SATS,20080528,38.3,38.3,37.15,37.72,231000
SBAC,20080528,36.39,36.71,36.02,36.52,795600
SBBX,20080528,10.23,10.23,10.23,10.23,0
SBCF,20080528,54.1,54.3,50.7,52,160300
SBGI,20080528,9.44,9.44,8.94,8.99,407800
SBLK,20080528,1021.5,1046.25,1017,1042.5,416100
SBNY,20080528,28.39,28.55,27.4,27.86,111300
SBSA,20080528,1.48,1.51,1.44,1.5,85100
SBSI,20080528,20.5238,20.6571,20.3905,20.619,48100
SBUX,20080528,8.8,8.94,8.525,8.915,15349200
SCHL,20080528,30.24,30.24,29.12,29.62,307600
SCHN,20080528,94.86,95.84,93.4,95.69,832600
SCKT,20080528,0.75,0.75,0.72,0.75,2200
SCLN,20080528,1.72,1.79,1.72,1.76,90400
SCMP,20080528,12.17,12.17,11.76,11.94,14100
SCON,20080528,649.8,649.8,570.6,586.8,561500
SCOR,20080528,23.16,23.48,23,23.41,171400
SCSC,20080528,30.15,30.3,29.89,30.17,234000
SCSS,20080528,2.57,2.67,2.55,2.67,156800
SCVL,20080528,8.5133,8.8067,8.4267,8.7133,105200
SEAC,20080528,7.09,7.15,6.92,7.02,351500
SEED,20080528,6.3,6.49,6.25,6.41,246300
SEIC,20080528,23.5,23.62,23.08,23.45,738300
SENEA,20080528,20.89,20.9,20.89,20.9,600
SENEB,20080528,21.25,21.25,20.8,20.8,4200
SFLY,20080528,12.98,12.99,12.38,12.78,309400
SFNC,20080528,31.21,31.73,29.86,30.31,71500
SFST,20080528,13.49,13.72,13.25,13.72,8300
SGC,20080528,9.22,9.28,9.2,9.2,3600
SGEN,20080528,9.32,9.33,9,9.1,276800
SGMA,20080528,5.83,6,5.83,6,2200
SGMO,20080528,12.72,12.86,12.27,12.33,102600
SGMS,20080528,30.52,31.94,30.01,31.83,1412300
SGRP,20080528,1.03,1.03,1.03,1.03,1300
SHBI,20080528,23.49,23.9,23.26,23.9,2300
SHEN,20080528,7.94,8,7.84,7.98,30700
SHLD,20080528,87.85,89.99,87.18,89.36,2499000
SHLM,20080528,22.39,22.47,21.93,22.47,93000
SHLO,20080528,9.85,10.1,9.76,10.1,6600
SHOO,20080528,5.5437,5.7541,5.5259,5.6889,274300
SHOR,20080528,5.52,5.55,5.25,5.29,203100
SIEB,20080528,3.04,3.04,3.04,3.04,0
SIFI,20080528,9.81,9.81,9.81,9.81,0
SIFY,20080528,4.97,5.06,4.94,4.95,73300
SIGI,20080528,21.63,21.93,21.18,21.6,248400
SIGM,20080528,22.11,22.22,20.6,21.49,2777200
SILC,20080528,8.55,8.58,8.41,8.54,48000
SIMO,20080528,18.8,19.37,18.62,19.18,785600
SINA,20080528,50.56,51.6,50.17,51.45,1215600
SINO,20080528,17.42,18.2,15.11,15.39,910500
SIRI,20080528,2.62,2.62,2.55,2.56,19054200
SIVB,20080528,50.99,51.33,50.22,50.7,605800
SIVBO,20080528,21.32,21.38,21.26,21.38,600
SKYW,20080528,15.63,15.84,14.92,15,749200
SLAB,20080528,36.67,36.99,36.38,36.88,858600
SLGN,20080528,28.445,28.65,27.915,28.35,130400
SLMAP,20080528,41.25,42,39.24,40.3,2400
SLP,20080528,1.7,1.75,1.66,1.66,28400
SMBC,20080528,7.125,7.125,7.125,7.125,0
SMCI,20080528,7.26,7.26,7.15,7.2,55900
SMIT,20080528,6.11,6.24,6.11,6.24,200
SMMF,20080528,13.26,14,13.25,13.99,8500
SMRT,20080528,5.66,5.77,5.61,5.74,185700
SMSI,20080528,31.84,32.68,31.8,32.68,333000
SMTC,20080528,17.91,17.93,17.52,17.75,920700
SMTX,20080528,2.34,2.41,2.32,2.37,66300
SNAK,20080528,1.77,1.82,1.77,1.82,5400
SNBC,20080528,55.1,55.1,53.35,54.6,73100
SNCR,20080528,12.97,13.26,12.76,13.26,1020500
SNFCA,20080528,4.05,4.05,3.9,3.9,900
SNHY,20080528,26.86,26.8667,25.5533,26.1333,158200
SNMX,20080528,5.31,5.37,5.11,5.16,87000
SNPS,20080528,25.63,25.9,25.4,25.86,1402600
SNSS,20080528,10.68,11.88,10.68,11.28,12600
SOFO,20080528,0.67,0.68,0.67,0.67,29900
SOHU,20080528,78.6,83.33,77.52,83.33,2247200
SONA,20080528,9.05,9.05,9.05,9.05,0
SONC,20080528,18.97,19.32,18.82,19.08,701500
SONS,20080528,21.6,21.6,20.9,21.2,3569600
SORL,20080528,6.25,6.25,6.05,6.24,28400
SPAN,20080528,12,12.37,12,12.37,3200
SPAR,20080528,9.09,9.09,8.52,8.64,274600
SPEX,20080528,410.4,410.4,399,399,7400
SPIL,20080528,8.52,8.6,8.35,8.52,747500
SPLS,20080528,23.27,23.49,22.85,23.07,4798700
SPNC,20080528,11.02,11.27,11,11.26,289100
SPNS,20080528,1.12,1.25,1.12,1.25,16000
SPPI,20080528,1.71,1.79,1.65,1.68,216100
SPRT,20080528,3.43,3.66,3.43,3.65,251100
SPTN,20080528,23.15,23.26,22.49,23.15,165900
SPWR,20080528,81.81,84.23,78.68,83,2804100
SRCE,20080528,22.28,22.28,21.15,21.76,28400
SRCL,20080528,58.23,58.92,57.5,58.66,596600
SRDX,20080528,44.29,44.3,42.64,43.78,74500
SSBI,20080528,8,8,8,8,0
SSFN,20080528,13.29,13.29,13.26,13.26,1200
SSRI,20080528,29,29.87,28.77,29.71,393900
SSYS,20080528,21.55,21.94,21.28,21.8,99600
STAA,20080528,3.46,3.48,3.35,3.37,245700
STBA,20080528,33.2,33.2,32,32.33,66500
STEM,20080528,16.8,17.04,16.56,16.56,102600
STFC,20080528,27.92,27.95,27.41,27.74,45600
STKL,20080528,6.32,6.4,6.2,6.37,168800
STLD,20080528,35.18,35.84,34.59,35.83,6740500
STLY,20080528,11.83,12.25,11.71,11.95,41900
STMP,20080528,14.64,14.7,14.04,14.37,212700
STRA,20080528,198.4,199,195.52,197.38,120000
STRL,20080528,20.37,20.37,19.56,19.85,25800
STRM,20080528,2.03,2.03,1.96,1.99,4000
STRS,20080528,24.38,26.11,24,25.98,11500
STRT,20080528,36.57,38.69,36.23,38.38,3600
SUMR,20080528,4.5,4.5,4.45,4.45,13000
SVBI,20080528,8.1,8.1,8.1,8.1,200
SWHC,20080528,5.75,5.77,5.5,5.62,453100
SWIR,20080528,16.7,16.85,16.62,16.79,350200
SWKS,20080528,9.53,10,9.44,9.92,6768000
SYBT,20080528,16.32,16.4467,15.7133,16.4467,11700
SYKE,20080528,20.3,20.4,20.14,20.3,249400
SYMC,20080528,21.26,21.38,20.94,21.38,13955100
SYMX,20080528,9.65,9.85,9.59,9.76,47200
SYNA,20080528,42.23,42.4,40.62,41.5,803500
SYNL,20080528,16.63,16.63,16.34,16.34,300
SYNT,20080528,16.47,16.47,16.055,16.235,111100
SYPR,20080528,4.78,4.84,4.51,4.51,14500
SYUT,20080528,32.22,32.93,30.37,32.72,7600
TACT,20080528,8.16,8.28,7.78,7.8,22500
TAIT,20080528,1.35,1.35,1.35,1.35,0
TASR,20080528,7.23,7.25,7.1,7.13,1398600
TAST,20080528,6.69,6.69,6.36,6.56,106800
TAYD,20080528,7.12,7.24,6.62,7.1,81600
TBBK,20080528,11.3,11.3,10.75,10.83,97700
TCBI,20080528,18.44,18.81,17.95,18.25,134500
TCBK,20080528,15.98,16.05,15.25,15.99,22800
TCX,20080528,2.44,2.44,2.36,2.4,41300
TEAM,20080528,9.99,10,9.6,9.6,3300
TECD,20080528,36.41,36.61,36.09,36.38,517800
TECH,20080528,78,78,77,77.71,297700
TESO,20080528,32.31,33.84,32.02,33.73,317800
TESS,20080528,8.6267,8.7,8.3333,8.5,51100
TFSL,20080528,12.12,12.32,12,12.27,505300
TGA,20080528,4.99,5.2,4.93,5.18,171200
TGEN,20080528,0.74,0.81,0.74,0.81,43700
THFF,20080528,31.5,31.97,30.91,31.51,8400
THLD,20080528,0.33,0.34,0.31,0.33,80500
THRM,20080528,2.86,2.96,2.8,2.88,419900
TICC,20080528,6.12,6.19,6,6.17,176500
TINY,20080528,8.03,8.03,7.9,7.98,71900
TISA,20080528,2.09,2.09,2,2.06,3100
TITN,20080528,26.49,26.5,25.2,25.98,573600
TIVO,20080528,8.61,8.63,7.95,8.1,3347800
TLT,20080528,90.54,90.66,90.14,90.34,3250600
TNDM,20080528,19.5,19.52,18.45,19.04,90300
TOPS,20080528,647.5,662.9,622.3,623.7,197400
TORM,20080528,2.08,2.1,2.08,2.1,2000
TOWN,20080528,19.78,19.78,18.9,19.68,30200
TRIB,20080528,3.35,3.58,3.35,3.44,88500
TRMB,20080528,18.93,19.37,18.93,19.265,1254100
TRMK,20080528,20.47,20.69,19.43,19.71,529800
TRNS,20080528,6.25,6.85,6.25,6.74,6000
TROW,20080528,58.21,59.06,57.28,58.33,1405800
TRST,20080528,8.66,8.66,8.27,8.43,309200
TRUE,20080528,17.88,17.94,17.88,17.94,700
TSBK,20080528,10.81,10.84,10.8,10.84,500
TSCO,20080528,8.3475,8.5125,8.3475,8.4475,391900
TSEM,20080528,14.7,15.6,14.7,15.15,194000
TSRA,20080528,20.39,21.15,20.11,20.22,622300
TSRI,20080528,3.61,3.61,3.61,3.61,900
TTEC,20080528,26,26.14,25.89,26.03,444200
TTEK,20080528,25.76,26.3,25.57,25.9,553000
TTGT,20080528,12.77,12.83,11.91,12.67,51400
TTMI,20080528,14.7,14.71,14.33,14.41,582300
TTWO,20080528,27.02,27.07,26.74,26.82,430200
TUES,20080528,4.87,4.97,4.81,4.95,147500
TWER,20080528,31,31.6,28.4,29,76200
TWIN,20080528,18.43,19.48,18.15,19.47,140600
TWMC,20080528,2.54,2.65,2.54,2.57,175000
TXN,20080528,32.52,32.65,32.19,32.49,17604100
TXRH,20080528,10.99,11.04,10.9,10.97,517200
TYPE,20080528,14,14,13.64,14,93400
TZOO,20080528,11,11.03,10.52,10.64,184700
UBCP,20080528,9.75,9.79,9.7,9.7,6500
UBFO,20080528,15.45,15.5,14.99,15.15,16600
UBNK,20080528,12.46,12.46,12.08,12.24,57000
UBOH,20080528,13.25,13.25,13.25,13.25,0
UBSH,20080528,19,19.12,18.44,19.09,48400
UBSI,20080528,28.65,28.67,27.28,27.7,210600
UCBA,20080528,8.86,8.86,7.71,8.26,500
UCBI,20080528,11.5,11.66,10.84,10.94,627900
UCFC,20080528,7.28,7.28,6.16,6.2,397800
UCTT,20080528,10.18,10.25,9.91,10.09,59100
UEIC,20080528,24.61,24.75,23.97,24.21,52700
UEPS,20080528,29.62,29.62,28.57,29.13,496000
UFCS,20080528,34.99,35.42,34.82,35.26,55700
UFPI,20080528,34.18,34.59,33.47,33.73,66100
UFPT,20080528,13.11,13.49,13.1,13.46,130900
UHAL,20080528,57.63,58.56,56.76,58.45,35100
ULBI,20080528,9.76,9.81,9.6,9.67,106600
ULTA,20080528,14.38,15,14.3,14.99,309900
ULTI,20080528,37.9,38.71,37.29,38.25,301600
UMBF,20080528,52.48,52.73,50.96,51.37,237900
UMPQ,20080528,14.65,14.65,13.52,13.87,706100
UNAM,20080528,8.9,8.9,8.9,8.9,0
UNFI,20080528,21.22,21.67,20.99,21.24,355700
UNTY,20080528,7.26,7.26,7.26,7.26,300
URBN,20080528,31.2,31.88,30.97,31.56,3606900
URRE,20080528,538.8,540,530.4,536.4,347300
USAK,20080528,12.36,12.7,12.33,12.48,2600
USAP,20080528,40.7,40.89,39.2,40,64400
USAT,20080528,5.92,6.28,5.92,6.09,95200
USATP,20080528,10.5,10.5,10.5,10.5,1000
USEG,20080528,15.66,15.96,15.6,15.9,67200
USLM,20080528,36.77,37.59,36.77,37.59,300
UTEK,20080528,17,17.13,16.67,16.83,178800
UTHR,20080528,47.485,47.985,46.265,46.845,571900
UTMD,20080528,27.56,28.25,27.56,27.98,1900
UTSI,20080528,14.34,14.34,13.5,13.74,1323000
UVSP,20080528,23.25,23.44,23.03,23.17,12400
VALU,20080528,40.4,41.99,40.39,41.11,2200
VASC,20080528,6.41,6.5,6.38,6.44,8500
VBFC,20080528,160,160,160,160,0
VDSI,20080528,11.52,11.75,11.36,11.56,407500
VECO,20080528,18.44,18.75,18.25,18.63,149700
VIA,20080528,38.42,38.96,36.02,36.73,340400
VIAB,20080528,38.32,38.88,35.78,36.49,7533200
VICL,20080528,32.4,32.5,32.2,32.5,31600
VICR,20080528,11.29,11.4,10.9,11.03,91300
VIRC,20080528,4.92,5.2,4.9,4.9,18800
VISN,20080528,396,420,372.4,399.6,969100
VIVO,20080528,29.26,29.48,28.93,29.23,173800
VLGEA,20080528,23.265,23.61,22.82,23.395,2900
VNDA,20080528,4.6,4.69,4.54,4.6,165400
VOD,20080528,32.4,32.66,32.03,32.54,2864700
VOXX,20080528,10.75,10.98,10.46,10.5,38600
VRML,20080528,2.4,2.4,2.3,2.34,11300
VRSN,20080528,39.51,39.63,38.68,39.54,5514500
VRTB,20080528,31.88,31.92,30.76,31,12400
VRTU,20080528,10.18,10.2,10.01,10.19,52100
VRTX,20080528,27.23,27.24,26.5,26.96,850500
VSAT,20080528,19.6,20.32,19.29,20.3,256100
VSEC,20080528,15.735,15.975,15.39,15.975,20700
VVUS,20080528,6.98,7.47,6.93,7.36,983800
WABC,20080528,55.5,55.98,54.35,54.77,276300
WAFD,20080528,23,23.05,22.07,22.32,1216000
WASH,20080528,24.26,24.3,23.45,23.66,22100
WAYN,20080528,9.44,9.44,9.44,9.44,3000
WBMD,20080528,29.17,30.31,29.01,30,527700
WDC,20080528,36.07,37.36,36.07,36.74,5924500
WDFC,20080528,34.86,34.9,34.28,34.47,52800
WERN,20080528,18.78,18.88,18.47,18.66,1533400
WEYS,20080528,27.33,27.38,27,27.01,6500
WFM,20080528,13.965,14.39,13.955,14.345,4056300
WILC,20080528,5.59,6.6,5.58,5.65,220100
WINA,20080528,18,18,17.99,18,1400
WINS,20080528,4.75,5,4.75,5,30100
WIRE,20080528,24.76,24.91,23.82,24.25,344000
WLDN,20080528,5.3,5.52,5.3,5.38,17300
WLFC,20080528,11,11.12,10.93,11.02,8800
WMAR,20080528,4.68,4.68,4.45,4.47,228400
WMGI,20080528,29.34,29.59,29.18,29.31,243300
WOOF,20080528,31.72,31.91,31.26,31.61,594500
WPCS,20080528,1010.24,1024.1,1008.7,1017.94,3900
WPPGY,20080528,60.88,61.1,60.52,60.9,63400
WRLD,20080528,45.21,45.36,43.78,45.14,469100
WSBC,20080528,22.32,22.41,21.53,21.81,67700
WSCI,20080528,12.09,12.3,11.95,12.15,59300
WSFS,20080528,16.8767,16.8767,16.1633,16.4633,42900
WSTG,20080528,9.4,9.78,9.4,9.64,7400
WSTL,20080528,1.37,1.38,1.36,1.37,124600
WTBA,20080528,11.48,11.81,11.25,11.26,10800
WTFC,20080528,31.16,31.2,29.95,30.44,127400
WVFC,20080528,16.25,16.25,16.25,16.25,0
WVVI,20080528,7.04,7.08,7,7.08,11100
WYNN,20080528,98.62,100.59,98.19,99.84,1734400
XLNX,20080528,26.98,27,26.5,26.84,4336900
XOMA,20080528,37.8,37.8,35.6,36.8,1190100
XRAY,20080528,40.79,41.07,40.11,40.29,1260400
XTLB,20080528,3.05,3.08,2.93,2.95,48400
XXIA,20080528,7.98,8.01,7.78,7.99,261700
YHOO,20080528,27.45,27.48,26.95,27.16,21785500
YORW,20080528,14.99,14.99,14.71,14.79,8900
YRCW,20080528,16.74,17.04,16.04,16.31,1874700
ZBRA,20080528,37.56,37.56,36.62,37.19,331100
ZEUS,20080528,61.69,63.43,61.59,63.39,280500
ZION,20080528,43.66,43.66,41.7,42.71,3053700
ZIOP,20080528,2.4,2.48,2.4,2.47,12000
ZIXI,20080528,2.75,2.79,2.65,2.68,244600
ZUMZ,20080528,19.58,20.11,19.58,20.02,236800
