<ticker>,<date>,<open>,<high>,<low>,<close>,<vol>
AAME,20100812,1.22,1.3,1.22,1.3,1700
AAON,20100812,6.6726,6.7645,6.6667,6.7111,25800
AAPL,20100812,35.2414,36.1571,35.16,35.97,19104200
AAWW,20100812,46.4,46.9,44.82,46.28,509900
AAXJ,20100812,54.35,54.98,54.34,54.79,356200
ABAX,20100812,19.27,19.76,18.97,19.62,81000
ABCB,20100812,8.59,8.9,8.52,8.82,58900
ABCD,20100812,3.1,3.36,3.1,3.25,50900
ABCO,20100812,21.625,22.015,21.325,21.36,150000
ABIO,20100812,149.52,153.3,145.32,149.1,46200
ABMD,20100812,9.82,9.92,9.7,9.83,135900
ABTL,20100812,4.45,5.05,4.45,4.7,91200
ACAD,20100812,1.05,1.08,1.04,1.05,216000
ACAS,20100812,4.9,5.09,4.87,5.01,4715800
ACAT,20100812,8.79,9.19,8.79,9.01,49800
ACET,20100812,5.79,6.03,5.79,6,144700
ACFC,20100812,2.2,2.2,2.2,2.2,0
ACGL,20100812,25.6367,25.8667,25.47,25.83,240300
ACHN,20100812,2.45,2.59,2.4,2.5,266000
ACIW,20100812,6.5233,6.6767,6.1767,6.64,157200
ACLS,20100812,5.92,6.28,5.52,6.04,797600
ACOR,20100812,32.74,33.83,32.48,32.97,302200
ACPW,20100812,5.8,6.15,5.6,5.75,159200
ACTG,20100812,13.82,14.05,13.73,13.97,146800
ACTS,20100812,2.13,2.19,2.13,2.15,61900
ACUR,20100812,2.47,2.59,2.45,2.45,20000
ACWI,20100812,39.97,40.47,39.97,40.32,166500
ACWX,20100812,37.85,38.21,37.85,38.1,51100
ACXM,20100812,15.05,15.16,14.91,15.03,472000
ADBE,20100812,27.8,28.33,27.76,28.08,7693900
ADES,20100812,3.35,3.395,3.12,3.345,16400
ADI,20100812,28.6,29.09,28.03,28.23,6619800
ADP,20100812,35.2064,35.3908,34.943,35.1184,2437600
ADRA,20100812,24.14,24.35,24.02,24.35,4800
ADRD,20100812,19.32,19.43,19.29,19.42,271100
ADRE,20100812,41.16,41.9,41.15,41.89,96400
ADRU,20100812,19,19.2,19,19.2,800
ADSK,20100812,27.26,27.75,27.04,27.45,3913500
ADTN,20100812,29.62,29.84,28.51,29.68,1349700
ADUS,20100812,4.8,4.98,4.58,4.71,14800
AEHR,20100812,1.21,1.29,1.21,1.23,14600
AEIS,20100812,15.53,15.53,14.92,15.48,946900
AEPI,20100812,24.34,25.37,24.34,25.24,37700
AETI,20100812,2.28,2.29,2.26,2.29,1700
AEY,20100812,3.01,3.18,3.01,3.11,17400
AEZS,20100812,654,672,648,654,713100
AFAM,20100812,25.27,26.03,25.21,25.86,105300
AFSI,20100812,6.935,7.075,6.87,7,248700
AGEN,20100812,0.76,0.78,0.75,0.77,221500
AGII,20100812,28.89,29.29,28.75,29.18,82300
AGNC,20100812,27.89,28.3,27.84,27.86,680000
AGYS,20100812,5.57,5.73,5.37,5.51,192400
AHGP,20100812,35.95,36.86,35.5,36.26,66400
AHPI,20100812,3.4,3.4,3.4,3.4,100
AIMC,20100812,13.22,13.48,12.97,13.38,102900
AINV,20100812,9.27,9.38,9.2,9.33,1846100
AIRM,20100812,10.3333,10.7967,10.3333,10.6933,47600
AIRT,20100812,8.75,8.82,8.62,8.64,2900
AIXG,20100812,25.32,25.7,25.27,25.58,605700
AKAM,20100812,41.04,44.01,40.63,43.93,9025300
AKRX,20100812,3.01,3.16,3,3.05,1298700
ALCO,20100812,23.1,23.62,22.97,22.97,13100
ALGN,20100812,16.93,17.41,16.53,17.33,497500
ALGT,20100812,41.41,43.02,41.08,42.04,300000
ALIM,20100812,6.65,6.89,6.57,6.8,13400
ALKS,20100812,13.41,13.75,13.32,13.59,484700
ALLT,20100812,5.04,5.2,4.82,4.93,22500
ALNY,20100812,13.93,14.14,13.75,13.96,178000
ALOG,20100812,41.48,41.95,41.22,41.4,50000
ALOT,20100812,7.2,7.4,7.2,7.39,500
ALSK,20100812,8.85,8.96,8.85,8.95,334300
ALXN,20100812,27.37,28.745,27.03,28.345,843800
AMAG,20100812,28.68,29.4,28.38,28.88,112400
AMAT,20100812,10.99,11.22,10.94,11.16,27943800
AMCC,20100812,11.57,11.71,10.79,10.88,2014400
AMCN,20100812,3.33,3.67,3.25,3.59,623200
AMD,20100812,6.35,6.75,6.26,6.57,55112300
AMED,20100812,23.8,24.94,23.56,24.48,681100
AMGN,20100812,53.63,54.98,53.04,54.75,6241800
AMKR,20100812,5.32,5.51,5.19,5.42,4503900
AMNB,20100812,18.88,19.24,18.3,18.74,14000
AMOT,20100812,4.29,4.5,4.21,4.5,43200
AMOV,20100812,24.285,24.495,24.285,24.495,500
AMPH,20100812,25.75,26.16,25.64,25.79,9600
AMRB,20100812,6.57,6.58,6.55,6.55,20600
AMRI,20100812,5.98,6.13,5.84,5.89,74200
AMRN,20100812,2.34,2.48,2.34,2.45,183000
AMSC,20100812,279.1,282.4,275,281.5,359900
AMSF,20100812,17.02,17.81,16.8,17.58,72900
AMSG,20100812,17.35,17.96,17.35,17.78,95800
AMSWA,20100812,5.18,5.34,5.15,5.15,56900
AMTD,20100812,15.56,15.7,15.46,15.59,2300800
AMWD,20100812,15.82,16.01,15.75,15.91,20900
AMZN,20100812,123.76,127,123.55,126.56,4368400
ANAT,20100812,78,79.47,77.63,78.83,13900
ANCX,20100812,5.91,5.91,5.84,5.89,1800
ANDE,20100812,23.9267,24.4667,23.7,23.8133,367100
ANGO,20100812,15.76,16.12,15.45,15.92,104900
ANIK,20100812,5.73,5.75,5.38,5.53,85200
ANSS,20100812,42.2,42.2,41.54,41.67,287900
ANTH,20100812,41.28,43.92,39.12,39.36,7600
AOSL,20100812,9.85,10.4,9.66,10.22,219400
APEI,20100812,26.35,26.65,25.51,25.63,465200
APOG,20100812,10.01,10.29,9.91,10.04,158800
APOL,20100812,40.89,41.3,40.38,40.47,3011600
APPY,20100812,26.88,27.36,24.48,24.48,170600
ARAY,20100812,6.5,6.68,6.5,6.55,235300
ARCC,20100812,14.18,14.35,14.11,14.34,1356900
ARCI,20100812,2.05,2.29,2.03,2.19,26300
ARCW,20100812,1.024,1.024,1.024,1.024,0
AREX,20100812,8.14,8.39,8.07,8.28,111100
ARIA,20100812,3.09,3.29,3.07,3.24,933400
ARII,20100812,11.02,11.47,11.02,11.26,96300
ARKR,20100812,13.42,13.42,12.54,12.87,22500
ARLP,20100812,24.595,24.855,24.335,24.605,141400
ARNA,20100812,7,7.29,6.95,7.17,7800800
AROW,20100812,24.14,24.32,23.9,24.11,20700
ARQL,20100812,3.92,4.41,3.92,4.38,271700
ARRS,20100812,9.01,9.12,8.91,9.01,1106600
ARRY,20100812,2.9,3.05,2.9,2.97,167600
ARTNA,20100812,17.5,17.8,17.36,17.69,26800
ARTW,20100812,5.24,5.24,5.19,5.24,600
ARTX,20100812,1.51,1.55,1.5,1.55,17600
ARWR,20100812,1.04,1.07,1.01,1.05,290900
ASCMA,20100812,27.04,27.33,26.96,27.26,21600
ASFI,20100812,9.16,9.3,9.16,9.25,42900
ASML,20100812,27.91,28.66,27.88,28.48,5592000
ASPS,20100812,26.61,27.17,26.58,26.7,50700
ASRV,20100812,1.63,1.75,1.63,1.75,4100
ASRVP,20100812,22.87,22.87,22.87,22.87,0
ASTC,20100812,1.38,1.46,1.33,1.41,75300
ASTE,20100812,27.57,27.94,27.19,27.64,133600
ASUR,20100812,1.5933,1.6533,1.5733,1.6133,14200
ASYS,20100812,11.17,11.97,11.17,11.85,130400
ATAI,20100812,2.94,2.96,2.9,2.96,900
ATAX,20100812,5.58,5.62,5.55,5.6,95800
ATEC,20100812,25.32,26.16,24.48,25.32,1747900
ATHN,20100812,27.26,29.68,27.06,28.86,714100
ATHX,20100812,2.95,3,2.9,2.9,94300
ATLO,20100812,19,19.32,18.08,18.09,9700
ATNI,20100812,44.67,46.27,44.67,46.04,30300
ATRC,20100812,6.75,6.82,6.73,6.82,29600
ATRI,20100812,137,138.25,137,138.25,1500
ATRO,20100812,13.6417,14.1917,13.6,13.65,16500
ATSG,20100812,4.86,4.99,4.81,4.85,429000
ATVI,20100812,10.84,10.97,10.76,10.83,13796300
AUBN,20100812,19.45,20.77,19.45,19.76,8500
AUDC,20100812,2.7,2.77,2.66,2.71,105400
AVAV,20100812,22.73,23.18,22.5,22.87,210200
AVEO,20100812,6.5,6.78,6.5,6.69,13100
AVGO,20100812,20.45,20.89,20.2,20.41,1832300
AVID,20100812,11.67,11.84,11.56,11.72,126900
AVNW,20100812,45,47.64,45,47.52,237300
AWRE,20100812,2.35,2.37,2.35,2.37,600
AXAS,20100812,2.56,2.64,2.5,2.6,332700
AXTI,20100812,5.23,5.48,4.99,5.39,748300
AZPN,20100812,10,10.09,9.81,10.03,118000
BABY,20100812,12.9,13.07,12.66,12.94,199900
BANF,20100812,36.1,36.78,36.1,36.5,13300
BANFP,20100812,26.25,26.25,26.25,26.25,0
BANR,20100812,14.07,15.12,14.07,14.7,1095000
BASI,20100812,0.92,0.92,0.92,0.92,0
BBBY,20100812,36.85,37.77,36.8,37.55,2161700
BBGI,20100812,4.96,5.09,4.71,4.75,6700
BBOX,20100812,30.13,30.7,29.8,30.22,119100
BBRY,20100812,54.66,55.36,53.8,54.17,18766000
BBSI,20100812,13.33,13.61,13.11,13.4,41200
BCBP,20100812,8.55,8.64,8.54,8.6,11600
BCOM,20100812,25.55,25.55,25.55,25.55,200
BCPC,20100812,25.52,26.06,25.39,25.64,112600
BCRX,20100812,5.01,5.24,5.01,5.12,324000
BDE,20100812,6.26,6.33,6.23,6.25,11000
BDGE,20100812,24.8,25.44,24.28,24.28,6500
BDSI,20100812,2.28,2.4,2.28,2.35,54800
BEAT,20100812,4.65,4.81,4.55,4.75,210000
BEAV,20100812,27.61,27.97,27.23,27.75,565200
BEBE,20100812,5.88,6.01,5.87,5.99,426900
BECN,20100812,14,14.2,13.94,14.11,477900
BELFA,20100812,21.22,21.34,21.22,21.22,3600
BELFB,20100812,21.58,22.3,21.33,21.57,97400
BFIN,20100812,8.5,8.74,8.5,8.72,37800
BGCP,20100812,5.32,5.39,5.27,5.29,802700
BGFV,20100812,12.12,12.4,12.02,12.3,90400
BIB,20100812,5.7075,5.7075,5.7075,5.7075,0
BICK,20100812,28.57,28.57,28.17,28.44,62500
BIDU,20100812,81.85,84.11,80.1,82.65,12296500
BIIB,20100812,55.14,57.06,55.14,56.61,2313000
BIOC,20100812,10.8,11.01,10.53,11.01,1100
BIOS,20100812,4.62,4.75,4.52,4.69,330400
BIS,20100812,283.92,283.92,273.96,276.32,2700
BJRI,20100812,24.41,24.98,24.19,24.31,174700
BKCC,20100812,10.21,10.48,10.15,10.42,450800
BKMU,20100812,5.77,5.99,5.77,5.88,125900
BKSC,20100812,11.12,11.13,11.12,11.12,600
BLDP,20100812,1.73,1.75,1.69,1.71,91200
BLDR,20100812,2.03,2.08,1.9,2.02,213300
BLIN,20100812,5.2,5.2,5.2,5.2,0
BLKB,20100812,22.44,22.58,22.14,22.46,101100
BMRC,20100812,31.27,31.27,30.6,31.05,19700
BMRN,20100812,20.13,20.96,20.13,20.79,638000
BMTC,20100812,16.54,17.45,16.54,17.05,48200
BNCL,20100812,9.27,9.39,9.17,9.19,96800
BNCN,20100812,9.85,9.9,9.85,9.85,1200
BNSO,20100812,1.03,1.03,1.03,1.03,0
BOBE,20100812,24.48,25.74,24,25.45,222100
BOCH,20100812,4.25,4.39,4.25,4.26,7600
BOFI,20100812,3.5025,3.61,3.4975,3.5,41300
BOKF,20100812,46.24,46.48,45.88,45.93,53100
BONT,20100812,8.06,8.38,8.06,8.22,153300
BOOM,20100812,13.8,14.6,13.69,14.41,357800
BOSC,20100812,5.2,5.2,4.48,5,34600
BPFH,20100812,6.27,6.48,6.23,6.35,849400
BPOP,20100812,26.4,26.8,25.5,25.8,11925600
BPOPM,20100812,18,18,18,18,0
BPOPN,20100812,18.8,18.8,18.5,18.51,5300
BRCD,20100812,5.04,5.05,4.91,4.92,24193000
BRID,20100812,13.93,13.93,12.34,12.66,1100
BRKL,20100812,8.86,9.02,8.85,8.93,338500
BRKR,20100812,12.75,13.06,12.69,12.96,527500
BRKS,20100812,7.47,7.56,7.11,7.26,637700
BSET,20100812,4.88,5,4.88,5,2400
BSFT,20100812,8.26,8.4,8.04,8.19,20600
BSPM,20100812,58.59,58.59,55.86,57.75,24300
BSQR,20100812,3.4,3.4,3.18,3.4,66300
BSRR,20100812,11.35,11.59,11.35,11.51,45400
BSTC,20100812,23.39,24.48,23.39,24.2,57000
BUSE,20100812,4.04,4.37,4.04,4.25,298600
BVSN,20100812,10.3,10.3,10.3,10.3,300
BWEN,20100812,22.1,22.1,20.2,20.6,1592500
BWINA,20100812,20.78,20.78,20.78,20.78,200
BWINB,20100812,22.01,22.52,21.76,22.04,15500
BWLD,20100812,40.54,41.05,40.28,40.82,165900
BYFC,20100812,3.41,3.41,3.35,3.35,300
CA,20100812,18.21,18.38,18.13,18.31,3371600
CAAS,20100812,16.37,17.18,16.26,16.95,350400
CAC,20100812,31.05,31.64,30.65,31.2,13300
CACB,20100812,0.51,0.53,0.51,0.52,42500
CACC,20100812,57.43,58.33,57,58.09,33700
CADC,20100812,42.12,46.44,42.12,45.48,32400
CAKE,20100812,22.51,23.04,22.41,22.64,727500
CALD,20100812,3.43,3.45,3.4,3.41,5800
CALI,20100812,17.82,18.24,17.82,18.18,7200
CALL,20100812,14.93,15,12.84,13.07,168400
CALM,20100812,14.485,14.64,14.34,14.6,80200
CAMP,20100812,2.35,2.38,2.33,2.38,4000
CAMT,20100812,2.35,2.38,2.35,2.37,12800
CART,20100812,5.1,5.17,4.98,5.17,1700
CARV,20100812,6.5,6.5,6.5,6.5,0
CASH,20100812,35,35.47,34.5,34.9,5700
CASM,20100812,1.91,2.1,1.91,2.02,7100
CASS,20100812,32.54,33.58,32.54,33.01,11300
CASY,20100812,37.56,37.87,37.55,37.63,888000
CATM,20100812,14.25,14.66,14.15,14.44,161000
CATY,20100812,10.86,11.05,10.72,10.84,635800
CAVM,20100812,24.93,25,22.99,23.11,5655000
CBAK,20100812,8,8.1,7.85,7.85,632900
CBAN,20100812,4.99,4.99,4.9,4.9,3300
CBLI,20100812,75.8,76,72.6,75,48800
CBMX,20100812,424.5,427.5,408,418.5,12200
CBMXW,20100812,3,3,3,3,0
CBOE,20100812,22.94,23.55,22.7,23.31,515100
CBPO,20100812,12.44,13.24,12.44,12.87,41300
CBRL,20100812,46.73,47.35,46.28,47.05,351600
CBSH,20100812,37.52,37.79,37.13,37.57,242900
CCBG,20100812,11.54,11.74,11.48,11.51,38300
CCMP,20100812,31.79,32.23,31.32,32.01,96800
CCNE,20100812,12.29,12.75,12.29,12.53,34100
CCOI,20100812,8.26,8.72,8.2,8.7,465400
CCRN,20100812,7.55,8.33,7.55,8.15,97800
CCUR,20100812,4.85,4.85,4.78,4.79,2800
CDNS,20100812,6.55,6.61,6.39,6.46,3080400
CDTI,20100812,5.6,5.9,4.9,5.15,11900
CDXS,20100812,7.5,8.04,7.5,7.94,92800
CDZI,20100812,10.78,11,10.6,10.95,32600
CECE,20100812,5.83,5.99,5.28,5.95,49600
CECO,20100812,19.54,20.04,19.4,19.59,2245100
CELG,20100812,27.27,28.255,27.125,28.035,2477500
CENT,20100812,9.52,9.7,9.52,9.58,115700
CENTA,20100812,9.37,9.66,9.37,9.59,229200
CENX,20100812,9.75,10.34,9.66,10.15,2590600
CERN,20100812,18.9425,19.245,18.775,19.145,541800
CERS,20100812,2.9,3.05,2.9,2.94,168900
CETV,20100812,20.75,21.87,20.75,21.8,345900
CEVA,20100812,11.77,12.16,11.72,12.02,82400
CFBK,20100812,5.8,5.8,5.8,5.8,0
CFFI,20100812,17.26,18.79,17.26,18.7,5000
CFFN,20100812,29.38,30,29.38,29.75,238700
CFNB,20100812,12.36,12.5,12.35,12.36,800
CFNL,20100812,8.88,9.1,8.88,9.02,67600
CGEN,20100812,4.05,4.12,3.98,4.03,71100
CGNX,20100812,10.165,10.225,9.99,10.12,136700
CHCI,20100812,1.62,1.77,1.62,1.71,42300
CHCO,20100812,28.35,28.45,27.74,27.79,82800
CHDN,20100812,34.53,35.25,34.53,35.08,21400
CHFC,20100812,20.52,20.93,20.42,20.6,34200
CHFN,20100812,9.8919,9.8919,9.8919,9.8919,0
CHKE,20100812,17.75,17.99,17.72,17.78,76300
CHKP,20100812,33.57,33.75,33.33,33.57,1439900
CHNR,20100812,10,10.16,10,10.16,2600
CHRS,20100812,3.79,3.91,3.76,3.79,486500
CHRW,20100812,64.32,65.19,64.07,64.89,1492400
CHSCP,20100812,28.17,28.19,28.02,28.05,17900
CIDM,20100812,13.9,16.5,13.9,14.4,8300
CINF,20100812,26.5,26.74,26.41,26.63,982200
CISG,20100812,23.21,23.58,23.05,23.3,156800
CIZN,20100812,18.1,18.91,18.1,18.58,900
CJJD,20100812,5.59,5.76,5.44,5.45,19700
CKEC,20100812,6.49,6.59,6.45,6.53,132300
CLBH,20100812,3.2,3.23,3.2,3.2,2200
CLCT,20100812,12.65,12.93,12.55,12.93,35900
CLDX,20100812,4.74,4.87,4.58,4.71,563100
CLFD,20100812,2.37,2.41,2.3,2.4,46800
CLMS,20100812,9.69,9.82,9.59,9.79,94200
CLMT,20100812,17.15,17.48,17.11,17.16,108700
CLNE,20100812,15.51,16.12,15.42,15.72,1330300
CLRO,20100812,3,3.06,2.97,3.01,13900
CLSN,20100812,3.32,3.32,3.21,3.25,23800
CLUB,20100812,2.79,2.85,2.77,2.77,46300
CLWT,20100812,7.755,8.03,7.755,7.755,10000
CMCO,20100812,13.75,14.18,13.75,14.06,104400
CMCSA,20100812,17.75,18.26,17.67,18.17,23198300
CME,20100812,49.574,50.196,48.826,49.878,1146400
CMLS,20100812,20.16,20.32,19.28,19.36,52600
CMTL,20100812,21.01,21.54,20.9,21.43,374500
CNBKA,20100812,19.9,20.74,19.9,20,7000
CNMD,20100812,18.75,19.75,18.66,19.63,213200
CNOB,20100812,7.15,7.27,7.15,7.18,17400
CNSL,20100812,16.66,16.83,16.59,16.77,136100
CNTF,20100812,13.8,14.35,13.7,14.15,64300
CNTY,20100812,2.08,2.12,2.08,2.1,7600
COBZ,20100812,5.4,5.57,5.25,5.31,81800
COGT,20100812,8.73,8.84,8.71,8.79,477300
COHR,20100812,35.81,36.42,35.5,36.01,103900
COHU,20100812,12.4,12.56,12.27,12.43,71700
COKE,20100812,49.39,49.99,48.89,49.56,25800
COLB,20100812,15.94,16.6,15.91,16.4,562400
COLM,20100812,24.395,24.75,24.235,24.545,73400
CONN,20100812,5.9,6.19,5.86,6.03,187600
COOL,20100812,26.88,27.3,26.46,26.46,11700
CORE,20100812,6.7975,6.875,6.775,6.815,65900
CORT,20100812,3.12,3.28,2.92,3,45300
COST,20100812,55.49,55.96,55.37,55.67,3268900
COWN,20100812,3.81,4.04,3.8,3.94,188700
CPHC,20100812,8.5,8.5,8.5,8.5,1000
CPIX,20100812,6.09,6.37,6.09,6.3,33500
CPLA,20100812,74.5,76.49,73.63,74.93,219200
CPLP,20100812,8.11,8.42,8.05,8.38,379900
CPRT,20100812,17.13,17.315,16.94,17.255,120900
CPRX,20100812,1.13,1.18,1.12,1.18,7600
CPSI,20100812,40.95,41.54,40,41.47,90400
CPSS,20100812,0.89,0.9,0.89,0.9,10300
CPST,20100812,15,15.2,14.4,14.6,4033500
CRAI,20100812,16.86,16.89,16.28,16.31,47000
CRAY,20100812,5.34,5.35,5.09,5.12,226000
CREE,20100812,58.99,60.03,57.75,58.78,9267300
CREG,20100812,32.8,32.8,30.5,31.4,24000
CRESY,20100812,13.2,13.72,13.09,13.59,43800
CRIS,20100812,1.37,1.4,1.33,1.39,538400
CRME,20100812,36.7,38.25,36.7,37.1,392500
CRMT,20100812,21.51,22.6,21.51,21.81,55500
CRNT,20100812,7.25,7.45,7.19,7.28,135200
CROX,20100812,12.7,13.35,12.6,13.21,2804900
CRUS,20100812,18.21,19.27,17.8,19.03,6335900
CRVL,20100812,18.38,19.165,18.38,18.795,17500
CRWS,20100812,4.42,4.5,4.25,4.5,9200
CRZO,20100812,18.94,19.29,18.79,19.12,325400
CSBK,20100812,8.44,8.52,8.4,8.44,14000
CSCO,20100812,21.42,21.61,21,21.36,227308100
CSFL,20100812,8.35,8.46,8.16,8.27,90800
CSGP,20100812,42.47,42.88,41.91,42.63,80700
CSGS,20100812,17.96,18.33,17.79,18.1,153600
CSII,20100812,4.48,4.98,4.21,4.72,82100
CSIQ,20100812,11.31,11.85,10.85,11.59,687900
CSPI,20100812,4.2,4.21,4.2,4.2,900
CSTR,20100812,45.14,46.17,45.11,45.96,695000
CSWC,20100812,21.495,22.08,21.495,21.8275,4200
CSX,20100812,16.76,17.03,16.57,16.9067,3828500
CTAS,20100812,25.7,26.17,25.7,25.96,1161100
CTBI,20100812,25.76,26.07,25.55,25.83,63100
CTHR,20100812,2.3,2.3,2.17,2.21,32300
CTIB,20100812,6.24,6.27,6.08,6.13,6900
CTIC,20100812,1.9,1.9,1.85,1.9,2569300
CTRN,20100812,27.77,28.73,27.56,28.36,249400
CTRP,20100812,19.43,20.42,19.265,20.075,2070600
CTSH,20100812,29.1,29.61,28.8,29.47,3105700
CTWS,20100812,21.14,21.56,21,21.48,27900
CTXS,20100812,54.61,56.43,53.61,56.22,3826900
CUBA,20100812,6.04,6.18,6.04,6.07,3000
CUTR,20100812,6.99,7.22,6.99,7.02,75000
CVBF,20100812,8.02,8.22,7.43,7.48,3447600
CVCO,20100812,33.6,34.95,33.6,34.09,21400
CVCY,20100812,6,6,6,6,0
CVGI,20100812,9.24,9.86,9.14,9.77,191100
CVGW,20100812,20.69,21.36,20.69,21.25,53700
CVLT,20100812,19.51,19.83,19.33,19.65,638900
CVLY,20100812,8.2,8.4,8.2,8.2,1300
CVTI,20100812,7.56,7.99,7.41,7.94,64100
CVV,20100812,3.41,3.41,3.41,3.41,0
CWBC,20100812,2.7,2.7,2.66,2.66,700
CWCO,20100812,9.69,10,9.51,9.85,83000
CWST,20100812,3.8,4.01,3.78,3.99,74200
CXDC,20100812,6.41,6.55,6.2,6.29,48200
CY,20100812,10.41,10.53,10.17,10.43,4672700
CYAN,20100812,2,2.16,2,2.15,13700
CYBE,20100812,8.49,8.51,8.15,8.34,6900
CYCC,20100812,134.4,137.76,132.72,135.24,199300
CYCCP,20100812,3.5,3.5,3.5,3.5,0
CYNO,20100812,9.32,9.46,9.15,9.33,30500
CYOU,20100812,27.03,27.67,27.03,27.65,59300
CYTK,20100812,12.9,13.2,12.66,12.78,213100
CYTR,20100812,5.46,5.53,5.25,5.32,334300
CYTX,20100812,64.5,67.5,63.75,64.05,442100
CYTXW,20100812,2.7,2.9,2.7,2.8,7500
CZFC,20100812,7.5,7.5,7.5,7.5,0
CZNC,20100812,10.77,11.11,10.61,10.75,20900
CZWI,20100812,4.1,4.1,4.1,4.1,100
DAIO,20100812,4.75,4.99,4.7,4.8,16800
DAKT,20100812,7.56,7.71,7.52,7.61,144200
DAVE,20100812,8.01,8.13,8.01,8.08,27500
DCOM,20100812,11.86,12.09,11.86,11.98,105600
DCTH,20100812,124,127.68,122.56,123.2,629600
DENN,20100812,2.48,2.5,2.37,2.41,626400
DEPO,20100812,3.63,3.83,3.63,3.68,293400
DEST,20100812,13.46,13.905,13.46,13.82,7200
DGAS,20100812,15.08,15.8,14.54,14.54,3100
DGICA,20100812,11.07,11.29,10.94,11.2,30300
DGICB,20100812,17.48,17.48,17.48,17.48,0
DGII,20100812,8.73,9,8.65,8.85,61100
DGLY,20100812,1.88,1.95,1.85,1.85,22600
DHIL,20100812,57,58.65,57,57.14,4500
DHRM,20100812,4.1,4.19,4,4,5600
DIOD,20100812,16.37,16.68,16.11,16.32,405300
DISCA,20100812,37.5,37.72,37.06,37.36,2091800
DISCB,20100812,38.71,38.71,38.71,38.71,0
DISCK,20100812,16.38,16.475,16.17,16.35,432100
DISH,20100812,17.81,18.01,17.67,17.87,4339300
DJCO,20100812,69.97,70.03,69.07,69.75,21900
DLBS,20100812,48.58,48.58,48.58,48.58,0
DLTR,20100812,20.78,21.365,20.64,21.26,1112200
DMLP,20100812,25.03,25.36,25,25.08,57900
DMRC,20100812,20.39,20.6,19.75,19.81,14100
DNBF,20100812,6.88,6.88,6.88,6.88,6500
DORM,20100812,11.47,11.675,11.225,11.345,23100
DRAD,20100812,1.76,1.76,1.72,1.74,10100
DRAM,20100812,31.5,33.3,30.78,32.76,11600
DRRX,20100812,2.18,2.34,2.18,2.3,161200
DRWI,20100812,140.25,145,136.25,143,175600
DRYS,20100812,6375,6780,6270,6720,10897200
DSCI,20100812,5.19,5.19,5.13,5.13,4100
DSGX,20100812,5.66,5.77,5.63,5.63,8600
DSPG,20100812,6.62,6.82,6.59,6.76,69500
DSWL,20100812,3.42,3.48,3.42,3.48,1400
DTLK,20100812,3.4,3.4,3.27,3.4,5300
DTSI,20100812,34.33,34.91,33.69,34.63,108300
DTUS,20100812,49.71,49.71,49.71,49.71,0
DTYS,20100812,48.7,48.7,48.7,48.7,0
DVAX,20100812,18.5,18.9,17.9,18.2,346300
DWCH,20100812,2.4,2.4,2.4,2.4,400
DWSN,20100812,23.67,24.25,23.27,23.72,62300
DXCM,20100812,11.89,12.23,11.72,12.15,396900
DXPE,20100812,18.46,19.27,18,19.04,96200
DXYN,20100812,3.4,3.4,3.36,3.36,3000
DYNT,20100812,3.65,3.7,3.5,3.7,1700
EBAY,20100812,9.0105,9.2042,8.9811,9.0905,16197600
EBIX,20100812,17.56,17.87,17.4,17.65,379600
EBMT,20100812,9.55,9.57,9.53,9.57,900
EBSB,20100812,4.3709,4.4118,4.3627,4.3627,9500
EBTC,20100812,11.15,11.22,11.15,11.18,300
ECHO,20100812,12.66,12.99,12.46,12.75,42700
ECOL,20100812,13.75,13.91,13.73,13.81,44100
ECPG,20100812,20.06,20.24,19.62,20.03,157900
EDAP,20100812,2.09,2.09,2.01,2.07,30600
EDGW,20100812,2.78,2.78,2.75,2.75,200
EDUC,20100812,5.6,5.85,5.55,5.6,3000
EEFT,20100812,14.12,14.3,13.88,14.24,219200
EEI,20100812,11.86,12,11.8,11.8,1700
EFII,20100812,10.84,11.07,10.68,10.73,183500
EFOI,20100812,1.75,2.3,1.69,2.17,223400
EFSC,20100812,9.04,9.2,8.99,9.01,29700
EFUT,20100812,5.22,5.4,5.1,5.3,2600
EGBN,20100812,10.89,11.05,10.78,11.02,38000
EGHT,20100812,1.34,1.38,1.3,1.36,128900
EGLE,20100812,6753.6,6912,6696,6796.8,1135300
EGOV,20100812,6.67,6.87,6.61,6.69,174800
EHTH,20100812,10.22,10.49,10.19,10.4,119200
ELGX,20100812,3.93,4.01,3.9,3.97,345700
ELNK,20100812,8.6,8.68,8.55,8.63,970700
ELON,20100812,72.1,72.1,70.8,71.8,195400
ELOS,20100812,8.2,8.5,8.05,8.25,113500
ELSE,20100812,4.01,4.23,4,4,800
ELTK,20100812,1.16,1.16,1.16,1.16,0
EMCF,20100812,15.88,15.88,15.88,15.88,400
EMCI,20100812,13.94,13.9933,13.6333,13.7933,17000
EMIF,20100812,29.34,29.66,29.24,29.64,11100
EMITF,20100812,778.2,781.2,765,780,2000
EMKR,20100812,4,4.04,3.72,3.76,287400
EMMS,20100812,8.28,8.36,8.08,8.08,92800
ENDP,20100812,24.8,25.3,24.57,25.01,1146200
ENG,20100812,2.3,2.37,2.25,2.34,112700
ENOC,20100812,32,32.41,31.07,31.19,203200
ENSG,20100812,8.75,8.955,8.655,8.825,62600
ENTG,20100812,3.95,4.2,3.92,4.11,1330500
EPAY,20100812,13.37,13.61,13.18,13.49,144000
EQIX,20100812,90.98,90.98,89.16,89.96,734400
ERIC,20100812,10.15,10.34,10.15,10.3,7288000
ERIE,20100812,49.98,50.35,49.94,50.15,65200
ERII,20100812,3.95,4.02,3.93,4,187800
ESBK,20100812,16.4,16.4,16.4,16.4,0
ESCA,20100812,5.3,5.5,5.16,5.5,13100
ESEA,20100812,3.89,4.1,3.87,3.9,85400
ESGR,20100812,70.98,71.79,70.6,71.27,17500
ESIO,20100812,10.76,10.85,10.45,10.62,102300
ESLT,20100812,52.34,52.76,51.89,51.99,8700
ESMC,20100812,1.49,1.49,1.49,1.49,0
ESRX,20100812,44.15,46.06,44.1,45.45,5554000
ESSA,20100812,10.8,11.23,10.78,11.15,50900
ETFC,20100812,13.86,14.1,13.81,13.97,2735400
ETRM,20100812,24.9,27.75,24.9,27.75,29100
EUFN,20100812,21.28,21.48,21.28,21.43,5100
EVBS,20100812,4,4,3.71,3.91,9800
EVEP,20100812,33.51,34.15,33.35,34.15,409400
EVK,20100812,3.05,3.05,2.81,2.9,2100
EVOL,20100812,6.49,6.68,6.41,6.66,9500
EWBC,20100812,16.03,16.25,15.9,16.11,2119900
EXAC,20100812,14.77,15.12,14.77,14.94,21200
EXAS,20100812,4.26,4.5,4.21,4.39,211100
EXEL,20100812,3.01,3.05,2.89,2.92,973000
EXFO,20100812,5.75,5.85,5.75,5.79,6700
EXLS,20100812,16.31,16.66,16.26,16.5,46300
EXPD,20100812,40.24,41.08,40.24,40.92,1396900
EXPE,20100812,23.26,23.83,23.25,23.77,6283200
EXPO,20100812,15.015,16.085,15.015,16,83300
EXTR,20100812,2.67,2.7,2.64,2.69,418200
EZPW,20100812,18.27,18.61,18.25,18.49,633900
FALC,20100812,2.79,2.91,2.79,2.88,60500
FARM,20100812,15.52,15.68,15.01,15.21,19800
FARO,20100812,19.33,19.37,18.8,18.86,80400
FAST,20100812,23.905,24.34,23.9,24.23,638300
FBIZ,20100812,9.18,9.18,9.18,9.18,0
FBMS,20100812,7.79,8,7.79,8,1400
FBNC,20100812,13.73,13.89,13.5,13.59,37700
FBSS,20100812,15.2,15.2,15.2,15.2,0
FCAP,20100812,14.53,15.47,14.5,15.42,800
FCBC,20100812,13.11,13.49,13.08,13.3,34400
FCCO,20100812,5.55,5.75,5.55,5.69,700
FCCY,20100812,7,7,7,7,0
FCEL,20100812,14.28,14.52,13.92,14.52,1078800
FCNCA,20100812,182.17,184.71,182.07,183.15,4700
FDEF,20100812,9.99,10.18,9.79,10.1,12600
FDML,20100812,17.49,18.2,17.37,17.74,107000
FEIM,20100812,5.06,5.12,4.86,5.02,7900
FELE,20100812,15.25,15.515,15.07,15.45,104400
FFBC,20100812,15.52,15.73,15.38,15.6,427800
FFBCW,20100812,8.02,8.02,8.02,8.02,0
FFHL,20100812,1.17,1.34,1.17,1.3,19000
FFIC,20100812,11.51,11.85,11.51,11.64,143500
FFIN,20100812,15.3767,15.44,15.1834,15.3767,50000
FFIV,20100812,82.47,84.68,80,82.77,3859500
FFKT,20100812,5.63,5.63,5.55,5.63,2900
FFNW,20100812,4.34,4.48,4.25,4.3,74400
FHCO,20100812,4.35,4.62,4.35,4.47,93600
FIBK,20100812,12.57,12.99,12.35,12.51,81800
FINL,20100812,12.44,13.14,11.78,12.99,1544900
FISI,20100812,16.38,16.9,16.32,16.34,27400
FISV,20100812,24.675,24.93,24.625,24.815,1246500
FITB,20100812,12.11,12.34,12.07,12.16,9228000
FIZZ,20100812,12.32,12.59,12.32,12.5,51200
FLAT,20100812,51.41,51.41,51.41,51.41,200
FLEX,20100812,5.5,5.55,5.28,5.32,18109000
FLIC,20100812,16.7333,16.86,16.6933,16.86,22500
FLIR,20100812,27.45,27.5,27.02,27.17,1130500
FLML,20100812,6.75,7.09,6.75,6.96,13600
FLWS,20100812,2.21,2.44,2.21,2.41,99300
FLXS,20100812,12.17,12.17,11.43,11.73,3100
FMBI,20100812,11.18,11.34,10.86,11.06,496700
FNGN,20100812,14.79,15.82,14.5,14.77,144600
FNLC,20100812,13.18,13.66,13.18,13.48,29000
FNSR,20100812,14.78,14.78,14.06,14.52,4724400
FOLD,20100812,3.01,3.85,3.01,3.31,316700
FONR,20100812,1.53,1.58,1.52,1.53,9400
FORD,20100812,3.46,3.6,3.44,3.53,36900
FORM,20100812,8.64,8.74,8.45,8.61,630200
FORR,20100812,30.49,30.95,30.44,30.74,41500
FORTY,20100812,13.06,13.38,12.9,13.25,3500
FOSL,20100812,43.16,44.34,42.55,44.18,916200
FRBK,20100812,2.03,2.14,1.96,1.96,129800
FRED,20100812,10.52,10.79,10.52,10.76,336900
FRME,20100812,7.75,7.97,7.75,7.84,64700
FRPT,20100812,4,4.13,3.98,4,524900
FSBK,20100812,10.81,11.12,10.81,10.83,10100
FSFG,20100812,13.46,13.46,13.46,13.46,0
FSLR,20100812,123.01,125.75,123.01,124.65,1308600
FSTR,20100812,28.22,28.81,28.22,28.52,44500
FTEK,20100812,6.24,6.5,6.19,6.26,122700
FTNT,20100812,8.525,8.685,8.43,8.68,312400
FUEL,20100812,1.24,1.24,1.2,1.21,5600
FULT,20100812,8.31,8.48,8.2,8.43,1279900
FUNC,20100812,3.69,3.85,3.69,3.85,1400
FUND,20100812,5.71,5.77,5.68,5.74,55200
FWRD,20100812,26.78,27.04,26.3,27,95700
GABC,20100812,15.51,15.86,15.26,15.27,16100
GAIA,20100812,5.71,5.86,5.63,5.7,33500
GAIN,20100812,5.87,6.28,5.87,6.09,68800
GALT,20100812,4.32,4.38,4.29,4.29,81400
GASS,20100812,4.79,4.87,4.79,4.84,7000
GBCI,20100812,15.03,15.15,14.88,15.08,426800
GBDC,20100812,14.11,14.66,14.11,14.64,81000
GBLI,20100812,14.95,15.63,14.95,15.3,33600
GBNK,20100812,6.1,6.55,6.1,6.5,207900
GCBC,20100812,8.165,8.165,8.165,8.165,0
GENC,20100812,4.9933,5,4.9533,4.9533,900
GENE,20100812,4.3,4.3,4.3,4.3,0
GERN,20100812,5.16,5.32,5.15,5.25,610800
GFED,20100812,5.82,6,5.82,6,9600
GFN,20100812,1.19,1.19,1.19,1.19,2600
GGAL,20100812,7.48,8.36,7.33,7.65,1998200
GHDX,20100812,14.56,15.07,14.33,15.03,86900
GIFI,20100812,15.26,16.14,15.26,15.76,129400
GIGA,20100812,2.19,2.34,2.15,2.2,14000
GIGM,20100812,9.5,9.65,9.45,9.55,315000
GIII,20100812,11.245,11.655,11.245,11.45,72000
GILD,20100812,17.04,17.405,17,17.33,9676900
GILT,20100812,5.05,5.09,4.9,4.95,44600
GLAD,20100812,10.37,10.62,10.15,10.59,117600
GLBL,20100812,4.39,4.57,4.35,4.53,1292200
GLBZ,20100812,8.71,8.71,8.71,8.71,0
GLDD,20100812,5,5.14,4.9,5.05,453100
GLNG,20100812,10.03,10.17,9.96,10.11,133300
GLRE,20100812,22.99,23.66,22.99,23.4,82300
GLUU,20100812,1.15,1.15,1.1,1.11,20900
GMAN,20100812,10.1,10.39,10.02,10.24,24300
GNCMA,20100812,7.96,8.46,7.96,8.44,204200
GNMK,20100812,4.99,5,4.45,4.46,7800
GNTX,20100812,9,9.16,8.925,9.115,682800
GNVC,20100812,5.3,5.5,5.1,5.3,533900
GOLD,20100812,86.61,87.47,86.49,87.39,525000
GOOD,20100812,16.77,17,16.68,16.72,28400
GOODO,20100812,23.6,23.6,22.7,22.72,1700
GOODP,20100812,24.45,24.7,23.49,23.74,3600
GOOG,20100812,241.97,247.375,241.255,246.005,2205000
GPIC,20100812,7,7,6.31,6.41,10700
GPOR,20100812,12.41,12.83,12.41,12.57,159300
GPRE,20100812,8.6,8.73,8.31,8.41,199600
GPRO,20100812,46.63,47.85,46.51,47.54,403800
GRID,20100812,28.95,29.28,28.87,29.03,4600
GRIF,20100812,26.16,26.16,25.71,25.75,1900
GRMN,20100812,27.83,28.57,27.61,28,1597600
GROW,20100812,5.83,6.05,5.83,5.97,41200
GRVY,20100812,12.16,12.4,12.16,12.4,15700
GSBC,20100812,20,20.24,19.95,20.06,14300
GSIT,20100812,6.05,6.13,5.91,6,146600
GSM,20100812,10.84,11.18,10.79,11.05,340300
GSOL,20100812,7,7.2,7,7.01,64600
GT,20100812,10.3,10.3,9.98,10.05,5764700
GTIM,20100812,0.77,0.77,0.77,0.77,0
GTLS,20100812,15,15.36,14.91,15.04,206600
GTXI,20100812,2.94,3.08,2.94,3.02,55400
GUID,20100812,5,5.08,4.9,5,23500
GULF,20100812,14.64,14.64,14.5,14.5,3600
GYRO,20100812,77.65,78,77.65,78,700
HA,20100812,4.96,5.56,4.95,5.44,915800
HAFC,20100812,1.25,1.32,1.25,1.3,827900
HAIN,20100812,9.945,10.215,9.89,10.105,372300
HALL,20100812,9.1,9.42,9.1,9.18,46300
HALO,20100812,6.71,6.98,6.61,6.85,261600
HAS,20100812,42.01,42.66,41.79,42.48,1373200
HAWK,20100812,7.9,8.58,7.83,8.32,206600
HAYN,20100812,29.39,30.35,28.48,28.8,99400
HBAN,20100812,5.69,5.74,5.62,5.65,14964500
HBANP,20100812,1010,1010,1010,1010,0
HBCP,20100812,12.67,12.9,12.67,12.85,19500
HBHC,20100812,28.79,28.86,28.44,28.61,250400
HBIO,20100812,3.33,3.36,3.3,3.33,66200
HBNC,20100812,6.5452,6.5452,6.5452,6.5452,0
HCCI,20100812,8.01,8.5,7.99,8.5,5500
HCKT,20100812,3.25,3.64,3.25,3.62,319800
HCSG,20100812,13.7933,13.96,13.7333,13.88,222300
HDNG,20100812,8.15,8.31,8.08,8.15,20700
HDSN,20100812,1.75,1.94,1.72,1.87,79200
HEES,20100812,8.17,8.44,8.16,8.38,46800
HELE,20100812,22.82,23.31,22.78,23.14,119600
HEOP,20100812,3.34,3.34,3.3,3.3,1100
HFBC,20100812,9.42,9.42,9.37,9.39,8800
HFWA,20100812,13.87,14,13.71,13.87,11800
HIBB,20100812,25.76,26.63,25.76,26.22,212000
HIFS,20100812,38.29,38.29,38.29,38.29,0
HIHO,20100812,1.89,1.95,1.86,1.95,6400
HIMX,20100812,2.45,2.58,2.4,2.44,362000
HLIT,20100812,6.29,6.31,6.12,6.29,451000
HMNF,20100812,4.2,4.59,4.17,4.2,10900
HMSY,20100812,17.38,17.6033,17.2533,17.4433,120300
HNRG,20100812,10.29,10.5,10.28,10.28,2300
HOFT,20100812,10.43,10.94,10.43,10.61,27000
HOLI,20100812,9.58,10.37,9.42,10.1,1020600
HOLX,20100812,14.85,15.08,14.71,14.93,2055400
HOMB,20100812,5.5525,5.605,5.5025,5.575,55800
HOVNP,20100812,7.11,7.26,7.11,7.22,700
HPJ,20100812,3.74,3.86,3.51,3.57,76200
HSIC,20100812,53.99,54.22,53.59,54.01,520800
HSII,20100812,17.59,17.73,17.06,17.15,217900
HSKA,20100812,0.49,0.49,0.49,0.49,3200
HSNI,20100812,26.04,27.23,25.81,27.14,369500
HSTM,20100812,4.93,5,4.89,4.94,12900
HTBK,20100812,3.45,3.51,3.45,3.48,8500
HTHT,20100812,17.5,19.1,17.5,18.98,50500
HTLD,20100812,14.94,15.22,14.84,15.2,440400
HTLF,20100812,15.53,16.05,15.53,15.69,23400
HUBG,20100812,28.76,29.49,28.41,29.16,157100
HURC,20100812,17.11,17.48,17.11,17.25,27600
HURN,20100812,19.26,19.59,18.88,19.33,63200
HWAY,20100812,13.9,14.43,13.85,14.25,121900
HWBK,20100812,10.97,10.97,10.97,10.97,0
HWCC,20100812,9.88,10.47,9.87,10.22,150700
HWKN,20100812,32.77,33.85,32.75,32.91,49900
HYGS,20100812,3.96,4.18,3.96,4.17,25700
IART,20100812,35.5,36.69,35.5,36.34,164300
IBB,20100812,80.2,82.58,80.2,82.29,945000
IBCP,20100812,0.29,0.29,0.27,0.28,220800
IBKC,20100812,50.11,50.57,49.89,50.43,356100
IBKR,20100812,16.37,16.68,16.36,16.59,207400
IBOC,20100812,15.78,16.23,15.78,15.95,129700
ICAD,20100812,1.8,1.86,1.8,1.8,231400
ICCC,20100812,3.16,3.16,3.16,3.16,0
ICFI,20100812,22.9,23.25,22.33,22.9,70400
ICLN,20100812,15.97,16.1,15.75,16.03,13400
ICLR,20100812,23.27,23.7,22.89,23.43,325700
ICON,20100812,15.46,15.67,15.25,15.5,646400
ICUI,20100812,33.75,34.78,33.69,34.58,131400
IDCC,20100812,25.84,26.05,25.5,26.01,334300
IDRA,20100812,3.2,3.27,3.12,3.14,26700
IDSA,20100812,15.44,17.33,15.44,16.87,344500
IDSY,20100812,2.63,2.63,2.19,2.36,82200
IDTI,20100812,5.38,5.38,5.25,5.3,1880900
IDXX,20100812,28.195,28.51,27.85,28.27,173800
IESC,20100812,3.23,3.4,3.23,3.4,6900
IFEU,20100812,25.99,26,25.98,25.98,1400
IFGL,20100812,27.14,27.52,27.14,27.43,28500
IFON,20100812,0.63,0.63,0.63,0.63,1000
IGLD,20100812,20.94,21.33,20.87,21.23,5600
IGOV,20100812,100.76,101.02,100.76,100.85,2700
III,20100812,1.7,1.7,1.5,1.51,962100
IIIN,20100812,8.86,8.94,8.75,8.8,86800
IIJI,20100812,6.84,7.02,6.84,7.02,13400
IIN,20100812,4.1,4.1,4.04,4.04,5900
IIVI,20100812,16.83,17.045,16.755,16.98,94200
IKNX,20100812,6.79,6.79,6.79,6.79,0
ILMN,20100812,45.23,46.1,45.22,45.43,875200
IMGN,20100812,8.77,9.24,8.73,9.11,435700
IMKTA,20100812,15.18,15.47,15.15,15.22,19200
IMMR,20100812,5.2,5.29,5.02,5.06,90300
IMMU,20100812,3.01,3.11,3.01,3.05,262400
IMMY,20100812,5.35,5.35,5.35,5.35,100
IMOS,20100812,1.25,1.26,1.22,1.25,120600
INAP,20100812,4.34,4.47,4.34,4.41,182800
INCY,20100812,12.92,13.21,12.78,13.02,1348600
INDB,20100812,21.18,21.94,21.18,21.81,84200
INDY,20100812,26.16,26.52,26.16,26.36,29000
INFI,20100812,5.34,5.62,5.29,5.31,22100
INFN,20100812,8.38,8.44,8.22,8.28,555400
ININ,20100812,15.21,15.36,14.92,15.09,61000
INOD,20100812,2.7,2.75,2.7,2.71,14000
INSM,20100812,0.68,0.71,0.68,0.69,391500
INTC,20100812,19.17,19.73,19.08,19.45,86580500
INTG,20100812,15.44,15.44,15.44,15.44,0
INTU,20100812,38.6,38.8,38.33,38.61,3859200
INTX,20100812,5.8,6.19,5.69,6,15300
INVE,20100812,15.1,15.1,15.1,15.1,0
INWK,20100812,6.3,6.45,6.18,6.26,98300
IOSP,20100812,11.63,11.98,11.63,11.76,41700
IPAR,20100812,17.1,17.35,16.71,17.18,72700
IPAS,20100812,1.07,1.13,1.07,1.1,155800
IPCC,20100812,46.17,47.37,46.17,47.16,31600
IPCI,20100812,2.65,2.65,2.65,2.65,0
IPGP,20100812,20,20.3,19.67,20.07,105800
IPHS,20100812,27.77,28.51,27.75,28.17,84100
IPXL,20100812,15.65,15.97,14.7,15.94,1781000
IRBT,20100812,17.58,18.11,17.3,17.93,108500
IRDM,20100812,9.03,9.54,9,9.45,365300
IRIX,20100812,3.47,3.64,3.45,3.47,25700
IRWD,20100812,9.74,10.03,9.74,9.97,333800
ISBC,20100812,4.6431,4.7098,4.6,4.6235,197700
ISCA,20100812,25.03,25.49,24.83,25.4,99400
ISHG,20100812,99.66,100.12,99.66,100.11,900
ISIG,20100812,5.75,5.82,5.74,5.79,13100
ISIL,20100812,10.25,10.46,10.11,10.4,1636200
ISLE,20100812,8.21,8.42,8.2,8.26,221500
ISNS,20100812,11.5,11.5,11.34,11.34,2700
ISRG,20100812,312.08,320.12,311,317,369100
ISRL,20100812,57.02,57.02,57.02,57.02,0
ISSC,20100812,5.65,5.65,5.41,5.48,4800
ITIC,20100812,29.1,29.18,29.1,29.18,300
ITRI,20100812,58.55,59.03,57.23,57.29,542300
ITRN,20100812,13.1,13.16,12.9,13,15000
IVAC,20100812,10.05,10.35,10.03,10.34,120700
IXYS,20100812,8.82,9.12,8.82,8.96,283400
JACK,20100812,19.06,19.76,19,19.67,775000
JAKK,20100812,14.61,14.93,14.47,14.82,96700
JASO,20100812,27.75,29.85,27.5,29.3,9677100
JAZZ,20100812,10.54,11.08,10.3,10.95,2203500
JBHT,20100812,33.27,33.88,32.64,33.68,2341400
JBLU,20100812,5.91,6.1,5.82,5.97,4749000
JBSS,20100812,13.12,13.18,12.9,12.94,10500
JCOM,20100812,23,23.32,22.94,23.2,151800
JCS,20100812,10.51,10.51,10.32,10.33,8400
JCTCF,20100812,3.5,3.5,3.45,3.45,3300
JJSF,20100812,39.3,39.6,39.23,39.39,46300
JKHY,20100812,24.18,24.51,24,24.23,500600
JMBA,20100812,9.7,10.05,9.7,10,335800
JOBS,20100812,13.1,13.335,12.81,13.335,48100
JOUT,20100812,10.77,11.66,10.55,10.86,14200
JRJC,20100812,7.97,8.03,7.94,8,20500
JVA,20100812,4.52,4.66,4.51,4.66,3000
JXSB,20100812,10.43,10.44,10.37,10.37,3400
KALU,20100812,37.35,37.66,37.06,37.41,104100
KCAP,20100812,5.09,5.15,5.03,5.09,68300
KELYA,20100812,12.75,13.48,12.75,12.89,136900
KELYB,20100812,13,13,13,13,0
KEQU,20100812,11.03,11.03,11.03,11.03,300
KERX,20100812,3.83,3.89,3.73,3.82,667600
KFFB,20100812,9.78,9.78,9.78,9.78,0
KFRC,20100812,13.14,13.31,12.81,12.91,79600
KINS,20100812,2.88,2.88,2.88,2.88,0
KIRK,20100812,16.85,17.31,16.85,17.11,206600
KLAC,20100812,29,29.78,28.61,29.12,3787100
KLIC,20100812,5.82,5.83,5.65,5.67,3231700
KNDI,20100812,3.37,3.64,3.17,3.39,411100
KONA,20100812,3.55,3.59,3.5,3.5,5500
KONE,20100812,23.7,23.7,21.6,22.1,114500
KOOL,20100812,10.4,11,10.4,10.4,55200
KOPN,20100812,2.98,3.09,2.92,2.94,679800
KOSS,20100812,5.44,5.5,5.42,5.5,2300
KRNY,20100812,8.7,9.04,8.7,8.85,43400
KTCC,20100812,4.96,4.96,4.62,4.74,166000
KTEC,20100812,12.48,12.75,12.15,12.49,14000
KTOS,20100812,10.65,11.38,10.61,11.32,77700
KVHI,20100812,11.96,12.17,11.92,11.97,43100
KZ,20100812,5.91,6.01,5.75,5.8,109900
LABL,20100812,13.04,13.69,13,13.57,43400
LAKE,20100812,9.01,9.06,9,9.06,5300
LAMR,20100812,28.71,29.44,28.42,29.06,565000
LANC,20100812,48.74,49.12,48.51,49.01,219100
LARK,20100812,15.39,15.75,15.39,15.75,1000
LAWS,20100812,14.48,15.01,14.45,14.84,29200
LAYN,20100812,23.63,24.92,23.5,24.76,217900
LBAI,20100812,8.05,8.41,8.05,8.25,48400
LBIX,20100812,2.31,2.31,2.27,2.3,4200
LBTYA,20100812,14.3536,14.558,14.3178,14.4405,1866700
LBTYB,20100812,28.71,28.71,28.71,28.71,0
LBTYK,20100812,28.14,28.3,27.94,28.11,237600
LCUT,20100812,13.38,14.57,13.36,14.25,60300
LECO,20100812,26.155,26.53,25.935,26.32,125500
LFUS,20100812,37.31,38.67,36.88,38.52,121400
LGCY,20100812,23,23.47,22.5,22.88,218600
LGND,20100812,9.18,9.48,9.18,9.18,156500
LHCG,20100812,20.32,21.13,20.22,20.95,181900
LIFE,20100812,43.07,44.25,43.07,43.97,2580500
LINC,20100812,13.71,13.83,13.05,13.14,672000
LION,20100812,7.26,7.3,7.07,7.25,4900
LIOX,20100812,4.44,4.58,4.44,4.48,148700
LIVE,20100812,0.14,0.14,0.14,0.14,0
LKFN,20100812,13.1,13.2,13.0067,13.0133,30900
LLNW,20100812,3.75,3.8,3.7,3.79,233200
LLTC,20100812,29.7,30.25,29.38,29.59,4327800
LMAT,20100812,5.81,5.95,5.81,5.95,6400
LMCA,20100812,15.0867,15.9533,15.0367,15.8633,983700
LMIA,20100812,15.75,16.36,15.75,16.02,114900
LMNR,20100812,18.33,18.74,17.5,17.5,8500
LMNX,20100812,15.23,15.41,15.15,15.29,103000
LNCE,20100812,21.66,22.13,21.55,22.1,207000
LNDC,20100812,5.65,5.78,5.65,5.65,55500
LOAN,20100812,1.5,1.5,1.46,1.46,3500
LOGI,20100812,15.23,15.39,15.16,15.33,1161000
LOGM,20100812,25.46,26.31,25.06,26.1,268400
LOPE,20100812,17.42,17.66,17.06,17.54,541600
LORL,20100812,47.33,50.11,47.33,49.36,45000
LPNT,20100812,31.19,31.69,30.98,31.48,266200
LPSN,20100812,6.34,6.61,6.22,6.6,354300
LPTH,20100812,2.46,2.54,2.35,2.46,61800
LQDT,20100812,12.62,13.06,12.47,12.91,60500
LRAD,20100812,1,1.04,0.96,1.04,46500
LRCX,20100812,37.8,37.89,36.88,37.58,2816800
LSBK,20100812,7.97,7.97,7.95,7.95,1000
LSCC,20100812,4.62,4.7,4.39,4.46,3945100
LSTR,20100812,37.59,38.27,37.13,38.15,666700
LTBR,20100812,27.95,28.55,27.85,28.55,31600
LTRX,20100812,4,4,3.95,3.95,1700
LULU,20100812,18.755,19.15,18.62,19.055,382500
LUNA,20100812,1.99,2.05,1.69,1.84,46500
LWAY,20100812,10.55,11.13,10.55,11.06,25800
LXRX,20100812,10.01,10.57,10.01,10.5,863300
LYTS,20100812,4.75,4.95,4.75,4.85,126700
MAGS,20100812,2.79,2.79,2.79,2.79,300
MANH,20100812,6.245,6.3725,6.195,6.3075,147500
MANT,20100812,37.02,37.56,36.73,37.41,146500
MARPS,20100812,16.38,16.38,16.02,16.1,1500
MASI,20100812,23.51,24.42,23.21,24.25,627800
MAT,20100812,21.43,21.86,21.37,21.77,3848500
MATW,20100812,33,33.78,32.96,33.6,100600
MAYS,20100812,14.76,15.61,14.76,15.61,300
MBFI,20100812,16.31,16.57,16.29,16.35,295900
MBLX,20100812,76.02,79.98,75.42,76.8,136700
MBRG,20100812,15.61,15.68,15.51,15.55,1900
MBTF,20100812,1.87,1.87,1.54,1.65,16400
MBVT,20100812,24.02,24.23,24,24.07,25500
MBWM,20100812,5.3,5.42,5.3,5.37,4100
MCBC,20100812,1.4,1.45,1.31,1.45,62400
MCHP,20100812,28.85,29.1,28.66,28.93,2584600
MCHX,20100812,4.29,4.44,4.11,4.31,52700
MCRI,20100812,10.23,10.58,10.23,10.42,50800
MDCA,20100812,11.95,12.09,11.81,11.98,58000
MDCO,20100812,12.31,13.11,12.31,13,676100
MDM,20100812,3.22,3.3,3.15,3.25,19200
MDRX,20100812,16.67,17.12,16.6,16.98,1924400
MDSO,20100812,7.91,8.135,7.83,8.095,97900
MELI,20100812,64.2,67.4,64.17,66.42,683600
MENT,20100812,9.06,9.17,8.9,9.04,660800
MEOH,20100812,21.58,21.64,21.14,21.44,325100
MERC,20100812,4.94,5.05,4.79,5.03,327300
MFNC,20100812,5,5.38,5,5.07,2300
MFRI,20100812,6.36,6.61,6.36,6.39,2300
MFSF,20100812,7.23,7.23,7.23,7.23,600
MGEE,20100812,24.1933,24.4067,23.9467,24.3467,39500
MGIC,20100812,2.6,2.6,2.55,2.56,20400
MGLN,20100812,43.25,44.2,43.25,43.93,257100
MGPI,20100812,6.58,6.73,6.5,6.7,31700
MGRC,20100812,21.16,21.53,20.94,21.17,52600
MGYR,20100812,4.12,4.12,4.12,4.12,2000
MHGC,20100812,6.56,6.88,6.48,6.77,188700
MHLD,20100812,7.01,7.29,7,7.28,216300
MIDD,20100812,18.24,19.11,18.24,18.95,293300
MIND,20100812,6.51,6.6,6.26,6.34,31400
MINI,20100812,15.92,16.24,15.61,15.75,195800
MITL,20100812,7.75,7.75,7.02,7.39,192400
MKSI,20100812,19.08,19.35,18.7,19.23,260900
MKTX,20100812,14.3,14.8,14.29,14.7,194600
MLAB,20100812,22,22.4,21.66,22.4,1900
MLHR,20100812,17.57,17.7,17.23,17.57,303800
MLNK,20100812,6.15,6.28,6.15,6.18,97200
MLNX,20100812,14.9,15.1,14.67,15.03,167200
MLVF,20100812,8,8,8,8,0
MMLP,20100812,29.08,29.1,28.6,28.78,569200
MMSI,20100812,12.864,13.072,12.816,12.92,64800
MMYT,20100812,20.75,26.81,20.75,26.45,5473900
MNDO,20100812,1.94,1.94,1.92,1.93,12200
MNKD,20100812,6.78,6.95,6.66,6.74,745500
MNOV,20100812,5.51,6,5.49,5.95,4200
MNRO,20100812,26.14,27.0933,25.9667,26.7867,231500
MNST,20100812,7.335,7.4883,7.2767,7.4483,654600
MNTA,20100812,16.02,16.64,15.88,16.32,878700
MNTX,20100812,2.39,2.48,2.17,2.46,129900
MOCO,20100812,11,11,10.95,11,500
MOFG,20100812,13.94,14.21,13.66,13.67,5200
MORN,20100812,42.65,43.5,42.64,42.81,71200
MOSY,20100812,4.69,4.69,4.32,4.38,54300
MPAA,20100812,6.51,6.8,6.48,6.5,55200
MPB,20100812,8.27,8.27,7.51,7.75,1000
MPEL,20100812,3.78,3.93,3.75,3.88,2042300
MPET,20100812,1.79,1.84,1.79,1.8,48400
MPWR,20100812,16.75,17.5,16.75,17.27,581500
MRCY,20100812,10.82,11.33,10.76,10.98,98700
MRLN,20100812,10.7,11,10.5,10.53,15200
MRTN,20100812,13.7,14.18,13.5867,14.14,108400
MRVL,20100812,14.1,14.7,13.87,14.66,18988600
MSBF,20100812,8,8,8,8,0
MSCC,20100812,15.24,15.43,14.97,15.37,528000
MSEX,20100812,16.29,16.74,16.29,16.45,54900
MSFG,20100812,6.16,6.49,6.02,6.21,77300
MSFT,20100812,24.42,24.68,24.36,24.49,70240400
MSON,20100812,1.93,1.93,1.93,1.93,0
MSTR,20100812,74.17,74.99,73.58,74.65,77700
MTEX,20100812,23,24.8,23,24.8,23300
MTRX,20100812,8.76,9.04,8.76,8.97,109400
MTSC,20100812,27.35,28.34,27.35,28.3,92400
MTSL,20100812,1.22,1.22,1.22,1.22,0
MU,20100812,6.97,7.4,6.89,7.37,39794200
MVIS,20100812,19.2,20,19.2,19.28,415200
MXIM,20100812,16.73,17.06,16.59,16.85,3979900
MXWL,20100812,12.6,12.79,12.46,12.58,139800
MYGN,20100812,14.84,15.86,14.71,15.8,2008200
MYL,20100812,17.23,17.64,17.22,17.45,4477100
MYRG,20100812,15,15.1,14.5,14.55,123900
NAII,20100812,7.33,7.49,7.33,7.46,9800
NANO,20100812,12.04,12.62,12.02,12.36,664900
NATH,20100812,15.1,15.5,15.07,15.07,25700
NATI,20100812,20.0667,20.0933,19.68,19.9267,207400
NATR,20100812,8.48,9.29,8.44,8.56,17100
NAUH,20100812,7.1,7.97,6.36,6.85,32400
NAVG,20100812,41.58,42.84,41.51,42.7,38800
NAVI,20100812,2.55,2.62,2.54,2.61,18000
NBIX,20100812,5.69,6.02,5.68,5.93,401300
NBN,20100812,13.25,13.25,13.25,13.25,8000
NBTB,20100812,20.56,21.11,20.51,20.84,70400
NCIT,20100812,22.07,22.9,21.51,22.77,65100
NCMI,20100812,16.43,16.63,16.17,16.41,326900
NCTY,20100812,5.15,5.23,5.15,5.16,47900
NDAQ,20100812,19.5,20.13,19.5,19.96,3158600
NDSN,20100812,31.6,32.335,31.27,32.085,147500
NEOG,20100812,18.02,18.6333,18.0067,18.36,63200
NEPT,20100812,1.22,1.22,1.22,1.22,5400
NEWS,20100812,6.84,7.05,6.66,6.87,95700
NEWT,20100812,5.8,6.25,5.8,6.25,1700
NFBK,20100812,11.28,11.49,11.28,11.39,31900
NFLX,20100812,17.7786,19.1143,17.7171,19.0071,10282900
NICE,20100812,27.56,27.85,27.39,27.8,70800
NICK,20100812,8.5,8.67,8.5,8.61,1300
NIHD,20100812,37.05,38.46,36.99,38.15,1277300
NILE,20100812,41.3,42.59,41.05,41.98,243100
NKSH,20100812,22.97,23.28,22.4,22.52,27400
NKTR,20100812,13.82,14.6,13.79,14.48,544400
NLST,20100812,2.73,2.89,2.71,2.78,1038700
NMRX,20100812,5.69,5.7,5.52,5.57,4700
NNBR,20100812,6.61,6.61,5.93,6.09,297200
NRIM,20100812,17.43,17.5,17.26,17.34,1800
NSEC,20100812,12.35,12.35,12.2,12.2,500
NSIT,20100812,13.9,14.21,13.81,14,263500
NSSC,20100812,1.77,1.91,1.77,1.9,14600
NSYS,20100812,3.8,4.05,3.6,3.61,25700
NTAP,20100812,38.72,39.8,37.04,37.58,18266400
NTCT,20100812,15.39,15.9,15.16,15.33,238700
NTES,20100812,37.29,37.61,36.99,37.18,675600
NTGR,20100812,21.84,22.18,21.32,22.09,556400
NTIC,20100812,13.45,13.45,13.45,13.45,200
NTRI,20100812,18.19,18.72,18.04,18.47,330900
NTRS,20100812,48.72,50.85,48.72,50.19,4589500
NTWK,20100812,7.9,8.1,7.8,8.1,154200
NUAN,20100812,14.91,15.19,14.85,15.01,2876700
NURO,20100812,20.4,23.04,19.92,22.8,183400
NUTR,20100812,14.04,14.16,13.68,13.73,34200
NUVA,20100812,30.76,31.81,30.48,31.6,587900
NVAX,20100812,2.21,2.26,2.17,2.19,602900
NVDA,20100812,8.72,9.16,8.65,8.96,33589900
NVEC,20100812,39.45,40,39.45,39.59,29000
NVGN,20100812,0.56,0.62,0.56,0.6,5500
NVLS,20100812,24.54,25.11,24.33,24.78,2295600
NVMI,20100812,5.63,5.75,5.5,5.59,348600
NWBI,20100812,10.94,11.09,10.91,10.94,542100
NWFL,20100812,27.95,27.95,27.64,27.68,5400
NWLI,20100812,142.91,145.06,140.03,141.99,1800
NWPX,20100812,16.01,16.53,15.52,16.14,46300
NWS,20100812,14.61,14.69,14.54,14.65,1507300
NWSA,20100812,13.15,13.26,13.06,13.14,12817400
NXPI,20100812,12.26,12.51,12.1,12.39,1780300
NXST,20100812,5.12,5.15,4.72,4.74,30800
NXTM,20100812,15.82,16.49,15.82,16.2,456800
NYMT,20100812,6.2,6.27,6.1,6.2,30200
NYMX,20100812,4.07,4.13,3.9,4.01,65800
NYNY,20100812,5.45,5.65,5.4,5.4,51300
OBAS,20100812,6.7,6.7,6.65,6.7,2200
OBCI,20100812,2.19,2.37,2.05,2.29,14500
OCFC,20100812,11.65,12,11.65,11.79,26700
OCLR,20100812,10.81,10.85,9.99,10.11,1786400
OCLS,20100812,62.65,66.5,60.55,66.5,91400
ODFL,20100812,15.72,16.2222,15.5555,16.12,376700
OFIX,20100812,29.86,30.69,29.38,30.08,86400
OFLX,20100812,13.5,14.58,13.4,14.37,28700
OGXI,20100812,14.71,15.24,14.71,14.92,19700
OIIM,20100812,6.85,7.11,6.77,6.93,228600
OKSB,20100812,12.58,12.98,12.58,12.61,261600
OLBK,20100812,7.26,7.26,7.22,7.22,1000
OMAB,20100812,11.81,12.11,11.53,12.11,14400
OMCL,20100812,11.48,11.79,11.38,11.72,215600
OMER,20100812,6.28,6.75,6.28,6.44,74900
OMEX,20100812,16.56,17.04,16.32,16.32,168000
ONEQ,20100812,85.77,86.54,85,86.44,16100
ONVI,20100812,2.81,3.25,2.81,3,340100
OPHC,20100812,24.8,24.8,24.8,24.8,0
OPOF,20100812,11.77,12.63,11.5,12.09,46100
OPTT,20100812,51.3,52,50.1,50.6,39000
OPXA,20100812,5.12,5.2,4.92,4.92,71400
OPXAW,20100812,0.6,0.6,0.6,0.6,0
ORBC,20100812,2.19,2.26,2.16,2.25,50800
ORBK,20100812,10.93,11.08,10.9,10.98,129600
OREX,20100812,49.7,51.8,47.5,50.7,777700
ORIT,20100812,9.49,9.63,9.49,9.57,236000
ORLY,20100812,45.75,47.22,45.74,46.97,2169100
ORRF,20100812,22.02,22.12,21.5,21.54,11300
OSBC,20100812,1.1,1.25,1.08,1.09,171800
OSBCP,20100812,4.72,4.72,4.45,4.5,6000
OSHC,20100812,10.31,10.48,10.2,10.2,3600
OSIR,20100812,6.77,7.12,6.77,6.93,71300
OSIS,20100812,26.76,27.62,26.01,27.58,168100
OSTK,20100812,14.65,15,14.3,14.47,235800
OSUR,20100812,3.7,3.83,3.63,3.64,168700
OTEX,20100812,18.865,19.095,18.85,18.965,269400
OTIV,20100812,1.98,2.04,1.98,2.04,30600
OTTR,20100812,19.03,19.29,19.03,19.2,126900
OVBC,20100812,20.05,20.05,19.54,19.54,8500
OVLY,20100812,5.6,5.85,5.6,5.84,3100
OZRK,20100812,9.12,9.3375,9.01,9.205,125100
PAAS,20100812,23.03,23.77,23.01,23.42,685100
PACW,20100812,19.83,20.09,19.68,19.92,230900
PAGG,20100812,24.45,25.17,24.45,25.12,14100
PANL,20100812,21.4,21.44,20.6,20.68,353100
PATK,20100812,1.4467,1.5467,1.4333,1.4667,2900
PAYX,20100812,24.73,24.92,24.65,24.78,2848800
PBCT,20100812,13.25,13.41,13.2,13.25,3588500
PBHC,20100812,6.3,6.3,6,6,400
PBIB,20100812,10.15,10.95,10.11,10.84,20500
PBIP,20100812,6.7,7.01,6.7,6.82,1700
PCAR,20100812,42.5,42.86,42.29,42.37,2795000
PCBK,20100812,8.76,8.96,8.7,8.81,79800
PCLN,20100812,287,300.85,285.69,299.6,1742200
PCTI,20100812,5.68,5.94,5.6,5.74,34000
PCYO,20100812,2.91,2.91,2.9,2.9,1000
PDCO,20100812,26.43,26.84,26.43,26.7,689900
PDEX,20100812,1.7,1.7,1.7,1.7,400
PDFS,20100812,3.91,3.99,3.84,3.95,86500
PDLI,20100812,6.03,6.29,6.01,6.2,2458700
PEBK,20100812,5.01,5.01,5.01,5.01,0
PEBO,20100812,14.62,14.82,14.14,14.17,13200
PEGA,20100812,11.355,11.56,11.2,11.335,412500
PEIX,20100812,7.2,7.5,6.9,7.35,532500
PENN,20100812,26.84,27.41,26.49,27.1,881100
PERF,20100812,9.2,9.2,9.06,9.06,800
PERY,20100812,20.07,21.36,19.77,21.32,130300
PESI,20100812,8.75,8.95,8.25,8.4,113700
PETS,20100812,15.72,16.3,15.72,16.14,183800
PFBC,20100812,1.67,1.76,1.67,1.7,83200
PFBI,20100812,7.65,7.65,7.16,7.18,4100
PFBX,20100812,13.44,13.63,13.31,13.49,9500
PFIN,20100812,2,2,2,2,2000
PFSW,20100812,3.01,3.2,2.96,3.05,29600
PGC,20100812,11.11,11.4,11.11,11.15,19400
PGNX,20100812,4.65,5,4.65,4.87,155900
PGTI,20100812,2.12,2.19,2.07,2.07,20800
PHII,20100812,15.85,16.12,15.45,15.65,2600
PHIIK,20100812,14.12,14.41,13.97,14.15,39600
PHMD,20100812,28.9,29.15,28.25,28.95,3100
PICO,20100812,28.1,28.46,27.85,28.24,84200
PKBK,20100812,8.78,9.18,8.5,8.61,16000
PKOH,20100812,11.68,12.35,11.57,12.15,47800
PLAB,20100812,4.01,4.23,3.9,4.11,268100
PLBC,20100812,2.64,2.87,2.64,2.87,200
PLCE,20100812,40.44,42.2,40.01,41.5,622000
PLPC,20100812,33.07,34.2,32.51,33.89,19700
PLUG,20100812,0.45,0.45,0.42,0.43,408900
PLUS,20100812,17.65,18.2,17.62,18.1,46200
PLXS,20100812,26.93,27.65,26.12,26.36,388900
PMBC,20100812,3.75,3.85,3.75,3.85,5600
PMD,20100812,9.43,9.43,8.98,9.02,5400
PNBK,20100812,24.2,24.2,22.2,23.8,2400
PNFP,20100812,9.53,9.75,9.12,9.15,526100
PNNT,20100812,10.08,10.3,10,10.17,243700
PNQI,20100812,27.3,27.87,27.25,27.83,13800
PNRA,20100812,74.5,76.08,74.25,75.56,251900
PNRG,20100812,18.01,18.01,18.01,18.01,100
PNTR,20100812,7.26,7.26,7.26,7.26,0
PODD,20100812,14.65,14.99,14.5,14.54,188300
POOL,20100812,20.25,20.71,20.25,20.71,391600
POPE,20100812,24.76,25.25,24.76,25.25,1300
POWI,20100812,31.49,32,30.99,31.53,356800
POWL,20100812,31.02,31.29,30.18,30.54,57900
PPBI,20100812,4.15,4.15,4.14,4.15,2300
PPHM,20100812,1.51,1.53,1.49,1.51,278900
PRAA,20100812,21.34,21.72,21.01,21.5767,140800
PRAN,20100812,7.56,7.56,7.38,7.38,24000
PRCP,20100812,4.39,4.58,4.39,4.58,6000
PRFT,20100812,8.6,8.76,8.52,8.74,88900
PRFZ,20100812,49.9,51.06,49.68,50.87,71500
PRGS,20100812,19.0067,19.1467,18.8533,19.0467,203300
PRGX,20100812,4.94,5.2,4.88,5.04,17500
PRIM,20100812,5.92,6.11,5.92,6.08,36100
PRKR,20100812,8.9,9.1,8.5,8.5,27500
PROV,20100812,5.32,5.56,5.04,5.26,12000
PRPH,20100812,1.59,1.78,1.33,1.37,7300
PRSC,20100812,14.18,14.55,13.97,14.28,80400
PRTS,20100812,7.82,8.03,7.58,7.91,62900
PRXL,20100812,19.96,20.21,19.77,20.02,602300
PSAU,20100812,40.15,40.67,39.87,40.63,1800
PSDV,20100812,3.32,3.4,3.24,3.25,30000
PSEC,20100812,9.64,9.64,9.37,9.47,796800
PSMT,20100812,25.85,26.18,25.67,26.02,71000
PSTB,20100812,8.05,8.05,8,8,5500
PSTI,20100812,1.14,1.14,1.07,1.11,40500
PTEN,20100812,14.88,15.3,14.76,15.13,6580300
PTIE,20100812,5.28,5.57,5.28,5.56,63500
PTNR,20100812,17.09,17.23,17.01,17.12,122800
PTSI,20100812,12.36,12.39,12.08,12.1,21600
PVTB,20100812,11.36,11.44,11.13,11.22,285900
PVTBP,20100812,25.61,25.9,25.59,25.88,7100
PWOD,20100812,31.08,31.74,31.08,31.25,7400
PXLW,20100812,2.79,2.92,2.76,2.88,61600
PZZA,20100812,11.895,12,11.845,11.97,242400
QABA,20100812,21.69,21.69,21.58,21.58,400
QBAK,20100812,9.84,10.2,9.84,10.2,2700
QCLN,20100812,13.94,14.06,13.94,13.94,3500
QCOM,20100812,37.83,38.89,37.8,38.24,19583000
QCRH,20100812,9.33,9.36,9.29,9.36,1200
QDEL,20100812,12.62,12.73,12.29,12.42,354900
QGEN,20100812,18.35,18.39,18.05,18.14,1898600
QLTI,20100812,5.61,5.76,5.61,5.66,127600
QNST,20100812,10.19,11.11,10.07,10.64,176100
QQEW,20100812,19.37,19.66,19.37,19.6,25000
QQQ,20100812,44.56,45.24,44.45,45.04,66000400
QQQX,20100812,12.6,12.74,12.5,12.74,33000
QQXT,20100812,17.81,17.95,17.8,17.91,5900
QSII,20100812,26.63,27.25,26.45,27.175,230800
QTEC,20100812,20.16,20.44,20.08,20.32,470500
QUIK,20100812,3.49,3.53,3.47,3.47,153800
RADA,20100812,5.3,5.3,5.3,5.3,0
RAIL,20100812,21.56,21.97,21.12,21.88,156200
RAND,20100812,3,3,2.99,3,1300
RAVN,20100812,15.8,16.6,15.8,16.48,57800
RBCAA,20100812,20.07,20.98,20.07,20.7,49300
RBCN,20100812,23.78,26.63,23.7,25.99,921700
RBPAA,20100812,2.5,2.6,2.5,2.6,200
RCII,20100812,20.54,20.99,20.27,20.86,493900
RCKY,20100812,7.25,7.57,6.84,7.46,36000
RCMT,20100812,5.1,5.11,5,5.02,14700
RCON,20100812,4.72,5.04,4.6,4.73,30300
RDCM,20100812,6.6,7.1,6.6,6.98,27900
RDI,20100812,4.39,4.4,4.34,4.38,27200
RDNT,20100812,2,2.06,1.96,2.01,100700
RDWR,20100812,10.745,11.06,10.705,11.04,183900
RECN,20100812,12.28,12.58,12.21,12.25,291800
REFR,20100812,4.06,4.13,4.06,4.09,24500
REGN,20100812,23.31,24,23.09,23.82,244000
REIS,20100812,6.43,6.66,6.43,6.51,4000
RELL,20100812,8.77,8.88,8.54,8.6,50900
RELV,20100812,14.84,15.68,14.63,15.68,2900
REXX,20100812,9.21,9.47,9.08,9.29,400100
RFIL,20100812,2.61,2.69,2.61,2.69,5000
RGCO,20100812,15.805,15.805,15.8,15.8,700
RGEN,20100812,3.33,3.37,3.2,3.35,79200
RGLD,20100812,45.85,47.2,45.85,46.4,672300
RICK,20100812,7.25,7.4,7.13,7.36,56800
RIGL,20100812,8.06,8.34,8.01,8.15,151000
RLOG,20100812,4.8,4.8,4.8,4.8,2000
RMBS,20100812,17.97,18.24,17.76,18.02,1169700
RMCF,20100812,9.99,9.99,9.8,9.87,1700
RMTI,20100812,5.95,5.99,5.82,5.95,12200
RNST,20100812,14.11,14.31,14.06,14.15,49400
RNWK,20100812,2.69,2.76,2.68,2.74,331000
ROCK,20100812,8.05,8.29,8.02,8.11,168400
ROIA,20100812,1.01,1.01,1,1,200
ROIAK,20100812,0.88,0.88,0.83,0.85,333800
ROIC,20100812,9.61,9.85,9.61,9.74,102600
ROLL,20100812,30.95,31.15,30.53,30.98,76000
ROSG,20100812,22.95,23.1,22.35,22.95,3500
ROST,20100812,12.34,12.5075,12.25,12.405,1510400
RP,20100812,13,16.41,12.42,14.52,4381100
RPRX,20100812,0.39,0.4,0.37,0.38,427000
RRGB,20100812,19.48,19.84,19.3,19.67,449300
RSYS,20100812,8.55,8.82,8.55,8.68,169500
RTIX,20100812,2.46,2.56,2.45,2.56,231500
RUSHA,20100812,13.19,13.55,13.02,13.41,94600
RUSHB,20100812,11.4,11.63,11.4,11.63,2400
RUTH,20100812,3.52,3.64,3.5,3.56,203600
RVSB,20100812,2.1,2.12,2.02,2.09,34500
RXII,20100812,21,22,21,21.6,57100
RYAAY,20100812,28.45,28.85,28.38,28.5,413800
SAAS,20100812,2.21,2.3,2.14,2.29,33100
SAFM,20100812,41.13,42.44,40.96,42.24,282600
SAFT,20100812,40.27,41.56,40.27,41.56,65600
SAIA,20100812,7.8267,8.2067,7.7867,8.1867,110500
SALM,20100812,3.2,3.2,3.11,3.11,5800
SANM,20100812,10.74,10.74,10.32,10.49,2008500
SANW,20100812,3.41,3.75,3.3,3.74,7600
SASR,20100812,15.88,16.21,15.85,16,55700
SATS,20100812,18.48,18.58,18.16,18.44,330500
SBAC,20100812,35.01,36.03,34.94,35.82,998100
SBBX,20100812,5.25,5.28,5.07,5.24,4400
SBCF,20100812,6,6.5,6,6.5,192700
SBGI,20100812,6.15,6.33,6.06,6.13,425100
SBLK,20100812,214.5,217.5,210,216,147700
SBNY,20100812,37.86,38.23,37.42,37.84,196600
SBNYW,20100812,19.3,19.3,19.3,19.3,0
SBSA,20100812,1.1,1.15,1.1,1.12,48200
SBSI,20100812,17.1619,17.5333,17.1619,17.381,34900
SBUX,20100812,12.155,12.305,12.13,12.23,5981900
SCHL,20100812,24.27,24.82,24.19,24.43,183300
SCHN,20100812,44.75,46.05,44.52,45.12,213400
SCKT,20100812,2.74,2.82,2.71,2.82,2500
SCLN,20100812,2.36,2.52,2.36,2.49,498100
SCMP,20100812,3.32,3.55,3.3,3.42,20400
SCON,20100812,406.8,421.2,406.8,415.8,14700
SCOR,20100812,18.53,19.18,17.81,18.01,286800
SCSC,20100812,25.26,25.6,25.06,25.43,74400
SCSS,20100812,6.21,6.55,6.11,6.5,698300
SCVL,20100812,11.9,12.4267,11.7467,12.3667,55400
SEAC,20100812,7.95,8.05,7.81,7.92,107300
SEED,20100812,8.07,8.64,8.07,8.54,568800
SEIC,20100812,19.18,19.4,18.86,19.4,852200
SENEA,20100812,25.7,26.1,25.7,25.87,28100
SENEB,20100812,26.25,26.45,26.25,26.25,1000
SFLY,20100812,22.51,23.15,22.51,22.9,140300
SFNC,20100812,25.02,25.36,24.55,25.08,65700
SFST,20100812,6.25,6.3,6.24,6.3,14800
SGC,20100812,9.85,9.95,9.85,9.95,2200
SGEN,20100812,11.82,12.32,11.7,12.14,425100
SGMA,20100812,5.96,6.08,5.64,6,2800
SGMO,20100812,3.66,3.82,3.64,3.7,179000
SGMS,20100812,10.59,10.95,10.47,10.82,565600
SGRP,20100812,1,1,1,1,0
SHBI,20100812,10.86,11.05,10.29,10.57,28200
SHEN,20100812,8.39,8.925,8.335,8.5,33400
SHIP,20100812,5.3,5.4,5.25,5.25,174600
SHIPW,20100812,0.05,0.05,0.05,0.05,69700
SHLD,20100812,68,68.06,67.2,67.3,1359500
SHLM,20100812,18.54,19.05,18.46,18.56,222000
SHLO,20100812,8.84,9.03,8.83,8.86,18900
SHOO,20100812,15.8622,16.0222,15.4889,15.9467,338400
SHOR,20100812,4.69,4.79,4.4,4.41,354600
SIEB,20100812,2,2,2,2,0
SIFI,20100812,6.51,6.51,6.51,6.51,0
SIFY,20100812,1.31,1.47,1.31,1.39,178400
SIGI,20100812,14.98,15.34,14.98,15.29,158800
SIGM,20100812,9.89,10.05,9.77,9.85,297100
SILC,20100812,10.37,10.86,10.37,10.6,25800
SIMO,20100812,4.56,4.63,4.5,4.61,67000
SINA,20100812,42.83,43.61,42.7,43.49,902500
SINO,20100812,2.64,2.64,2.38,2.4,12700
SIRI,20100812,0.97,1.01,0.97,1.01,83557900
SIVB,20100812,39.94,40.99,39.92,40.48,483600
SIVBO,20100812,24.6,24.6,24.6,24.6,400
SKYW,20100812,13,13.45,12.93,13.17,341400
SLAB,20100812,39.37,39.53,39,39.45,842100
SLGN,20100812,28.84,29.43,28.57,29.35,599300
SLMAP,20100812,39.31,39.48,38.91,38.91,13400
SLP,20100812,2.35,2.37,2.3,2.37,8500
SLRC,20100812,19.5,20.36,19.5,20.25,165700
SMBC,20100812,7.55,7.55,7.55,7.55,600
SMCI,20100812,9.15,9.15,8.79,8.83,515800
SMED,20100812,5.09,5.1,4.97,5.03,86100
SMIT,20100812,3.01,3.01,3.01,3.01,0
SMMF,20100812,3.5,3.5,3.3,3.3,1000
SMRT,20100812,6.79,6.99,6.78,6.9,186900
SMSI,20100812,32.28,32.76,31.52,31.96,352200
SMTC,20100812,16.35,16.46,16.01,16.41,382000
SMTX,20100812,3.07,3.1,2.9,2.98,262600
SNAK,20100812,3.45,3.52,3.45,3.49,9000
SNBC,20100812,24.6,24.6,23.55,23.55,47100
SNCR,20100812,16.26,16.72,16.05,16.57,217800
SNFCA,20100812,1.9,1.98,1.75,1.75,18400
SNHY,20100812,16.2,16.94,16.1667,16.4133,49300
SNMX,20100812,3.7,3.89,3.67,3.77,94600
SNPS,20100812,21.68,21.75,21.42,21.6,2226300
SNSS,20100812,2.52,2.7,2.46,2.64,882200
SOFO,20100812,9.93,9.93,9.63,9.82,4100
SOHU,20100812,46.52,48.1,46.26,47.9,443100
SONA,20100812,6.88,6.88,6.88,6.88,200
SONC,20100812,8.04,8.24,8.03,8.14,422800
SONS,20100812,15,15.35,14.5,14.65,3473000
SORL,20100812,8.8,8.8,8.31,8.38,89600
SPAN,20100812,15.35,15.35,15.13,15.27,600
SPAR,20100812,4,4.16,4,4.09,148900
SPEX,20100812,604.2,608,535.8,570,61300
SPIL,20100812,4.86,4.9,4.82,4.87,1393600
SPLS,20100812,19.1,19.52,19.08,19.32,6663400
SPNC,20100812,4.98,5.14,4.98,5.03,63400
SPNS,20100812,2.61,2.77,2.61,2.66,900
SPPI,20100812,4.08,4.14,4.02,4.07,285900
SPRT,20100812,3.85,3.98,3.81,3.9,208400
SPSC,20100812,9.45,9.84,9.38,9.43,24300
SPTN,20100812,13.17,13.49,12.91,13.44,79100
SPU,20100812,5.87,6.06,5.78,5.92,30000
SQQQ,20100812,982.08,988,940.16,950.72,432100
SRCE,20100812,16.6,16.99,16.6,16.7,31700
SRCL,20100812,63.18,64.84,62.7,64.52,724100
SRDX,20100812,12.8,13.01,12.72,12.73,49200
SSBI,20100812,6.15,6.15,6.15,6.15,0
SSFN,20100812,9,9,8.93,8.93,200
SSNC,20100812,15.11,15.21,14.5,14.8,140100
SSRI,20100812,16.43,16.71,16.37,16.44,354500
SSYS,20100812,21.26,21.73,20.89,21.58,137900
STAA,20100812,4.85,5.11,4.78,4.95,146500
STBA,20100812,18.43,19.01,18.43,18.91,185400
STEM,20100812,10.44,10.56,10.32,10.44,670800
STFC,20100812,14.21,14.28,13.87,14.09,72700
STKL,20100812,5.26,5.68,5.15,5.59,641100
STLD,20100812,13.62,13.97,13.5,13.8,2644700
STLY,20100812,3.71,3.91,3.68,3.9,17400
STMP,20100812,10.51,10.87,10.51,10.77,52700
STPP,20100812,48.62,49,48.51,48.65,6200
STRA,20100812,209.7,211.52,208.21,209.8,196900
STRL,20100812,11.49,12.26,11.49,12.16,148100
STRM,20100812,1.14,1.19,1.14,1.19,2200
STRS,20100812,8.32,9.03,8.32,9.03,1600
STRT,20100812,19.74,19.74,19.74,19.74,0
STX,20100812,11,11.29,10.85,10.99,17929900
SUMR,20100812,6.89,7.44,6.76,7.4,57200
SVA,20100812,4.31,4.48,4.28,4.46,144200
SVBI,20100812,4.5,4.65,4.25,4.65,2600
SWHC,20100812,3.8,3.81,3.7,3.71,766900
SWIR,20100812,8.62,8.75,8.52,8.64,138600
SWKS,20100812,16.97,17.55,16.71,17.34,5292000
SYBT,20100812,15.68,16.0467,15.68,15.92,24100
SYKE,20100812,12.1,12.1,11.93,12.03,313900
SYMC,20100812,12.43,12.49,12.31,12.41,13305500
SYMX,20100812,1.05,1.1,1.05,1.08,25900
SYNA,20100812,28.26,28.45,27.91,28.28,427200
SYNL,20100812,9.86,9.86,9.45,9.47,8100
SYNT,20100812,20.065,20.275,19.925,19.96,67100
SYPR,20100812,3.72,3.93,3.72,3.81,17000
SYUT,20100812,12.98,13.09,12.43,12.5,365800
TACT,20100812,7.5,7.69,7.45,7.69,10800
TAIT,20100812,1.08,1.09,1.08,1.09,200
TASR,20100812,3.89,4.03,3.85,3.99,537100
TAST,20100812,4.67,4.77,4.57,4.72,62100
TATT,20100812,7.08,7.2,6.77,6.85,10900
TAYD,20100812,5.02,5.02,4.88,4.94,6300
TBBK,20100812,6.97,7.16,6.91,7.05,87200
TBNK,20100812,17.49,17.74,17.41,17.7,14800
TCBI,20100812,16.1,16.41,16.09,16.28,288800
TCBIW,20100812,7.24,7.24,7.24,7.24,0
TCBK,20100812,15.28,15.49,15.04,15.15,30900
TCCO,20100812,10,10.24,9.03,9.93,9500
TCRD,20100812,11.41,11.87,11.41,11.83,30300
TCX,20100812,2.44,2.64,2.4,2.56,163900
TEAM,20100812,6.71,6.75,6.61,6.64,6300
TEAR,20100812,2.15,2.17,2.11,2.15,3500
TECD,20100812,37.54,37.75,36.95,37.54,633000
TECH,20100812,59.47,60.56,58.53,60.35,46600
TESO,20100812,11.72,11.95,11.44,11.75,191800
TESS,20100812,12.51,12.82,12.36,12.44,25600
TFSL,20100812,9.18,9.23,9.06,9.14,1006800
TGA,20100812,7.45,7.51,7.36,7.47,123900
THFF,20100812,26.75,27.1,26.6,26.73,15500
THLD,20100812,1.25,1.34,1.25,1.32,9500
TICC,20100812,8.71,8.92,8.7,8.83,169400
TINY,20100812,3.83,4.12,3.8,4,161900
TISA,20100812,0.9,0.9,0.9,0.9,0
TITN,20100812,14.81,15.21,14.59,14.99,254700
TIVO,20100812,8.51,8.6,8.21,8.49,1664700
TLF,20100812,4.04,4.07,3.93,4.02,7100
TLT,20100812,101.58,101.94,100.87,101.03,7590000
TNAV,20100812,4.9,5,4.74,4.99,70500
TNDM,20100812,11.82,12.16,11.7,12.01,380100
TOPS,20100812,57.4,59.5,56,59.5,9200
TORM,20100812,6.74,6.74,6.19,6.27,14800
TOWN,20100812,14,14.36,13.75,14.01,47900
TQQQ,20100812,10.2575,10.7538,10.1963,10.6038,380000
TREE,20100812,6.48,6.58,6.43,6.52,2600
TRIB,20100812,6.05,6.15,5.92,5.94,39500
TRMB,20100812,14,14.135,13.925,14.06,429300
TRMK,20100812,20.55,20.74,20.34,20.54,245500
TRNS,20100812,7,7,7,7,0
TROW,20100812,46.66,46.86,46.34,46.5,3113200
TRS,20100812,12.69,12.72,11.62,12.34,191400
TRST,20100812,5.3,5.49,5.3,5.44,247700
TRUE,20100812,1.66,2.04,1.65,1.82,2200
TSBK,20100812,3.8,3.83,3.8,3.8,600
TSCO,20100812,16.825,17.3125,16.7175,17.2275,371700
TSEM,20100812,22.8,23.1,22.2,22.5,1752500
TSLA,20100812,17.8,17.9,17.39,17.6,691200
TSRA,20100812,15.5,15.86,15.27,15.81,415100
TSRI,20100812,2.15,2.17,2.15,2.17,900
TTEC,20100812,13.22,13.42,13.01,13.19,321700
TTEK,20100812,19.12,19.76,18.88,19.63,592600
TTGT,20100812,5,5.24,4.86,4.99,63000
TTMI,20100812,9.17,9.17,8.85,8.94,909300
TTWO,20100812,9.07,9.19,8.49,8.51,5117200
TUES,20100812,4.13,4.31,4.11,4.17,264000
TWER,20100812,32.6,33,32,32.6,56800
TWIN,20100812,11.55,12.1,11.55,11.77,29900
TWMC,20100812,1.75,1.78,1.74,1.75,7500
TXN,20100812,24.3,24.97,24.22,24.41,18136200
TXRH,20100812,13.24,13.54,13.17,13.51,503400
TYPE,20100812,7.71,7.92,7.7,7.9,90200
TZOO,20100812,15.02,15.33,14.9,15.04,48600
UBCP,20100812,8.37,8.38,8.01,8.11,11200
UBFO,20100812,4.27,4.27,4.23,4.26,3900
UBNK,20100812,13.23,13.84,13.23,13.51,27200
UBOH,20100812,9.05,9.05,9.05,9.05,2400
UBSH,20100812,11.84,12.33,11.77,11.84,57200
UBSI,20100812,25.04,25.21,24.39,24.69,226000
UCBA,20100812,7.45,7.46,7.4,7.45,600
UCBI,20100812,2.77,2.82,2.76,2.78,688000
UCFC,20100812,1.4,1.52,1.35,1.36,31800
UCTT,20100812,9.61,9.96,9.39,9.44,161000
UEIC,20100812,17.85,18.29,17.77,18.14,73600
UEPS,20100812,14.09,14.27,13.81,14.2,171900
UFCS,20100812,19.51,20.23,19.45,20.15,59500
UFPI,20100812,28.41,29.38,28.41,29.17,116200
UFPT,20100812,9.41,9.45,9.3,9.39,21400
UG,20100812,12.9,12.91,12.56,12.65,800
UHAL,20100812,75.02,77.53,74.5,76.76,43600
ULBI,20100812,4.55,4.72,4.55,4.6,36500
ULTA,20100812,22.52,23.25,22.11,22.97,266200
ULTI,20100812,32.48,33.1,32.21,32.57,109900
UMBF,20100812,34.7,34.86,34.32,34.66,106500
UMPQ,20100812,11.65,11.8,11.41,11.58,576500
UNAM,20100812,9,9,9,9,0
UNB,20100812,18,18,18,18,500
UNFI,20100812,34.41,34.85,34.02,34.7,236400
UNIS,20100812,56.8,58.3,55.9,56.3,57200
UNTY,20100812,5.7,5.7,5.35,5.7,1600
URBN,20100812,31.19,31.77,30.79,31.61,2739000
URRE,20100812,60,63.6,60,62.4,71600
USAK,20100812,13.75,14.14,13.61,13.85,20700
USAP,20100812,22.3,23,22.3,22.53,9400
USAT,20100812,0.5,0.55,0.5,0.54,69100
USATP,20100812,6.6,6.61,6,6.03,8100
USEG,20100812,27.6,28.68,27.42,28.14,105000
USLM,20100812,38.79,38.89,38.02,38.29,5200
UTEK,20100812,16.85,17.01,16.36,16.59,199400
UTHR,20100812,49.82,51.08,49.54,50.51,220700
UTMD,20100812,24.71,25.74,24.57,25.09,24200
UTSI,20100812,5.88,6.18,5.88,6,489200
UVSP,20100812,16.04,16.54,16.04,16.35,33100
VALU,20100812,14.5,15.73,14.02,14.76,22600
VASC,20100812,11.32,11.83,11.04,11.73,46900
VBFC,20100812,46.4,46.4,46.4,46.4,0
VCIT,20100812,80.59,80.59,80.31,80.37,40200
VCLT,20100812,80.16,80.28,79.79,79.79,11000
VCSH,20100812,77.95,77.95,77.79,77.81,90900
VDSI,20100812,6,6.02,5.9,5.92,74600
VECO,20100812,31.74,32.54,30.88,31.65,5118500
VGIT,20100812,63.25,63.25,63.17,63.18,2400
VGLT,20100812,64.49,64.71,64.3,64.32,26100
VGSH,20100812,60.68,60.74,60.68,60.74,1300
VIA,20100812,36.52,36.92,36.12,36.9,32100
VIAB,20100812,32.13,32.76,31.94,32.76,6237100
VICL,20100812,30.8,31.7,30.6,31.1,182100
VICR,20100812,14,14.49,13.88,13.97,82100
VIRC,20100812,2.78,2.78,2.71,2.77,1900
VISN,20100812,72.6,73.4,72.2,73,136800
VIVO,20100812,18.45,18.84,18.44,18.72,130000
VLGEA,20100812,26.05,26.34,26.02,26.26,13700
VMBS,20100812,51.34,51.42,51.34,51.37,2000
VNDA,20100812,6.5,6.78,6.5,6.7,190900
VOD,20100812,23.73,23.98,23.72,23.9,8660400
VOXX,20100812,6.53,6.86,6.53,6.72,52000
VRML,20100812,8.37,8.37,6.3,7.07,1429500
VRNT,20100812,23.31,23.52,23.1,23.23,13900
VRSK,20100812,28.02,28.99,28,28.34,375000
VRSN,20100812,28.36,28.91,28.35,28.71,3625700
VRTB,20100812,5.6,5.6,5.36,5.48,6500
VRTS,20100812,25.46,25.92,24.35,25.75,9500
VRTU,20100812,8.96,9.08,8.92,8.98,44000
VRTX,20100812,35.5,36.57,35.37,36.29,1219700
VSAT,20100812,33.26,33.92,33.16,33.59,293000
VSEC,20100812,14.395,14.825,14.33,14.59,20600
VVUS,20100812,5,5.48,5,5.46,3054000
WABC,20100812,51.51,51.93,50.9,51.46,153100
WAFD,20100812,15.06,15.56,15.03,15.25,820300
WASH,20100812,18.47,18.74,18.4,18.46,49600
WAYN,20100812,7.5,7.5,7.5,7.5,0
WBMD,20100812,51.2,51.62,51.17,51.33,241700
WDC,20100812,24.82,25.95,24.17,24.24,9349300
WDFC,20100812,34.48,35.81,34.12,35.69,93800
WERN,20100812,20.94,21.56,20.78,21.42,1087300
WEYS,20100812,22.5,23.15,22.5,23.01,8200
WFM,20100812,17.67,18.255,17.54,18.205,2322500
WILC,20100812,6.06,6.15,5.8,6.1,60100
WIN,20100812,11.27,11.33,11.23,11.27,5198700
WINA,20100812,30.8,33.4,30.8,32.47,15400
WIRE,20100812,20.02,20.26,19.83,20.08,68300
WLDN,20100812,2.75,2.75,2.71,2.71,1800
WLFC,20100812,10.49,10.49,10.2,10.42,12100
WMAR,20100812,9.5,9.8,9.5,9.59,48200
WMGI,20100812,14.25,14.44,14.11,14.19,164700
WOOD,20100812,39,39.64,39,39.57,3300
WOOF,20100812,19.94,20.47,19.91,20.4,857700
WPCS,20100812,386.54,403.48,385,401.94,22300
WPPGY,20100812,51.99,52.35,51.97,52.15,40300
WPRT,20100812,17.48,18.35,17.27,18.01,505700
WRLD,20100812,38.4,39.1,38.36,38.71,150900
WSBC,20100812,15.72,16.17,15.54,15.7,38500
WSBF,20100812,3.54,4,3.54,3.97,53600
WSCI,20100812,3.27,3.4,3.17,3.4,17000
WSFS,20100812,12.1667,12.3767,12.1667,12.3667,19000
WSTG,20100812,9.44,9.5,9.3,9.37,9000
WSTL,20100812,1.98,2.09,1.97,2.05,179900
WTBA,20100812,5.98,6.29,5.98,6.21,37200
WTFC,20100812,28.82,29.6,28.68,29.19,290400
WVFC,20100812,9.87,10.21,8.31,8.93,3200
WVVI,20100812,3.44,3.5,3.41,3.5,4800
WYNN,20100812,85.98,88.12,85.55,86.93,2227500
XBKS,20100812,5.95,5.95,5.95,5.95,0
XLNX,20100812,25.06,26.85,24.28,25.5,14968500
XOMA,20100812,5.6,5.6,5.2,5.4,3096200
XRAY,20100812,30.57,30.84,30.49,30.61,907900
XXIA,20100812,10.21,10.49,10.18,10.41,249300
YHOO,20100812,13.77,13.99,13.75,13.85,11662400
YORW,20100812,13.69,14.19,13.5,14.17,38600
YRCW,20100812,0.29,0.3,0.28,0.28,36129400
ZAGG,20100812,3.29,3.42,3.05,3.37,360300
ZBRA,20100812,28.56,28.91,28.34,28.76,181100
ZEUS,20100812,21.88,22.79,21.73,22.27,105700
ZION,20100812,19.84,20.46,19.66,20.19,3941100
ZIONW,20100812,5.99,6.01,5.91,5.91,28100
ZIOP,20100812,3.5,3.89,3.5,3.81,309300
ZIXI,20100812,2.19,2.24,2.15,2.23,298600
ZN,20100812,4.82,4.93,4.72,4.83,36300
ZUMZ,20100812,16.07,16.91,16.07,16.85,213800
