<ticker>,<date>,<open>,<high>,<low>,<close>,<vol>
AAME,20120726,2.73,2.73,2.61,2.69,1200
AAON,20120726,8.2089,8.24,8.0533,8.1333,18500
AAPL,20120726,82.8229,82.9143,81.48,82.1257,14528900
AAWW,20120726,44,44.9,43.05,43.57,126400
AAXJ,20120726,51.52,51.77,51.3,51.58,261400
ABAX,20120726,37,37.24,36.12,36.87,125200
ABCB,20120726,11.83,12.08,11.66,11.7,21300
ABCD,20120726,1.1,1.1,1.01,1.1,12600
ABCO,20120726,45.07,45.54,44.92,45.08,217800
ABIO,20120726,21.42,22.26,21,21,31200
ABMD,20120726,22.16,22.16,21.77,21.86,301100
ABTL,20120726,3.69,3.75,3.69,3.71,7600
ACAD,20120726,1.58,1.58,1.54,1.55,114800
ACAS,20120726,9.84,9.84,9.73,9.8,1949400
ACAT,20120726,43.06,45.89,40.34,42.15,783100
ACET,20120726,8.73,8.81,8.65,8.74,131900
ACFC,20120726,2.4,2.4,2.4,2.4,1300
ACGL,20120726,39.39,39.39,38.07,38.38,1037300
ACHC,20120726,16.43,16.43,15.96,16.2,93300
ACHN,20120726,6.35,6.55,6.24,6.52,510900
ACIW,20120726,12.17,13.5733,12.17,13.56,1449500
ACLS,20120726,3.6,3.64,3.48,3.56,230000
ACNB,20120726,14.44,14.44,14.06,14.06,3400
ACOR,20120726,24.25,24.53,23.7,23.94,391000
ACPW,20120726,4,4.05,3.9,3.9,46900
ACRX,20120726,2.78,2.88,2.77,2.77,28700
ACTG,20120726,31.87,31.97,30.4,30.85,400600
ACTS,20120726,1.68,1.68,1.61,1.66,17100
ACUR,20120726,3.01,3.02,2.97,3.01,34600
ACWI,20120726,43.51,43.76,43.4,43.66,195500
ACWX,20120726,36.56,36.71,36.48,36.67,219500
ACXM,20120726,15.8,16,15.6,15.75,293500
ADBE,20120726,30.85,31.41,30.49,30.94,3644200
ADES,20120726,11.31,11.515,11.305,11.5,63900
ADI,20120726,38.41,38.82,38.13,38.33,2500200
ADP,20120726,49.4821,49.9825,49.1571,49.6225,2379100
ADRA,20120726,22.77,22.9,22.72,22.76,800
ADRD,20120726,18.36,18.49,18.29,18.4,6500
ADRE,20120726,36.81,37.28,36.74,37.23,52500
ADRU,20120726,18.25,18.32,18.24,18.27,1400
ADSK,20120726,32.82,33.83,32.67,33.49,3210000
ADTN,20120726,21,21.18,20.35,20.5,1447800
ADUS,20120726,4.69,4.72,4.27,4.47,37800
AEGN,20120726,17.45,17.76,17.34,17.71,79400
AEGR,20120726,14.12,14.9,14.12,14.89,71200
AEHR,20120726,1.2,1.22,1.2,1.2,9500
AEIS,20120726,11.17,11.7,11.07,11.58,568900
AEPI,20120726,46.33,46.65,45.83,45.89,27400
AETI,20120726,4.22,4.38,4.11,4.37,1700
AEY,20120726,2.1,2.1,2.09,2.09,7600
AEZS,20120726,282,282,264,264,369400
AFAM,20120726,21.44,21.64,21.32,21.57,43700
AFSI,20120726,14.925,15.05,14.8,14.9,140100
AGEN,20120726,4.6,4.77,4.53,4.61,44200
AGII,20120726,29.38,29.4,29,29.09,48400
AGNC,20120726,35.08,35.08,34.75,34.98,7574100
AGNCP,20120726,26.14,26.25,26.06,26.08,65900
AGYS,20120726,8.52,8.61,8.11,8.26,29800
AHGP,20120726,42.92,43.42,42.15,43.2,35900
AHPI,20120726,2.85,2.85,2.85,2.85,0
AIMC,20120726,15.41,15.52,15.18,15.32,92600
AINV,20120726,7.75,7.83,7.64,7.72,971100
AIRM,20120726,35.92,36.2067,35.31,35.6867,143200
AIRT,20120726,8.46,8.53,8.46,8.53,500
AIXG,20120726,13.67,13.79,13.17,13.21,429900
AKAM,20120726,33.45,35.2,32.93,35.04,13758500
AKRX,20120726,14.12,14.5,14.02,14.1,1431600
ALCO,20120726,30.64,31.67,30.41,30.63,3100
ALGN,20120726,34.79,35.4,34.54,35,1870400
ALGT,20120726,68.74,69.34,67.77,69.2,66600
ALIM,20120726,3.07,3.2,2.88,2.94,48300
ALKS,20120726,19.25,19.25,18.45,18.79,2570100
ALLT,20120726,24.05,24.36,23.41,23.6,349700
ALNY,20120726,18.98,19.3,18.75,18.96,610500
ALOG,20120726,62.42,63.5,61.76,62.95,62900
ALOT,20120726,8.02,8.05,7.73,8.02,5400
ALSK,20120726,2.22,2.22,2.11,2.12,362800
ALXN,20120726,105.36,108.87,103.95,106.14,2631200
AMAG,20120726,15.59,15.59,14.99,15.25,63100
AMAT,20120726,10.7,10.78,10.51,10.64,11535200
AMCC,20120726,5.25,5.83,5.25,5.66,1673900
AMCN,20120726,1.68,1.73,1.68,1.7,7800
AMCX,20120726,44.15,44.44,42,42.85,500500
AMD,20120726,4.05,4.09,4,4.04,11239500
AMED,20120726,11.83,11.99,11.15,11.3,298100
AMGN,20120726,79,80,78.5,79.29,5867700
AMKR,20120726,4.83,4.97,4.78,4.91,798200
AMNB,20120726,23.06,23.2,22.75,22.93,10400
AMOT,20120726,5.9,5.9,5.9,5.9,1900
AMOV,20120726,26.3,26.86,26.3,26.86,3300
AMRB,20120726,6.78,6.78,6.78,6.78,0
AMRI,20120726,2.81,2.81,2.71,2.72,84800
AMRN,20120726,14.7,15.39,14.7,15.31,6034300
AMRS,20120726,3.46,3.51,3.34,3.38,396300
AMSC,20120726,38.2,38.5,36.3,37,570000
AMSF,20120726,26.01,26.22,25.69,25.72,20600
AMSG,20120726,29.92,29.92,28.92,29.15,119500
AMSWA,20120726,8.27,8.33,8.19,8.25,72700
AMWD,20120726,16.81,17.23,16.81,16.99,24200
AMZN,20120726,220,221.45,214.95,220.01,6937300
ANAT,20120726,71.82,71.82,70.44,70.44,24900
ANCB,20120726,10.88,10.88,10.88,10.88,300
ANCX,20120726,13.6,13.75,13.5,13.67,31000
ANDAU,20120726,10,10,10,10,0
ANDE,20120726,24.38,24.6667,24.1333,24.24,84300
ANGI,20120726,14.5,14.5,12.83,13.07,821600
ANGO,20120726,10.82,10.92,10.35,10.41,268800
ANIK,20120726,12.54,12.69,12.19,12.31,74500
ANSS,20120726,58.59,59.51,58.58,59.27,524000
ANTH,20120726,9.04,9.2,8.56,8.8,1568900
AOSL,20120726,7.74,7.83,7.5,7.81,150200
APEI,20120726,27.07,27.37,25.5,25.75,379100
APOG,20120726,16.2,16.45,16.15,16.3,193000
APOL,20120726,26.69,27.65,26.28,27.51,3852800
APPY,20120726,13.44,14.4,12.64,12.8,113600
APRI,20120726,32.4,32.8,30.8,31.2,66600
APWC,20120726,2.9,2.91,2.9,2.91,500
ARAY,20120726,6.25,6.31,6.14,6.2,687600
ARCC,20120726,16.6,16.71,16.51,16.64,1007300
ARCI,20120726,3.89,3.97,3.5,3.93,10500
ARCW,20120726,1.26,1.26,1.2,1.212,1400
AREX,20120726,26.58,26.65,25.48,26,186700
ARIA,20120726,17.8,18.06,17.73,17.81,2857800
ARII,20120726,25.98,26.95,25.75,26.2,234500
ARKR,20120726,14.51,14.94,14.44,14.94,2100
ARLP,20120726,28.715,29.105,28.38,28.525,61400
ARNA,20120726,9.59,9.69,9.36,9.56,6174000
AROW,20120726,23.94,24.06,23.88,23.93,5300
ARQL,20120726,5.97,6.1,5.89,5.94,448600
ARRS,20120726,13.31,13.49,11.8,12.35,3826800
ARRY,20120726,4.52,4.6,4.42,4.51,773800
ARTNA,20120726,21.58,21.58,21.36,21.46,16300
ARTW,20120726,7.32,7.32,7.28,7.28,500
ARTX,20120726,0.84,0.88,0.83,0.87,8600
ARWR,20120726,3.69,3.69,3.43,3.65,32200
ASBB,20120726,14.1,14.1,14.1,14.1,100
ASCMA,20120726,50.99,51.07,50.43,50.59,9000
ASFI,20120726,9.15,9.39,9.06,9.37,23400
ASML,20120726,56.35,57.29,56.01,57.14,2454000
ASNA,20120726,18.55,18.91,18.27,18.82,1335100
ASPS,20120726,74.97,75.28,72.01,72.8,185700
ASRV,20120726,2.81,2.99,2.81,2.99,2700
ASRVP,20120726,26.36,26.36,26.36,26.36,0
ASTC,20120726,1.18,1.18,1.13,1.17,39000
ASTE,20120726,28.07,28.07,27.01,27.38,366600
ASUR,20120726,6.6,6.68,6.31,6.4,8900
ASYS,20120726,4.34,4.41,4.22,4.3,45300
ATAI,20120726,3.71,4,3.7,3.7,9500
ATAX,20120726,5.41,5.44,5.36,5.4,136400
ATEC,20120726,20.52,20.64,19.8,20.64,44700
ATHN,20120726,92.94,94.61,89.84,91.4,536800
ATHX,20120726,1.49,1.54,1.48,1.53,24000
ATLO,20120726,22.62,22.62,22.1,22.22,10700
ATNI,20120726,33.61,34.57,33.32,34.16,13300
ATRC,20120726,8.55,8.65,8.23,8.38,23100
ATRI,20120726,211.45,212.85,211.45,211.5,500
ATRO,20120726,24.725,24.9083,24.0583,24.475,21500
ATRS,20120726,5.15,5.15,4.86,4.99,1675300
ATSG,20120726,4.85,4.98,4.79,4.94,82900
ATTU,20120726,8.1,8.12,7.58,7.94,47300
ATVI,20120726,11.86,12.05,11.73,11.81,4702000
AUBN,20120726,22.26,22.26,21.8,21.8,500
AUDC,20120726,1.51,1.53,1.48,1.48,24500
AVAV,20120726,23.65,23.97,23.06,23.29,99500
AVEO,20120726,13.24,13.61,13.05,13.53,193100
AVGO,20120726,35.01,35.73,35,35.44,1310000
AVHI,20120726,12.89,12.89,11.81,12.2,24800
AVID,20120726,7.41,7.57,7.31,7.35,79000
AVNW,20120726,29.28,30.24,28.2,28.56,113200
AWRE,20120726,6.73,6.85,6.19,6.65,18300
AXAS,20120726,2.5,2.51,2.44,2.48,666700
AXTI,20120726,3.5,3.5,3.4,3.4,197600
AZPN,20120726,22.85,23.16,22.66,23.07,254900
BABY,20120726,12.24,12.8,11.84,12.79,367400
BANF,20120726,41.42,41.42,40.7,40.7,5700
BANFP,20120726,27.23,27.23,27.23,27.23,0
BANR,20120726,21.75,22.18,21.66,21.97,238000
BASI,20120726,1,1.05,1,1,17300
BBBY,20120726,61.44,61.94,60.66,61.69,1523900
BBGI,20120726,5.14,5.49,5.14,5.41,800
BBOX,20120726,27.17,27.17,26.59,26.91,38000
BBRG,20120726,17.75,17.78,17.29,17.43,38500
BBRY,20120726,6.89,7.12,6.74,6.97,13223200
BBSI,20120726,23.38,23.66,23.38,23.5,31900
BCBP,20120726,10.29,10.29,10.29,10.29,0
BCOM,20120726,2.41,2.41,2.41,2.41,100
BCOR,20120726,12.94,13.09,12.74,12.75,286600
BCOV,20120726,14.48,15.22,14.17,15.04,221100
BCPC,20120726,34.32,34.34,32.5,32.59,80600
BCRX,20120726,4.41,4.52,4.37,4.48,401800
BDE,20120726,9.92,9.96,9.62,9.75,49600
BDGE,20120726,20.29,20.34,19.9,20.1,17100
BDSI,20120726,4.51,4.58,4.46,4.55,119300
BEAT,20120726,2.03,2.03,1.93,1.97,25200
BEAV,20120726,40.83,41.06,37.46,39.19,4373900
BEBE,20120726,5.81,5.89,5.72,5.77,285900
BECN,20120726,25.72,25.74,24.72,25.29,537500
BELFA,20120726,16.78,17.44,16.78,17.4,1200
BELFB,20120726,17.09,17.33,16.61,16.72,15000
BFIN,20120726,8.1,8.1,7.87,7.93,105800
BGCP,20120726,5.79,5.88,5.16,5.2,2813100
BGFV,20120726,7.5,7.6,7.32,7.38,30900
BIB,20120726,13.875,14.2513,13.875,14.1075,20700
BICK,20120726,21.53,21.79,21.51,21.77,10900
BIDU,20120726,116.44,119.3,116,118.62,4950400
BIIB,20120726,144.44,148.31,144.17,147.75,1429900
BIOC,20120726,15.42,15.66,15.42,15.66,800
BIOL,20120726,1.71,1.79,1.69,1.73,39200
BIOS,20120726,6.47,6.5,6.3,6.3,184600
BIS,20120726,74.8,74.8,71.44,72.04,13100
BJRI,20120726,39.44,40.02,38.51,39.84,406500
BKCC,20120726,9.62,9.65,9.51,9.52,304000
BKEP,20120726,6.65,6.66,6.3,6.45,29200
BKEPP,20120726,8.78,8.8,8.78,8.8,2600
BKMU,20120726,3.99,4.04,3.94,4.02,73200
BKSC,20120726,11.5,11.58,11.5,11.58,400
BLDP,20120726,1.04,1.06,1.03,1.04,72400
BLDR,20120726,3.91,3.95,3.65,3.7,459100
BLIN,20120726,6.4,6.5,6.15,6.2,17100
BLKB,20120726,27.38,27.52,26.28,26.49,141700
BLMT,20120726,12.44,12.49,12.32,12.4,11200
BLRX,20120726,2.59,2.59,2.54,2.59,9200
BMRC,20120726,37.9,37.9,36.98,37,10700
BMRN,20120726,39.86,40.44,39.24,39.36,1368200
BMTC,20120726,20.94,20.94,20.54,20.7,12700
BNCL,20120726,8.59,8.63,8.3,8.36,81500
BNCN,20120726,7.5,7.56,7.5,7.51,800
BNSO,20120726,1.08,1.08,1.08,1.08,0
BOBE,20120726,37.52,38.18,37.37,38.11,108400
BOCH,20120726,4.14,4.19,4.11,4.14,2100
BOFI,20120726,5.1375,5.1375,4.9825,5.0575,54800
BOKF,20120726,56.51,57.1,56.07,56.41,45700
BONT,20120726,7.45,7.88,6.71,6.77,133400
BOOM,20120726,16.34,16.46,16.21,16.39,24500
BOSC,20120726,2.4,2.48,2.4,2.48,400
BOTJ,20120726,5.6,5.6,5.6,5.6,200
BPFH,20120726,9.45,9.47,9.31,9.41,555000
BPFHW,20120726,3.93,3.93,3.93,3.93,0
BPOP,20120726,14.37,14.61,14.11,14.47,1863200
BPOPM,20120726,21.65,21.65,21.46,21.5,1700
BPOPN,20120726,22.4,22.4,22.33,22.4,1500
BRCD,20120726,4.8,4.9,4.74,4.87,5627600
BREW,20120726,8.47,8.61,8.36,8.54,14500
BRID,20120726,7.92,8.09,7.92,7.94,2400
BRKL,20120726,8.57,9.14,8.35,8.46,327400
BRKR,20120726,11.63,11.96,11.25,11.34,708600
BRKS,20120726,8.78,8.87,8.69,8.8,282100
BSET,20120726,12.24,12.26,11.91,12.07,58100
BSFT,20120726,25.1,25.1,23.8,23.97,946600
BSPM,20120726,8.12,8.54,7.56,8.12,26100
BSQR,20120726,2.89,2.99,2.8,2.99,29900
BSRR,20120726,10.49,10.49,10.15,10.39,8100
BSTC,20120726,17.86,18.24,17.5,18,3100
BUR,20120726,5,5,5,5,0
BUSE,20120726,4.72,4.72,4.6,4.65,113100
BV,20120726,16.16,16.44,15.55,15.88,153200
BVSN,20120726,9.48,9.48,7.83,8.11,289600
BWEN,20120726,2.7,2.9,2.6,2.6,880900
BWINA,20120726,21.67,21.67,21.67,21.67,200
BWINB,20120726,22.3,22.75,21.99,22.73,5600
BWLD,20120726,71.96,74.12,70.2,74.07,1613100
BYFC,20120726,1.11,1.11,1.11,1.11,0
CA,20120726,25.93,26.4,25.79,26.31,6743800
CAAS,20120726,3.94,3.99,3.82,3.87,17900
CAC,20120726,35.77,36.01,34.87,35.74,7000
CACB,20120726,5.16,5.16,4.99,4.99,2800
CACC,20120726,95.57,97.44,94,94.56,14700
CADC,20120726,7.44,7.56,5.4,6.24,216500
CAKE,20120726,32.89,33.63,32.51,33.08,2380900
CALD,20120726,4.44,4.48,4.3,4.31,149300
CALI,20120726,1.56,1.56,1.56,1.56,2100
CALL,20120726,20.24,20.71,19.75,19.93,211600
CALM,20120726,17.995,18.245,17.845,17.975,68200
CAMP,20120726,7.36,7.44,7.25,7.38,105900
CAMT,20120726,1.97,1.99,1.97,1.98,5000
CAR,20120726,13.3,13.46,12.85,13.33,1066400
CARB,20120726,8.37,8.48,8.29,8.4,125900
CART,20120726,2.92,2.92,2.55,2.59,1300
CARV,20120726,6.5,6.8,5.73,5.73,9000
CARZ,20120726,22.65,22.65,22.65,22.65,300
CASH,20120726,22.49,23,22.49,22.75,2900
CASM,20120726,1.76,1.87,1.75,1.87,6500
CASS,20120726,39.39,39.64,39.09,39.26,5700
CASY,20120726,57.18,58.26,57.18,58.09,178600
CATM,20120726,29.87,29.9,29.38,29.86,175600
CATY,20120726,16.29,16.36,15.95,16.13,427000
CAVM,20120726,26.44,26.8,25.68,26.51,688800
CBAK,20120726,2.2,2.2,2,2,53700
CBAN,20120726,4.16,4.91,4.16,4.25,13000
CBLI,20120726,31.2,33.8,31,31,52000
CBMX,20120726,108,126,108,108,3900
CBOE,20120726,28.46,28.65,28.46,28.65,342100
CBPO,20120726,9.83,10.58,9.8,10.13,13300
CBRL,20120726,61.04,62.46,61.03,62.1,168600
CBSH,20120726,39.85,39.93,39.46,39.59,447800
CCBG,20120726,7.34,7.53,7.29,7.38,7800
CCCL,20120726,23.04,23.2,22.64,23.12,2100
CCIH,20120726,5.18,5.18,4.56,4.73,45900
CCMP,20120726,30.04,30.65,28.85,29.19,240400
CCNE,20120726,16.31,16.4,16,16.3,6400
CCOI,20120726,18.2,18.33,17.96,18.17,89700
CCRN,20120726,4.81,4.81,4.73,4.75,55600
CCUR,20120726,4.29,4.29,3.92,4.19,8000
CCXI,20120726,15,15,13.93,14.86,2400
CDNS,20120726,11.76,12.13,11.51,12.02,7453500
CDTI,20120726,10.3,10.6,10.15,10.5,24100
CDXS,20120726,3.47,3.61,3.42,3.56,44100
CDZI,20120726,7.1,7.16,6.95,7.07,23700
CECE,20120726,8.15,8.15,7.9,7.99,233400
CECO,20120726,4.96,4.97,4.61,4.75,818200
CELG,20120726,33.74,34.4,32.765,33.745,5199400
CELGZ,20120726,2.24,2.24,2.1,2.17,4500
CEMI,20120726,4.56,4.75,4.56,4.75,22200
CEMP,20120726,8.13,8.75,8,8.24,16100
CENT,20120726,10.57,10.74,10.41,10.59,26400
CENTA,20120726,11.27,11.37,11.07,11.25,99000
CENX,20120726,5.77,5.79,5.55,5.59,1330500
CERN,20120726,38.29,39.265,37.88,39.02,2674700
CERS,20120726,3.08,3.12,3.05,3.1,281400
CETV,20120726,4.94,4.98,4.81,4.91,179400
CEVA,20120726,15.94,16.44,15.68,16,291900
CFBK,20120726,1.67,1.67,1.67,1.67,200
CFFI,20120726,39.5,40.35,39.5,39.64,2300
CFFN,20120726,11.85,11.92,11.73,11.8,239600
CFNB,20120726,15.99,15.99,15.99,15.99,600
CFNL,20120726,12.64,12.72,12.55,12.68,167100
CG,20120726,23.76,24,23.47,24,74000
CGEN,20120726,3.39,3.47,3.34,3.34,51900
CGNX,20120726,15.575,15.71,15.415,15.64,95800
CGO,20120726,13.15,13.4,13.15,13.4,24800
CHCI,20120726,1.2,1.23,1.2,1.2,13800
CHCO,20120726,33.45,33.55,33.17,33.41,34100
CHDN,20120726,56.14,56.42,54.73,56.34,30700
CHEF,20120726,16.37,17.38,16.33,16.39,50500
CHFC,20120726,22.94,22.94,22.43,22.71,39400
CHFN,20120726,9,9.34,9,9.23,19600
CHI,20120726,12.43,12.5,12.4,12.5,151500
CHKE,20120726,14.16,14.4,14.03,14.31,28800
CHKP,20120726,48.46,49.52,48.43,49.3,2278200
CHNR,20120726,4.27,4.78,4.27,4.78,3000
CHRW,20120726,52.91,53.56,51.81,52.24,2146500
CHSCP,20120726,31,31.48,31,31.48,7600
CHTR,20120726,75.07,76.08,74.49,75.8,687100
CHUY,20120726,17.34,17.34,16,16.71,245200
CHW,20120726,8.03,8.15,8.02,8.14,324100
CHY,20120726,12.6,12.66,12.58,12.66,152700
CIDM,20120726,14.1,14.9,13.5,13.8,24600
CINF,20120726,37.58,37.98,37.47,37.57,803000
CISG,20120726,5.97,6.01,5.69,5.89,41400
CIZN,20120726,19.56,19.56,19.56,19.56,100
CJJD,20120726,0.82,0.9,0.72,0.78,83200
CKEC,20120726,13.69,13.78,13.4,13.67,116500
CLBH,20120726,5.23,5.48,5.2,5.2,4500
CLCT,20120726,13.9,14.07,13.83,13.97,8400
CLDX,20120726,5.24,5.3,5.18,5.2,484300
CLFD,20120726,5.11,5.23,5,5.01,8100
CLIR,20120726,7.68,7.68,7.24,7.24,34700
CLMS,20120726,10.49,10.52,10.27,10.48,103100
CLMT,20120726,24.9,25.07,24.4,24.74,317200
CLNE,20120726,13.41,13.73,13.24,13.69,920600
CLNT,20120726,2.16,2.55,2.16,2.34,87400
CLRO,20120726,3.99,3.99,3.85,3.92,27900
CLSN,20120726,3.41,3.45,3.22,3.29,458600
CLUB,20120726,12.11,12.2,11.71,12.05,89200
CLVS,20120726,17.88,17.98,17.3,17.65,19500
CLWT,20120726,3.84,3.84,3.84,3.84,0
CMCO,20120726,15.01,15.08,14.36,14.73,66000
CMCSA,20120726,31.92,32.25,31.55,31.6,17497800
CME,20120726,52,52.62,51.32,52.44,2353400
CMLS,20120726,21.12,21.28,20.88,20.96,61600
CMTL,20120726,27.32,27.32,26.71,27.07,42700
CNBKA,20120726,29.5,29.5,28.88,29.31,1300
CNET,20120726,0.62,0.62,0.6,0.6,20200
CNIT,20120726,0.97,1.02,0.97,1,6700
CNMD,20120726,24.78,26.45,24.78,25.85,272100
CNOB,20120726,10.94,10.94,10.8,10.82,16600
CNSL,20120726,15.38,15.54,15.2,15.38,222000
CNTF,20120726,4.75,4.9,4.55,4.7,189900
CNTY,20120726,2.73,2.73,2.67,2.7,19600
COBZ,20120726,6.65,6.75,6.61,6.71,55600
COHR,20120726,44.5,44.99,43.75,44.85,76200
COHU,20120726,8.23,9.34,8.23,8.71,101000
COKE,20120726,66.55,66.81,65.19,66,9100
COLB,20120726,18.01,18.18,17.76,17.97,175900
COLM,20120726,25.615,26.19,24.85,26.19,442100
CONN,20120726,16.41,16.55,16.22,16.53,107100
COOL,20120726,78.96,78.96,73.5,73.92,314900
CORE,20120726,11.75,11.765,11.665,11.72,38300
CORT,20120726,3.93,3.98,3.9,3.95,275400
COST,20120726,94.95,96.13,94.86,95.91,1562000
COWN,20120726,2.48,2.48,2.35,2.4,215600
CPAH,20120726,28.4,28.5,28.4,28.5,6100
CPHC,20120726,11.33,11.4,10.86,11.28,8000
CPIX,20120726,6.05,6.17,5.97,6.12,41200
CPLA,20120726,27.86,27.86,26.31,26.41,193100
CPLP,20120726,8.05,8.15,7.9,8.05,258300
CPRT,20120726,23.8,23.89,23.6,23.89,321800
CPRX,20120726,1.39,1.39,1.26,1.37,714400
CPSI,20120726,49.09,49.66,46.03,48.8,275900
CPSS,20120726,1.93,1.94,1.9,1.94,4100
CPST,20120726,20.8,21,20,20.8,1628800
CRAI,20120726,14.33,15.1,14.33,15.08,43500
CRAY,20120726,12.18,12.25,11.98,12.05,120200
CRDS,20120726,69.4,74.4,69,74.4,10000
CREE,20120726,23.65,23.96,23.25,23.49,1622100
CREG,20120726,10.5,10.5,10.5,10.5,1000
CRESY,20120726,8.61,8.61,8.28,8.4,246700
CRIS,20120726,4.89,5,4.82,4.97,446100
CRME,20120726,1.55,1.75,1.55,1.65,142600
CRMT,20120726,45.5,46.07,45.22,45.56,41300
CRNT,20120726,8.13,8.21,8.06,8.17,40100
CROX,20120726,14.8,16.79,14.57,16.24,10870800
CRUS,20120726,27.48,28.43,27.43,28.24,3113200
CRVL,20120726,22.075,22.815,22.075,22.48,10500
CRWS,20120726,5.55,5.57,5.46,5.47,17100
CRZO,20120726,24.15,24.24,23.49,24.02,785100
CSBK,20120726,9.92,9.92,9.73,9.83,5200
CSCO,20120726,15.7,15.78,15.35,15.38,55947100
CSFL,20120726,7.47,7.55,7.33,7.48,59500
CSGP,20120726,79.98,82.63,78.48,82.24,316300
CSGS,20120726,17.39,17.49,17.12,17.3,161600
CSII,20120726,9.44,9.62,9.35,9.48,32200
CSIQ,20120726,3.31,3.4,3.16,3.22,213800
CSOD,20120726,22.5,22.61,22.01,22.33,264400
CSPI,20120726,4.12,4.2,4.12,4.2,5000
CSQ,20120726,9.9,9.9,9.75,9.86,436400
CSTE,20120726,12,12.02,11.27,11.84,27500
CSTR,20120726,59.84,60.9,59,59.22,3121100
CSWC,20120726,25.8625,26.14,25.515,25.875,2000
CSX,20120726,22.2,22.4,22.07,22.25,6332700
CTAS,20120726,38.03,38.59,37.97,38.53,853200
CTBI,20120726,34.28,34.38,33.98,34.19,27400
CTHR,20120726,3.71,3.75,3.55,3.69,52100
CTIB,20120726,5.05,5.05,4.94,4.94,400
CTIC,20120726,2.6,2.7,2.5,2.55,1120400
CTRN,20120726,15.59,15.59,14.96,15.1,71500
CTRP,20120726,6.59,6.895,6.555,6.845,3018100
CTSH,20120726,28.61,28.945,28.28,28.48,2169600
CTWS,20120726,30.83,31.47,30.39,31,23800
CTXS,20120726,72.33,76.78,71.71,74.22,6317700
CUBA,20120726,6.89,7.05,6.83,7.02,54400
CUI,20120726,6.95,6.95,6.7,6.7,42700
CUTR,20120726,7.03,7.04,6.79,6.94,39200
CVBF,20120726,11.65,11.75,11.59,11.7,495900
CVCO,20120726,46.26,47.87,45.08,47.15,20300
CVCY,20120726,7.24,7.6,7.15,7.4,4300
CVGI,20120726,7.57,7.7,7.41,7.42,153800
CVGW,20120726,26.01,26.66,25.78,26.35,57200
CVLT,20120726,44.14,45.25,43.82,44.94,445400
CVLY,20120726,15.85,15.85,15.71,15.84,1900
CVTI,20120726,4.77,4.97,4.2,4.89,159600
CVV,20120726,11.61,12.05,11.35,11.5,40900
CWBC,20120726,2.4,2.4,2.21,2.23,500
CWCO,20120726,8.11,8.42,8,8.23,104700
CWST,20120726,5.13,5.24,5.02,5.08,43200
CXDC,20120726,4.4,4.45,4.3,4.4,8600
CY,20120726,10.48,10.73,10.41,10.62,3031900
CYAN,20120726,6.74,6.74,6.5,6.6,8400
CYBE,20120726,8.19,8.19,8,8,600
CYCC,20120726,46.2,47.04,46.2,46.2,43700
CYCCP,20120726,2.5,2.5,2.5,2.5,0
CYNO,20120726,24.41,24.7,23.75,24.37,416600
CYOU,20120726,17.58,18.02,17,17.17,102200
CYTK,20120726,4.44,4.68,4.2,4.32,1690600
CYTR,20120726,4.53,4.69,4.16,4.33,172200
CYTX,20120726,38.25,38.55,37.2,37.35,138000
CYTXW,20120726,0.95,0.95,0.95,0.95,0
CZFC,20120726,8.6,8.6,8.6,8.6,1000
CZNC,20120726,18.73,18.73,18.33,18.42,5300
CZR,20120726,8.32,8.36,8.11,8.34,98900
CZWI,20120726,5.6,5.6,5.6,5.6,200
DAIO,20120726,2.82,2.82,2.8,2.8,7800
DAKT,20120726,7.74,7.79,7.58,7.67,52700
DAVE,20120726,9.75,10.14,9.75,9.95,33500
DCIX,20120726,48.8,48.96,48,48.08,402900
DCOM,20120726,14.59,14.59,13.8,14.11,123400
DCTH,20120726,27.52,28.64,27.2,27.52,268800
DENN,20120726,4.33,4.38,4.27,4.34,233500
DEPO,20120726,5.34,5.46,5.3,5.35,177600
DEST,20120726,18.13,19.22,18.13,18.51,161100
DGAS,20120726,20.89,20.89,20.51,20.69,3700
DGICA,20120726,13.47,13.55,13.04,13.31,12600
DGICB,20120726,17,17,17,17,0
DGII,20120726,9.43,9.45,9.02,9.19,60500
DGLY,20120726,0.39,0.39,0.39,0.39,6200
DHIL,20120726,76.4,76.4,74.86,74.86,7800
DHRM,20120726,1.68,1.79,1.53,1.79,3300
DIOD,20120726,18.2,18.48,18,18.25,137400
DISCA,20120726,50.31,50.72,49.78,50.5,1023800
DISCB,20120726,49.95,49.95,49.95,49.95,0
DISCK,20120726,23.33,23.685,23.225,23.49,530500
DISH,20120726,29.47,30.19,29.34,29.96,1880200
DJCO,20120726,93.02,94,92.3,92.3,1900
DLBS,20120726,25.53,25.54,25.51,25.53,2200
DLHC,20120726,1.36,1.4,0.91,1.04,15900
DLTR,20120726,50.86,51.18,50.25,51.02,1576300
DMLP,20120726,22.71,22.8,22.42,22.48,19300
DMRC,20120726,26.1,26.1,25.28,25.46,9900
DNBF,20120726,13.75,13.75,13.75,13.75,0
DNKN,20120726,32.17,32.25,29.29,30.83,5433900
DORM,20120726,24.74,25.17,24.66,24.67,134700
DRAD,20120726,1.96,1.96,1.89,1.94,30100
DRAM,20120726,11.88,11.88,11.88,11.88,0
DRRX,20120726,1.11,1.11,1.07,1.08,61500
DRWI,20120726,63,67.25,63,66.25,201600
DRYS,20120726,3315,3345,3225,3240,5319400
DSCI,20120726,9.76,9.87,9.76,9.82,6400
DSGX,20120726,8.58,8.71,8.58,8.71,500
DSPG,20120726,5.97,6.04,5.88,5.99,61900
DSWL,20120726,2.64,2.65,2.58,2.58,2700
DTLK,20120726,8.26,9.5,8.19,9.29,294300
DTSI,20120726,19.14,19.31,18.78,19.11,49900
DTUS,20120726,40.07,40.07,40.07,40.07,0
DTYS,20120726,25.56,25.7,25.53,25.66,7000
DVAX,20120726,40.2,40.6,39.8,40.5,483900
DWCH,20120726,12,12.3,11.95,12.1,11800
DWSN,20120726,23.4,23.5,22.75,22.83,33900
DXCM,20120726,11.5,11.6,11.29,11.4,435100
DXPE,20120726,42.2,42.3,40.96,41.7,88000
DXYN,20120726,3.53,3.7,3.53,3.68,4300
DYNT,20120726,2.45,2.45,2.45,2.45,100
DYSL,20120726,1.04,1.13,1.04,1.13,500
EA,20120726,11.6,11.76,10.86,10.94,10637800
EAC,20120726,6.58,6.64,6.27,6.27,5100
EAGL,20120726,9.79,9.79,9.79,9.79,0
EAGLU,20120726,10,10,10,10,0
EAGLW,20120726,0.3,0.3,0.3,0.3,0
EBAY,20120726,18.4842,18.6442,18.2274,18.4379,10528200
EBIX,20120726,21.2,21.21,20.6,21.16,198400
EBMT,20120726,10.07,10.19,10.07,10.19,1000
EBSB,20120726,6.2459,6.2459,6.1683,6.1724,6600
EBTC,20120726,16.54,16.54,16.13,16.27,9900
ECHO,20120726,17.06,17.41,16.83,17.17,268800
ECOL,20120726,18.08,18.17,17.5,17.59,34200
ECPG,20120726,28,28.24,27.62,28.12,93600
ECYT,20120726,7.82,7.85,7.67,7.84,182500
EDAP,20120726,1.78,1.84,1.75,1.76,61800
EDGW,20120726,3.84,3.9,3.76,3.76,7700
EDUC,20120726,4,4.23,3.95,3.98,10200
EEFT,20120726,17.69,18.25,17.69,18.16,255200
EEI,20120726,12.15,12.15,12.01,12.01,200
EEMA,20120726,47.52,47.52,47.52,47.52,0
EFII,20120726,14.8,14.81,14.41,14.48,212800
EFSC,20120726,11.64,12.25,11.57,12.08,92800
EFUT,20120726,3.98,3.98,3.98,3.98,0
EGAN,20120726,4.6,4.77,4.51,4.59,3600
EGBN,20120726,17.35,17.9,17.19,17.87,54400
EGHT,20120726,5.05,5.12,4.93,5.02,598300
EGLE,20120726,1008,1015.2,979.2,990,107100
EGOV,20120726,13.3,13.42,13.04,13.33,205000
EHTH,20120726,17.09,17.29,16.63,17.14,132500
ELGX,20120726,14.24,14.32,13.68,13.91,309400
ELNK,20120726,6.81,6.83,6.7,6.76,375100
ELON,20120726,32,32.8,31.4,31.6,42900
ELOS,20120726,10.37,10.45,10.25,10.3,51600
ELSE,20120726,4.15,4.15,4.15,4.15,0
ELTK,20120726,1.18,1.24,1.18,1.24,9900
EMCB,20120726,76.38,76.56,76.38,76.4,23900
EMCF,20120726,19.85,19.85,19.85,19.85,1000
EMCI,20120726,13.6733,13.6733,13.3733,13.4267,2800
EMIF,20120726,32.2,32.47,32.19,32.38,10900
EMITF,20120726,154.8,160.2,147,160.2,400
EMKR,20120726,4.79,4.84,4.64,4.77,100900
EML,20120726,18.84,19.07,18.02,18.25,10300
EMMS,20120726,8.2,8.36,8.08,8.32,377600
ENDP,20120726,29.66,30.29,29.11,29.38,1354800
ENG,20120726,1.48,1.55,1.43,1.47,184200
ENOC,20120726,6.33,6.41,6.07,6.15,111600
ENPH,20120726,5.81,5.92,5.64,5.87,96800
ENSG,20120726,14.385,14.44,14.285,14.41,403900
ENTG,20120726,8.23,8.3,8.12,8.26,787300
EPAY,20120726,19,19.27,18.21,18.7,137400
EQIX,20120726,172.33,183.67,172.01,181.9,3314000
ERIC,20120726,8.98,9.07,8.88,8.94,4658300
ERIE,20120726,72,72.38,70.73,72.14,18900
ERII,20120726,2.24,2.32,2.23,2.31,37700
ESBK,20120726,19.08,19.08,19.08,19.08,0
ESCA,20120726,5.65,5.65,5.65,5.65,800
ESEA,20120726,1.17,1.2,1.14,1.17,28700
ESGR,20120726,94.23,96.02,94.23,95.25,7100
ESIO,20120726,13.36,13.9,12.34,12.93,172800
ESLT,20120726,31.05,31.58,30.27,31.56,8600
ESMC,20120726,0.85,0.85,0.85,0.85,0
ESRX,20120726,57.46,57.69,56.58,56.84,4056900
ESSA,20120726,10.31,10.93,10.31,10.57,20700
ETFC,20120726,7.3,7.3,7.15,7.26,3667100
ETRM,20120726,60.3,60.3,55.5,56.1,114500
EUFN,20120726,14.5,14.65,14.47,14.51,41400
EVBS,20120726,3.99,4.15,3.99,4,2100
EVEP,20120726,53,55.02,52.7,54.93,326600
EVK,20120726,1.51,1.63,1.51,1.63,1200
EVOL,20120726,5.72,5.75,5.66,5.75,9200
EWBC,20120726,22.27,22.3,21.83,21.99,1224700
EXA,20120726,10.23,10.23,10,10,11800
EXAC,20120726,16.62,16.89,16.62,16.77,9200
EXAS,20120726,10.15,10.37,10.07,10.18,336000
EXEL,20120726,6.09,6.2,6.02,6.17,1262700
EXFO,20120726,4.61,4.7,4.61,4.7,21900
EXLS,20120726,23.86,24.09,23.38,24.02,127200
EXPD,20120726,36.39,36.96,35.49,35.82,1736000
EXPE,20120726,45.09,45.94,43.56,45.71,6510800
EXPO,20120726,26.43,27.075,26.085,26.37,28300
EXTR,20120726,3.28,3.33,3.24,3.31,262400
EZPW,20120726,22.9,23.06,21.98,22.11,753600
FALC,20120726,2.26,2.26,2.13,2.15,69200
FARM,20120726,7.55,7.55,7.24,7.25,16400
FARO,20120726,40.92,41.75,40.71,41.63,174500
FAST,20120726,43.67,44.34,43.11,43.47,1552000
FB,20120726,27.75,28.23,26.73,26.84,64597300
FBIZ,20120726,22.7,22.7,22.7,22.7,0
FBMS,20120726,9.6,9.77,9.6,9.73,1100
FBNC,20120726,8.92,8.92,8.53,8.88,28900
FBNK,20120726,13.37,13.37,13.19,13.26,10600
FBRC,20120726,11.6,12,11.6,12,52400
FBSS,20120726,13.14,13.14,13.14,13.14,100
FCAP,20120726,19.89,19.89,19.89,19.89,200
FCBC,20120726,14.66,14.66,14.17,14.2,18600
FCCO,20120726,8.39,8.4,8.32,8.32,500
FCCY,20120726,9.29,9.29,9.29,9.29,0
FCEL,20120726,13.08,13.2,12.48,12.72,776600
FCNCA,20120726,164.23,167.71,163,163.68,7700
FDEF,20120726,16.33,16.33,15.96,16.05,12700
FDML,20120726,9.44,9.44,8.67,9.01,579500
FDUS,20120726,15.43,15.77,15.28,15.65,121100
FEIM,20120726,8.81,8.81,8.7,8.71,4100
FELE,20120726,28.63,28.68,27.98,28.245,51400
FES,20120726,4.4,4.53,4.4,4.47,19000
FFBC,20120726,16.1,16.1,15.8,15.87,782000
FFBCW,20120726,4.85,4.85,4.85,4.85,0
FFHL,20120726,1.34,1.34,1.25,1.32,3000
FFIC,20120726,14.14,14.37,13.71,13.95,101600
FFIN,20120726,17.58,17.685,17.26,17.415,38300
FFIV,20120726,93.92,96.76,93.11,94.55,2082600
FFKT,20120726,8.06,8.06,7.8,7.9,7000
FFNW,20120726,8.14,8.2,8.01,8.18,9300
FHCO,20120726,5.74,5.77,5.68,5.68,35300
FIBK,20120726,14.2,14.31,13.89,14.15,16300
FINL,20120726,21.64,21.7,21.11,21.31,610300
FISI,20120726,16.95,17.1,16.61,16.86,26500
FISV,20120726,35.16,35.45,34.675,35.4,544800
FITB,20120726,13.95,14.21,13.89,14.14,14180000
FIVE,20120726,27.59,28.25,26.97,27.89,294700
FIZZ,20120726,14.32,14.42,14.22,14.31,9700
FLAT,20120726,63.5,63.57,63.44,63.44,3000
FLDM,20120726,13.08,13.21,12.76,13.03,78500
FLEX,20120726,6.36,6.48,6.24,6.35,4015300
FLIC,20120726,19.5467,19.6467,19.3333,19.5333,10800
FLIR,20120726,18.94,20.92,18.55,20.77,3316400
FLML,20120726,5.52,5.53,4.77,5.01,114800
FLWS,20120726,3.51,3.52,3.13,3.29,229100
FLXS,20120726,21.32,21.6,21.16,21.42,6800
FMBI,20120726,11.01,11.11,10.86,11.06,447100
FMNB,20120726,5.58,5.93,5.55,5.86,19400
FNGN,20120726,19.54,19.59,18.95,19.16,208400
FNLC,20120726,16.42,16.68,16.14,16.43,4000
FNSR,20120726,12.4,12.6,12.2,12.41,1841700
FOLD,20120726,5.07,5.23,4.79,4.85,411000
FONE,20120726,21.6,21.6,21.6,21.6,100
FONR,20120726,3.53,3.6,3.46,3.49,19100
FORD,20120726,1.31,1.43,1.3,1.37,8300
FORM,20120726,6.07,6.13,5.91,5.93,373500
FORR,20120726,30.69,30.69,20.6,26.78,821600
FORTY,20120726,14.37,15.1,14.37,14.47,600
FOSL,20120726,68.86,71.59,68.86,70.91,1279200
FRAN,20120726,30.31,31.66,30.31,31.47,511800
FRBK,20120726,2.16,2.25,2.1,2.1,7100
FRED,20120726,14.16,14.26,14.02,14.25,108300
FRGI,20120726,15.14,15.18,14.94,15.04,188100
FRME,20120726,12.73,12.79,12.54,12.73,62100
FRP,20120726,5.48,5.57,5.25,5.42,49000
FSBK,20120726,4.25,4.31,4.25,4.31,9100
FSBW,20120726,10.15,10.17,10.14,10.14,83400
FSC,20120726,10.14,10.2,10.05,10.15,578300
FSFG,20120726,17.98,17.99,17.55,17.99,1500
FSLR,20120726,14.38,14.6,13.97,14,3011700
FSTR,20120726,28.9,29.69,28.58,29.24,39700
FTEK,20120726,5.2,5.31,5,5.11,69000
FTNT,20120726,25.01,26.73,24.51,25.05,6332100
FTR,20120726,3.65,3.65,3.59,3.63,7643700
FULT,20120726,9.24,9.27,9.13,9.2,900500
FUNC,20120726,4.87,4.87,4.75,4.75,300
FUND,20120726,6.31,6.31,6.14,6.2,30000
FWRD,20120726,33.71,33.76,32.99,33.19,120900
GABC,20120726,20.54,20.74,20.42,20.49,5600
GAIA,20120726,3.46,3.69,3.44,3.51,12600
GAIN,20120726,7.45,7.48,7.36,7.43,73000
GALE,20120726,36.6,36.8,35,36,1364700
GALT,20120726,2.8,2.9,2.56,2.57,249500
GALTU,20120726,6.6,6.6,6.6,6.6,0
GALTW,20120726,0.65,0.65,0.65,0.65,900
GASS,20120726,5.82,6.04,5.6,6.04,24200
GBCI,20120726,15.8,15.91,15.52,15.55,352400
GBDC,20120726,15.38,15.4,15.31,15.39,64400
GBLI,20120726,19.58,19.58,19.06,19.12,4400
GBNK,20120726,9.5,9.8,9.45,9.75,65300
GCBC,20120726,9.5,9.5,9.5,9.5,0
GCVRZ,20120726,1.41,1.47,1.41,1.44,37000
GENC,20120726,4.82,4.9667,4.82,4.9533,28900
GENE,20120726,21.05,23.95,18.85,19.05,1147000
GERN,20120726,1.65,1.7,1.63,1.7,477800
GEVO,20120726,66.75,66.75,61.35,61.95,304200
GFED,20120726,7.09,7.09,7.09,7.09,1000
GFN,20120726,3.35,3.35,3.35,3.35,6500
GGAL,20120726,4.47,4.57,4.34,4.56,129700
GHDX,20120726,35.39,35.68,34.26,34.92,99700
GIFI,20120726,29.57,29.57,28.72,28.9,41300
GIGA,20120726,1.3,1.36,1.29,1.3,20200
GIGM,20120726,5.5,5.7,5.5,5.7,29100
GIII,20120726,12.08,12.28,11.945,12.235,60400
GILD,20120726,25.97,26.08,25.52,25.84,5422600
GILT,20120726,2.61,2.65,2.5,2.55,16300
GLAD,20120726,8.15,8.32,8.1,8.25,52200
GLBS,20120726,10.76,11.48,10.6,10.6,9200
GLBZ,20120726,10.52,10.52,10.52,10.52,700
GLDD,20120726,7.13,7.18,6.97,7.05,177900
GLNG,20120726,39.06,39.14,38.27,38.65,308000
GLRE,20120726,23.5,23.79,23.43,23.54,76700
GLUU,20120726,4.99,5.52,4.25,4.91,9328500
GMAN,20120726,16.69,16.91,16.55,16.69,31200
GMLP,20120726,32.35,32.4,31.63,32.02,157700
GNCMA,20120726,9.12,9.4,9.05,9.37,85600
GNMA,20120726,50.89,50.89,50.89,50.89,0
GNMK,20120726,5.79,5.79,5.22,5.5,85500
GNTX,20120726,7.525,7.575,7.41,7.5,5006000
GNVC,20120726,1.98,1.98,1.9,1.94,23400
GOLD,20120726,88.42,89.47,87.91,89.24,415200
GOOD,20120726,17.38,17.38,17.08,17.28,25300
GOODO,20120726,25.32,25.32,25.32,25.32,300
GOODP,20120726,25.7,25.7,25.7,25.7,0
GOOG,20120726,307.5,308.435,305.015,306.68,1687400
GPIC,20120726,6,6,6,6,400
GPOR,20120726,20.14,20.62,19.53,19.97,489100
GPRE,20120726,4.23,4.34,3.57,3.61,579200
GPRO,20120726,82.68,82.7,82.64,82.69,337300
GRFS,20120726,10.815,11,10.775,10.935,1255300
GRID,20120726,25.9,25.9,25.8,25.88,600
GRIF,20120726,29,29.29,28.99,29.16,1200
GRMN,20120726,37.84,38.2,37.24,37.37,912900
GROW,20120726,4.36,4.41,4.25,4.31,22500
GRPN,20120726,6.88,7.07,6.55,6.61,13653400
GRVY,20120726,13.76,14,13.36,14,33500
GSBC,20120726,29.5,29.5,29.01,29.44,29700
GSIT,20120726,4.88,5,4.86,4.96,36800
GSM,20120726,12.85,12.85,12.45,12.53,210700
GSOL,20120726,6,6.07,6,6.03,29400
GSVC,20120726,9.11,9.14,8.92,9.08,523100
GT,20120726,9.96,10,9.75,9.89,6757500
GTIM,20120726,2.07,2.07,1.95,2.07,19600
GTLS,20120726,64.07,64.48,63.1,64.02,243200
GTXI,20120726,3.43,3.55,3.38,3.51,75200
GUID,20120726,9.3,9.56,9.04,9.47,89400
GULF,20120726,13.56,13.76,13.56,13.76,2900
GURE,20120726,1.05,1.09,1.03,1.03,61200
GYRO,20120726,112.75,113.5,112.75,113.5,1300
HA,20120726,5.91,6.12,5.91,6.07,1154800
HAFC,20120726,10.87,10.87,10.7,10.83,102300
HAIN,20120726,27.405,28.445,27.39,27.77,698700
HALL,20120726,7.94,7.98,7.82,7.92,10800
HALO,20120726,8.8,9.38,8.8,9.33,742900
HAS,20120726,35.1,35.42,34.75,35.33,1391100
HAYN,20120726,47.46,48.6,46.48,46.5,80400
HBAN,20120726,6.38,6.44,6.3,6.41,11128700
HBANP,20120726,1189,1189,1180,1180,100
HBCP,20120726,16.47,16.88,16.31,16.69,8000
HBHC,20120726,29.95,29.95,29.25,29.31,462000
HBIO,20120726,3.67,3.73,3.58,3.6,29000
HBMD,20120726,7,7,7,7,0
HBNC,20120726,11.4933,11.6311,11.4933,11.6178,10600
HCCI,20120726,16.05,16.28,15.08,15.81,51300
HCKT,20120726,4.45,4.59,4.3,4.57,103300
HCOM,20120726,17.42,17.69,17.27,17.34,22000
HCSG,20120726,22.17,22.3,21.55,21.99,287400
HDNG,20120726,9.13,9.13,9,9.1,11000
HDSN,20120726,3.84,4.03,3.74,3.9,244500
HEES,20120726,13.1,13.44,12.98,13.28,138500
HELE,20120726,31.02,31.07,30.49,31.07,120200
HEOP,20120726,5.38,5.69,5.36,5.64,32300
HFBC,20120726,7.4,7.4,7.4,7.4,5300
HFBL,20120726,15.54,15.54,15.5,15.54,1700
HFWA,20120726,14.42,14.85,13.69,14.16,29800
HGSH,20120726,0.43,0.44,0.39,0.4,3500
HIBB,20120726,59.16,59.75,58.52,59.48,197500
HIFS,20120726,60.61,61,60.32,61,1100
HIHO,20120726,1.86,1.9,1.86,1.9,1300
HIMX,20120726,1.56,1.6,1.49,1.59,122500
HLIT,20120726,4.04,4.09,3.97,4.01,499900
HMNF,20120726,3.17,3.2,2.9,2.91,5800
HMNY,20120726,2.86,2.87,2.5,2.6,7200
HMST,20120726,18.225,18.225,17.51,17.78,9900
HMSY,20120726,31.13,31.65,30.68,31.57,643900
HNH,20120726,13.07,13.2,13.07,13.11,1800
HNRG,20120726,7.4,7.5,7.4,7.49,2100
HOFT,20120726,11.79,11.79,11.56,11.63,38000
HOLI,20120726,7.8,7.94,7.61,7.65,42200
HOLX,20120726,18.65,18.68,17.7,17.98,3839600
HOMB,20120726,7.62,7.69,7.505,7.545,31200
HOTR,20120726,3.75,3.75,3.75,3.75,0
HOVNP,20120726,6.98,7,6.67,6.98,3500
HPJ,20120726,1.03,1.03,1.03,1.03,4900
HRZN,20120726,16.4,16.5,16.28,16.37,51000
HSIC,20120726,76.41,76.71,75.33,76.22,394600
HSII,20120726,15.34,15.34,14.79,14.81,57400
HSKA,20120726,10.33,10.46,10.05,10.46,9500
HSNI,20120726,42.52,42.73,41.96,42.42,152100
HSON,20120726,4.26,4.5,4.25,4.41,146300
HSTM,20120726,27.86,28.03,27.06,27.84,621000
HTBI,20120726,12.49,12.58,12.44,12.5,163400
HTBK,20120726,6.02,6.2,6,6.08,10800
HTHT,20120726,11.54,12.04,11.54,11.94,161000
HTLD,20120726,13.9,13.99,13.68,13.69,430100
HTLF,20120726,23.2,23.48,22.95,23.36,12900
HUBG,20120726,28.76,29.17,28.28,28.6,335100
HURC,20120726,21.22,21.22,20.79,21,10000
HURN,20120726,31.28,33.44,28.9,30.67,438500
HWAY,20120726,9.83,10.73,9.83,10.6,339300
HWBK,20120726,8.65,8.71,8.65,8.71,400
HWCC,20120726,11.19,11.26,10.82,11.04,29800
HWKN,20120726,38.36,38.9,38.05,38.75,8200
HYGS,20120726,6.4,6.4,6.16,6.4,4000
HZNP,20120726,7.5,7.8,7.16,7.64,2940700
IART,20120726,37.23,39.5,37.23,38.13,347600
IBB,20120726,134.09,135.75,133.53,134.61,1184700
IBCP,20120726,2.89,2.9,2.67,2.74,22700
IBKC,20120726,48.86,48.86,45.53,45.75,419100
IBKR,20120726,13.9,14.11,13.82,14.03,311100
IBOC,20120726,18.49,18.5,18.23,18.27,118100
ICAD,20120726,0.41,0.44,0.4,0.41,61200
ICCC,20120726,5.8,6,5.75,6,3500
ICFI,20120726,24.37,24.37,23.85,24.01,26600
ICLN,20120726,6.25,6.3,6.23,6.28,5000
ICLR,20120726,23.44,23.5,23.06,23.36,91100
ICON,20120726,18,18.06,17.28,17.36,705000
ICUI,20120726,52.85,52.96,52.11,52.91,91300
IDCC,20120726,27.6,27.71,25.2,25.5,1485800
IDRA,20120726,1.09,1.09,1.09,1.09,1200
IDSA,20120726,4.65,4.8,4.59,4.76,3200
IDSY,20120726,4.42,4.42,4.27,4.27,2400
IDTI,20120726,4.82,4.91,4.74,4.89,1450300
IDXX,20120726,44.35,44.5,43.585,43.955,300800
IEP,20120726,38.52,38.9,38.11,38.61,4000
IESC,20120726,2.88,2.88,2.8,2.8,1500
IFEU,20120726,26.42,26.42,26.42,26.42,0
IFGL,20120726,29.44,29.5,29.3,29.41,90600
IFON,20120726,1.46,1.64,1.42,1.61,46400
IGLD,20120726,1.96,2.03,1.96,1.96,2100
IGOV,20120726,97.78,99,97.78,98.63,19000
III,20120726,1.25,1.3,1.25,1.3,5600
IIIN,20120726,9.67,9.92,9.52,9.7,34400
IIJI,20120726,10.85,10.86,10.81,10.82,900
IIN,20120726,5.55,5.55,5.35,5.53,1900
IIVI,20120726,16.5,16.92,16.4,16.66,281600
IKNX,20120726,9.2,9.2,9.2,9.2,0
ILMN,20120726,42.18,42.38,41.03,41.1,1436300
IMGN,20120726,15.6,15.73,15.31,15.64,593600
IMI,20120726,6.88,6.98,6.66,6.91,33100
IMKTA,20120726,15.37,15.63,15.27,15.48,23800
IMMR,20120726,5.48,5.55,5.44,5.49,50000
IMMU,20120726,3.54,3.56,3.47,3.51,177700
IMMY,20120726,3.4,3.4,3.4,3.4,0
IMOS,20120726,9.53,9.56,9.24,9.4,101800
INAP,20120726,6.34,6.46,6.24,6.4,340700
INCY,20120726,24.4,25.33,24.4,24.88,1015700
INDB,20120726,29.55,29.77,29.37,29.59,62500
INDY,20120726,21.09,21.21,20.95,21.21,238800
INFI,20120726,16.6,16.98,16.4,16.57,232200
INFN,20120726,6,6.05,5.86,5.86,959500
ININ,20120726,26.33,26.62,25.83,26.29,26600
INOD,20120726,5.59,5.59,3.74,3.81,615000
INSM,20120726,3.5,3.55,3.25,3.36,50300
INTC,20120726,25.59,25.83,25.34,25.5,37809300
INTG,20120726,23.17,23.17,23.17,23.17,0
INTL,20120726,18.55,18.68,18.32,18.59,31000
INTU,20120726,57.51,58.25,56.9,57.31,2004900
INTX,20120726,14.82,14.88,14.64,14.77,75200
INVE,20120726,8.6,8.8,8.2,8.3,73700
INWK,20120726,11.94,11.98,11.54,11.67,139500
IOSP,20120726,31.69,32.05,30.69,30.94,38900
IPAR,20120726,16.33,16.62,16.27,16.43,27400
IPAS,20120726,2.27,2.31,2.27,2.31,59100
IPCC,20120726,56.5,57.62,55.53,56.51,29800
IPCI,20120726,2.9,2.9,2.81,2.9,3200
IPGP,20120726,45.95,46.94,45.9,46.89,421600
IPHS,20120726,57.86,58.5,57.16,57.38,43600
IPXL,20120726,20.31,20.72,20.28,20.43,268700
IQNT,20120726,13.36,13.54,13.32,13.46,45300
IRBT,20120726,23.5,23.5,22.86,23.16,331700
IRDM,20120726,8.76,8.92,8.74,8.89,231600
IRG,20120726,14.19,14.33,13.91,14.03,156400
IRIX,20120726,3.42,3.42,3.13,3.29,5200
IROQ,20120726,12.8,12.8,12.8,12.8,500
IRWD,20120726,13.01,13.15,12.87,13.08,189100
ISBC,20120726,6.051,6.0902,5.9098,6.0863,161700
ISCA,20120726,25.14,25.66,24.96,25.64,153600
ISHG,20120726,93,93.79,93,93.49,14700
ISIG,20120726,1.78,1.78,1.64,1.76,28100
ISIL,20120726,9.62,10.2,9.46,9.48,5498900
ISLE,20120726,5.68,5.69,5.43,5.54,39900
ISM,20120726,23,23.33,23,23.16,11600
ISNS,20120726,4.88,5.07,4.88,5.07,700
ISRG,20120726,490,493.4,486.16,489.2,463800
ISRL,20120726,110.42,110.42,105.03,105.65,2000
ISSC,20120726,3.41,3.45,3.39,3.45,1000
ITIC,20120726,52.79,53.2,50.44,53.2,4700
ITRI,20120726,39.07,39.29,38.22,38.67,319300
ITRN,20120726,10.99,11.09,10.86,11.09,5100
IVAC,20120726,5.94,6,5.53,5.77,134000
IXYS,20120726,9.37,9.64,9.13,9.27,98700
JACK,20120726,26.86,27.15,26.45,26.62,364300
JAKK,20120726,15.84,16.14,15.7,15.85,201000
JASO,20120726,4.75,5.05,4.7,5.05,1514600
JAZZ,20120726,46.96,48.01,46.72,47.83,455200
JBHT,20120726,54.21,54.78,54.02,54.42,1360200
JBLU,20120726,5.3,5.31,5.15,5.2,4027700
JBSS,20120726,17.84,17.84,16.71,17.27,66400
JCOM,20120726,29.88,29.99,29.56,29.9,479100
JCS,20120726,11.23,11.23,10.91,10.91,11200
JCTCF,20120726,4.925,5,4.925,4.935,3100
JIVE,20120726,19.28,19.46,18.59,19.29,178300
JJSF,20120726,56.26,57.01,55.58,56.85,71200
JKHY,20120726,34.94,35.16,34.4,34.8,318100
JMBA,20120726,13.95,14.15,13,13.1,997200
JOBS,20120726,18.345,18.345,17.545,17.97,27800
JOUT,20120726,21.25,21.25,20.82,21.25,7700
JRJC,20120726,1.3,1.3,1.22,1.22,13000
JSM,20120726,23.91,24.2,23.66,24.09,54700
JVA,20120726,5.26,5.48,4.97,5.02,188200
JXSB,20120726,16.9,16.9,16.9,16.9,1400
KALU,20120726,51.6,55.43,50.79,53.92,496800
KCAP,20120726,7.8,7.85,7.64,7.8,172400
KELYA,20120726,11.78,11.78,11.6,11.64,150400
KELYB,20120726,11.65,11.65,11.65,11.65,200
KEQU,20120726,12.9,13.24,12.58,12.93,15800
KERX,20120726,1.93,1.93,1.88,1.92,606300
KEYW,20120726,11.05,11.05,10.87,10.93,90200
KFFB,20120726,8.03,8.03,7.85,8,3300
KFRC,20120726,12.33,12.33,11.88,11.95,88000
KGJI,20120726,1.71,1.73,1.53,1.55,144500
KINS,20120726,5.87,6.4,5.87,6.4,5000
KIRK,20120726,11.09,11.09,10.64,10.78,121900
KLAC,20120726,49.7,50.63,48.77,49.66,2754700
KLIC,20120726,8.98,9.17,8.93,9.06,764100
KNDI,20120726,3.93,4.05,3.81,3.87,65100
KONA,20120726,7.86,7.86,7.22,7.68,84600
KONE,20120726,2.7,2.7,2.7,2.7,400
KOOL,20120726,17.6,18,17.6,17.6,5900
KOPN,20120726,3.38,3.48,3.38,3.47,107200
KOSS,20120726,5,5,5,5,200
KRNY,20120726,9.83,9.86,9.71,9.79,5800
KTCC,20120726,7.58,7.66,7.37,7.45,64700
KTEC,20120726,9.25,9.35,9.16,9.16,3100
KTOS,20120726,5.51,5.56,5.44,5.49,292100
KVHI,20120726,12.58,12.75,12.31,12.57,105800
KZ,20120726,7.69,7.8,7.67,7.71,41200
LABL,20120726,20.35,20.46,19.61,19.69,29200
LAKE,20120726,6.92,6.95,6.92,6.92,2500
LAMR,20120726,30.05,30.58,29.48,30.32,562300
LANC,20120726,69.44,69.66,69.26,69.34,21800
LARK,20120726,20,20,20,20,500
LAWS,20120726,9.34,9.46,9.2,9.38,7400
LAYN,20120726,20.96,21.22,20.87,21.06,63000
LBAI,20120726,9.68,9.84,9.62,9.78,24300
LBIX,20120726,4.18,4.18,4.18,4.18,300
LBTYA,20120726,26.699,26.8166,26.3618,26.4384,544300
LBTYB,20120726,52.04,52.04,52.04,52.04,0
LBTYK,20120726,49.53,49.94,48.98,49,639200
LCNB,20120726,13.25,13.48,13.25,13.25,10900
LCUT,20120726,13.2,13.2,12.86,12.92,16800
LECO,20120726,43.11,43.59,42.34,42.9,386100
LEDS,20120726,2.2,2.41,2.11,2.34,52200
LFUS,20120726,53.73,54.82,52.73,53.29,97600
LGCY,20120726,26.61,26.93,26.29,26.58,144100
LGND,20120726,18.1,18.36,18.1,18.3,89900
LHCG,20120726,17.2,17.56,17.06,17.36,100400
LIFE,20120726,43.32,44,43.27,43.76,1169000
LINC,20120726,4.95,4.99,4.29,4.49,250500
LION,20120726,9.15,9.34,9.03,9.24,20100
LIOX,20120726,3.08,3.13,3.01,3.1,94000
LIVE,20120726,2.84,2.84,2.4,2.5267,47500
LKFN,20120726,17.5667,17.62,16.9733,17.22,24100
LKQ,20120726,18.495,18.495,17.075,17.765,1465800
LLNW,20120726,2.8,2.86,2.72,2.75,337600
LLTC,20120726,31.63,31.94,31.27,31.76,2637600
LMAT,20120726,6.22,6.25,6.22,6.25,12800
LMCA,20120726,31.3267,31.5367,31.0033,31.2933,821700
LMIA,20120726,18.36,18.48,17.43,17.78,12600
LMNR,20120726,17.24,17.44,17.09,17.2,3900
LMNX,20120726,17.34,17.59,17,17.18,231800
LMOS,20120726,8.86,9.01,8.7,8.97,25500
LNCE,20120726,23.23,23.29,23,23.11,102600
LNDC,20120726,8.22,8.22,8.03,8.06,36900
LOAN,20120726,0.94,0.94,0.94,0.94,100
LOGI,20120726,8.57,9.37,8.55,8.76,2544300
LOGM,20120726,26,26,21.6,23.66,3434000
LOPE,20120726,17.39,17.56,17.06,17.34,807400
LORL,20120726,72.77,73.14,71.69,71.89,17300
LPLA,20120726,32.23,32.25,31.73,31.96,137300
LPNT,20120726,38.73,38.73,37.9,38.47,276300
LPSN,20120726,18.27,18.45,17.86,18.09,251000
LPTH,20120726,0.98,1.02,0.98,1.02,6400
LQDT,20120726,40.96,41.71,40.46,41.16,500000
LRAD,20120726,1.17,1.2,1.1,1.15,21700
LRCX,20120726,33.53,34.5,33.24,34.37,6292900
LSBK,20120726,10.03,10.03,10,10,600
LSCC,20120726,3.57,3.68,3.51,3.65,1215500
LSTR,20120726,48.5,50.71,47.85,48.21,540500
LTBR,20120726,10.7,10.85,10.2,10.25,17300
LTRX,20120726,2.05,2.05,1.95,1.95,26000
LULU,20120726,57.62,59.5,57.12,59.47,3453500
LUNA,20120726,1.41,1.41,1.36,1.38,23300
LWAY,20120726,10.59,10.65,10.32,10.53,5400
LXRX,20120726,17.36,18.34,17.36,17.78,907900
LYTS,20120726,6.44,6.59,6.34,6.54,22300
MACK,20120726,8.75,8.87,8.51,8.54,220400
MAGS,20120726,3.39,3.57,3.36,3.54,7400
MANH,20120726,11.68,12.1575,11.615,11.9575,215500
MANT,20120726,21.87,21.92,21.17,21.47,151000
MARK,20120726,2.4,2.4,2.3,2.3,10700
MARPS,20120726,25.01,25.48,25.01,25.45,500
MASI,20120726,23.02,23.03,22.18,22.39,239900
MAT,20120726,34.85,35.2,34.35,34.64,3040200
MATR,20120726,7.69,7.78,7.6,7.69,3300
MATW,20120726,29.19,29.44,28.86,28.88,154100
MAYS,20120726,19.25,19.25,19.25,19.25,0
MBFI,20120726,20.18,20.22,19.87,20.01,158700
MBLX,20120726,11.52,11.52,10.56,10.86,108300
MBRG,20120726,16.23,16.38,16.16,16.36,4700
MBTF,20120726,2.8,2.9,2.72,2.9,31900
MBVT,20120726,27.68,27.68,26.96,27.34,4200
MBWM,20120726,16.33,16.7,16.25,16.64,14400
MCBC,20120726,3.17,3.29,3.17,3.29,9900
MCEP,20120726,22.15,22.15,21.36,21.5,41200
MCHP,20120726,32.61,33.01,32.29,32.47,1322400
MCHX,20120726,3.43,3.57,3.41,3.43,48100
MCRI,20120726,7.66,7.68,7.54,7.55,51900
MDCA,20120726,9.64,9.64,9.4,9.47,121400
MDCO,20120726,26.06,26.15,25.25,25.29,816900
MDM,20120726,4.46,4.65,4.45,4.47,3900
MDRX,20120726,9.38,9.44,8.84,8.99,4897700
MDSO,20120726,15.41,15.515,15.285,15.455,78400
MEIP,20120726,2.46,2.7,2.46,2.7,35700
MELI,20120726,71.5,73.7,71.21,73.25,483300
MEMP,20120726,17.7,17.81,17.61,17.74,48800
MENT,20120726,14.96,15.41,14.88,15.36,749000
MEOH,20120726,29.04,29.07,26.25,28.22,582100
MERC,20120726,5.28,5.29,5.14,5.18,149100
MFNC,20120726,5.9,6.25,5.75,5.75,6000
MFRI,20120726,6.88,6.88,6.88,6.88,100
MFSF,20120726,11,11.08,10.6,10.93,100200
MGEE,20120726,32.1333,32.44,31.96,32.1,21800
MGIC,20120726,4.42,4.47,4.26,4.31,150600
MGLN,20120726,55,55,53.64,54.24,662800
MGPI,20120726,3.37,3.37,3.12,3.22,4400
MGRC,20120726,26.23,26.23,25.38,25.48,62200
MGYR,20120726,4,4,3.9,4,2100
MHGC,20120726,4.9,4.91,4.82,4.87,20400
MHLD,20120726,8.73,8.81,8.62,8.62,123100
MIDD,20120726,32.1433,32.96,31.6867,32.7433,63000
MIND,20120726,17.44,17.44,17.03,17.41,92700
MINI,20120726,13.3,13.47,13,13.43,106000
MITK,20120726,3.69,3.71,3.33,3.46,685800
MITL,20120726,4.19,4.35,4.19,4.3,38400
MKSI,20120726,24.25,27.43,24.18,26.23,493400
MKTX,20120726,30.79,31.35,30.25,31.3,427600
MLAB,20120726,46,46.38,46,46.38,7700
MLHR,20120726,17.76,17.84,17.14,17.46,161600
MLNK,20120726,3.33,3.38,3.21,3.22,53900
MLNX,20120726,96,102.7,95.83,101.83,2770700
MLVF,20120726,8.7,8.7,8.7,8.7,0
MMLP,20120726,33.6,33.94,33.11,33.61,40200
MMSI,20120726,13.2,13.36,12.77,13.14,234600
MMYT,20120726,14.33,15.69,14.33,15.13,51700
MNDO,20120726,1.7,1.7,1.65,1.7,76400
MNKD,20120726,2.57,2.64,2.53,2.63,1569100
MNOV,20120726,1.66,1.76,1.66,1.74,1300
MNRO,20120726,32.5,34.35,30.72,33.93,1823200
MNST,20120726,22.4167,22.8,22.3533,22.5733,1327300
MNTA,20120726,14.52,14.73,14.13,14.32,378500
MNTX,20120726,7.46,7.69,7.32,7.32,49700
MOBI,20120726,1.94,2,1.9,1.92,20800
MOCO,20120726,15.09,15.4,15.09,15.4,1700
MOFG,20120726,21.58,21.58,20.59,20.75,10200
MORN,20120726,58.84,59.78,58.26,59.28,92000
MOSY,20120726,3.23,3.25,3.2,3.24,20500
MPAA,20120726,4.24,4.7,4.22,4.59,53000
MPB,20120726,10,10,10,10,700
MPEL,20120726,9.19,9.73,9.13,9.7,6719000
MPET,20120726,1.08,1.11,1.06,1.06,120400
MPWR,20120726,18.14,18.35,17.84,18.02,234000
MRCY,20120726,11.36,11.55,11.27,11.45,50100
MRLN,20120726,15.34,15.56,14.9,15.46,23500
MRTN,20120726,11.6267,11.7133,11.34,11.38,88400
MRVL,20120726,11.43,11.52,11.18,11.4,14673500
MSBF,20120726,5.81,5.81,5.81,5.81,0
MSCC,20120726,17.96,18.4,17.48,18.22,578800
MSEX,20120726,18.79,18.95,18.73,18.84,18700
MSFG,20120726,11.51,11.51,11.23,11.37,28100
MSFT,20120726,29.23,29.5,29.09,29.16,45302900
MSLI,20120726,1.75,1.75,1.75,1.75,0
MSON,20120726,2.82,2.82,2.67,2.67,10300
MSTR,20120726,115.95,117.81,111.38,113.48,141400
MTEX,20120726,6.11,6.21,6.11,6.14,800
MTGE,20120726,24.52,24.58,24.4,24.42,205000
MTRX,20120726,10.61,10.61,10.12,10.21,119300
MTSC,20120726,41.72,41.86,41.08,41.6,47600
MTSI,20120726,16.79,16.8,16.45,16.71,7700
MTSL,20120726,1.77,1.84,1.72,1.84,2400
MU,20120726,5.92,6.08,5.89,5.95,22586200
MVIS,20120726,1.58,1.65,1.53,1.6,224600
MXIM,20120726,25.95,26.28,25.7,26.01,2507100
MXWL,20120726,6.48,6.5,6.27,6.38,221400
MYGN,20120726,26.07,26.44,25.93,26.05,574400
MYL,20120726,22.45,23,22.16,22.75,10929100
MYRG,20120726,14.83,14.9,14.27,14.37,113900
NAII,20120726,6.07,6.43,6.07,6.21,14700
NANO,20120726,14.47,14.79,14.2,14.32,122300
NATH,20120726,30.14,30.4,29.91,30.24,3300
NATI,20120726,27.04,27.31,26.59,27.07,383400
NATL,20120726,26.26,26.59,25.73,26.5,11600
NATR,20120726,14.78,15.13,14.78,14.95,8700
NAUH,20120726,4.16,4.18,4.08,4.12,7000
NAVG,20120726,48.49,48.49,47.87,47.87,13500
NBIX,20120726,7.56,7.76,7.54,7.66,138000
NBN,20120726,8.44,8.59,8.28,8.5,11700
NBTB,20120726,20.82,20.82,20.45,20.63,46000
NCIT,20120726,5.4,5.4,5.19,5.25,28500
NCMI,20120726,14.24,14.37,13.97,14.22,246000
NCTY,20120726,4.58,4.58,4.38,4.42,12600
NDAQ,20120726,23.27,23.31,23.03,23.21,1626700
NDSN,20120726,50.03,50.59,49.5,50.56,153500
NEOG,20120726,26.72,26.72,25.9533,26.2733,84400
NEON,20120726,4.96,5.59,4.96,5.29,693000
NEPT,20120726,4.71,4.87,4.41,4.47,1006100
NEWS,20120726,12.24,12.24,11.84,11.99,27700
NEWT,20120726,7.55,7.55,7.4,7.45,1000
NFBK,20120726,15,15.1,14.91,15.09,28100
NFEC,20120726,0.83,0.85,0.83,0.85,2200
NFLX,20120726,8.4729,8.4943,8.02,8.1443,11397300
NICE,20120726,35,35.27,34.81,35.2,144500
NICK,20120726,13.1,13.24,12.9,13.17,25500
NIHD,20120726,7.15,7.25,6.56,6.91,12008100
NILE,20120726,24.68,24.82,22.94,23.61,300000
NKSH,20120726,30.91,31.42,30.47,31.36,3000
NKTR,20120726,8.98,9.03,8.8,8.84,622800
NLNK,20120726,12.5,12.5,12.24,12.46,41800
NLST,20120726,1.55,1.62,1.5,1.6,145300
NMRX,20120726,9.73,9.73,9.28,9.33,7300
NNBR,20120726,9.53,9.53,9.17,9.18,87700
NRIM,20120726,20.28,20.6,20.07,20.07,15900
NSEC,20120726,8.42,8.71,8.42,8.7,700
NSIT,20120726,16.34,16.61,16.13,16.3,94900
NSSC,20120726,2.99,3,2.95,2.96,2000
NSYS,20120726,3.74,3.74,3.74,3.74,0
NTAP,20120726,32.02,32.39,31.7,32.08,4009000
NTCT,20120726,23.47,23.76,23.09,23.38,278700
NTES,20120726,53.65,53.99,52.99,53.08,270200
NTGR,20120726,34.29,35.08,34.01,35,1146100
NTIC,20120726,9.94,10.04,9.75,10,7400
NTRI,20120726,10.74,10.74,10.2,10.47,500500
NTRS,20120726,45.38,45.55,44.93,45.44,804000
NTWK,20120726,5.5,5.6,5.1,5.5,577800
NUAN,20120726,20.22,20.5,20,20.13,2886300
NURO,20120726,17.76,17.76,14.16,14.4,142900
NUTR,20120726,15.06,15.53,14.72,14.82,25300
NUVA,20120726,23.27,23.31,21.21,21.65,2872400
NVAX,20120726,2.08,2.2,2.05,2.15,1717600
NVDA,20120726,13.33,13.48,13.05,13.15,8461400
NVDQ,20120726,7.84,7.84,7.45,7.64,81700
NVEC,20120726,53.9,54.64,53.25,54.36,14500
NVGN,20120726,1.99,1.99,1.98,1.98,200
NVMI,20120726,8.7,8.82,8.6,8.63,45500
NWBI,20120726,11.66,11.66,11.36,11.44,804700
NWFL,20120726,27.52,27.55,27.41,27.41,1500
NWLI,20120726,139,141,139,139,3300
NWPX,20120726,23.68,24.11,23.4,23.9,35500
NWS,20120726,22.64,22.91,22.57,22.82,2422300
NWSA,20120726,22.51,22.72,22.36,22.59,12002100
NXPI,20120726,23,23.24,21.85,23.06,2652000
NXST,20120726,6.54,6.63,6.35,6.47,127100
NXTM,20120726,15.23,15.45,15.02,15.17,210700
NYMT,20120726,6.9,6.9,6.8,6.8,562300
NYMX,20120726,6.15,6.25,6,6.09,60200
NYNY,20120726,8.35,8.6,8.35,8.6,2400
OBAS,20120726,6,6,6,6,1000
OBCI,20120726,2.08,2.12,2.01,2.05,21600
OCC,20120726,3.93,4.08,3.93,3.99,9400
OCFC,20120726,13.67,13.67,13.49,13.5,21100
OCLR,20120726,2.6,2.66,2.47,2.55,562100
OCLS,20120726,23.1,24.5,22.75,23.8,25100
ODFL,20120726,27.3933,27.4933,26.76,27.0333,312400
OFED,20120726,13.12,13.44,13.12,13.44,300
OFIX,20120726,40.69,41.13,39.93,40.38,127100
OFLX,20120726,11.38,11.59,11.25,11.29,2700
OGXI,20120726,14.21,14.25,13.9,14.08,28100
OIIM,20120726,3.9,3.9,3.82,3.85,64100
OKSB,20120726,9.38,9.38,9.21,9.27,27800
OLBK,20120726,10.83,10.83,10.83,10.83,300
OMAB,20120726,16.8,16.8,16.7,16.75,22200
OMCL,20120726,13.33,13.36,13.06,13.19,171100
OMER,20120726,9.28,9.5,9.24,9.48,138600
OMEX,20120726,45.36,45.36,43.44,44.04,324100
ONEQ,20120726,113.94,114.51,113.36,113.8,4700
ONVI,20120726,3.78,3.78,3.78,3.78,0
OPHC,20120726,21.2,21.2,19.6,20.8,11300
OPOF,20120726,10.57,10.57,10.5,10.5,600
OPTT,20120726,24.5,25,23.8,24.2,37400
OPXA,20120726,2.64,2.8,2.48,2.56,79100
OPXAW,20120726,0.1,0.1,0.09,0.09,3300
ORBC,20120726,3.23,3.25,3.12,3.21,96400
ORBK,20120726,7.83,7.9,7.68,7.8,28200
OREX,20120726,56.9,57.4,55.6,56.2,1593500
ORIG,20120726,15.41,15.55,15.02,15.29,242600
ORIT,20120726,14.03,14.17,13.92,13.99,134200
ORLY,20120726,88.9,90.62,85,86.97,3943100
ORRF,20120726,8.23,8.23,8.1,8.11,1500
OSBC,20120726,1.42,1.51,1.41,1.51,11300
OSBCP,20120726,5.37,5.37,5.02,5.02,8200
OSHC,20120726,13,13,12.95,12.95,500
OSIR,20120726,9.44,9.78,9.16,9.33,323500
OSIS,20120726,63.25,63.65,61.65,63.38,66700
OSM,20120726,23.46,23.7,23.46,23.67,8600
OSN,20120726,2.76,2.76,2.76,2.76,0
OSTK,20120726,7.94,8.04,7.47,7.58,129400
OSUR,20120726,11.01,11.01,10.73,10.84,492000
OTEX,20120726,22.99,23.09,22.71,22.845,148400
OTIV,20120726,1.42,1.42,1.35,1.4,18000
OTTR,20120726,23.28,23.4,23.1,23.15,66000
OVBC,20120726,19.26,19.26,19.26,19.26,300
OVLY,20120726,7.29,7.29,7.15,7.15,200
OXLC,20120726,14.62,14.75,14.46,14.74,7800
OZRK,20120726,16.195,16.205,15.94,15.98,97200
PAAS,20120726,14.16,14.2,13.81,14.06,951900
PACB,20120726,2.15,2.21,1.96,2.1,133000
PACW,20120726,23.27,23.27,22.79,22.97,90800
PAGG,20120726,29.23,29.23,28.79,29.12,5900
PANL,20120726,31.88,33.24,31.52,33.05,509700
PATK,20120726,8.7333,9.1267,8.4667,8.9,279900
PAYX,20120726,32.51,32.79,32.31,32.53,1856200
PBCT,20120726,11.59,11.67,11.46,11.49,3255200
PBHC,20120726,10,10,10,10,100
PBIB,20120726,1.7,1.7,1.7,1.7,200
PBIP,20120726,5.51,5.51,5.51,5.51,600
PBMD,20120726,4,4,4,4,0
PBSK,20120726,12.05,12.66,12.03,12.66,1600
PCAR,20120726,38.36,38.86,38.11,38.63,2459700
PCBK,20120726,9.05,9.05,8.95,9.01,57500
PCH,20120726,36,36.06,35.39,35.64,338100
PCLN,20120726,638.91,639.7,618.57,628.32,1287400
PCO,20120726,1.08,1.1,1.06,1.1,5051000
PCOM,20120726,12.7,12.7,12.35,12.46,39600
PCRX,20120726,14.69,15.07,14.62,14.98,134900
PCTI,20120726,6.08,6.08,5.83,5.96,46700
PCYO,20120726,2.17,2.17,2,2.07,44400
PDCE,20120726,25.89,26.43,25.45,25.96,562300
PDCO,20120726,34.32,34.51,34.05,34.32,466700
PDEX,20120726,1.85,1.9,1.78,1.84,7600
PDFS,20120726,9.14,9.57,9.14,9.51,34200
PDLI,20120726,6.76,6.8,6.65,6.73,1466400
PEBK,20120726,8.45,8.6,8.25,8.25,14600
PEBO,20120726,21.62,21.82,21.15,21.36,31300
PEGA,20120726,13.705,13.945,13.315,13.56,76500
PEIX,20120726,6.6,6.75,5.25,5.7,11346600
PENN,20120726,40.36,40.36,38.78,39.16,828200
PERF,20120726,7.71,8.81,7.7,8.58,25800
PERI,20120726,4.98,5.1,4.98,5.06,32700
PERY,20120726,18.85,18.85,18.61,18.79,23000
PESI,20120726,5.6,5.7,5.6,5.7,53800
PETS,20120726,9.47,9.52,9.27,9.36,217800
PFBC,20120726,11.02,11.25,10.95,11.12,39400
PFBI,20120726,7.8,7.8,7.7,7.8,3300
PFBX,20120726,10.95,11,10.95,11,600
PFIN,20120726,5.12,5.13,5,5.05,3700
PFLT,20120726,12.2,12.2,12.01,12.19,23500
PFPT,20120726,14,14.68,14,14.53,28000
PFSW,20120726,2.66,2.66,2.5,2.51,42600
PGC,20120726,13.63,13.73,13.5,13.72,3300
PGNX,20120726,10.32,10.64,10.18,10.61,267500
PGTI,20120726,3.11,3.2,3.04,3.13,51900
PHII,20120726,24.08,24.67,24.08,24.62,2200
PHIIK,20120726,26.11,26.11,25.57,25.9,6000
PHMD,20120726,66.95,68.35,65,68.3,118900
PICO,20120726,24.21,24.53,23.75,23.93,62200
PKBK,20120726,5.37,5.37,5.37,5.37,100
PKOH,20120726,17.52,18.12,16.85,17.14,16600
PLAB,20120726,5.85,5.92,5.65,5.71,300100
PLBC,20120726,3.68,3.8,3.66,3.67,3000
PLCE,20120726,49.56,49.91,48.44,49.4,351000
PLPC,20120726,54.55,54.55,53.03,53.24,900
PLUG,20120726,1.14,1.15,1.12,1.15,43800
PLUS,20120726,33,33.05,32.81,33.05,2700
PLXS,20120726,28.12,28.39,27.88,28.26,99800
PMBC,20120726,6.86,6.9,6.74,6.81,25800
PMD,20120726,10.51,11.05,10.5,10.78,4600
PNBK,20120726,15.6,15.6,15.6,15.6,0
PNFP,20120726,19.43,19.5,19.16,19.36,98000
PNNT,20120726,10.7,10.73,10.56,10.62,267700
PNQI,20120726,37.61,37.87,37.61,37.83,5000
PNRA,20120726,155.14,158.74,155.08,156.96,1084400
PNRG,20120726,27.19,27.19,27.19,27.19,0
PNTR,20120726,2.6,2.6,2.6,2.6,400
PODD,20120726,20.13,20.43,19.66,19.77,192800
POOL,20120726,36.94,37.21,36.76,36.93,225500
POPE,20120726,53.45,54.35,53.45,54.35,2300
POWI,20120726,35.01,35.08,34.12,34.74,306200
POWL,20120726,34.8,35.37,33.97,34.41,33300
PPBI,20120726,8.89,9,8.59,8.8,11100
PPHM,20120726,1.73,1.76,1.66,1.75,1648000
PRAA,20120726,28.5933,28.6067,28.1533,28.3333,67900
PRAN,20120726,9.3,9.36,9.06,9.18,19100
PRCP,20120726,5.41,5.46,5.24,5.4,11100
PRFT,20120726,12.7,12.94,12.61,12.85,304000
PRFZ,20120726,62.83,62.83,62.05,62.5,43800
PRGS,20120726,19.64,19.64,19.14,19.4,122900
PRGX,20120726,7.7,7.7,7.47,7.58,97500
PRIM,20120726,12.12,12.36,11.93,12.3,69100
PRKR,20120726,26.7,28.1,26.1,26.9,547400
PRMW,20120726,1.6,1.61,1.42,1.54,236700
PROV,20120726,11.72,11.72,11.49,11.69,7000
PRPH,20120726,1.05,1.05,1.04,1.05,2300
PRSC,20120726,12.82,13.04,12.57,13,42200
PRSS,20120726,14.32,14.35,13.83,13.96,7300
PRTS,20120726,4,4.05,3.96,4.04,8500
PRXL,20120726,27.7,28.01,27.5,27.7,297000
PSAU,20120726,32.67,33,32.49,33,3400
PSCC,20120726,33.54,33.6,33.53,33.6,3800
PSCD,20120726,29.85,30.1,29.8,30.1,2000
PSCE,20120726,31.88,32.18,31.57,31.78,18500
PSCF,20120726,29.61,29.66,29.37,29.45,19300
PSCH,20120726,35.51,35.51,34.92,35.08,6600
PSCI,20120726,27.42,27.53,27.42,27.53,5200
PSCM,20120726,28.18,28.18,28.18,28.18,0
PSCT,20120726,28.11,28.11,27.84,28.07,9300
PSCU,20120726,30.85,30.85,30.78,30.85,1000
PSDV,20120726,2.61,2.7,2.39,2.39,189500
PSEC,20120726,11.19,11.2,11.09,11.13,2202800
PSMT,20120726,70.73,73.03,70.73,72.06,245800
PSTB,20120726,4.69,4.69,4.57,4.6,35100
PSTI,20120726,3.55,3.58,3.37,3.45,954300
PTEN,20120726,16.11,16.25,15.07,15.65,9514200
PTIE,20120726,3.96,4.07,3.91,3.93,116700
PTNR,20120726,3.14,3.23,3.14,3.14,99000
PTSI,20120726,9.97,10,9.96,9.99,4300
PVTB,20120726,14.92,14.92,14.58,14.79,893600
PVTBP,20120726,26.3,26.5,26.2,26.2,3900
PWOD,20120726,39,39.52,38.94,38.94,3000
PXLW,20120726,2.36,2.55,2.32,2.47,822100
PZZA,20120726,25.775,25.89,25.495,25.575,117700
QABA,20120726,24.96,24.96,24.6,24.6,1800
QADA,20120726,13.51,13.64,13.5,13.62,5200
QADB,20120726,13.3,13.3,13.04,13.3,1900
QBAK,20120726,11.4,11.4,11.4,11.4,0
QCLN,20120726,8.64,8.65,8.56,8.65,3800
QCOM,20120726,58.04,58.77,57.74,58.21,10885800
QCRH,20120726,13.68,13.68,13.68,13.68,500
QDEL,20120726,16.18,16.62,15.62,15.91,118300
QGEN,20120726,17.32,17.75,17.31,17.7,1872200
QLTI,20120726,8.3,8.54,8.22,8.44,322900
QNST,20120726,9.43,9.43,9.01,9.16,159100
QQEW,20120726,24.49,24.57,24.3,24.52,17700
QQQ,20120726,63.44,63.73,62.97,63.37,41934200
QQQC,20120726,12.4,12.43,12.4,12.4,800
QQQX,20120726,15.71,15.8,15.64,15.75,42300
QQXT,20120726,22.83,22.94,22.67,22.89,4500
QSII,20120726,16.98,18.79,15.04,15.95,6554200
QTEC,20120726,24.57,24.81,24.57,24.78,18000
QUIK,20120726,2.43,2.49,2.33,2.35,233200
RADA,20120726,2.34,2.34,2.34,2.34,0
RAIL,20120726,20.15,20.47,19.59,19.76,68200
RAND,20120726,2.78,2.78,2.54,2.78,6600
RAVN,20120726,33.91,33.91,31.64,32.01,174400
RBCAA,20120726,23.53,23.59,23.06,23.35,32200
RBCN,20120726,9.88,10.12,9.61,9.79,189900
RBPAA,20120726,3.09,3.09,2.8,2.9,11500
RCII,20120726,35.96,35.99,35.41,35.8,406300
RCKY,20120726,12.2,12.2,11.58,11.84,30000
RCMT,20120726,5.52,5.58,5.32,5.58,2800
RCON,20120726,1.58,1.7,1.48,1.5,12600
RDCM,20120726,3.38,3.38,2.66,3.12,31100
RDI,20120726,4.83,4.83,4.7,4.73,23300
RDNT,20120726,2.5,2.6,2.46,2.51,99200
RDWR,20120726,15.5,16.56,13.38,14.515,3199000
RECN,20120726,11.43,11.51,11.14,11.14,222000
REFR,20120726,2.89,2.9,2.83,2.9,5900
REGI,20120726,5.74,6.06,5.45,5.49,57000
REGN,20120726,130.21,136.43,130,135.64,1721500
REIS,20120726,10.23,10.24,10.16,10.24,600
RELL,20120726,12.32,12.33,12.06,12.22,13300
RELV,20120726,10.85,11.69,10.71,10.71,5900
REXX,20120726,12.53,12.63,12.17,12.53,557300
RFIL,20120726,3.94,4,3.85,3.99,18300
RGCO,20120726,18.35,18.35,18.05,18.05,1300
RGEN,20120726,3.84,3.9,3.79,3.82,91000
RGLD,20120726,74.89,75.58,72.95,73.33,874700
RICK,20120726,8.4,8.45,8.3,8.32,9700
RIGL,20120726,10.45,10.58,10.31,10.48,357100
RLOG,20120726,7.72,7.82,7.64,7.82,9100
RMBS,20120726,4.29,4.33,3.78,3.94,2468900
RMCF,20120726,12.01,12.6,12.01,12.58,16800
RMTI,20120726,8.91,9,8.72,8.93,30500
RNET,20120726,18.19,18.61,18.19,18.47,39200
RNST,20120726,17.01,17.18,16.93,17.15,94800
RNWK,20120726,7.92,8,7.78,7.9,33400
ROCK,20120726,9.64,9.64,9.32,9.34,142000
ROIA,20120726,0.88,0.88,0.87,0.87,4800
ROIAK,20120726,0.92,0.92,0.82,0.82,59600
ROIC,20120726,12.17,12.22,12.06,12.1,174400
ROLL,20120726,47.38,47.38,45.67,46.1,178300
ROSG,20120726,9.44,9.56,8.61,8.72,367600
ROST,20120726,33,33.55,32.75,33.26,2148400
RP,20120726,21.35,21.99,21.25,21.68,1123900
RPRX,20120726,9.24,9.28,9,9.2,57600
RPXC,20120726,13.16,13.27,12.72,12.83,278200
RRGB,20120726,28.1,28.35,27.8,28,340800
RSYS,20120726,5.32,5.42,5.23,5.26,82100
RTIX,20120726,3.42,3.44,3.36,3.43,101100
RUSHA,20120726,14.5,14.66,14.2,14.28,183200
RUSHB,20120726,12.02,12.07,11.59,11.59,19400
RUTH,20120726,5.83,5.89,5.65,5.75,468500
RVSB,20120726,1.38,1.42,1.36,1.41,6600
RYAAY,20120726,29.1,29.65,29.08,29.45,152500
SAAS,20120726,5.1,5.18,4.6,4.76,126200
SAFM,20120726,37.23,37.54,36.68,36.8,304200
SAFT,20120726,42.17,43,41.47,41.76,19000
SAIA,20120726,12.4933,12.6267,12.3333,12.5333,88500
SALM,20120726,5.09,5.12,5.02,5.02,13600
SANM,20120726,8.5,8.68,8.39,8.47,1465300
SANW,20120726,5.2,5.2,4.91,4.91,12500
SASR,20120726,17.97,17.97,17.63,17.71,23000
SATS,20120726,27.45,28.01,27.34,27.99,121200
SAVE,20120726,19.98,20.3,19.67,20.01,660400
SBAC,20120726,56.97,58.93,56.9,57.89,2538600
SBBX,20120726,4.96,4.96,4.8,4.89,12700
SBCF,20120726,7.05,7.15,6.6,7.05,254600
SBGI,20120726,9.86,9.92,9.67,9.78,373200
SBLK,20120726,42,42.75,41.25,42,338000
SBNY,20120726,62.11,63.68,61.97,63.56,385700
SBNYW,20120726,36.31,36.31,36.31,36.31,0
SBRA,20120726,17.6,18,17.58,17.88,300900
SBSA,20120726,4,4.05,3.7,3.77,114900
SBSI,20120726,21.6,21.8571,21.3048,21.3905,28300
SBUX,20120726,25.855,26.445,25.69,26.2,14190100
SCHL,20120726,28.56,28.78,28.27,28.47,139300
SCHN,20120726,26.66,27.08,25.84,26,305700
SCKT,20120726,1.58,1.69,1.58,1.65,1200
SCLN,20120726,5.99,5.99,5.8,5.84,380400
SCMP,20120726,4.08,4.16,4.02,4.07,40400
SCON,20120726,117,124.2,117,124.2,19500
SCOR,20120726,16.2,16.4,15.81,15.93,110400
SCSC,20120726,27.41,27.72,27.04,27.17,88000
SCSS,20120726,26.79,26.8,25.85,26.32,883100
SCVL,20120726,22.34,22.76,22.13,22.24,115200
SEAC,20120726,7.34,7.34,7.01,7.11,70800
SEED,20120726,1.37,1.62,1.37,1.48,694500
SEIC,20120726,20.57,20.99,20.53,20.95,1425300
SENEA,20120726,25.8,25.99,25.47,25.86,8600
SENEB,20120726,28.23,28.23,28.23,28.23,0
SEV,20120726,6.32,6.32,6.22,6.22,200
SFLY,20120726,32.66,34.04,30.85,31.41,2253800
SFNC,20120726,23.47,23.88,23.31,23.46,67000
SFST,20120726,8.05,8.3,8.05,8.3,3000
SGC,20120726,12.23,12.26,12.05,12.25,3100
SGEN,20120726,25.93,27,25.11,26.76,615700
SGMA,20120726,3.43,3.47,3.43,3.45,1600
SGMO,20120726,4.99,5.43,4.99,5.4,322300
SGMS,20120726,8.37,8.41,8.1,8.19,307500
SGRP,20120726,1.09,1.09,1.09,1.09,100
SGYP,20120726,4.16,4.28,4.04,4.24,168000
SGYPU,20120726,10.5,10.5,10.5,10.5,0
SGYPW,20120726,2.12,2.12,1.87,1.87,10000
SHBI,20120726,5.44,5.48,5.26,5.34,7000
SHEN,20120726,7.46,7.65,7.405,7.645,45300
SHIP,20120726,10.5,10.5,10.5,10.5,300
SHLD,20120726,49.57,50.72,48.4,50.17,604900
SHLM,20120726,21.37,21.48,20.75,21.05,97600
SHLO,20120726,10.96,10.98,10.22,10.96,2400
SHOO,20120726,24.36,26.4733,23.86,25.8333,2265800
SHOR,20120726,4.38,4.45,4.29,4.43,149100
SHPG,20120726,89.5,90.16,89.34,89.85,432600
SIEB,20120726,1.51,1.52,1.5,1.5,2200
SIFI,20120726,11.41,11.66,11.25,11.58,15800
SIFY,20120726,2.12,2.15,2.08,2.12,81900
SIGI,20120726,17.75,17.75,16.75,16.92,357100
SIGM,20120726,6.53,6.55,6.44,6.5,180000
SILC,20120726,14.34,14.7,14.34,14.59,30000
SIMO,20120726,13.25,13.34,12.52,12.59,1084700
SINA,20120726,46,46.7,45.83,46.2,1890300
SINO,20120726,2.4,2.4,2.32,2.35,4200
SIRI,20120726,2.11,2.13,2.08,2.11,51842100
SIVB,20120726,58.4,58.4,57,57.72,240300
SIVBO,20120726,25.91,25.91,25.75,25.75,2100
SKYW,20120726,6.89,6.95,6.7,6.8,381500
SKYY,20120726,17.75,17.77,17.55,17.73,16000
SLAB,20120726,38.43,38.43,36.81,37.61,400500
SLGN,20120726,41.17,41.83,40.36,40.82,357600
SLM,20120726,5.6857,5.7107,5.6036,5.7036,6374300
SLMAP,20120726,46.91,47.49,46.66,47.03,6100
SLMBP,20120726,46.5,46.5,46.25,46.25,800
SLP,20120726,4.15,4.19,4.15,4.16,2100
SLRC,20120726,22.91,22.99,22.68,22.9,118000
SMBC,20120726,11.405,11.405,11.405,11.405,0
SMCI,20120726,12.72,12.99,12.63,12.68,352800
SMED,20120726,3.22,3.24,3.1,3.15,18600
SMIT,20120726,3.51,3.51,3.51,3.51,0
SMMF,20120726,4.99,4.99,4.99,4.99,500
SMRT,20120726,7.72,7.73,7.61,7.71,27800
SMSI,20120726,6.76,7,6.48,6.56,139500
SMTC,20120726,23.76,23.95,23.38,23.69,164200
SMTX,20120726,3.1,3.11,3.05,3.06,34500
SNAK,20120726,7.31,7.45,7.21,7.26,93800
SNBC,20120726,13.5,13.9,13.25,13.9,63000
SNCR,20120726,18.81,19.49,18.33,18.55,186600
SNFCA,20120726,2.67,2.67,2.39,2.58,2300
SNHY,20120726,22.36,22.62,22.02,22.54,38900
SNMX,20120726,2.13,2.21,2.1,2.1,17000
SNPS,20120726,30.28,30.79,30.28,30.77,909400
SNSS,20120726,18.18,19.02,18.06,18.24,171500
SOCL,20120726,12.61,12.61,12.38,12.44,36900
SODA,20120726,37.69,38.25,37.02,37.17,349700
SOFO,20120726,7.57,7.88,7.19,7.24,9900
SOHU,20120726,34.35,34.5,33.89,34.05,430600
SONA,20120726,7.42,7.42,7.27,7.3,7700
SONC,20120726,9.92,10.05,9.75,9.95,516900
SONS,20120726,8.65,8.9,8.35,8.35,552300
SORL,20120726,2.25,2.25,2.18,2.24,9400
SOXX,20120726,50.9,51.41,50.53,51.03,462600
SPAN,20120726,17.1,17.69,17.01,17.69,600
SPAR,20120726,5.01,5.01,4.71,4.72,71100
SPEX,20120726,201.4,201.4,190,190,2600
SPIL,20120726,4.71,4.76,4.69,4.73,1392900
SPLK,20120726,28.83,28.93,27.99,28.37,644400
SPLS,20120726,12.35,12.55,12.33,12.42,11349200
SPNC,20120726,11.58,12,10.77,11.98,509200
SPNS,20120726,3.51,3.65,3.4,3.59,16000
SPPI,20120726,16.11,16.27,15.77,15.9,2160100
SPRT,20120726,2.96,2.99,2.9,2.93,53400
SPSC,20120726,29.33,29.33,28.81,28.83,32600
SPTN,20120726,17.09,17.32,17.03,17.23,41900
SPU,20120726,1.46,1.52,1.35,1.39,86800
SPWR,20120726,4.03,4.15,3.85,3.92,535000
SQQQ,20120726,191.76,196.28,188.88,192.84,1520500
SRCE,20120726,21.94,22.15,21.57,21.81,32300
SRCL,20120726,92.17,92.79,88.07,92.22,1040600
SRDX,20120726,15.64,15.85,15.6,15.67,20800
SREV,20120726,12.12,12.2,11.87,11.96,250900
SRPT,20120726,7.96,8.13,7.28,7.89,1976700
SSBI,20120726,6.25,6.25,6.25,6.25,1000
SSFN,20120726,4.23,4.23,4.11,4.16,5100
SSH,20120726,11.38,11.38,10.4,10.73,160100
SSNC,20120726,24.55,24.73,24.12,24.44,105900
SSRI,20120726,12.75,12.99,12.35,12.76,944400
SSYS,20120726,53.02,57.33,52.79,56.66,482600
STAA,20120726,5.83,5.83,5.6,5.64,281700
STB,20120726,6.64,6.85,6.31,6.52,1756300
STBA,20120726,16.8,16.9,16.38,16.46,51000
STBZ,20120726,15.06,15.12,14.8,14.88,156300
STEM,20120726,24.72,25.56,20.4,21.36,3459500
STFC,20120726,13.15,13.16,12.64,12.97,66400
STKL,20120726,5.21,5.28,5.17,5.23,184800
STLD,20120726,11.82,12.11,11.69,12.05,2916400
STLY,20120726,4.08,4.25,4,4.25,22200
STMP,20120726,23.22,23.91,19.59,20.65,1750900
STPP,20120726,34.63,34.72,34.56,34.72,1800
STRA,20120726,75.44,87.95,69.8,79.44,1591800
STRL,20120726,9.99,10.23,9.86,10,21000
STRM,20120726,3.76,3.85,3.7,3.79,30300
STRS,20120726,9.09,9.6,8.45,9.6,500
STRT,20120726,22.63,22.63,22.3,22.3,41800
STX,20120726,29.12,30.6,28.85,30.06,28480600
SUMR,20120726,3.1,3.19,3,3.19,145700
SUNS,20120726,16.8,17.05,16.75,17.05,61300
SUPN,20120726,12.79,13.33,12.11,12.89,65700
SVA,20120726,2.09,2.13,2.09,2.12,33100
SVBI,20120726,2.62,2.75,2.62,2.75,1200
SVVC,20120726,16.01,16.27,15.88,15.95,162300
SWHC,20120726,9.54,9.65,9.2,9.63,1650400
SWIR,20120726,8.88,9.03,8.8,8.98,54300
SWKS,20120726,27.33,27.59,27,27.41,2848800
SYBT,20120726,15.5,15.5,15.1933,15.3267,14000
SYKE,20120726,15.54,15.61,15.15,15.37,53800
SYMC,20120726,14.99,15.45,14.96,15.35,16218400
SYMX,20120726,1.09,1.2,1.09,1.13,29900
SYNA,20120726,26,26.53,25.82,26.2,455600
SYNC,20120726,11.09,11.3,9.04,9.12,2827800
SYNL,20120726,13.03,13.55,13,13.55,2700
SYNT,20120726,29.23,29.3,28.665,28.935,55300
SYPR,20120726,6.1,6.18,5.85,6.01,79500
SYUT,20120726,5.97,5.97,5.7,5.79,18600
TACT,20120726,7.65,7.81,7.65,7.81,1600
TAIT,20120726,0.94,0.94,0.91,0.91,14500
TASR,20120726,5.21,5.4,5.16,5.3,1151700
TAST,20120726,5.59,5.59,5.45,5.51,119600
TATT,20120726,4.25,4.25,4.25,4.25,0
TAX,20120726,13.95,13.95,13.1,13.75,5100
TAYD,20120726,8.56,8.56,8.51,8.51,1200
TBBK,20120726,9.13,9.24,8.94,9.24,33700
TBNK,20120726,23.61,23.61,23.06,23.1,10400
TCBI,20120726,41.2,41.76,39.76,41.01,837100
TCBK,20120726,15.1,15.1,14.83,14.98,31900
TCCO,20120726,7.77,7.89,7.25,7.68,7100
TCPC,20120726,14.5,14.5,14.14,14.46,15800
TCRD,20120726,13.4,13.66,13.32,13.58,101900
TCX,20120726,5,5,4.68,4.84,67400
TEAR,20120726,3.66,3.67,3.48,3.48,44000
TECD,20120726,46.43,48.53,46.43,48.29,494300
TECH,20120726,73.5,74.57,73.33,74.52,68600
TESO,20120726,11,11.37,10.82,11.31,358000
TESS,20120726,19.3,19.3,17.47,17.67,73100
TFSL,20120726,9.62,9.62,9.49,9.51,121400
TGA,20120726,8.87,9.21,8.79,9.16,103400
THFF,20120726,28.33,29.13,28.21,28.25,30800
THLD,20120726,6.97,7.08,6.84,7.04,569500
THRM,20120726,10.4,10.94,10.29,10.85,157200
TICC,20120726,9.67,9.67,9.52,9.57,301500
TINY,20120726,3.75,3.77,3.68,3.75,39700
TISA,20120726,4.13,4.2,4.11,4.19,27000
TITN,20120726,28.77,29.14,28.16,28.82,256200
TIVO,20120726,8.26,8.31,8,8.04,1555100
TLF,20120726,5.28,5.28,5.15,5.27,6900
TLT,20120726,131.53,131.78,130.9,130.95,6606200
TNAV,20120726,5.77,5.84,5.57,5.63,46200
TNGO,20120726,19.75,19.98,18.68,19.05,266200
TOPS,20120726,102.2,102.2,85.4,94.5,10000
TORM,20120726,14,14,13.46,13.6,47600
TOWN,20120726,14.4,14.4,14.19,14.3,15600
TQQQ,20120726,24.035,24.35,23.515,23.9,2409500
TREE,20120726,12.74,13.07,12.6,13.05,22100
TRIB,20120726,12.63,12.75,12.1,12.75,81300
TRIP,20120726,36.76,37.01,34.03,35.04,6637400
TRMB,20120726,21.145,21.64,21.02,21.61,1347900
TRMK,20120726,24.99,24.99,24.23,24.25,365800
TRNS,20120726,6.79,6.79,6.6,6.65,2500
TROV,20120726,2.84,2.97,2.65,2.83,12700
TROVW,20120726,0.47,0.57,0.35,0.57,5700
TROW,20120726,60.01,60.44,59.25,59.75,1733700
TRS,20120726,18.78,18.79,18.26,18.45,120900
TRST,20120726,5.53,5.53,5.46,5.49,188700
TSBK,20120726,5.32,5.32,5.25,5.25,400
TSCO,20120726,44.745,46.835,43.8,46.3,4193900
TSEM,20120726,8.25,8.55,8.25,8.25,107900
TSLA,20120726,29.9,30,27.64,28.13,2263000
TSRA,20120726,15.09,15.24,14.78,14.91,371300
TSRI,20120726,3.87,3.93,3.87,3.9,3800
TSRO,20120726,14,14,13.6,13.61,28200
TST,20120726,1.44,1.49,1.41,1.47,233000
TTEC,20120726,16.25,16.4,16,16.12,52800
TTEK,20120726,25.64,25.81,25.2,25.55,408100
TTGT,20120726,4.22,4.22,4.07,4.16,44400
TTMI,20120726,10.34,10.35,10.18,10.29,281900
TTWO,20120726,9.03,9.09,8.69,8.73,1357300
TUES,20120726,5.22,5.31,5,5.01,135700
TWER,20120726,75.2,76.4,73.4,76,156100
TWIN,20120726,20.46,21.09,20.23,20.48,45400
TWMC,20120726,3.15,3.15,3.03,3.03,900
TXN,20120726,27.12,27.74,26.83,27.05,8031200
TXRH,20120726,17.3,17.52,17.08,17.42,449400
TYPE,20120726,13.1,13.34,12.78,13.25,268600
TZOO,20120726,20.49,20.98,20.01,20.84,382000
UBCP,20120726,9.18,9.18,9.18,9.18,700
UBFO,20120726,2.45,2.48,2.45,2.48,1200
UBNK,20120726,14.66,14.66,14.41,14.53,15200
UBNT,20120726,12.99,13.15,9.37,10.88,2565400
UBOH,20120726,9,9.23,9,9.23,1900
UBSH,20120726,15.42,15.48,15.16,15.22,25000
UBSI,20120726,24.16,24.27,23.48,23.53,339500
UCBA,20120726,6.2,6.2,6.2,6.2,0
UCBI,20120726,7.38,7.39,6.38,6.44,1504300
UCFC,20120726,2.7,2.7,2.61,2.61,18200
UCTT,20120726,6.16,6.16,6.02,6.06,82500
UEIC,20120726,13.03,13.49,12.75,12.93,86000
UEPS,20120726,8.19,8.19,7.84,8.17,25500
UFCS,20120726,20.19,20.2,19.89,19.96,28300
UFPI,20120726,32.35,33.91,32.26,33.56,139800
UFPT,20120726,17.05,17.05,16.88,16.97,4200
UG,20120726,17.96,17.96,17.5,17.95,1100
UHAL,20120726,90.15,91.66,87.26,91.02,14000
ULBI,20120726,3.57,3.93,3.41,3.7,39400
ULTA,20120726,85,87.26,85,86.37,889300
ULTI,20120726,92.07,92.63,90.33,91.79,137500
UMBF,20120726,49.51,49.75,49.06,49.22,319400
UMPQ,20120726,12.75,12.75,12.54,12.56,375300
UNAM,20120726,10.4,10.4,10.35,10.35,200
UNB,20120726,19.96,20.15,19.96,20.15,400
UNFI,20120726,52.6,54.08,52.56,53.49,322500
UNIS,20120726,32,32.2,31.5,31.8,268500
UNTY,20120726,5.94,5.98,5.8,5.98,6100
UNXL,20120726,6.1,6.28,6.1,6.2,25800
URBN,20120726,30.74,31.23,30.17,30.5,1682600
URRE,20120726,62.4,64.8,61.2,64.8,1046400
USAK,20120726,4.31,4.44,4.22,4.32,2500
USAP,20120726,32.49,32.65,31.49,32.27,68600
USAT,20120726,1.48,1.49,1.45,1.48,166100
USATP,20120726,16.72,16.72,16.72,16.72,0
USCR,20120726,5.89,5.95,5.6,5.87,1900
USEG,20120726,13.8,14.1,13.56,13.98,68800
USLM,20120726,49.25,50.55,48.56,48.7,2200
UTEK,20120726,31.35,31.4,30.91,30.97,145500
UTHR,20120726,51.12,52.98,50.03,52.68,1130900
UTMD,20120726,34,34.17,33.85,34,9100
UTSI,20120726,3.18,3.21,3.12,3.21,127300
UVSP,20120726,16.42,16.42,16.13,16.23,12000
VALU,20120726,12.39,12.55,12.39,12.54,1300
VASC,20120726,13.07,13.28,13.01,13.24,190600
VBFC,20120726,20.16,20.16,19.2,19.2,3000
VCIT,20120726,86.96,87.04,86.87,86.97,207300
VCLT,20120726,94.48,94.76,94.19,94.4,117700
VCSH,20120726,79.67,79.7,79.65,79.7,174400
VDSI,20120726,8.74,9.5,8.65,9.19,799100
VECO,20120726,31.97,35.01,31.97,33.74,1773400
VGIT,20120726,66.84,66.92,66.77,66.78,14000
VGLT,20120726,80.87,80.96,80.6,80.6,12100
VGSH,20120726,60.99,61.03,60.99,61,16200
VIA,20120726,48.25,48.9,48.06,48.67,9500
VIAB,20120726,46,46.41,45.82,46.04,3447700
VICL,20120726,33.6,34.1,33.3,33.9,331300
VICR,20120726,6.27,6.53,6.23,6.43,51200
VIRC,20120726,1.52,1.55,1.45,1.47,9300
VISN,20120726,6.4,6.4,3,5,3216000
VIVO,20120726,18,18,16.31,16.81,443700
VLGEA,20120726,34.01,34.58,33.83,34.07,23300
VMBS,20120726,52.7,52.75,52.64,52.68,16600
VNDA,20120726,4.24,4.27,4.14,4.15,45600
VNET,20120726,10.15,10.18,9.91,10,211700
VNQI,20120726,48.75,48.9,48.51,48.79,23400
VOD,20120726,28.35,28.39,28.18,28.35,6123000
VONE,20120726,61.89,62.04,61.77,61.97,4500
VONG,20120726,64.39,64.8,64.39,64.79,5300
VONV,20120726,59.17,59.48,59.06,59.44,3000
VOXX,20120726,7.63,7.75,7.32,7.56,99700
VRA,20120726,20.18,20.92,20.06,20.79,188200
VRML,20120726,1.99,2.01,1.86,1.87,59300
VRNT,20120726,28.67,28.7,28.06,28.13,56500
VRSK,20120726,49.3,50.05,49.3,49.92,931300
VRSN,20120726,42.15,43.07,42.01,42.63,3847000
VRTB,20120726,4.64,4.64,4.64,4.64,400
VRTS,20120726,79.59,81.74,79.05,79.21,8700
VRTU,20120726,11.77,12.85,11.77,12.73,61500
VRTX,20120726,49.61,49.94,48.62,49.08,1108700
VSAT,20120726,39.65,39.94,39.16,39.31,146300
VSEC,20120726,11.015,11.185,10.92,11.05,15100
VSTM,20120726,9.6,9.9,9.54,9.86,1600
VTHR,20120726,60.9,60.9,60.9,60.9,0
VTWG,20120726,64.5,64.6,63.99,64.06,3700
VTWO,20120726,62.29,62.29,61.58,61.92,2000
VTWV,20120726,59.43,59.43,59.02,59.02,2300
VVUS,20120726,22.34,23.49,22.25,23.04,4920900
VXUS,20120726,41.55,41.82,41.52,41.74,260800
WABC,20120726,45.63,45.81,45.35,45.54,76400
WAFD,20120726,15.86,15.9,15.57,15.83,419100
WAFDW,20120726,3.75,3.75,3.75,3.75,0
WASH,20120726,25.02,25.02,24.5,24.61,22600
WAYN,20120726,8.31,8.31,8.31,8.31,0
WBKC,20120726,16.5,16.56,16.5,16.5,4900
WBMD,20120726,15.05,15.52,14.85,15.48,871300
WDC,20120726,38.09,40.88,38,39.27,20813400
WDFC,20120726,47.56,47.72,47.24,47.64,31000
WEBK,20120726,14.95,15,14.75,14.75,3000
WEN,20120726,4.46,4.49,4.43,4.48,2308500
WERN,20120726,22.69,22.82,22.28,22.42,388900
WETF,20120726,6.38,6.49,6.3,6.44,334500
WEYS,20120726,24.03,24.16,23.57,23.85,2600
WFM,20120726,46.79,47.25,45.415,47.05,6374200
WIFI,20120726,8.87,9.06,8.68,8.75,109200
WILC,20120726,4.11,4.15,4.1,4.15,400
WILN,20120726,4.85,4.97,4.85,4.95,19500
WIN,20120726,9.47,9.58,9.38,9.53,7040800
WINA,20120726,53.05,55,52.23,54.39,5800
WIRE,20120726,26.02,27.76,25.85,27.23,187000
WLB,20120726,8.06,8.06,7.5,7.59,41000
WLDN,20120726,1.48,1.48,1.46,1.46,400
WLFC,20120726,12.77,12.77,12.57,12.61,2700
WMAR,20120726,11.3,11.47,10.75,10.81,28100
WMGI,20120726,18.86,19.03,18.4,18.5,248100
WOOD,20120726,37.22,37.48,37.22,37.48,8200
WOOF,20120726,20.52,20.56,19.51,19.51,1286000
WPCS,20120726,115.5,124.74,113.96,113.96,80600
WPPGY,20120726,64.47,64.87,63.87,64.22,49100
WPRT,20120726,39.29,40.3,39.08,40.16,1606900
WRLD,20120726,71.45,76.52,66.01,70.99,260000
WSBC,20120726,21.05,21.05,20.31,20.59,77100
WSBF,20120726,3.55,3.75,3.55,3.73,37600
WSCI,20120726,6.25,6.28,6.22,6.22,3100
WSFS,20120726,13.9667,13.9667,13.3367,13.43,19600
WSTG,20120726,12.57,12.65,12.11,12.54,6900
WSTL,20120726,2.2,2.22,2.18,2.2,63000
WTBA,20120726,9.63,9.74,9.46,9.74,6700
WTFC,20120726,36.91,37.09,36.52,36.84,133300
WTFCW,20120726,18.52,18.52,18.52,18.52,0
WVFC,20120726,8.01,8.01,8.01,8.01,1100
WVVI,20120726,3.48,3.48,3.48,3.48,0
WWD,20120726,33.91,34.42,33.37,33.63,208900
WYNN,20120726,93.27,93.43,90.11,93.1,3255700
XBKS,20120726,4.07,4.07,4,4,2000
XLNX,20120726,31.9,32.4,31.9,32.24,4450600
XOMA,20120726,70,72.6,68.6,72.4,462300
XRAY,20120726,36.33,36.45,35.89,35.97,1562600
XXIA,20120726,13,13.05,12.45,12.97,292200
YHOO,20120726,15.69,15.88,15.62,15.8,11033600
YNDX,20120726,19.5,19.5,18.93,19,1159500
YOD,20120726,4.48,4.62,4.48,4.62,300
YORW,20120726,18.02,18.02,17.85,17.87,10100
YRCW,20120726,5.62,5.62,5.19,5.28,282400
Z,20120726,41.69,42.28,39.4,39.69,685100
ZAGG,20120726,10.75,10.83,10.53,10.59,426600
ZBRA,20120726,35.34,35.56,34.94,35.26,196300
ZEUS,20120726,15.49,15.73,14.77,15.13,80300
ZGNX,20120726,16.72,16.96,16.32,16.48,240900
ZION,20120726,18.21,18.32,17.9,18.08,3786100
ZIONW,20120726,2.41,2.54,2.4,2.4,98300
ZIOP,20120726,5.69,5.72,5.59,5.7,199300
ZIXI,20120726,2.53,2.53,2.4,2.49,264200
ZLTQ,20120726,4.52,4.62,4.34,4.59,55200
ZN,20120726,1.79,1.79,1.72,1.77,56500
ZNGA,20120726,3.06,3.22,2.97,3.17,99770700
ZUMZ,20120726,36.19,36.82,35.96,36.71,291600
