<ticker>,<date>,<open>,<high>,<low>,<close>,<vol>
AAME,20070412,4.01,4.23,3.96,4.08,6100
AAON,20070412,4.9606,5.0377,4.8993,5.0377,21100
AAPL,20070412,13.1486,13.1871,12.96,13.17,23711900
AAWW,20070412,56,57.19,55.46,56.77,229200
ABAX,20070412,25.43,26.3,25.27,26.07,482200
ABCB,20070412,24.27,24.89,24.18,24.81,24600
ABCO,20070412,25.29,25.69,25.29,25.69,64900
ABMD,20070412,13.19,13.5,13.19,13.38,151500
ABTL,20070412,16.7,17.05,16.25,16.8,108600
ACAD,20070412,15.53,15.8,15.21,15.63,456200
ACAS,20070412,45.49,45.57,45.02,45.49,1110800
ACAT,20070412,18.45,18.83,18.41,18.79,59800
ACET,20070412,8,8.2,8,8.11,18400
ACFC,20070412,19.59,19.76,19.59,19.76,4200
ACGL,20070412,23.1133,23.19,23.0833,23.19,204200
ACHN,20070412,5.9,6.2,5.8,6.13,78500
ACLS,20070412,29.2,29.88,29.12,29.72,1078000
ACOR,20070412,21.17,24.25,20.95,23.74,964800
ACPW,20070412,9.5,9.55,9.3,9.45,65200
ACTG,20070412,15.88,15.99,15.3,15.99,152800
ACTS,20070412,7.13,7.19,7.03,7.05,222500
ACXM,20070412,21.11,21.32,20.92,21.32,609700
ADBE,20070412,42.11,42.49,41.86,42.4,3639300
ADES,20070412,8.85,8.85,8.26,8.33,17200
ADI,20070412,35.96,36.25,35.72,36.24,2660200
ADP,20070412,39.0606,39.517,38.7532,39.4644,3395000
ADRA,20070412,33.34,33.81,33.25,33.81,31900
ADRD,20070412,30.55,30.79,30.5,30.79,20500
ADRE,20070412,40.84,41.37,40.56,41.37,174300
ADRU,20070412,31.05,31.37,31,31.31,3100
ADSK,20070412,39.49,39.7,39.11,39.64,1279200
ADTN,20070412,24.72,24.76,24.39,24.62,819500
AEHR,20070412,5.85,5.9,5.85,5.86,3000
AEIS,20070412,22.2,23.39,22.11,23.27,731900
AEPI,20070412,42.42,43.23,42.12,42.62,31100
AEZS,20070412,2430,2430,2340,2388,35000
AFAM,20070412,22.46,23.18,22,22.5,57400
AFSI,20070412,5.355,5.405,5.255,5.385,83400
AGEN,20070412,3.15,3.6,3.15,3.4,1229200
AGII,20070412,33.99,34.15,33.68,33.99,202700
AGYS,20070412,21.1,21.38,20.6,21.21,419800
AHGP,20070412,24.45,25.2,24.45,24.88,90000
AHPI,20070412,6.18,6.2,6.14,6.2,1100
AIMC,20070412,13.93,14.17,13.9,14,112400
AINV,20070412,21.56,21.62,21.03,21.4,1122700
AIRM,20070412,8.63,8.7167,8.6267,8.6767,64000
AIRT,20070412,8.1,8.1,8.07,8.1,9100
AIXG,20070412,8.3,8.34,8.22,8.3,109500
AKAM,20070412,52.36,53.57,52.17,53.29,2842200
AKRX,20070412,6.6,7.17,6.6,7.15,594100
ALCO,20070412,58.43,59.13,58.04,58.97,15200
ALGN,20070412,16.75,16.92,16.58,16.69,562900
ALGT,20070412,32.6,32.6,32,32.53,73300
ALKS,20070412,15.38,15.66,15.15,15.41,1244900
ALLT,20070412,7.1,7.39,7.1,7.29,57400
ALNY,20070412,18.58,19.28,18.42,19.24,319600
ALOG,20070412,62.49,63.73,62.4,63.57,100300
ALOT,20070412,11.4,11.5,11.39,11.5,10500
ALSK,20070412,14.93,14.99,14.78,14.94,107000
ALXN,20070412,21.95,22.295,21.775,22.28,879600
AMAG,20070412,72.76,72.95,70,71.34,1832400
AMAT,20070412,19.17,19.55,19.13,19.35,31534300
AMCC,20070412,3.53,3.55,3.49,3.5,5396300
AMD,20070412,13.25,13.69,13.24,13.66,30977600
AMED,20070412,33.24,33.39,32.82,33.1,333700
AMGN,20070412,56.49,57.79,56.49,57.64,17439600
AMKR,20070412,13.94,14.05,13.73,13.94,4771400
AMNB,20070412,22.25,22.26,22.25,22.26,400
AMOT,20070412,6.35,6.4,6.17,6.36,7000
AMOV,20070412,24.875,25.125,24.5,25.1,3300
AMPH,20070412,17,17.21,16.99,17,42100
AMRB,20070412,24.15,24.15,24.15,24.15,1000
AMRI,20070412,9.93,9.99,9.71,9.99,73200
AMRN,20070412,3.19,3.29,2.93,2.96,837500
AMSC,20070412,140,145.2,140,144.7,397800
AMSF,20070412,18.17,18.3,18.07,18.22,171700
AMSG,20070412,24.52,24.67,24.24,24.58,149600
AMSWA,20070412,8.47,8.71,8.45,8.49,111500
AMTD,20070412,16.12,16.28,16.04,16.19,5028700
AMWD,20070412,35.11,35.43,35.01,35.1,170300
AMZN,20070412,41.73,42.37,41.4,42.27,4756000
ANAT,20070412,130.03,130.04,129.54,129.54,1200
ANCX,20070412,9.48,9.5,9.47,9.5,3900
ANDE,20070412,28.06,28.2333,27.7067,28.1933,259600
ANGO,20070412,16.6,16.76,16.22,16.76,621000
ANIK,20070412,13.14,13.2,13.04,13.12,17600
ANSS,20070412,25.115,25.45,25.105,25.44,150600
APOG,20070412,22.88,24.45,22.27,23.55,1882200
APOL,20070412,43.15,43.55,42.8,43.51,876900
ARAY,20070412,24.05,24.05,23.28,23.78,384300
ARCC,20070412,18.01,18.57,18.01,18.28,1422600
ARCI,20070412,2.3,2.4,2.21,2.23,5100
ARCW,20070412,2.028,2.2,2.028,2.028,300
ARIA,20070412,4.26,4.39,4.26,4.35,576500
ARII,20070412,30.5,31.3,30.17,31.13,193900
ARKR,20070412,34.29,34.51,34.1,34.51,6400
ARLP,20070412,19.15,19.815,19.055,19.75,87800
ARNA,20070412,10.97,11.45,10.9,11.36,833300
AROW,20070412,21.62,21.91,21.56,21.76,6600
ARQL,20070412,8.69,8.74,8.5,8.53,825600
ARRS,20070412,14.62,14.95,14.51,14.82,2180900
ARRY,20070412,12.77,13.52,12.77,13.48,234800
ARTNA,20070412,19.87,20.15,19.87,20.15,1900
ARTW,20070412,7.49,7.51,7.48,7.5,600
ARTX,20070412,2.49,2.59,2.31,2.35,365100
ARWR,20070412,5,5.5,4.99,5.25,287300
ASFI,20070412,43.08,43.39,42.23,42.43,246700
ASML,20070412,25.28,25.95,25.17,25.9,3860900
ASRV,20070412,4.62,4.63,4.51,4.58,7000
ASRVP,20070412,25.11,25.11,25.11,25.11,0
ASTE,20070412,40.95,42.22,40.46,41.79,424900
ASYS,20070412,8.55,8.57,8.43,8.43,14000
ATEC,20070412,46.08,47.64,45.84,47.28,34600
ATLO,20070412,21.93,21.95,21.93,21.95,900
ATNI,20070412,25.49,26.24,25.41,25.79,91100
ATRC,20070412,9.96,10.11,9.89,10.11,6700
ATRI,20070412,90.7,92.45,90.7,91.54,700
ATRO,20070412,13.75,13.7833,13.5917,13.5917,21100
ATTU,20070412,1.13,1.16,1.13,1.16,1600
ATVI,20070412,9.78,10.015,9.78,9.965,6509600
AUBN,20070412,27.85,27.9,27.75,27.75,1100
AUDC,20070412,6.67,6.84,6.64,6.74,193400
AVAV,20070412,22.37,22.89,22.37,22.5,66400
AVID,20070412,35.15,35.9,35.02,35.81,592700
AWRE,20070412,6.17,6.17,6.15,6.15,9900
AXTI,20070412,4.22,4.32,4.18,4.23,1620700
AZPN,20070412,13.6,14.04,13.6,14.02,1148100
BABY,20070412,16.82,17.09,16.76,17,153100
BANF,20070412,43.92,45.01,43.88,45.01,15200
BANFP,20070412,25.23,25.23,25.23,25.23,0
BANR,20070412,277.83,280,276.57,277.2,67700
BASI,20070412,7.12,7.25,7.02,7.19,5400
BBBY,20070412,39.3,40.37,39.25,40,5521300
BBGI,20070412,8.67,9.13,8.67,9.13,22200
BBOX,20070412,38.2,38.92,37.84,38.64,118000
BBRY,20070412,134.97,135.86,132.39,134.1,18885700
BBSI,20070412,24.01,24.4,23.91,24.36,12700
BCBP,20070412,17.25,17.25,17.25,17.25,0
BCPC,20070412,11.72,11.9867,11.5,11.8333,48600
BCRX,20070412,9.17,9.47,9.17,9.44,329500
BDSI,20070412,6.01,6.03,5.77,5.95,78100
BEAV,20070412,32.67,32.81,32.38,32.77,1099200
BEBE,20070412,17.3,18.53,17.25,17.79,2635300
BECN,20070412,16.45,16.54,16.31,16.51,410200
BELFA,20070412,38.7,39.01,38.7,39,2100
BELFB,20070412,38.7,39.24,38.64,39.24,39900
BFIN,20070412,15.9,16.45,15.9,16.45,60500
BGFV,20070412,25.83,26.5,25.58,26.5,113400
BIDU,20070412,9.809,9.845,9.617,9.773,1003300
BIIB,20070412,43.64,45.08,43.54,45.07,3520700
BIOS,20070412,3.15,3.15,3.07,3.07,95700
BJRI,20070412,20.25,20.51,20.06,20.09,167500
BKMU,20070412,10.97,11.09,10.95,11.08,304500
BKSC,20070412,16,16,16,16,100
BLDP,20070412,5.6,5.66,5.54,5.64,251300
BLDR,20070412,16.62,17.11,16.51,17.1,77700
BLKB,20070412,22.84,23.05,22.75,22.91,490300
BLUE,20070412,1.54,1.59,1.54,1.56,11300
BMRC,20070412,35.82,35.91,35.73,35.91,1000
BMRN,20070412,17.52,17.66,17.33,17.59,746100
BMTC,20070412,23.61,23.7,23.61,23.62,7400
BNCN,20070412,18.97,18.97,18.97,18.97,100
BNSO,20070412,4.01,4.08,4.01,4.02,1800
BOBE,20070412,37.09,37.41,36.5,37.41,225700
BOCH,20070412,12,12,12,12,0
BOFI,20070412,1.75,1.765,1.75,1.75,4700
BOKF,20070412,49.39,49.86,49.14,49.46,98100
BONT,20070412,51.98,52.89,51.33,52.38,288300
BOOM,20070412,32.24,33.47,32.19,33.44,226500
BOSC,20070412,10.2,11.8,10.2,11.6,88000
BPFH,20070412,26.98,27.22,26.63,27.12,224000
BPOP,20070412,159.7,160,157.5,158.2,1562900
BPOPM,20070412,24.99,25,24.99,25,5400
BPOPN,20070412,25.35,25.35,25.35,25.35,400
BRCD,20070412,10.1,10.24,10.01,10.09,11600500
BRID,20070412,7.26,7.26,7.26,7.26,0
BRKL,20070412,12.26,12.48,12.17,12.48,363300
BRKR,20070412,10.67,10.99,10.53,10.92,359000
BRKS,20070412,17.47,17.67,17.44,17.54,763100
BSET,20070412,14.33,14.56,14.33,14.56,18200
BSQR,20070412,4.8,5.05,4.79,5.05,139200
BSRR,20070412,27.3,27.3,27.01,27.11,4300
BUSE,20070412,20.32,20.49,20.28,20.49,12700
BWINA,20070412,25.84,25.84,25.84,25.84,0
BWINB,20070412,24.96,25.12,24.85,25.12,6000
BWLD,20070412,31.175,32.035,31.095,31.865,235500
BYFC,20070412,10.9,10.9,10.9,10.9,0
CA,20070412,25.4098,25.8106,25.3218,25.7715,1297300
CAAS,20070412,7.89,8.15,7.8,7.85,91400
CACB,20070412,24.36,24.5,23.29,23.58,319400
CACC,20070412,27.11,27.29,26.95,27.2,31600
CAKE,20070412,25.75,25.92,25.32,25.74,1701200
CALD,20070412,7.35,7.5,7.2,7.42,70200
CALL,20070412,1.525,1.555,1.52,1.55,36200
CALM,20070412,6.255,6.59,6.055,6.53,215500
CAMP,20070412,8.85,9,8.84,8.99,37200
CAMT,20070412,3.69,3.77,3.66,3.71,37300
CART,20070412,16.065,16.065,16.065,16.065,0
CASH,20070412,33.5,33.96,33,33.34,3900
CASM,20070412,6.92,7,6.92,6.99,2600
CASS,20070412,34.64,35.73,34.64,35.73,5000
CASY,20070412,25.58,26.05,25.27,26.01,275400
CATY,20070412,32.89,33.14,32.57,33.12,162000
CBAK,20070412,15.4,16,14.95,15.6,648900
CBAN,20070412,20.96,21,20.96,20.96,300
CBLI,20070412,187.2,194.6,186.6,189,79900
CBMX,20070412,82.5,85.5,75,78,632400
CBRL,20070412,45.13,45.39,44.71,45.37,1145600
CBSH,20070412,47.92,48.06,47.18,47.63,347800
CCBG,20070412,31.03,31.54,31.03,31.54,12500
CCMP,20070412,33.87,34.55,33.85,34.54,127800
CCNE,20070412,13.96,13.97,13.82,13.82,600
CCOI,20070412,24.14,26.38,23.71,26.01,1909100
CCRN,20070412,19.26,19.61,19.1,19.52,196800
CCUR,20070412,1.46,1.49,1.43,1.48,195200
CDNS,20070412,22.13,22.83,21.96,22.68,8134000
CDZI,20070412,25.6,25.88,25.5,25.78,6400
CECE,20070412,12.97,14.14,12.61,13.94,364000
CECO,20070412,29.84,30.14,29.28,29.99,1002600
CELG,20070412,28.745,29.2,28.685,29,2964100
CENT,20070412,14.99,14.99,14.74,14.95,236200
CENTA,20070412,14.86,14.96,14.65,14.92,142400
CENX,20070412,49.06,49.27,48.26,48.98,399300
CERN,20070412,13.65,13.9325,13.61,13.8525,966800
CERS,20070412,7.16,7.54,7.13,7.46,344300
CETV,20070412,90.46,90.47,88.99,90.14,178900
CEVA,20070412,7.51,7.55,7.43,7.43,17200
CFBK,20070412,33.7,33.75,33.35,33.35,4900
CFFI,20070412,44.74,44.74,44.74,44.74,0
CFFN,20070412,37.56,37.6,37.3,37.47,42700
CFNB,20070412,12.78,13.09,12.63,12.63,2100
CFNL,20070412,9.81,9.84,9.68,9.75,87500
CGEN,20070412,2.73,2.78,2.61,2.78,71200
CGNX,20070412,10.925,11.13,10.895,11.105,148300
CHCI,20070412,3.78,3.81,3.71,3.8,101400
CHCO,20070412,38.78,39.76,38.76,39.76,36900
CHDN,20070412,44.07,44.5,43.66,44.44,45100
CHFC,20070412,29.48,29.98,29.38,29.94,55100
CHFN,20070412,34.8151,34.8151,34.348,34.348,7800
CHKE,20070412,44.02,44.58,43.76,44.58,30200
CHKP,20070412,22.41,22.5,22.09,22.46,1308200
CHNR,20070412,7.42,7.76,7.4,7.52,18200
CHRS,20070412,12.56,12.74,12.39,12.55,1246000
CHRW,20070412,47.87,49.12,47.39,49.1,1204800
CHSCP,20070412,25.96,25.97,25.75,25.76,3800
CHTR,20070412,2.96,3.21,2.91,3.19,14133200
CINF,20070412,42.62,42.84,42.34,42.69,292600
CIZN,20070412,20.1,20.11,20.1,20.11,300
CKEC,20070412,25,25.89,24.89,25.51,475100
CLBH,20070412,15.8,15.8,15.8,15.8,100
CLCT,20070412,14.06,14.06,14.04,14.04,200
CLMS,20070412,23.04,23.42,22.79,23.3,195700
CLMT,20070412,50.89,52.37,50.64,52.25,45400
CLRO,20070412,6.05,6.05,6.05,6.05,100
CLUB,20070412,23.33,23.35,22.75,23.26,248200
CLWT,20070412,15.73,17.215,15.675,16.115,197500
CMCO,20070412,22.08,23.8,22.06,23.59,220200
CMCSA,20070412,27.6,27.92,27.19,27.87,14197000
CMLS,20070412,78.48,81.92,78.16,80.96,442600
CMTL,20070412,38.85,39.36,38.39,39.19,215300
CNBKA,20070412,26.45,26.45,26.45,26.45,600
CNET,20070412,8.36,8.58,8.32,8.54,2314500
CNMD,20070412,30.58,30.93,30.26,30.85,222800
CNOB,20070412,15.69,16.19,15.55,15.99,22200
CNSL,20070412,20.55,21.09,20.52,21.05,81600
CNTF,20070412,41.1,42.6,40.9,42,105200
CNTY,20070412,8.22,8.32,8.14,8.22,130000
COBZ,20070412,19.28,19.46,19.19,19.41,18000
COGT,20070412,13.1,13.31,13.05,13.28,333400
COHR,20070412,31.37,31.74,31.29,31.7,131800
COHU,20070412,18.77,19.05,18.51,19.02,66200
COKE,20070412,56.33,56.71,56.1,56.66,22900
COLB,20070412,32.61,33.15,32.61,33.15,19500
COLM,20070412,31.83,32.52,31.685,32.475,294200
CONN,20070412,25.61,27.08,25.61,25.98,218900
COOL,20070412,61.74,65.94,60.48,65.52,184100
CORE,20070412,8.9225,9.25,8.9225,9.2425,49800
CORI,20070412,4.99,5,4.95,4.99,265100
CORT,20070412,1.48,1.57,1.45,1.46,126000
COST,20070412,54.68,55.04,53.75,54.68,3707700
COWN,20070412,16.42,16.65,16.3,16.65,54900
CPLA,20070412,33.04,33.04,31.42,31.63,46800
CPLP,20070412,26.44,26.55,26.17,26.27,84000
CPRT,20070412,13.765,14,13.765,13.91,455600
CPRX,20070412,3.75,3.85,3.48,3.48,76300
CPSI,20070412,30.81,30.83,30.41,30.57,42300
CPSS,20070412,6.24,6.31,6.24,6.29,27700
CPST,20070412,25,25.6,23.8,24.2,5445100
CRAI,20070412,50.04,51.21,50,51.17,147100
CRAY,20070412,13.62,13.76,13.24,13.49,353400
CREE,20070412,17.41,17.9,17.3,17.65,1734400
CRESY,20070412,22,22.3,21.99,22.22,47000
CRIS,20070412,1.69,1.71,1.65,1.68,138600
CRME,20070412,50.75,51.1,49.7,51.1,112700
CRMT,20070412,12.76,12.85,12.62,12.82,32900
CRNT,20070412,5.98,6.01,5.9,5.94,68600
CROX,20070412,26.305,26.85,25.87,26.69,1439800
CRUS,20070412,7.55,7.65,7.51,7.65,600700
CRVL,20070412,14.66,14.765,14.33,14.62,145000
CRWS,20070412,4.68,4.68,4.45,4.59,11800
CRZO,20070412,36.28,37.24,36.23,36.9,474500
CSBK,20070412,11.96,12.04,11.95,12.04,22500
CSCO,20070412,25.82,26.07,25.63,25.97,28079900
CSFL,20070412,19.2,19.22,19.12,19.12,15900
CSGP,20070412,46.74,47.59,46.4,47.58,56100
CSGS,20070412,24.68,24.89,24.45,24.89,756400
CSIQ,20070412,10.1,10.55,9.9,10.37,250800
CSPI,20070412,9.39,9.68,9.28,9.6,7800
CSTR,20070412,30.79,31.1,30.38,31.06,138600
CSWC,20070412,38.27,38.82,38.27,38.45,3800
CSX,20070412,13.9467,14.6667,13.8067,14.38,11937300
CTAS,20070412,37.12,37.38,36.98,37.31,1314500
CTBI,20070412,35.95,36.33,35.75,36.32,20200
CTHR,20070412,6.91,6.91,6.76,6.88,28100
CTIB,20070412,5.95,6,5.46,5.56,150600
CTIC,20070412,33.4,33.4,29.6,29.6,4592600
CTRN,20070412,43.48,45.15,43.48,44.15,149800
CTRP,20070412,8.6738,8.7063,8.5325,8.6025,252800
CTSH,20070412,20.75,21.585,20.7,21.375,2737200
CTWS,20070412,24.12,24.3,24.12,24.25,8500
CTXS,20070412,33.04,33.36,32.96,33.32,2217800
CUBA,20070412,10.23,11.25,10.11,10.81,10800
CUTR,20070412,24.98,25.39,24.76,24.96,544100
CVBF,20070412,11.82,11.99,11.73,11.99,336400
CVCO,20070412,36,36.51,35.98,36.51,13200
CVCY,20070412,14.57,14.57,14.57,14.57,1400
CVGI,20070412,19.67,20.14,19.47,19.99,67900
CVGW,20070412,11.41,11.75,11.37,11.6,5400
CVLT,20070412,16.89,17.01,16.79,16.9,298700
CVLY,20070412,19.3,19.3,19.3,19.3,0
CVTI,20070412,11.05,11.27,11.05,11.22,14400
CWBC,20070412,15.73,15.73,15.7,15.71,1000
CWCO,20070412,24.38,24.59,24.26,24.44,40300
CWST,20070412,9.37,9.49,9.21,9.49,94500
CYAN,20070412,1.64,1.64,1.58,1.64,4200
CYBE,20070412,14.01,14.3,14.01,14.17,14100
CYCC,20070412,632.52,641.76,614.04,629.16,31000
CYCCP,20070412,7.1,7.1,7.1,7.1,3000
CYNO,20070412,27.99,28.8,27.66,28.69,151200
CYTK,20070412,40.56,41.22,40.2,40.92,236400
CYTR,20070412,35.21,35.35,33.6,33.81,1542000
CYTX,20070412,90.75,91.5,89.7,90,152700
CZFC,20070412,13.51,14,13.5,14,2100
CZNC,20070412,20.65,20.65,20.6,20.6,500
CZWI,20070412,9.44,9.49,9.4,9.45,3900
DAIO,20070412,3.47,3.58,3.4,3.44,17600
DAKT,20070412,23.1,23.5,22.87,23.49,875100
DAVE,20070412,17.7,17.78,17.55,17.59,24900
DCOM,20070412,12.64,12.72,12.52,12.67,73500
DCTH,20070412,69.44,70.72,67.68,69.6,68200
DELT,20070412,7.17,7.17,7.17,7.17,400
DENN,20070412,4.59,4.7,4.51,4.69,730300
DEPO,20070412,3.87,4.16,3.78,4,626300
DGAS,20070412,12.375,12.55,12.365,12.55,900
DGICA,20070412,17.07,17.44,17.05,17.19,24600
DGICB,20070412,17.13,17.13,17.13,17.13,100
DGII,20070412,12.94,13.23,12.9,13.22,64200
DHIL,20070412,97.73,98.13,97.72,98,2900
DIOD,20070412,23.832,23.905,23.338,23.865,502500
DISCA,20070412,20.6,21.07,20.45,20.75,2703300
DISCB,20070412,20.58,21.05,20.58,20.75,6800
DISH,20070412,45.84,46.26,45.42,46.23,1376800
DJCO,20070412,40,40.05,39.5,40.05,800
DLTR,20070412,12.7767,13.1034,12.7134,13.0867,1453600
DMLP,20070412,23.02,23.6,23,23.59,18900
DMRC,20070412,10.9,10.96,10.56,10.75,40500
DORM,20070412,5.825,5.875,5.825,5.875,2700
DRAD,20070412,4.63,4.64,4.58,4.62,2500
DRAM,20070412,73.26,73.26,72.72,72.9,6100
DRRX,20070412,4.46,4.7,4.42,4.68,251300
DRYS,20070412,37410,38025,37125,38025,537900
DSGX,20070412,4.42,4.42,4.38,4.41,10900
DSPG,20070412,19.27,19.65,19.2,19.58,236400
DSWL,20070412,11.63,11.93,11.63,11.7,4600
DTLK,20070412,8.31,8.34,8.11,8.2,31600
DTSI,20070412,23.38,24.63,23.38,24.62,101900
DVAX,20070412,52.1,52.5,51.4,52.1,82600
DWCH,20070412,3.35,3.71,3.31,3.4,4300
DWSN,20070412,49.92,50.93,49.8,50.86,131900
DXCM,20070412,8.31,8.59,8.31,8.41,196000
DXPE,20070412,39.55,41.43,38.97,40.58,158400
DXYN,20070412,12.04,12.1,11.94,12.09,4800
DYNT,20070412,5.55,5.65,5.45,5.6,6400
EAGL,20070412,39.48,39.85,39.26,39.82,242900
EBAY,20070412,14.1684,14.3453,14.1347,14.3368,11733300
EBIX,20070412,3.2667,3.3211,3.2667,3.3211,1300
EBTC,20070412,16.08,16.08,16.08,16.08,100
ECHO,20070412,12.23,12.56,12.23,12.56,147500
ECOL,20070412,18.81,19.29,18.81,19.29,106500
ECPG,20070412,9.54,9.61,9.5,9.58,86000
EDAP,20070412,7.48,7.49,7.25,7.25,16600
EDGW,20070412,8.99,9.1,8.87,9.04,51300
EDUC,20070412,7.93,7.93,7.84,7.85,1600
EEFT,20070412,26.64,26.76,26.42,26.65,259800
EFII,20070412,24.71,25.02,24.54,24.99,180600
EFSC,20070412,27.65,27.96,27.58,27.96,13700
EFUT,20070412,21.02,21.02,20.1,20.52,61200
EGBN,20070412,16.87,16.88,16.35,16.88,1000
EGHT,20070412,1.47,1.48,1.41,1.43,671500
EGLE,20070412,29102.4,29721.6,28800,29505.6,296300
EGLT,20070412,16.05,17.05,16.05,17.01,179300
EGOV,20070412,5.3,5.41,5.3,5.39,282000
EHTH,20070412,22,22.06,21.69,21.86,263000
ELGX,20070412,3.97,4,3.85,3.87,52000
ELNK,20070412,7.25,7.39,7.23,7.34,1787200
ELON,20070412,116.4,126.9,116.4,126.4,307500
ELOS,20070412,25.9,26.63,25.85,26.35,198200
ELSE,20070412,5.21,5.43,5.1,5.24,7500
ELTK,20070412,4.22,4.22,4.16,4.16,3700
EMCI,20070412,16.8533,16.88,16.64,16.6733,23800
EMITF,20070412,2698.2,2732.4,2691,2732.4,3000
EMKR,20070412,18.2,19.76,18.12,19.76,762900
EMMS,20070412,36.08,37.92,35.64,37.8,324200
ENDP,20070412,30.24,31,30.24,30.99,517400
ENTG,20070412,11.2,11.27,11.13,11.24,1329700
EPAY,20070412,10.45,10.62,10.4,10.62,70000
EPIX,20070412,6.29,6.5,6.29,6.34,114000
EQIX,20070412,88.27,88.82,86.91,88.75,440400
ERIC,20070412,37.8,38.18,37.65,38.15,1408200
ERIE,20070412,52.45,52.63,52.01,52.42,31900
ESBK,20070412,26.25,26.25,26.15,26.15,1000
ESCA,20070412,9.17,9.35,9.16,9.34,2100
ESEA,20070412,10.53,10.88,10.48,10.84,75900
ESGR,20070412,100.66,100.69,99.24,100,3200
ESIO,20070412,20.72,21.2,20.68,21.09,506000
ESLT,20070412,37.54,38.46,37.54,38.07,13000
ESMC,20070412,3.84,3.87,3.8,3.86,9800
ESRX,20070412,21.45,21.825,21.3875,21.7175,1282300
ESSA,20070412,12,12.02,11.9,12,269900
ETFC,20070412,213,219.7,213,219.5,5561800
EVBS,20070412,22.5,22.5,22.5,22.5,800
EVEP,20070412,37.46,38.27,36,37.09,184900
EVOL,20070412,2.15,2.36,2.14,2.33,284500
EWBC,20070412,35.6,35.68,35.15,35.35,465400
EXAC,20070412,16.61,16.75,16.61,16.75,13500
EXAS,20070412,2.49,2.49,2.43,2.46,30500
EXEL,20070412,10.63,10.95,10.61,10.92,671200
EXFO,20070412,6.01,6.2,6.01,6.09,258400
EXLS,20070412,20.44,20.45,19.99,20,61300
EXPD,20070412,41.08,42,40.51,41.63,1629700
EXPE,20070412,23.57,24.14,23.53,23.83,3156000
EXPO,20070412,10.195,10.275,10.16,10.275,21200
EXTR,20070412,4.32,4.41,4.27,4.39,997800
EZPW,20070412,14.41,15.24,14.41,15.21,888800
FALC,20070412,11.75,11.86,11.47,11.73,228300
FARM,20070412,22.81,23.02,22.79,22.87,4800
FARO,20070412,28.78,28.9,28.44,28.66,39500
FAST,20070412,18.23,19.475,18.05,19.135,4991700
FBIZ,20070412,22,22,22,22,900
FBMS,20070412,25.8,25.8,25.8,25.8,0
FBNC,20070412,20.8,21.03,20.65,21.03,25300
FBSS,20070412,26,26.27,25.03,25.08,3000
FCAP,20070412,17.7,17.7,17.7,17.7,0
FCBC,20070412,36.22,36.75,36.17,36.75,7400
FCCO,20070412,17.14,17.49,16.91,16.95,1300
FCCY,20070412,18,18,18,18,500
FCEL,20070412,90.6,90.6,89.64,90,789400
FCNCA,20070412,201.71,203.65,201.71,203.47,2000
FDEF,20070412,27.44,27.57,27.27,27.41,3800
FEIM,20070412,10.7,10.8,10.59,10.7,10700
FELE,20070412,22.68,23.04,22.6,22.905,177600
FFBC,20070412,14.86,14.99,14.8,14.99,50600
FFHL,20070412,11.35,11.49,11.15,11.25,118300
FFIC,20070412,15.86,15.98,15.7,15.94,49100
FFIN,20070412,13.6067,13.9,13.6067,13.8967,21200
FFIV,20070412,16.76,17.268,16.658,17.188,772100
FFKT,20070412,29.41,29.89,29.38,29.45,6900
FHCO,20070412,2.25,2.25,2.2,2.2,6300
FINL,20070412,12.79,12.95,12.7,12.91,268200
FISI,20070412,18.93,19.09,18.9,19.08,11800
FISV,20070412,27.06,27.28,27.005,27.195,743300
FITB,20070412,38.34,38.34,37.95,38.26,3261400
FLEX,20070412,10.89,11.04,10.89,10.97,7408300
FLIC,20070412,29.3333,29.3333,28.9333,29.3333,400
FLIR,20070412,37,37.51,36.81,37.51,524100
FLML,20070412,27.4,27.91,27,27.52,432600
FLWS,20070412,8.25,8.33,8.1,8.31,133600
FLXS,20070412,15.14,15.64,14.75,15.53,18500
FMBI,20070412,35.17,35.27,34.82,35.25,166000
FNLC,20070412,16,16.05,15.84,15.91,4500
FNSR,20070412,30.56,30.64,29.36,29.92,4678800
FONR,20070412,0.29,0.29,0.27,0.28,254200
FORD,20070412,4.21,4.21,4.12,4.2,59500
FORM,20070412,44.05,44.64,43.63,44.62,811100
FORR,20070412,28.51,28.85,28.4,28.75,30700
FORTY,20070412,13.5,13.5,13.46,13.46,500
FOSL,20070412,27.67,28.44,27.57,28.33,734700
FRBK,20070412,11.38,11.38,11.15,11.31,1800
FRED,20070412,14.34,14.46,14.12,14.33,203200
FRME,20070412,23.08,23.85,23.05,23.85,25900
FRPT,20070412,20.05,20.53,20,20.48,687100
FSBK,20070412,30.1,30.5,29.75,30.5,5500
FSLR,20070412,61.73,63.5,60.85,62.91,1351900
FSTR,20070412,20.69,21.42,20.65,21.24,64700
FTEK,20070412,22.3,22.55,22.07,22.52,210600
FUEL,20070412,1.8,1.97,1.75,1.93,1076500
FULT,20070412,14.53,14.56,14.5,14.54,489700
FUNC,20070412,22.7,22.86,22.7,22.73,1900
FUND,20070412,11.26,11.47,11.26,11.45,22100
FWRD,20070412,31.8,32.13,31.5,32.07,503600
GABC,20070412,13.1,13.31,13.1,13.19,10300
GAIA,20070412,15.95,15.97,15.61,15.92,526800
GAIN,20070412,14.8,14.9,14.71,14.74,22800
GASS,20070412,14.85,15.2,14.8,15.1,29200
GBCI,20070412,23.55,23.6,23.23,23.58,122600
GCBC,20070412,6.96,6.96,6.96,6.96,0
GENE,20070412,31.25,31.5,30.1,30.25,6100
GERN,20070412,7.52,7.52,7.35,7.42,856400
GFED,20070412,29.25,29.25,29.25,29.25,200
GGAL,20070412,10.5,10.73,10.34,10.61,286300
GHDX,20070412,17.48,17.84,17,17.1,108000
GIFI,20070412,28.35,28.99,28.24,28.91,142800
GIGA,20070412,2.2,2.25,2.12,2.14,6100
GIGM,20070412,71.25,73,70.55,72.5,890100
GIII,20070412,9.015,9.175,8.82,9.12,60300
GILD,20070412,19.24,19.83,19.175,19.7475,4943100
GILT,20070412,8.29,8.29,7.88,8.07,125400
GLAD,20070412,23.55,24,23.51,24,26700
GLBL,20070412,20.28,20.33,19.82,20.19,3490700
GLBZ,20070412,17.29,17.3,17.29,17.29,200
GLDD,20070412,6.94,7.36,6.94,7.35,58500
GLNG,20070412,14.17,14.24,14,14.2,84000
GLUU,20070412,10.06,10.5,10.04,10.31,32300
GNCMA,20070412,14.31,14.76,14.31,14.57,259900
GNTX,20070412,8.165,8.205,8.13,8.175,627300
GNVC,20070412,34.8,42.5,34.2,42.3,1507900
GOLD,20070412,24.98,25.4,24.98,25.33,216200
GOOD,20070412,19.85,19.95,19.85,19.85,3300
GOODO,20070412,25.25,25.25,25.25,25.25,400
GOODP,20070412,25.46,25.46,25.28,25.28,700
GOOG,20070412,232.25,234,231.12,233.695,2711800
GPIC,20070412,20,20.29,19.84,20.19,14400
GPOR,20070412,13.91,13.97,13.74,13.94,66600
GPRE,20070412,20.35,22.57,20.35,22.57,12800
GPRO,20070412,48.87,49.02,48.57,48.93,337300
GRIF,20070412,35.05,35.05,35.05,35.05,200
GRMN,20070412,52.75,53.55,52.18,53.39,1176400
GROW,20070412,28.92,31.49,28.15,30.98,2428900
GRVY,20070412,50,50.4,49.04,50.4,2800
GSBC,20070412,28.71,29.01,28.43,29.01,18300
GSIT,20070412,5.16,5.3,5.11,5.3,23600
GSOL,20070412,16.34,17,15.8,16.98,158800
GT,20070412,33.27,33.62,32,33.48,3274500
GTIM,20070412,5.29,5.51,5.09,5.09,4500
GTLS,20070412,17.01,17.4,17.01,17.4,60700
GTXI,20070412,20.75,21.77,20.75,21.77,142600
GUID,20070412,12.22,12.31,12.06,12.31,160100
GYRO,20070412,60.12,62.69,60.03,61.38,900
HAFC,20070412,18.92,18.98,18.69,18.79,216100
HAIN,20070412,15.165,15.28,14.985,15.235,128800
HALL,20070412,12.17,12.9,12.01,12.68,40100
HAS,20070412,30,30.46,29.84,30.15,2216500
HAYN,20070412,75.3,77.5,75.1,77.3,160000
HBAN,20070412,21.54,21.55,21.3,21.42,1602800
HBHC,20070412,42.34,43.01,42.34,42.97,109700
HBIO,20070412,5.01,5.02,4.9,4.96,87200
HBNC,20070412,8.1037,8.1037,8.1037,8.1037,100
HCSG,20070412,12.962,13.2513,12.8733,13.238,140200
HDNG,20070412,24.32,25.2,23.6,24.83,83100
HDSN,20070412,1.1,1.13,1.1,1.1,10800
HEES,20070412,23.16,23.24,22.85,23.22,189500
HELE,20070412,22.7,23.1,22.37,22.85,99000
HEOP,20070412,17.5,17.95,17.5,17.57,2200
HFBC,20070412,16.01,16.01,15.98,16,1600
HFWA,20070412,23.76,24.1,23.76,24,3000
HIBB,20070412,30.52,30.56,30.19,30.4,432800
HIFS,20070412,33.95,33.95,33.95,33.95,0
HIHO,20070412,4.21,4.31,4.21,4.3,15100
HIMX,20070412,5.75,5.79,5.64,5.75,271000
HLIT,20070412,10.36,10.51,10.21,10.36,943300
HMNF,20070412,33.3,33.3,33.3,33.3,100
HMSY,20070412,7.1033,7.2633,6.9933,7.2633,92500
HOFT,20070412,20.72,20.97,20.7,20.92,77300
HOLX,20070412,29.336,29.81,29.276,29.726,750800
HOMB,20070412,5.425,5.5475,5.425,5.5375,20100
HOVNP,20070412,23.84,24.04,23.8,23.85,10800
HSIC,20070412,54.59,55.1,54.49,55.09,263400
HSII,20070412,47.16,48.26,46.9,48.2,177600
HSKA,20070412,1.66,1.72,1.64,1.7,114600
HSTM,20070412,4.05,4.05,4,4.03,6000
HTBK,20070412,23.7,23.82,23.56,23.75,8800
HTLD,20070412,16.01,16.36,15.91,16.34,318100
HTLF,20070412,25.95,26.39,25.95,26.39,28400
HUBG,20070412,29.3,30.3,29.02,30.21,245500
HURC,20070412,40.6,41.41,40.15,41.03,61000
HURN,20070412,61.68,64.74,61.68,64.5,162500
HWAY,20070412,44.88,45.48,44.7,44.79,820400
HWCC,20070412,28.64,29.3,28.08,29.28,409500
HWKN,20070412,15.15,15.5,15.15,15.3,6600
HYGS,20070412,0.93,0.93,0.92,0.93,385000
IART,20070412,45.81,46.11,45.7,45.93,279000
IBCP,20070412,19.13,19.21,18.93,19.12,111500
IBKC,20070412,53.3,53.8,53.09,53.56,35800
IBOC,20070412,29.26,29.35,28.94,29.35,70000
ICAD,20070412,3.18,3.27,3.15,3.27,233300
ICCC,20070412,5.49,5.51,5.49,5.51,2400
ICFI,20070412,19.96,20.72,19.5,20.29,580200
ICLR,20070412,42.35,43.27,42.33,42.93,25700
ICON,20070412,20.21,20.4,20.01,20.35,1100500
ICUI,20070412,41.6,42.01,41.37,41.94,187800
IDCC,20070412,32.95,33.1,32.85,33.05,484100
IDSA,20070412,5.28,6.32,5.28,5.6933,307500
IDSY,20070412,11.79,12.32,11.62,12.32,82600
IDTI,20070412,15.16,15.46,15.16,15.32,2559500
IDXX,20070412,21.7025,21.8875,21.63,21.8725,75400
IESC,20070412,24.89,25.05,24.15,24.6,55000
IFON,20070412,4,4.15,3.81,3.9,268300
IGLD,20070412,12.13,12.71,12.08,12.55,74400
IIIN,20070412,17.78,18.09,17.58,17.95,264300
IIJI,20070412,9.03,9.26,9.01,9.15,109000
IIVI,20070412,17.03,17.22,16.905,17.205,82100
IKNX,20070412,10.15,10.15,10.05,10.05,2300
ILMN,20070412,30.98,31.45,30.81,31.28,674600
IMGN,20070412,5.1,5.3,5.1,5.3,65900
IMKTA,20070412,40.36,40.86,40.25,40.61,53800
IMMR,20070412,9.11,9.8,9.11,9.79,488300
IMMU,20070412,5.6,5.71,5.45,5.69,935200
IMOS,20070412,7.16,7.19,7.07,7.08,380300
INAP,20070412,17.18,17.3,16.91,17,450100
INCY,20070412,7.33,7.67,7.33,7.64,2332900
INDB,20070412,32.04,32.22,30.56,31.49,145100
INFI,20070412,11.59,11.67,11.37,11.52,7200
INFO,20070412,2,2.06,1.97,2.06,12200
INGN,20070412,4.56,4.97,4.56,4.86,205300
ININ,20070412,15.16,15.49,15.12,15.37,83100
INOD,20070412,2.68,2.78,2.63,2.74,10100
INSM,20070412,1.01,1.01,0.93,0.97,1532000
INTC,20070412,20.38,20.55,20.25,20.5,63691900
INTG,20070412,19.7,19.7,19.7,19.7,15100
INTL,20070412,23.76,23.98,23.55,23.96,89900
INTU,20070412,28.39,28.59,28.26,28.58,3966800
INTX,20070412,9.39,9.43,9.2,9.35,140000
INWK,20070412,11.84,12.18,11.62,12.04,272900
IOSP,20070412,29.125,29.62,29,29.62,68400
IPAR,20070412,14.174,14.507,14.127,14.374,130700
IPAS,20070412,5.08,5.22,5.07,5.11,274300
IPCC,20070412,47.65,47.73,47.17,47.72,48300
IPGP,20070412,19.3,19.5,19.19,19.4,90300
IPHS,20070412,16.87,17.21,16.38,17.18,12300
IRBT,20070412,14.2,14.55,14.1,14.48,92000
IRIX,20070412,7.09,7.09,7.03,7.03,21600
ISBC,20070412,5.4667,5.4902,5.4,5.4275,438200
ISCA,20070412,50.24,50.54,50.02,50.29,110900
ISIG,20070412,3.45,3.56,3.45,3.55,30100
ISIL,20070412,27.63,27.7,27.37,27.53,3036900
ISLE,20070412,26.54,27.23,26.35,27.23,107300
ISNS,20070412,17.98,17.99,17.71,17.71,6400
ISRG,20070412,122.98,123.82,121.67,123.19,385000
ISRL,20070412,33,33,33,33,100
ISSC,20070412,25.6,26.01,25.35,25.98,95700
ITIC,20070412,47.5,48.12,47.03,48.12,700
ITRI,20070412,67.46,69.24,67.02,69.23,446900
ITRN,20070412,13.84,13.92,13.78,13.83,25500
IVAC,20070412,24.11,26.17,24.05,26.13,899800
IXYS,20070412,10.12,10.58,10.06,10.52,144800
JAKK,20070412,24.1,24.83,24.02,24.61,298700
JASO,20070412,32.635,36.215,31.885,36.015,3676700
JBHT,20070412,27.83,28.49,27.35,28.49,1596600
JBLU,20070412,11.42,11.42,11.15,11.24,6589200
JBSS,20070412,14.06,14.06,13.71,13.88,8100
JCOM,20070412,27.96,28.41,27.55,28.25,461800
JCTCF,20070412,3.56,3.62,3.495,3.62,10900
JJSF,20070412,38.59,39.35,38.59,39.31,57800
JKHY,20070412,24.03,24.42,23.86,24.42,363400
JMBA,20070412,45.2,46.5,44.5,45.3,282000
JOBS,20070412,8.31,8.86,8.255,8.725,186000
JOUT,20070412,18.45,18.62,18.43,18.52,3000
JRJC,20070412,6.84,7,6.7,6.89,16000
JRVR,20070412,31.08,31.32,31.02,31.32,8600
JXSB,20070412,12.5,12.5,12.5,12.5,0
KALU,20070412,80,81,78.62,78.93,181600
KCAP,20070412,17,17.41,17,17.29,672300
KELYA,20070412,32.26,32.99,32.25,32.97,169200
KELYB,20070412,31.54,31.54,31.54,31.54,0
KEQU,20070412,10.59,10.89,10.56,10.87,4000
KERX,20070412,10.89,10.92,10.5,10.78,238600
KFFB,20070412,9.87,10,9.87,10,1300
KFRC,20070412,13.31,13.78,13.19,13.78,170700
KIRK,20070412,4.92,5.04,4.91,5.02,11100
KLAC,20070412,55.45,55.89,55,55.67,4796100
KLIC,20070412,9.56,9.71,9.45,9.65,1230700
KONA,20070412,16.33,16.97,16.25,16.97,43500
KOOL,20070412,62.6,65,62,63.4,152000
KOPN,20070412,3.4,3.4,3.35,3.38,213200
KOSS,20070412,9.665,9.685,9.65,9.65,3500
KRNY,20070412,13.83,13.9,13.68,13.81,32100
KTCC,20070412,4.02,4.02,3.95,3.95,6400
KTEC,20070412,16.58,16.75,16.57,16.75,1800
KVHI,20070412,9.32,9.35,9.08,9.15,44600
KZ,20070412,6.93,7,6.86,6.99,119400
LABL,20070412,24.019,24.079,23.899,23.925,49200
LAKE,20070412,14.27,14.65,14.2,14.4,14800
LAMR,20070412,62.36,62.37,61.37,61.95,1174500
LANC,20070412,43.92,44.25,43.64,43.96,126600
LARK,20070412,28,28,28,28,200
LAWS,20070412,35.68,36.06,35.47,36.06,4500
LAYN,20070412,37.55,38.05,36.9,38.03,174600
LBAI,20070412,13,13.22,13,13.17,10200
LBIX,20070412,2.4,2.54,2.3,2.51,76600
LBTYA,20070412,17.7823,17.8896,17.6495,17.8845,1611200
LBTYB,20070412,34.89,34.89,34.89,34.89,0
LBTYK,20070412,32.75,33.01,32.55,33,660100
LCUT,20070412,20.46,20.55,20.33,20.48,86600
LECO,20070412,29.545,30.035,29.44,29.93,65400
LENS,20070412,4.75,4.75,4.63,4.71,47400
LFUS,20070412,41.86,42.53,41.37,42.46,88700
LGCY,20070412,27.5,27.95,27.34,27.95,784200
LGND,20070412,43.02,43.38,42,42.84,1026700
LHCG,20070412,28.39,28.99,27.69,28.99,355500
LINC,20070412,13.67,13.81,13.53,13.76,15200
LION,20070412,18.72,18.74,18.71,18.71,10500
LIOX,20070412,5.17,5.25,5.17,5.22,587200
LJPC,20070412,6.75,7.55,6.75,7.12,775000
LKFN,20070412,14.9133,15.0733,14.8667,15.06,8000
LLTC,20070412,31.56,31.96,31.4,31.87,2785900
LMAT,20070412,5.94,6.03,5.94,6,10100
LMCA,20070412,37.4,37.9967,37.35,37.98,620800
LMIA,20070412,18.04,18.47,17.76,18.47,43800
LMNX,20070412,13.61,14.05,13.57,13.97,101200
LNCE,20070412,20.45,20.99,20.45,20.9,80000
LNDC,20070412,13.02,13.15,12.98,13.06,169400
LOGI,20070412,27.72,27.98,27.5,27.85,589900
LORL,20070412,50.79,51.1,50.79,51.05,26600
LPNT,20070412,38.74,39.07,38.46,38.87,239400
LPSN,20070412,7.28,7.4,7.25,7.38,203700
LPTH,20070412,6.23,6.24,5.91,5.98,12900
LQDT,20070412,17.78,17.92,17.63,17.75,160800
LRCX,20070412,50.98,51.89,50.82,50.98,8454200
LSBK,20070412,12.2,12.32,12.2,12.32,2000
LSCC,20070412,5.74,5.8,5.73,5.77,738800
LSTR,20070412,46.9,47.63,46.07,47.63,422100
LTRX,20070412,1.5,1.54,1.48,1.48,57500
LUNA,20070412,3,3.04,2.95,3.04,19600
LWAY,20070412,8.75,8.78,8.65,8.76,10500
LYTS,20070412,16.14,16.17,15.96,16.03,103900
MAGS,20070412,10.71,10.79,10.32,10.67,10100
MANH,20070412,7.045,7.1675,7.0125,7.165,158700
MANT,20070412,32.62,33.62,32.62,33.36,136300
MARPS,20070412,27.5,27.5,27.3,27.3,1000
MAT,20070412,28.9,28.91,28.35,28.78,6218300
MATR,20070412,25.97,26.24,25.97,26.12,196800
MATW,20070412,40.13,40.68,39.78,40.49,63500
MAYS,20070412,21.01,21.23,21.01,21.23,200
MBFI,20070412,35.27,35.42,34.54,35.39,74100
MBFIP,20070412,25.32,25.32,25.32,25.32,300
MBLX,20070412,104.1,107.94,101.52,102,115900
MBRG,20070412,31.99,32,31.99,32,200
MBRX,20070412,7.85,8.12,7.72,8.02,103200
MBTF,20070412,12.82,12.84,12.7,12.84,7500
MBVT,20070412,22.51,22.51,22.44,22.51,800
MBWM,20070412,30.53,30.99,30.28,30.95,54800
MCBC,20070412,17.86,17.96,17.63,17.9,34400
MCHP,20070412,36.54,37.02,36.3,36.92,1518800
MCHX,20070412,15.15,15.61,14.9,15.25,862400
MCRI,20070412,24.94,25.69,24.66,25.28,76200
MDCA,20070412,8.23,8.25,8.03,8.24,41600
MDCO,20070412,25.7,26.35,25.7,26,472600
MDM,20070412,4.32,4.39,4.3,4.39,30800
MDRX,20070412,24.71,27.03,24.68,26.98,2953100
MENT,20070412,16.37,16.67,16.29,16.65,387400
MEOH,20070412,22.26,22.5,22.23,22.34,353600
MERC,20070412,12.54,12.59,12.26,12.55,101400
MFNC,20070412,9.5,9.5,9.45,9.5,600
MFRI,20070412,18.69,18.96,18.63,18.79,26300
MFSF,20070412,19.68,19.68,19.05,19.12,5100
MGEE,20070412,24.1067,24.1933,23.8333,24.0467,44100
MGIC,20070412,2.32,2.33,2.2,2.3,66600
MGLN,20070412,41.05,41.16,40.7,40.89,205900
MGPI,20070412,19.69,19.87,19.5,19.83,127500
MGRC,20070412,30.4,31.2,30.33,31.09,86700
MGYR,20070412,14.31,14.31,14.25,14.25,1600
MHGC,20070412,20.12,20.45,20.05,20.32,153500
MIDD,20070412,22.635,22.6833,22.3683,22.6367,95200
MIND,20070412,14.36,14.72,14.2,14.56,422700
MINI,20070412,27.49,28.06,27.42,27.98,302700
MKSI,20070412,25.96,26.41,25.81,26.4,262400
MKTX,20070412,16.17,16.25,15.98,16.23,109600
MLAB,20070412,19.99,19.99,19.06,19.06,400
MLHR,20070412,34.81,35.24,34.63,35.13,360200
MLNX,20070412,15,15.43,14.61,14.93,45500
MMLP,20070412,39.92,40.26,39.25,39.48,21200
MMSI,20070412,10,10.24,10,10.184,100400
MNDO,20070412,2.85,2.86,2.8,2.83,12600
MNKD,20070412,14.67,15.07,14.54,15.01,353600
MNOV,20070412,10.01,10.01,10.01,10.01,0
MNRO,20070412,15.568,15.768,15.43,15.5853,30100
MNST,20070412,6.25,6.4517,6.25,6.4,1052800
MNTA,20070412,14.29,14.65,14.13,14.52,295800
MOBI,20070412,9.8,9.9,9.78,9.79,3024700
MOCO,20070412,13.69,13.79,13.09,13.11,1500
MORN,20070412,51.48,52.58,51.45,52.45,27800
MOSY,20070412,8.35,8.48,8.3,8.46,78200
MPEL,20070412,16.45,16.68,16.3,16.45,1008600
MPET,20070412,1.45,1.62,1.42,1.59,1313400
MPWR,20070412,12.67,12.94,12.67,12.92,88600
MRCY,20070412,13.86,13.91,13.74,13.9,65200
MRLN,20070412,21.11,21.17,21,21.15,46600
MRTN,20070412,11.2,11.5467,11.0867,11.5133,90900
MRVC,20070412,3.85,3.91,3.78,3.9,582400
MRVL,20070412,16.93,17.01,16.77,16.91,5754200
MSBF,20070412,11.41,11.41,11.41,11.41,0
MSCC,20070412,22.72,22.81,22.33,22.75,1081500
MSEX,20070412,18.25,18.44,18.18,18.44,14700
MSFG,20070412,16.94,17.15,16.92,17.11,28900
MSFT,20070412,28.06,28.62,28.04,28.54,43774700
MSON,20070412,6.14,6.39,6.07,6.09,10300
MSTR,20070412,119.33,120.5,115.38,116.05,781500
MTEX,20070412,148.6,152.3,148.6,150.4,239300
MTRX,20070412,24.85,25.87,24.85,25.85,356900
MTSC,20070412,38.13,38.17,37.23,37.76,59200
MTSL,20070412,1.64,1.64,1.5,1.63,300
MU,20070412,11.25,11.46,11.15,11.45,27158900
MVIS,20070412,33.12,33.6,32.48,33.36,425800
MXIM,20070412,28.88,29.22,28.65,29.11,6035800
MXWL,20070412,12.31,12.43,12.23,12.42,134900
MYGN,20070412,17.775,17.83,17.595,17.76,400600
NAII,20070412,8.2,8.23,8.06,8.14,2500
NANO,20070412,6.61,6.61,6.31,6.49,139200
NATH,20070412,14.38,14.75,14.38,14.56,4200
NATI,20070412,17.6067,17.74,17.5533,17.6,340800
NAVG,20070412,49.76,50.9,49.76,50.62,47800
NAVI,20070412,6.39,6.5,6.32,6.46,102700
NBIX,20070412,14.05,14.38,13.92,14.05,939400
NBTB,20070412,22.05,22.38,22,22.38,43900
NCIT,20070412,15.44,15.57,15.25,15.51,14800
NCMI,20070412,25.82,26.26,25.65,26.22,321500
NCTY,20070412,39.97,40.49,39.5,40,124900
NDAQ,20070412,29.43,29.94,29.22,29.59,1865200
NDSN,20070412,22.44,22.785,22.38,22.735,319900
NEOG,20070412,7.0938,7.18,7.0822,7.18,3000
NEON,20070412,2.53,2.55,2.43,2.51,5000
NEWS,20070412,16.49,16.6,16.38,16.54,232700
NEWT,20070412,10,10.25,9.75,9.9,68800
NFLX,20070412,3.4943,3.5571,3.4514,3.5143,780800
NICE,20070412,36.29,36.29,35.29,35.37,294700
NICK,20070412,11.1,11.11,11,11.03,2200
NIHD,20070412,78.76,79.18,78.25,78.64,955400
NILE,20070412,42.21,43.33,41.8,43.26,123800
NKSH,20070412,22.66,23,22.28,22.6,2600
NKTR,20070412,12.73,12.82,12.68,12.74,2437300
NLST,20070412,6.35,6.65,5.93,6.01,506200
NMRX,20070412,10.66,10.98,10.66,10.8,10000
NNBR,20070412,12.57,12.57,11.95,12.01,68300
NOVN,20070412,24.01,25.13,23.94,24.92,397900
NRIM,20070412,30,30,29.87,29.92,900
NSEC,20070412,17.91,17.91,17.91,17.91,500
NSIT,20070412,18.55,19.16,18.53,19.13,385400
NSSC,20070412,5.94,5.95,5.88,5.9,182300
NSYS,20070412,8,8,8,8,0
NTAP,20070412,34.86,35.92,34.69,35.59,4917200
NTCT,20070412,8.82,8.94,8.75,8.9,32100
NTEC,20070412,2.9,2.99,2.82,2.95,153100
NTES,20070412,17.02,17.43,17.01,17.37,645600
NTGR,20070412,29.38,29.99,29.21,29.99,402200
NTRI,20070412,54.21,55.31,53.47,55.2,897700
NTRS,20070412,60.23,60.44,60,60.41,1038800
NTWK,20070412,16.3,16.8,16.2,16.7,46400
NUAN,20070412,15.86,16.35,15.81,16.33,2693300
NURO,20070412,217.44,218.88,213.84,218.4,92200
NUTR,20070412,16.48,16.63,16.47,16.5,6000
NUVA,20070412,24.51,25,24.3,24.55,345600
NVAX,20070412,2.72,2.81,2.68,2.79,825900
NVDA,20070412,19.563,20.29,19.436,20.23,12395400
NVEC,20070412,25.7,28,25.3,27.99,224500
NVGN,20070412,10.4,10.4,10.05,10.31,17600
NVLS,20070412,33.48,33.94,33.48,33.85,4319800
NVMI,20070412,2.73,2.83,2.73,2.8,4200
NWFL,20070412,32.48,32.48,32.48,32.48,0
NWPX,20070412,38.46,38.46,36.77,37.79,33000
NXST,20070412,9.98,10.41,9.83,10.25,117400
NXTM,20070412,14.16,14.4,14.07,14.24,216600
NYMX,20070412,5.61,5.61,5.51,5.58,66300
NYNY,20070412,50.95,51.15,49.9,50.75,108200
OBAS,20070412,19.6,19.85,19.6,19.7,4900
OBCI,20070412,2.4,2.4,1.9,2.15,541300
OCFC,20070412,17.2,17.42,17.2,17.32,51200
OCLS,20070412,210,211.75,208.25,208.25,21100
ODFL,20070412,12.4445,12.9378,12.3378,12.9289,388100
OFIX,20070412,50,50,49.89,49.97,23800
OFLX,20070412,21.33,21.54,21.33,21.54,1500
OIIM,20070412,9.7,10.14,9.65,10.01,350900
OKSB,20070412,25.23,25.92,25.07,25.92,42900
OLBK,20070412,11.09,11.09,11.09,11.09,200
OLED,20070412,4.91,5.08,4.86,4.93,45600
OMAB,20070412,28.24,29.16,28.14,28.99,250700
OMCL,20070412,20.49,20.7,20.32,20.42,309600
ONEQ,20070412,96.53,97.42,96.53,97.42,9400
ONVI,20070412,6.85,7.1,6.77,7.05,11400
OPHC,20070412,408,408,408,408,0
OPOF,20070412,26.85,26.85,26.5,26.51,1900
OPXA,20070412,21.92,21.96,21.28,21.44,10500
ORBC,20070412,13.05,13.74,12.7,13.44,45700
ORBK,20070412,21.79,22.23,21.78,22.2,95300
ORIT,20070412,15.14,15.2,15,15.13,49700
ORLY,20070412,33.14,33.47,32.58,33.1,520900
OSBC,20070412,27.55,27.96,27.55,27.96,33100
OSBCP,20070412,10.3,10.3,10.3,10.3,0
OSHC,20070412,12.5,12.74,12.5,12.74,4400
OSIR,20070412,15.96,17.95,15.26,17.56,266900
OSIS,20070412,26.55,26.58,26.24,26.34,128400
OSTK,20070412,16.05,16.45,16,16.39,228900
OSUR,20070412,7.54,7.71,7.5,7.63,134100
OTEX,20070412,10.9,11.11,10.9,11.07,167700
OTIV,20070412,7.46,8.28,7.42,8.12,364200
OTTR,20070412,35.01,35.52,35.01,35.5,62200
OVBC,20070412,25.26,25.26,25.26,25.26,200
OZRK,20070412,7.185,7.335,7.1725,7.2875,331700
PAAS,20070412,30.17,30.97,30.02,30.92,936100
PANL,20070412,15.98,16.48,15.9,16.34,338700
PATK,20070412,8.46,8.46,7.3667,7.9267,4800
PAYX,20070412,36.93,37.16,36.74,36.89,2884000
PBCT,20070412,22.015,22.085,21.775,21.855,21564300
PBHC,20070412,12.68,12.68,12.67,12.67,300
PBIB,20070412,22.85,22.85,22.85,22.85,100
PBIP,20070412,13.65,13.7,13.65,13.65,3800
PCAR,20070412,48.938,49.485,48.511,49.378,1239100
PCBK,20070412,18.48,18.48,18.25,18.32,17700
PCLN,20070412,55.24,55.72,54.44,55.07,654100
PCTI,20070412,10.48,10.71,10.39,10.68,44700
PCYO,20070412,8,8.02,7.98,8.01,5600
PDCO,20070412,36.1,36.32,35.69,36.21,892300
PDEX,20070412,1.32,1.32,1.31,1.31,800
PDFS,20070412,11.34,11.45,11.09,11.25,60800
PDLI,20070412,23.21,23.68,23.01,23.45,5364800
PEBK,20070412,18.076,18.216,18.076,18.116,20500
PEBO,20070412,25.55,25.74,25.36,25.7,7700
PEGA,20070412,4.635,4.725,4.57,4.615,27300
PEIX,20070412,239.55,243,238.2,242.7,604500
PENN,20070412,47.99,49.75,47.9,49.45,2902200
PERY,20070412,32.4,34.33,32.13,34.24,173600
PESI,20070412,11.25,11.3,10.8,10.85,93300
PETS,20070412,11.66,11.87,11.65,11.85,237300
PFBC,20070412,37.83,38.11,37.79,37.9,22500
PFBI,20070412,15.5,15.5,15.5,15.5,0
PFBX,20070412,25.31,25.35,25.21,25.21,7400
PFIN,20070412,13.1,13.1,12.26,12.76,3500
PFSW,20070412,0.84,0.84,0.81,0.82,250800
PGNX,20070412,25.48,27.11,25.13,26.99,355000
PGTI,20070412,11.58,11.86,11.56,11.86,47100
PHII,20070412,28.79,28.79,26.8,26.8,400
PHIIK,20070412,26.3,26.55,26.1,26.28,92300
PHMD,20070412,6.75,6.95,6.7,6.8,70700
PICO,20070412,43.75,44.42,43.55,44.29,78700
PKBK,20070412,17.46,17.48,16.96,16.96,1800
PKOH,20070412,20.09,20.09,19.88,20,9200
PLAB,20070412,15.54,15.73,15.41,15.71,265700
PLBC,20070412,15.82,15.82,15.82,15.82,0
PLCE,20070412,53.4,53.53,50.61,51.23,1907000
PLPC,20070412,38.2,38.98,38.2,38.98,900
PLUG,20070412,3.17,3.3,3.1,3.3,591900
PLUS,20070412,9.82,9.84,9.51,9.54,8900
PLXS,20070412,18,18.31,17.93,18.27,580200
PMBC,20070412,14.59,14.66,14.27,14.3,36500
PNBK,20070412,212.5,227.5,210,227.5,202500
PNFP,20070412,29.93,30.25,29.8,30.12,24900
PNRA,20070412,55.7,55.82,55.05,55.64,826100
PNRG,20070412,55.12,57.44,55.12,57.11,4900
PNTR,20070412,10.77,10.92,10.63,10.82,24700
POOL,20070412,36.17,36.24,35.8,36.03,630100
POWL,20070412,35.33,35.33,34.62,34.7,176200
PPBI,20070412,10.4,10.45,10.39,10.4,6200
PPHM,20070412,1.04,1.06,1.02,1.03,408100
PRAA,20070412,14.6267,14.79,14.5,14.7767,103000
PRAN,20070412,17.16,17.52,17.16,17.52,2600
PRCP,20070412,8.92,9.01,8.72,8.95,2600
PRFT,20070412,22.72,22.95,21.91,22.55,975900
PRFZ,20070412,56.44,56.9,56.26,56.87,18700
PRGS,20070412,20.9067,21.1,20.82,21.1,273600
PRGX,20070412,14.08,14.4,13.43,14.21,197400
PRKR,20070412,127.1,129.6,126.9,128.3,110100
PROV,20070412,27.01,27.25,26.51,26.56,14300
PRSC,20070412,23.65,24.54,23.56,24.42,87400
PRTS,20070412,5.78,5.9,5.7,5.76,157900
PRXL,20070412,18.255,18.28,18.095,18.28,198600
PSDV,20070412,1.88,1.93,1.85,1.88,268500
PSEC,20070412,17.95,17.95,17.74,17.88,92100
PSMT,20070412,17,17.15,16.9,17.13,28200
PSTI,20070412,22,24,20,24,20400
PTEN,20070412,23.47,24.31,23.4,24.22,7408200
PTIE,20070412,8.07,8.1,8,8.06,293800
PTNR,20070412,15.75,16,15.66,15.9,219900
PTSI,20070412,19.96,20.16,19.5,19.94,22400
PVTB,20070412,34.61,34.9,34.3,34.88,159200
PWOD,20070412,34.49,34.49,34.05,34.06,900
PXLW,20070412,1.63,1.64,1.59,1.6,375800
PZZA,20070412,14.555,14.71,14.385,14.655,207300
QBAK,20070412,18.6,18.9,18.6,18.9,2100
QCLN,20070412,20.79,21.37,20.79,21.36,12000
QCOM,20070412,41.69,42.82,41.6,42.6,14084400
QCRH,20070412,15.5,15.56,15.5,15.56,700
QDEL,20070412,12.43,12.8,12.41,12.56,378200
QGEN,20070412,17.8,18,17.78,17.98,329800
QLTI,20070412,7.58,7.66,7.36,7.4,985300
QQEW,20070412,20.91,21.02,20.91,20.99,1000
QQQ,20070412,44.13,44.62,43.95,44.56,114841400
QQQX,20070412,20.07,20.25,20,20.04,33000
QQXT,20070412,19.3,19.3,19.3,19.3,0
QSII,20070412,19.45,19.55,19.36,19.525,207100
QTEC,20070412,20.23,20.44,20.1,20.42,16500
QUIK,20070412,2.76,2.81,2.72,2.72,38300
RADA,20070412,4.88,5,4.88,4.92,1300
RAIL,20070412,45.43,48.3,45.24,48.01,480200
RAND,20070412,3.32,3.4,3.27,3.4,2200
RARE,20070412,30.3,30.39,30,30.18,216400
RAVN,20070412,13.955,14.08,13.915,14.06,35500
RBCAA,20070412,20.38,20.63,20.24,20.55,21200
RBPAA,20070412,23.25,23.5,23.25,23.39,6500
RCII,20070412,28.25,28.3,27.75,28.15,490400
RCKY,20070412,11.35,11.69,11.34,11.63,17900
RCMT,20070412,7.7,8.01,7.69,7.92,42100
RDCM,20070412,1.72,1.74,1.67,1.67,120500
RDNT,20070412,6.4,6.4,6.17,6.29,38500
RDWR,20070412,6.49,6.5,6.37,6.45,60100
RECN,20070412,30.86,31.45,30.78,31.33,423600
REFR,20070412,10.84,11.5,10.56,11.13,79000
REGN,20070412,23.44,24.22,23.3,24.2,484000
RELL,20070412,8.96,9.06,8.52,8.8,109100
RELV,20070412,77.07,77.07,74.27,75.11,49100
RFIL,20070412,2.88,2.915,2.875,2.9,16000
RGCO,20070412,14,14,13.85,14,200
RGEN,20070412,3.52,3.75,3.5,3.61,109700
RGLD,20070412,29.5,29.68,29.25,29.62,428700
RICK,20070412,9.45,9.52,9.09,9.32,17300
RIGL,20070412,11.8,12.03,11.61,11.92,231900
RLOG,20070412,7.29,7.29,7.29,7.29,0
RMBS,20070412,20.8,21.3,20.53,20.74,4291200
RMCF,20070412,13.42,13.57,13.31,13.35,7800
RMTI,20070412,6.83,6.86,6.69,6.75,13700
RNST,20070412,24.33,25,24.27,25,11800
RNWK,20070412,7.52,7.61,7.47,7.6,2149600
ROCK,20070412,21.94,22.65,21.81,22.65,96000
ROIA,20070412,6.93,7.15,6.91,7.12,103100
ROIAK,20070412,6.98,7.16,6.92,7.14,1171000
ROLL,20070412,35.02,36.2,33.82,35.97,268900
ROSG,20070412,105.45,105.45,101.55,101.55,16200
ROST,20070412,8.4425,8.5825,8.3375,8.4975,1153600
RPRX,20070412,11.09,11.24,10.93,11.14,244700
RRGB,20070412,39.55,39.59,39.18,39.3,298300
RSYS,20070412,16.15,16.44,15.99,16.39,148300
RTIX,20070412,7.95,8,7.77,8,130300
RUSHA,20070412,12.826,12.96,12.8,12.96,27900
RUSHB,20070412,12.193,12.326,12.193,12.286,5200
RUTH,20070412,19.5,19.55,19.33,19.5,264400
RVSB,20070412,15.52,15.56,15.43,15.43,3900
RYAAY,20070412,46.89,46.99,46.42,46.6,726000
SAFM,20070412,35.9,36.45,35.57,36.34,284500
SAFT,20070412,39.28,39.76,39.09,39.7,113000
SAIA,20070412,15.7,16.2133,15.6933,16.1333,186000
SALM,20070412,12.55,12.55,12.03,12.53,20800
SANM,20070412,3.54,3.62,3.53,3.61,2852600
SASR,20070412,33.79,34.31,33.6,34.23,31900
SBAC,20070412,29.73,30.54,29.69,30.51,1237600
SBBX,20070412,15.4,15.41,14.91,14.92,700
SBCF,20070412,104.65,105.5,104.65,104.95,74700
SBGI,20070412,16.42,16.71,16.3,16.7,439700
SBNY,20070412,31.9,31.94,31.06,31.1,295300
SBSA,20070412,3.79,3.85,3.71,3.8,213400
SBSI,20070412,21.619,21.7524,21.4476,21.7524,12700
SBUX,20070412,15.365,15.425,15.15,15.335,10641600
SCHL,20070412,31.43,31.66,31.07,31.63,265800
SCHN,20070412,45.34,46.32,44.94,46.15,740000
SCKT,20070412,0.96,1,0.95,0.98,2900
SCLN,20070412,3,3.01,2.86,3.01,265600
SCON,20070412,302.4,304.2,298.8,304.2,14800
SCSC,20070412,29.05,29.36,28.79,29.29,97600
SCSS,20070412,17.47,17.51,17.24,17.41,481800
SCVL,20070412,21.5333,22.52,21.5333,22.4333,59600
SEAC,20070412,8.34,8.58,8.27,8.55,214400
SEED,20070412,8.95,9.04,8.9,8.98,198700
SEIC,20070412,30.96,31.03,30.63,30.995,126700
SEMI,20070412,1.05,1.08,1,1.01,23300
SENEA,20070412,27.85,28,27.84,28,5300
SENEB,20070412,29.6,29.6,29.6,29.6,0
SFBC,20070412,17.22,17.35,17.22,17.35,3200
SFLY,20070412,16.65,17,16.46,17,81400
SFNC,20070412,28.05,28.73,28.05,28.73,15400
SGEN,20070412,8.88,9.19,8.75,9.09,369800
SGMA,20070412,9.31,9.41,9.05,9.33,7900
SGMO,20070412,7.07,7.45,7,7.19,297700
SGMS,20070412,31.24,31.34,30.49,31.24,1891100
SGRP,20070412,1.03,1.03,1.01,1.01,700
SHBI,20070412,25.01,25.23,24.88,25.21,6000
SHEN,20070412,15.3645,15.4075,15.061,15.231,6400
SHLD,20070412,187,189.56,185.24,188.5,994500
SHLM,20070412,22.03,22.21,22,22.02,217400
SHLO,20070412,12.06,12.39,11.96,12.27,14800
SHOO,20070412,8.7407,8.9097,8.6252,8.8711,147100
SIEB,20070412,3.49,3.5,3.37,3.42,7400
SIFI,20070412,12.55,12.55,12.55,12.55,1000
SIFY,20070412,8.9,9.03,8.81,8.99,219400
SIGI,20070412,25.6,26.03,25.37,25.8,285700
SIGM,20070412,25.99,26.35,25.6,26.2,577600
SILC,20070412,20.87,22.7,20.29,22.7,95300
SIMO,20070412,21.94,22.68,21.72,22.62,763800
SINA,20070412,34,35.19,33.99,34.58,837600
SIRI,20070412,3.08,3.11,3.07,3.08,22775800
SIVB,20070412,47.63,47.9,47.43,47.82,258200
SIVBO,20070412,25,25,24.91,24.91,4400
SKYW,20070412,27.68,27.69,26.7,27.04,1042700
SLAB,20070412,30.43,31.88,30.36,31.83,2024800
SLGN,20070412,25.6,25.69,25.51,25.58,45800
SLMAP,20070412,53.9,53.92,53.9,53.92,2100
SMBC,20070412,7.35,7.455,7.26,7.305,500
SMCI,20070412,9.5,9.97,9.5,9.85,88700
SMIT,20070412,7.99,8.03,7.8,7.99,10300
SMMF,20070412,20.79,20.8,20.79,20.8,300
SMRT,20070412,16.73,16.92,16.35,16.8,317300
SMSI,20070412,76.2,77.36,74.84,77.04,839900
SMTC,20070412,13.5,13.67,13.45,13.61,525300
SMTX,20070412,2.96,2.99,2.9,2.99,36500
SNAK,20070412,2.9,2.91,2.85,2.91,12700
SNBC,20070412,89,90.6,88.8,90.55,18600
SNCR,20070412,17.4,18,17.36,17.95,204900
SNFCA,20070412,5.34,5.41,5.32,5.39,8000
SNHY,20070412,11.9213,11.988,11.4013,11.646,74400
SNMX,20070412,13.04,13.11,12.8,13.08,77200
SNPS,20070412,26.53,26.95,26.34,26.95,700300
SNSS,20070412,27,27.3,26.94,27.24,8400
SOFO,20070412,3.86,3.93,3.8,3.82,164200
SOHU,20070412,22.43,22.96,22.42,22.89,789600
SONA,20070412,15.66,15.69,15.34,15.65,2700
SONC,20070412,22.24,22.34,21.94,22.29,724300
SONS,20070412,40.3,41.2,40.05,41.2,4373900
SORL,20070412,7.96,8.28,7.86,8.24,45700
SPAN,20070412,15.75,16.29,15.75,16.29,15800
SPAR,20070412,17.042,17.409,16.675,17.395,271800
SPEX,20070412,896.8,896.8,874,881.6,36800
SPIL,20070412,10.54,10.94,10.35,10.91,2844100
SPLS,20070412,26.59,26.94,26,26.92,5550200
SPNC,20070412,10.9,10.94,10.8,10.89,147200
SPNS,20070412,1.7,1.74,1.63,1.7,6300
SPPI,20070412,6.86,7.31,6.86,7.25,652900
SPRT,20070412,5.67,5.95,5.66,5.91,173500
SPTN,20070412,25.68,25.68,24.87,25.62,254100
SPWR,20070412,50.65,51.86,50.25,51.09,1417600
SRCE,20070412,25.23,26.32,24.92,25.37,44300
SRCL,20070412,40.88,41.54,40.59,41.54,132600
SRDX,20070412,36.25,37.67,36.12,37.13,399400
SSBI,20070412,13.15,13.15,13.05,13.1,7300
SSFN,20070412,13.5,13.5,13.5,13.5,0
SSRI,20070412,38.83,39,38.38,39,879100
SSYS,20070412,21.505,21.58,20.96,21.125,82500
STAA,20070412,5.72,5.89,5.65,5.69,61400
STBA,20070412,31.71,32.2,31.57,32.2,33000
STEM,20070412,33.96,33.96,32.4,33.12,2177900
STFC,20070412,32.57,32.88,32.5,32.88,26700
STKL,20070412,12.26,12.5,12.21,12.46,289800
STLD,20070412,21.805,21.995,21.62,21.835,1311300
STLY,20070412,20.62,21.11,20.46,21.04,82300
STMP,20070412,14.31,14.63,14.1,14.56,138600
STRA,20070412,122.75,125.32,122.75,124.79,110000
STRL,20070412,19.17,19.46,18.9,19.38,48700
STRM,20070412,3.88,4.24,3.78,4.1,130300
STRS,20070412,34.75,34.95,34.74,34.95,2000
STRT,20070412,43.53,43.99,42.96,43.99,800
SUMR,20070412,4.88,4.95,4.88,4.91,3200
SUNW,20070412,5.9,5.96,5.87,5.9,49659300
SVBI,20070412,18.96,18.96,18.85,18.95,5400
SWHC,20070412,14.2,14.97,14.04,14.92,1151300
SWIR,20070412,16.17,16.49,16.05,16.44,323900
SWKS,20070412,6.13,6.25,6.13,6.2,4790000
SYBT,20070412,16.54,16.6,16.4467,16.4733,19000
SYKE,20070412,18.31,18.66,18.23,18.5,319000
SYMC,20070412,17.11,17.47,17.03,17.37,11013000
SYNA,20070412,26.38,26.7,26,26.62,579100
SYNL,20070412,31.06,31.1,30.31,30.78,89800
SYNT,20070412,17.845,17.96,17.765,17.875,82500
SYPR,20070412,6.67,6.72,6.53,6.65,6900
SYUT,20070412,12,12,11.99,12,1700
TACT,20070412,7.2,7.23,7.15,7.18,25200
TAIT,20070412,2.95,2.95,2.95,2.95,0
TASR,20070412,7.85,8.1,7.8,8.04,1117700
TAST,20070412,15.24,15.24,15,15.23,31900
TAYD,20070412,5.54,5.85,5.43,5.79,26000
TBBK,20070412,25.92,26.33,25.85,26.17,40600
TCBI,20070412,19.83,20.05,19.77,20.05,31700
TCBK,20070412,22.75,23.05,22.75,23.01,72300
TCX,20070412,3.4,3.48,3.4,3.4,17900
TEAM,20070412,12.61,12.71,12.61,12.65,26800
TECD,20070412,35.19,35.58,34.96,35.53,667000
TECH,20070412,57.24,57.78,56.98,57.78,238000
TESO,20070412,27.58,28.5,27.58,28.43,115900
TESS,20070412,19.0267,19.7933,19.0133,19.3933,38100
TGEN,20070412,4.34,4.7,4.18,4.41,785600
THFF,20070412,29.5,29.9,29.4,29.9,8200
THLD,20070412,1.76,1.89,1.72,1.84,492800
THRM,20070412,8.89,8.97,8.8,8.97,24500
TICC,20070412,17.04,17.12,16.96,17.04,47000
TINY,20070412,13.21,13.35,13.1,13.25,114400
TISA,20070412,4,4,3.83,3.9,17600
TIVO,20070412,6.21,6.28,6.14,6.27,711900
TLT,20070412,87.5,87.57,87.28,87.39,495000
TORM,20070412,2.81,2.81,2.71,2.73,4300
TRIB,20070412,9.51,9.65,9.3,9.63,17100
TRMB,20070412,13.615,13.735,13.515,13.725,342900
TRMK,20070412,27.35,27.64,27.03,27.62,170900
TRNS,20070412,5.24,5.24,5.24,5.24,0
TROW,20070412,48.27,48.64,47.93,48.6,574000
TRST,20070412,9.36,9.39,9.31,9.38,389300
TRUE,20070412,19.35,19.35,19.26,19.3,15200
TSBK,20070412,17.04,17.075,17.03,17.03,1400
TSCO,20070412,13.7325,13.885,13.635,13.83,1478700
TSEM,20070412,26.85,27.75,26.7,27.45,97300
TSRA,20070412,41.23,42.21,41,42.15,554000
TSRI,20070412,3.95,4.16,3.91,4,4500
TTEC,20070412,38.5,39.51,38.24,39.37,653500
TTEK,20070412,19.12,19.38,18.98,19.37,297500
TTMI,20070412,9.71,10.17,9.63,10.14,628700
TTWO,20070412,20.99,21.28,20.48,20.86,3490000
TUES,20070412,13.7,14.15,13.56,13.94,1064900
TVIA,20070412,0.37,0.37,0.35,0.36,176400
TWIN,20070412,21.35,22.485,21.35,22.39,10300
TWMC,20070412,5.46,5.87,5.35,5.46,42800
TXN,20070412,30.7,31.1,30.66,31,10804100
TXRH,20070412,14.15,14.3,14.06,14.13,329200
TZOO,20070412,36.93,37.3,36.43,37.29,303800
UBCP,20070412,10.53,10.65,10.53,10.55,1700
UBFO,20070412,19.3,19.3,18.65,19,14100
UBNK,20070412,14.9,14.9,14.77,14.9,3900
UBOH,20070412,16.05,16.05,16.05,16.05,0
UBSH,20070412,25.4,25.43,25.23,25.33,17000
UBSI,20070412,33.76,34.14,33.57,34.11,126500
UCBA,20070412,11.75,11.76,11.75,11.75,9300
UCBI,20070412,30.28,30.54,30.17,30.43,276800
UCFC,20070412,10.68,10.73,10.53,10.73,31600
UCTT,20070412,17.8,18.4,17.7,18.3,269000
UEIC,20070412,27.08,27.73,27.08,27.73,48000
UEPS,20070412,24.85,25.12,24.74,24.97,613900
UFCS,20070412,35.7,35.87,35.37,35.87,55300
UFPI,20070412,50.85,51.76,50.23,51.54,119000
UFPT,20070412,4.8,4.85,4.77,4.85,44100
UHAL,20070412,70.57,71,69.99,70.75,53800
ULBI,20070412,9.31,9.35,9.12,9.33,64700
ULTI,20070412,26.81,27.59,26.8,27.59,238500
UMBF,20070412,37.12,37.19,36.84,37.18,60600
UMPQ,20070412,25.53,25.72,25.36,25.71,411500
UNAM,20070412,11.13,11.4,11.08,11.12,13300
UNFI,20070412,29.94,30.28,29.9,30.26,210000
UNTY,20070412,11.69,11.69,11.69,11.69,700
URBN,20070412,26.74,26.94,26.07,26.74,2389800
URRE,20070412,1206,1230,1134,1200,696500
USAK,20070412,16.04,16.05,15.92,16.03,117600
USAP,20070412,50.06,50.31,49.18,49.98,89800
USAT,20070412,12,12.2,11.22,11.86,133800
USEG,20070412,35.04,35.1,33.72,34.26,86500
USLM,20070412,33.37,33.5,33.21,33.49,2100
UTEK,20070412,13.77,13.95,13.75,13.91,88500
UTHR,20070412,26.17,27.17,26.06,27.085,1123600
UTMD,20070412,32.45,32.66,32.45,32.5,900
UTSI,20070412,23.55,24,23.25,23.97,2150100
UVSP,20070412,24.15,24.4,24.1,24.4,4400
VALU,20070412,44.97,45.28,44.94,45.2,1800
VASC,20070412,10,10.06,10,10,28100
VBFC,20070412,248.32,248.32,248.32,248.32,0
VDSI,20070412,17.6,17.85,17.5,17.82,352900
VECO,20070412,19.3,19.69,19.17,19.38,226700
VIA,20070412,39.83,40.17,39.67,40.09,44800
VIAB,20070412,39.76,40.19,39.64,40.1,2664500
VICL,20070412,52.9,52.9,50.7,51.3,252000
VICR,20070412,9.53,9.81,9.51,9.8,59400
VIVO,20070412,19.41,19.73,19.35,19.603,87700
VLGEA,20070412,24.9875,25.5,24.92,25.5,3400
VNDA,20070412,21.82,22.5,21.66,21.81,248500
VOD,20070412,27.39,27.53,27.24,27.47,2453100
VOXX,20070412,14.54,14.97,14.25,14.9,71400
VRSN,20070412,25.86,26.24,25.83,26.02,4149500
VRTB,20070412,20.8,21.16,20.2,20.56,62400
VRTX,20070412,31.12,32.05,31.02,31.55,3259200
VSAT,20070412,32.41,32.5,30.97,31.07,399000
VSEC,20070412,10.6375,10.8225,10.6375,10.8225,3000
VVUS,20070412,5.49,5.76,5.42,5.66,729000
WABC,20070412,46.84,47.03,46.49,46.93,198200
WAFD,20070412,22.58,22.85,22.57,22.82,284500
WASH,20070412,25.65,26.59,25.63,26.54,36300
WAYN,20070412,14.15,14.15,14.15,14.15,0
WBMD,20070412,54.69,56,54.56,55.96,59000
WDC,20070412,16.74,16.8,16.58,16.67,3320700
WDFC,20070412,35.31,36.48,35.31,36.41,107900
WERN,20070412,18.7,19.04,18.46,19.04,367900
WEYS,20070412,25.39,25.91,25.32,25.87,6800
WFM,20070412,22.125,22.25,21.91,22.085,1642000
WILC,20070412,7.3,7.41,7.22,7.3,23500
WINA,20070412,19.11,19.2,19,19.02,1300
WINS,20070412,7.11,7.15,7.07,7.11,13000
WIRE,20070412,24.86,25.06,24.75,25.01,273000
WLDN,20070412,9.55,9.8,9.51,9.8,1900
WLFC,20070412,10.64,10.64,10,10.5,13700
WMAR,20070412,17.13,17.37,16.95,16.97,263900
WMGI,20070412,22.83,23.42,22.83,23.33,276100
WOOF,20070412,37.54,39.18,37.52,38.87,1080300
WPCS,20070412,1777.16,1778.7,1767.92,1775.62,30200
WPPGY,20070412,75.9,76.68,75.78,76.33,47800
WRLD,20070412,39.62,40.71,39.27,40.71,180900
WSBC,20070412,29.73,29.76,29.59,29.73,84300
WSCI,20070412,3.76,3.79,3.71,3.76,800
WSFS,20070412,21.0733,21.3267,20.9333,21.2367,18700
WSTG,20070412,14.49,14.5,14.35,14.36,3800
WSTL,20070412,2.5,2.51,2.46,2.5,236600
WTBA,20070412,15.26,15.45,15.24,15.45,5900
WTFC,20070412,43.37,43.62,42.95,43.42,185200
WVFC,20070412,16.43,16.43,16.43,16.43,0
WVVI,20070412,6.97,6.97,6.85,6.93,2500
WYNN,20070412,98.26,100.64,97.63,100.17,850300
XLNX,20070412,25.73,26.04,25.53,25.89,3866700
XOMA,20070412,58.2,62.8,57.8,61.4,713200
XRAY,20070412,32.95,33.34,32.71,33.34,525100
XTLB,20070412,3.64,3.78,3.61,3.74,13300
XXIA,20070412,8.73,8.77,8.67,8.75,284300
YHOO,20070412,31.26,31.42,31.1,31.21,13905500
YORW,20070412,16.92,17.1,16.85,16.97,8700
YRCW,20070412,41.94,43.09,41.21,42.97,1496300
ZBRA,20070412,39.29,40,38.97,39.94,412300
ZEUS,20070412,32.38,32.75,32,32.23,63800
ZION,20070412,82.6,82.82,81.8,82.82,529200
ZIOP,20070412,5.06,5.08,4.96,5.05,20600
ZIXI,20070412,2.08,2.09,1.99,2.09,315900
ZUMZ,20070412,41.28,41.5,40.32,40.91,679300
