<ticker>,<date>,<open>,<high>,<low>,<close>,<vol>
AAME,20130429,3.52,3.62,3.52,3.55,10000
AAON,20130429,12.6533,12.7111,12.4889,12.5289,34000
AAPL,20130429,60.0786,61.9457,60,61.4457,22857700
AAWW,20130429,37.5,38.57,37.5,37.84,209300
AAXJ,20130429,59.52,59.85,59.37,59.68,405500
ABAX,20130429,41.4,42.67,41.4,42.43,320800
ABCB,20130429,13.89,13.99,13.58,13.78,18600
ABCD,20130429,0.95,0.98,0.95,0.97,8300
ABCO,20130429,46.9,48.49,46.88,48.47,159100
ABIO,20130429,16.59,16.94,15.75,15.89,50900
ABMD,20130429,17.96,18.21,17.74,18.13,102700
ABTL,20130429,4.24,4.32,4.24,4.3,11600
ACAD,20130429,13.5,13.92,13.07,13.19,3559400
ACAS,20130429,14.55,15.02,14.46,15.02,3810400
ACAT,20130429,44.15,44.7,44.07,44.36,58500
ACET,20130429,10.35,10.8,10.29,10.54,74800
ACFC,20130429,4.99,5.01,4.96,5.01,3300
ACGL,20130429,52.73,53.26,52.6,52.95,546800
ACHC,20130429,32,32.61,31.84,32.17,282200
ACHN,20130429,7.43,7.46,7.25,7.4,585700
ACIW,20130429,15.4833,15.5867,15.47,15.4967,146100
ACLS,20130429,5.08,5.24,5,5.24,1020200
ACNB,20130429,16.5,16.5,16.4,16.4,6300
ACOR,20130429,38.92,39.55,38.77,39.27,328700
ACPW,20130429,4.34,4.5,4.33,4.47,79500
ACRX,20130429,5.98,5.98,5.77,5.9,107100
ACST,20130429,23.1,23.9,22.1,23.9,25200
ACTG,20130429,23.57,23.73,23.46,23.6,570100
ACTS,20130429,3.3,3.39,3.27,3.35,186500
ACUR,20130429,2.65,2.65,2.51,2.54,357300
ACWI,20130429,51.76,52.11,51.68,52,421100
ACWX,20130429,43.76,44.24,43.76,44.19,526000
ACXM,20130429,19.25,19.63,19.25,19.56,152500
ADBE,20130429,44.89,45.59,44.82,45.06,3499100
ADES,20130429,13.1,13.27,13,13.265,24000
ADI,20130429,43.6,43.77,43.39,43.66,1548000
ADP,20130429,58.3846,59.0431,58.3757,58.9464,889100
ADRA,20130429,28.54,28.55,28.48,28.53,4200
ADRD,20130429,22.61,22.71,22.61,22.71,700
ADRE,20130429,38.57,38.66,38.42,38.6,68100
ADRU,20130429,22,22.09,22,22.09,800
ADSK,20130429,37.36,38.24,37.25,38.21,1722500
ADTN,20130429,20.64,20.87,20.26,20.29,781100
ADUS,20130429,12.31,12.44,11.82,11.92,78100
AEGN,20130429,21.23,21.37,20.87,21.07,186700
AEGR,20130429,37.85,40.96,37.26,40.9,1585200
AEHR,20130429,1.07,1.1,1.01,1.01,13600
AEIS,20130429,18.36,18.81,18.23,18.47,341800
AEPI,20130429,75.05,76.44,75.05,76.24,5100
AETI,20130429,5.49,5.49,5.49,5.49,300
AEY,20130429,2.39,2.4,2.34,2.4,9700
AEZS,20130429,180,187,180,185,75900
AFAM,20130429,20,20.02,19.61,19.79,12800
AFH,20130429,7.27,7.5,7.15,7.28,77400
AFSI,20130429,15.795,15.86,15.715,15.775,556100
AGEN,20130429,4.77,4.95,4.7,4.93,833900
AGII,20130429,40.95,41.33,40.9,41.02,57600
AGIIL,20130429,25.39,25.4,25.35,25.39,18900
AGNC,20130429,32.71,33.17,32.71,33.17,5241700
AGNCP,20130429,26.6,26.71,26.56,26.71,8000
AGYS,20130429,11.52,11.64,11.38,11.48,18900
AHGP,20130429,54.68,55.9,54.05,55.71,123300
AHPI,20130429,2.79,2.8,2.67,2.8,600
AIMC,20130429,25.47,26.14,25.27,25.96,114000
AINV,20130429,8.61,8.73,8.59,8.72,1725600
AIQ,20130429,11.77,12.37,11.59,12.25,52000
AIRM,20130429,36.5,37.32,36.5,37.14,843400
AIRT,20130429,9.19,9.24,9.19,9.24,1300
AIXG,20130429,14.24,14.4,14.19,14.36,162100
AKAM,20130429,42.4,43.22,42.26,43.03,3209100
AKRX,20130429,14.75,15.08,14.71,15.05,303300
ALCO,20130429,39.96,40.69,39.96,40.65,9400
ALGN,20130429,32.38,32.96,32.23,32.93,828800
ALGT,20130429,90.14,90.39,89.35,89.98,87100
ALIM,20130429,3,3,2.77,2.91,37000
ALKS,20130429,31.48,31.75,30.98,31.16,1062000
ALLT,20130429,11.07,11.43,10.95,11.35,336300
ALNY,20130429,23.88,24.15,23.62,23.72,159400
ALOG,20130429,79.52,79.65,78.99,79.22,17500
ALOT,20130429,10.01,10.18,9.99,9.99,8400
ALSK,20130429,1.63,1.64,1.61,1.62,147700
ALXN,20130429,99.55,99.58,98.27,98.66,1399000
AMAG,20130429,21.97,21.97,21.55,21.68,68100
AMAT,20130429,14.16,14.44,14.07,14.4,16446700
AMBA,20130429,13.76,14.47,13.75,14.19,727200
AMCC,20130429,7.35,7.46,7.28,7.35,304600
AMCN,20130429,1.65,1.65,1.5,1.62,96600
AMCX,20130429,63.26,63.94,63.06,63.65,254100
AMD,20130429,2.66,2.7,2.65,2.68,11207500
AMED,20130429,10.27,10.4,10.15,10.2,356500
AMGN,20130429,108.25,108.38,106.33,106.67,4293800
AMKR,20130429,4.26,4.33,4.22,4.23,1371600
AMNB,20130429,21.25,21.46,21.01,21.44,11400
AMOT,20130429,7.14,7.14,7.08,7.08,400
AMOV,20130429,20.64,20.82,20.58,20.7,19000
AMRB,20130429,7.87,7.93,7.55,7.92,119100
AMRI,20130429,11.15,11.59,11.15,11.57,434300
AMRN,20130429,7.08,7.1,6.85,6.96,3083300
AMRS,20130429,2.75,2.83,2.74,2.79,124700
AMSC,20130429,25.6,25.7,24.3,24.3,378700
AMSF,20130429,32.2,32.61,32.15,32.48,66900
AMSG,20130429,33.43,33.8,33.37,33.52,121300
AMSWA,20130429,8.13,8.27,8.12,8.26,22200
AMWD,20130429,33.34,34.4,33.07,33.36,111800
AMZN,20130429,254.9,257.01,249.15,249.74,7118500
ANAT,20130429,91.54,92.76,91.37,91.37,7500
ANCB,20130429,14.52,14.52,14.52,14.52,0
ANCX,20130429,12.23,12.42,12.01,12.32,29300
ANDA,20130429,10,10,10,10,0
ANDAU,20130429,10.09,10.09,10.09,10.09,0
ANDAW,20130429,0.2,0.2,0.2,0.2,0
ANDE,20130429,36.1533,36.3867,35.8533,36.2533,68400
ANGI,20130429,25.31,25.41,23.84,23.92,1857900
ANGO,20130429,10.15,10.17,10.09,10.11,50700
ANIK,20130429,12.45,12.76,12.36,12.7,27500
ANSS,20130429,77.5,79.31,77.46,78.87,188400
ANTH,20130429,4.64,4.72,4.48,4.56,836800
AOSL,20130429,8.76,8.84,8.58,8.6,47400
APEI,20130429,33.87,33.87,33.56,33.63,162800
APOG,20130429,25.5,25.78,25.04,25.23,329100
APOL,20130429,18.11,18.47,17.81,18.36,1543500
APPY,20130429,14.56,15.36,14.56,15.36,54900
APRI,20130429,26.1,27.4,25.9,26.9,134700
APWC,20130429,4.07,4.12,4.01,4.01,4600
ARAY,20130429,4.4,4.47,4.36,4.4,404000
ARCC,20130429,17.92,18.05,17.86,18.01,2244500
ARCI,20130429,1.47,1.48,1.37,1.46,9200
ARCW,20130429,2.016,2.016,2.004,2.016,1800
AREX,20130429,23,23.77,22.88,23.75,394300
ARIA,20130429,18.16,18.44,17.87,17.99,1951400
ARII,20130429,35.66,35.83,34.5,34.59,482400
ARKR,20130429,21.05,21.35,21.05,21.3,3700
ARLP,20130429,34.835,36.24,34.6,35.815,146200
ARNA,20130429,8.22,8.23,8.08,8.1,2402700
AROW,20130429,24.01,24.01,23.8,23.9,18600
ARQL,20130429,3.02,3.1,3,3.07,224000
ARRS,20130429,16.5,16.5,16.33,16.37,1209100
ARRY,20130429,6.03,6.18,5.99,6.06,748600
ARTNA,20130429,22.98,23.25,22.85,23.22,9700
ARTW,20130429,6.49,6.49,6.2,6.37,8900
ARTX,20130429,1.1,1.1,1.01,1.08,23600
ARWR,20130429,1.75,1.86,1.75,1.82,16500
ASBB,20130429,16.1,16.1,16,16,1700
ASCMA,20130429,65.83,66.22,64.75,65.59,46000
ASFI,20130429,9.5,9.52,9.38,9.47,3500
ASML,20130429,74.32,75.11,74.12,74.56,761100
ASNA,20130429,18.46,18.59,18.24,18.32,1192400
ASPS,20130429,82.04,83.32,81.57,83.19,539900
ASRV,20130429,3.05,3.05,3.03,3.03,11300
ASRVP,20130429,27.1,27.1,27.1,27.1,700
ASTC,20130429,0.8,0.81,0.75,0.8,17000
ASTE,20130429,32.7,33.3,32.65,32.87,85300
ASUR,20130429,5.02,5.15,5,5.15,2400
ASYS,20130429,3.82,3.82,3.62,3.7,26100
ATAI,20130429,4.08,4.08,4.08,4.08,0
ATAX,20130429,6.96,7.05,6.96,7.01,80400
ATEC,20130429,21.84,23.04,21.36,22.2,176900
ATHN,20130429,95.18,95.97,94.65,95.14,264800
ATHX,20130429,2.12,2.21,2.12,2.19,440000
ATLC,20130429,3.72,3.99,3.72,3.73,9900
ATLO,20130429,19.56,19.84,19.56,19.84,1600
ATNI,20130429,49.65,50.75,49.65,50.38,40700
ATOS,20130429,98.55,108.6,98.4,106.05,98600
ATRC,20130429,7.76,7.9,7.68,7.87,38600
ATRI,20130429,196.15,200.23,196.13,199.1,900
ATRO,20130429,22.425,23.0417,22.1583,22.9833,14700
ATRS,20130429,3.9,3.93,3.81,3.82,780400
ATSG,20130429,5.6,5.7,5.58,5.68,78900
ATTU,20130429,6,6.01,5.71,5.85,33200
ATVI,20130429,14.83,15.07,14.78,14.93,7122600
AUBN,20130429,21.75,21.75,21.75,21.75,100
AUDC,20130429,4.03,4.05,3.81,3.98,178700
AVAV,20130429,18.96,19.11,18.88,19.01,120400
AVEO,20130429,7.49,7.54,7.12,7.44,1825800
AVGO,20130429,32.35,32.79,32.2,32.53,2042900
AVHI,20130429,13.17,13.33,12.83,12.99,5500
AVID,20130429,6.78,6.84,6.68,6.71,62500
AVNW,20130429,38.04,38.64,37.32,38.52,187600
AWRE,20130429,4.89,5.06,4.82,4.87,63300
AXAS,20130429,2.23,2.23,2.19,2.21,365200
AXDX,20130429,5.94,6.49,5.86,6.16,21800
AXTI,20130429,2.91,2.97,2.87,2.95,244100
AZPN,20130429,30.08,30.38,29.72,30.26,443700
BABY,20130429,13.06,13.1,12.77,12.8,54600
BANF,20130429,42.08,42.08,41.21,41.59,4000
BANFP,20130429,26.56,26.56,26.56,26.56,1400
BANR,20130429,31.76,32.27,31.67,32.19,115200
BASI,20130429,1.49,1.55,1.49,1.54,10300
BBBY,20130429,67.31,69.33,66.97,68.39,2870700
BBGI,20130429,6.58,6.62,6.2,6.62,1200
BBOX,20130429,21.61,22.06,21.05,21.86,26100
BBRG,20130429,17.1,17.18,16.76,16.8,279300
BBRY,20130429,15.38,15.68,15.27,15.61,26639200
BBSI,20130429,54.36,54.79,53.7,54.07,47500
BCBP,20130429,10.47,10.47,10.35,10.47,1700
BCOM,20130429,7.25,7.57,7.05,7.57,1000
BCOR,20130429,14.81,14.82,14.7,14.77,293800
BCOV,20130429,5.97,6.19,5.95,6.07,502900
BCPC,20130429,42.91,43.37,42.41,43.15,41300
BCRX,20130429,1.91,1.99,1.89,1.97,1824600
BDE,20130429,9.97,10,9.84,9.95,91900
BDGE,20130429,20.4,20.66,20.26,20.39,23000
BDSI,20130429,5.39,5.46,5.35,5.43,114300
BEAT,20130429,2.92,2.97,2.9,2.91,31400
BEAV,20130429,61.5,62.2,61.18,62.19,661400
BEBE,20130429,5.21,5.53,5.1,5.5,1138100
BECN,20130429,38.6,38.85,38.03,38.58,484600
BELFA,20130429,13.08,13.12,13.08,13.12,300
BELFB,20130429,14.94,15.16,14.81,14.92,12400
BFIN,20130429,7.73,7.89,7.73,7.87,6500
BGCP,20130429,5.67,5.86,5.65,5.78,1688700
BGFV,20130429,15.65,16.51,15.49,16.36,433800
BIB,20130429,23.105,23.2475,22.7975,22.8725,38700
BICK,20130429,23.77,23.93,23.76,23.87,9800
BIDU,20130429,86.4,88.07,85.14,85.49,5808900
BIIB,20130429,219.35,225,219.35,223.61,2066200
BIOL,20130429,5.93,6.05,5.01,5.28,1514300
BIOS,20130429,13.81,13.84,13.56,13.79,382600
BIS,20130429,39.61,39.82,39.5,39.82,2500
BJRI,20130429,36.12,36.37,34.59,34.62,412300
BKCC,20130429,9.75,9.92,9.71,9.92,608400
BKEP,20130429,8.91,8.96,8.81,8.85,14700
BKEPP,20130429,9.19,9.49,9.14,9.37,23700
BKMU,20130429,5.14,5.23,5.1,5.22,55900
BKSC,20130429,12.8,12.9,12.7,12.9,1900
BLDP,20130429,0.99,1,0.89,0.9,598300
BLDR,20130429,6.1,6.25,6.05,6.15,658100
BLIN,20130429,6.45,6.75,6.2,6.5,23100
BLKB,20130429,29.11,29.42,29.08,29.11,104400
BLMN,20130429,22,22.08,21.46,21.56,381300
BLMT,20130429,13.66,13.74,13.58,13.72,3500
BLRX,20130429,1.88,1.9,1.81,1.83,102500
BMRC,20130429,39.18,39.26,39,39.19,2500
BMRN,20130429,63.56,65.47,63.13,64.42,1139500
BMTC,20130429,22.88,22.93,22.75,22.84,8900
BNCL,20130429,8.95,8.97,8.7,8.72,150800
BNCN,20130429,9.59,9.93,9.59,9.81,43000
BNSO,20130429,1.39,1.39,1.39,1.39,3200
BOBE,20130429,42.78,43.47,42.54,42.82,104600
BOCH,20130429,5,5.07,5,5.04,38600
BOFI,20130429,10.08,10.25,9.95,10.125,65600
BOKF,20130429,62.21,62.65,61.99,62.41,31600
BONT,20130429,15.1,15.5,14.83,15.05,161800
BOOM,20130429,15.64,15.84,15.59,15.63,20800
BOSC,20130429,3.4,3.45,3.33,3.39,1900
BOTJ,20130429,7.5,7.92,7,7,6300
BPFH,20130429,9.67,9.75,9.59,9.65,362000
BPFHW,20130429,3.33,3.35,3.33,3.35,1000
BPOP,20130429,28.68,29.01,28.41,28.56,529200
BPOPM,20130429,23.35,23.35,23.35,23.35,0
BPOPN,20130429,24.2,24.2,24.1,24.1,2900
BRCD,20130429,5.82,5.89,5.76,5.79,6748800
BREW,20130429,7.51,7.59,7.31,7.42,23400
BRID,20130429,7.56,7.58,7.56,7.58,200
BRKL,20130429,8.44,8.45,8.22,8.37,453600
BRKR,20130429,17.87,17.87,17.58,17.77,912400
BRKS,20130429,9.41,9.66,9.3,9.64,174100
BSET,20130429,13.67,14.28,13.67,14.14,13800
BSFT,20130429,24.53,24.88,24.32,24.41,850700
BSPM,20130429,5.25,6.37,5.25,5.74,60100
BSQR,20130429,3.05,3.11,3.05,3.08,15300
BSRR,20130429,12.77,12.89,12.7,12.81,29400
BSTC,20130429,16.4,16.51,15.8,15.85,23500
BUR,20130429,2.5,2.5,2.5,2.5,1600
BUSE,20130429,4.32,4.32,4.25,4.27,83000
BV,20130429,7.05,7.24,6.94,6.95,290500
BVSN,20130429,8.57,8.61,8.42,8.5,56900
BWEN,20130429,4.42,4.76,4.36,4.72,197700
BWINA,20130429,23.44,23.44,23.44,23.44,0
BWINB,20130429,24.06,24.26,24.01,24.26,3600
BWLD,20130429,95.5,95.71,94.14,94.33,1834100
BYFC,20130429,0.81,0.81,0.8,0.8,14100
CA,20130429,26.05,26.68,25.99,26.63,2834000
CAAS,20130429,4.59,4.65,4.46,4.57,32200
CAC,20130429,32.71,32.96,32.7,32.75,7000
CACB,20130429,5.84,5.99,5.8,5.88,7400
CACC,20130429,100.7,101.27,100.11,100.12,58200
CADC,20130429,3.36,3.6,3.36,3.36,6700
CAKE,20130429,39.69,39.92,39.35,39.6,1305600
CALD,20130429,4.32,4.35,4.29,4.31,27700
CALI,20130429,3.24,3.27,2.91,2.95,145400
CALL,20130429,16.94,17.14,16.51,16.65,216400
CALM,20130429,21.18,21.225,21.045,21.185,39200
CAMP,20130429,10.8,11.34,10.74,10.76,373400
CAMT,20130429,1.41,1.49,1.41,1.45,13200
CAR,20130429,29.16,29.38,28.45,28.87,2513800
CARB,20130429,10.71,10.99,10.63,10.89,111500
CART,20130429,2.75,2.75,2.75,2.75,0
CARV,20130429,4.96,5.25,4.94,5.2,5800
CARZ,20130429,32.22,32.42,32.22,32.42,1500
CASH,20130429,27.02,27.39,26.6,26.89,15200
CASM,20130429,2.08,2.14,1.93,2.04,15500
CASS,20130429,41.95,41.95,41.47,41.8,6100
CASY,20130429,58.75,58.75,57.86,58.08,222000
CATM,20130429,27.82,28.25,27.82,28.09,134000
CATY,20130429,19.55,19.61,19.37,19.53,131000
CAVM,20130429,29.86,30.96,29.81,30.69,918600
CBAK,20130429,0.67,0.71,0.64,0.64,160100
CBAN,20130429,5.99,6.2,5.99,6.2,9300
CBF,20130429,17.57,17.63,17.37,17.37,95800
CBLI,20130429,35.8,36.8,35,36.8,251300
CBMX,20130429,48.15,49.5,48.15,48.45,70500
CBMXW,20130429,0.42,0.42,0.42,0.42,0
CBOE,20130429,36.49,37.09,36.48,37.04,426100
CBPO,20130429,25.19,25.83,24.51,25.36,12900
CBRL,20130429,81.85,82.49,81.5,82.16,67100
CBSH,20130429,39.7,39.97,39.7,39.85,241700
CCBG,20130429,12.5,12.51,12.31,12.41,4600
CCCL,20130429,17.52,17.52,17.04,17.12,8800
CCIH,20130429,3.79,3.79,3.75,3.79,12100
CCMP,20130429,33,33.19,32.69,32.94,68700
CCNE,20130429,16.2,16.2,16,16.08,6100
CCOI,20130429,27.99,27.99,27.48,27.66,428600
CCRN,20130429,5,5.02,4.91,4.99,88900
CCUR,20130429,6.84,6.89,6.66,6.78,58800
CCXI,20130429,12.65,12.85,12.41,12.56,73700
CDNS,20130429,13.73,13.89,13.57,13.84,2346400
CDTI,20130429,10.25,10.25,9.85,10.05,70900
CDXS,20130429,2.25,2.36,2.19,2.32,246800
CDZI,20130429,5.61,5.64,5.52,5.6,20500
CECE,20130429,11.52,11.78,11.46,11.71,68400
CECO,20130429,2.21,2.29,2.2,2.29,326800
CELG,20130429,60.14,60.46,59.16,59.235,3512600
CELGZ,20130429,7.1,7.13,7.1,7.1,1600
CEMI,20130429,4.56,4.76,4.56,4.63,10900
CEMP,20130429,6.3,6.35,6.03,6.07,14500
CENT,20130429,8.99,8.99,8.75,8.84,11900
CENTA,20130429,8.87,8.99,8.87,8.91,68300
CENX,20130429,6.78,7.78,6.78,7.56,3223000
CERN,20130429,47.185,47.765,47.055,47.395,877100
CERS,20130429,5.33,5.43,5.3,5.34,709700
CETV,20130429,3.84,4.02,3.67,3.82,308300
CEVA,20130429,14.93,15.1,14.92,15.05,39100
CFBK,20130429,1.5,1.5,1.5,1.5,2600
CFFI,20130429,38.56,39.64,38.56,39.59,20800
CFFN,20130429,11.92,11.97,11.8,11.9,668500
CFNB,20130429,15.51,15.77,15.51,15.58,4400
CFNL,20130429,15.28,15.4,15.21,15.24,118400
CG,20130429,32.19,32.44,31.27,31.42,275800
CGEN,20130429,5.95,6.09,5.45,5.74,117500
CGNX,20130429,18.865,19.09,18.865,19.025,165900
CGO,20130429,14.44,14.47,14.25,14.25,22800
CHCI,20130429,3.39,3.42,2.97,3.06,586200
CHCO,20130429,37.4,38.28,37.4,37.97,14300
CHDN,20130429,74.5,75.78,74.26,75.54,34400
CHEF,20130429,18.51,18.57,18.25,18.44,94400
CHFC,20130429,24.32,24.5,24.21,24.4,21500
CHFN,20130429,10.09,10.16,10.08,10.13,179000
CHI,20130429,12.67,12.73,12.66,12.73,148700
CHKE,20130429,13.08,13.12,13,13.08,14900
CHKP,20130429,45.13,45.74,45.12,45.61,2255500
CHMG,20130429,32.75,33.88,32.39,33.5,4800
CHNR,20130429,4.69,4.73,4.67,4.67,1000
CHRW,20130429,58.62,59.01,58.4,58.84,630300
CHSCP,20130429,31.97,32,31.9,32,12600
CHTR,20130429,102.17,102.17,100.71,101.62,294500
CHUY,20130429,32.86,32.94,32.33,32.65,161400
CHW,20130429,8.97,9.01,8.94,8.99,143200
CHY,20130429,12.85,12.96,12.85,12.95,197800
CIDM,20130429,14.8,14.8,14.3,14.5,47700
CIFC,20130429,7.65,7.74,7.65,7.74,2100
CINF,20130429,48.18,48.4,47.96,48.29,559800
CISG,20130429,6.44,6.44,6.3,6.37,7600
CIZN,20130429,19.26,20,19.25,20,1300
CJJD,20130429,0.7,0.7,0.65,0.65,4400
CKEC,20130429,17.34,17.5,17.18,17.47,155800
CLBH,20130429,10.87,11.38,10.87,11.25,36000
CLCT,20130429,11.6,11.79,11.6,11.79,30000
CLDX,20130429,13.76,13.94,13.33,13.39,751600
CLFD,20130429,6.54,7.18,6.41,6.96,125800
CLIR,20130429,8.1,9.45,8.05,9.34,427200
CLMS,20130429,11.3,11.49,11.3,11.32,70900
CLMT,20130429,37.77,38.1,37.72,37.88,726200
CLNE,20130429,13.09,13.41,13.04,13.27,1050600
CLNT,20130429,3.37,3.49,3.3,3.39,58300
CLRO,20130429,8.8,9.15,8.69,9.1,53000
CLSN,20130429,0.88,0.9,0.86,0.88,497400
CLUB,20130429,10.13,10.28,10.12,10.24,28600
CLVS,20130429,37.5,38.3,37.45,37.49,136300
CLWT,20130429,2.77,2.84,2.75,2.84,2400
CMCO,20130429,18.3,18.71,18.15,18.57,29800
CMCSA,20130429,41.62,41.69,41.28,41.49,8376900
CME,20130429,60.98,61.25,60.67,60.84,1174600
CMLS,20130429,25.84,26.32,25.44,26,62100
CMRX,20130429,18.7,19.03,18.56,19.02,26000
CMTL,20130429,23.91,24.14,23.76,24.02,38900
CNBKA,20130429,33.33,33.33,31.88,33.08,4400
CNET,20130429,0.73,0.78,0.73,0.77,15800
CNIT,20130429,1.44,1.44,1.28,1.39,95600
CNMD,20130429,31.86,31.86,31.62,31.66,85100
CNOB,20130429,11.86,11.93,11.61,11.74,8100
CNSL,20130429,18.08,18.27,18.08,18.17,121600
CNTF,20130429,4.9,4.95,4.8,4.8,190700
CNTY,20130429,2.92,2.93,2.88,2.9,50100
COBZ,20130429,7.99,8.18,7.99,8.18,83600
COHR,20130429,54.41,55.36,54.38,55.04,136500
COHU,20130429,9.48,9.82,9.48,9.59,23900
COKE,20130429,61.24,61.82,61.06,61.42,14600
COLB,20130429,21.37,21.54,21.31,21.47,178200
COLM,20130429,29.305,29.895,29.305,29.42,153200
CONE,20130429,24.12,24.84,24.06,24.23,248100
CONN,20130429,44.48,44.96,43.46,43.56,400300
COOL,20130429,25.62,25.62,23.94,24.36,180100
CORE,20130429,13.135,13.135,13.0025,13.09,9900
CORT,20130429,1.76,1.84,1.74,1.76,107700
COST,20130429,109.3,109.47,108.47,108.63,1728200
COWN,20130429,2.51,2.54,2.47,2.51,493600
CPAH,20130429,18.8,18.8,18.8,18.8,500
CPHC,20130429,11.35,11.35,11.35,11.35,400
CPIX,20130429,4.71,4.72,4.67,4.7,23200
CPLA,20130429,36.01,36.69,36.01,36.44,37400
CPLP,20130429,8.8,8.9,8.78,8.85,215500
CPRT,20130429,34.43,35,34.41,34.93,716500
CPRX,20130429,0.95,0.95,0.87,0.89,1076000
CPSI,20130429,52.85,53.78,52.75,53.04,105900
CPSS,20130429,8.6,9.03,8.4,8.82,186700
CPST,20130429,17.8,17.8,17.4,17.4,771800
CRAI,20130429,18.16,18.32,17.75,17.83,46000
CRAY,20130429,21.06,21.06,20.74,20.88,331800
CRDS,20130429,43.8,48,43.2,46.8,150000
CREE,20130429,55.8,57.3,55.52,56.24,2440800
CREG,20130429,9.1,16,9.1,11.1,463500
CRESY,20130429,8.65,8.75,8.54,8.57,85000
CRIS,20130429,3.78,4.08,3.78,4.03,1470500
CRME,20130429,2.38,2.4,2.3,2.37,53100
CRMT,20130429,45.04,45.94,45.04,45.81,12400
CRNT,20130429,3.73,3.85,3.72,3.8,45400
CROX,20130429,15.87,16.15,15.75,15.98,1099400
CRUS,20130429,18.18,19.57,18,19.15,5415900
CRVL,20130429,23.81,24.075,23.615,23.7,10700
CRWS,20130429,6.08,6.1,6.04,6.04,26500
CRZO,20130429,24.86,25.05,24.39,24.74,975900
CSBK,20130429,11.83,12.06,11.83,11.91,1500
CSCO,20130429,20.65,21.07,20.47,20.98,29476100
CSFL,20130429,8.07,8.28,7.99,8.21,19800
CSGP,20130429,108.1,109.66,107.95,108.44,125800
CSGS,20130429,21.3,21.52,21.25,21.45,277800
CSII,20130429,17.1,17.84,17,17.79,141200
CSIQ,20130429,5.35,6.09,5.3,5.84,2671500
CSOD,20130429,34.14,35.3,33.9,35.15,309000
CSPI,20130429,5.58,5.6,5.5,5.5,1500
CSQ,20130429,10.61,10.61,10.57,10.59,267500
CSTE,20130429,24.13,24.49,23.8,23.91,136800
CSTR,20130429,54.94,55.04,53.42,53.62,961200
CSWC,20130429,28.97,29.245,28.8875,28.9975,2600
CSX,20130429,24.49,24.69,24.29,24.61,4925600
CTAS,20130429,44.67,45.08,44.51,44.79,258300
CTBI,20130429,34.28,34.52,34.15,34.17,13600
CTHR,20130429,3.9,3.95,3.8,3.85,22800
CTIB,20130429,5.05,5.09,4.74,5.04,2900
CTIC,20130429,1.18,1.19,1.15,1.17,1135500
CTRN,20130429,11.7,11.94,11.6,11.84,45400
CTRP,20130429,11.18,11.27,10.865,10.92,1374900
CTSH,20130429,31.135,31.58,31.075,31.465,5113900
CTWS,20130429,28.17,28.46,28.17,28.2,14100
CTXS,20130429,61.89,62.47,61.53,62.15,2095900
CUBA,20130429,8.8,8.94,8.73,8.86,8500
CUI,20130429,5.9,5.9,5.64,5.65,26400
CUNB,20130429,14,14.1,13.94,14.09,18100
CUTR,20130429,10.98,11.15,10.96,11.01,60900
CVBF,20130429,10.73,10.84,10.73,10.84,221800
CVCO,20130429,45.43,46.15,45.43,45.65,6500
CVCY,20130429,8.19,8.25,8.07,8.15,1700
CVGI,20130429,7.3,7.48,7.25,7.3,100700
CVGW,20130429,28.44,28.65,28.31,28.4,12900
CVLT,20130429,72.61,74.47,71.56,73.96,489700
CVLY,20130429,16.75,16.8,16.58,16.58,2200
CVTI,20130429,5.46,5.52,5.41,5.46,26800
CVV,20130429,10.19,10.24,10.06,10.1,23000
CWBC,20130429,4.55,4.78,4.55,4.76,7600
CWCO,20130429,9.94,9.99,9.82,9.95,30400
CWST,20130429,4.17,4.3,4.17,4.27,76500
CXDC,20130429,4.04,4.04,3.97,4.01,19400
CY,20130429,9.95,10.11,9.93,10.04,1873800
CYAN,20130429,4.33,4.46,4.3,4.32,14000
CYBE,20130429,5.4,5.59,5.35,5.5,19300
CYCC,20130429,56.4,57.6,55.2,55.92,45400
CYCCP,20130429,8.1,8.1,8.1,8.1,0
CYNO,20130429,25.42,25.9,25.26,25.71,185900
CYOU,20130429,29.9,29.9,27.88,28.98,383000
CYTK,20130429,7.92,7.92,7.2,7.5,1954400
CYTR,20130429,2.72,2.79,2.68,2.77,108100
CYTX,20130429,40.8,41.55,40.2,41.1,105600
CYTXW,20130429,0.9,0.9,0.9,0.9,5500
CZFC,20130429,8.14,8.36,8.1,8.21,5100
CZNC,20130429,19.34,19.45,19,19.07,13000
CZR,20130429,16.17,16.8,15.75,15.81,496800
CZWI,20130429,7.05,7.05,7.04,7.05,9700
DAIO,20130429,1.65,1.65,1.63,1.63,8900
DAKT,20130429,9.62,9.79,9.62,9.79,84500
DAVE,20130429,11.16,11.3,10.62,11.23,31800
DCIX,20130429,45.04,45.6,44.64,45.28,364700
DCOM,20130429,14.15,14.17,14.05,14.14,68100
DCTH,20130429,24.16,24.48,21.92,22.24,4007000
DENN,20130429,5.68,5.72,5.66,5.69,302700
DEPO,20130429,5.49,5.62,5.49,5.53,204600
DEST,20130429,23.35,23.54,23.22,23.49,95600
DFRG,20130429,16.5,16.92,16.36,16.71,125300
DFVS,20130429,36.38,36.39,36.38,36.39,2500
DGAS,20130429,21.5,21.76,21.5,21.72,7200
DGICA,20130429,14.88,14.88,14.69,14.73,12200
DGICB,20130429,25.03,25.04,25.03,25.04,700
DGII,20130429,9.09,9.39,9.09,9.3,46300
DGLY,20130429,4.26,4.42,4.26,4.42,2400
DHIL,20130429,74.72,75.68,74.72,75,8500
DHRM,20130429,1.96,1.96,1.9,1.9,2700
DIOD,20130429,19.38,19.71,19.31,19.62,140300
DISCA,20130429,79.11,79.33,78.63,78.83,1273400
DISCB,20130429,78.73,78.73,78.73,78.73,1300
DISCK,20130429,35.445,35.545,35.3,35.435,384900
DISH,20130429,39.8,40.81,39.65,40.56,2853700
DJCO,20130429,105.5,105.5,105.5,105.5,200
DLBS,20130429,26.14,26.44,26.02,26.43,9900
DLHC,20130429,0.78,0.95,0.78,0.95,2400
DLTR,20130429,48.2,48.34,47.66,47.79,1333000
DMLP,20130429,23.41,23.58,23.25,23.43,125100
DMRC,20130429,21.57,21.94,21.37,21.79,20100
DNBF,20130429,17,17.35,16.95,17.35,2000
DNKN,20130429,38.82,38.87,38.53,38.54,609800
DORM,20130429,36.35,36.49,36.03,36.33,229500
DRAD,20130429,2.62,2.64,2.59,2.6,26100
DRAM,20130429,6.78,6.78,6.78,6.78,0
DRRX,20130429,1.3,1.34,1.25,1.25,651700
DRWI,20130429,47.25,49.75,47,48,180800
DRYS,20130429,2760,2820,2730,2775,3055800
DSCI,20130429,11.33,11.95,11.33,11.9,35300
DSGX,20130429,9.71,9.77,9.66,9.74,26800
DSPG,20130429,7.87,8.21,7.87,8.06,86300
DSWL,20130429,2.7,2.7,2.6,2.67,29900
DTLK,20130429,10.05,10.61,10.05,10.34,79900
DTSI,20130429,16.48,16.48,16.1,16.2,20600
DTUS,20130429,39.64,39.64,39.64,39.64,0
DTYS,20130429,23.86,23.95,23.83,23.9,7500
DVAX,20130429,24.5,24.6,23.7,24,830700
DVCR,20130429,5.08,5.08,5.08,5.08,0
DWCH,20130429,12.7,13.4,12.65,12.98,10800
DWSN,20130429,31.25,31.42,30.07,30.6,45100
DXCM,20130429,15.63,15.89,15.53,15.85,389800
DXLG,20130429,4.9,5.01,4.87,4.95,141900
DXPE,20130429,67.77,68.31,65.62,66.78,49500
DXYN,20130429,6.11,6.14,5.99,6.03,10600
DYNT,20130429,2.65,2.77,2.62,2.7,2900
DYSL,20130429,0.75,0.8,0.7,0.74,16500
EA,20130429,17.9,18,17.71,17.77,2115900
EAC,20130429,19.89,20.05,19.15,19.42,105700
EBAY,20130429,22.1516,22.3116,21.9832,22.2484,7171200
EBIX,20130429,18.54,18.75,18.33,18.5,246100
EBMT,20130429,10.75,10.75,10.75,10.75,100
EBSB,20130429,7.4755,7.4755,7.2508,7.3366,9300
EBTC,20130429,16.3,16.34,16.04,16.09,1900
ECHO,20130429,17.96,18.02,17.45,17.56,273200
ECOL,20130429,26.4,26.82,26.39,26.73,46400
ECPG,20130429,28.2,28.5,28,28.25,320200
ECYT,20130429,14.14,14.4,14.1,14.11,234700
EDAP,20130429,3.64,3.7,3.53,3.62,38200
EDGW,20130429,3.84,4.18,3.84,4.14,3100
EDUC,20130429,3.55,3.67,3.54,3.64,18000
EEFT,20130429,29.47,30.3,29.47,30.1,157800
EEI,20130429,12.25,12.3,12.22,12.3,700
EEMA,20130429,56.1,56.38,55.92,56.29,8400
EFII,20130429,26.59,26.76,26.4,26.69,172200
EFSC,20130429,14.27,14.44,14.18,14.25,23700
EFUT,20130429,2.8,2.86,2.76,2.79,5500
EGAN,20130429,8.04,8.11,7.76,7.97,65100
EGBN,20130429,23.1,23.13,22.96,23.04,58700
EGHT,20130429,7.28,7.43,7.25,7.32,333600
EGLE,20130429,1180.8,1260,1170,1238.4,332900
EGOV,20130429,17.35,17.56,17.26,17.54,235700
EGT,20130429,2,2,1.94,1.98,26400
EHTH,20130429,21.04,21.52,21,21.07,137800
ELGX,20130429,15.01,15.03,14.55,14.63,408200
ELNK,20130429,5.56,5.6,5.52,5.58,369500
ELON,20130429,21.3,22.5,21.2,21.7,172800
ELOS,20130429,8.75,8.94,8.65,8.93,233900
ELSE,20130429,4.5,4.5,4.33,4.48,3500
ELTK,20130429,1.22,1.34,1.22,1.28,32700
EMCB,20130429,80,80.1,79.91,80.1,12400
EMCF,20130429,23.98,23.98,23.04,23.1,900
EMCI,20130429,18.8,19.1,18.68,18.8,10000
EMIF,20130429,35.62,35.72,35.58,35.64,6600
EMITF,20130429,135.6,136.8,132,132.6,5200
EMKR,20130429,4.54,4.54,4.32,4.37,272000
EML,20130429,16.08,16.59,15.97,16.34,18200
EMMS,20130429,6.04,6.2,6.04,6.12,44700
ENDP,20130429,36.44,36.8,36.29,36.45,1810100
ENG,20130429,0.41,0.42,0.39,0.39,45600
ENOC,20130429,17.57,17.68,17.41,17.47,163300
ENPH,20130429,7.16,7.58,7,7.11,386600
ENSG,20130429,17.4,17.41,17.2,17.31,38600
ENT,20130429,9.61,9.79,9.6,9.75,12000
ENTA,20130429,21.29,21.29,20.05,20.43,89800
ENTG,20130429,9.51,9.62,9.47,9.5,592100
EPAY,20130429,25.61,25.93,25.39,25.9,133500
EQIX,20130429,213.24,214.87,210.33,210.97,704900
ERIC,20130429,12.26,12.31,12.24,12.25,2246100
ERIE,20130429,79.03,79.74,79.03,79.26,17000
ERII,20130429,3.72,3.76,3.62,3.68,73200
ERS,20130429,5.05,5.21,5.02,5.05,36100
ESBK,20130429,24.12,24.23,24,24,1800
ESCA,20130429,5.72,5.77,5.72,5.72,7500
ESEA,20130429,1.1,1.15,1.1,1.13,82300
ESGR,20130429,126.45,127.58,126.01,126.82,21000
ESIO,20130429,10.57,10.73,10.56,10.6,33500
ESLT,20130429,41.8,42.18,41.43,42.08,6300
ESMC,20130429,1.17,1.18,1.03,1.15,3600
ESRX,20130429,57.91,59,57.74,58.44,7692000
ESSA,20130429,10.74,10.84,10.74,10.8,12900
ESXB,20130429,3.27,3.35,3.26,3.3,10200
ETFC,20130429,10.25,10.36,10.19,10.31,2895700
ETRM,20130429,13.35,13.8,13.05,13.8,288300
EUFN,20130429,20.72,20.95,20.69,20.84,76300
EVBS,20130429,5.92,6,5.92,5.93,16400
EVEP,20130429,47,47.31,46.68,47,311600
EVK,20130429,2.19,2.27,2.11,2.2,10900
EVOL,20130429,5.91,6.02,5.82,5.82,14800
EWBC,20130429,24.04,24.21,23.87,24.11,476800
EXA,20130429,7.5,7.73,7.36,7.72,100800
EXAC,20130429,18.45,18.5,18.3,18.47,9400
EXAS,20130429,8.85,9.27,8.81,9.24,2024200
EXEL,20130429,5.27,5.27,5.14,5.19,2033300
EXFO,20130429,4.51,4.7,4.48,4.62,21800
EXLS,20130429,31.99,32.21,31.68,32.07,50000
EXPD,20130429,35.44,35.79,35.31,35.66,725000
EXPE,20130429,58.73,58.97,55.75,56.06,6414900
EXPO,20130429,26.415,26.53,26.41,26.495,39200
EXTR,20130429,3.29,3.37,3.24,3.29,400500
EZPW,20130429,17.15,17.3,16.65,16.77,937600
FALC,20130429,1.59,1.69,1.58,1.65,160700
FANG,20130429,26.98,26.98,25.78,26.04,343400
FARM,20130429,15.09,15.17,14.84,15.11,7900
FARO,20130429,37.25,37.75,36.61,37.4,72800
FAST,20130429,49.51,50.21,49.09,49.92,1122300
FB,20130429,27.16,27.41,26.86,26.98,29126000
FBIZ,20130429,27.56,27.56,27.2,27.53,700
FBMS,20130429,11.57,12.75,11.5,12.75,13500
FBNC,20130429,12.45,12.78,12.4,12.64,26900
FBNK,20130429,14.53,14.55,14.4,14.52,44900
FBRC,20130429,20.57,20.62,20.3,20.5,45400
FBSS,20130429,12.2,12.2,12.2,12.2,500
FCAP,20130429,19.93,19.93,19.93,19.93,0
FCBC,20130429,15.45,15.62,15.28,15.56,11600
FCCO,20130429,8.85,9.15,8.85,8.9,1000
FCCY,20130429,8.6,8.72,8.6,8.6,2700
FCEL,20130429,12.48,13.2,12.24,12.84,1818300
FCNCA,20130429,182.97,184,181.9,183.08,3300
FDEF,20130429,22.36,23,22.36,22.94,9600
FDML,20130429,6.82,7.28,6.79,7.25,326500
FDUS,20130429,18.78,19.03,18.56,18.82,91000
FEIM,20130429,9.76,10.04,9.6,9.91,12200
FELE,20130429,31.76,32.14,31.63,31.82,84800
FES,20130429,3.59,3.71,3.59,3.68,17000
FFBC,20130429,15.51,15.54,15.39,15.48,132500
FFBCW,20130429,5.22,5.22,5.22,5.22,0
FFHL,20130429,1.19,1.26,1.1,1.26,6200
FFIC,20130429,15.31,15.31,15.02,15.2,106900
FFIN,20130429,24.445,24.76,24.165,24.62,40000
FFIV,20130429,74.27,77.03,73.65,75.96,1840300
FFKT,20130429,18.66,18.69,18.14,18.55,13500
FFNW,20130429,7.81,8.07,7.62,8.05,26100
FHCO,20130429,7.72,7.79,7.7,7.74,43600
FIBK,20130429,19.27,19.92,19.27,19.53,135300
FINL,20130429,19.17,19.34,19.01,19.08,329800
FISI,20130429,19.24,19.52,19.24,19.4,11400
FISV,20130429,45.05,45.465,45.01,45.42,590200
FITB,20130429,16.77,16.89,16.76,16.83,4412500
FIVE,20130429,37.47,37.49,36.25,36.5,343900
FIZZ,20130429,14.54,14.72,14.52,14.6,16200
FLAT,20130429,64.42,64.45,64.42,64.42,200
FLDM,20130429,18.15,18.44,17.52,17.56,89400
FLEX,20130429,6.9,7,6.89,6.98,2496900
FLIC,20130429,19.8733,19.9667,19.72,19.86,6300
FLIR,20130429,24.11,24.27,23.91,24.15,1854000
FLL,20130429,2.74,2.75,2.71,2.73,51600
FLML,20130429,4.91,5.04,4.91,4.98,28200
FLWS,20130429,5.89,6.15,5.82,6.05,355000
FLXS,20130429,20.45,20.8,20.44,20.53,12500
FMBI,20130429,12.35,12.6,12.33,12.58,346500
FMNB,20130429,6.55,6.6,6.5,6.57,5900
FNGN,20130429,36.58,36.58,36.1,36.34,175500
FNHC,20130429,7.2,7.3,7.12,7.12,7500
FNLC,20130429,16.71,17.45,16.71,17.25,10000
FNSR,20130429,12.99,13.1,12.8,12.96,1480600
FOLD,20130429,3.19,3.35,3.14,3.22,243600
FONE,20130429,27.07,27.38,27.07,27.28,2400
FONR,20130429,7.13,7.22,7.08,7.09,21400
FORD,20130429,1.87,1.94,1.87,1.88,8600
FORM,20130429,4.84,4.93,4.77,4.9,128400
FORR,20130429,35.69,35.98,35.6,35.85,113200
FORTY,20130429,20.15,20.33,20.15,20.33,1300
FOSL,20130429,95.5,96.02,94.61,95.29,556100
FRAN,20130429,29.28,29.53,28.13,28.41,1308700
FRBK,20130429,2.73,2.8,2.72,2.74,11800
FRED,20130429,14.22,14.26,14.04,14.09,99000
FRGI,20130429,26.23,26.46,26.05,26.31,199200
FRME,20130429,16.26,16.27,15.94,16.12,46800
FRP,20130429,8.08,8.4,8.08,8.17,47300
FSBK,20130429,6.7,6.77,6.56,6.64,10800
FSBW,20130429,15.99,16.4,15.81,16.25,12700
FSC,20130429,10.97,11.04,10.9,11.03,1631200
FSCFL,20130429,25.2,25.24,25.07,25.19,35800
FSFG,20130429,21.75,21.76,21.75,21.76,800
FSLR,20130429,44.67,46.25,44.3,45.57,7079400
FSTR,20130429,39.85,41.24,39.85,41.24,19700
FTEK,20130429,4.04,4.07,3.98,4,64000
FTNT,20130429,17.5,17.95,17.4,17.85,2102800
FTR,20130429,4.08,4.15,4.07,4.14,7995800
FULT,20130429,11.07,11.12,11,11.08,301100
FUNC,20130429,8.24,8.41,8.24,8.41,500
FUND,20130429,6.71,6.77,6.68,6.76,40300
FWRD,20130429,36.7,36.93,36.46,36.6,42800
GABC,20130429,20.95,21.05,20.9,21.05,3700
GAIA,20130429,4.33,4.35,4.21,4.21,7600
GAIN,20130429,7.35,7.44,7.34,7.44,87400
GALE,20130429,51,57,50.8,55,5268500
GALT,20130429,4.28,5.22,4.28,4.98,887000
GALTU,20130429,10.35,11.85,10.35,11.77,6500
GALTW,20130429,1.25,1.89,1.25,1.78,76900
GARS,20130429,15.27,15.28,15.07,15.18,35100
GASS,20130429,10.06,10.18,9.95,10.15,301800
GBCI,20130429,18.25,18.42,18.24,18.34,153400
GBDC,20130429,17.44,17.6,17.4,17.52,400900
GBLI,20130429,21.72,21.73,21.51,21.69,4000
GBNK,20130429,10.25,10.55,10.25,10.5,59100
GCBC,20130429,10.06,10.06,10.06,10.06,200
GCVRZ,20130429,1.7,1.72,1.69,1.7,166900
GENC,20130429,4.7,4.7533,4.66,4.6667,7500
GENE,20130429,12.2,12.2,11.75,11.9,41700
GEOS,20130429,84.7,85.48,84.01,84.32,99500
GERN,20130429,1.15,1.17,1.14,1.17,353600
GEVO,20130429,26.1,28.2,25.8,26.85,1785400
GFED,20130429,10.01,10.07,9.95,9.95,4200
GFN,20130429,4.47,4.48,4.47,4.48,20900
GGAL,20130429,5.72,5.8,5.55,5.66,37500
GHDX,20130429,30.2,30.38,30.09,30.28,68300
GIFI,20130429,19.81,20.46,19.75,20.16,41300
GIGA,20130429,1.51,1.51,1.51,1.51,1200
GIGM,20130429,5,5.1,5,5.1,20400
GIII,20130429,20.365,20.57,20.055,20.31,111300
GILD,20130429,51.46,51.63,50.77,51.09,10815000
GILT,20130429,5.71,5.71,5.51,5.6,50000
GK,20130429,44.34,45.36,44.33,45.09,44600
GLAD,20130429,9.31,9.4,9.26,9.4,64700
GLBS,20130429,9,9.16,8.88,8.92,10800
GLBZ,20130429,12.5,12.95,12.4,12.4,800
GLDD,20130429,6.81,6.98,6.77,6.78,414100
GLDI,20130429,17.6,17.86,17.59,17.65,13500
GLNG,20130429,33.16,33.7,33.11,33.36,349700
GLRE,20130429,24.59,24.79,24.5,24.73,54900
GLUU,20130429,3.25,3.25,3.03,3.05,2978000
GMAN,20130429,11.55,11.66,11.5,11.51,50400
GMLP,20130429,32.64,32.64,31.75,31.83,40600
GNCMA,20130429,9.48,9.65,9.44,9.49,88500
GNMA,20130429,50.02,50.02,49.97,50.02,3500
GNMK,20130429,15.21,15.41,14.86,15.2,283800
GNTX,20130429,11.075,11.21,11.03,11.14,890000
GNVC,20130429,1.13,1.19,1.11,1.14,40700
GOLD,20130429,81.14,82.23,80.71,81.43,712100
GOOD,20130429,19.24,19.24,19.12,19.18,117200
GOODO,20130429,25.75,26,25.75,26,1800
GOODP,20130429,26.08,26.95,26.08,26.43,800
GOOG,20130429,401.625,411.35,401.5,409.53,2301600
GPIC,20130429,8.59,8.6,8.36,8.57,5700
GPOR,20130429,51.82,52.69,51.82,52.43,1252100
GPRE,20130429,12.43,12.78,12.36,12.48,302200
GRFS,20130429,15.01,15.295,15.005,15.29,252700
GRID,20130429,32.5,32.63,32.33,32.58,3700
GRIF,20130429,29.21,29.21,28.53,28.98,700
GRMN,20130429,34.94,35.29,34.72,35.24,739200
GROW,20130429,2.93,2.98,2.93,2.95,15500
GRPN,20130429,6.45,6.5,6.25,6.26,10535200
GRVY,20130429,10,10.24,10,10.16,37100
GSBC,20130429,25.83,26.25,25.77,26.09,21000
GSIT,20130429,6.25,6.29,6.21,6.25,21500
GSM,20130429,12.96,12.98,12.82,12.9,207500
GSOL,20130429,6.72,6.75,6.65,6.7,12100
GSVC,20130429,7.71,7.77,7.66,7.73,178900
GT,20130429,12.46,12.6,12.25,12.57,6787400
GTIM,20130429,3.15,3.3,2.98,3.3,25600
GTLS,20130429,77.06,78.11,76.3,77.49,348100
GTWN,20130429,13.81,14.15,13.81,14.15,300
GTXI,20130429,4.88,4.9,4.66,4.68,173800
GUID,20130429,10.76,10.9,10.67,10.7,42800
GULF,20130429,17.5,17.62,17.4,17.62,10800
GURE,20130429,1.04,1.07,1.02,1.03,78700
GYRO,20130429,73.06,73.8,72.7,72.98,5500
HA,20130429,5.42,5.44,5.34,5.36,956400
HAFC,20130429,15.42,15.52,15.21,15.39,209300
HAIN,20130429,33,34.105,32.375,32.545,419100
HALL,20130429,9.01,9.01,8.8,8.95,24600
HALO,20130429,6.3,6.36,6.24,6.29,482200
HAS,20130429,47.02,47.68,46.9,47.65,1318700
HAWK,20130429,24.5,24.5,23.62,24.06,248700
HAYN,20130429,48.52,49.63,47.86,49.34,56500
HBAN,20130429,7.15,7.16,7.11,7.13,4769600
HBANP,20130429,1325,1340,1325,1340,900
HBCP,20130429,18.26,18.61,18.26,18.53,2100
HBHC,20130429,26.94,27.23,26.79,27.04,936600
HBIO,20130429,4.77,4.85,4.72,4.75,73000
HBK,20130429,13.45,13.45,12.81,13.05,3300
HBMD,20130429,7.2,7.2,7.2,7.2,0
HBNC,20130429,12.68,12.7933,12.6133,12.7867,6000
HCCI,20130429,15.27,15.4,15.21,15.39,12800
HCKT,20130429,4.97,5.08,4.8,4.83,94900
HCOM,20130429,24.25,24.62,24.25,24.35,7600
HCSG,20130429,23.26,23.36,22.87,22.9,339400
HDNG,20130429,13.26,13.31,13.02,13.1,69600
HDSN,20130429,3.96,4,3.9,3.96,124100
HEES,20130429,19.72,20.2,19.65,20.08,253300
HELE,20130429,35.71,36.32,35.67,36.21,58400
HEOP,20130429,5.65,5.65,5.53,5.59,65200
HFBC,20130429,10.82,10.98,10.76,10.95,6400
HFBL,20130429,18,18,18,18,400
HFWA,20130429,13.55,13.94,13.55,13.83,11300
HGSH,20130429,12.2,12.5,8.77,9.35,257100
HIBB,20130429,54.41,55.09,53.87,54.38,250600
HIFS,20130429,68.67,68.95,68,68.7,1600
HIHO,20130429,1.73,1.73,1.73,1.73,0
HIIQ,20130429,14.57,15,14.5,14.99,27400
HIMX,20130429,5.35,5.78,5.28,5.61,7077800
HLIT,20130429,5.72,5.73,5.64,5.69,1103100
HMNF,20130429,7.51,7.56,7.3,7.42,24800
HMNY,20130429,3.25,3.49,3.2,3.4,5400
HMST,20130429,20.45,21.86,20.25,21.79,387200
HMSY,20130429,25.29,25.63,24.66,25.03,1037900
HMTV,20130429,13,13.5,12.8,13.14,58000
HNH,20130429,15.68,15.76,15.34,15.65,5700
HNRG,20130429,7.02,7.22,6.97,7.2,20100
HOFT,20130429,17.14,17.29,17.12,17.19,47400
HOLI,20130429,11.56,12.3,11.56,12.24,261000
HOLX,20130429,20.33,20.45,20.18,20.43,2604800
HOMB,20130429,9.9325,9.9325,9.8375,9.8675,115200
HOTR,20130429,2.89,2.89,2.13,2.45,24400
HOTRW,20130429,0.35,0.35,0.35,0.35,0
HOVNP,20130429,16.11,16.11,15.7,15.85,11100
HPJ,20130429,1.03,1.03,1.03,1.03,3200
HRZN,20130429,14.32,14.45,14.3,14.41,47600
HSIC,20130429,89.86,90.2,89.48,89.94,453500
HSII,20130429,12.79,13.19,12.79,13.06,38700
HSKA,20130429,8.38,8.47,8.3,8.47,4000
HSNI,20130429,53.3,53.35,52.84,52.93,200900
HSON,20130429,3.19,3.19,3.09,3.18,51300
HSTM,20130429,22.66,23.29,22.58,23.25,65600
HTBI,20130429,15.86,15.93,15.72,15.77,330900
HTBK,20130429,6.58,6.62,6.46,6.56,43900
HTHT,20130429,15.35,15.52,15.33,15.37,23800
HTLD,20130429,13.43,13.54,13.4,13.5,446400
HTLF,20130429,24.05,24.42,23.85,24.22,21500
HUBG,20130429,36.6,36.66,36.21,36.63,238200
HURC,20130429,26.29,26.29,25.88,26.29,8500
HURN,20130429,41.75,41.75,40.54,41.13,251300
HWAY,20130429,13.41,13.5,13.25,13.28,181700
HWBK,20130429,11.8,11.8,11.8,11.8,0
HWCC,20130429,13.48,13.78,13.48,13.78,24300
HWKN,20130429,36.67,36.83,36.34,36.58,12200
HYGS,20130429,8.56,8.75,8.15,8.18,19900
HYLS,20130429,51.29,51.58,51.15,51.55,71400
HZNP,20130429,2.5,2.5,2.38,2.4,324400
IART,20130429,34.01,34.4,33.69,34.31,137200
IBB,20130429,174,174.61,173,173.47,755800
IBCP,20130429,7.54,7.64,7.51,7.63,32600
IBKC,20130429,47,47.18,46.19,46.32,371900
IBKR,20130429,14.88,14.98,14.8,14.96,337500
IBOC,20130429,19.07,19.31,19.05,19.26,109700
IBTX,20130429,28.2,28.69,28.07,28.53,17400
ICAD,20130429,4.7,4.96,4.66,4.86,22900
ICCC,20130429,3.77,3.77,3.77,3.77,100
ICFI,20130429,25.86,26.98,25.85,26.65,42700
ICLN,20130429,8.26,8.44,8.26,8.43,14400
ICLR,20130429,31.4,31.65,30.91,31.59,498900
ICON,20130429,28.31,29.31,28.13,28.41,1449700
ICPT,20130429,34.51,34.96,33.9,34.29,27200
ICUI,20130429,59.93,60.13,59.46,60.05,61400
IDCC,20130429,42.87,44.26,42.8,43.59,463900
IDRA,20130429,0.72,0.74,0.72,0.73,43300
IDSA,20130429,3.15,3.15,3.01,3.09,11100
IDSY,20130429,5.69,5.69,5.39,5.5,113000
IDTI,20130429,6.9,6.99,6.85,6.93,821800
IDXX,20130429,44.23,44.535,44.07,44.18,749700
IEP,20130429,74.3,75,70.53,72.95,185600
IESC,20130429,5.85,5.88,5.85,5.85,300
IFEU,20130429,32.02,32.47,32.02,32.21,1200
IFGL,20130429,36.29,36.55,36.18,36.51,156100
IFON,20130429,0.54,0.58,0.5,0.52,24400
IGLD,20130429,2.9,2.91,2.83,2.85,4100
IGOV,20130429,101.3,101.65,101.3,101.49,42500
III,20130429,1.98,1.98,1.9,1.91,39900
IIIN,20130429,16.27,16.92,16.27,16.57,27300
IIJI,20130429,19.29,19.33,19.12,19.27,15600
IIN,20130429,4.1,4.13,4.01,4.02,3200
IIVI,20130429,15.57,15.65,15.31,15.51,275900
IKNX,20130429,13.4,14.75,13.4,13.58,20500
ILMN,20130429,62.69,64.47,62.4,64.39,1174700
IMGN,20130429,16.33,16.45,15.64,16.03,701900
IMI,20130429,9.18,9.18,8.5,8.81,114600
IMKTA,20130429,21.26,21.8,21.21,21.25,19400
IMMR,20130429,10.5,11.32,10.42,11.1,350000
IMMU,20130429,2.52,2.53,2.48,2.51,198900
IMMY,20130429,9.29,9.89,9.07,9.34,21200
IMOS,20130429,14.82,14.82,14.48,14.69,178000
INAP,20130429,8.15,8.19,7.76,7.82,455400
INBK,20130429,15.3333,15.5667,15.3333,15.5667,700
INCY,20130429,22.57,22.75,21.89,22.02,521300
INDB,20130429,30.48,30.73,30.41,30.58,52000
INDY,20130429,24.93,25.05,24.88,25.05,82300
INFI,20130429,44.5,44.5,43.38,43.55,420100
INFN,20130429,8.25,8.43,8.17,8.28,2058400
ININ,20130429,41.98,42.18,41.11,41.2,67900
INOD,20130429,3.32,3.34,3.23,3.29,57500
INSM,20130429,9.64,9.88,9.35,9.64,208400
INTC,20130429,23.42,23.83,23.4,23.76,102144000
INTG,20130429,22.23,22.5,22.2,22.28,900
INTL,20130429,16.76,16.87,16.62,16.68,19300
INTU,20130429,59.5,61.1,59.38,60.94,4182600
INTX,20130429,9.67,9.74,9.5,9.57,47000
INVE,20130429,10,10.1,9.6,9.6,150800
INWK,20130429,10.71,10.8,10.33,10.4,600600
IOSP,20130429,43.3,43.92,43.3,43.81,27900
IPAR,20130429,28.89,29.27,28.64,29.09,87100
IPAS,20130429,1.84,1.86,1.8,1.81,38200
IPCC,20130429,55.31,56.15,55.19,55.97,17000
IPCI,20130429,2.1,2.2,2.08,2.2,69200
IPDN,20130429,31.76,38.72,31.76,36.4,68500
IPGP,20130429,61.91,62.95,61.43,61.56,509300
IPHS,20130429,54.58,54.58,53.85,54.04,90200
IPXL,20130429,17.25,17.66,17,17.54,436600
IQNT,20130429,3.17,3.21,2.88,2.95,521900
IRBT,20130429,28.58,28.72,28.18,28.45,452800
IRDM,20130429,6.73,6.73,6.65,6.69,339100
IRG,20130429,17.6,17.81,17.51,17.57,29000
IRIX,20130429,4.93,5.25,4.78,5.24,60100
IROQ,20130429,15.31,15.31,15.25,15.25,4800
IRWD,20130429,15.66,15.75,15.23,15.27,822300
ISBC,20130429,7.5686,7.6157,7.549,7.5922,91600
ISCA,20130429,32.5,32.73,32.36,32.6,111100
ISHG,20130429,94.1,94.1,93.73,93.75,67500
ISIG,20130429,2.04,2.05,1.95,1.95,8600
ISIL,20130429,7.69,7.75,7.57,7.71,1352100
ISLE,20130429,7.09,7.35,7.06,7.33,55800
ISM,20130429,24.58,24.6,24.32,24.6,8600
ISNS,20130429,5.15,5.15,5.06,5.09,2400
ISRG,20130429,488.2,491.25,480.45,489.16,315400
ISRL,20130429,95.65,95.65,95.65,95.65,0
ISSC,20130429,9.03,9.12,8.73,8.99,69600
ITIC,20130429,69.33,70.6,69.33,70.6,1000
ITRI,20130429,39.88,40.09,38.99,39.15,621500
ITRN,20130429,15.98,16,15.97,15.99,24900
IVAC,20130429,4.48,4.51,4.43,4.48,37900
IXYS,20130429,9.14,9.23,9.05,9.06,23700
JACK,20130429,35.73,35.98,35.55,35.6,303400
JAKK,20130429,10.8,10.84,10.63,10.75,62400
JASO,20130429,4.81,5.25,4.75,5.2,933300
JAZZ,20130429,56.66,58.48,56.66,58.18,761800
JBHT,20130429,71.83,72.74,70.83,72.23,904900
JBLU,20130429,6.79,6.89,6.74,6.76,5627600
JBSS,20130429,21,21.07,20.85,20.88,40600
JCOM,20130429,40.38,40.7,40.18,40.61,349600
JCS,20130429,9.94,9.94,9.68,9.9,8600
JCTCF,20130429,8.625,8.995,8.625,8.985,2600
JIVE,20130429,13.89,14.05,13.61,13.65,565000
JJSF,20130429,74.16,74.7,72.8,74.43,62800
JKHY,20130429,44.9,45.33,44.7,45.13,270000
JMBA,20130429,13.75,13.9,13.55,13.6,420300
JOBS,20130429,28.59,28.925,28.325,28.785,35000
JOUT,20130429,22.66,23.47,22.51,23.2,28100
JRJC,20130429,1.35,1.38,1.32,1.32,42500
JSM,20130429,24.91,24.94,24.64,24.75,41300
JVA,20130429,6.7,6.79,6.57,6.73,29200
JXSB,20130429,19.07,19.08,19.07,19.08,1000
KALU,20130429,62.45,63.42,62.45,63.06,155200
KCAP,20130429,10.93,11.01,10.85,10.94,393800
KELYA,20130429,16.64,17.1,16.6,16.98,277100
KELYB,20130429,21.19,21.19,21.19,21.19,0
KEQU,20130429,12.49,13.15,12.49,13.15,3000
KERX,20130429,8.17,8.38,8.1,8.2,1240200
KEYW,20130429,13.76,13.97,13.7,13.84,176400
KFFB,20130429,7.95,7.95,7.95,7.95,0
KFRC,20130429,14.6,15.17,14.6,14.93,74100
KGJI,20130429,1.25,1.26,1.21,1.25,61100
KINS,20130429,5.28,5.28,5.22,5.25,2400
KIRK,20130429,11.75,11.92,11.65,11.92,39900
KLAC,20130429,51.78,53.25,51.73,53.11,3191600
KLIC,20130429,11.12,11.23,11,11.15,566600
KNDI,20130429,4.1,4.35,4,4.24,388800
KONA,20130429,9.63,10.03,9.63,9.75,88000
KONE,20130429,2.23,2.23,2.23,2.23,0
KOOL,20130429,16.2,16.2,15.2,15.8,30900
KOPN,20130429,3.16,3.31,3.15,3.24,138200
KOSS,20130429,4.76,4.77,4.76,4.77,1200
KRNY,20130429,9.9,10.03,9.83,9.9,7300
KTCC,20130429,11.39,11.52,11.26,11.33,40800
KTEC,20130429,12.35,12.35,12.35,12.35,0
KTOS,20130429,5.15,5.2,5.08,5.18,159500
KVHI,20130429,13.1,13.25,13.05,13.08,9800
KZ,20130429,6.03,6.05,6.01,6.01,16300
LABL,20130429,25.54,25.61,25.39,25.53,7700
LAKE,20130429,3.97,4,3.85,4,17600
LAMR,20130429,47.4,47.45,46.8,46.87,418200
LANC,20130429,78.32,78.9,78.11,78.6,26000
LAND,20130429,17,17.01,15.84,16.2,46300
LARK,20130429,20.79,20.79,20.79,20.79,0
LAWS,20130429,14.5,14.86,13.9,14.43,54100
LAYN,20130429,20.52,20.85,19.78,20.42,411900
LBAI,20130429,9.37,9.54,9.37,9.54,190100
LBIX,20130429,3.31,3.32,3.31,3.31,1100
LBTYA,20130429,37.7363,37.9356,37.3224,37.4502,1575100
LBTYB,20130429,73.37,73.37,73.37,73.37,0
LBTYK,20130429,68.77,68.98,68.19,68.31,523500
LCNB,20130429,17.2,18.16,17.11,17.98,7500
LCUT,20130429,12.84,13.75,12.84,13.62,33200
LECO,20130429,52.4,52.84,52,52.61,383600
LEDS,20130429,1.72,2.29,1.72,2.24,3153800
LFUS,20130429,66.56,67.16,66.45,67,62900
LFVN,20130429,15.68,16.17,15.68,15.89,303300
LGCY,20130429,27.95,28.49,27.6,27.8,315700
LGND,20130429,27.12,27.81,26.23,27.58,115500
LHCG,20130429,21.63,22.2,21.54,21.81,26100
LIFE,20130429,73.75,73.8,73.68,73.68,1818200
LINC,20130429,5.81,5.82,5.61,5.63,39300
LION,20130429,11.8,11.98,11.69,11.88,7500
LIOX,20130429,3.4,3.4,3.33,3.35,60000
LIVE,20130429,1.0167,1.04,0.9733,0.9967,60000
LKFN,20130429,17.7333,17.7867,17.5933,17.7867,10400
LKQ,20130429,23.08,23.58,22.83,23.53,2020800
LLNW,20130429,1.94,1.95,1.9,1.92,161700
LLTC,20130429,35.51,35.86,35.44,35.79,1846800
LMAT,20130429,6.04,6.3,6.04,6.06,6900
LMCA,20130429,37.3,37.4333,36.9733,37.0767,246800
LMIA,20130429,20.94,21.23,20.94,21.21,20000
LMNR,20130429,18.8,19.12,18.8,19.07,8700
LMNX,20130429,16.43,16.45,16.3,16.43,66300
LMOS,20130429,13.41,13.48,12.95,13.35,66900
LNCE,20130429,24.8,25.1,24.78,24.98,82400
LNDC,20130429,13.5,13.79,13.5,13.76,56700
LOAN,20130429,1.22,1.27,1.22,1.24,1000
LOGI,20130429,6.3,6.34,6.26,6.28,316100
LOGM,20130429,21.89,23.4,21.89,23.19,665300
LOPE,20130429,25.54,25.83,25.19,25.71,414800
LORL,20130429,61.18,61.81,61.01,61.41,48600
LPLA,20130429,34.52,34.91,34.01,34.06,586400
LPNT,20130429,47.73,49.78,47.25,47.62,1119500
LPSN,20130429,12.7,12.95,12.67,12.75,215500
LPTH,20130429,0.74,0.77,0.73,0.73,23000
LPTN,20130429,70.28,70.42,69.58,70,11400
LQDT,20130429,33.58,33.69,32.39,32.98,858500
LRAD,20130429,0.98,0.98,0.93,0.97,15200
LRCX,20130429,45.75,45.87,45.42,45.58,3501000
LSBK,20130429,11.5,11.5,11.5,11.5,0
LSCC,20130429,4.71,4.8,4.68,4.72,1452300
LSTR,20130429,53.42,54.38,53.4,53.94,358700
LTBR,20130429,7.25,7.5,7.25,7.35,11000
LTRX,20130429,2.11,2.11,2.11,2.11,500
LULU,20130429,74.62,75.21,74.04,75.05,1336100
LUNA,20130429,1.24,1.27,1.18,1.18,7400
LVNTA,20130429,18.3931,18.4496,17.8894,18.0393,311200
LVNTB,20130429,76.51,76.51,76.51,76.51,0
LWAY,20130429,11.5,12.12,11.5,12.03,40800
LXRX,20130429,15.89,15.89,12.88,14.21,4940200
LYTS,20130429,6.82,7.15,6.82,7.09,36500
MACK,20130429,5.34,5.38,5.11,5.11,411600
MAGS,20130429,3.95,4.05,3.95,4.04,6700
MANH,20130429,17.3,17.6475,17.2925,17.48,84600
MANT,20130429,25.49,26.3,25.49,26.18,108500
MARK,20130429,3.07,3.78,3.06,3.44,79600
MARPS,20130429,14.59,14.59,14.59,14.59,100
MASI,20130429,19.65,19.83,19.62,19.79,153500
MAT,20130429,44.66,44.94,44.44,44.81,1636300
MATR,20130429,4.84,4.94,4.81,4.84,15300
MATW,20130429,35.81,36.18,35.67,36.02,54600
MAYS,20130429,22.2,22.2,22.2,22.2,0
MBFI,20130429,24.41,24.8,24.36,24.77,353100
MBLX,20130429,9.96,10.32,9.96,10.32,16100
MBRG,20130429,17.79,18.33,17.79,18.29,3800
MBTF,20130429,4.06,4.1,3.86,4.09,20500
MBVT,20130429,30,31.25,29.84,30.1,10500
MBWM,20130429,16.71,16.77,16.57,16.69,17400
MCBC,20130429,5.77,5.99,5.73,5.94,96400
MCEP,20130429,24.34,25.1,24.11,24.68,166300
MCHP,20130429,35.65,36.05,35.53,35.96,1082100
MCHX,20130429,3.9,4.11,3.81,4.06,65100
MCRI,20130429,11.25,12.21,11.02,12.2,156500
MDCA,20130429,16.25,17,15.95,16.89,373500
MDCO,20130429,33.65,34.46,33.65,34.29,856600
MDIV,20130429,22.21,22.31,22.16,22.3,517900
MDLZ,20130429,31.52,31.66,31.35,31.62,7146100
MDM,20130429,4.43,4.49,4.42,4.45,6200
MDRX,20130429,13.81,13.96,13.79,13.83,1385700
MDSO,20130429,29.19,33.295,29.025,32.645,1207000
MDXG,20130429,6.8,6.88,6.61,6.77,647500
MEIP,20130429,8.86,8.97,8.66,8.85,22500
MELI,20130429,97.77,99.75,97.34,98.96,447700
MEMP,20130429,19.46,19.53,19.18,19.39,485300
MENT,20130429,18.17,18.4,18.02,18.38,346200
MEOH,20130429,42.4,43.18,42.2,43.05,687800
MERC,20130429,6.32,6.4,6.24,6.3,88100
MFNC,20130429,8.91,8.91,8.91,8.91,100
MFRI,20130429,7.26,7.32,7.12,7.2,4800
MFSF,20130429,16.22,16.4,16,16.07,11500
MGCD,20130429,7.05,7.25,7.01,7.25,4700
MGEE,20130429,36.8533,37.3067,36.8533,37.0733,23300
MGIC,20130429,5.39,5.5,5.39,5.47,53300
MGLN,20130429,50.77,51.01,50.43,50.49,260100
MGPI,20130429,4.9,4.91,4.72,4.87,2800
MGRC,20130429,30.59,31.13,30.59,30.98,26100
MGYR,20130429,5.22,5.22,5.22,5.22,0
MHGC,20130429,6.15,6.26,6.09,6.25,75700
MHLD,20130429,10.17,10.34,10.12,10.25,180300
MICT,20130429,4.3,4.8,4.22,4.44,70000
MICTW,20130429,1.1,1.1,1.02,1.1,6000
MIDD,20130429,50.0033,50.8567,49.7133,50.13,27900
MIND,20130429,14.92,15.04,14.8,14.9,19100
MINI,20130429,27.44,28.43,27.18,28.38,179200
MITK,20130429,4.86,5.48,4.84,5.34,1619600
MITL,20130429,3.6,3.67,3.6,3.65,5000
MKSI,20130429,26.2,27.05,26.1,26.96,416000
MKTX,20130429,43.18,43.18,42.07,42.25,382500
MLAB,20130429,48.8,49.36,48.38,49.23,21400
MLHR,20130429,24.91,25.1,24.88,25.02,244400
MLNK,20130429,2.85,2.89,2.8,2.8,200400
MLNX,20130429,51.8,52.15,50.84,51.44,547300
MLVF,20130429,11.6,11.6,11.6,11.6,200
MMLP,20130429,41.23,41.44,40.88,41.36,79200
MMSI,20130429,9.82,9.97,9.66,9.72,379200
MMYT,20130429,12.92,12.92,12.75,12.75,16600
MNDO,20130429,1.88,1.88,1.86,1.87,18900
MNGA,20130429,0.83,0.85,0.81,0.82,20000
MNKD,20130429,4,4.09,3.91,3.92,2288100
MNOV,20130429,2.74,2.85,2.62,2.82,87500
MNRO,20130429,40.98,41.22,40.69,41,148800
MNST,20130429,18.8833,18.9333,18.7633,18.8333,938700
MNTA,20130429,12.87,12.89,12.75,12.8,185200
MNTX,20130429,10.17,10.5,9.67,10.24,480100
MOBI,20130429,1.74,1.76,1.66,1.7,27100
MOCO,20130429,14.04,14.43,14,14.35,5800
MOFG,20130429,23.71,24,23.5,23.86,4900
MORN,20130429,65.63,65.92,65.09,65.85,43000
MOSY,20130429,4.4,4.49,4.33,4.38,69100
MPAA,20130429,6.04,6.49,5.9,6.17,45100
MPB,20130429,10.75,10.75,10.75,10.75,200
MPEL,20130429,24.46,24.56,23.88,24.2,3757800
MPET,20130429,1.01,1.06,0.99,1,162600
MPWR,20130429,23.23,23.37,22.74,23.29,461800
MRCC,20130429,15.1,15.39,15.1,15.15,7200
MRCY,20130429,7.7,7.8,7.66,7.74,114400
MRLN,20130429,23.34,23.53,23,23.53,3200
MRTN,20130429,13.52,13.7533,13.48,13.5933,246100
MRVL,20130429,10.53,10.76,10.53,10.64,6503900
MSBF,20130429,7.01,7.01,7.01,7.01,0
MSCC,20130429,21.1,21.2,20.78,20.83,494400
MSEX,20130429,19.18,19.32,19.12,19.25,34200
MSFG,20130429,13.16,13.16,12.88,12.96,17000
MSFT,20130429,31.8,32.68,31.77,32.61,59116500
MSLI,20130429,0.64,0.66,0.62,0.62,115200
MSON,20130429,5.88,5.9,5.6,5.65,27900
MSTR,20130429,97.78,99.88,97.58,99.3,71900
MTEX,20130429,7.5,7.5,7.5,7.5,100
MTGE,20130429,25.97,26.3,25.91,26.3,1006300
MTRX,20130429,15.03,15.05,14.95,15.01,108100
MTSC,20130429,58.92,59.94,58.55,59.91,215600
MTSI,20130429,13.91,13.98,13.8,13.94,10300
MTSL,20130429,2.19,2.29,2.16,2.24,26900
MU,20130429,9.48,9.5,9.34,9.35,17186500
MVIS,20130429,2.1,2.12,2,2.05,143800
MXIM,20130429,30.67,30.97,30.42,30.71,2663400
MXWL,20130429,6.04,6.14,5.81,5.86,372400
MYGN,20130429,27.54,27.74,27.21,27.58,729900
MYL,20130429,29.3,29.51,28.99,29.01,4884600
MYRG,20130429,22.35,22.86,22.15,22.77,63500
NAII,20130429,4.73,4.73,4.3,4.53,93900
NANO,20130429,14.05,14.11,13.9,14.03,100800
NATH,20130429,43.74,44.45,43.3,44.22,13300
NATI,20130429,27,27.18,26.36,27.1,803200
NATL,20130429,30.4,30.4,29.22,29.53,26700
NATR,20130429,14.28,14.69,14.27,14.55,7500
NAUH,20130429,3.45,3.58,3.36,3.4,29700
NAVG,20130429,57.05,57.36,56.85,57.12,23100
NBIX,20130429,11.95,12.1,11.84,11.99,568100
NBN,20130429,9.19,9.49,9.19,9.34,1800
NBTB,20130429,20.09,20.18,19.91,20.09,89200
NCIT,20130429,4.34,4.34,4.19,4.27,9000
NCLH,20130429,30.5,30.52,30.16,30.36,381600
NCMI,20130429,16.27,16.7,16.27,16.57,177300
NCTY,20130429,2.83,2.85,2.74,2.79,126100
NDAQ,20130429,29.09,29.17,28.88,29.1,1303400
NDSN,20130429,68.24,68.92,67.61,68.74,165300
NEO,20130429,4.03,4.04,3.74,3.8,319700
NEOG,20130429,33.2067,33.7733,33.2067,33.6667,48600
NEON,20130429,6,6,5.71,5.77,91600
NEPT,20130429,2.6,2.7,2.6,2.62,339200
NETE,20130429,37.3,37.4,37.3,37.3,1200
NEWS,20130429,11.97,11.98,11.78,11.85,14400
NEWT,20130429,10.5,10.5,9.5,10.15,24100
NFBK,20130429,11.81,11.81,11.7,11.74,159600
NFEC,20130429,0.69,0.73,0.69,0.72,2800
NFLX,20130429,30.9443,31.1043,30.2871,30.7157,2969800
NICE,20130429,34.38,34.78,34.22,34.67,87700
NICK,20130429,14.75,14.75,14.6,14.71,17200
NIHD,20130429,9.4,9.82,9.17,9.31,7270600
NILE,20130429,32.69,33.3,32.51,32.64,189800
NKSH,20130429,33.04,33.06,32.66,33.05,1600
NKTR,20130429,11.14,11.23,10.97,11.08,399900
NLNK,20130429,12.76,13.49,12.74,13.37,164500
NLST,20130429,0.53,0.58,0.53,0.56,47500
NMRX,20130429,10.05,10.42,9.98,10.14,130100
NNBR,20130429,8.75,8.97,8.59,8.86,32500
NRIM,20130429,21.68,21.98,21.68,21.94,3900
NSEC,20130429,8.18,8.18,8.18,8.18,0
NSIT,20130429,17.41,17.93,17.41,17.79,189200
NSSC,20130429,4.13,4.2,4.12,4.2,12200
NSYS,20130429,3.49,3.49,3.49,3.49,1900
NTAP,20130429,34.88,35.12,34.51,34.53,5291200
NTCT,20130429,23.11,23.11,22.62,22.74,172000
NTES,20130429,55.59,56.48,55.31,55.81,380000
NTGR,20130429,28.82,29.5,28.32,29.33,421600
NTIC,20130429,11.98,11.98,10.73,10.82,1500
NTRI,20130429,8,8.06,7.95,7.98,107800
NTRS,20130429,53.22,53.42,52.94,53.34,1156800
NTWK,20130429,12.25,12.47,12.22,12.47,138800
NUAN,20130429,22.93,23.38,22.75,23.3,4146100
NURO,20130429,7.8,8.24,7.8,7.88,20800
NUTR,20130429,19.34,19.34,18.63,18.63,16600
NUVA,20130429,20.61,21.1,20.49,20.95,361100
NVAX,20130429,2.45,2.52,2.41,2.48,1043000
NVDA,20130429,13.48,13.62,13.37,13.57,6742700
NVDQ,20130429,13.58,14.2,13.25,13.51,749400
NVEC,20130429,52.76,52.9,52.39,52.78,18800
NVGN,20130429,5.02,5.03,4.85,4.88,69300
NVMI,20130429,8.83,8.97,8.73,8.82,30800
NWBI,20130429,12.49,12.59,12.42,12.53,522800
NWBO,20130429,3.63,3.69,3.6,3.69,81300
NWBOW,20130429,2,2,2,2,1000
NWFL,20130429,30.9,31,30.9,31,2400
NWLI,20130429,181,182.5,179.53,181.12,1600
NWPX,20130429,26.66,27.32,26.63,27.06,14200
NWS,20130429,31.22,31.45,31.06,31.07,1265700
NWSA,20130429,31.19,31.42,30.94,30.99,8716000
NXPI,20130429,27.35,28.01,27.04,27.6,2224600
NXST,20130429,24.64,24.81,23.52,24.01,664800
NXTM,20130429,10.96,11.04,10.89,11.03,239100
NYMT,20130429,7.36,7.45,7.35,7.38,1048300
NYMX,20130429,4.9,5.51,4.75,5.39,125700
NYNY,20130429,9.7,9.8,9.6,9.65,1400
OBAS,20130429,4.99,4.99,4.87,4.9,1500
OBCI,20130429,2.74,2.82,2.63,2.64,15900
OCC,20130429,4.14,4.27,4.12,4.2,10700
OCFC,20130429,13.95,14.15,13.95,14.08,26600
OCLR,20130429,1.37,1.41,1.35,1.38,786700
OCLS,20130429,26.55,28.75,26.55,27.15,143800
ODFL,20130429,38.28,38.58,38.12,38.52,362300
OFED,20130429,15.72,15.72,15.44,15.72,500
OFIX,20130429,32.09,32.59,31.88,32.36,199500
OFLX,20130429,13.72,13.72,13.25,13.5,1500
OFS,20130429,13.89,14,13.81,13.88,25300
OGXI,20130429,10.19,10.28,10.05,10.12,52500
OIIM,20130429,3.25,3.44,3.25,3.29,51000
OKSB,20130429,12.63,12.75,12.62,12.71,44400
OLBK,20130429,12.45,12.45,12.15,12.38,9100
OMAB,20130429,30.99,31.06,29.87,30.45,36300
OMCL,20130429,17.39,17.5,17.24,17.31,189800
OMER,20130429,4.06,4.18,4.02,4.12,191400
OMEX,20130429,34.8,35.4,34.56,34.68,329300
ONEQ,20130429,129.32,130.57,129.12,130.24,5800
ONVI,20130429,4.49,4.59,4.49,4.57,26900
OPHC,20130429,15.6,16,14.8,16,9100
OPOF,20130429,12.26,12.26,12.26,12.26,600
OPTT,20130429,15.4,15.5,15.3,15.3,15700
OPXA,20130429,1.73,1.78,1.72,1.75,25000
ORBC,20130429,4.49,4.8,4.42,4.63,200600
ORBK,20130429,10.3,10.3,9.93,10.22,21800
OREX,20130429,63.8,64,62.1,62.9,575300
ORIG,20130429,16.39,16.5,16.19,16.38,97500
ORIT,20130429,15.32,15.45,15.32,15.36,72900
ORLY,20130429,106.81,108.17,106.55,107.69,920100
ORMP,20130429,8.18,8.94,8.18,8.84,23400
ORRF,20130429,14.84,14.95,14.76,14.81,3000
OSBC,20130429,4.24,4.78,4.24,4.52,184900
OSBCP,20130429,9.92,9.92,9.76,9.8,6700
OSHC,20130429,14.89,14.89,14.62,14.75,2900
OSIR,20130429,11.39,11.49,11.25,11.38,104700
OSIS,20130429,57.35,58.27,56.81,56.84,248600
OSM,20130429,24.67,24.74,24.67,24.73,8700
OSN,20130429,2.07,2.13,2.07,2.1,1300
OSTK,20130429,20.73,20.88,20.53,20.79,254100
OSUR,20130429,4.38,4.38,4.3,4.34,691600
OTEX,20130429,31.885,32.255,31.86,32.025,235500
OTIV,20130429,0.89,0.89,0.86,0.89,47400
OTTR,20130429,30.99,31.19,30.93,31.16,56800
OVBC,20130429,19,19.2,19,19.04,1100
OVLY,20130429,8.1,8.1,7.8,7.8,600
OXLC,20130429,16.65,16.65,16.6,16.64,34900
OZRK,20130429,20.48,20.64,20.415,20.51,146500
PAAS,20130429,12.87,13.1,12.73,12.74,1814600
PACB,20130429,2.55,2.62,2.43,2.56,279900
PACW,20130429,27.2,27.65,27.13,27.63,80700
PAGG,20130429,31.31,31.5,31.13,31.49,21700
PANL,20130429,32.1,32.7,31.75,32,524900
PATK,20130429,12.3667,13.4667,12.34,13.3267,248400
PAYX,20130429,35.98,36.25,35.83,36.13,1418900
PBCT,20130429,13.05,13.18,13.03,13.1,2910200
PBHC,20130429,13.5,13.65,13.5,13.65,400
PBIB,20130429,0.9,0.9,0.89,0.9,23200
PBIP,20130429,8.46,8.46,8.46,8.46,0
PBMD,20130429,2.88,2.89,2.75,2.77,2900
PBSK,20130429,15.05,15.05,15.05,15.05,0
PCAR,20130429,49.56,50.03,49.53,49.83,1131100
PCBK,20130429,10.86,11,10.84,10.95,8700
PCH,20130429,47.98,47.98,47.35,47.52,195500
PCLN,20130429,704.19,709.05,697.06,699.43,572800
PCMI,20130429,7.27,7.63,7.26,7.37,40600
PCO,20130429,1.68,1.7,1.65,1.69,120300
PCOM,20130429,17.69,17.7,17.04,17.18,29900
PCRX,20130429,28.31,29.5,28.3,28.92,227100
PCTI,20130429,6.74,6.86,6.71,6.79,5200
PCYO,20130429,5.93,5.93,5.73,5.9,23600
PDCE,20130429,45.22,45.35,43.46,43.57,546000
PDCO,20130429,37.47,37.74,37.47,37.7,220700
PDEX,20130429,2,2.05,2,2.04,10800
PDFS,20130429,16.5,17.08,16.17,16.99,100100
PDLI,20130429,7.74,7.79,7.67,7.79,2024400
PEBK,20130429,11.68,11.75,11.68,11.75,900
PEBO,20130429,20.15,20.21,19.99,20.14,9600
PEGA,20130429,12.705,12.77,12.635,12.7,104200
PEIX,20130429,4.2,4.35,4.2,4.2,1813100
PENN,20130429,58.09,58.81,58.09,58.38,403800
PERF,20130429,5.9,6.3,5.9,6.25,1100
PERI,20130429,12.15,12.32,11.9,11.96,150600
PERY,20130429,17.81,17.81,17.4,17.51,57100
PESI,20130429,3.85,4,3.8,3.9,13200
PETS,20130429,12.6,12.95,12.6,12.72,88000
PFBC,20130429,15.81,16.21,15.81,16.18,10200
PFBI,20130429,12.2,12.29,12.12,12.23,5400
PFBX,20130429,12.44,12.68,12.44,12.68,4700
PFIN,20130429,8.3,8.34,8.02,8.03,23200
PFLT,20130429,14.02,14.18,13.99,14.18,85100
PFMT,20130429,10.65,10.75,10.51,10.53,484800
PFPT,20130429,18.77,19.15,18.44,18.48,351200
PFSW,20130429,4.24,4.34,4.2,4.3,41900
PGC,20130429,14.44,14.5,14.33,14.46,2500
PGNX,20130429,4.8,4.8,4.53,4.54,243300
PGTI,20130429,7.7,7.89,7.6,7.75,364300
PHII,20130429,27,27,26.5,26.5,1600
PHIIK,20130429,27.69,28.12,27.26,27.43,17800
PHMD,20130429,81,82.25,80.8,81.75,173200
PICO,20130429,21.76,21.93,21.54,21.63,62500
PKBK,20130429,8,8,7.86,7.99,5100
PKOH,20130429,35.87,36.89,35.87,36.75,30000
PLAB,20130429,7.56,7.93,7.54,7.93,756600
PLBC,20130429,4.81,4.96,4.75,4.75,900
PLCE,20130429,47.87,48.75,47.82,48.14,233100
PLPC,20130429,79.07,79.25,77.56,79.25,11000
PLPM,20130429,3.2,3.2,3.11,3.15,99800
PLUG,20130429,0.16,0.16,0.16,0.16,182900
PLUS,20130429,44.63,45.21,44.63,45.1,4800
PLXS,20130429,26.52,26.82,26.32,26.73,99900
PMBC,20130429,6.02,6.05,5.81,6.04,91500
PMD,20130429,11.11,11.21,11.06,11.19,7600
PNBK,20130429,14.6,14.8,13.2,14.8,4500
PNFP,20130429,24.07,24.25,23.95,24.2,56800
PNNT,20130429,11.5,11.61,11.45,11.6,408000
PNQI,20130429,45.94,46.07,45.83,45.83,10000
PNRA,20130429,174.09,174.58,171.79,173.73,507200
PNRG,20130429,30.53,30.53,29.7,29.7,1100
PNTR,20130429,2.9,2.9,2.9,2.9,200
PODD,20130429,25.46,25.51,24.32,25.46,763100
POOL,20130429,48.9,49.2,48.83,49.1,103400
POPE,20130429,61.88,61.88,61.8,61.8,300
POWI,20130429,39.52,40.96,39.43,40.93,205500
POWL,20130429,48.62,49.76,48.62,49.41,22900
PPBI,20130429,12.13,12.27,12.07,12.16,38800
PPC,20130429,9.65,9.93,9.5,9.8,1368400
PPHM,20130429,1.45,1.48,1.4,1.41,1774300
PRAA,20130429,40.5833,40.8433,40.1233,40.6667,46000
PRAN,20130429,13.08,13.32,13.08,13.2,28400
PRCP,20130429,6.6,6.8,6.6,6.8,8300
PRFT,20130429,10.43,10.45,10.25,10.3,88400
PRFZ,20130429,77,77.5,77,77.35,17700
PRGS,20130429,21.83,22.18,21.83,22.02,274000
PRGX,20130429,5.54,5.66,5.47,5.59,219900
PRIM,20130429,21.85,22.11,21.67,21.99,201100
PRKR,20130429,38.6,39.3,37.5,39.1,477800
PRMW,20130429,1.28,1.28,1.2,1.23,34400
PROV,20130429,16,16.1,16,16.07,33600
PRPH,20130429,1.47,1.58,1.42,1.58,11900
PRSC,20130429,17.68,17.68,17.23,17.28,16700
PRSS,20130429,6.04,6.14,6.02,6.09,15700
PRTA,20130429,8.25,8.35,8.25,8.35,14500
PRTS,20130429,1.23,1.28,1.23,1.28,43900
PRXL,20130429,40.45,40.91,40.45,40.65,306700
PSAU,20130429,24.77,24.9,24.77,24.85,5300
PSCC,20130429,39.99,40.41,39.99,40.3,3000
PSCD,20130429,37.8,38.11,37.8,37.89,7100
PSCE,20130429,38.6,38.6,38.5,38.56,1100
PSCF,20130429,34.67,34.76,34.61,34.67,4700
PSCH,20130429,39.23,39.55,39.23,39.46,7600
PSCI,20130429,34.41,34.57,34.41,34.52,2300
PSCM,20130429,34.19,34.19,34.19,34.19,600
PSCT,20130429,32.75,33.07,32.65,33.01,7400
PSCU,20130429,33.71,33.92,33.71,33.92,2500
PSDV,20130429,2.22,2.31,2.16,2.26,694900
PSEC,20130429,10.89,10.96,10.86,10.94,2395800
PSMT,20130429,89.43,90.54,88.49,88.92,129900
PSTB,20130429,5.45,5.66,5.45,5.66,26300
PSTI,20130429,3.09,3.16,3.04,3.14,131300
PTEN,20130429,21.12,21.48,20.83,21.2,2807200
PTIE,20130429,3.37,3.59,3.26,3.27,203300
PTNR,20130429,6.84,6.98,6.83,6.94,52000
PTSI,20130429,10.17,10.45,10.17,10.45,800
PTX,20130429,3.44,3.58,3.42,3.5,12800
PVTB,20130429,18.75,19.24,18.64,19.14,521800
PVTBP,20130429,25.6,25.6,25.51,25.59,9600
PWOD,20130429,40.08,40.58,39.47,40.4,7000
PXLW,20130429,2.31,2.32,2.25,2.3,21700
PZZA,20130429,31.095,31.575,31,31.395,354800
QABA,20130429,27.04,27.59,27.04,27.59,1300
QADA,20130429,12.47,12.47,12.08,12.18,3200
QADB,20130429,10.56,10.89,10.56,10.6,800
QBAK,20130429,11.1,11.1,10.86,10.86,500
QCLN,20130429,11.83,11.95,11.7,11.92,50200
QCOM,20130429,61.8,62.11,61.52,61.61,22798000
QCRH,20130429,16.25,16.5,16,16.1,13500
QDEL,20130429,21.98,22.34,21.98,22.17,199700
QGEN,20130429,20.68,20.95,20.64,20.76,1128100
QLTI,20130429,8.01,8.11,8,8.07,20000
QLYS,20130429,10.84,11,10.84,11,43800
QNST,20130429,6.45,6.64,6.41,6.51,45500
QQEW,20130429,29.48,29.67,29.47,29.58,60000
QQQ,20130429,69.78,70.48,69.76,70.21,31652800
QQQC,20130429,14.54,14.6,14.51,14.56,1100
QQQX,20130429,15.61,15.84,15.61,15.69,59800
QQXT,20130429,28.92,28.97,28.8,28.88,9800
QSII,20130429,18.01,18.24,17.78,17.82,248500
QTEC,20130429,27.89,28.2,27.89,28.13,27500
QUIK,20130429,2.43,2.51,2.4,2.44,136100
RADA,20130429,2.1,2.24,2.1,2.24,400
RAIL,20130429,21.02,21.02,20.56,20.9,35300
RAND,20130429,3,3,2.82,3,3100
RAVN,20130429,32.9,33.16,32.66,33.1,40100
RBCAA,20130429,20.72,21.48,20.72,21.37,18700
RBCN,20130429,7.31,7.62,7.3,7.45,412200
RBPAA,20130429,1.49,1.49,1.34,1.35,5500
RCII,20130429,34.39,34.87,34.09,34.46,854600
RCKY,20130429,14.24,14.48,14.04,14.48,36500
RCMT,20130429,5.78,5.97,5.72,5.72,11700
RCON,20130429,2.05,2.06,2.04,2.04,12300
RDCM,20130429,3.05,3.05,3.05,3.05,800
RDHL,20130429,10.09,10.5,10.01,10.46,4400
RDI,20130429,5.67,5.69,5.65,5.68,22600
RDNT,20130429,2.8,2.82,2.73,2.77,32000
RDWR,20130429,14.31,14.81,14.27,14.76,294200
RECN,20130429,10.99,11.18,10.94,11.18,121000
REFR,20130429,4.18,4.22,4.17,4.2,19000
REGI,20130429,9.99,10.01,9.52,9.79,380500
REGN,20130429,217.72,219.13,215.32,215.48,1148400
REIS,20130429,15.98,16.12,15.73,16.04,13700
RELL,20130429,11.54,11.75,11.53,11.68,27800
RELV,20130429,9.1,9.1,9.1,9.1,700
REXX,20130429,16.51,16.56,16.03,16.33,456100
RFIL,20130429,6.1,6.18,6.03,6.08,74200
RGCO,20130429,20.44,20.44,20.44,20.44,200
RGEN,20130429,8.91,9.02,8.84,8.96,198100
RGLD,20130429,53.69,55.13,53.69,54.42,790200
RGLS,20130429,7.08,7.14,6.91,6.96,46700
RICK,20130429,8.5,8.6,8.36,8.47,18800
RIGL,20130429,4.8,4.87,4.74,4.8,541100
RLJE,20130429,12,12,12,12,45900
RLOG,20130429,5.65,5.8,5.57,5.71,45800
RMBS,20130429,6.66,7,6.65,6.82,1091700
RMCF,20130429,12.27,12.28,12.12,12.19,21700
RMGN,20130429,18,18,16.04,16.55,3600
RMTI,20130429,4.03,4.13,4.03,4.1,141000
RNET,20130429,23.75,24.06,23.63,23.75,22400
RNST,20130429,22.28,22.7,22.28,22.58,73800
RNWK,20130429,7.66,7.75,7.4,7.58,40000
ROCK,20130429,18.9,19.12,18.83,18.98,51800
ROIA,20130429,1.55,1.59,1.51,1.59,3100
ROIAK,20130429,1.55,1.56,1.5,1.53,41600
ROIC,20130429,14.66,14.8,14.52,14.8,539300
ROLL,20130429,48.2,48.67,48,48.49,35100
ROSG,20130429,3.41,3.47,3.34,3.35,83100
ROST,20130429,32.625,32.985,32.6,32.86,1832800
RP,20130429,20.54,20.7,20.18,20.34,207300
RPRX,20130429,19.83,20.57,19.72,20.54,511800
RPXC,20130429,13.36,13.36,13.15,13.3,177700
RRGB,20130429,46.66,46.67,46.2,46.39,49400
RSYS,20130429,4.95,5.04,4.89,4.96,67000
RTIX,20130429,3.87,3.87,3.75,3.84,219300
RUSHA,20130429,22.58,22.96,22.51,22.88,52400
RUSHB,20130429,19.55,19.71,19.55,19.65,11300
RUTH,20130429,9.73,9.86,9.71,9.74,149500
RVLT,20130429,35.4,40.1,35.1,40.1,3003600
RVSB,20130429,2.6,2.65,2.54,2.59,48600
RYAAY,20130429,43.29,43.55,43.2,43.38,153500
SAAS,20130429,8.03,8.1,7.92,7.95,236900
SAFM,20130429,60.53,61.36,60.51,61,175300
SAFT,20130429,48.84,49.21,48.7,48.92,15200
SAIA,20130429,26.7933,27.0533,26.2,26.4933,154200
SAL,20130429,26.45,26.45,26.45,26.45,100
SALM,20130429,9.1,9.22,8.98,9.11,60800
SANM,20130429,12.48,12.98,12.4,12.63,602800
SANW,20130429,8.49,8.89,8.49,8.59,92300
SASR,20130429,20.35,20.4,20.19,20.33,26500
SATS,20130429,39.24,39.45,38.81,38.91,65200
SAVE,20130429,25.87,25.94,25.33,25.36,1214500
SBAC,20130429,78.15,78.5,77.53,77.87,1313500
SBBX,20130429,6.2,6.48,6.2,6.46,3700
SBCF,20130429,10.15,10.6,9.75,10.5,255600
SBFG,20130429,8.5,8.75,8.5,8.6,6100
SBGI,20130429,25.4,26.88,24.55,26.69,2682200
SBLK,20130429,30.4,31.75,30.4,31.3,4800
SBNY,20130429,72.62,72.92,70.95,71.21,590900
SBNYW,20130429,42.31,42.31,42.31,42.31,100
SBRA,20130429,29.1,29.23,28.98,29.03,280700
SBRAP,20130429,25.7,25.7,25.61,25.66,12600
SBSA,20130429,2.9,2.97,2.85,2.91,11000
SBSI,20130429,21.12,21.37,21.02,21.13,49700
SBUX,20130429,30.175,30.46,30.065,30.29,3678000
SCHL,20130429,26.66,27.49,26.47,27.37,161400
SCHN,20130429,24.04,24.22,23.66,23.94,314900
SCLN,20130429,4.7,4.72,4.63,4.71,86800
SCMP,20130429,9.3,9.84,9.13,9.38,485000
SCON,20130429,61.2,63.6,60,62.25,284900
SCOR,20130429,16.16,16.27,16.07,16.2,75000
SCSC,20130429,28,28.9,27.78,28.65,131000
SCSS,20130429,21.2,21.46,20.81,21.34,606600
SCTY,20130429,23.51,25.27,23.51,25.13,803800
SCVL,20130429,20.87,21.04,20.45,20.75,58200
SEAC,20130429,10.73,10.87,10.73,10.79,80400
SEED,20130429,1.75,1.77,1.72,1.75,29700
SEIC,20130429,27.59,28.16,27.52,28.07,689100
SENEA,20130429,33.07,33.36,32.7,32.9,10100
SENEB,20130429,33.66,33.66,33.66,33.66,0
SEV,20130429,3.75,3.75,3.74,3.74,800
SFBC,20130429,12.5,12.5,12.5,12.5,2600
SFLY,20130429,44.84,44.84,44.05,44.23,478000
SFNC,20130429,24.69,24.79,24.42,24.5,17300
SFST,20130429,10.9,10.99,10.8,10.8,12100
SGC,20130429,11.82,11.82,11.82,11.82,0
SGEN,20130429,37.7,38.18,37.53,37.8,575900
SGMA,20130429,4.1,4.16,4.09,4.15,7000
SGMO,20130429,10.52,10.54,10.24,10.38,402700
SGMS,20130429,8.79,8.99,8.57,8.89,296200
SGOC,20130429,4.44,4.52,4.32,4.52,49600
SGRP,20130429,1.94,2.04,1.92,1.99,11400
SGYP,20130429,5.15,5.47,5.13,5.39,1260200
SGYPU,20130429,12.5,12.5,12.5,12.5,800
SGYPW,20130429,2.35,2.49,2.35,2.49,1500
SHBI,20130429,6.81,6.81,6.81,6.81,2700
SHEN,20130429,8.085,8.165,8.01,8.045,61000
SHIP,20130429,7.4,7.4,6.9,7,26800
SHLD,20130429,51.68,51.99,49.8,49.92,533300
SHLM,20130429,25.35,25.84,25.32,25.63,113000
SHLO,20130429,9.52,9.85,9.52,9.85,6200
SHOO,20130429,31.34,32.0267,31.34,31.8533,294100
SHOR,20130429,3.35,3.48,3.34,3.47,162300
SHOS,20130429,44.44,44.73,44.12,44.12,15400
SHPG,20130429,93.47,94.45,93.36,94.3,483800
SIEB,20130429,1.46,1.46,1.41,1.41,300
SIFI,20130429,11.55,11.79,11.55,11.59,84300
SIFY,20130429,1.89,1.95,1.88,1.92,61900
SIGI,20130429,23.36,23.57,23.25,23.47,87400
SIGM,20130429,4.75,4.78,4.65,4.71,69100
SILC,20130429,30.85,30.95,30.5,30.84,39400
SIMO,20130429,10.91,11.14,10.73,10.88,523400
SINA,20130429,59.53,60.81,54.77,55.03,16689100
SINO,20130429,1.55,1.58,1.55,1.57,4100
SIRI,20130429,3.14,3.15,3.06,3.07,46994600
SIVB,20130429,70,71.26,69.61,71.06,274300
SIVBO,20130429,25.71,25.71,25.7,25.7,4400
SKYW,20130429,14.11,14.29,13.91,14.1,234600
SKYY,20130429,20.84,21,20.82,20.95,18000
SLAB,20130429,39.56,39.64,39.3,39.47,200100
SLGN,20130429,47.62,47.89,47.01,47.69,286400
SLM,20130429,7.3536,7.375,7.2821,7.3321,2347300
SLMAP,20130429,50.17,50.47,50.01,50.01,3300
SLMBP,20130429,60.75,60.75,60.5,60.75,800
SLP,20130429,4,4,3.94,3.96,72300
SLRC,20130429,23.7,24.07,23.57,23.89,312500
SLVO,20130429,20.62,20.7,20.6,20.69,1500
SMBC,20130429,12.38,12.38,12.38,12.38,100
SMCI,20130429,9.77,9.88,9.66,9.72,93800
SMED,20130429,3.15,3.15,3.08,3.12,20400
SMIT,20130429,2.98,3,2.73,2.74,2700
SMMF,20130429,7.78,8.32,7.72,8.32,7200
SMRT,20130429,8.1,8.12,8.03,8.07,34100
SMSI,20130429,5.76,5.96,5.68,5.72,58400
SMTC,20130429,31.26,31.84,31.12,31.7,317100
SMTX,20130429,2.29,2.3,2.21,2.25,13400
SNAK,20130429,7.72,7.8,7.67,7.7,42800
SNBC,20130429,16.15,16.4,16.05,16.1,37200
SNCR,20130429,27.12,28.09,27.12,27.99,217500
SNFCA,20130429,7.23,8.1,7.23,8.07,303300
SNHY,20130429,32.45,32.75,32.19,32.63,24700
SNMX,20130429,1.96,2.16,1.96,2.04,570800
SNPS,20130429,35.34,35.34,35,35.11,735100
SNSS,20130429,33.78,34.5,33.3,34.26,244700
SOCL,20130429,14.75,14.79,14.62,14.64,25700
SODA,20130429,53.95,54.18,53.22,53.64,446500
SOFO,20130429,6.87,6.99,6.77,6.99,2600
SOHO,20130429,4.12,4.33,4.11,4.2,16100
SOHU,20130429,52.36,52.69,49.74,50.66,1401800
SONA,20130429,10.26,10.43,10,10.07,34900
SONC,20130429,12.72,12.86,12.46,12.49,588600
SONS,20130429,10.4,10.5,10.1,10.15,983300
SORL,20130429,2.79,2.79,2.66,2.77,25300
SOXX,20130429,59.1,59.93,59.09,59.79,120100
SPAN,20130429,19.6,19.66,19.6,19.6,900
SPAR,20130429,5.18,5.21,5.16,5.21,131500
SPEX,20130429,143.26,143.26,143.26,143.26,300
SPIL,20130429,6.06,6.16,6.03,6.15,1284900
SPLK,20130429,41.69,41.86,41.21,41.73,924000
SPLS,20130429,12.82,13.07,12.67,12.92,5479100
SPNC,20130429,18.56,19.09,18.44,18.78,380200
SPNS,20130429,5.78,5.84,5.72,5.78,50500
SPPI,20130429,7.5,7.59,7.31,7.37,783600
SPRT,20130429,3.99,3.99,3.94,3.97,113700
SPSC,20130429,46.4,48.52,46.01,47.7,66100
SPTN,20130429,16.79,17.09,16.63,16.77,63100
SPU,20130429,2.22,2.25,2.15,2.15,24300
SPWR,20130429,13.37,14.35,13.35,13.66,6988900
SQQQ,20130429,125.92,125.92,122.12,123.56,2169400
SRCE,20130429,23.26,23.46,23.09,23.37,16100
SRCL,20130429,108.57,108.57,107.8,108.41,299600
SRDX,20130429,25.82,25.98,25.42,25.69,68400
SREV,20130429,6.27,6.47,6.24,6.37,292700
SRPT,20130429,29.9,30.68,29.37,29.94,1592100
SSBI,20130429,8.21,8.59,8.21,8.4,2900
SSFN,20130429,5.14,5.14,4.99,5.03,2100
SSH,20130429,5.19,5.19,5.05,5.06,39400
SSNC,20130429,29.6,30.15,29.6,29.8,195700
SSRI,20130429,7.22,7.28,6.97,7.11,1387200
SSYS,20130429,76.65,79.75,76,79,491900
STAA,20130429,6.68,6.86,6.68,6.83,73500
STB,20130429,6.48,6.51,6.43,6.46,68100
STBA,20130429,18.48,18.77,18.48,18.64,38500
STBZ,20130429,14.5,14.72,14.44,14.55,47300
STEM,20130429,21.24,21.48,20.64,20.76,215500
STFC,20130429,16.9,16.99,16.76,16.98,36200
STKL,20130429,7.43,7.45,7.3,7.32,156600
STLD,20130429,14.79,14.98,14.64,14.91,1768600
STLY,20130429,3.98,4.04,3.81,3.97,36200
STML,20130429,13.49,14.5,13.4,14.04,202900
STMP,20130429,32.53,33.5,32.31,33.02,338600
STPP,20130429,33.04,33.05,33.02,33.05,1500
STRA,20130429,48.03,48.59,47.44,47.54,161700
STRL,20130429,10.2,10.23,10.07,10.14,35000
STRM,20130429,6.25,6.4,6.04,6.3,57800
STRS,20130429,15.5,15.5,15.3,15.49,5000
STRT,20130429,38.1,38.8,37.32,38.74,11600
STRZA,20130429,23.48,23.75,23.3,23.46,898800
STRZB,20130429,23.5,23.54,23.5,23.54,1400
STX,20130429,36.46,36.73,35.86,36.22,4811500
SUMR,20130429,2.89,2.95,2.81,2.93,58700
SUNS,20130429,19.04,19.34,19.04,19.15,20700
SUPN,20130429,5.05,5.15,4.95,5.15,700100
SVA,20130429,3.64,3.78,3.63,3.69,289100
SVBI,20130429,4.27,4.36,4.17,4.26,20600
SVVC,20130429,18.52,18.71,18.5,18.54,30500
SWHC,20130429,8.71,8.9,8.71,8.84,1465500
SWIR,20130429,11.4,11.5,11.02,11.18,50100
SWKS,20130429,21.66,22.35,21.31,22.05,5946300
SYBT,20130429,14.8267,15.1067,14.8,15.1,22000
SYKE,20130429,14.83,14.85,14.64,14.67,78100
SYMC,20130429,24.45,24.74,24.42,24.59,7026200
SYMX,20130429,1.07,1.07,1.05,1.06,62600
SYNA,20130429,42.31,42.99,42.12,42.57,1201900
SYNC,20130429,2.84,2.93,2.82,2.88,134800
SYNL,20130429,14,14.18,13.95,13.95,5600
SYNT,20130429,31.475,31.82,31.375,31.675,74500
SYPR,20130429,3.22,3.22,3.16,3.2,58400
SYUT,20130429,4.77,4.85,4.77,4.8,11900
TACT,20130429,7.6,7.62,7.45,7.6,2800
TAIT,20130429,1.05,1.05,1.03,1.03,5000
TASR,20130429,8.99,8.99,8.7,8.72,664200
TAST,20130429,4.73,4.79,4.69,4.76,71000
TATT,20130429,6.35,6.49,6.35,6.49,400
TAX,20130429,16.85,17.14,16.84,17.14,2600
TAYD,20130429,8.13,8.13,7.96,7.96,3700
TBBK,20130429,12.95,13.04,12.76,12.86,67900
TBNK,20130429,23.16,23.4,23.14,23.37,13100
TCBI,20130429,41.33,41.77,40.94,41.35,404200
TCBIL,20130429,25.32,25.32,25.32,25.32,1000
TCBIP,20130429,25.03,25.09,25,25.05,42100
TCBIW,20130429,25.71,25.71,25.71,25.71,0
TCBK,20130429,16.33,16.64,16.27,16.37,14100
TCCO,20130429,6.8,6.8,6.24,6.39,2500
TCPC,20130429,15.76,15.95,15.63,15.83,70300
TCRD,20130429,15.1,15.48,15.1,15.23,245000
TCX,20130429,8.32,8.4,8.12,8.4,156000
TDIV,20130429,21.33,21.61,21.27,21.57,269500
TEAR,20130429,7.61,7.69,7.35,7.39,301700
TECD,20130429,44.98,45.82,44.98,45.77,172400
TECH,20130429,64.18,64.53,64.08,64.35,71900
TESO,20130429,11.88,12.15,11.7,12.09,172300
TESS,20130429,20.02,20.29,19.39,20.22,9100
TFSL,20130429,10.66,10.83,10.65,10.8,303000
TGA,20130429,7.98,8.09,7.87,8.06,42200
THFF,20130429,29.72,30.59,29.72,30.51,14900
THLD,20130429,4.94,5,4.8,4.82,295900
THRM,20130429,15.09,15.45,14.97,15.35,108200
TICC,20130429,9.99,10.13,9.95,10.1,641600
TILE,20130429,17.28,17.49,16.95,17.06,919000
TINY,20130429,3.29,3.31,3.26,3.27,47700
TISA,20130429,3.16,3.2,3.12,3.18,6300
TITN,20130429,22.31,22.89,22.07,22.6,633500
TIVO,20130429,11.53,11.77,11.5,11.57,1229900
TLF,20130429,7.08,7.08,7.05,7.08,1400
TLT,20130429,123.58,123.73,122.76,122.94,4915900
TNAV,20130429,5.46,5.46,5.15,5.33,352000
TNGO,20130429,12.59,13.09,12.5,12.84,292200
TOPS,20130429,113.4,115.5,100.8,108.5,18400
TORM,20130429,12.14,12.14,11.5,11.96,600
TOWN,20130429,14.18,14.24,14.06,14.09,15300
TQQQ,20130429,31.345,32.26,31.34,31.895,1346600
TREE,20130429,19.95,20.28,19.8,20.03,46800
TRIB,20130429,15.9,15.9,15.57,15.8,37200
TRIP,20130429,53.69,54,52.25,53.07,1898100
TRMB,20130429,28.3,28.59,27.93,28.26,2172000
TRMK,20130429,24.48,24.48,24.27,24.39,223500
TRNS,20130429,6.89,7.19,6.52,7.05,38400
TROV,20130429,6.02,6.1,5.84,5.97,62600
TROVW,20130429,2.2,2.88,2.14,2.14,300
TROW,20130429,71.47,71.81,70.93,71.48,2194000
TRS,20130429,30.13,30.52,29.98,30.27,107900
TRST,20130429,5.29,5.38,5.26,5.29,331600
TSBK,20130429,8.06,8.28,8.06,8.24,3600
TSCO,20130429,54.495,54.51,53.53,53.82,634500
TSEM,20130429,6.4,6.47,6.35,6.47,24500
TSLA,20130429,51.54,54.99,51.2,54.94,3639600
TSRA,20130429,19.74,20.18,19.64,20.17,445600
TSRI,20130429,3.36,3.36,3.36,3.36,0
TSRO,20130429,27.97,30.65,27.62,27.83,323500
TST,20130429,1.94,1.94,1.88,1.93,28700
TTEC,20130429,21.01,21.14,20.88,21.04,60500
TTEK,20130429,25.81,26.11,25.77,26,269800
TTGT,20130429,4.34,4.41,4.3,4.38,46200
TTMI,20130429,6.97,7.09,6.95,7.01,161700
TTPH,20130429,8.48,8.5,8.05,8.12,17700
TTS,20130429,24.57,25.05,24.57,24.88,230000
TTWO,20130429,15.63,15.75,15.41,15.46,570200
TUES,20130429,8.25,8.27,8.12,8.21,197100
TWER,20130429,47.6,48.4,46.8,48,185700
TWIN,20130429,21.24,21.76,21.21,21.67,18400
TWMC,20130429,4.3,4.41,4.29,4.4,38600
TXN,20130429,35.86,36.1,35.68,35.97,5381700
TXRH,20130429,21.22,21.49,21.04,21.32,1822200
TYPE,20130429,22.8,22.91,22.61,22.83,266800
TZOO,20130429,26.04,26.04,25.55,25.6,56000
UBCP,20130429,7.16,7.25,7.16,7.25,4900
UBFO,20130429,4.11,4.11,4.1,4.11,1100
UBNK,20130429,14.61,14.82,14.61,14.69,38600
UBNT,20130429,16.32,16.39,15.7,15.73,146100
UBOH,20130429,11.75,12.22,11.75,12.1,2300
UBSH,20130429,18.46,18.8,18.46,18.67,32100
UBSI,20130429,25,25.08,24.8,24.94,271100
UCBA,20130429,10.03,10.03,10,10.01,400
UCBI,20130429,10.83,10.94,10.73,10.94,49900
UCFC,20130429,4.25,4.26,4.18,4.25,37700
UCTT,20130429,6.14,6.2,6.09,6.18,84700
UEIC,20130429,21.75,22.1,21.36,21.59,33700
UEPS,20130429,7.28,7.5,7.24,7.45,47200
UFCS,20130429,29,29,27.58,27.8,34500
UFPI,20130429,37.79,38.76,37.77,38.47,46400
UFPT,20130429,19.16,19.46,19.16,19.44,6100
UG,20130429,22.4,22.41,21.89,22.41,400
UHAL,20130429,156.64,161.36,156.64,159.39,31300
UIHC,20130429,5.75,5.79,5.65,5.72,51600
ULBI,20130429,3.82,4.03,3.82,3.9,17400
ULTA,20130429,85.85,87.83,85.85,86.72,990400
ULTI,20130429,94.95,96.43,94.35,96.08,113900
UMBF,20130429,49.74,50.16,49.37,50.11,105800
UMPQ,20130429,12.03,12.17,11.99,12.12,362400
UNAM,20130429,13.83,13.83,13.83,13.83,0
UNB,20130429,21.2,21.2,21.17,21.2,3200
UNFI,20130429,50.13,50.78,50.04,50.29,160300
UNIS,20130429,19.4,20.4,19.2,19.8,495600
UNTY,20130429,7.14,7.14,7.14,7.14,1200
UNXL,20130429,40.29,40.88,35.77,36.2,1236600
URBN,20130429,41.47,41.93,41.26,41.35,1119800
URRE,20130429,23.4,24.84,22.92,24.24,94400
USAK,20130429,4.9,5.06,4.83,5.01,11700
USAP,20130429,34.07,34.1,33.76,33.86,16100
USAT,20130429,2.05,2.15,2.05,2.12,149300
USATP,20130429,20.25,20.25,20.25,20.25,0
USCR,20130429,15.97,16,15.81,15.97,19000
USEG,20130429,10.2,10.5,10.2,10.5,81000
USLM,20130429,47.5,47.5,45,46.37,43700
UTEK,20130429,31.24,31.64,30.89,31.02,484500
UTHR,20130429,62.42,65.42,62.29,64.98,1262800
UTMD,20130429,45.43,45.5,45.14,45.5,2200
UTSI,20130429,2.78,2.81,2.78,2.79,60700
UVSP,20130429,17.12,17.39,17.06,17.17,21800
VALU,20130429,9.22,9.39,9.11,9.24,1100
VASC,20130429,16,16,15.83,15.85,28400
VBFC,20130429,32.8,35.68,32.64,32.64,1000
VCIT,20130429,88.98,89.01,88.92,88.98,656700
VCLT,20130429,93.62,93.68,93.15,93.22,77000
VCSH,20130429,80.67,80.68,80.62,80.66,418100
VDSI,20130429,8.43,8.67,8.35,8.64,94500
VECO,20130429,37.11,38.05,37.06,37.31,395500
VGIT,20130429,65.92,65.92,65.9,65.91,8800
VGLT,20130429,76.71,76.78,76.57,76.6,7400
VGSH,20130429,60.94,60.94,60.91,60.93,17900
VIA,20130429,64.6,64.85,64.31,64.43,34100
VIAB,20130429,63.67,64.27,63.56,63.65,4293800
VICL,20130429,37.5,37.8,36.4,36.8,326700
VICR,20130429,5.4,5.44,5.2,5.35,107100
VIRC,20130429,2.01,2.07,2,2.02,12700
VISN,20130429,2.68,2.79,2.52,2.72,17700
VIVO,20130429,19.62,20.08,19.62,19.96,212900
VLGEA,20130429,34.23,34.95,34.23,34.84,3800
VLTC,20130429,6.16,6.21,5.8,5.83,51000
VMBS,20130429,52.32,52.39,52.32,52.39,34500
VNDA,20130429,4.71,4.88,4.68,4.83,672300
VNET,20130429,9.1,9.1,8.89,8.95,152200
VNQI,20130429,60.86,61.08,60.61,61.08,90200
VNR,20130429,28.41,28.79,28.1,28.31,589500
VOD,20130429,30.49,30.8,30.46,30.59,8773500
VONE,20130429,72.99,73.22,72.99,73.17,4900
VONG,20130429,74.12,74.58,74.12,74.49,4700
VONV,20130429,71.65,72.1,71.65,71.99,3500
VOXX,20130429,9.7,9.85,9.61,9.68,87000
VRA,20130429,22.28,22.65,22.21,22.53,200500
VRML,20130429,1.21,1.3,1.17,1.28,96400
VRNT,20130429,32.92,33.3,32.79,32.86,410700
VRSK,20130429,59.96,60.5,59.71,60.49,674100
VRSN,20130429,44.61,45.37,44.19,45.24,2715600
VRTB,20130429,4.6,4.8,4.6,4.68,3100
VRTS,20130429,184.32,190.92,182.96,189.26,17200
VRTU,20130429,21.9,22.35,21.9,22.05,124200
VRTX,20130429,79,80.41,78.25,78.33,1892800
VSAT,20130429,47.55,48.32,47.48,47.87,98700
VSEC,20130429,14.375,15.03,14.375,15.01,33500
VSTM,20130429,10.25,10.25,9.75,9.82,18200
VTHR,20130429,73.3,73.3,73.3,73.3,100
VTIP,20130429,50.16,50.16,50.11,50.13,84700
VTNR,20130429,2.95,3.03,2.95,2.96,11600
VTWG,20130429,77.06,77.61,77.06,77.3,3700
VTWO,20130429,74.37,74.76,74.37,74.62,9600
VTWV,20130429,71.75,71.94,71.75,71.94,1900
VVUS,20130429,13.06,13.29,12.99,13.03,1629100
VXUS,20130429,49,49.42,49,49.37,88500
WABC,20130429,42.84,43.3,42.84,42.96,79300
WAFD,20130429,17.06,17.07,16.88,16.94,325000
WAFDW,20130429,3.8,3.8,3.8,3.8,0
WASH,20130429,26.58,26.8,26.36,26.54,13400
WAYN,20130429,10,10,9.96,10,12000
WBB,20130429,13.2,13.2,13.15,13.17,16500
WBKC,20130429,18.97,18.97,18.46,18.46,1100
WBMD,20130429,23.49,23.68,23.17,23.66,246000
WDC,20130429,53.19,54.97,52.65,54.12,3477600
WDFC,20130429,54.1,54.5,54.08,54.15,15500
WEBK,20130429,16.4,16.4,16.15,16.15,1200
WEN,20130429,5.69,5.73,5.66,5.68,2075800
WERN,20130429,23.11,23.12,22.75,22.79,552800
WETF,20130429,11.15,11.28,10.87,11.14,1982500
WEYS,20130429,23.55,23.72,23.55,23.72,1900
WFBI,20130429,11.15,11.16,11.15,11.15,2100
WFM,20130429,44.33,44.47,43.955,44.065,1714900
WHF,20130429,15.57,15.75,15.56,15.74,54100
WHLR,20130429,6.07,6.07,6,6.01,4200
WIFI,20130429,6.25,6.3,6.15,6.17,34400
WILC,20130429,6.87,6.9,6.75,6.9,13700
WILN,20130429,3.82,3.85,3.66,3.66,6000
WIN,20130429,8.48,8.51,8.42,8.49,4437100
WINA,20130429,61.54,61.77,61.1,61.49,7400
WIRE,20130429,32.43,32.8,32.34,32.62,38900
WLB,20130429,11.65,12.09,11.65,12,281400
WLDN,20130429,2.25,2.25,2.25,2.25,0
WLFC,20130429,13.97,14.13,13.97,14.12,6300
WMAR,20130429,11.75,11.79,11.51,11.71,63600
WMGI,20130429,23.12,23.8,22.98,23.61,256900
WMGIZ,20130429,2.5,2.55,2.38,2.55,255800
WOOD,20130429,49.28,49.28,48.93,49.08,37700
WOOF,20130429,24.07,24.46,23.93,24.07,1194000
WPCS,20130429,60.06,61.6,49.28,60.06,5900
WPPGY,20130429,81.57,82.32,81.32,82.14,64300
WPRT,20130429,29.98,30.14,29.22,30.02,696600
WRLD,20130429,87.18,87.79,86.55,87,112000
WSBC,20130429,24.42,24.84,24.42,24.75,30300
WSBF,20130429,7.76,7.99,7.76,7.99,8000
WSCI,20130429,5.04,5.04,5.01,5.02,5000
WSFS,20130429,16.21,16.5,16.21,16.33,16500
WSFSL,20130429,26.9,26.9,26.81,26.81,500
WSTC,20130429,20.54,20.93,20.54,20.82,177200
WSTG,20130429,12.01,12.2,11.99,12.18,11000
WSTL,20130429,2,2.02,1.95,2,129000
WTBA,20130429,11.11,11.11,10.75,10.81,3500
WTFC,20130429,35.75,36.11,35.71,36.07,233700
WTFCW,20130429,15.99,15.99,15.99,15.99,300
WVFC,20130429,11.59,11.6,11.55,11.55,600
WVVI,20130429,4.27,4.31,4.27,4.31,1100
WWD,20130429,35.2,35.64,35.17,35.52,473400
WYNN,20130429,135.96,136.51,133.44,135.8,1224500
XBKS,20130429,5.3,5.44,5.25,5.4,7300
XLNX,20130429,37.43,37.81,37.3,37.69,2851300
XOMA,20130429,70,70,67.8,69.8,409400
XONE,20130429,36.25,37.87,35.84,36.69,338700
XPLR,20130429,3.61,3.85,3.5,3.6,8600
XRAY,20130429,41.72,42.25,41.5,42.2,507300
XXIA,20130429,16.21,16.33,16.04,16.15,658100
YHOO,20130429,24.86,24.91,24.35,24.43,12533400
YNDX,20130429,25,25.83,24.94,25.76,2173800
YOD,20130429,1.71,1.71,1.53,1.56,9200
YORW,20130429,18.4,18.52,18.27,18.33,13600
YRCW,20130429,7.29,7.37,7.22,7.32,36100
YY,20130429,17.39,18.18,17.39,17.73,343000
Z,20130429,56.3,56.35,53.68,55.86,961900
ZAGG,20130429,6.85,6.9,6.65,6.69,639300
ZBRA,20130429,45.94,46.65,45.08,46.2,70500
ZEUS,20130429,19.95,20.41,19.76,20.16,27800
ZGNX,20130429,13.52,13.68,12.88,13.6,421900
ZION,20130429,24.28,24.67,24.28,24.5,1494600
ZIONW,20130429,3.98,4.03,3.85,3.87,17500
ZIOP,20130429,1.84,1.89,1.76,1.79,770300
ZIXI,20130429,3.69,3.74,3.66,3.67,357600
ZLTQ,20130429,4.6,4.7,4.5,4.56,90800
ZN,20130429,1.3,1.31,1.28,1.28,28900
ZNGA,20130429,3.38,3.41,3.22,3.27,22175300
ZUMZ,20130429,28.63,29.2,28.57,28.8,220300
