<ticker>,<date>,<open>,<high>,<low>,<close>,<vol>
AAME,20121207,2.94,2.94,2.92,2.94,800
AAON,20121207,9.4267,9.5422,9.2445,9.2933,34000
AAPL,20121207,79.0571,79.3143,75.7143,76.1786,28134500
AAWW,20121207,42.1,42.76,42.1,42.4,112300
AAXJ,20121207,59.24,59.3,59.01,59.26,492100
ABAX,20121207,37.01,38.47,37.01,38.18,181300
ABCB,20121207,11.68,11.83,11.47,11.68,124100
ABCD,20121207,1.24,1.25,1.11,1.12,37100
ABCO,20121207,47.89,48.96,47.89,48.65,192400
ABIO,20121207,11.34,12.18,11.34,11.34,34400
ABMD,20121207,11.8,12.88,11.8,12.49,3247400
ABTL,20121207,3.85,3.85,3.76,3.78,19300
ACAD,20121207,4.65,4.74,4.49,4.55,2526300
ACAS,20121207,11.68,11.92,11.67,11.88,2296100
ACAT,20121207,33.53,36.31,33.53,36.04,343600
ACET,20121207,9.76,9.77,9.63,9.73,122200
ACFC,20121207,2.05,2.05,2.05,2.05,200
ACGL,20121207,44.66,44.77,44.52,44.73,472900
ACHC,20121207,22.9,22.94,22,22.05,5902200
ACHN,20121207,7.47,7.74,7.39,7.48,398100
ACIW,20121207,14.5333,14.6667,14.2267,14.28,157900
ACLS,20121207,5,5,4.64,4.84,484400
ACNB,20121207,15.83,16.2,15.76,16.17,6300
ACOR,20121207,25.17,25.23,24.83,25.06,200300
ACPW,20121207,3.2,3.4,3.2,3.25,194200
ACRX,20121207,3.7,3.71,3.42,3.44,3612600
ACTG,20121207,24.14,24.98,24.14,24.89,549100
ACTS,20121207,1.58,1.6,1.55,1.57,27200
ACUR,20121207,1.51,1.51,1.38,1.43,166200
ACWI,20121207,47.59,47.62,47.36,47.57,520900
ACWX,20121207,41.01,41.01,40.84,40.93,561100
ACXM,20121207,17.57,17.57,17.16,17.38,163900
ADBE,20121207,35.4,35.5,34.94,35.48,2725300
ADES,20121207,8.305,8.51,8.065,8.405,184500
ADI,20121207,40.92,41.35,40.73,41.28,2193500
ADP,20121207,50.5443,50.8341,49.9825,50.316,1537800
ADRA,20121207,24.98,25.25,24.58,24.93,3600
ADRD,20121207,20.57,20.7,20.57,20.7,1100
ADRE,20121207,38.78,38.94,38.74,38.92,49600
ADRU,20121207,20.7,20.7,20.69,20.7,600
ADSK,20121207,33.87,33.96,33.42,33.76,1434500
ADTN,20121207,19.05,19.05,18.36,18.6,1167600
ADUS,20121207,6.73,6.78,6.34,6.76,54700
AEGN,20121207,20.32,20.95,20.32,20.72,153000
AEGR,20121207,20.71,21.39,19.89,20.17,427800
AEHR,20121207,0.75,0.85,0.75,0.85,6900
AEIS,20121207,12.67,13.07,12.67,12.99,176400
AEPI,20121207,58.13,58.13,56.89,57.58,20500
AETI,20121207,4.67,4.7,4.67,4.7,800
AEY,20121207,1.96,2,1.96,1.99,23900
AEZS,20121207,226,226,216,221,132900
AFAM,20121207,20.52,20.52,20.09,20.43,25400
AFSI,20121207,14.395,14.415,14.12,14.19,189500
AGEN,20121207,4.35,4.35,4.12,4.16,48200
AGII,20121207,32.74,33.15,32.74,32.89,42100
AGIIL,20121207,25.17,25.19,24.92,25.13,15200
AGNC,20121207,31.2,31.35,30.99,31.1,4117500
AGNCP,20121207,25.93,26.22,25.85,25.94,19800
AGYS,20121207,8.25,8.25,8.1,8.17,8500
AHGP,20121207,44.4,44.94,44.28,44.75,20700
AHPI,20121207,2.52,2.52,2.52,2.52,0
AIMC,20121207,19.94,20.26,19.87,20.1,125000
AINV,20121207,8.26,8.26,8.17,8.21,1109300
AIRM,20121207,37.33,37.33,36.7133,36.9967,33000
AIRT,20121207,8.35,8.4,8.35,8.4,1000
AIXG,20121207,12.27,12.32,12.2,12.24,127400
AKAM,20121207,38.94,39.2,38.5,38.82,3205700
AKRX,20121207,12.99,13.04,12.67,12.69,384500
ALCO,20121207,37.62,37.73,36.97,37,22100
ALGN,20121207,25.77,25.96,25.25,25.51,1223000
ALGT,20121207,74.99,75,72.44,73.25,180300
ALIM,20121207,1.76,1.76,1.55,1.61,49400
ALKS,20121207,18.83,18.97,18.6,18.68,614600
ALLT,20121207,19.22,19.63,18.91,19.44,766400
ALNY,20121207,16.75,16.83,16.46,16.65,92000
ALOG,20121207,70,71,67.61,68.06,371900
ALOT,20121207,9.15,9.25,9.15,9.25,2000
ALSK,20121207,2.07,2.08,2.03,2.05,195100
ALXN,20121207,93.78,94.1,90.08,91.5,1718300
AMAG,20121207,14.65,14.65,14.29,14.42,51300
AMAT,20121207,10.93,10.98,10.83,10.97,8274900
AMBA,20121207,9.1,9.22,8.91,9.02,118400
AMCC,20121207,7.27,7.31,6.86,7.02,588700
AMCN,20121207,2.09,2.23,2.03,2.15,39600
AMCX,20121207,52.39,52.81,51.49,52.41,757400
AMD,20121207,2.38,2.39,2.29,2.36,34204600
AMED,20121207,10.91,10.95,10.48,10.5,254400
AMGN,20121207,88.78,88.8,87.63,88.32,3526300
AMKR,20121207,4.37,4.37,4.22,4.29,505200
AMNB,20121207,19.87,20.67,19.87,20.06,6100
AMOT,20121207,6.5,6.54,6.47,6.49,700
AMOV,20121207,23.14,23.14,22.92,22.92,2300
AMRB,20121207,6.21,6.5,6.21,6.47,3700
AMRI,20121207,5.23,5.26,5.12,5.2,70600
AMRN,20121207,9.53,9.89,9.4,9.69,19065400
AMRS,20121207,2.74,2.75,2.48,2.58,149100
AMSC,20121207,27.9,28.1,27.1,27.4,213700
AMSF,20121207,26.5,26.62,26.16,26.48,30000
AMSG,20121207,29.32,29.32,29.01,29.09,67200
AMSWA,20121207,7.5,7.5,7.36,7.43,71400
AMWD,20121207,28.19,28.32,27.12,27.52,72000
AMZN,20121207,254.13,255.21,252.01,253.27,2170400
ANAT,20121207,67.91,68.45,67.5,68.05,9900
ANCB,20121207,13.86,13.87,13.86,13.87,400
ANCX,20121207,13.73,13.85,13.29,13.43,21800
ANDA,20121207,9.85,9.85,9.85,9.85,0
ANDAU,20121207,10.12,10.12,10.12,10.12,200
ANDAW,20121207,0.18,0.18,0.18,0.18,0
ANDE,20121207,27.4333,27.82,27.38,27.6667,128900
ANGI,20121207,10.65,10.65,10.46,10.6,86300
ANGO,20121207,10.39,10.76,10.37,10.51,199700
ANIK,20121207,9.5,9.68,9.5,9.67,75300
ANSS,20121207,66.39,66.45,65.54,66.29,276000
ANTH,20121207,5.76,6,5.36,5.6,1370000
AOSL,20121207,8.72,8.78,8.65,8.77,12000
APEI,20121207,35.65,35.86,35.43,35.74,151300
APOG,20121207,22.86,23.08,22.39,22.67,104200
APOL,20121207,20.46,20.76,19.98,20.17,1574100
APPY,20121207,16.48,16.64,16.24,16.64,61600
APRI,20121207,19.4,20,18.9,19.3,92100
APWC,20121207,3.1,3.13,3.1,3.1,3300
ARAY,20121207,6.18,6.26,6.09,6.23,504800
ARCC,20121207,17.56,17.64,17.43,17.53,1291200
ARCI,20121207,1.35,1.5,1.25,1.4,21500
ARCW,20121207,2.416,2.428,2.36,2.4,6400
AREX,20121207,23.31,24.48,23.14,24.2,489600
ARIA,20121207,22.04,22.26,21.97,22.07,1214500
ARII,20121207,31.51,31.51,30.57,30.89,40800
ARKR,20121207,16.2,16.25,16.2,16.25,8200
ARLP,20121207,28.125,28.125,27.45,27.78,123400
ARNA,20121207,8.74,8.8,8.52,8.54,4027100
AROW,20121207,24.32,24.48,24.15,24.42,20000
ARQL,20121207,2.57,2.6,2.53,2.55,226900
ARRS,20121207,14.28,14.31,14.07,14.29,505400
ARRY,20121207,3.62,3.66,3.47,3.63,688400
ARTNA,20121207,21.05,21.27,20.54,21.03,19600
ARTW,20121207,5.47,5.7,5.47,5.68,4700
ARTX,20121207,1.02,1.05,1.02,1.03,2000
ARWR,20121207,2.17,2.19,2.08,2.13,79300
ASBB,20121207,15.52,15.52,15.52,15.52,0
ASCMA,20121207,62.34,62.34,61.3,61.7,13100
ASFI,20121207,8.9,9.05,8.89,8.89,6000
ASML,20121207,62.64,63.52,62.55,63.5,1720200
ASNA,20121207,18.92,19.07,18.8,18.96,1822800
ASPS,20121207,102.32,109.24,101.37,103.02,414800
ASRV,20121207,2.89,2.89,2.87,2.87,2200
ASRVP,20121207,26.26,26.26,26.26,26.26,0
ASTC,20121207,0.81,0.85,0.81,0.84,10600
ASTE,20121207,29.84,29.84,29.01,29.66,37500
ASUR,20121207,5.71,5.9,5.65,5.87,31700
ASYS,20121207,2.97,3,2.9,2.9,50000
ATAI,20121207,3.9,3.93,3.7,3.93,4400
ATAX,20121207,6.85,6.98,6.83,6.98,170300
ATEC,20121207,20.76,20.76,20.16,20.4,157900
ATHN,20121207,73.26,74.12,71.9,73.89,1196400
ATHX,20121207,1.07,1.07,1.01,1.04,261400
ATLC,20121207,3.62,3.66,3.55,3.55,13300
ATLO,20121207,19.6,19.73,19.41,19.73,4200
ATNI,20121207,37,37,35.87,36.17,44500
ATOS,20121207,67.35,75.15,66.3,71.25,77400
ATRC,20121207,6.2,6.2,6.08,6.16,91900
ATRI,20121207,196.5,196.95,195.5,196.95,1700
ATRO,20121207,16.7917,17.0833,16.6667,16.8417,63100
ATRS,20121207,3.88,3.89,3.7,3.77,775400
ATSG,20121207,3.71,3.71,3.66,3.67,101500
ATTU,20121207,7.1,7.34,6.95,7.05,10100
ATVI,20121207,11.41,11.5,11.21,11.34,7298400
AUBN,20121207,22.4,22.4,22.4,22.4,0
AUDC,20121207,2.91,2.92,2.84,2.92,90300
AVAV,20121207,23,23.12,22.19,22.37,289800
AVEO,20121207,6.17,6.17,5.97,5.97,220900
AVGO,20121207,34.23,34.56,33.95,34.25,8504900
AVHI,20121207,12.74,12.85,12.29,12.82,13600
AVID,20121207,6.6,6.75,6.56,6.7,94200
AVNW,20121207,33,33.24,32.16,33.12,123800
AWRE,20121207,6.68,6.68,6.54,6.59,35000
AXAS,20121207,1.95,1.95,1.78,1.81,1316500
AXTI,20121207,2.99,3,2.92,2.97,85300
AZPN,20121207,26.5,26.56,26.28,26.5,559000
BABY,20121207,11.06,11.14,10.85,10.88,59000
BANF,20121207,43.02,43.39,42.91,43.35,7200
BANFP,20121207,26.12,26.12,26.12,26.12,400
BANR,20121207,29.86,30.15,29.42,30.15,144700
BASI,20121207,1.18,1.2,1.18,1.2,5100
BBBY,20121207,58.55,58.85,57.72,58.21,2479700
BBGI,20121207,4.91,4.99,4.89,4.94,2900
BBOX,20121207,25.21,25.21,24.25,24.58,24400
BBRG,20121207,13.13,13.13,12.66,12.78,207400
BBRY,20121207,11.85,12.13,11.75,12.01,24531000
BBSI,20121207,34.53,34.53,34.2,34.41,46100
BCBP,20121207,9.1,9.1,8.94,8.95,8700
BCOM,20121207,5.47,5.48,5.47,5.48,600
BCOR,20121207,14.2,14.43,14.06,14.15,173300
BCOV,20121207,9.29,9.38,8.85,8.97,308300
BCPC,20121207,35.63,35.9,35.26,35.67,61200
BCRX,20121207,1.39,1.53,1.33,1.37,694500
BDE,20121207,8.16,8.29,8.05,8.07,60100
BDGE,20121207,20.08,20.08,19.97,20.07,4300
BDSI,20121207,4.28,4.31,4.2,4.29,171500
BEAT,20121207,2.11,2.12,2.06,2.1,43700
BEAV,20121207,47.45,47.84,46.95,47.31,358000
BEBE,20121207,3.71,3.74,3.69,3.71,494500
BECN,20121207,30.89,31.18,30.64,30.98,368800
BELFA,20121207,14.19,14.19,14.18,14.18,200
BELFB,20121207,15.95,15.95,15.59,15.66,23000
BFIN,20121207,7.14,7.24,7.06,7.18,13300
BGCP,20121207,3.4,3.44,3.34,3.39,825700
BGFV,20121207,13.66,13.86,12.84,13.25,155300
BIB,20121207,15.065,15.065,14.39,14.475,94800
BICK,20121207,24.38,24.5,24.37,24.5,500
BIDU,20121207,89.22,90.29,87.85,89.36,3553500
BIIB,20121207,151.84,152,150.45,151.29,764900
BIOC,20121207,17.85,17.85,17.4,17.61,1800
BIOL,20121207,1.86,1.88,1.82,1.86,30200
BIOS,20121207,10.9,10.91,10.65,10.81,146200
BIS,20121207,66.54,67.43,66.54,66.85,13000
BJRI,20121207,32.43,32.6,32.2,32.35,106300
BKCC,20121207,10.05,10.05,9.85,9.96,371600
BKEP,20121207,6.4,6.54,6.4,6.49,73100
BKEPP,20121207,8.35,8.35,8.35,8.35,1900
BKMU,20121207,4.29,4.29,4.18,4.21,74300
BKSC,20121207,11.18,11.19,11.17,11.18,1000
BLDP,20121207,0.63,0.65,0.63,0.65,43800
BLDR,20121207,5.35,5.35,5.15,5.18,141200
BLIN,20121207,9,9.45,8,8.4,237300
BLKB,20121207,21.96,21.96,21.35,21.47,406700
BLMN,20121207,15.44,15.51,15.28,15.43,158600
BLMT,20121207,12.21,12.21,12.05,12.13,2700
BLRX,20121207,2.98,2.98,2.81,2.83,67400
BMRC,20121207,36.09,36.37,34.98,36.08,56000
BMRN,20121207,47.94,48.13,46.53,46.96,1646400
BMTC,20121207,22.32,22.32,21.73,22.08,21100
BNCL,20121207,9.31,9.73,9.31,9.4,31500
BNCN,20121207,7.67,7.67,7.5,7.65,7500
BNSO,20121207,1.23,1.23,1.21,1.21,500
BOBE,20121207,40.36,40.4,39.97,40.16,120900
BOCH,20121207,4.52,4.55,4.5,4.5,28900
BOFI,20121207,6.685,6.685,6.575,6.585,32400
BOKF,20121207,55.3,55.71,54.9,55.06,61800
BONT,20121207,11.58,11.79,11.22,11.47,101100
BOOM,20121207,13.48,13.6,13.26,13.58,17600
BOSC,20121207,2.56,2.56,2.56,2.56,100
BOTJ,20121207,5.7,5.7,5.7,5.7,0
BPFH,20121207,9.34,9.41,9.12,9.22,220800
BPFHW,20121207,3.85,3.85,3.85,3.85,0
BPOP,20121207,19.77,19.97,19.69,19.86,990200
BPOPM,20121207,21.85,21.85,21.85,21.85,2100
BPOPN,20121207,23.58,23.58,23.5,23.56,4600
BRCD,20121207,5.54,5.56,5.45,5.53,3857600
BREW,20121207,6.25,6.34,6.21,6.26,10500
BRID,20121207,6.96,6.96,6.96,6.96,0
BRKL,20121207,8.34,8.41,8.3,8.33,99700
BRKR,20121207,14.24,14.4,14.14,14.36,660200
BRKS,20121207,7.75,7.75,7.61,7.65,181700
BSET,20121207,11.83,11.96,11.61,11.84,9300
BSFT,20121207,33.26,33.38,32.01,32.66,492800
BSPM,20121207,7.28,7.49,7.14,7.35,35300
BSQR,20121207,2.76,2.77,2.75,2.75,900
BSRR,20121207,10.98,11.05,10.57,10.66,8300
BSTC,20121207,13.05,13.13,12.75,12.75,18600
BUR,20121207,3.65,3.65,3.6,3.6,1900
BUSE,20121207,4.5,4.5,4.42,4.5,36100
BV,20121207,8.94,9.27,8.9,9.03,713200
BVSN,20121207,8.37,8.5,8.3,8.33,15900
BWEN,20121207,2.11,2.25,2.11,2.22,35300
BWINA,20121207,22.84,22.84,22.84,22.84,0
BWINB,20121207,23.1,23.67,22.97,23.48,9200
BWLD,20121207,74.05,75.75,74.01,74.26,256200
BYFC,20121207,0.83,0.95,0.82,0.95,4100
CA,20121207,22.14,22.14,21.89,22.02,2525900
CAAS,20121207,4.94,4.94,4.5,4.71,50700
CAC,20121207,35.35,35.35,34.78,35.02,10100
CACB,20121207,5.13,5.13,4.96,5,4200
CACC,20121207,91.42,91.47,90.89,91.25,15200
CADC,20121207,6.24,6.84,6.12,6.6,78800
CAKE,20121207,33.2,33.45,32.94,33.09,436600
CALD,20121207,4.25,4.29,4.15,4.28,191000
CALI,20121207,4.65,4.84,4.38,4.46,291400
CALL,20121207,16.61,16.71,16.07,16.2,446900
CALM,20121207,22.26,22.795,21.98,22.775,55900
CAMP,20121207,8.3,8.34,8.19,8.28,126400
CAMT,20121207,1.42,1.42,1.31,1.4,39000
CAR,20121207,19.47,19.5,18.89,19.06,1373300
CARB,20121207,9.41,9.44,9.24,9.25,55800
CART,20121207,2.2,2.2,2.18,2.2,1200
CARV,20121207,5,5,4.99,4.99,3500
CARZ,20121207,26.88,27.11,26.88,27.11,700
CASH,20121207,23.53,23.95,23.53,23.95,1400
CASM,20121207,2.15,2.15,2,2,26100
CASS,20121207,43.47,43.51,42.93,43.19,66100
CASY,20121207,49.92,49.93,49.33,49.82,184100
CATM,20121207,23.94,24.15,23.63,24.13,257200
CATY,20121207,17.82,17.86,17.65,17.74,87500
CAVM,20121207,34.62,34.86,33.76,34.06,448200
CBAK,20121207,1.78,1.94,1.73,1.88,75100
CBAN,20121207,3.92,3.94,3.7,3.8,4800
CBF,20121207,16.85,17.08,16.85,16.95,22100
CBLI,20121207,30.2,30.4,28.4,28.6,183600
CBMX,20121207,29.55,142.35,29.55,129,1316400
CBMXW,20121207,0.14,0.9,0.14,0.9,34800
CBOE,20121207,30.16,30.16,29.91,29.99,186600
CBPO,20121207,13.63,14.5,13.63,14.23,28000
CBRL,20121207,61.2,61.58,61.04,61.34,162300
CBSH,20121207,35.36,35.37,35.04,35.22,238600
CCBG,20121207,10.99,10.99,10.76,10.91,5000
CCCL,20121207,15.28,15.84,15.2,15.36,47600
CCIH,20121207,3.95,3.96,3.85,3.85,76600
CCMP,20121207,33.14,33.56,32.78,33.5,166900
CCNE,20121207,16.13,16.13,15.79,15.93,6600
CCOI,20121207,22.21,22.22,21.59,21.91,152100
CCRN,20121207,4.45,4.56,4.42,4.51,131300
CCUR,20121207,5.52,5.94,5.33,5.45,13000
CCXI,20121207,11.72,12,11.49,11.74,34900
CDNS,20121207,12.91,13.01,12.76,12.95,1743300
CDTI,20121207,11.3,11.65,11.3,11.5,23800
CDXS,20121207,2.14,2.15,2.1,2.11,75900
CDZI,20121207,7.72,8.02,7.72,7.88,27400
CECE,20121207,9.36,9.47,9.12,9.34,17700
CECO,20121207,3.04,3.04,2.84,2.95,462500
CELG,20121207,39.515,39.625,39.125,39.34,2008800
CELGZ,20121207,6.15,6.19,6.09,6.19,25300
CEMI,20121207,4.27,4.44,4.27,4.35,17000
CEMP,20121207,6.14,6.18,5.88,6,14100
CENT,20121207,11.15,11.43,11.1,11.42,144700
CENTA,20121207,11.7,11.87,11.55,11.77,90400
CENX,20121207,8.15,8.2,7.99,8.08,658800
CERN,20121207,39.3,39.385,38.615,39.055,520700
CERS,20121207,3.17,3.17,3.08,3.13,142500
CETV,20121207,4.66,4.87,4.62,4.82,83500
CEVA,20121207,15.25,15.42,15.03,15.09,70600
CFBK,20121207,1.17,1.27,1.17,1.27,108300
CFFI,20121207,35.33,35.39,34.15,34.39,25600
CFFN,20121207,12.09,12.18,11.99,12.16,1194300
CFNB,20121207,14.96,15,14.5,14.69,8300
CFNL,20121207,15.65,15.79,15.5,15.72,109800
CG,20121207,25,25.19,24.81,24.95,69100
CGEN,20121207,4.56,4.84,4.55,4.78,113800
CGNX,20121207,18.415,18.42,18.18,18.31,80700
CGO,20121207,13.43,13.46,13.35,13.39,30600
CHCI,20121207,1.23,1.27,1.17,1.19,20100
CHCO,20121207,33.97,33.97,33.44,33.64,17400
CHDN,20121207,63.33,63.68,62.12,62.88,18700
CHEF,20121207,15.72,15.8,15.18,15.33,27500
CHFC,20121207,21.76,21.76,21.55,21.6,26100
CHFN,20121207,9.89,9.94,9.83,9.94,30000
CHI,20121207,11.99,11.99,11.9,11.94,189800
CHKE,20121207,14.48,14.5,13.83,13.94,42900
CHKP,20121207,45.18,46.47,45.18,46.33,3264000
CHMG,20121207,25.78,25.78,25.78,25.78,500
CHNR,20121207,5,5,5,5,900
CHRW,20121207,60.68,60.97,60.14,60.6,783300
CHSCP,20121207,31.27,31.4,31.15,31.2,20000
CHTR,20121207,69.74,70.71,69.5,70.43,923000
CHUY,20121207,23.77,23.98,23.42,23.82,32000
CHW,20121207,8.33,8.34,8.27,8.31,255700
CHY,20121207,12.09,12.09,11.95,12.08,224100
CIDM,20121207,14.5,15.4,14.5,15.4,24500
CINF,20121207,40.7,40.77,40.09,40.5,673700
CISG,20121207,7.81,7.81,7.27,7.43,156000
CIZN,20121207,18.7,18.7,18.66,18.66,400
CJJD,20121207,1.14,1.14,1.02,1.07,4500
CKEC,20121207,14.05,14.23,13.83,13.94,111700
CLBH,20121207,7.51,7.51,7.5,7.5,1200
CLCT,20121207,10.04,10.08,9.9,10.02,18400
CLDX,20121207,5.66,5.74,5.38,5.52,867300
CLFD,20121207,4.67,4.72,4.55,4.62,6900
CLIR,20121207,4.13,4.77,4.13,4.77,20600
CLMS,20121207,9.7,9.75,9.6,9.63,72200
CLMT,20121207,30.37,30.37,29.81,30.16,152900
CLNE,20121207,13.02,13.17,12.9,13.12,896400
CLNT,20121207,4.4,4.44,4.01,4.03,163300
CLRO,20121207,3.92,3.92,3.82,3.85,5200
CLSN,20121207,7.45,7.7,7.3,7.36,637100
CLUB,20121207,11.03,11.03,10.74,10.89,49600
CLVS,20121207,15.96,15.96,15.33,15.53,61900
CLWT,20121207,3.65,3.78,3.55,3.66,3400
CMCO,20121207,15.12,15.12,14.73,14.98,10400
CMCSA,20121207,37.25,37.33,36.82,37.03,11830200
CME,20121207,55.06,55.22,54.55,54.96,1640500
CMLS,20121207,18.16,18.96,18.08,18.88,128900
CMTL,20121207,22.86,24.91,22.33,24.13,718300
CNBKA,20121207,28.8,30.5,28.8,30.34,3000
CNET,20121207,0.78,0.99,0.75,0.86,38400
CNIT,20121207,0.95,1.04,0.92,1,175700
CNMD,20121207,27.74,27.79,27.4,27.65,57000
CNOB,20121207,11.66,11.71,11.41,11.6,35100
CNSL,20121207,15.07,15.07,14.8,15,153200
CNTF,20121207,7.05,7.2,7,7,38200
CNTY,20121207,2.54,2.73,2.54,2.72,36600
COBZ,20121207,7.06,7.06,6.91,7.03,52000
COHR,20121207,47.79,47.79,46.94,47.05,28700
COHU,20121207,9.17,9.18,8.97,9.15,25000
COKE,20121207,68.55,68.55,66.65,66.95,17900
COLB,20121207,17.44,17.44,17.13,17.23,83400
COLM,20121207,28.595,28.615,27.48,28.25,165700
CONN,20121207,27.12,28.43,26.94,28.2,3386800
COOL,20121207,37.8,38.22,37.38,37.8,52800
CORE,20121207,11.7325,11.8125,11.655,11.8125,34000
CORT,20121207,1.81,1.85,1.52,1.58,1370200
COST,20121207,98.85,99.01,98.17,98.56,3094200
COWN,20121207,2.28,2.32,2.24,2.3,451100
CPAH,20121207,21.5,21.5,20.2,21,1500
CPHC,20121207,9.68,9.69,9.6,9.6,2100
CPIX,20121207,4.42,4.43,4.3,4.31,44000
CPLA,20121207,28.91,29.17,28.49,28.58,87000
CPLP,20121207,6.8,6.9,6.7,6.87,117300
CPRT,20121207,30.08,30.17,29.87,30.07,407800
CPRX,20121207,0.44,0.45,0.42,0.42,552800
CPSI,20121207,50.5,50.5,49.6,50.04,59900
CPSS,20121207,5.59,5.65,5.17,5.17,84300
CPST,20121207,19,19.2,18.6,18.6,666800
CRAI,20121207,18.3,18.36,18.15,18.27,7100
CRAY,20121207,14.84,15.12,14.5,15.1,366700
CRDS,20121207,59.8,59.8,58,59.8,13700
CREE,20121207,32.75,32.95,32.55,32.74,583700
CREG,20121207,11,11.5,10.8,10.8,8000
CRESY,20121207,8.38,8.48,8.26,8.36,26300
CRIS,20121207,3.11,3.18,3.05,3.05,384800
CRME,20121207,1.25,1.3,1.25,1.3,250800
CRMT,20121207,36.74,36.74,35.9,35.92,35900
CRNT,20121207,4.99,4.99,4.81,4.89,62700
CROX,20121207,13.73,13.95,13.48,13.65,1429700
CRUS,20121207,29.15,29.15,28.2,28.6,2279600
CRVL,20121207,21.2,21.31,21.17,21.2,8000
CRWS,20121207,5.83,5.9,5.83,5.9,63900
CRZO,20121207,20.67,21.49,20.54,21.43,1035400
CSBK,20121207,10.91,10.91,10.63,10.82,3500
CSCO,20121207,19.6,19.74,19.16,19.33,50602400
CSFL,20121207,8.2,8.2,8.05,8.12,39900
CSGP,20121207,85.19,86.5,84.9,86.4,100300
CSGS,20121207,18.75,18.75,18.35,18.39,57600
CSII,20121207,12,12.03,11.81,11.84,36300
CSIQ,20121207,2.57,2.75,2.57,2.65,251100
CSOD,20121207,27.32,27.4,26.94,27.17,98800
CSPI,20121207,5.8,6.51,5.63,6.23,56100
CSQ,20121207,10.08,10.08,9.89,9.93,329300
CSTE,20121207,16.15,16.45,16,16.15,13400
CSTR,20121207,50.86,51.24,49.75,50.34,679400
CSWC,20121207,26.8,27.125,26.8,27.1,1600
CSX,20121207,20.19,20.25,19.81,19.91,13871500
CTAS,20121207,42.42,42.52,41.95,42,520600
CTBI,20121207,32.56,32.74,32.01,32.43,38800
CTHR,20121207,3.7,3.74,3.66,3.74,3200
CTIB,20121207,5.12,5.12,5.12,5.12,200
CTIC,20121207,1.35,1.36,1.32,1.35,849400
CTRN,20121207,13.53,13.8,13.34,13.53,52400
CTRP,20121207,9.04,9.17,9,9.1,2359700
CTSH,20121207,35.155,35.185,34.725,35.16,2172700
CTWS,20121207,30.91,31.55,30.87,31.14,35500
CTXS,20121207,60.18,62.48,59.92,62.03,4345100
CUBA,20121207,7.5,7.54,7.5,7.53,8400
CUI,20121207,5.36,5.9,5.25,5.9,73700
CUNB,20121207,12,12,12,12,0
CUTR,20121207,9.45,9.46,9.31,9.38,34400
CVBF,20121207,10.12,10.14,9.98,10.1,211400
CVCO,20121207,49.58,50.2,47.5,49.2,46400
CVCY,20121207,8.15,8.15,8.15,8.15,4000
CVGI,20121207,8.77,8.95,8.7,8.89,86800
CVGW,20121207,24.84,24.9,24.38,24.6,20900
CVLT,20121207,66.85,66.85,65.2,66.09,281000
CVLY,20121207,14.97,15,14.97,15,1200
CVTI,20121207,5.23,5.4,5.22,5.39,7000
CVV,20121207,8.17,8.6,8.17,8.46,16900
CWBC,20121207,3.46,3.46,3.46,3.46,100
CWCO,20121207,7.63,7.63,7.5,7.57,21100
CWST,20121207,4.28,4.34,4.08,4.15,438000
CXDC,20121207,4.01,4.05,3.95,4,38400
CY,20121207,10.24,10.28,9.98,10.23,1701300
CYAN,20121207,4.62,5.27,4.52,5.23,45600
CYBE,20121207,7.29,7.44,6.98,7.32,60800
CYCC,20121207,84.36,84.36,75,77.4,803100
CYCCP,20121207,5.11,5.19,5.11,5.15,1700
CYNO,20121207,23.07,23.3,22.47,22.7,161200
CYOU,20121207,23.88,24,23.23,23.9,168900
CYTK,20121207,3.9,4.02,3.9,3.96,512000
CYTR,20121207,1.94,1.98,1.84,1.88,194200
CYTX,20121207,59.25,59.25,55.35,56.1,279000
CYTXW,20121207,2.06,2.06,1.9,1.9,9300
CZFC,20121207,8.25,8.3,8.25,8.3,18700
CZNC,20121207,18.15,18.25,18.05,18.17,11800
CZR,20121207,7.39,7.4,7.13,7.32,520400
CZWI,20121207,5.71,5.79,5.71,5.79,2000
DAIO,20121207,1.49,1.49,1.48,1.49,2300
DAKT,20121207,9.95,10.03,9.81,9.92,98100
DAVE,20121207,8.95,9.25,8.75,9.02,21700
DCIX,20121207,44,45.44,42.88,45.36,525900
DCOM,20121207,13.82,13.85,13.65,13.71,110700
DCTH,20121207,22.72,23.36,21.6,22.24,389600
DENN,20121207,4.88,4.89,4.65,4.7,267500
DEPO,20121207,5.79,5.9,5.76,5.79,199700
DEST,20121207,21.68,21.7,21.38,21.55,86700
DFRG,20121207,14.74,14.9,14.4,14.59,11900
DFVS,20121207,37.36,37.36,36.34,37.31,400
DGAS,20121207,19.6,19.91,19.39,19.63,9600
DGICA,20121207,14.21,14.69,14.03,14.21,20700
DGICB,20121207,19.31,19.35,19.31,19.35,700
DGII,20121207,9.7,9.79,9.7,9.75,93300
DGLY,20121207,3.15,3.62,3.07,3.2,4700
DHIL,20121207,80.25,81.12,79.3,79.52,12700
DHRM,20121207,1.81,1.88,1.81,1.86,22000
DIOD,20121207,15.37,15.52,15.22,15.43,87200
DISCA,20121207,62.02,62.39,60.85,61.09,1618900
DISCB,20121207,61.68,61.68,61.68,61.68,200
DISCK,20121207,28.885,28.975,28.37,28.43,450400
DISH,20121207,37.48,37.92,37.11,37.68,5738600
DJCO,20121207,88.47,90,88.47,90,400
DLBS,20121207,27.06,27.06,26.8,26.99,2800
DLHC,20121207,0.84,0.84,0.76,0.77,10700
DLTR,20121207,40.64,40.64,39.68,39.82,3831900
DMLP,20121207,20.72,20.84,20.3,20.43,104400
DMRC,20121207,19,19,18.5,18.87,16200
DNBF,20121207,15.27,15.9,15.27,15.7,1300
DNKN,20121207,30.89,31.47,30.86,31.44,932100
DORM,20121207,34.68,34.68,33.81,33.99,84300
DRAD,20121207,2.01,2.07,1.97,2.07,70700
DRAM,20121207,9.18,9.18,7.74,8.46,14900
DRRX,20121207,0.91,0.91,0.75,0.9,445000
DRWI,20121207,52.5,57,51.75,55.75,193900
DRYS,20121207,2595,2610,2520,2550,2108300
DSCI,20121207,10.91,11.08,10.84,10.94,124000
DSGX,20121207,8.52,8.54,8.42,8.44,3600
DSPG,20121207,5.83,5.83,5.73,5.8,8000
DSWL,20121207,2.3,2.55,2.29,2.35,13800
DTLK,20121207,8.26,8.29,7.88,8.2,54600
DTSI,20121207,15.61,15.74,15.18,15.37,45600
DTUS,20121207,40.34,40.34,40.34,40.34,100
DTYS,20121207,25.25,25.36,25.24,25.35,14600
DVAX,20121207,26.5,26.7,24.7,24.9,4092300
DWCH,20121207,14.66,14.68,14.01,14.18,30700
DWSN,20121207,23.76,23.79,23.17,23.47,39900
DXCM,20121207,13.63,13.81,13.57,13.64,298900
DXLG,20121207,3.71,3.91,3.67,3.89,126800
DXPE,20121207,46.87,47.6,46.47,47.52,38900
DXYN,20121207,3.08,3.09,2.95,3.09,20600
DYNT,20121207,2.1,2.1,2.1,2.1,100
DYSL,20121207,1.28,1.32,1.14,1.14,69700
EA,20121207,14.83,14.95,14.65,14.84,3678000
EAC,20121207,8.05,8.24,7.98,8.03,12700
EAGL,20121207,9.94,9.99,9.94,9.96,1000
EAGLU,20121207,10.2,10.2,10.2,10.2,0
EAGLW,20121207,0.65,0.68,0.65,0.68,3100
EBAY,20121207,21.9453,22.0379,21.6716,21.7853,6297000
EBIX,20121207,15.94,16.07,15.79,15.94,594700
EBMT,20121207,10.03,10.31,10.02,10.11,700
EBSB,20121207,6.7116,6.7116,6.6422,6.6585,4000
EBTC,20121207,15.84,15.88,15.76,15.79,2200
ECHO,20121207,17.33,17.71,17.26,17.67,43700
ECOL,20121207,21.89,22.04,21.44,21.74,32200
ECPG,20121207,27.37,27.45,26.78,27.4,304800
ECYT,20121207,9.23,9.25,8.68,8.73,134700
EDAP,20121207,1.56,1.56,1.5,1.51,27900
EDGW,20121207,3.3,3.4,3.25,3.3,8800
EDUC,20121207,3.95,4.1,3.95,4.02,4900
EEFT,20121207,22.64,22.65,22.35,22.55,173800
EEI,20121207,11.17,11.2,11.17,11.2,600
EEMA,20121207,56.93,57.24,56.19,56.25,5100
EFII,20121207,18.94,18.94,18.62,18.66,283700
EFSC,20121207,13.18,13.18,12.92,13,28200
EFUT,20121207,4.19,4.19,4.19,4.19,0
EGAN,20121207,4.24,4.26,3.72,4.2,15400
EGBN,20121207,19.99,20.25,19.78,19.95,60100
EGHT,20121207,6.69,6.7,6.5,6.59,310500
EGLE,20121207,691.2,702,684,687.6,78400
EGOV,20121207,14.51,14.82,14.49,14.75,152500
EHTH,20121207,25.89,26.2,25.62,25.96,63600
ELGX,20121207,14.04,14.11,13.75,13.99,207700
ELNK,20121207,6.57,6.58,6.43,6.44,326000
ELON,20121207,26.2,26.2,25.2,25.2,43100
ELOS,20121207,8.21,8.24,8.1,8.16,45500
ELSE,20121207,3.8,3.8,3.79,3.79,500
ELTK,20121207,1.16,1.22,1.16,1.16,800
EMCB,20121207,80.57,80.57,80.13,80.13,4600
EMCF,20121207,20,20.45,20,20,1600
EMCI,20121207,14.9867,15.4667,14.9867,15.3467,8100
EMIF,20121207,33.02,33.15,33,33.08,3300
EMITF,20121207,143.4,143.4,142.2,142.2,300
EMKR,20121207,3.91,4.61,3.91,4.41,364900
EML,20121207,14.62,14.62,13.38,13.85,33900
EMMS,20121207,6.96,7.16,6.92,7,23900
ENDP,20121207,28.13,28.34,27.93,28.29,1990200
ENG,20121207,0.52,0.52,0.5,0.5,25700
ENOC,20121207,11.14,11.36,11.13,11.17,114800
ENPH,20121207,2.75,3,2.6,2.67,106100
ENSG,20121207,13.14,13.48,13.14,13.26,38100
ENTG,20121207,9.23,9.25,9.13,9.2,529700
EPAY,20121207,23.48,23.48,22.91,23.1,1305900
EQIX,20121207,188.21,190.3,185.15,189.69,898400
ERIC,20121207,9.67,9.74,9.62,9.69,3105600
ERIE,20121207,68.33,68.35,67.12,67.68,20500
ERII,20121207,3.31,3.39,3.21,3.24,35300
ESBK,20121207,22,22,22,22,0
ESCA,20121207,5.3,5.42,5.3,5.3,6100
ESEA,20121207,0.94,0.97,0.91,0.97,128200
ESGR,20121207,105.75,106.27,105,105.62,17200
ESIO,20121207,11.54,11.78,11.42,11.72,223300
ESLT,20121207,38.6,39.1,38.5,38.83,1700
ESMC,20121207,0.95,0.95,0.95,0.95,13500
ESRX,20121207,53.99,54.13,53.45,53.99,4488700
ESSA,20121207,10.07,10.08,9.95,10.05,14900
ETFC,20121207,8.4,8.43,8.28,8.38,2933500
ETRM,20121207,44.85,44.85,43.5,44.1,30800
EUFN,20121207,19.11,19.16,19.01,19.09,26200
EVBS,20121207,5.03,5.25,5,5.25,3900
EVEP,20121207,56.65,59.49,56.1,57.34,287800
EVK,20121207,1.56,1.66,1.56,1.65,11700
EVOL,20121207,6.41,6.41,6.25,6.3,42800
EWBC,20121207,21.29,21.4,21.16,21.24,653500
EXA,20121207,9.81,9.81,9.5,9.55,14700
EXAC,20121207,16.18,16.29,15.89,15.92,44000
EXAS,20121207,10.07,10.1,9.8,9.95,793500
EXEL,20121207,4.32,4.54,4.3,4.37,1830900
EXFO,20121207,4.67,4.71,4.59,4.71,9900
EXLS,20121207,27.65,27.7,27.24,27.41,82200
EXPD,20121207,37.06,37.36,36.87,37.34,1028400
EXPE,20121207,59.89,60.82,59.75,59.88,2640300
EXPO,20121207,26.25,26.265,25.97,26.115,30000
EXTR,20121207,3.65,3.65,3.58,3.61,142100
EZPW,20121207,19.19,19.21,18.85,19.17,113800
FALC,20121207,2.35,2.37,2.32,2.37,10800
FANG,20121207,17.68,17.85,17.6,17.75,42400
FARM,20121207,11.56,11.98,11.47,11.81,45500
FARO,20121207,35.22,35.22,34.67,35.09,62500
FAST,20121207,41.96,42.42,41.72,42.12,1745500
FB,20121207,27.07,27.78,26.84,27.49,51751800
FBIZ,20121207,23.15,23.25,23.01,23.08,40700
FBMS,20121207,9.27,9.5,9.25,9.26,3700
FBNC,20121207,11.72,12,11.69,11.96,45300
FBNK,20121207,13.67,13.71,13.59,13.7,25300
FBRC,20121207,14.2,14.2,13.8,13.96,40000
FBSS,20121207,12.5,12.5,12.5,12.5,1000
FCAP,20121207,19.1,19.5,19.09,19.43,1800
FCBC,20121207,15.48,15.48,14.96,15.11,21600
FCCO,20121207,8.5,8.58,8.48,8.5,4500
FCCY,20121207,8.72,8.72,8.72,8.72,0
FCEL,20121207,10.2,10.32,10.2,10.2,331200
FCNCA,20121207,161.61,162.58,160.3,161,15600
FDEF,20121207,17.22,17.22,16.71,16.88,9800
FDML,20121207,7.34,7.42,7.2,7.29,52700
FDUS,20121207,15.64,15.77,15.55,15.73,59900
FEIM,20121207,8.18,8.18,8.15,8.16,1600
FELE,20121207,29.725,29.755,29.41,29.5,37700
FES,20121207,2.5,2.74,2.48,2.68,33400
FFBC,20121207,14.35,14.35,14.12,14.22,134500
FFHL,20121207,1.4,1.4,1.32,1.4,300
FFIC,20121207,14.96,15.15,14.73,14.96,37900
FFIN,20121207,19.425,19.575,19.325,19.35,93700
FFIV,20121207,92.91,93.13,90.92,92.37,999500
FFKT,20121207,12.22,12.3,11.7,12.3,7400
FFNW,20121207,7.42,7.45,7.28,7.35,11500
FHCO,20121207,6.8,6.99,6.8,6.82,95800
FIBK,20121207,15.33,15.45,15.11,15.42,18800
FINL,20121207,20.19,20.23,19.72,19.92,265400
FISI,20121207,18.27,18.27,18.06,18.12,10300
FISV,20121207,40.125,40.365,39.575,39.905,996100
FITB,20121207,14.4,14.54,14.35,14.53,7592400
FIVE,20121207,34.82,34.96,34,34.49,246400
FIZZ,20121207,15.2,15.2,14.74,14.98,64400
FLAT,20121207,63.86,63.96,63.8,63.84,53600
FLDM,20121207,13.65,13.73,13.43,13.63,132200
FLEX,20121207,5.95,6,5.92,5.95,2049900
FLIC,20121207,19.2067,19.22,18.8133,19.02,19600
FLIR,20121207,20.12,20.14,19.82,19.96,568400
FLML,20121207,3.01,3.11,3,3.07,38900
FLWS,20121207,3.12,3.21,3.05,3.18,94300
FLXS,20121207,19.75,19.75,19.51,19.58,4000
FMBI,20121207,12.49,12.56,12.38,12.53,161800
FMNB,20121207,6.5,6.67,6.47,6.49,5600
FNGN,20121207,26.1,26.48,26.09,26.18,263000
FNHC,20121207,5.52,5.52,5.42,5.43,4200
FNLC,20121207,15.5,15.5,15.12,15.38,20200
FNSR,20121207,14.06,14.09,13.8,13.97,2398800
FOLD,20121207,5.09,5.33,5,5.2,704700
FONE,20121207,24.67,24.67,24.63,24.63,1200
FONR,20121207,4.98,5,4.84,4.99,24800
FORD,20121207,1.16,1.17,1.15,1.17,6300
FORM,20121207,4.39,4.43,4.28,4.31,109000
FORR,20121207,27.96,27.96,27.64,27.75,29900
FORTY,20121207,16.39,16.39,16.2,16.35,4100
FOSL,20121207,90,90.23,87.72,89.34,507500
FRAN,20121207,24.51,25.04,23.15,23.83,2134400
FRBK,20121207,2.06,2.06,2.06,2.06,200
FRED,20121207,13.41,13.41,13.21,13.24,101000
FRGI,20121207,13.8,13.8,13.41,13.52,56500
FRME,20121207,13.58,13.58,13.31,13.41,30500
FRP,20121207,7.55,7.6,7.48,7.5,72300
FSBK,20121207,4.84,4.84,4.6,4.82,9700
FSBW,20121207,13.07,13.09,13.04,13.04,3400
FSC,20121207,10.64,10.7,10.58,10.65,1319700
FSFG,20121207,18.91,18.91,18.91,18.91,0
FSLR,20121207,30.98,31.36,29.29,29.91,6769600
FSTR,20121207,42.21,42.21,41.77,41.98,20900
FTEK,20121207,3.74,3.8,3.71,3.71,21500
FTNT,20121207,19.11,19.77,19.08,19.7,3547000
FTR,20121207,4.69,4.75,4.67,4.7,9814100
FULT,20121207,9.69,9.69,9.58,9.62,514100
FUNC,20121207,7.12,7.28,7.01,7.28,9500
FUND,20121207,6.52,6.58,6.5,6.58,58500
FWRD,20121207,32.85,32.94,32.36,32.88,33900
GABC,20121207,22.33,22.33,21.91,22.07,16900
GAIA,20121207,2.59,2.69,2.5,2.59,27200
GAIN,20121207,6.9,7.03,6.84,7.02,100100
GALE,20121207,47,47,36.4,41.2,6748000
GALT,20121207,2,2,1.82,1.88,22800
GALTU,20121207,4.37,4.37,4.37,4.37,0
GALTW,20121207,0.41,0.41,0.41,0.41,0
GASS,20121207,7.41,7.57,7.41,7.54,27500
GBCI,20121207,14.34,14.51,14.26,14.33,194900
GBDC,20121207,15.72,15.87,15.43,15.59,108200
GBLI,20121207,22.21,22.24,21.78,21.85,13500
GBNK,20121207,9.25,9.35,8.75,8.85,54900
GCBC,20121207,10.505,10.505,10.5,10.505,1300
GCVRZ,20121207,1.74,1.77,1.73,1.76,36800
GENC,20121207,5.2,5.2,5.1467,5.1867,7900
GENE,20121207,11.8,12.15,11.6,11.65,26400
GEOS,20121207,77.81,78.9,77.38,78.19,84400
GERN,20121207,1.13,1.13,1.05,1.06,1186500
GEVO,20121207,21.75,22.8,21.15,21.15,276600
GFED,20121207,6.52,6.52,6.52,6.52,0
GFN,20121207,4.57,4.59,4.4,4.45,6200
GGAL,20121207,5.84,6.05,5.66,6.04,277000
GHDX,20121207,27.54,27.78,27.36,27.69,125400
GIFI,20121207,23.43,23.45,23.07,23.32,25500
GIGA,20121207,1.53,1.54,1.53,1.54,200
GIGM,20121207,4.6,4.7,4.55,4.65,52200
GIII,20121207,18.545,18.645,17.935,18.35,213400
GILD,20121207,36.85,37.09,36.66,36.96,3809600
GILT,20121207,5.42,5.45,5.38,5.41,25800
GK,20121207,34,34,33.04,33.97,40600
GLAD,20121207,8.15,8.19,8.02,8.16,43700
GLBS,20121207,7.4,7.6,7,7.44,7400
GLBZ,20121207,11.15,11.15,11.14,11.14,1400
GLDD,20121207,8.59,8.67,8.49,8.52,299900
GLNG,20121207,37.12,37.83,37.01,37.56,370100
GLRE,20121207,23.13,23.18,23,23.01,137000
GLUU,20121207,2.55,2.6,2.4,2.44,1421700
GMAN,20121207,14.55,14.8,14.54,14.76,20700
GMLP,20121207,29.99,29.99,29,29.06,104700
GNCMA,20121207,8.28,8.54,8.17,8.48,58000
GNMA,20121207,50.1,50.1,50.07,50.07,28900
GNMK,20121207,9.74,9.76,9.25,9.5,83100
GNTX,20121207,8.955,8.995,8.875,8.99,710900
GNVC,20121207,1.35,1.37,1.3,1.35,11000
GOLD,20121207,102.98,103.31,101.81,102.33,386700
GOOD,20121207,17.89,17.95,17.64,17.78,19100
GOODO,20121207,25.37,25.39,25.2,25.36,1300
GOODP,20121207,25.49,25.49,25.49,25.49,200
GOOG,20121207,347.5,348.44,341.21,342.105,1919400
GPIC,20121207,7.27,7.38,6.93,7,9000
GPOR,20121207,36.99,37.53,36,37.36,1582700
GPRE,20121207,7.84,8,7.8,7.83,88300
GRFS,20121207,12.395,12.43,12.105,12.31,828300
GRID,20121207,28.11,28.29,28.11,28.29,1300
GRIF,20121207,25.66,25.66,25.45,25.45,1600
GRMN,20121207,42.1,42.24,41.42,41.7,1721200
GROW,20121207,5.21,5.36,5.17,5.36,4000
GRPN,20121207,3.86,4.78,3.82,4.68,50916500
GRVY,20121207,9.36,9.6,9.28,9.36,43800
GSBC,20121207,25.25,25.28,25.02,25.12,17400
GSIT,20121207,5.73,5.74,5.65,5.72,39300
GSM,20121207,14.09,14.12,13.85,14.03,144500
GSOL,20121207,6.21,6.24,6.17,6.24,8900
GSVC,20121207,8.53,8.75,8.5,8.66,267500
GT,20121207,12.82,12.9,12.66,12.78,3322100
GTIM,20121207,1.94,3.38,1.87,2.74,1029000
GTLS,20121207,63,63.45,60.53,60.94,358200
GTWN,20121207,10.86,10.86,10.85,10.85,700
GTXI,20121207,3.82,3.89,3.8,3.85,19200
GUID,20121207,10.7,10.88,10.52,10.73,31700
GULF,20121207,14.57,14.65,14.57,14.65,1100
GURE,20121207,1.2,1.24,1.15,1.2,86000
GYRO,20121207,109.75,110.64,108.18,110.62,23400
HA,20121207,6.26,6.29,6.17,6.21,509300
HAFC,20121207,12.5,12.5,12.27,12.32,73300
HAIN,20121207,29.25,29.59,29.095,29.1,364700
HALL,20121207,8.38,8.4,8.26,8.31,6800
HALO,20121207,5.77,5.95,5.71,5.74,252700
HAS,20121207,37.26,37.5,36.76,37.46,1092700
HAYN,20121207,48.47,48.7,47.93,48.39,17100
HBAN,20121207,6.16,6.18,6.08,6.18,10350800
HBANP,20121207,1238,1238,1238,1238,100
HBCP,20121207,18.2,18.36,18.16,18.18,9100
HBHC,20121207,31.7,31.7,31.15,31.38,194700
HBIO,20121207,3.82,3.82,3.71,3.75,26500
HBK,20121207,11.26,11.3,11.23,11.26,15400
HBMD,20121207,7,7,7,7,0
HBNC,20121207,12.8133,12.92,12.3867,12.7,18000
HCCI,20121207,14.97,15.2,14.96,15.05,17600
HCKT,20121207,3.5,3.57,3.5,3.56,14000
HCOM,20121207,18.32,18.5,18.32,18.41,5700
HCSG,20121207,23.49,23.77,23.45,23.5,140100
HDNG,20121207,9.73,9.75,9.52,9.7,11800
HDSN,20121207,3.22,3.33,3.2,3.23,10700
HEES,20121207,15.26,15.42,15.11,15.16,232800
HELE,20121207,31.35,31.9,31.22,31.79,143500
HEOP,20121207,5.51,5.6,5.5,5.57,34900
HFBC,20121207,8.7,8.7,8.7,8.7,0
HFBL,20121207,17.51,17.51,17.51,17.51,0
HFWA,20121207,14.26,14.38,14.09,14.17,39000
HGSH,20121207,4,4,3.65,3.73,13000
HIBB,20121207,53.95,53.95,52.97,53.46,292000
HIFS,20121207,61.35,61.35,61.24,61.24,900
HIHO,20121207,1.73,1.85,1.73,1.8,3500
HIMX,20121207,2.32,2.4,2.31,2.4,257800
HLIT,20121207,4.76,4.78,4.67,4.72,282500
HMNF,20121207,3,3.12,2.99,3.03,1800
HMNY,20121207,2.4,2.7,2.4,2.7,2000
HMST,20121207,25.96,26.28,25.8,26.01,108600
HMSY,20121207,23.67,24.15,23.48,23.82,1099200
HNH,20121207,14.42,14.42,14.09,14.3,2500
HNRG,20121207,8.26,8.26,8.15,8.19,4700
HOFT,20121207,14.21,14.52,13.89,13.98,5500
HOLI,20121207,10.34,10.45,10.27,10.34,66800
HOLX,20121207,19.43,19.58,19.24,19.53,5690800
HOMB,20121207,8.1175,8.305,8.115,8.245,28100
HOVNP,20121207,11.5,11.98,11.49,11.75,21300
HPJ,20121207,1,1,1,1,300
HRZN,20121207,14.04,14.09,13.9,13.97,46400
HSIC,20121207,79.65,79.94,79.31,79.89,276900
HSII,20121207,13.25,13.42,13.11,13.25,70400
HSKA,20121207,9.02,9.02,8.5,8.65,13000
HSNI,20121207,52.16,52.5,51.8,51.98,260400
HSON,20121207,4.31,4.38,4.2,4.23,15200
HSTM,20121207,24.18,24.2,23.3,23.43,168300
HTBI,20121207,13.07,13.08,13,13.04,65000
HTBK,20121207,6.85,6.85,6.62,6.71,24600
HTHT,20121207,16.22,16.4,15.9,16.1,18300
HTLD,20121207,12.83,12.93,12.67,12.8,489500
HTLF,20121207,27.57,27.9,25.83,26.14,52000
HUBG,20121207,31.81,31.86,31.25,31.72,174000
HURC,20121207,23.3,23.68,23.3,23.5,3800
HURN,20121207,33.79,33.86,33.03,33.7,80700
HWAY,20121207,10.73,10.88,10.62,10.77,233300
HWBK,20121207,7.9,7.9,7.9,7.9,0
HWCC,20121207,11.33,11.4,11.21,11.36,8200
HWKN,20121207,39.64,39.66,38.89,39.66,6700
HYGS,20121207,8.41,8.75,8.04,8.62,35200
HZNP,20121207,2.3,2.32,2.24,2.25,617700
IART,20121207,39.88,39.88,39.53,39.73,37800
IBB,20121207,138.39,138.83,136.44,136.91,328000
IBCP,20121207,3.7,3.79,3.6,3.6,39500
IBKC,20121207,47.59,47.75,46.95,47.07,74500
IBKR,20121207,15.21,15.23,15.07,15.15,160100
IBOC,20121207,18.42,18.5,18.21,18.29,84700
ICAD,20121207,3.7,3.8,3.62,3.75,23900
ICCC,20121207,4.12,4.35,4.12,4.35,2200
ICFI,20121207,22.02,22.15,21.77,21.87,39700
ICLN,20121207,6.81,6.87,6.81,6.87,35400
ICLR,20121207,27.67,27.95,27.2,27.27,300100
ICON,20121207,20.68,20.76,20.31,20.71,451500
ICPT,20121207,28.5,28.54,27.1,28.45,17000
ICUI,20121207,60.53,61,60.06,60.48,41200
IDCC,20121207,43.66,44.37,42.86,43.27,870500
IDRA,20121207,0.7,0.7,0.66,0.7,11900
IDSA,20121207,2.2,2.43,2.2,2.31,15500
IDSY,20121207,6.29,6.43,6.29,6.39,19000
IDTI,20121207,6.39,6.45,6.3,6.4,1674900
IDXX,20121207,46.625,46.95,46.445,46.755,165800
IEP,20121207,39.97,40.46,39.51,39.89,6000
IESC,20121207,4.25,4.27,3.8,4.01,4500
IFEU,20121207,30.02,30.07,30.02,30.07,4300
IFGL,20121207,32.93,33,32.85,33,167900
IFON,20121207,0.71,0.73,0.7,0.7,29100
IGLD,20121207,4.33,4.33,4.3,4.3,2000
IGOV,20121207,102.99,103.26,102.96,103.18,9600
III,20121207,0.98,1.05,0.98,1.03,81600
IIIN,20121207,11.84,11.88,11.65,11.71,16500
IIJI,20121207,12.03,12.06,11.96,12.06,3600
IIN,20121207,4.37,4.37,4.37,4.37,100
IIVI,20121207,17.43,17.49,17.07,17.12,88200
IKNX,20121207,8,8,8,8,0
ILMN,20121207,51.89,52.11,51.5,51.58,1290800
IMGN,20121207,11.95,12.25,11.9,12.22,550700
IMI,20121207,6.91,7.09,6.91,7.07,43300
IMKTA,20121207,16.8,17.04,16.61,16.87,90700
IMMR,20121207,6.29,6.44,6.16,6.41,81100
IMMU,20121207,3.05,3.05,2.99,3,159700
IMMY,20121207,11,11,10.05,10.05,400
IMOS,20121207,10.55,10.62,10.43,10.59,83700
INAP,20121207,6.12,6.14,6.05,6.12,103400
INCY,20121207,18,18,17.78,17.86,1075500
INDB,20121207,27.99,28.1,27.88,27.96,33100
INDY,20121207,24.97,25.1,24.94,24.99,116500
INFI,20121207,23.1,23.3,22.52,22.52,674100
INFN,20121207,5.78,5.84,5.68,5.79,435200
ININ,20121207,30.92,30.98,30.24,30.76,29600
INOD,20121207,3.64,3.64,3.53,3.57,15700
INSM,20121207,7.07,7.1,6.8,6.99,77000
INTC,20121207,20.33,20.36,20.03,20.16,41704600
INTG,20121207,20.4,20.49,20.32,20.4,900
INTL,20121207,17.98,18.1,17.67,17.99,16300
INTU,20121207,59.91,60,59.2,59.56,1238300
INTX,20121207,9.06,9.19,8.86,8.9,15700
INVE,20121207,14.3,14.4,13.6,14.4,42600
INWK,20121207,12.98,13.05,12.84,12.86,132300
IOSP,20121207,32.03,32.47,31.42,32.32,124000
IPAR,20121207,20.07,20.61,19.9,20.47,31800
IPAS,20121207,1.79,1.83,1.76,1.77,49600
IPCC,20121207,55.77,55.77,54.61,54.97,12600
IPCI,20121207,2.34,2.43,2.29,2.35,1100
IPGP,20121207,60.38,60.99,59.18,59.6,231500
IPHS,20121207,47.36,48.07,46.93,47.89,99900
IPXL,20121207,20.92,21.1,20.62,20.93,292300
IQNT,20121207,2.35,2.38,2.27,2.31,519100
IRBT,20121207,18.64,18.69,18.18,18.47,130000
IRDM,20121207,6.04,6.11,5.97,6.07,227900
IRG,20121207,12.93,13.41,12.93,13.21,31800
IRIX,20121207,3.94,4,3.9,3.92,7000
IROQ,20121207,13.65,13.82,13.61,13.82,15400
IRWD,20121207,11.22,11.48,11.06,11.23,334500
ISBC,20121207,6.7294,6.7333,6.6745,6.7216,147700
ISCA,20121207,26.6,26.6,25.96,26.02,96000
ISHG,20121207,97.16,97.44,97,97.21,10700
ISIG,20121207,1.75,1.79,1.75,1.79,2500
ISIL,20121207,7.59,7.66,7.46,7.56,1373400
ISLE,20121207,5.08,5.13,4.95,4.97,62700
ISM,20121207,24,24,23.85,23.85,4400
ISNS,20121207,5.1,5.15,5,5.05,3900
ISRG,20121207,520.53,521.34,513.25,518.29,190000
ISRL,20121207,93.06,95.88,93.06,95.88,600
ISSC,20121207,4.25,4.25,4.15,4.19,15200
ITIC,20121207,60.41,61.91,60.41,61.7,2100
ITRI,20121207,44,44,43.58,43.84,104000
ITRN,20121207,13.1,13.17,13,13.08,45500
IVAC,20121207,5.03,5.03,4.93,4.95,11400
IXYS,20121207,8.31,8.31,7.94,8.11,80500
JACK,20121207,27.51,27.81,27.49,27.7,270500
JAKK,20121207,12.78,12.78,12.58,12.68,48700
JASO,20121207,3.3,3.6,3.3,3.55,842400
JAZZ,20121207,50.75,51.77,50.75,51.31,549100
JBHT,20121207,59.04,59.06,58.23,58.47,487600
JBLU,20121207,5.24,5.32,5.2,5.24,2479100
JBSS,20121207,18.59,18.59,18.25,18.5,31100
JCOM,20121207,30.63,30.83,30.32,30.62,459000
JCS,20121207,10.36,10.49,10.22,10.33,17400
JCTCF,20121207,6.205,6.205,6.195,6.195,500
JIVE,20121207,13.17,13.36,12.91,13.17,762100
JJSF,20121207,63.41,63.44,62.28,62.99,46500
JKHY,20121207,38.85,38.99,38.56,38.86,194500
JMBA,20121207,10.5,10.5,10.3,10.4,216400
JOBS,20121207,23.525,23.745,23.3,23.48,48600
JOUT,20121207,20.6,21.2,20.37,21.04,33200
JRJC,20121207,1.08,1.09,1.05,1.08,4400
JSM,20121207,24.05,24.28,23.95,24.09,9000
JVA,20121207,7.18,7.39,7.08,7.09,69800
JXSB,20121207,17.04,17.25,17.04,17.25,700
KALU,20121207,60.99,61.32,60.29,61.3,127700
KCAP,20121207,8.42,8.49,8.3,8.43,155800
KELYA,20121207,14,14.45,14,14.31,184500
KELYB,20121207,14.26,14.26,14.26,14.26,100
KEQU,20121207,12.01,12.01,11.79,11.79,2000
KERX,20121207,2.9,2.97,2.75,2.82,1018700
KEYW,20121207,12.18,12.49,12.17,12.37,77500
KFFB,20121207,8.26,8.28,8.25,8.28,900
KFRC,20121207,12.91,13.07,12.69,12.98,86500
KGJI,20121207,1.03,1.1,1.03,1.06,25500
KINS,20121207,4.83,4.92,4.81,4.82,2000
KIRK,20121207,9.52,9.65,9.01,9.09,57200
KLAC,20121207,47.09,47.28,46.66,47.19,1208600
KLIC,20121207,11.71,11.76,11.6,11.75,442100
KNDI,20121207,4,4.01,3.93,3.93,36800
KONA,20121207,8.52,8.58,8.34,8.35,13000
KONE,20121207,2.94,3.41,2.94,3.4,6000
KOOL,20121207,13.6,13.6,13,13.6,18000
KOPN,20121207,3.21,3.26,3.01,3.1,195700
KOSS,20121207,4.97,4.98,4.88,4.98,1700
KRNY,20121207,9.16,9.16,9.06,9.11,4300
KTCC,20121207,9.96,10.1,9.75,9.87,18500
KTEC,20121207,9.72,10.32,9.5,10.32,2900
KTOS,20121207,4.44,4.45,4.29,4.32,230000
KVHI,20121207,12.34,12.53,12.13,12.28,14700
KZ,20121207,5.33,5.55,5.28,5.37,46100
LABL,20121207,23.35,23.43,23,23.04,35600
LAKE,20121207,5.53,5.59,5.25,5.35,15300
LAMR,20121207,38.9,39.99,38.79,39.64,1221500
LANC,20121207,71.58,71.94,71.34,71.72,1071800
LARK,20121207,20.9,20.9,19.62,19.62,500
LAWS,20121207,8.3,8.89,8.29,8.39,13900
LAYN,20121207,22.58,22.58,21.26,22.46,178100
LBAI,20121207,9.69,9.78,9.39,9.57,40500
LBIX,20121207,4.16,4.16,3.89,4.07,1300
LBTYA,20121207,30.4394,31.0066,30.4394,30.6847,1930800
LBTYB,20121207,59.84,59.84,59.84,59.84,100
LBTYK,20121207,56.18,56.84,55.9,56.4,185600
LCNB,20121207,13.91,14.1,13.9,14.1,4700
LCUT,20121207,10.11,10.34,10.11,10.18,12800
LECO,20121207,47.38,47.91,47.04,47.52,300200
LEDS,20121207,0.9,0.95,0.88,0.9,253300
LFUS,20121207,56.83,57.65,56.73,57.54,44900
LFVN,20121207,14.63,14.7,13.58,14,944600
LGCY,20121207,24.1,24.37,24,24.12,444700
LGND,20121207,18.09,18.55,18.06,18.38,115900
LHCG,20121207,19.78,19.9,19.65,19.86,69100
LIFE,20121207,49.75,50.16,49.49,50.05,1665900
LINC,20121207,4.29,4.39,4.14,4.22,134900
LION,20121207,8.85,8.94,8.81,8.81,3500
LIOX,20121207,3.9,4.01,3.9,3.98,174100
LIVE,20121207,1.1167,1.12,1.0533,1.0833,17700
LKFN,20121207,16.6133,16.7,16.2533,16.36,18800
LKQ,20121207,21.26,21.62,21.03,21.54,1511000
LLNW,20121207,2.08,2.1,2.02,2.06,443200
LLTC,20121207,33.68,33.8,33.42,33.66,1878100
LMAT,20121207,6.31,6.5,6.23,6.5,12300
LMCA,20121207,36.34,36.6667,36.34,36.5133,1097800
LMIA,20121207,18.05,18.44,17.81,17.91,141600
LMNR,20121207,19.13,19.62,19.13,19.49,3500
LMNX,20121207,17.07,17.07,16.71,16.89,162900
LMOS,20121207,9.77,9.84,9.25,9.45,235400
LNCE,20121207,23.97,24.27,23.83,24.25,115900
LNDC,20121207,9.95,9.95,9.62,9.81,24000
LOAN,20121207,1.08,1.1,1.08,1.09,2500
LOGI,20121207,7.46,7.6,7.46,7.52,476700
LOGM,20121207,20.01,20.62,19.99,20.62,153500
LOPE,20121207,23.6,23.79,23.12,23.53,347700
LORL,20121207,53.98,54.31,53.75,54.1,135800
LPLA,20121207,28.09,28.23,27.99,28.14,334700
LPNT,20121207,36.27,36.63,36.15,36.43,466300
LPSN,20121207,12.07,12.33,11.37,12.25,968600
LPTH,20121207,0.9,1,0.89,0.94,10500
LPTN,20121207,89.32,89.74,84.84,84.84,21000
LQDT,20121207,40.01,40.35,38.75,39.5,341900
LRAD,20121207,0.95,0.97,0.9,0.96,120700
LRCX,20121207,35.24,35.6,35.11,35.46,1624200
LSBK,20121207,10.4,10.4,10.34,10.4,5700
LSCC,20121207,3.82,3.92,3.71,3.89,1096500
LSTR,20121207,49.22,49.24,48.61,49,303200
LTBR,20121207,8.2,9.95,8.2,9.6,54000
LTRX,20121207,1.76,1.88,1.76,1.84,19400
LULU,20121207,73.19,73.75,71.53,72.53,3439800
LUNA,20121207,1.41,1.5,1.35,1.35,12100
LVNTA,20121207,14.5823,14.6093,14.3292,14.5209,122900
LVNTB,20121207,59.22,59.22,59.22,59.22,0
LWAY,20121207,8.15,8.25,8.15,8.2,6300
LXRX,20121207,11.97,11.97,11.48,11.83,563300
LYTS,20121207,6.68,6.77,6.64,6.76,21200
MACK,20121207,6.7,6.7,6.2,6.2,420200
MAGS,20121207,4,4.02,4,4,7600
MANH,20121207,14.2575,14.375,14.105,14.295,85600
MANT,20121207,25.06,25.19,24.61,24.85,170300
MARK,20121207,1.86,1.92,1.85,1.9,11100
MARPS,20121207,14.85,14.85,14.8,14.84,3000
MASI,20121207,20.97,21.15,20.82,21.05,164600
MAT,20121207,37.18,37.24,36.62,37.07,1377300
MATR,20121207,5.2,5.25,5.15,5.25,5000
MATW,20121207,31.63,31.89,30.82,31.72,80300
MAYS,20121207,22.25,22.25,22,22,500
MBFI,20121207,19.34,19.34,19,19.15,88700
MBLX,20121207,12.3,12.6,10.5,10.8,796900
MBRG,20121207,16.8,17.04,16.58,16.89,21400
MBTF,20121207,2.33,2.46,2.3,2.4,51500
MBVT,20121207,27.85,28,27.67,27.86,11200
MBWM,20121207,14.89,14.89,14.65,14.65,6000
MCBC,20121207,2.95,2.98,2.95,2.95,35000
MCEP,20121207,19.68,19.75,19.12,19.53,59000
MCHP,20121207,30.6,30.9,30.44,30.85,1994500
MCHX,20121207,4.25,4.27,4.15,4.21,25800
MCRI,20121207,9.27,9.57,9,9.44,21300
MDCA,20121207,10.77,10.89,10.51,10.55,25200
MDCO,20121207,21.71,22.04,21.39,21.83,433700
MDIV,20121207,20.09,20.09,19.99,20.05,25600
MDLZ,20121207,25.7,25.74,25.3,25.58,10690400
MDM,20121207,3.59,3.64,3.56,3.58,12200
MDRX,20121207,11.32,11.47,11.26,11.4,2394600
MDSO,20121207,19.455,19.6,19.11,19.16,65400
MEIP,20121207,11.94,12.24,11.52,12.18,447000
MELI,20121207,73.34,74.99,73.05,74.88,582900
MEMP,20121207,16.64,16.82,16.5,16.76,4560300
MENT,20121207,15.97,16.13,15.85,15.97,841900
MEOH,20121207,31.43,31.65,31.17,31.37,143400
MERC,20121207,6.58,6.58,6.38,6.49,225100
MFNC,20121207,7.08,7.08,7.08,7.08,0
MFRI,20121207,5.07,5.25,4.9,5.1,9100
MFSF,20121207,11.4,11.4,11.35,11.35,200
MGCD,20121207,5.76,5.8,5.75,5.75,1600
MGEE,20121207,33.6933,33.8667,33.5867,33.7467,23800
MGIC,20121207,4.66,4.66,4.55,4.66,46400
MGLN,20121207,52.56,53.48,52.56,53.14,210700
MGPI,20121207,3.52,3.73,3.4,3.4,14900
MGRC,20121207,28.39,28.4,28.01,28.31,45900
MGYR,20121207,4.4,4.4,4.4,4.4,0
MHGC,20121207,6.15,6.16,6.07,6.11,24600
MHLD,20121207,8.98,9,8.87,8.96,226700
MIDD,20121207,43.1533,43.1533,41.9233,42.1667,84200
MIND,20121207,12.76,12.9,12.1,12.18,183100
MINI,20121207,20.25,20.69,20.09,20.66,136000
MITK,20121207,3.52,3.6,3.15,3.45,745500
MITL,20121207,3.15,3.33,3.11,3.14,34400
MKSI,20121207,24.68,24.76,24.34,24.57,155700
MKTX,20121207,33.42,33.42,32.32,32.48,134500
MLAB,20121207,47.3,49.23,46.97,48.44,22300
MLHR,20121207,21.09,21.09,20.59,20.69,211400
MLNK,20121207,3.44,3.44,3.23,3.26,30800
MLNX,20121207,68.53,69.02,67.56,68.37,376300
MLVF,20121207,10.4,10.4,10.4,10.4,100
MMLP,20121207,30.74,30.74,30.11,30.33,80400
MMSI,20121207,13.47,13.56,13.3,13.42,70600
MMYT,20121207,13.09,13.14,12.48,12.61,71900
MNDO,20121207,1.98,2,1.97,2,10900
MNGA,20121207,1.83,1.83,1.46,1.52,82800
MNKD,20121207,2.08,2.14,2.04,2.12,1910600
MNOV,20121207,1.77,1.79,1.77,1.79,200
MNRO,20121207,32.49,32.59,31.47,31.79,402900
MNST,20121207,17.31,17.6333,17.07,17.5933,1371700
MNTA,20121207,10.73,10.88,10.54,10.7,1654300
MNTX,20121207,7.26,7.42,7.23,7.28,23400
MOBI,20121207,1.88,1.96,1.88,1.95,43900
MOCO,20121207,14.43,14.55,14.42,14.49,10500
MOFG,20121207,20.61,20.61,20,20.03,20500
MORN,20121207,64.22,64.9,63.89,64.58,89300
MOSY,20121207,3.23,3.25,3.08,3.21,41100
MPAA,20121207,6.03,6.32,5.7,6.26,58500
MPB,20121207,9.81,9.83,9.81,9.83,1400
MPEL,20121207,15,15.41,14.93,15.13,5463300
MPET,20121207,0.8,0.81,0.76,0.78,246400
MPWR,20121207,21.09,21.1,20.44,20.98,192000
MRCC,20121207,15.39,15.39,14.97,14.97,8800
MRCY,20121207,8.86,8.89,8.63,8.66,59700
MRLN,20121207,17.42,17.99,17.39,17.5,39200
MRTN,20121207,11.94,11.9733,11.8333,11.9733,32000
MRVL,20121207,8.95,8.96,8.74,8.8,10797400
MSBF,20121207,6,6.55,6,6.54,500
MSCC,20121207,20.15,20.19,19.57,19.61,400100
MSEX,20121207,18.75,18.75,18.5,18.58,22800
MSFG,20121207,12.27,12.27,12.02,12.09,15800
MSFT,20121207,26.81,26.82,26.37,26.45,46179400
MSLI,20121207,1.12,1.16,1.12,1.15,5500
MSON,20121207,6.35,6.55,6.28,6.45,42800
MSTR,20121207,88.87,89.07,86.88,88.56,50800
MTEX,20121207,7.45,7.46,7.31,7.31,900
MTGE,20121207,25.5,25.54,25.16,25.36,343300
MTRX,20121207,11.03,11.19,10.87,11.19,107400
MTSC,20121207,49.05,49.24,48.57,49.07,34100
MTSI,20121207,13.43,13.86,12.83,13.73,18900
MTSL,20121207,3.35,3.49,3.19,3.34,77800
MU,20121207,6.42,6.51,6.35,6.43,22047600
MVIS,20121207,2.17,2.19,1.96,2.06,308700
MXIM,20121207,29.64,30,29,29.48,2666100
MXWL,20121207,7.15,7.24,7.09,7.12,101400
MYGN,20121207,27.72,27.8,27.02,27.35,701400
MYL,20121207,27.38,27.38,26.92,27.26,4082900
MYRG,20121207,22.16,22.4,22.11,22.27,63300
NAII,20121207,5.74,5.75,5.69,5.74,900
NANO,20121207,14.37,14.8,14.37,14.69,198400
NATH,20121207,30.44,30.81,30.41,30.81,2400
NATI,20121207,24.63,24.63,24.07,24.22,258900
NATL,20121207,26.69,27.12,25.99,26.33,34600
NATR,20121207,14.83,15.27,14.83,15.26,19900
NAUH,20121207,3.93,3.93,3.85,3.87,4100
NAVG,20121207,52.44,52.44,51.54,51.82,14900
NBIX,20121207,7.39,7.46,7.27,7.35,128300
NBN,20121207,9.19,9.2,9.1,9.1,3700
NBTB,20121207,20,20,19.63,19.87,33700
NCIT,20121207,4.33,4.38,4.21,4.31,19200
NCMI,20121207,14.6,14.6,14.17,14.52,83000
NCTY,20121207,3.26,3.46,3.25,3.3,48100
NDAQ,20121207,23.81,23.92,23.6,23.71,808600
NDSN,20121207,63.04,63.38,62.31,63.28,163100
NEOG,20121207,30.8933,31.0533,30,30.4867,72800
NEON,20121207,3.81,3.89,3.71,3.78,49600
NEPT,20121207,2.77,2.81,2.62,2.71,257700
NETE,20121207,34,35,32.6,34,2200
NEWS,20121207,12.68,12.79,12.6,12.72,16600
NEWT,20121207,9.3,9.3,9.1,9.25,28500
NFBK,20121207,15.2,15.2,15.12,15.17,14200
NFEC,20121207,1.11,1.15,0.9,1.01,63000
NFLX,20121207,12.6129,12.8257,12.1843,12.2829,4969400
NICE,20121207,34.09,34.09,33.52,33.7,125200
NICK,20121207,13.3,13.3,13.02,13.24,27900
NIHD,20121207,5.35,5.48,5.33,5.4,3164700
NILE,20121207,38.52,39.07,38.02,38.67,64100
NKSH,20121207,30.8,30.8,29.86,30.6,10100
NKTR,20121207,6.8,7.39,6.8,7,2684100
NLNK,20121207,11.6,11.74,11.41,11.65,18100
NLST,20121207,0.81,0.93,0.8,0.92,291500
NMRX,20121207,12.8,13.38,12.8,13.36,151900
NNBR,20121207,8.21,8.27,8.11,8.17,26300
NRIM,20121207,22.15,22.15,21.85,21.99,13300
NSEC,20121207,7.6,7.6,7.6,7.6,0
NSIT,20121207,17.41,17.41,16.64,17,80300
NSSC,20121207,3.37,3.38,3.35,3.38,5900
NSYS,20121207,2.98,2.98,2.98,2.98,0
NTAP,20121207,33.04,33.46,32.84,33.42,5591100
NTCT,20121207,24.8,24.94,24.47,24.69,179800
NTES,20121207,40.12,40.59,38.95,39,2380200
NTGR,20121207,35.72,35.72,34.9,35.31,112800
NTIC,20121207,9.88,9.88,9.88,9.88,0
NTRI,20121207,7.6,7.62,7.5,7.53,128500
NTRS,20121207,47.86,47.88,47.51,47.85,559300
NTWK,20121207,6.7,6.72,6.58,6.62,73100
NUAN,20121207,21.94,22,21.52,21.83,1648400
NURO,20121207,11.52,12,11.28,12,112200
NUTR,20121207,16.52,16.52,16.13,16.35,27200
NUVA,20121207,14.17,14.31,13.94,14.03,435000
NVAX,20121207,1.81,1.81,1.76,1.77,618900
NVDA,20121207,11.99,12.05,11.82,11.95,8457400
NVDQ,20121207,8.82,8.89,8.72,8.83,106700
NVEC,20121207,53.89,54.19,53.31,54.06,10800
NVGN,20121207,8.89,9.2,8.29,9,68900
NVMI,20121207,7.65,7.68,7.61,7.65,51200
NWBI,20121207,11.99,11.99,11.81,11.93,373100
NWBO,20121207,3.75,4.49,3.3,3.4,1143500
NWBOW,20121207,0.5,1,0.5,0.89,359800
NWFL,20121207,29.85,30.11,29.85,30.05,1600
NWLI,20121207,152.72,153,151.96,153,2400
NWPX,20121207,20.87,20.87,20.2,20.65,14400
NWS,20121207,25.44,25.55,25.26,25.53,2806300
NWSA,20121207,24.67,24.87,24.56,24.86,11143300
NXPI,20121207,23.8,24,23.2,23.31,1073400
NXST,20121207,9.5,9.5,9.23,9.47,237100
NXTM,20121207,11.1,11.23,10.9,11.06,206400
NYMT,20121207,6.6,6.66,6.58,6.59,418700
NYMX,20121207,7.25,7.25,6.82,6.88,39700
NYNY,20121207,8.55,9.1,8.4,8.5,1600
OBAS,20121207,5.3,5.88,5.1,5.88,600
OBCI,20121207,2.35,2.35,2.23,2.28,5100
OCC,20121207,4.27,4.27,4.2,4.2,8400
OCFC,20121207,13.71,13.75,13.68,13.75,32100
OCLR,20121207,1.78,1.83,1.71,1.79,630400
OCLS,20121207,22.4,22.75,21,22.75,51700
ODFL,20121207,33.48,33.48,33,33.33,348500
OFED,20121207,15.55,15.57,15.5,15.57,113600
OFIX,20121207,36.92,37.2,36.76,37.16,53700
OFLX,20121207,11.87,11.96,11.85,11.96,2000
OFS,20121207,14.22,14.22,13.44,13.63,70900
OGXI,20121207,12.98,13.11,12.86,12.96,8200
OIIM,20121207,2.98,3.07,2.92,3.05,81200
OKSB,20121207,10.71,10.71,10.62,10.67,23000
OLBK,20121207,11.29,11.29,11.29,11.29,100
OMAB,20121207,22,22.45,21.95,22.44,54900
OMCL,20121207,15.65,15.74,15.6,15.68,105400
OMER,20121207,7.33,7.34,6.81,6.9,111700
OMEX,20121207,31.8,32.16,31.32,31.8,145300
ONEQ,20121207,118.51,118.56,117.41,117.51,6600
ONVI,20121207,3.66,3.66,3.66,3.66,0
OPHC,20121207,18.8,20.8,18.8,20.8,5000
OPOF,20121207,10.98,10.98,10.81,10.83,11900
OPTT,20121207,22.7,23.4,22.3,22.5,33500
OPXA,20121207,1.6,1.64,1.56,1.6,28300
OPXAW,20121207,0.02,0.03,0.01,0.01,21100
ORBC,20121207,3.38,3.38,3.26,3.31,88300
ORBK,20121207,8.03,8.1,7.94,7.99,47600
OREX,20121207,48.5,49.3,47.7,48.5,636500
ORIG,20121207,15.71,15.71,15.09,15.15,29400
ORIT,20121207,14.9,14.9,14.71,14.77,190200
ORLY,20121207,91.4,91.59,90.5,90.73,822600
ORRF,20121207,8.35,8.55,8.35,8.5,2000
OSBC,20121207,1.31,1.31,1.21,1.24,700
OSBCP,20121207,6.4,6.4,6.4,6.4,0
OSHC,20121207,13.65,14.05,13.65,14.05,8700
OSIR,20121207,9.65,9.72,9.36,9.49,41900
OSIS,20121207,60.92,61.32,60.3,60.85,135400
OSM,20121207,24.04,24.05,23.88,23.89,8000
OSN,20121207,2.52,2.76,2.52,2.76,22800
OSTK,20121207,14.51,14.65,14.11,14.25,62800
OSUR,20121207,7.67,7.7,7.42,7.45,318900
OTEX,20121207,28.085,28.12,27.585,27.65,149300
OTIV,20121207,1.33,1.33,1.26,1.28,148300
OTTR,20121207,24.64,24.69,24.37,24.66,73600
OVBC,20121207,18.24,18.37,18.24,18.36,600
OVLY,20121207,7.3,7.3,7.3,7.3,5700
OXLC,20121207,15.75,15.94,15.73,15.92,17600
OZRK,20121207,16.325,16.325,16.17,16.24,42400
PAAS,20121207,18.26,18.47,18.16,18.35,827400
PACB,20121207,1.58,1.59,1.53,1.53,140900
PACW,20121207,24.64,24.64,24.12,24.19,69100
PAGG,20121207,30.06,30.2,30.02,30.12,5800
PANL,20121207,25.7,27.26,25.65,26.7,1675700
PATK,20121207,10.0667,10.4667,9.9933,10.3467,122500
PAYX,20121207,33.23,33.3,32.92,33.19,1625400
PBCT,20121207,12.14,12.2,11.99,12.06,4821500
PBHC,20121207,10.6,10.6,10.6,10.6,0
PBIB,20121207,0.87,0.87,0.87,0.87,0
PBIP,20121207,6.37,6.37,6.37,6.37,0
PBMD,20121207,3.64,3.64,3.64,3.64,1900
PBSK,20121207,12.31,12.31,12.31,12.31,0
PCAR,20121207,43.59,43.91,43.45,43.84,1771100
PCBK,20121207,9.11,9.13,9.03,9.11,19600
PCH,20121207,38.5,39.21,38.18,38.94,616400
PCLN,20121207,667,672.95,656.65,659.1,542500
PCO,20121207,1.17,1.2,1.15,1.17,297900
PCOM,20121207,11.43,11.48,11.23,11.31,9500
PCRX,20121207,16.47,16.63,15.96,16.27,140400
PCTI,20121207,6.74,6.81,6.55,6.6,28600
PCYO,20121207,2.39,2.6,2.39,2.51,68800
PDCE,20121207,35.03,35.41,34.75,34.9,567500
PDCO,20121207,33.27,33.34,33.04,33.26,357900
PDEX,20121207,1.96,1.96,1.95,1.95,300
PDFS,20121207,14.64,14.64,14.06,14.28,77600
PDLI,20121207,7.58,7.73,7.51,7.57,3120200
PEBK,20121207,9.15,9.15,8.82,9,6400
PEBO,20121207,20.67,20.85,20.4,20.45,28700
PEGA,20121207,10.335,10.495,10.195,10.24,107000
PEIX,20121207,5.25,5.55,4.95,5.1,2636000
PENN,20121207,49.45,50.64,49.27,49.47,695900
PERF,20121207,4.75,4.94,4.34,4.81,18200
PERI,20121207,9.73,9.82,9.68,9.77,77700
PERY,20121207,21.16,21.39,20.89,21.18,33600
PESI,20121207,3.85,3.95,3.85,3.95,32800
PETS,20121207,12.35,12.44,12.23,12.39,157700
PFBC,20121207,13.87,13.87,13.55,13.69,19100
PFBI,20121207,10.85,10.9,10.62,10.72,15800
PFBX,20121207,9.22,9.22,9.22,9.22,0
PFIN,20121207,6.1,6.11,6,6.05,6600
PFLT,20121207,12.73,12.8,12.73,12.79,6900
PFMT,20121207,8.83,8.84,8.24,8.49,90800
PFPT,20121207,10.69,10.8,10.21,10.47,114100
PFSW,20121207,2.46,2.49,2.33,2.38,37700
PGC,20121207,13.63,13.67,13.51,13.54,8300
PGNX,20121207,2.28,2.37,2.27,2.35,77900
PGTI,20121207,4.38,4.45,4.38,4.39,52000
PHII,20121207,32.03,32.2,30.94,31.39,1300
PHIIK,20121207,32.16,32.25,31.51,32.02,35600
PHMD,20121207,68.05,68.65,66.1,67,66000
PICO,20121207,18.62,18.72,18.56,18.67,57600
PKBK,20121207,5.18,5.18,5.05,5.05,3500
PKOH,20121207,20.12,20.17,19.78,20.03,22200
PLAB,20121207,5.49,5.49,5.37,5.46,212800
PLBC,20121207,4.11,4.11,4.11,4.11,0
PLCE,20121207,48.2,48.55,47.37,47.58,323700
PLPC,20121207,61.04,61.18,60.15,60.86,4600
PLUG,20121207,0.66,0.66,0.61,0.65,37600
PLUS,20121207,40.95,41.5,39.83,40.75,33500
PLXS,20121207,23.19,23.22,22.75,22.91,234500
PMBC,20121207,6.17,6.17,5.71,5.71,33000
PMD,20121207,10.85,11.09,10.85,10.85,24900
PNBK,20121207,11.6,11.6,11.5,11.6,2900
PNFP,20121207,18.48,18.48,18.25,18.34,66400
PNNT,20121207,10.72,10.75,10.6,10.68,317000
PNQI,20121207,39.9,39.9,39.67,39.81,5600
PNRA,20121207,157.58,159.28,156.52,158.47,307600
PNRG,20121207,26.54,26.54,26.54,26.54,0
PNTR,20121207,2.71,2.71,2.7,2.7,900
PODD,20121207,21.88,21.94,21.65,21.72,191700
POOL,20121207,41.44,41.67,41.27,41.54,149900
POPE,20121207,52.3,52.3,52.3,52.3,200
POWI,20121207,33.08,33.11,32.21,32.43,170900
POWL,20121207,40.97,41.1,39.65,41.1,23100
PPBI,20121207,9.95,10.02,9.94,10.02,72500
PPHM,20121207,1.13,1.29,1.13,1.22,6148400
PRAA,20121207,33.3333,33.52,33.1533,33.4367,49500
PRAN,20121207,14.1,14.1,13.62,13.98,14000
PRCP,20121207,5.71,5.71,5.71,5.71,0
PRFT,20121207,10.97,10.99,10.73,10.86,68500
PRFZ,20121207,68.03,68.17,67.62,67.85,11700
PRGS,20121207,20.43,20.62,20.19,20.53,296700
PRGX,20121207,6.07,6.25,6.05,6.21,680300
PRIM,20121207,14.41,14.5,14.28,14.5,419100
PRKR,20121207,20.7,22.1,20,20.9,205100
PRMW,20121207,1.07,1.08,1.05,1.06,32300
PROV,20121207,16.18,16.2,16.01,16.07,52400
PRPH,20121207,1.6,1.6,1.59,1.59,800
PRSC,20121207,14.05,14.58,13.85,14.25,88700
PRSS,20121207,5.51,5.6,5.19,5.33,20400
PRTS,20121207,1.98,1.99,1.97,1.98,17300
PRXL,20121207,32.08,32.24,31.68,31.98,476500
PSAU,20121207,36.37,36.4,35.88,36.35,2400
PSCC,20121207,34.88,34.96,34.88,34.95,2500
PSCD,20121207,32.32,32.32,32.16,32.29,4500
PSCE,20121207,33.23,33.46,33.16,33.4,2000
PSCF,20121207,30.54,30.6,30.48,30.54,9900
PSCH,20121207,35.22,35.29,35.13,35.19,9800
PSCI,20121207,31.55,31.55,31.23,31.32,2500
PSCM,20121207,30.46,30.46,30.46,30.46,0
PSCT,20121207,29.62,29.7,29.52,29.67,7300
PSCU,20121207,30.2,30.2,30.11,30.15,1600
PSDV,20121207,1.32,1.32,1.25,1.28,53000
PSEC,20121207,10.45,10.71,10.45,10.59,3318400
PSMT,20121207,78.99,79.22,75.04,75.27,195100
PSTB,20121207,5.25,5.25,5.08,5.1,81800
PSTI,20121207,3.49,3.5,3.42,3.46,182400
PTEN,20121207,18.18,18.41,18.06,18.13,2702300
PTIE,20121207,3.09,3.09,2.99,3.04,57700
PTNR,20121207,6.4,6.5,6.4,6.43,52600
PTSI,20121207,9.49,10.3,9.49,10.2,17900
PVTB,20121207,15.65,15.7,15.31,15.34,397900
PVTBP,20121207,25.9,25.95,25.86,25.89,4700
PWOD,20121207,38.8,38.8,38.3,38.3,6200
PXLW,20121207,2.22,2.24,2.21,2.21,54300
PZZA,20121207,26.345,26.535,26.115,26.365,123900
QABA,20121207,25.18,25.22,25.08,25.08,1000
QADA,20121207,13.3,13.43,13.19,13.3,7400
QADB,20121207,12.84,12.9,12.8,12.9,1400
QBAK,20121207,8.58,8.58,8.58,8.58,0
QCLN,20121207,9.1,9.13,9.1,9.13,500
QCOM,20121207,64.32,64.4,63.48,63.86,9273300
QCRH,20121207,12.54,13.81,12.53,13.33,900
QDEL,20121207,18,18.28,17.82,18.04,170700
QGEN,20121207,18,18.02,17.83,17.91,642500
QLTI,20121207,7.8,7.98,7.8,7.96,82200
QLYS,20121207,12.02,12.36,12,12.1,51700
QNST,20121207,6.06,6.1,5.93,5.99,33200
QQEW,20121207,26,26.07,25.85,25.99,6500
QQQ,20121207,65.65,65.71,64.71,64.93,30092600
QQQC,20121207,13.6,13.6,13.6,13.6,900
QQQX,20121207,15.51,15.7,15.3,15.68,45700
QQXT,20121207,24.84,24.85,24.58,24.68,6700
QSII,20121207,17.8,18.09,17.8,18.01,299400
QTEC,20121207,25.59,25.59,25.42,25.55,19100
QUIK,20121207,2,2.04,1.94,1.96,78200
RADA,20121207,2.34,2.34,2.34,2.34,0
RAIL,20121207,21.3,21.3,20.96,21.25,18200
RAND,20121207,2.22,2.33,2.2,2.28,10100
RAVN,20121207,26.4,26.72,26.24,26.59,75500
RBCAA,20121207,20.15,20.15,19.8,20.03,23600
RBCN,20121207,6.45,6.51,6.2,6.24,884100
RBPAA,20121207,1.21,1.21,1.21,1.21,100
RCII,20121207,35.07,35.56,34.88,35.4,289400
RCKY,20121207,13.14,13.14,12.95,12.95,7300
RCMT,20121207,6.01,6.26,6.01,6.24,19800
RCON,20121207,1.66,1.66,1.62,1.62,9700
RDCM,20121207,2.61,2.76,2.61,2.73,600
RDI,20121207,5.7,5.71,5.63,5.67,40600
RDNT,20121207,2.45,2.45,2.38,2.41,46800
RDWR,20121207,16.535,16.75,16.365,16.69,143100
RECN,20121207,11.66,11.79,11.52,11.63,366800
REFR,20121207,3.49,3.56,3.49,3.54,40400
REGI,20121207,6,6.38,5.89,6.15,103600
REGN,20121207,179.47,182.11,178,180.87,627800
REIS,20121207,12.97,13.18,12.62,13.18,9300
RELL,20121207,11.24,11.25,11.02,11.07,9600
RELV,20121207,9.24,9.8,9.24,9.38,2200
REXX,20121207,12.62,13,12.49,12.92,707200
RFIL,20121207,4.41,4.44,4.38,4.38,1000
RGCO,20121207,18.15,18.15,18,18,1300
RGEN,20121207,6.08,6.14,5.99,6.04,148000
RGLD,20121207,81.08,81.86,80.12,80.29,431500
RGLS,20121207,4.6,4.75,4.41,4.47,20500
RICK,20121207,8.01,8.01,7.97,8,5800
RIGL,20121207,8.19,8.28,8.1,8.19,200100
RLJE,20121207,17.94,17.94,17.67,17.7,2500
RLOG,20121207,6.6,6.6,6.35,6.43,6300
RMBS,20121207,4.93,4.93,4.73,4.74,547400
RMCF,20121207,10.21,10.35,10.21,10.27,3700
RMTI,20121207,7.57,7.64,7.28,7.32,31000
RNET,20121207,19.14,19.49,19.14,19.36,40000
RNST,20121207,17.49,18.05,17.38,17.61,39000
RNWK,20121207,7.22,7.27,7.11,7.21,55500
ROCK,20121207,14.26,14.5,14.05,14.48,56100
ROIA,20121207,0.79,0.81,0.79,0.79,400
ROIAK,20121207,0.74,0.76,0.72,0.73,8800
ROIC,20121207,12.78,12.85,12.77,12.8,184900
ROLL,20121207,47.73,47.99,47.3,47.66,56900
ROSG,20121207,4.51,4.6,4.35,4.49,230200
ROST,20121207,27.69,27.85,27.565,27.745,1879700
RP,20121207,19.98,19.98,19.62,19.87,165400
RPRX,20121207,14.45,14.5,13.85,14.04,217900
RPXC,20121207,9.88,9.89,9.39,9.4,131500
RRGB,20121207,32.07,32.29,31.8,31.94,81600
RSYS,20121207,2.7,2.7,2.6,2.63,47800
RTIX,20121207,4.28,4.28,4.15,4.17,62600
RUSHA,20121207,19.97,19.99,19.83,19.95,33400
RUSHB,20121207,16.85,16.85,16.85,16.85,0
RUTH,20121207,7.43,7.43,7.14,7.24,144300
RVLT,20121207,7.4,7.8,7.2,7.6,62700
RVSB,20121207,1.73,1.75,1.6,1.65,39500
RYAAY,20121207,34.9,34.99,34.57,34.7,206200
SAAS,20121207,5.27,5.27,5.15,5.22,100400
SAFM,20121207,47.93,48.73,47.93,48.4,488100
SAFT,20121207,45.46,45.46,44.5,45.29,16700
SAIA,20121207,14.2067,14.3,13.8533,14.2,86000
SALM,20121207,5.22,5.22,5.03,5.11,4000
SANM,20121207,10.22,10.25,10.03,10.16,264800
SANW,20121207,7.4,7.4,7.2,7.2,88000
SASR,20121207,18.69,18.88,18.53,18.78,21200
SATS,20121207,32.86,33.28,32.65,33.21,59600
SAVE,20121207,17.1,17.19,16.91,17.14,418200
SBAC,20121207,68.73,69.16,68.28,69.08,1703800
SBBX,20121207,5.89,5.89,5.89,5.89,500
SBCF,20121207,8.2,8.2,7.95,8.05,255100
SBGI,20121207,10.51,10.62,10.3,10.6,1180200
SBLK,20121207,31.85,32.5,31.5,31.55,16600
SBNY,20121207,71,71.15,70.01,70.24,159400
SBNYW,20121207,41,41,41,41,0
SBRA,20121207,22.53,22.86,22.02,22.09,200100
SBSA,20121207,2.31,2.47,2.31,2.47,800
SBSI,20121207,19.9619,19.9905,19.6476,19.8571,29200
SBUX,20121207,26.7,27,26.57,26.82,10623900
SCHL,20121207,28.6,28.99,28.28,28.38,321400
SCHN,20121207,28.7,29,28.52,28.96,190000
SCLN,20121207,4.36,4.41,4.32,4.35,482000
SCMP,20121207,4.72,4.79,4.59,4.64,107400
SCON,20121207,59.4,66.6,57.6,64.8,1004500
SCOR,20121207,13.55,13.69,13.37,13.61,107200
SCSC,20121207,30,30,29.41,29.8,57500
SCSS,20121207,25.34,25.63,25.08,25.15,1088600
SCVL,20121207,22.28,22.34,21.53,21.55,150600
SEAC,20121207,10.32,10.5,10.18,10.3,615900
SEED,20121207,1.4,1.41,1.37,1.37,35600
SEIC,20121207,22.15,22.18,21.99,22.09,445000
SENEA,20121207,30.27,30.9,29.63,30.43,66400
SENEB,20121207,30.4,30.4,29.75,29.75,800
SEV,20121207,3.8,3.8,3.8,3.8,300
SFBC,20121207,10.21,10.21,10.21,10.21,0
SFLY,20121207,26.81,27,26.02,26.45,1161000
SFNC,20121207,24,24.36,23.95,24.26,24400
SFST,20121207,9.11,9.11,9.09,9.1,4000
SGC,20121207,11.6,11.64,11.6,11.63,500
SGEN,20121207,25.93,25.99,25.52,25.54,460500
SGMA,20121207,4.15,4.18,4.07,4.07,15600
SGMO,20121207,5.56,5.99,5.48,5.93,551000
SGMS,20121207,8.29,8.4,8.23,8.27,167300
SGOC,20121207,4.32,4.32,4,4.16,16100
SGRP,20121207,1.94,1.94,1.88,1.88,1100
SGYP,20121207,5.49,5.5,4.85,5.01,452000
SGYPU,20121207,12.25,12.25,12.25,12.25,2000
SGYPW,20121207,2.5,2.5,2.5,2.5,0
SHBI,20121207,5.35,5.37,5.35,5.37,800
SHEN,20121207,7.04,7.19,6.935,7.16,46200
SHIP,20121207,6.75,6.95,6.45,6.45,1300
SHLD,20121207,42,43.2,41.5,42.96,2952600
SHLM,20121207,26.56,26.77,26.34,26.74,99300
SHLO,20121207,11.09,11.15,10.91,11.03,10000
SHOO,20121207,28.9667,29.1067,28.3667,28.54,480400
SHOR,20121207,4.3,4.31,4.24,4.28,33100
SHOS,20121207,30,31.26,29.66,30.49,225500
SHPG,20121207,90.52,91.49,90.36,91.18,355000
SIEB,20121207,1.6,1.6,1.6,1.6,0
SIFI,20121207,11.24,11.34,11.19,11.19,2600
SIFY,20121207,2.02,2.04,1.94,1.96,41000
SIGI,20121207,19.34,19.34,19.05,19.22,206800
SIGM,20121207,5.6,5.6,5.31,5.39,121200
SILC,20121207,17.27,17.52,17.23,17.46,17300
SIMO,20121207,13.06,13.13,12.93,13,118000
SINA,20121207,42.32,42.74,41.6,41.92,1851700
SINO,20121207,1.61,1.61,1.56,1.58,6100
SIRI,20121207,2.81,2.82,2.75,2.76,74771200
SIVB,20121207,54.86,55.33,54.32,54.79,105300
SIVBO,20121207,25.75,25.75,25.75,25.75,0
SKYW,20121207,11.53,11.66,11.52,11.56,200900
SKYY,20121207,19.1,19.17,18.98,19.08,14700
SLAB,20121207,41.95,42.08,41.44,41.82,116700
SLGN,20121207,44.3,44.57,44.26,44.36,102700
SLM,20121207,6.0964,6.1071,5.9893,6.0357,4467000
SLMAP,20121207,48.17,48.2,48.05,48.05,1700
SLMBP,20121207,52.54,52.9,52.36,52.9,2200
SLP,20121207,4.44,4.44,4.31,4.43,17100
SLRC,20121207,22.9,22.91,22.5,22.87,128800
SMBC,20121207,11.525,11.825,11.525,11.825,3000
SMCI,20121207,9.23,9.23,9.08,9.16,150600
SMED,20121207,2.55,2.55,2.48,2.5,27800
SMIT,20121207,3,3.02,2.99,3.01,25500
SMMF,20121207,4.85,4.85,4.52,4.8,3400
SMRT,20121207,7.46,7.65,7.3,7.4,80500
SMSI,20121207,5,5,4.8,4.88,30600
SMTC,20121207,28,28,27.74,27.99,147000
SMTX,20121207,2.38,2.4,2.35,2.36,12900
SNAK,20121207,6.62,6.73,6.36,6.54,25300
SNBC,20121207,16.85,16.95,16.35,16.9,159700
SNCR,20121207,19.24,19.29,19.06,19.21,168300
SNFCA,20121207,7.28,7.36,6.75,7.26,231700
SNHY,20121207,27.02,27.02,26.65,26.7,38000
SNMX,20121207,1.82,1.88,1.74,1.82,44400
SNPS,20121207,32.9,33.04,32.49,32.92,578200
SNSS,20121207,26.52,26.52,25.5,25.68,249300
SOCL,20121207,12.53,12.53,12.49,12.49,900
SODA,20121207,40.3,40.44,39.28,39.6,501000
SOFO,20121207,7.09,7.15,6.71,6.81,16900
SOHU,20121207,38.71,38.78,37.52,37.78,977900
SONA,20121207,8.14,8.21,7.79,8.16,7500
SONC,20121207,10.1,10.41,10.07,10.28,573300
SONS,20121207,8.55,8.7,8.45,8.65,848400
SORL,20121207,2.21,2.25,2.19,2.2,26500
SOXX,20121207,51.72,51.76,51.29,51.62,107100
SPAN,20121207,18.6,18.73,18.6,18.63,2100
SPAR,20121207,4.84,4.84,4.67,4.7,44400
SPEX,20121207,136.8,149.53,136.8,149.53,200
SPIL,20121207,5.31,5.34,5.26,5.28,1093700
SPLK,20121207,28.6,28.7,27.84,27.89,1293200
SPLS,20121207,11.49,11.55,11.34,11.4,6567300
SPNC,20121207,13.54,13.68,13.23,13.35,131000
SPNS,20121207,3.91,3.91,3.82,3.88,23400
SPPI,20121207,11.05,11.13,10.75,10.83,1066200
SPRT,20121207,4.19,4.19,4.07,4.14,77400
SPSC,20121207,36.48,36.48,35.85,36.26,24400
SPTN,20121207,15.54,15.54,15.3,15.4,29100
SPU,20121207,1.88,1.95,1.88,1.95,27100
SPWR,20121207,4.65,4.83,4.64,4.83,903500
SQQQ,20121207,162.88,170.04,162.4,168.36,1398200
SRCE,20121207,21.22,21.86,21.22,21.76,51400
SRCL,20121207,94.49,94.94,93.75,94.26,459200
SRDX,20121207,20.1,20.18,19.79,20.06,71900
SREV,20121207,5.39,5.59,5.39,5.51,2810700
SRPT,20121207,26.18,27.88,25.22,25.32,3680300
SSBI,20121207,6.87,7.04,6.85,7.01,6600
SSFN,20121207,3.73,3.73,3.73,3.73,0
SSH,20121207,6.65,6.75,6.5,6.61,34000
SSNC,20121207,23.42,23.46,23.21,23.42,104300
SSRI,20121207,13.64,13.97,13.62,13.73,490200
SSYS,20121207,71,73.25,70.5,72.89,656700
STAA,20121207,5.45,5.54,5.41,5.53,28100
STB,20121207,6.33,6.37,6.26,6.26,32800
STBA,20121207,17.66,17.92,17.33,17.84,64200
STBZ,20121207,15.43,15.6,15.2,15.29,55000
STEM,20121207,21.72,22.44,21.24,22.2,313600
STFC,20121207,14.28,14.49,14.02,14.35,65200
STKL,20121207,6.19,6.21,6.13,6.16,149200
STLD,20121207,12.78,12.87,12.6,12.8,1737900
STLY,20121207,4.62,4.65,4.36,4.47,14400
STMP,20121207,24.59,25.13,24.38,25.1,430400
STPP,20121207,33.73,33.73,33.73,33.73,0
STRA,20121207,56.91,57.95,56.12,56.83,191200
STRL,20121207,8.66,8.89,8.53,8.62,15600
STRM,20121207,5.38,5.64,5.38,5.56,11500
STRS,20121207,9.58,9.69,9.45,9.6,5700
STRT,20121207,22.8,22.8,22.8,22.8,100
STX,20121207,28.76,28.87,28.29,28.34,7988300
SUMR,20121207,2,2.09,1.92,2.02,87600
SUNS,20121207,18.4,18.4,18.15,18.2,20500
SUPN,20121207,7.77,7.9,7.68,7.81,198900
SVA,20121207,2.52,2.55,2.45,2.47,32500
SVBI,20121207,3.1,3.3,3.1,3.13,1800
SVVC,20121207,17.63,17.8,17.5,17.67,70200
SWHC,20121207,11.11,11.25,9.77,9.92,13293500
SWIR,20121207,7.88,7.97,7.79,7.95,34500
SWKS,20121207,23.44,23.5,22.64,22.84,3485700
SYBT,20121207,14.6133,14.6533,14.4667,14.56,11300
SYKE,20121207,14.32,14.32,13.94,14.03,110700
SYMC,20121207,18.9,19.02,18.71,18.94,6313300
SYMX,20121207,1.1,1.17,1.03,1.08,25500
SYNA,20121207,26.97,27.13,26.62,26.83,301900
SYNC,20121207,5.4,5.72,5.34,5.6,540300
SYNL,20121207,13.98,13.98,13.6,13.6,1600
SYNT,20121207,28.1,28.255,27.805,28.085,164600
SYPR,20121207,4.16,4.16,4.01,4.03,13200
SYUT,20121207,4.47,4.49,4.34,4.36,19700
TACT,20121207,7.52,7.58,7.35,7.43,32000
TAIT,20121207,1,1,1,1,100
TASR,20121207,8.24,8.29,8.12,8.27,334700
TAST,20121207,6.25,6.25,6.15,6.17,55500
TATT,20121207,5.61,5.61,5.61,5.61,1500
TAX,20121207,13.78,13.9,13.78,13.85,3700
TAYD,20121207,8,8.23,7.9,8.23,12300
TBBK,20121207,12.11,12.35,12.04,12.19,72000
TBNK,20121207,22.74,22.74,22.5,22.57,23800
TCBI,20121207,45.35,45.81,44.36,44.55,441000
TCBIL,20121207,25.28,25.3,25.19,25.19,13600
TCBK,20121207,16.37,16.5,16.04,16.2,11700
TCCO,20121207,5.55,5.67,5.55,5.6,2100
TCPC,20121207,14.96,15,14.81,14.85,86000
TCRD,20121207,14.58,14.6,14.29,14.38,109200
TCX,20121207,5.68,5.84,5.68,5.76,43600
TDIV,20121207,19.42,19.42,19.26,19.34,88000
TEAR,20121207,4.29,4.29,4.13,4.24,85200
TECD,20121207,44.7,44.83,43.75,44.54,221800
TECH,20121207,69.7,69.7,68.6,69.24,74300
TESO,20121207,10.8,10.8,10.52,10.55,104700
TESS,20121207,21.81,22.06,21.6,21.84,11900
TFSL,20121207,8.45,8.48,8.4,8.44,109000
TGA,20121207,9.92,9.92,9.43,9.55,125000
THFF,20121207,29.74,30.07,29.47,29.86,10800
THLD,20121207,4.34,4.41,4.07,4.11,581100
THRM,20121207,11.6,11.82,11.48,11.72,63200
TICC,20121207,10.03,10.03,9.86,9.96,376200
TINY,20121207,3.22,3.22,3.12,3.18,42900
TISA,20121207,3.89,3.9,3.83,3.87,51100
TITN,20121207,23.61,23.77,22.85,22.9,531900
TIVO,20121207,12.1,12.45,12.09,12.1,4899200
TLF,20121207,5.5,5.51,5.39,5.39,9900
TLT,20121207,124.44,124.96,124.34,124.43,4020800
TNAV,20121207,7.88,8.43,7.88,8.08,236500
TNGO,20121207,13.26,13.26,12.88,13,123400
TOPS,20121207,80.5,95.9,74.2,74.2,46900
TORM,20121207,11.82,12.37,11.35,11.35,9800
TOWN,20121207,15.18,15.18,14.94,15.02,29800
TQQQ,20121207,26.18,26.245,25.065,25.315,2508100
TREE,20121207,16.84,17.4,16.8,17.23,103100
TRIB,20121207,15.6,15.6,15.25,15.4,35300
TRIP,20121207,39.26,39.69,38.35,38.59,1496600
TRMB,20121207,28.285,28.73,28.09,28.64,1073000
TRMK,20121207,22.58,22.58,22.25,22.35,150500
TRNS,20121207,6.86,7.64,6.86,7.1,1300
TROV,20121207,4.98,5,4.75,4.87,21700
TROVW,20121207,1.35,1.35,1.35,1.35,0
TROW,20121207,65.02,65.25,64.38,64.84,834100
TRS,20121207,26.3,26.37,25.72,26.21,94000
TRST,20121207,5.23,5.23,5.08,5.12,218200
TSBK,20121207,5.85,5.85,5.85,5.85,0
TSCO,20121207,42.35,43.14,42.17,42.94,1008000
TSEM,20121207,8.62,8.69,8.59,8.63,3200
TSLA,20121207,34.3,34.49,33.85,34.17,664500
TSRA,20121207,16.23,16.29,16.05,16.2,163000
TSRI,20121207,3.34,3.37,3.11,3.11,14400
TSRO,20121207,16.95,17.22,16.88,16.99,24000
TST,20121207,1.66,1.68,1.64,1.66,9100
TTEC,20121207,17.38,17.45,17.14,17.33,103700
TTEK,20121207,26.18,26.34,26.06,26.21,170300
TTGT,20121207,5.03,5.14,4.99,5,10200
TTMI,20121207,9.1,9.15,9.02,9.08,97500
TTS,20121207,14.96,15.51,14.84,15.11,231400
TTWO,20121207,12.24,12.36,12.14,12.33,1016700
TUES,20121207,6.05,6.2,5.97,6.05,247100
TWER,20121207,57.4,58.4,55.4,57.6,222100
TWIN,20121207,17.3,17.43,16.63,17.16,41600
TWMC,20121207,3.53,3.53,3.36,3.51,11800
TXN,20121207,29.88,29.89,29.52,29.85,5019000
TXRH,20121207,16.19,16.22,16.05,16.11,353700
TYPE,20121207,15.75,16,15.65,15.76,72700
TZOO,20121207,17.91,17.91,17.61,17.71,60400
UBCP,20121207,6.3,6.35,6.25,6.25,4800
UBFO,20121207,2.84,2.84,2.75,2.75,900
UBNK,20121207,15.43,15.5,15.11,15.38,27600
UBNT,20121207,12,12.34,11.83,11.99,168900
UBOH,20121207,9.98,9.98,9.98,9.98,0
UBSH,20121207,15.4,15.61,15.38,15.45,21900
UBSI,20121207,24.78,24.98,24.74,24.93,232100
UCBA,20121207,6.5,6.5,6.5,6.5,0
UCBI,20121207,8.78,8.78,8.62,8.68,86100
UCFC,20121207,2.92,3.04,2.9,2.95,10000
UCTT,20121207,4.45,4.47,4.38,4.45,127300
UEIC,20121207,16.78,17,16.54,16.76,19400
UEPS,20121207,5,5.46,4.97,5.14,3288800
UFCS,20121207,21.16,21.16,20.57,20.9,31100
UFPI,20121207,36.98,36.98,36.22,36.65,20100
UFPT,20121207,16.49,16.9,16.4,16.71,17600
UG,20121207,19,19.25,18.58,18.72,1900
UHAL,20121207,118.5,118.5,116.58,118.38,14000
ULBI,20121207,2.68,2.76,2.6,2.62,28900
ULTA,20121207,101.45,101.59,100.02,100.44,729900
ULTI,20121207,92,93.06,91.26,92.21,185600
UMBF,20121207,42.81,42.85,42.29,42.77,83000
UMPQ,20121207,11.76,11.87,11.72,11.77,313900
UNAM,20121207,12.1,12.1,12.1,12.1,0
UNB,20121207,19.66,19.66,19.65,19.65,200
UNFI,20121207,52.83,53.15,52.34,52.71,162000
UNIS,20121207,22.3,22.4,21.5,21.8,189100
UNTY,20121207,6.12,6.12,5.5,5.75,74400
UNXL,20121207,8.75,9.84,8.63,9.75,1123900
URBN,20121207,36.99,37.48,36.9,37.37,1589700
URRE,20121207,42,42,39.6,39.6,282100
USAK,20121207,3.2,3.3,3.03,3.29,23700
USAP,20121207,34.53,34.91,34.01,34.62,6000
USAT,20121207,1.83,1.85,1.76,1.78,94700
USATP,20121207,17.25,17.25,17.25,17.25,0
USCR,20121207,8.98,9.04,8.81,8.81,24200
USEG,20121207,10.44,10.74,10.26,10.68,69300
USLM,20121207,43.6,43.63,43.33,43.56,2500
UTEK,20121207,33.52,33.61,33.15,33.41,124100
UTHR,20121207,52.46,52.49,51.56,52.04,356700
UTMD,20121207,34.47,35,34.09,35,5800
UTSI,20121207,3.15,3.18,3.06,3.18,529500
UVSP,20121207,16.68,16.8,16.54,16.63,11000
VALU,20121207,9.24,9.4,9.14,9.34,2700
VASC,20121207,14.14,14.4,13.85,13.92,93800
VBFC,20121207,18.72,18.72,18.72,18.72,100
VCIT,20121207,88.59,88.66,88.5,88.5,234700
VCLT,20121207,92.97,93.1,92.69,92.76,72100
VCSH,20121207,80.49,80.5,80.47,80.49,310800
VDSI,20121207,7.6,7.67,7.49,7.58,261600
VECO,20121207,28.61,29.24,28.44,28.9,307800
VGIT,20121207,66.54,66.57,66.5,66.52,6000
VGLT,20121207,77.42,77.5,77.33,77.43,4000
VGSH,20121207,60.95,61,60.95,60.96,101300
VIA,20121207,53.48,54.36,53.14,54.14,46300
VIAB,20121207,52.54,53.76,52.54,53.55,6133800
VICL,20121207,30.3,30.5,29,29.1,415000
VICR,20121207,5.37,5.5,5.22,5.24,200100
VIRC,20121207,2.63,2.89,2.6,2.6,103500
VISN,20121207,4.6,4.6,4.2,4.6,108900
VIVO,20121207,20.46,20.67,20.33,20.39,102000
VLGEA,20121207,36.47,36.74,35.82,36.2,12300
VMBS,20121207,52.6,52.63,52.49,52.63,36000
VNDA,20121207,3.23,3.27,3.07,3.12,157800
VNET,20121207,9.09,9.09,8.81,8.91,214900
VNQI,20121207,55.01,55.16,54.88,55.1,49800
VOD,20121207,25.99,26,25.82,25.88,9468900
VONE,20121207,65.07,65.17,65.01,65.17,4400
VONG,20121207,67.45,67.45,67.02,67.24,25600
VONV,20121207,63.19,63.3,63.06,63.3,10300
VOXX,20121207,6.5,6.55,6.33,6.44,87100
VRA,20121207,23.58,24.06,22.94,23.89,1071900
VRML,20121207,1.35,1.45,1.31,1.37,204400
VRNT,20121207,27.58,27.81,27.19,27.38,196800
VRSK,20121207,48.86,49.58,48.86,49.51,486700
VRSN,20121207,36.78,36.78,35.84,36.28,5595500
VRTB,20121207,5.68,5.76,5.4,5.52,3000
VRTS,20121207,115.64,116.5,115.45,116.21,45900
VRTU,20121207,15.63,15.63,15.14,15.23,58000
VRTX,20121207,39.27,39.3,38.7,38.88,2462800
VSAT,20121207,38.62,38.84,38.09,38.22,127300
VSEC,20121207,11.5,11.5,11.195,11.245,14700
VSTM,20121207,6.69,6.79,6.61,6.74,2400
VTHR,20121207,65.03,65.03,65.03,65.03,700
VTIP,20121207,50.21,50.21,50.17,50.21,64200
VTWG,20121207,67.48,67.52,67.48,67.52,1000
VTWO,20121207,66.07,66.07,65.66,65.78,6800
VTWV,20121207,63.74,63.85,63.74,63.85,1900
VVUS,20121207,11.01,11.15,10.32,10.54,3490400
VXUS,20121207,45.92,45.99,45.75,45.98,110600
WABC,20121207,42.17,42.17,41.68,42,44300
WAFD,20121207,16.15,16.26,15.89,16.18,459300
WAFDW,20121207,3.93,3.93,3.93,3.93,0
WASH,20121207,25.79,26.28,25.35,25.94,36600
WAYN,20121207,9.29,9.3,9.29,9.3,1600
WBKC,20121207,17.51,17.51,17.5,17.5,1900
WBMD,20121207,14.19,14.19,13.74,13.79,218200
WDC,20121207,37.26,37.7,36.86,37.6,4353900
WDFC,20121207,46.79,46.79,46.39,46.42,21300
WEBK,20121207,15.02,15.9,15.02,15.9,1500
WEN,20121207,4.8,4.8,4.67,4.71,2910400
WERN,20121207,21.73,21.77,21.38,21.53,676900
WETF,20121207,6.09,6.19,6.01,6.14,511100
WEYS,20121207,23.66,23.66,23.28,23.48,13300
WFM,20121207,45.85,45.855,45.21,45.295,992400
WHF,20121207,14.11,14.24,14.04,14.11,163400
WHLR,20121207,5.97,5.97,5.97,5.97,200
WIFI,20121207,7,7,6.82,7,94100
WILC,20121207,4.77,4.77,4.77,4.77,0
WILN,20121207,4.99,4.99,4.95,4.97,2200
WIN,20121207,8.49,8.5,8.33,8.35,5455200
WINA,20121207,57.02,57.73,56.2,56.46,7900
WIRE,20121207,31.5,31.5,30.98,31.19,32200
WLB,20121207,9.96,10.08,9.85,10.08,21100
WLDN,20121207,2.15,2.2,2.14,2.15,21100
WLFC,20121207,14,14,13.78,13.79,30400
WMAR,20121207,10.4,10.4,10.25,10.28,5700
WMGI,20121207,20.66,20.73,20.35,20.46,284500
WOOD,20121207,43.36,43.39,43.13,43.37,23400
WOOF,20121207,20.73,20.81,20.52,20.8,363300
WPCS,20121207,78.54,78.54,66.22,69.3,71100
WPPGY,20121207,69.7,69.82,69.27,69.6,26800
WPRT,20121207,28,28.2,26.83,27.43,872500
WRLD,20121207,73.9,74.21,73.56,74.08,103500
WSBC,20121207,21.34,21.55,20.99,21.32,30300
WSBF,20121207,6.4,6.49,5.93,6.31,40000
WSCI,20121207,7.06,7.06,7.06,7.06,300
WSFS,20121207,14.19,14.19,13.8167,13.94,26500
WSFSL,20121207,25.74,25.75,25.74,25.75,5100
WSTG,20121207,10.82,10.89,10.78,10.81,13300
WSTL,20121207,1.97,1.98,1.94,1.96,63400
WTBA,20121207,10.41,10.41,10.21,10.22,9900
WTFC,20121207,36.46,36.79,36.25,36.39,118800
WTFCW,20121207,17.2,17.2,17.2,17.2,0
WVFC,20121207,8.23,8.23,8.23,8.23,100
WVVI,20121207,3.65,3.75,3.64,3.74,1000
WWD,20121207,36.2,36.57,35.93,36.36,163400
WYNN,20121207,111.75,112.63,109.13,110.26,1108400
XBKS,20121207,4.59,4.64,4.5,4.64,700
XLNX,20121207,34.55,34.88,34.37,34.86,1746100
XOMA,20121207,56,57.6,55.6,56,261700
XPLR,20121207,4.5,5.24,4.5,4.82,105500
XRAY,20121207,39.2,39.54,39.16,39.28,338500
XXIA,20121207,15.62,15.86,15.3,15.63,518400
YHOO,20121207,19.16,19.3,19.06,19.2,19160000
YNDX,20121207,21.94,23.5,21.91,22.96,2315700
YOD,20121207,2.02,2.2,2,2.18,2700
YORW,20121207,17.3,17.39,17.16,17.26,21600
YRCW,20121207,7,7,6.92,6.99,15100
YY,20121207,12.25,12.68,12,12.18,252200
Z,20121207,26.99,27.96,26.7,27.69,920700
ZAGG,20121207,7.14,7.18,6.92,6.97,371600
ZBRA,20121207,39.84,40,39.25,39.48,55500
ZEUS,20121207,18.47,18.47,18.11,18.29,17000
ZGNX,20121207,18.88,18.88,18.88,18.88,0
ZION,20121207,19.5,19.88,19.31,19.84,4595900
ZIONW,20121207,2.45,2.54,2.45,2.54,15600
ZIOP,20121207,4.14,4.14,3.99,3.99,395100
ZIXI,20121207,2.74,2.74,2.65,2.72,383400
ZLTQ,20121207,4.28,4.58,4.28,4.53,75300
ZN,20121207,1.82,1.88,1.81,1.83,49200
ZNGA,20121207,2.55,2.6,2.51,2.55,24657700
ZUMZ,20121207,21.01,21.1,20.58,20.79,264600
