<ticker>,<date>,<open>,<high>,<low>,<close>,<vol>
AAME,20120322,2.82,2.88,2.65,2.84,1800
AAON,20120322,9.0133,9.1067,8.84,9.04,37200
AAPL,20120322,85.3971,86.3571,85.0757,85.62,22290400
AAWW,20120322,48.68,48.68,47.22,48.14,493700
AAXJ,20120322,56.43,56.48,56,56.22,248800
ABAX,20120322,28.24,28.37,27.7,28.31,41800
ABCB,20120322,13.04,13.2,13.01,13.08,54000
ABCD,20120322,2.74,2.74,2.68,2.71,8600
ABCO,20120322,41.895,43.03,41.895,42.81,65800
ABIO,20120322,39.9,39.9,37.8,39.48,52300
ABMD,20120322,22.92,23.24,22.74,22.99,543300
ABTL,20120322,5,5,4.7,4.85,87600
ACAD,20120322,2.26,2.3,2.21,2.27,1168600
ACAS,20120322,9,9.01,8.86,8.88,1981600
ACAT,20120322,40.43,40.92,40.25,40.78,114100
ACET,20120322,9.36,9.42,9.31,9.39,130600
ACFC,20120322,2.5,2.5,2.5,2.5,0
ACGL,20120322,36.54,36.71,36.1,36.13,614400
ACHC,20120322,16.12,16.28,15.8,15.9,133700
ACHN,20120322,10.42,10.52,9.85,9.93,677700
ACIW,20120322,13.1333,13.2333,13.0167,13.12,309100
ACLS,20120322,6.88,7.16,6.72,7.16,457600
ACNB,20120322,14.5,14.54,14.25,14.36,3200
ACOR,20120322,26.42,26.73,26.07,26.57,181800
ACPW,20120322,4.15,4.4,4.1,4.4,285400
ACRX,20120322,3.4,3.4,3.4,3.4,0
ACTG,20120322,39.51,40.35,39.02,39.92,233800
ACTS,20120322,1.72,1.74,1.69,1.72,14400
ACUR,20120322,3.92,4.03,3.8,3.9,79000
ACWI,20120322,46.61,46.77,46.47,46.7,794000
ACWX,20120322,40.45,40.62,40.38,40.58,135400
ACXM,20120322,14.44,14.5,14.15,14.44,368900
ADBE,20120322,33.31,33.8,33.22,33.71,5121600
ADES,20120322,12.21,12.295,12,12.08,40600
ADI,20120322,39.77,40.17,39.68,39.82,2231300
ADP,20120322,48.2792,48.4723,48.1388,48.3319,1754800
ADRA,20120322,25.5,25.56,25.49,25.49,2100
ADRD,20120322,20.3,20.4,20.28,20.38,7400
ADRE,20120322,42.2,42.2,41.96,42.13,15600
ADRU,20120322,20,20.04,19.99,20.02,2300
ADSK,20120322,41.08,41.29,40.81,41.1,2950100
ADTN,20120322,30.84,31.06,30.29,30.38,1051400
ADUS,20120322,4.84,5.05,4.83,5.05,16900
AEGN,20120322,17.76,18.11,17.46,17.82,158400
AEGR,20120322,14.01,14.57,13.92,14,64400
AEHR,20120322,0.74,0.74,0.74,0.74,100
AEIS,20120322,13.18,13.18,12.81,13.05,382500
AEPI,20120322,33.3,33.55,32.55,32.92,6400
AETI,20120322,5.09,5.12,5.06,5.11,3000
AEY,20120322,2.42,2.46,2.31,2.4,7000
AEZS,20120322,1152,1194,1128,1158,2150300
AFAM,20120322,24.63,25.2,24.3,24.93,93100
AFSI,20120322,13.06,13.16,13,13.155,138700
AGEN,20120322,5.93,5.95,5.74,5.84,176800
AGII,20120322,29.47,29.9,29.37,29.8,107600
AGNC,20120322,29.47,29.55,29.25,29.31,3455200
AGYS,20120322,8.83,9.32,8.81,9.24,49100
AHGP,20120322,48.67,48.92,48.25,48.31,55200
AHPI,20120322,3.36,3.47,3.26,3.28,2200
AIMC,20120322,19.02,19.2,18.61,18.82,373600
AINV,20120322,6.93,6.94,6.81,6.84,1842400
AIRM,20120322,29.4033,29.7767,29.3667,29.7,41400
AIRT,20120322,9.39,9.55,9.39,9.52,5700
AIXG,20120322,17.28,17.38,17,17.15,164200
AKAM,20120322,36.63,36.9,36.24,36.46,1952400
AKRX,20120322,11.95,12.34,11.79,12.34,580400
ALCO,20120322,23.1,23.28,22.54,22.81,11000
ALGN,20120322,26.71,26.71,25.98,26.13,299000
ALGT,20120322,51.25,51.93,51.11,51.89,112200
ALIM,20120322,3.3,3.67,3.29,3.49,301800
ALKS,20120322,16.29,16.59,16.06,16.58,981700
ALLT,20120322,21.24,21.52,21.1,21.41,320800
ALNY,20120322,11.32,11.35,11,11.3,299100
ALOG,20120322,64.98,65.23,63.96,65.16,64000
ALOT,20120322,8.51,8.52,8.5,8.5,1400
ALSK,20120322,3.35,3.36,3.3,3.36,586900
ALXN,20120322,92.34,94.22,91.64,94.02,1565900
AMAG,20120322,15.9,15.98,15.64,15.78,60700
AMAT,20120322,12.66,12.7,12.46,12.65,14911600
AMCC,20120322,6.99,6.99,6.79,6.86,281500
AMCN,20120322,3.5,3.55,3.33,3.49,156500
AMCX,20120322,44.79,45.39,44.6,44.75,275400
AMD,20120322,7.97,8.04,7.9,8.03,9352200
AMED,20120322,13.97,14.18,13.93,14.07,377800
AMGN,20120322,66.81,66.85,66.31,66.62,6084900
AMKR,20120322,6.3,6.35,6.19,6.26,640000
AMNB,20120322,21.22,21.27,21,21.24,20400
AMOT,20120322,7.26,7.48,7.15,7.3,44300
AMOV,20120322,23.75,23.81,23.64,23.64,5500
AMRB,20120322,7.32,7.32,7.1,7.13,3300
AMRI,20120322,2.68,2.72,2.66,2.71,104700
AMRN,20120322,12.21,12.33,11.6,11.91,7156900
AMRS,20120322,5.22,5.4,5.11,5.28,288100
AMSC,20120322,42.6,42.6,40.6,41.5,192200
AMSF,20120322,23.72,23.9,23.49,23.75,29300
AMSG,20120322,26.72,27.02,26.58,26.92,117200
AMSWA,20120322,9.11,9.22,8.89,8.97,77000
AMTD,20120322,20.35,20.39,19.97,20.03,3723600
AMWD,20120322,17.07,17.52,16.98,17.49,23900
AMZN,20120322,190.54,194.06,190.26,192.4,3740200
ANAT,20120322,73.22,73.42,72.82,72.82,9700
ANCB,20120322,9,9,8.84,8.84,600
ANCX,20120322,10.45,10.7,10.39,10.66,14000
ANDAU,20120322,10,10,9.97,9.97,9400
ANDE,20120322,32.2333,32.4467,31.7667,32.1133,94200
ANGI,20120322,16.49,17.07,16.49,17.04,173400
ANGO,20120322,12.47,12.62,12.44,12.51,62900
ANIK,20120322,12.92,12.92,12.39,12.54,37900
ANSS,20120322,64.75,65.01,63.8,64.83,271100
ANTH,20120322,22.72,22.72,19.2,19.92,2098100
AOSL,20120322,9.93,10.04,9.83,10.03,20700
APEI,20120322,39.15,39.35,38.39,38.56,134500
APOG,20120322,13.18,13.36,12.98,13.15,41200
APOL,20120322,42.62,43.17,42.62,42.99,1603500
APPY,20120322,37.44,37.44,35.52,36,33000
APRI,20120322,30,30.5,29.2,29.4,361000
APWC,20120322,3.34,3.55,3.34,3.47,12500
ARAY,20120322,6.87,6.96,6.74,6.94,288500
ARCC,20120322,16.21,16.25,16.1,16.11,1159100
ARCI,20120322,4.51,4.65,4.25,4.44,17500
ARCW,20120322,1.24,1.24,1.24,1.24,200
AREX,20120322,36.06,36.35,35.25,35.76,393400
ARIA,20120322,15.1,15.68,15,15.68,3261400
ARII,20120322,25.06,25.06,24.27,24.63,53700
ARKR,20120322,16.25,16.31,16.06,16.06,7900
ARLP,20120322,33.51,33.67,33.3,33.36,67500
ARNA,20120322,1.99,2.1,1.98,2.04,5603100
AROW,20120322,24.23,24.4,24.02,24.17,13300
ARQL,20120322,7.06,7.22,7.05,7.21,299500
ARRS,20120322,10.99,10.99,10.79,10.95,708100
ARRY,20120322,3.14,3.25,3.12,3.25,1060500
ARTNA,20120322,18.96,19.1,18.8,18.96,12400
ARTW,20120322,7.25,7.27,6.66,6.76,11200
ARTX,20120322,1.25,1.25,1.22,1.23,12300
ARWR,20120322,6,6,5.77,5.91,12500
ASBB,20120322,12.37,12.37,12.37,12.37,0
ASCMA,20120322,50.08,50.08,49.05,49.76,24700
ASFI,20120322,8.03,8.1,7.84,8.02,11400
ASML,20120322,47.6,48,47.44,47.8,1834800
ASNA,20120322,21.9,22.285,21.82,22.025,1217000
ASPS,20120322,64,64.01,62,63.52,107900
ASRV,20120322,2.75,2.8,2.65,2.65,13800
ASRVP,20120322,26.1,26.15,26.1,26.15,800
ASTC,20120322,0.78,0.78,0.75,0.77,4300
ASTE,20120322,36.83,36.9,35.5,36.16,65600
ASUR,20120322,5.5467,5.72,5.4133,5.4133,4900
ASYS,20120322,8.42,8.63,8.3,8.62,56800
ATAI,20120322,6.34,7,6.31,6.33,600
ATAX,20120322,5.43,5.5,5.41,5.48,51300
ATEC,20120322,24.84,25.68,24.72,25.44,153800
ATHN,20120322,74.25,75.3,73.62,75.12,401200
ATHX,20120322,1.69,1.75,1.65,1.73,27500
ATLO,20120322,22.4,22.6,22.17,22.59,2500
ATNI,20120322,38.1,38.75,37.17,37.36,38900
ATRC,20120322,9.57,9.62,8.96,9.1,70600
ATRI,20120322,209,213.7,209,212.23,1600
ATRO,20120322,28.3667,28.7,28.0333,28.6667,37600
ATSG,20120322,5.63,5.69,5.58,5.67,159100
ATVI,20120322,12.5,12.95,12.5,12.73,15532200
AUBN,20120322,21,21,21,21,0
AUDC,20120322,3.62,3.63,3.46,3.51,60000
AVAV,20120322,26.64,26.79,26.41,26.71,310600
AVEO,20120322,12.54,12.64,12.1,12.19,112400
AVGO,20120322,38.18,38.34,37.86,37.95,1967900
AVHI,20120322,11.39,11.39,10.93,11.2,36200
AVID,20120322,11.02,11.12,10.84,10.89,113000
AVNW,20120322,33.6,34.8,32.76,34.32,116400
AWRE,20120322,3.77,4.08,3.7,4.08,11000
AXAS,20120322,3.16,3.18,3.06,3.11,1530900
AXTI,20120322,6.19,6.58,6.16,6.49,550000
AZPN,20120322,20.87,20.88,20.32,20.4,489400
BABY,20120322,11.86,11.97,11.65,11.85,88700
BANF,20120322,41.48,41.72,41.35,41.59,9500
BANFP,20120322,28.34,28.34,28.34,28.34,0
BANR,20120322,22.25,22.66,22.03,22.11,243600
BASI,20120322,1.25,1.25,1.24,1.24,10100
BBBY,20120322,66.2,66.72,65.61,65.73,2693600
BBGI,20120322,4.11,4.12,3.93,3.93,4800
BBOX,20120322,24.67,25,24.34,24.58,123700
BBRG,20120322,19.07,19.52,18.87,19.52,72000
BBRY,20120322,13.84,14.39,13.66,13.78,16602700
BBSI,20120322,18.9,19.26,18.8,19.12,13000
BCBP,20120322,10,10.12,9.86,9.86,18100
BCOM,20120322,9.33,9.37,9.3,9.37,1000
BCOV,20120322,19.65,20.92,18.51,20.37,151300
BCPC,20120322,29.1,29.2,28.22,28.54,164500
BCRX,20120322,5.18,5.3,5.18,5.28,291000
BDE,20120322,9.6,9.73,9.4,9.63,50200
BDGE,20120322,21.01,21.05,20.33,20.43,7400
BDSI,20120322,2.07,2.13,2.02,2.11,133800
BEAT,20120322,3.09,3.09,3.03,3.09,34600
BEAV,20120322,46.54,46.78,46.04,46.64,527500
BEBE,20120322,9.28,9.35,9.18,9.29,194900
BECN,20120322,24.61,25.32,24.46,25.31,552900
BELFA,20120322,19.42,19.42,19.42,19.42,100
BELFB,20120322,18.49,18.56,17.76,17.99,18400
BFIN,20120322,6.63,6.73,6.6,6.71,26800
BGCP,20120322,7.38,7.44,7.33,7.4,916400
BGFV,20120322,8.01,8.11,7.98,8.04,34600
BIB,20120322,11.4375,11.5563,11.3263,11.5563,2700
BICK,20120322,26.49,26.49,26.26,26.31,14700
BIDU,20120322,139.13,144.96,139,143.72,7963400
BIIB,20120322,119.28,120.96,119,120.71,711400
BIOC,20120322,16.89,17.01,16.77,16.8,5000
BIOS,20120322,6.55,6.61,6.5,6.55,124100
BIS,20120322,96.24,96.24,96.24,96.24,200
BJRI,20120322,47.08,47.92,46.87,47.85,221100
BKCC,20120322,9.75,9.79,9.54,9.7,387100
BKEP,20120322,6.82,7.01,6.8,6.97,18900
BKEPP,20120322,8.6,8.75,8.6,8.65,17100
BKMU,20120322,4.13,4.13,4.03,4.05,51100
BKSC,20120322,11.3,11.3,11.1,11.25,800
BLDP,20120322,1.54,1.56,1.5,1.51,195900
BLDR,20120322,4.37,4.41,3.94,3.96,835500
BLIN,20120322,4.5,5.6,4.5,5.1,697900
BLKB,20120322,32.28,32.61,32.07,32.56,121300
BLMT,20120322,11.13,11.2,11.05,11.17,3300
BLRX,20120322,2.91,2.96,2.69,2.75,95700
BMRC,20120322,37.38,38.02,36.71,37.47,14900
BMRN,20120322,34.12,35.06,34.01,34.65,1355500
BMTC,20120322,21.87,22.01,21.65,21.95,9600
BNCL,20120322,8.84,8.86,8.71,8.76,27600
BNCN,20120322,7.39,7.4,7.3,7.3,3900
BNSO,20120322,1.22,1.22,1.22,1.22,0
BOBE,20120322,37.4,37.9,37.3,37.52,121300
BOCH,20120322,4.24,4.32,4.19,4.32,39500
BOFI,20120322,4.2625,4.2775,4.2125,4.2575,19700
BOKF,20120322,56.44,56.62,55.73,56.21,49900
BONT,20120322,8.45,8.75,8.44,8.63,232100
BOOM,20120322,21.47,21.47,20.94,21.25,32200
BOSC,20120322,4.08,4.64,4.08,4.64,2100
BOTJ,20120322,5.95,6,5.95,5.95,5000
BPFH,20120322,10.18,10.25,9.94,10,468900
BPFHW,20120322,4.48,4.67,4.45,4.67,12100
BPOP,20120322,21,21.4,20.6,20.9,5828900
BPOPM,20120322,19.8,19.8,19.54,19.62,1200
BPOPN,20120322,21.45,21.54,21.45,21.45,600
BRCD,20120322,5.62,5.68,5.6,5.66,2865900
BREW,20120322,6,6.74,6,6.54,30300
BRID,20120322,8.59,8.6,8.41,8.46,5100
BRKL,20120322,9.38,9.44,9.3,9.38,176900
BRKR,20120322,15.02,15.15,14.91,15,475600
BRKS,20120322,12.02,12.13,11.93,12.03,198300
BSET,20120322,8.75,8.84,8.75,8.83,24400
BSFT,20120322,39.24,39.48,38.6,39.13,333400
BSPM,20120322,15.75,16.38,15.75,15.75,117500
BSQR,20120322,3.4,3.46,3.33,3.41,21900
BSRR,20120322,9.74,9.74,9.6,9.63,8100
BSTC,20120322,15.95,16.02,15.8,15.92,11500
BUR,20120322,6.45,6.45,6.45,6.45,0
BUSE,20120322,4.87,4.89,4.76,4.82,120100
BV,20120322,18.01,18.44,18.01,18.11,51300
BVSN,20120322,35.5,36.45,33.01,33.7,626800
BWEN,20120322,5.1,5.2,4.9,5,389500
BWINA,20120322,22.75,22.75,22.75,22.75,0
BWINB,20120322,22.1,22.33,21.95,22.09,8500
BWLD,20120322,86.75,88.65,86.74,88.1,387000
BYFC,20120322,1.36,1.36,1.36,1.36,0
CA,20120322,26.89,27.14,26.83,27.1,3082200
CAAS,20120322,7.1,7.59,7.05,7.41,302200
CAC,20120322,35.44,35.6,33.83,33.91,8200
CACB,20120322,5.81,5.86,5.65,5.65,9200
CACC,20120322,101.97,104.49,101.53,102.22,67600
CADC,20120322,28.68,28.68,28.56,28.68,22600
CAKE,20120322,30.5,30.78,29.91,30.18,1823200
CALD,20120322,7.97,8.06,7.85,7.96,248300
CALI,20120322,6.24,6.24,6.24,6.24,300
CALL,20120322,26.01,28.2,26,26.45,227200
CALM,20120322,20.37,20.575,20.3,20.575,113800
CAMP,20120322,5,5.02,4.94,4.96,30700
CAMT,20120322,2.44,2.44,2.35,2.37,4700
CAR,20120322,14.24,14.52,14.13,14.46,1555100
CARB,20120322,9.65,9.77,9.41,9.7,109600
CART,20120322,2.28,2.3,2.17,2.17,3500
CARV,20120322,7.72,7.72,7.72,7.72,0
CARZ,20120322,27.49,27.49,27.48,27.48,300
CASH,20120322,20.45,20.51,20.43,20.45,1000
CASM,20120322,2.07,2.18,1.96,2.06,10600
CASS,20120322,39.52,39.53,38.88,39.12,5900
CASY,20120322,53.47,53.62,53.15,53.62,179700
CATM,20120322,26.58,26.89,26.38,26.8,176100
CATY,20120322,17.81,17.86,17.33,17.45,408200
CAVM,20120322,33.33,33.74,32.65,32.89,728900
CBAK,20120322,4.3,4.35,3.95,4.1,388100
CBAN,20120322,3.82,3.82,3.82,3.82,800
CBLI,20120322,57.4,58,56.2,57,124200
CBMX,20120322,262.5,262.5,235.5,244.5,1100
CBOE,20120322,28.86,29.15,28.77,29.02,858300
CBPO,20120322,8.92,9.14,8.91,9.01,8600
CBRL,20120322,55.93,56.82,55.61,55.73,242100
CBSH,20120322,40.38,40.38,39.73,40.08,175000
CCBG,20120322,7.52,7.55,7.5,7.5,11000
CCCL,20120322,33.6,33.6,32,32.64,16600
CCIH,20120322,5.88,6.14,5.81,6.12,156000
CCMP,20120322,39.53,39.54,38.83,39.31,91400
CCNE,20120322,16.54,16.61,16.25,16.43,12600
CCOI,20120322,19.05,19.31,19.04,19.25,251500
CCRN,20120322,5.1,5.15,5,5.01,160600
CCUR,20120322,3.63,3.67,3.6,3.62,21400
CCXI,20120322,10.11,10.59,9.91,10.46,17400
CDNS,20120322,12.09,12.16,12.01,12.12,1558900
CDTI,20120322,19.45,20.3,19.25,19.55,314200
CDXS,20120322,3.75,3.81,3.65,3.72,131200
CDZI,20120322,9.9,10,9.46,9.54,17100
CECE,20120322,8.4,8.4,8.07,8.29,15400
CECO,20120322,8.44,8.67,8.44,8.66,1039900
CELG,20120322,37.7,38.19,37.52,38.085,2497100
CELGZ,20120322,1.69,1.92,1.69,1.78,2700
CEMP,20120322,7.4,7.5,7.39,7.5,8400
CENT,20120322,8.88,8.96,8.83,8.96,24100
CENTA,20120322,9.07,9.2,9.06,9.18,84800
CENX,20120322,9.2,9.24,8.91,9.11,1648300
CERN,20120322,37.985,38.44,37.65,38.305,679700
CERS,20120322,4.2,4.28,4.1,4.21,612200
CETV,20120322,7.32,7.42,7.18,7.22,305500
CEVA,20120322,21.81,22.2,21.81,22.17,213900
CFBK,20120322,4.3,4.3,4.3,4.3,0
CFFI,20120322,29.5,30.08,29.4,30.08,3700
CFFN,20120322,11.79,11.9,11.69,11.88,625300
CFNB,20120322,15.12,15.37,15.12,15.27,700
CFNL,20120322,11.26,11.31,11.02,11.12,42700
CGEN,20120322,5.79,5.89,5.79,5.81,25700
CGNX,20120322,21.425,21.56,21.05,21.26,232000
CHCI,20120322,1.93,1.94,1.8,1.84,40600
CHCO,20120322,34.68,34.82,34.09,34.46,24400
CHDN,20120322,57.48,57.7,56.68,57.08,83100
CHEF,20120322,21.2,21.7,20.93,21.69,37400
CHFC,20120322,22.53,22.68,22.38,22.64,33900
CHFN,20120322,9.16,9.16,8.94,9.01,4100
CHKE,20120322,10.91,10.96,10.8,10.92,20500
CHKP,20120322,61.21,62.06,60.77,62,911400
CHNR,20120322,8.31,8.31,7.96,7.96,1500
CHRS,20120322,5.89,6.05,5.8,5.89,1487200
CHRW,20120322,64.36,64.64,63.62,64.5,960400
CHSCP,20120322,29.7,29.7,29.46,29.5,12000
CHTR,20120322,63.86,64.76,63.58,64.63,316100
CIDM,20120322,16.8,17.2,16.8,16.8,24600
CINF,20120322,34.89,34.91,34.68,34.76,682500
CISG,20120322,6.63,6.7,6.53,6.55,117800
CIZN,20120322,18.96,18.96,18.96,18.96,0
CJJD,20120322,1.29,1.29,1.23,1.23,1800
CKEC,20120322,12.31,12.9,12.2,12.76,159300
CLBH,20120322,4.15,4.2,4.1,4.1,600
CLCT,20120322,17.25,17.25,16.59,16.66,19500
CLDX,20120322,4.91,4.93,4.73,4.84,784900
CLFD,20120322,5.51,5.55,5.39,5.44,43700
CLMS,20120322,12.71,13.02,12.7,12.85,55600
CLMT,20120322,25.36,25.89,25.18,25.27,195100
CLNE,20120322,23.73,23.8,22.3,23.27,3863700
CLNT,20120322,2.18,2.2,2.16,2.17,4900
CLRO,20120322,4.48,4.6,4.45,4.58,12200
CLSN,20120322,1.94,1.99,1.83,1.87,412900
CLUB,20120322,12.15,12.35,12.09,12.28,51600
CLVS,20120322,25.52,25.86,24.95,25,60900
CLWT,20120322,4.18,4.28,4.15,4.28,2600
CMCO,20120322,16.75,16.81,16.13,16.33,45100
CMCSA,20120322,29.6,29.9,29.53,29.89,12140200
CME,20120322,59.41,59.588,58.662,59.15,532200
CMLS,20120322,29.2,29.2,28.32,28.8,330600
CMTL,20120322,32.23,32.68,32.19,32.62,123000
CNBKA,20120322,26.9,27.26,26.9,26.97,900
CNET,20120322,0.99,1.05,0.99,1.01,7300
CNIT,20120322,1.29,1.31,1.22,1.25,191500
CNMD,20120322,29.52,29.71,29.25,29.66,83600
CNOB,20120322,10.01,10.05,9.94,10.03,14400
CNSL,20120322,19.65,19.69,19.51,19.59,87100
CNTF,20120322,7.75,8,7.6,7.75,105100
CNTY,20120322,2.97,3.03,2.91,3.01,21300
COBZ,20120322,6.6,6.78,6.52,6.76,55900
COHR,20120322,57.2,57.76,56.85,57.3,67000
COHU,20120322,11.96,11.96,11.4,11.55,26600
COKE,20120322,61.83,62.42,61.18,61.6,21600
COLB,20120322,22.72,22.84,22.29,22.58,155200
COLM,20120322,24.195,24.325,23.99,24.12,89400
CONN,20120322,15.65,15.9,15.36,15.84,245500
COOL,20120322,108.78,111.3,106.26,109.2,402500
CORE,20120322,9.63,9.8625,9.63,9.8275,37000
CORT,20120322,3.88,4.06,3.83,4.04,297900
COST,20120322,90.2,91.09,90.05,90.5,1499200
COWN,20120322,2.74,2.81,2.73,2.8,200400
CPHC,20120322,10.46,10.47,10.11,10.38,2200
CPIX,20120322,7.68,7.7,7.45,7.59,100900
CPLA,20120322,38.17,38.37,37.47,37.73,102400
CPLP,20120322,7.74,7.81,7.7,7.74,107500
CPRT,20120322,26.15,26.425,26.065,26.37,133900
CPRX,20120322,1.08,1.08,1.05,1.05,30500
CPSI,20120322,58.04,58.77,57.56,57.64,120200
CPSS,20120322,1.54,1.54,1.34,1.34,20700
CPST,20120322,22.4,22.4,21.4,21.6,1579900
CRAI,20120322,24.57,24.9,24.54,24.74,22300
CRAY,20120322,7.18,7.32,7.09,7.28,215300
CRDS,20120322,113.6,114.2,110.4,112.8,6100
CREE,20120322,31.1,31.2,30.17,30.48,2350200
CREG,20120322,12.5,12.5,12,12.3,8800
CRESY,20120322,13.08,13.08,12.9,12.93,107100
CRIS,20120322,4.53,4.62,4.5,4.57,418800
CRME,20120322,4.05,4.25,3.85,3.95,1585600
CRMT,20120322,45.47,46.36,45.25,46.21,44200
CRNT,20120322,9.43,9.45,9.37,9.43,96100
CROX,20120322,20.08,21.12,19.99,20.73,3464900
CRUS,20120322,24.22,24.49,24.1,24.33,1293900
CRVL,20120322,20.215,20.285,20.08,20.275,21100
CRWS,20120322,4.16,4.26,4.16,4.2,4400
CRZO,20120322,30.13,30.36,28.61,29.05,1278100
CSBK,20120322,9.9,10.06,9.9,10,11200
CSCO,20120322,20.35,20.57,20.27,20.38,32213100
CSFL,20120322,7.49,7.6,7.44,7.5,48100
CSGP,20120322,66.5,67.4,66.5,67.27,135400
CSGS,20120322,15.67,15.74,15.46,15.62,277100
CSII,20120322,8.85,9.13,8.85,9.12,31200
CSIQ,20120322,3.31,3.47,3.27,3.33,485000
CSOD,20120322,20.27,20.36,20.17,20.32,87700
CSPI,20120322,4.04,4.12,4.04,4.04,500
CSTE,20120322,10.99,11.52,10.7,11.11,4904000
CSTR,20120322,61.68,61.95,60.19,61,704200
CSWC,20120322,23.75,23.81,23.6,23.81,1400
CSX,20120322,21.54,21.54,20.85,21.02,12029300
CTAS,20120322,38.8,39.61,38.72,39.6,893000
CTBI,20120322,30.83,31.02,30.32,30.88,49600
CTHR,20120322,4.36,4.63,4.28,4.61,11000
CTIB,20120322,4.45,4.51,4.45,4.45,500
CTIC,20120322,6.5,6.55,6.3,6.4,1148000
CTRN,20120322,11.75,11.93,11.73,11.79,51300
CTRP,20120322,11.475,11.56,11.28,11.35,2958900
CTSH,20120322,38.09,38.27,37.875,38.185,2004100
CTWS,20120322,27.77,28.6,27.75,28.25,24200
CTXS,20120322,77.54,78.55,77.13,78.46,1229100
CUBA,20120322,6.93,7.06,6.93,7.06,2300
CUI,20120322,4.85,4.9,4.75,4.8,16600
CUTR,20120322,9.02,9.02,8.83,8.93,17900
CVBF,20120322,11.56,11.66,11.41,11.49,1442000
CVCO,20120322,44.37,45,43.87,44.98,13200
CVCY,20120322,6.8,6.85,6.76,6.76,2800
CVGI,20120322,11.47,11.6,11.22,11.31,255100
CVGW,20120322,26.74,27.05,26.56,27,39400
CVLT,20120322,51.4,51.52,50.56,50.7,264600
CVLY,20120322,10.8,10.8,10.8,10.8,0
CVTI,20120322,3.25,3.3,3.23,3.26,19100
CVV,20120322,12.29,12.43,12.1,12.34,75800
CWBC,20120322,2.65,2.65,2.65,2.65,0
CWCO,20120322,7.56,7.74,7.55,7.63,56500
CWST,20120322,6.28,6.34,6.22,6.34,71400
CXDC,20120322,5.2,5.23,5.11,5.18,160700
CY,20120322,15.37,15.51,15.16,15.28,2399700
CYAN,20120322,10.81,10.81,10.31,10.58,51800
CYBE,20120322,9,9.07,8.85,8.96,1600
CYCC,20120322,53.76,57.12,52.92,53.76,185400
CYCCP,20120322,2.81,2.81,2.81,2.81,0
CYNO,20120322,17.5,17.95,17.5,17.95,9300
CYOU,20120322,26.72,27.35,26.72,27.05,60800
CYTK,20120322,7.14,7.2,6.96,7.02,140000
CYTR,20120322,2.52,3.15,2.38,2.73,6042400
CYTX,20120322,39,40.5,38.4,39.75,406000
CYTXW,20120322,1.4,1.4,1.4,1.4,0
CZFC,20120322,7.93,7.93,7.93,7.93,0
CZNC,20120322,20.39,20.48,19.45,19.55,10800
CZR,20120322,12.52,12.61,12.38,12.55,163200
CZWI,20120322,6.05,6.15,5.98,6.01,14400
DAIO,20120322,3.94,3.94,3.75,3.75,2000
DAKT,20120322,8.53,8.69,8.5,8.64,109300
DAVE,20120322,11.5,11.5,11.41,11.41,5500
DCIX,20120322,49.36,50,48.64,48.96,134100
DCOM,20120322,14.39,14.65,14.3,14.55,68900
DCTH,20120322,51.36,52.32,49.28,50.24,398700
DENN,20120322,4.11,4.18,4.1,4.15,192000
DEPO,20120322,6.23,6.28,6.13,6.21,239900
DEST,20120322,18.38,18.9,18.38,18.85,64700
DFVS,20120322,44.05,44.05,44.05,44.05,100
DGAS,20120322,18.88,19.2,18.88,19,4000
DGICA,20120322,13.23,13.44,13.19,13.32,10100
DGICB,20120322,17.37,17.37,17.37,17.37,0
DGII,20120322,10.84,11.12,10.84,11.07,56200
DGLY,20120322,0.42,0.48,0.42,0.45,57500
DHIL,20120322,73.5,73.98,73,73.49,4300
DHRM,20120322,2.9,2.99,2.84,2.84,8600
DIOD,20120322,23.6,24.15,23.57,23.73,174400
DISCA,20120322,48.1,48.33,47.77,48.18,950400
DISCB,20120322,48.68,48.71,48.68,48.7,300
DISCK,20120322,22.695,23.03,22.695,22.925,435200
DISH,20120322,32.44,35.64,32.2,32.9,8848000
DJCO,20120322,75.52,75.52,75.52,75.52,0
DLBS,20120322,36.01,36.07,35.95,35.99,1400
DLTR,20120322,47.2,47.775,47.17,47.52,753600
DMLP,20120322,25.13,25.66,24.95,25.46,62900
DMRC,20120322,28,28.19,27.98,28.16,5600
DNBF,20120322,13.96,13.96,13.96,13.96,0
DNKN,20120322,31,31.21,30.75,31.09,558400
DORM,20120322,23.125,23.445,23.02,23.25,51300
DRAD,20120322,2.14,2.15,2.09,2.15,15500
DRAM,20120322,12.42,12.42,11.7,12.06,4800
DRRX,20120322,0.78,0.81,0.77,0.78,390200
DRWI,20120322,105.5,107.75,101.75,103.5,191100
DRYS,20120322,5070,5175,4890,4995,7461200
DSCI,20120322,8.86,9.17,8.86,9,11000
DSGX,20120322,8.25,8.26,8.22,8.23,4300
DSPG,20120322,6.46,6.59,6.4,6.49,190700
DSWL,20120322,2.25,2.43,2.23,2.33,3100
DTLK,20120322,9.3,9.7,9.3,9.58,55200
DTSI,20120322,28.85,29.56,28.71,29.5,113800
DTUS,20120322,42.29,42.29,42.29,42.29,0
DTYS,20120322,34.52,34.7,34.43,34.7,220900
DVAX,20120322,45.9,47.1,45.3,46.9,1013100
DWCH,20120322,12.78,13.26,12.66,12.86,47900
DWSN,20120322,34.1,34.2,32.92,33.26,26400
DXCM,20120322,10.41,10.41,10.19,10.27,259400
DXPE,20120322,42.85,43.49,42.57,43.04,44300
DXYN,20120322,4.06,4.06,4.06,4.06,0
DYNT,20120322,3.8,3.95,3.75,3.85,40200
DYSL,20120322,2.1,2.11,1.9,2.05,12000
EA,20120322,16.8,17.12,16.74,16.96,4744500
EAGL,20120322,9.71,9.71,9.71,9.71,0
EAGLU,20120322,10.16,10.17,10.15,10.16,25200
EAGLW,20120322,0.55,0.55,0.55,0.55,0
EBAY,20120322,15.6589,15.8989,15.5789,15.84,7149200
EBIX,20120322,23.4,23.44,22.85,22.97,235700
EBMT,20120322,9.98,10.03,9.98,10.03,800
EBSB,20120322,5.3105,5.4208,5.3105,5.3676,4300
EBTC,20120322,15.85,15.85,15.39,15.4,2100
ECHO,20120322,17.08,17.28,16.74,16.84,99700
ECOL,20120322,20.6,20.6,20.31,20.43,69300
ECPG,20120322,21.45,21.62,20.99,21.01,167300
ECYT,20120322,5.2,5.48,5.05,5.39,809500
EDAP,20120322,2.5,2.5,2.3,2.32,24200
EDGW,20120322,3.48,3.61,3.45,3.6,35100
EDUC,20120322,4.9,4.95,4.85,4.95,1700
EEFT,20120322,19.03,19.43,18.92,19.34,372400
EEI,20120322,15.35,15.35,15,15.21,16200
EEMA,20120322,53.74,53.8,53.74,53.8,700
EFII,20120322,16.19,16.34,16.1,16.3,179900
EFSC,20120322,11.67,11.72,11.42,11.71,19300
EFUT,20120322,4.05,4.09,4.05,4.08,1300
EGAN,20120322,5.75,5.9,5.62,5.88,4200
EGBN,20120322,16.6,16.64,16.4,16.52,33500
EGHT,20120322,3.91,3.94,3.76,3.76,705100
EGLE,20120322,2376,2448,2347.2,2419.2,716200
EGOV,20120322,12.25,12.38,12.15,12.35,195100
EHTH,20120322,15.8,16.06,15.71,16,67900
ELGX,20120322,14.32,14.4,13.97,14.3,481600
ELNK,20120322,7.85,7.95,7.82,7.89,496000
ELON,20120322,46.3,46.3,45.3,45.7,156900
ELOS,20120322,10.84,10.97,10.79,10.82,56300
ELSE,20120322,3.81,3.82,3.77,3.79,2000
ELTK,20120322,1.54,1.58,1.49,1.56,2300
EMCB,20120322,75.1,75.12,75.07,75.12,6300
EMCF,20120322,17.61,17.61,17.61,17.61,100
EMCI,20120322,13.1667,13.1667,12.9867,13.08,8300
EMIF,20120322,33.15,33.21,33.01,33.2,6300
EMITF,20120322,147,147,147,147,0
EMKR,20120322,4.84,4.95,4.67,4.8,173200
EML,20120322,18.66,19.43,18.66,19.43,2100
EMMS,20120322,3.4,3.68,3.4,3.48,163700
ENDP,20120322,35.82,36.89,35.67,36.69,1681500
ENG,20120322,2.12,2.14,2.11,2.13,41400
ENOC,20120322,7.52,7.65,7.49,7.63,404100
ENSG,20120322,13.45,13.67,13.235,13.355,75900
ENTG,20120322,9.36,9.41,9.21,9.28,574300
EPAY,20120322,28.23,28.51,27.99,28.11,129100
EQIX,20120322,142.85,146.2,142.35,146.08,1268100
ERIC,20120322,9.89,9.99,9.87,9.9,3980200
ERIE,20120322,76.39,76.63,75.83,75.92,31100
ERII,20120322,2.21,2.25,2.15,2.15,598600
ESBK,20120322,17.34,17.34,17.34,17.34,0
ESCA,20120322,5.74,5.9,5.71,5.9,4400
ESEA,20120322,2.32,2.36,2.32,2.32,16500
ESGR,20120322,97,97.04,96.1,96.73,7200
ESIO,20120322,14.45,14.52,14.35,14.48,123100
ESLT,20120322,36.85,37.13,36.71,36.71,2100
ESMC,20120322,1.02,1.02,1.02,1.02,0
ESRX,20120322,53.25,53.62,52.79,53.03,5168800
ESSA,20120322,9.45,9.51,9.45,9.48,24600
ETFC,20120322,11.15,11.26,10.92,11.03,3142400
ETRM,20120322,33.3,33.6,32.25,33.6,11400
EUFN,20120322,17.93,18.14,17.89,18.06,16600
EVBS,20120322,3.49,3.6,3.33,3.52,9200
EVEP,20120322,71.06,71.42,69.25,69.32,579200
EVK,20120322,1.6,1.6,1.6,1.6,100
EVOL,20120322,5.67,5.75,5.62,5.62,12400
EWBC,20120322,23.65,23.79,23.3,23.45,811600
EXAC,20120322,16.71,16.8,16.41,16.76,9300
EXAS,20120322,9.61,9.75,9.58,9.7,200300
EXEL,20120322,5.61,5.65,5.46,5.49,1402300
EXFO,20120322,7.46,7.49,7.27,7.34,13500
EXLS,20120322,27.04,27.47,26.97,27.46,84200
EXPD,20120322,46.68,46.76,46.08,46.39,1685800
EXPE,20120322,33.67,34.38,33.54,34.22,1819800
EXPO,20120322,23.865,24.015,23.78,23.93,20700
EXTR,20120322,3.82,3.87,3.78,3.85,404600
EZPW,20120322,31.51,32,31.4,31.98,230200
FALC,20120322,3.51,3.56,3.48,3.53,64400
FARM,20120322,11.55,11.55,11.32,11.48,20700
FARO,20120322,55.85,56.64,54.92,56.61,98600
FAST,20120322,53.74,53.98,53.24,53.71,1980400
FBIZ,20120322,18.68,18.68,18.68,18.68,1100
FBMS,20120322,8.9,8.9,8.9,8.9,0
FBNC,20120322,10.65,10.67,10.25,10.47,25300
FBNK,20120322,13.1,13.24,13.09,13.23,14800
FBRC,20120322,10,10.12,9.92,10,43000
FBSS,20120322,12.45,12.75,12.45,12.5,2600
FCAP,20120322,20.95,20.95,20.95,20.95,100
FCBC,20120322,13.21,13.24,13.05,13.14,17900
FCCO,20120322,7.76,7.81,7.74,7.8,9300
FCCY,20120322,7.85,8.03,7.85,7.98,6400
FCEL,20120322,19.2,19.68,18,18.6,7930300
FCNCA,20120322,181.99,183.28,180.8,182.87,25100
FDEF,20120322,16.43,16.53,16.35,16.42,3700
FDML,20120322,17.38,17.59,17.14,17.45,79900
FDUS,20120322,13.22,13.35,13.09,13.18,20400
FEIM,20120322,8.11,8.59,8.11,8.25,4400
FELE,20120322,24.93,25.03,24.69,24.86,84500
FES,20120322,5.24,5.5,5.13,5.4,10500
FFBC,20120322,17.07,17.07,16.68,16.85,136900
FFBCW,20120322,5.99,5.99,5.99,5.99,0
FFHL,20120322,1.62,1.73,1.62,1.7,33100
FFIC,20120322,13.7,13.78,13.57,13.71,31200
FFIN,20120322,17.45,17.5,17.18,17.325,51700
FFIV,20120322,130.95,132.87,129.5,132.47,1085900
FFKT,20120322,6.04,6.24,6.04,6.15,1600
FFNW,20120322,7.61,7.86,7.61,7.66,3500
FHCO,20120322,5.3,5.35,5.15,5.25,53000
FIBK,20120322,14.6,14.69,14.5,14.69,22400
FINL,20120322,23.89,24.31,23.89,24.18,466700
FISI,20120322,16,16.13,15.62,15.87,28800
FISV,20120322,34.355,34.59,34.225,34.5,467200
FITB,20120322,14.17,14.17,13.95,14.09,18859400
FIZZ,20120322,15.69,15.86,15.68,15.84,18700
FLAT,20120322,56.84,56.93,56.67,56.67,20400
FLDM,20120322,15.72,15.87,15.49,15.81,27500
FLEX,20120322,7.14,7.2,7.03,7.09,2831200
FLIC,20120322,17.6,17.74,17.5333,17.74,37400
FLIR,20120322,25.36,25.59,25.3,25.53,805700
FLML,20120322,5.6,5.6,5.27,5.44,178600
FLWS,20120322,3,3.05,2.96,3.02,46600
FLXS,20120322,17.19,17.27,17.19,17.27,2200
FMBI,20120322,12.07,12.14,11.84,11.94,394900
FMNB,20120322,6.18,6.19,6,6.18,8400
FNGN,20120322,22.26,22.32,21.82,22.3,189200
FNLC,20120322,14.75,14.78,14.51,14.62,8700
FNSR,20120322,18.56,19.06,18.1,18.36,2547700
FOLD,20120322,5.35,5.37,5.15,5.36,58900
FONE,20120322,27.42,27.58,27.4,27.4,2400
FONR,20120322,2.18,2.65,2.18,2.59,358400
FORD,20120322,2.51,2.55,2.44,2.47,33300
FORM,20120322,5.61,5.62,5.35,5.59,342800
FORR,20120322,31.41,31.94,31.37,31.76,101000
FORTY,20120322,16.88,16.97,16.48,16.8,8400
FOSL,20120322,130.7,133.46,130.11,133.12,673700
FRAN,20120322,31.25,32.34,30.95,32.23,387400
FRBK,20120322,2.03,2.04,1.94,1.94,22100
FRED,20120322,14.2,14.44,14.09,14.44,192300
FRME,20120322,11.79,11.94,11.69,11.89,162200
FRP,20120322,3.93,4,3.8,3.86,177600
FSBK,20120322,4.01,4.2,4.01,4.12,6600
FSC,20120322,9.66,9.72,9.58,9.66,698600
FSFG,20120322,17.25,17.25,17.25,17.25,0
FSLR,20120322,26.33,27.35,26.3,26.95,4906300
FSTR,20120322,28.45,28.73,28.06,28.49,58500
FTEK,20120322,5.62,5.67,5.53,5.63,93100
FTNT,20120322,27,27,26.54,26.59,1126000
FTR,20120322,4.33,4.35,4.22,4.27,6809300
FUEL,20120322,1.26,1.3,1.25,1.25,300700
FULT,20120322,10.44,10.49,10.28,10.41,1064100
FUNC,20120322,5.4,5.75,5.4,5.67,27300
FUND,20120322,7.05,7.08,6.98,6.99,32400
FWRD,20120322,35.05,35.05,34.26,34.86,130000
GABC,20120322,20.48,20.48,19.57,20.14,17500
GAIA,20120322,3.97,4.17,3.91,4.13,65700
GAIN,20120322,7.74,7.79,7.7,7.75,37200
GALE,20120322,67.2,70.8,43.4,46.2,32742100
GALT,20120322,5.88,5.988,5.556,5.94,200600
GASS,20120322,6.17,6.23,6.05,6.2,62400
GBCI,20120322,14.68,14.84,14.58,14.78,306600
GBDC,20120322,14.67,14.79,14.59,14.71,52700
GBLI,20120322,18.14,18.33,17.36,18.3,20600
GBNK,20120322,8.85,9.3,8.8,9.25,117100
GCBC,20120322,9.05,9.05,9.05,9.05,400
GCVRZ,20120322,1.3,1.35,1.29,1.32,95700
GENC,20120322,4.76,4.76,4.68,4.6933,11900
GENE,20120322,14.75,14.8,13.75,14.3,28500
GERN,20120322,1.86,1.89,1.77,1.8,693700
GEVO,20120322,139.65,144.9,135,139.5,117600
GFED,20120322,9.19,9.19,7.65,8.89,1300
GFN,20120322,2.72,2.72,2.68,2.7,1800
GGAL,20120322,6.77,6.85,6.57,6.64,141400
GHDX,20120322,30.14,30.41,29.88,30.15,83600
GIFI,20120322,28.98,29.21,28.72,28.96,68100
GIGA,20120322,1.27,1.27,1.2,1.22,8200
GIGM,20120322,7.35,7.35,7.2,7.3,105800
GIII,20120322,13.27,14.57,12.795,14.18,847400
GILD,20120322,22.98,23.36,22.875,23.315,4666400
GILT,20120322,3.99,4.07,3.96,4.02,33700
GLAD,20120322,8.08,8.25,8.04,8.18,79000
GLBS,20120322,21.36,21.36,19.4,20.96,16400
GLBZ,20120322,9.9,10,9.9,10,8200
GLDD,20120322,7.03,7.18,7,7.05,215000
GLNG,20120322,38.08,38.46,37.72,37.88,1122500
GLRE,20120322,23.74,23.89,23.55,23.86,201300
GLUU,20120322,4.12,4.25,3.93,4,1959400
GMAN,20120322,19.65,20.17,19.49,20.13,92700
GMLP,20120322,36.57,37.82,36.2,36.7,43000
GNCMA,20120322,9.97,9.99,9.51,9.57,123300
GNMA,20120322,50.01,50.05,50.01,50.05,11000
GNMK,20120322,4.08,4.08,3.98,3.98,15600
GNTX,20120322,12.45,12.495,12.25,12.31,1330700
GNVC,20120322,2.53,2.64,2.53,2.64,6300
GOLD,20120322,92.15,95.93,90.3,90.6,3826000
GOOD,20120322,17.75,17.77,17.41,17.58,14800
GOODO,20120322,25,25,25,25,0
GOODP,20120322,24.9,24.9,24.9,24.9,700
GOOG,20120322,318.91,324.4,315.5,323.025,2410300
GPIC,20120322,6.96,6.96,6.96,6.96,0
GPOR,20120322,31.66,31.67,30.13,30.3,790800
GPRE,20120322,10.74,10.86,10.68,10.74,147200
GPRO,20120322,65.91,66.26,65.13,65.43,222700
GRFS,20120322,7.42,7.44,7.34,7.41,1906900
GRID,20120322,27.85,27.89,27.76,27.89,1300
GRIF,20120322,25.97,25.97,25.8,25.95,2000
GRMN,20120322,46.84,47.55,46.82,47.53,509700
GROW,20120322,7.36,7.36,7.18,7.26,28300
GRPN,20120322,17.17,17.27,16.73,16.89,2210500
GRVY,20120322,21.04,21.92,20.88,21.2,61100
GSBC,20120322,23.39,23.49,22.86,23.29,9600
GSIT,20120322,4.3,4.31,4.26,4.27,47500
GSM,20120322,15.43,15.43,14.71,14.87,521900
GSOL,20120322,5.73,5.82,5.66,5.7,19000
GSVC,20120322,19.48,19.79,18.75,19.22,512700
GT,20120322,12,12.02,11.73,11.77,5816800
GTIM,20120322,1.12,1.12,1.12,1.12,0
GTLS,20120322,73.5,73.75,71.21,72.83,446400
GTXI,20120322,3.57,3.57,3.37,3.44,302900
GUID,20120322,10.91,10.93,10.73,10.86,23500
GULF,20120322,15.42,15.42,15.42,15.42,3600
GURE,20120322,2.6,2.61,2.5,2.5,146700
GYRO,20120322,101.25,102,101,101.88,10500
HA,20120322,5.18,5.24,5.06,5.11,586200
HAFC,20120322,10.1,10.2,9.98,10.01,301800
HAIN,20120322,21.305,21.425,21.195,21.37,286700
HALL,20120322,7.34,7.41,7.29,7.37,15900
HALO,20120322,12.06,12.16,11.83,11.94,736000
HAS,20120322,35.55,35.98,35.47,35.93,803000
HAYN,20120322,61.99,63.02,58.39,59.44,159900
HBAN,20120322,6.43,6.43,6.31,6.34,12163900
HBANP,20120322,1160,1160,1150,1150,100
HBCP,20120322,16.89,16.89,16.89,16.89,200
HBHC,20120322,35.48,35.63,34.92,35.31,286400
HBIO,20120322,3.79,3.82,3.77,3.81,27600
HBNC,20120322,7.8,7.8445,7.7778,7.8178,20200
HCCI,20120322,20.5,20.5,19.6,20.12,13300
HCKT,20120322,4.73,5.25,4.66,5.23,188000
HCOM,20120322,16.75,16.9,16.51,16.57,67800
HCSG,20120322,20.36,20.61,20.23,20.6,205300
HDNG,20120322,9.47,9.66,9.46,9.58,19800
HDSN,20120322,3.72,3.77,3.71,3.76,182500
HEES,20120322,20.11,20.2,19.29,19.62,211900
HELE,20120322,33.43,33.78,33.24,33.7,124500
HEOP,20120322,4.7,4.94,4.55,4.94,14700
HFBC,20120322,8.9,8.9,8.9,8.9,100
HFBL,20120322,14,14,14,14,100
HFWA,20120322,13.26,13.65,13.26,13.44,7900
HGSH,20120322,0.78,0.79,0.65,0.75,20400
HIBB,20120322,52.71,53.98,52.68,53.83,208700
HIFS,20120322,52.79,53,52.79,53,1200
HIHO,20120322,2.56,2.62,2.44,2.48,3200
HIMX,20120322,2.05,2.14,1.98,2.07,694400
HLIT,20120322,5.47,5.53,5.45,5.48,700400
HMNF,20120322,2.1,2.1,2.03,2.03,8900
HMNY,20120322,3.5,4,3.5,4,1300
HMST,20120322,13.755,13.755,13.5,13.505,2500
HMSY,20120322,30.69,31.16,30.49,31.13,543900
HNH,20120322,12.72,12.85,12.45,12.7,11100
HNRG,20120322,8.9,8.97,8.9,8.95,7900
HOFT,20120322,12.8,13.45,12.8,13.33,24600
HOLI,20120322,10.76,10.95,10.52,10.77,429100
HOLX,20120322,20.88,21.36,20.87,21.29,2337400
HOMB,20120322,6.56,6.56,6.475,6.54,68600
HOVNP,20120322,3.6,3.76,3.5,3.6,6100
HPJ,20120322,1.1,1.13,1.08,1.08,25400
HRZN,20120322,16.81,16.9,16.57,16.73,25200
HSIC,20120322,75.61,75.7,74.79,75.12,311000
HSII,20120322,21.24,21.51,20.79,21.01,45400
HSKA,20120322,11.7,11.76,11.56,11.64,23700
HSNI,20120322,37.77,38.03,37.28,37.71,223300
HSTM,20120322,23.59,23.63,23.2,23.41,184300
HTBK,20120322,6.19,6.24,6.06,6.12,59400
HTHT,20120322,12.5,12.89,12.5,12.7,474900
HTLD,20120322,14.82,14.83,14.51,14.7,244100
HTLF,20120322,16.65,16.82,16.52,16.82,14800
HUBG,20120322,35.6,35.68,35.12,35.31,319600
HURC,20120322,26.11,26.44,26.02,26.16,8500
HURN,20120322,36.68,37.15,36.54,37.05,59500
HWAY,20120322,7.53,7.72,7.41,7.45,193000
HWBK,20120322,7.5,7.85,7.2,7.85,1900
HWCC,20120322,14.69,14.93,14.44,14.56,53000
HWKN,20120322,36.11,36.16,34.8,35.07,16200
HYGS,20120322,5.3,5.3,4.9,4.98,9700
HZNP,20120322,3.71,3.78,3.61,3.7,42900
IART,20120322,34.61,34.87,34.16,34.32,250800
IBB,20120322,120.84,121.35,120,121.25,187100
IBCP,20120322,1.85,1.89,1.8,1.85,46000
IBKC,20120322,53.74,53.91,53.31,53.89,132300
IBKR,20120322,17.05,17.12,16.91,16.97,245500
IBOC,20120322,20.47,20.65,20.16,20.55,201700
ICAD,20120322,0.5,0.5,0.49,0.5,15100
ICCC,20120322,4.59,4.59,4.55,4.59,600
ICFI,20120322,24.72,25.31,24.54,25.31,66400
ICLN,20120322,9.24,9.28,9.21,9.27,31600
ICLR,20120322,21.09,21.67,20.97,21.47,265200
ICON,20120322,17.68,17.89,17.68,17.79,569600
ICUI,20120322,47.82,48.35,46.77,48.14,29900
IDCC,20120322,35.24,35.46,35,35.19,498400
IDRA,20120322,1.48,1.48,1.33,1.42,16500
IDSA,20120322,5.39,5.39,5.17,5.19,19500
IDSY,20120322,5.66,5.86,5.56,5.79,12400
IDTI,20120322,7.08,7.14,7.01,7.1,914400
IDXX,20120322,42.075,42.175,41.46,41.815,109200
IEP,20120322,42.79,43.48,42.79,43,1000
IESC,20120322,3.01,3.16,3,3.16,8800
IFEU,20120322,28.19,28.19,28,28,2300
IFGL,20120322,28.85,28.88,28.73,28.88,26500
IFON,20120322,0.76,0.8,0.73,0.75,8400
IGLD,20120322,6.93,6.93,6.93,6.93,0
IGOV,20120322,98.05,98.6,98.05,98.56,12800
III,20120322,1.21,1.23,1.19,1.19,102500
IIIN,20120322,12.69,12.69,12.06,12.24,50700
IIJI,20120322,7.45,7.46,7.38,7.44,4400
IIN,20120322,6.55,6.99,6.55,6.61,14000
IIVI,20120322,23.08,23.5,23.06,23.33,88300
IKNX,20120322,7.35,7.35,7.35,7.35,0
ILMN,20120322,49.77,50.55,49.29,50.22,940900
IMGN,20120322,13.72,14.02,13.71,13.99,285400
IMI,20120322,6.05,6.38,5.85,6.15,149000
IMKTA,20120322,17.57,17.96,17.57,17.65,25500
IMMR,20120322,5.39,5.88,5.38,5.64,186900
IMMU,20120322,3.46,3.53,3.44,3.5,315600
IMMY,20120322,1.3,1.3,1.3,1.3,700
IMOS,20120322,17.02,18.34,16.92,17.54,782300
INAP,20120322,7.42,7.42,7.16,7.25,145600
INCY,20120322,18.32,19.58,18.13,19.55,1949100
INDB,20120322,28.11,28.13,27.53,27.87,36800
INDY,20120322,23.29,23.29,23.1,23.23,200000
INFI,20120322,10.39,11.27,10.35,11.21,181700
INFN,20120322,7.73,7.82,7.65,7.74,493200
ININ,20120322,29.85,30.57,29.8,30.09,73800
INOD,20120322,5.18,5.2,4.98,5.08,24900
INSM,20120322,3.82,3.82,3.57,3.63,72400
INTC,20120322,27.74,27.95,27.61,27.9,23395500
INTG,20120322,19.19,19.19,19.19,19.19,0
INTL,20120322,21.82,22,21.52,21.57,47800
INTU,20120322,58.74,59.07,57.66,57.73,4433700
INTX,20120322,12.68,12.96,12.5,12.96,54000
INVE,20120322,17.1,17.5,17,17.4,101100
INWK,20120322,11.11,11.72,11.11,11.53,199800
IOSP,20120322,28.94,29.59,28.94,29.38,84600
IPAR,20120322,15.1,15.21,15,15.07,153900
IPAS,20120322,2.56,2.61,2.5,2.51,263000
IPCC,20120322,52.39,53.06,52.39,53.02,37600
IPCI,20120322,2.9,2.98,2.85,2.97,8800
IPGP,20120322,53.11,53.75,52,52.81,401300
IPHS,20120322,46.85,47.55,46.85,47.38,186600
IPXL,20120322,23.29,23.74,23.28,23.52,362200
IQNT,20120322,12.2,12.26,11.94,12.1,134600
IRBT,20120322,27.55,27.73,27.21,27.48,390700
IRDM,20120322,9.07,9.23,8.95,9.15,303600
IRIX,20120322,4.2,4.3,4.2,4.25,7300
IROQ,20120322,12.1,12.2,12.1,12.11,3300
IRWD,20120322,13.21,13.3,12.81,12.9,306600
ISBC,20120322,5.8392,5.8431,5.7647,5.8039,92900
ISCA,20120322,25.66,26,25.6,25.81,97000
ISHG,20120322,98.36,98.76,98.32,98.66,8600
ISIG,20120322,1.6,1.6,1.55,1.56,2700
ISIL,20120322,11.22,11.34,11.16,11.33,1787300
ISLE,20120322,6.96,7.05,6.78,6.89,85000
ISM,20120322,22.32,22.36,21.99,22.25,11000
ISNS,20120322,6.57,6.74,6.56,6.58,900
ISRG,20120322,530.76,538.02,529,534.81,193000
ISRL,20120322,83.38,84.17,83.38,83.38,400
ISSC,20120322,4.32,4.38,4.31,4.33,1800
ITIC,20120322,45.65,46.38,44.8,45.91,3900
ITRI,20120322,43.34,43.96,43.19,43.84,229200
ITRN,20120322,13.5,13.55,13.45,13.48,20100
IVAC,20120322,8.02,8.48,8.02,8.14,80900
IXYS,20120322,12.26,12.49,12.24,12.37,45300
JACK,20120322,23.47,23.7,23.23,23.32,300900
JAKK,20120322,16.46,16.68,16.45,16.58,47000
JASO,20120322,8.75,9,8.55,8.6,2212300
JAZZ,20120322,46.77,47.42,46.45,47.33,550600
JBHT,20120322,53.33,53.67,52.8,53.61,661200
JBLU,20120322,5.08,5.2,5.05,5.07,2303200
JBSS,20120322,11.82,11.96,11.7,11.96,11900
JCOM,20120322,30,30.33,29.69,30.33,162300
JCS,20120322,13.06,13.13,13.01,13.1,10400
JCTCF,20120322,4.46,4.46,4.46,4.46,0
JIVE,20120322,26,26.29,25.83,25.99,206400
JJSF,20120322,50.37,50.66,50.08,50.56,40500
JKHY,20120322,33.9,33.96,33.45,33.8,262300
JMBA,20120322,10.1,10.3,9.9,10.1,555500
JOBS,20120322,29.21,29.5,28.88,29.02,58200
JOUT,20120322,17.19,17.54,16.84,17.34,12000
JRJC,20120322,2.59,2.64,2.5,2.52,54700
JSM,20120322,21.35,21.79,21.35,21.66,10300
JVA,20120322,12.8,13.11,12.43,12.58,531600
JXSB,20120322,15.28,15.32,15.07,15.2,3300
KALU,20120322,47.79,48.32,47.42,48.3,140300
KCAP,20120322,7.07,7.15,7,7.05,251700
KELYA,20120322,15.25,15.38,14.91,14.99,244700
KELYB,20120322,14.97,14.97,14.97,14.97,200
KEQU,20120322,8.2,8.47,8.2,8.45,1200
KERX,20120322,4.62,4.94,4.54,4.78,4146100
KEYW,20120322,7.51,7.79,7.48,7.63,112600
KFFB,20120322,9.11,9.11,9.11,9.11,1000
KFRC,20120322,14.39,14.53,14.18,14.25,187200
KGJI,20120322,1.71,1.73,1.62,1.64,135100
KINS,20120322,3.42,3.42,3.42,3.42,100
KIRK,20120322,16.99,17.11,16.77,17.07,46700
KLAC,20120322,52.38,52.74,52.06,52.28,2630800
KLIC,20120322,12,12.23,11.96,12.19,747900
KNDI,20120322,3.45,3.46,3.35,3.44,39800
KONA,20120322,5.4,5.55,5.35,5.52,25600
KONE,20120322,4.4,4.5,4.4,4.5,2300
KOOL,20120322,18.6,18.6,18,18,300
KOPN,20120322,3.48,3.58,3.44,3.53,112200
KOSS,20120322,5.56,5.62,5.56,5.62,1000
KRNY,20120322,9.8,9.8,9.51,9.65,16000
KTCC,20120322,9.6,9.77,9.46,9.51,42600
KTEC,20120322,13.48,13.48,13.48,13.48,200
KTOS,20120322,5.9,6.07,5.86,6.06,178800
KVHI,20120322,10.52,10.64,10.2,10.37,60200
KZ,20120322,5.91,6.1,5.9,6.06,68000
LABL,20120322,21.54,21.8,21.44,21.8,25300
LAKE,20120322,10.17,10.19,10.11,10.12,6300
LAMR,20120322,32.63,33.21,32.43,33.2,374900
LANC,20120322,64.49,65.46,64.49,65.35,54500
LARK,20120322,19.98,19.98,19.98,19.98,0
LAWS,20120322,15.23,15.5,15.23,15.26,16400
LAYN,20120322,22.4,22.68,22.11,22.43,139300
LBAI,20120322,9.77,9.85,9.53,9.79,34200
LBIX,20120322,3.5,3.85,3.49,3.6,5400
LBTYA,20120322,25.4931,25.7026,25.4011,25.4931,543700
LBTYB,20120322,50.37,50.37,50.37,50.37,0
LBTYK,20120322,48.68,48.68,47.56,47.83,164000
LCNB,20120322,12.85,12.93,12.85,12.9,1200
LCUT,20120322,10.75,10.91,10.53,10.65,12500
LECO,20120322,45.72,46.39,44.44,44.77,352100
LEDS,20120322,4.48,4.56,4.28,4.32,115400
LFUS,20120322,57.72,57.95,57.2,57.52,98900
LGCY,20120322,29.65,29.83,28.91,29.04,118900
LGND,20120322,17.61,17.86,17.5,17.85,67900
LHCG,20120322,18.56,18.71,18.18,18.41,98200
LIFE,20120322,46.02,47.19,45.56,47.09,2136400
LINC,20120322,7.99,8.07,7.94,8.01,135200
LION,20120322,6.5,6.63,6.5,6.53,400
LIOX,20120322,2.85,2.91,2.83,2.9,167500
LIVE,20120322,1.4367,1.5467,1.4367,1.4967,10800
LKFN,20120322,16.96,17.06,16.7,17.0267,25400
LKQ,20120322,15.63,15.695,15.495,15.575,722700
LLNW,20120322,3.45,3.49,3.32,3.37,829100
LLTC,20120322,33.47,33.64,33.3,33.4,2313100
LMAT,20120322,5.66,5.8,5.66,5.71,3700
LMCA,20120322,28.8867,29.2167,28.8867,29,255100
LMIA,20120322,17.56,18.15,17.51,18.08,31000
LMNR,20120322,17.23,17.38,16.87,17,8900
LMNX,20120322,22.43,22.71,22.26,22.7,112500
LMOS,20120322,11.17,11.41,10.96,11.11,66100
LNCE,20120322,24.37,24.57,24.17,24.57,112900
LNDC,20120322,6.54,6.57,6.45,6.54,37900
LOAN,20120322,1.11,1.11,1.11,1.11,0
LOGI,20120322,7.52,7.68,7.52,7.61,425300
LOGM,20120322,34.62,34.85,33.45,33.96,583700
LOPE,20120322,17.52,18,17.33,17.59,160300
LORL,20120322,77.32,77.9,76.75,77.77,30700
LPLA,20120322,37.49,37.49,36.96,37.2,145200
LPNT,20120322,38.29,38.73,38.23,38.34,270000
LPSN,20120322,16.95,17.11,16.76,17.04,277100
LPTH,20120322,1.59,1.59,1.45,1.54,69200
LQDT,20120322,46.03,46.45,45.76,46.4,190300
LRAD,20120322,1.65,1.68,1.63,1.68,12700
LRCX,20120322,43.47,43.8,43.18,43.45,2834400
LSBK,20120322,10,10,10,10,0
LSCC,20120322,6.33,6.43,6.26,6.33,665500
LSTR,20120322,57.72,57.72,56.86,57.67,181300
LTBR,20120322,16,16.25,15.4,15.95,17800
LTRX,20120322,3.03,3.03,2.92,2.95,10700
LULU,20120322,71.92,76.66,70.88,75.95,8635500
LUNA,20120322,1.45,1.49,1.43,1.43,1800
LWAY,20120322,9.17,9.17,8.92,9.08,9900
LXRX,20120322,13.02,13.02,12.6,12.88,517700
LYTS,20120322,6.88,7.3,6.88,7.14,43600
MAGS,20120322,4.05,4.06,3.88,3.98,23100
MANH,20120322,12.0275,12.1275,11.88,12.0075,144700
MANT,20120322,33.91,34.26,33.56,33.96,158000
MARK,20120322,5.97,5.97,5.8,5.8,2100
MARPS,20120322,25.12,25.12,24.73,25.08,1200
MASI,20120322,21.67,21.97,21.62,21.91,365900
MAT,20120322,33.11,33.7,33.03,33.64,1715100
MATR,20120322,7.92,8.03,7.71,8,72900
MATW,20120322,31.59,31.81,31.48,31.76,87000
MAYS,20120322,18.5,18.5,18.5,18.5,0
MBFI,20120322,21.35,21.43,21.04,21.22,217100
MBLX,20120322,18.9,19.44,18.54,19.08,114700
MBRG,20120322,16.99,16.99,16.18,16.42,24500
MBTF,20120322,2.03,2.17,2.03,2.15,18900
MBVT,20120322,26.72,27.29,26.65,26.72,6700
MBWM,20120322,13.95,13.99,13.8,13.94,10900
MCBC,20120322,3.1,3.11,3.07,3.08,5100
MCEP,20120322,22.9,22.91,21.8,22.25,88900
MCHP,20120322,36.49,37.05,36.47,36.7,1399000
MCHX,20120322,4.44,4.44,4.17,4.32,107000
MCRI,20120322,9.77,9.9,9.75,9.82,18300
MDCA,20120322,11.71,12.13,11.67,12.11,105400
MDCO,20120322,20,20.07,19.77,19.85,285600
MDM,20120322,4.92,4.92,4.81,4.84,7600
MDRX,20120322,17.56,17.7,17.49,17.55,1622500
MDSO,20120322,12.735,12.735,12.41,12.45,169400
MELI,20120322,97.58,97.98,95.94,96.48,387600
MEMP,20120322,18.61,18.71,18.08,18.36,53200
MENT,20120322,15.07,15.17,14.87,14.96,1024600
MEOH,20120322,32.5,32.51,31.96,32.45,267500
MERC,20120322,7.67,7.67,7.34,7.36,139800
MFNC,20120322,6.65,6.65,6.65,6.65,0
MFRI,20120322,7.73,7.82,7.71,7.82,1700
MFSF,20120322,9.99,9.99,9.69,9.69,500
MGEE,20120322,29.4333,29.54,29.2667,29.4667,58800
MGIC,20120322,6.55,6.6,6.49,6.55,93900
MGLN,20120322,45.97,46.88,45.91,46.78,188200
MGPI,20120322,5.71,5.82,5.56,5.58,16700
MGRC,20120322,32.48,32.81,32.27,32.68,71500
MGYR,20120322,5.05,5.05,5,5,2300
MHGC,20120322,5.34,5.44,5.24,5.35,109800
MHLD,20120322,8.69,9,8.51,8.92,212600
MIDD,20120322,33.6467,33.7433,32.7333,33.3633,132900
MIND,20120322,21.41,21.53,20.94,21.27,168700
MINI,20120322,21.34,21.35,20.97,21.32,102000
MITK,20120322,11.38,11.67,11.2,11.36,364300
MITL,20120322,3.8,3.95,3.7,3.83,22900
MKSI,20120322,29.06,29.28,28.93,29.07,214800
MKTX,20120322,35,37.25,34.66,36.32,416400
MLAB,20120322,48.67,49.46,48.01,49.46,2400
MLHR,20120322,21.2,23,21,22.89,1111900
MLNK,20120322,5.14,5.18,5.07,5.18,77000
MLNX,20120322,40.02,40.25,39.43,39.89,222700
MLVF,20120322,7.75,7.75,7.75,7.75,0
MMLP,20120322,35,35.02,34.3,34.63,71900
MMSI,20120322,11.98,12.04,11.8,12.02,249700
MMYT,20120322,22.91,23.08,22.76,23,102400
MNDO,20120322,1.91,1.92,1.86,1.9,36600
MNKD,20120322,2.37,2.38,2.32,2.36,933700
MNOV,20120322,3.11,3.14,3.01,3.06,20000
MNRO,20120322,42.39,42.87,42.2,42.62,185500
MNST,20120322,19.9767,20.36,19.9467,20.2767,673200
MNTA,20120322,15.44,15.61,15.28,15.56,284400
MNTX,20120322,7.6,7.85,7.25,7.3,120400
MOBI,20120322,3.71,3.73,3.59,3.59,95100
MOCO,20120322,16.68,16.88,16.66,16.76,2200
MOFG,20120322,18.78,18.89,18.6,18.65,1500
MORN,20120322,60.99,61.21,60.28,60.56,75600
MOSY,20120322,4.03,4.06,3.97,4.02,72700
MPAA,20120322,8.98,9.19,8.98,9.11,16500
MPB,20120322,10.85,10.85,10.85,10.85,0
MPEL,20120322,14.04,14.14,13.7,13.86,5151200
MPET,20120322,1.3,1.35,1.27,1.34,81100
MPWR,20120322,18.84,18.99,18.68,18.82,133400
MRCY,20120322,13.11,13.11,12.87,13.01,130900
MRLN,20120322,14.71,14.8,14.42,14.55,7000
MRTN,20120322,15.0467,15.12,14.78,14.8867,48800
MRVL,20120322,15.61,15.97,15.55,15.78,10655600
MSBF,20120322,6,6,6,6,0
MSCC,20120322,21.08,21.39,20.91,21.18,313200
MSEX,20120322,18.22,18.3,18.11,18.19,19600
MSFG,20120322,11.38,11.5,11.35,11.46,20300
MSFT,20120322,31.81,32.09,31.79,32,31749500
MSLI,20120322,2.16,2.16,2.13,2.13,300
MSON,20120322,1.97,1.97,1.97,1.97,500
MSTR,20120322,139.54,140.69,137.25,137.99,129600
MTEX,20120322,3.75,3.75,3.75,3.75,500
MTGE,20120322,21.45,21.7,21.45,21.55,503800
MTRX,20120322,13.37,13.52,13.24,13.5,121500
MTSC,20120322,51.4,52.08,51.37,52.05,44000
MTSI,20120322,20.99,21.5,20.75,20.88,178500
MTSL,20120322,1.88,1.88,1.88,1.88,1300
MU,20120322,8.72,8.77,8.48,8.71,33388500
MVIS,20120322,3.08,3.08,3.01,3.03,83200
MXIM,20120322,28.27,28.65,28.25,28.49,1535400
MXWL,20120322,18.45,18.45,18.14,18.35,381700
MYGN,20120322,23.16,23.26,22.73,22.97,862500
MYL,20120322,22.91,23.16,22.82,23.07,4997100
MYRG,20120322,17.59,17.76,17.24,17.36,190800
NAII,20120322,6.5,6.62,6.43,6.47,10100
NANO,20120322,18.16,18.4,18.08,18.31,134900
NATH,20120322,21,21.02,21,21,1300
NATI,20120322,27.26,27.41,27.02,27.31,330000
NATL,20120322,24.06,24.63,23.84,24.4,21600
NATR,20120322,15.57,15.78,15.45,15.76,20900
NAUH,20120322,6.67,6.81,6.43,6.71,12900
NAVG,20120322,46.05,46.56,45.59,45.81,29900
NBIX,20120322,8.92,9.13,8.74,8.83,812300
NBN,20120322,11.6,11.6,11.6,11.6,300
NBTB,20120322,22.12,22.12,21.58,21.85,159400
NCIT,20120322,6.81,6.91,6.63,6.7,34200
NCMI,20120322,15.31,15.56,15.2,15.45,245700
NCTY,20120322,7.03,7.32,7,7.01,25100
NDAQ,20120322,26.67,26.97,26.54,26.88,1739700
NDSN,20120322,54.48,54.59,53.2,53.62,360500
NEOG,20120322,24.36,24.4533,23.7,24.02,115700
NEPT,20120322,2.9,2.92,2.88,2.91,32800
NEWS,20120322,10.46,10.51,10.24,10.37,27100
NEWT,20120322,7.75,8.15,7.75,7.9,17400
NFBK,20120322,14,14.14,13.72,13.89,22400
NFEC,20120322,1.19,1.19,1.14,1.14,3400
NFLX,20120322,17.1471,17.64,16.8386,16.9614,6110400
NICE,20120322,37.64,37.8,37.5,37.55,237300
NICK,20120322,13.3,13.78,13.3,13.75,18100
NIHD,20120322,17.96,18.59,17.8,18.15,5334100
NILE,20120322,33.07,33.63,33.02,33.55,208300
NKSH,20120322,28.21,29.45,28.11,28.31,3100
NKTR,20120322,7.58,7.62,7.45,7.6,764000
NLNK,20120322,9.32,10.18,9.32,10.17,18400
NLST,20120322,3.67,3.67,3.5,3.55,220200
NMRX,20120322,9.9,9.99,9.61,9.96,20000
NNBR,20120322,8.74,8.98,8.71,8.9,129300
NRIM,20120322,22.1,22.24,21.4,21.9,6300
NSEC,20120322,8.67,8.67,8.67,8.67,0
NSIT,20120322,21.66,21.84,21.19,21.45,98500
NSSC,20120322,3.09,3.12,3.05,3.05,40600
NSYS,20120322,3.92,3.92,3.92,3.92,100
NTAP,20120322,45.75,45.9,44.97,45.19,7534700
NTCT,20120322,20.85,21.18,20.77,20.84,155300
NTES,20120322,58.16,59.26,57.27,58.37,909700
NTGR,20120322,38.07,38.33,37.08,37.2,347800
NTIC,20120322,15.97,15.97,15.87,15.87,1000
NTRI,20120322,10.73,10.92,10.66,10.88,310500
NTRS,20120322,47.06,47.18,46.58,46.95,1265900
NTWK,20120322,4,4,3.9,3.9,452400
NUAN,20120322,26.32,26.5,25.74,26,4455300
NURO,20120322,18.72,19.2,18.72,18.96,244300
NUTR,20120322,12.75,13.06,12.75,13.06,9400
NUVA,20120322,16.51,16.82,16.33,16.47,464600
NVAX,20120322,1.32,1.34,1.31,1.32,326300
NVDA,20120322,14.35,14.56,14.31,14.44,10635400
NVDQ,20120322,6.75,6.88,6.33,6.39,34600
NVEC,20120322,52.07,52.23,51.34,52.23,4200
NVGN,20120322,2.31,2.45,2.3,2.45,2900
NVLS,20120322,48.76,48.89,48.19,48.52,1674400
NVMI,20120322,8.49,8.61,8.41,8.53,96200
NWBI,20120322,12.71,12.76,12.59,12.71,225000
NWFL,20120322,26.14,26.14,25.94,26.12,1500
NWLI,20120322,137,137.5,136.76,136.85,1200
NWPX,20120322,21.18,21.48,20.82,21.26,76800
NWS,20120322,20.01,20.16,19.93,19.98,2340000
NWSA,20120322,19.78,19.89,19.66,19.72,11074100
NXPI,20120322,25.81,26.34,25.4,26.27,1360100
NXST,20120322,8.4,8.49,8.32,8.48,12600
NXTM,20120322,18.85,19.28,18.68,19.15,368000
NYMT,20120322,6.91,7.07,6.87,7.03,185700
NYMX,20120322,8.21,8.28,7.96,8.08,31500
NYNY,20120322,11.65,12.45,11.65,12.35,8600
OBAS,20120322,5.5,5.5,5.5,5.5,0
OBCI,20120322,2.69,2.69,2.69,2.69,200
OCC,20120322,3.51,3.51,3.35,3.4,4000
OCFC,20120322,14.18,14.21,14.01,14.04,13400
OCLR,20120322,4.66,4.7,4.46,4.52,726100
OCLS,20120322,39.55,40.95,31.85,34.3,497100
ODFL,20120322,31.8333,31.9867,31.3533,31.6333,316500
OFED,20120322,11.59,11.59,11.59,11.59,0
OFIX,20120322,38.64,38.95,38.27,38.6,77100
OFLX,20120322,14.94,14.94,13.01,13.22,14200
OGXI,20120322,12.92,12.95,12.47,12.67,252400
OIIM,20120322,5.38,5.45,5.33,5.43,31900
OKSB,20120322,9.03,9.2,8.91,8.94,27400
OLBK,20120322,9.92,9.99,9.75,9.75,2100
OMAB,20120322,16.16,16.29,15.91,16.11,9600
OMCL,20120322,14.77,14.94,14.6,14.89,229300
OMER,20120322,9.97,10.24,9.36,9.66,227000
OMEX,20120322,37.2,37.44,36.12,36.6,318800
ONEQ,20120322,120.17,120.8,120.15,120.36,23200
ONVI,20120322,3.75,3.75,3.7,3.7,1700
OPHC,20120322,31.6,31.6,31.6,31.6,0
OPOF,20120322,10.7,10.71,10.7,10.7,2000
OPTT,20120322,31.5,31.7,30.6,31.3,35700
OPXA,20120322,3.2,3.2,3.08,3.08,36300
OPXAW,20120322,0.22,0.22,0.22,0.22,600
ORBC,20120322,3.56,3.62,3.56,3.62,116900
ORBK,20120322,10.88,11.04,10.81,11.03,113800
OREX,20120322,49.1,49.2,46.9,48.9,1205400
ORIG,20120322,17.2,17.43,17.02,17.07,101900
ORIT,20120322,14.05,14.31,13.97,14.27,405400
ORLY,20120322,89.24,90.81,89.21,90.36,778700
ORRF,20120322,8.76,8.82,8.68,8.8,7200
OSBC,20120322,1.44,1.6,1.42,1.53,41000
OSBCP,20120322,4.55,4.58,4.33,4.33,9100
OSHC,20120322,11.6,11.6,11.6,11.6,11000
OSIR,20120322,5.03,5.06,4.88,4.95,29300
OSIS,20120322,60.85,61.33,60.71,61.2,48900
OSM,20120322,23.13,23.4,23.07,23.09,11800
OSN,20120322,3.15,3.27,3.12,3.12,7300
OSTK,20120322,5.44,5.65,5.43,5.62,135200
OSUR,20120322,10.96,10.96,10.66,10.83,248800
OTEX,20120322,29.14,29.235,28.79,29.065,305400
OTIV,20120322,1.39,1.49,1.39,1.46,167100
OTTR,20120322,21.5,21.59,21.31,21.47,74100
OVBC,20120322,18.21,18.21,18.21,18.21,0
OVLY,20120322,6.8,7.11,6.8,7.1,2000
OXLC,20120322,16.1,16.3,15.7,15.7,5300
OZRK,20120322,15.64,15.64,15.36,15.54,154100
PAAS,20120322,21,21.28,20.83,21.23,1316000
PACB,20120322,3.72,3.75,3.62,3.68,161400
PACW,20120322,23.56,23.83,23.25,23.81,123600
PAGG,20120322,29.86,29.86,29.63,29.65,9700
PANL,20120322,37.31,37.75,36.93,37.21,858400
PATK,20120322,7.16,7.2333,6.8667,7.0933,129600
PAYX,20120322,31.64,32.01,31.64,31.98,2230700
PBCT,20120322,13.17,13.25,13.07,13.19,3018900
PBHC,20120322,9.5,9.5,9.5,9.5,0
PBIB,20120322,1.73,1.92,1.72,1.92,2600
PBIP,20120322,5.27,5.27,5.27,5.27,0
PBSK,20120322,11.74,11.74,11.74,11.74,0
PCAR,20120322,46.3,46.53,45.59,46.22,1857200
PCBK,20120322,9.15,9.25,9.12,9.19,23300
PCH,20120322,30.92,31.29,30.84,31.22,226200
PCLN,20120322,700.25,713.53,699.5,711.99,975700
PCO,20120322,2.45,2.48,2.45,2.46,143700
PCOM,20120322,10.5,10.65,10.33,10.43,39700
PCRX,20120322,11,11.08,10.78,10.98,166200
PCTI,20120322,6.95,7.01,6.9,6.95,16900
PCYO,20120322,2.12,2.25,2.11,2.24,231100
PDCO,20120322,31.78,32.02,31.65,31.8,374300
PDEX,20120322,2.26,2.31,2.26,2.31,300
PDFS,20120322,8.01,8.14,7.94,8.09,38800
PDLI,20120322,6.24,6.3,6.2,6.3,851300
PEBK,20120322,7.9,7.9,7.9,7.9,1000
PEBO,20120322,17.04,17.08,16.86,17.05,14900
PEGA,20120322,18.665,18.74,18.35,18.455,128300
PEIX,20120322,16.5,16.65,16.35,16.5,2320300
PENN,20120322,44.33,44.94,44.22,44.67,248200
PERF,20120322,9.95,10.21,9.95,10.2,18900
PERI,20120322,5.21,5.29,5.19,5.29,8000
PERY,20120322,17.72,19.2,17,18.43,527200
PESI,20120322,8.05,8.15,8,8.05,56100
PETS,20120322,11.58,11.93,11.56,11.91,181800
PFBC,20120322,12,12.03,11.65,11.69,52000
PFBI,20120322,7.42,7.5,7.38,7.5,2000
PFBX,20120322,9.73,9.75,9.73,9.75,1100
PFIN,20120322,4.21,4.43,4.2,4.43,8400
PFLT,20120322,11.81,11.88,11.7,11.87,6600
PFSW,20120322,3.4,3.91,3.4,3.89,304300
PGC,20120322,12.65,12.9,12.53,12.66,11500
PGNX,20120322,9.46,9.58,9.3,9.41,69300
PGTI,20120322,1.75,1.75,1.7,1.7,300
PHII,20120322,21.31,21.4,21.09,21.4,2500
PHIIK,20120322,24.24,24.24,22.44,22.52,16600
PHMD,20120322,62,62,60.85,61.5,64000
PICO,20120322,22.89,23.08,22.72,22.88,51300
PKBK,20120322,6.9,6.9,6.9,6.9,300
PKOH,20120322,19.69,19.96,19.67,19.95,42400
PLAB,20120322,6.59,6.65,6.49,6.6,341700
PLBC,20120322,3.84,3.84,3.55,3.65,1100
PLCE,20120322,50.83,52.01,50.75,51.63,279000
PLPC,20120322,65.43,66.14,64.45,65.16,3500
PLUG,20120322,1.59,1.59,1.4,1.41,1013200
PLUS,20120322,33.37,33.65,32.67,32.98,21200
PLXS,20120322,34.98,35.14,34.57,34.96,104400
PMBC,20120322,5.05,5.09,4.95,4.99,18900
PMD,20120322,9.7,9.97,9.6,9.96,15200
PNBK,20120322,18.2,18.2,18,18.1,1300
PNFP,20120322,18.01,18.01,17.55,17.85,137000
PNNT,20120322,10.59,10.67,10.54,10.6,302800
PNQI,20120322,40.78,41.14,40.63,41.03,12300
PNRA,20120322,161.28,163.64,160.92,161.85,282500
PNRG,20120322,26.78,26.78,26.78,26.78,0
PNTR,20120322,2.92,2.92,2.86,2.86,1100
PODD,20120322,19.16,19.45,18.93,19.08,212200
POOL,20120322,36.16,36.47,35.84,36.35,146800
POPE,20120322,43.5,43.98,43.29,43.3,2900
POWI,20120322,37.47,37.47,36.88,37.3,251000
POWL,20120322,33.7,33.88,33.33,33.74,26800
PPBI,20120322,8.1,8.1,8.05,8.1,2200
PPHM,20120322,0.57,0.61,0.57,0.59,1019300
PRAA,20120322,23.1667,23.4467,23.1367,23.3467,105500
PRAN,20120322,10.08,10.44,10.02,10.32,50400
PRCP,20120322,5.84,5.95,5.8,5.86,4300
PRFT,20120322,12.2,12.31,12.03,12.18,52000
PRFZ,20120322,67.35,67.73,67.08,67.47,40400
PRGS,20120322,23.77,23.98,23.5,23.65,206800
PRGX,20120322,5.97,6.06,5.96,6.06,126400
PRIM,20120322,16.22,16.47,16.21,16.46,233400
PRKR,20120322,11.1,11.4,11.1,11.3,153500
PRMW,20120322,2.03,2.05,1.95,1.97,564900
PROV,20120322,10.49,10.57,10.42,10.57,1400
PRPH,20120322,1,1,1,1,4300
PRSC,20120322,15.48,15.6,15.33,15.5,95700
PRTS,20120322,3.6,3.63,3.51,3.52,45000
PRXL,20120322,26.95,26.95,26.47,26.78,486600
PSAU,20120322,39.02,39.17,38.87,38.87,4600
PSCC,20120322,33.42,33.42,33.29,33.31,1500
PSCD,20120322,31.64,31.8,31.64,31.73,4300
PSCE,20120322,37.08,37.21,36.48,36.75,12100
PSCF,20120322,29.26,29.41,29.2,29.38,6400
PSCH,20120322,34.5,34.56,34.24,34.48,8700
PSCI,20120322,29.67,29.83,29.64,29.7,2100
PSCM,20120322,29.27,29.27,29.27,29.27,0
PSCT,20120322,31.26,31.26,31.05,31.17,12800
PSCU,20120322,29.91,29.99,29.91,29.96,3700
PSDV,20120322,1.56,1.59,1.51,1.58,41200
PSEC,20120322,10.69,10.79,10.67,10.71,981400
PSMT,20120322,69.06,70.17,68.31,70.06,138300
PSTB,20120322,4.75,4.83,4.75,4.81,39700
PSTI,20120322,2.23,2.31,2.2,2.3,99800
PTEN,20120322,17.93,17.96,17.55,17.6,4344900
PTIE,20120322,3.56,3.64,3.5,3.51,86000
PTNR,20120322,7.9,7.93,7.78,7.79,141700
PTSI,20120322,11.6,11.9,11.27,11.9,23100
PVTB,20120322,14.95,14.95,14.59,14.79,284900
PVTBP,20120322,26.32,26.65,26.31,26.31,4000
PWOD,20120322,38.98,39.9,38.98,39.9,10700
PXLW,20120322,2.4,2.41,2.39,2.41,7000
PZZA,20120322,18.465,18.655,18.36,18.52,80000
QABA,20120322,25.78,25.84,25.58,25.7,3000
QADA,20120322,13.52,13.62,13.46,13.52,7500
QADB,20120322,13.42,13.5,13.33,13.45,500
QBAK,20120322,11.1,11.1,11.1,11.1,2300
QCLN,20120322,10.74,10.74,10.66,10.66,4000
QCOM,20120322,66.15,66.41,65.95,66.29,7652100
QCRH,20120322,11.4,11.5,11.03,11.03,2600
QDEL,20120322,16.98,17.76,16.96,17.62,229000
QGEN,20120322,14.86,15.03,14.75,14.86,916400
QLTI,20120322,7.25,7.25,7.03,7.12,74800
QNST,20120322,9.73,9.8,9.56,9.74,462700
QQEW,20120322,26.69,26.87,26.69,26.86,28500
QQQ,20120322,66.71,67.14,66.68,66.98,56960400
QQQC,20120322,15.67,15.67,15.67,15.67,200
QQQX,20120322,15.34,15.44,15.28,15.28,56200
QQXT,20120322,24.09,24.17,24.01,24.15,13900
QSII,20120322,43.01,43.25,42.71,42.72,420700
QTEC,20120322,28.34,28.49,28.29,28.45,29000
QUIK,20120322,2.52,2.54,2.45,2.52,96600
RADA,20120322,3.92,3.92,3.92,3.92,1600
RAIL,20120322,23.5,23.5,22.61,22.86,109100
RAND,20120322,3.24,3.24,3.23,3.23,900
RAVN,20120322,29.88,30.045,29.2,29.41,55300
RBCAA,20120322,24.01,24.43,24,24.07,32100
RBCN,20120322,10.92,10.92,10.62,10.79,189000
RBPAA,20120322,1.35,1.35,1.34,1.34,600
RCII,20120322,35.04,35.6,34.91,35.41,687200
RCKY,20120322,12.5,12.61,12.37,12.5,7100
RCMT,20120322,5.59,5.6,5.51,5.51,2900
RCON,20120322,3.3,3.3,2.7,2.91,360500
RDCM,20120322,5.5,5.59,5.5,5.57,3800
RDI,20120322,4.51,4.56,4.43,4.51,9000
RDNT,20120322,3.36,3.36,3.18,3.3,160600
RDWR,20120322,17.47,17.545,17.225,17.31,39400
RECN,20120322,12.79,12.96,12.67,12.92,110600
REFR,20120322,3.68,3.68,3.58,3.59,11900
REGI,20120322,10.18,10.18,9.9,10.14,33200
REGN,20120322,117.29,118.51,115.69,118,689000
REIS,20120322,9.07,9.09,9.06,9.08,800
RELL,20120322,12.1,12.13,12.05,12.08,24800
RELV,20120322,8.89,8.89,8.89,8.89,5600
REXX,20120322,10.87,10.97,10.16,10.28,1489900
RFIL,20120322,3.43,3.5,3.41,3.46,2600
RGCO,20120322,17.51,17.96,17.51,17.96,3100
RGEN,20120322,4.8,5.13,4.8,4.99,166800
RGLD,20120322,63.23,63.75,62.82,63.2,526800
RICK,20120322,8.72,8.76,8.52,8.58,17300
RIGL,20120322,8.29,8.32,8.06,8.24,225900
RLOG,20120322,8.45,8.46,8.28,8.45,19700
RMBS,20120322,6.6,6.7,6.51,6.53,661300
RMCF,20120322,9.25,9.3,9.25,9.26,3100
RMTI,20120322,9.48,9.66,9.31,9.54,76100
RNET,20120322,17.88,17.88,17.72,17.88,8200
RNST,20120322,15.82,15.99,15.61,15.85,27600
RNWK,20120322,10.27,10.37,10.1,10.26,39700
ROCK,20120322,15.07,15.07,14.55,14.67,102500
ROIA,20120322,0.99,1.05,0.99,0.99,10600
ROIAK,20120322,0.99,1,0.98,0.98,27100
ROIC,20120322,11.97,12.05,11.92,12.02,181900
ROLL,20120322,45,45.47,43.94,45.13,111600
ROSG,20120322,7.35,7.35,5.7,5.7,417500
ROST,20120322,28.41,28.67,28.375,28.615,1116700
RP,20120322,18.68,18.82,18.31,18.66,778600
RPRX,20120322,4.04,4.32,3.99,4.27,28600
RPXC,20120322,17.61,17.89,17.23,17.5,201300
RRGB,20120322,36.67,36.96,36.5,36.77,115300
RSYS,20120322,7.5,7.59,7.4,7.44,106600
RTIX,20120322,3.67,3.75,3.59,3.63,149300
RUSHA,20120322,22.45,23.1,22.32,22.56,85400
RUSHB,20120322,19.36,19.36,18.56,18.75,2500
RUTH,20120322,7.19,7.35,7.17,7.31,331000
RVSB,20120322,2.21,2.21,2.13,2.14,27100
RYAAY,20120322,33.87,34.31,33.71,34.26,207400
SAAS,20120322,5.7,5.75,5.61,5.75,105900
SAFM,20120322,53.1,54,53.1,53.52,228500
SAFT,20120322,41.61,41.71,40.95,41.23,13000
SAIA,20120322,11.34,11.5133,11.3267,11.3867,119000
SALM,20120322,4.41,4.53,4.25,4.47,62000
SANM,20120322,11.25,11.31,11.01,11.07,272200
SANW,20120322,5.74,5.9,5.74,5.81,31200
SASR,20120322,18.26,18.34,18.07,18.3,25200
SATS,20120322,28.18,28.64,28.18,28.36,115400
SAVE,20120322,19.54,19.75,19.36,19.66,325100
SBAC,20120322,50.64,51.11,50.45,50.71,2539700
SBBX,20120322,5.02,5.02,5.02,5.02,0
SBCF,20120322,9.35,9.4,9.05,9.1,167200
SBGI,20120322,11.27,11.38,11.19,11.22,297200
SBLK,20120322,73.5,73.5,70.5,70.5,146800
SBNY,20120322,63.36,63.93,62.98,63.55,245400
SBNYW,20120322,41.51,41.51,41.51,41.51,0
SBRA,20120322,15.78,15.97,15.64,15.96,228800
SBSA,20120322,3.98,3.98,3.8,3.93,68100
SBSI,20120322,20.7905,20.8857,20.5333,20.6857,19800
SBUX,20120322,26.85,27.625,26.825,27.605,10702500
SCHL,20120322,37.2,38.04,36.63,37.5,510700
SCHN,20120322,40.5,40.99,40.09,40.33,436600
SCKT,20120322,2.86,2.86,2.72,2.78,20100
SCLN,20120322,6.28,6.34,6.15,6.21,191300
SCMP,20120322,7.61,7.61,7.25,7.49,40300
SCON,20120322,133.2,136.8,127.8,129.6,86900
SCOR,20120322,22.6,22.97,22.46,22.76,113700
SCSC,20120322,36.62,37.18,36.13,37.12,112200
SCSS,20120322,31.99,32.24,31.64,32.19,1066400
SCVL,20120322,19.46,21.4933,19.1133,21.4067,621500
SEAC,20120322,8.1,8.21,8.04,8.2,240000
SEED,20120322,3.2,3.43,2.72,2.75,2011400
SEIC,20120322,20.89,21.19,20.87,20.96,506000
SENEA,20120322,26.12,26.12,25,25.11,19600
SENEB,20120322,25.67,25.67,25.42,25.57,500
SEV,20120322,6.41,6.41,6.41,6.41,0
SFLY,20120322,31.35,31.99,30.71,31.93,845500
SFNC,20120322,25.73,25.83,25.26,25.6,42100
SFST,20120322,7.09,7.09,7,7,15400
SGC,20120322,11.36,11.36,11.21,11.21,1500
SGEN,20120322,19.7,19.85,19.51,19.55,958000
SGMA,20120322,3.82,3.82,3.82,3.82,300
SGMO,20120322,4.7,4.73,4.5,4.57,339500
SGMS,20120322,10.84,11.29,10.81,11.29,718000
SGOC,20120322,3.48,3.48,3.16,3.24,12400
SGRP,20120322,1.22,1.27,1.22,1.25,2000
SGYP,20120322,4.14,4.14,3.82,4.11,86600
SGYPU,20120322,9.44,9.44,9.44,9.44,0
SGYPW,20120322,1.45,1.45,1.45,1.45,32200
SHBI,20120322,6.94,6.95,6.76,6.95,2500
SHEN,20120322,5.33,5.41,5.135,5.21,64700
SHIP,20120322,18.75,19.75,17.75,19,17500
SHLD,20120322,75.71,75.71,72.52,73.69,1615700
SHLM,20120322,26.81,26.97,26.51,26.95,117600
SHLO,20120322,9.35,9.41,9.01,9.26,12900
SHOO,20120322,28.9867,29.4133,28.86,29.0867,320700
SHOR,20120322,5.35,5.58,5.35,5.55,559700
SIEB,20120322,1.94,1.94,1.94,1.94,0
SIFI,20120322,11.08,11.1,10.9,11.07,6200
SIFY,20120322,3.55,3.57,3.51,3.52,134000
SIGI,20120322,17.45,17.5,17.3,17.42,112400
SIGM,20120322,5.51,5.55,5.34,5.48,119000
SILC,20120322,17.75,17.87,17.75,17.85,1900
SIMO,20120322,20.87,20.89,20.51,20.62,378100
SINA,20120322,69.9,71.5,68.83,70.15,4116600
SINO,20120322,2.7,2.7,2.55,2.57,8100
SIRI,20120322,2.26,2.27,2.25,2.27,13236000
SIVB,20120322,65.55,65.68,64.31,65.42,339600
SIVBO,20120322,25.38,25.38,25.38,25.38,100
SKYW,20120322,11.11,11.15,10.78,10.81,486100
SKYY,20120322,20.98,21.01,20.84,20.94,68700
SLAB,20120322,43.4,43.41,42.63,42.95,153000
SLGN,20120322,43.95,44.19,43.72,43.96,138900
SLM,20120322,5.7429,5.8071,5.7179,5.725,2761400
SLMAP,20120322,45.3,45.35,45.25,45.35,6500
SLMBP,20120322,49.05,49.6,48.95,49.6,1400
SLP,20120322,4.5,4.52,4.45,4.48,5100
SLRC,20120322,22.06,22.19,22.01,22.03,209600
SMBC,20120322,12.605,12.665,12.485,12.665,2900
SMCI,20120322,16.76,16.82,16.5,16.81,81800
SMED,20120322,3.72,3.77,3.67,3.75,51500
SMIT,20120322,3.09,3.09,3.06,3.06,800
SMMF,20120322,3.92,3.92,3.92,3.92,0
SMRT,20120322,6.25,6.48,6.25,6.4,97900
SMSI,20120322,10.28,10.64,10.24,10.48,219700
SMTC,20120322,28.68,28.99,28.46,28.8,387400
SMTX,20120322,3.48,3.52,3.4,3.42,76400
SNAK,20120322,4.7,4.8,4.7,4.77,13900
SNBC,20120322,16.7,17.15,16.6,16.75,48300
SNCR,20120322,32.09,32.34,31.64,31.94,214400
SNFCA,20120322,1.3,1.42,1.3,1.42,1800
SNHY,20120322,27.6,27.84,26.77,26.86,70400
SNMX,20120322,2.81,2.89,2.65,2.73,108300
SNPS,20120322,30.12,30.2,29.96,29.97,633200
SNSS,20120322,14.58,14.94,13.68,14.4,409000
SOCL,20120322,15.24,15.36,15.22,15.32,47000
SODA,20120322,35.75,36.15,34.41,34.51,859300
SOFO,20120322,7.9,7.99,7.9,7.99,4500
SOHU,20120322,54.81,55.6,54.22,54.76,818000
SONA,20120322,6.77,6.77,6.77,6.77,300
SONC,20120322,7.61,7.95,7.42,7.54,1572000
SONS,20120322,14.3,14.6,14.25,14.5,1361800
SORL,20120322,3.34,3.47,3.25,3.44,61300
SOXX,20120322,58.9,59.21,58.6,59.07,206400
SPAN,20120322,16.5,16.5,16.21,16.22,600
SPAR,20120322,5.47,5.52,5.32,5.35,59000
SPEX,20120322,353.4,361,353.4,353.4,35700
SPIL,20120322,5.78,5.85,5.76,5.8,911100
SPLS,20120322,16.58,16.83,16.48,16.74,7727200
SPNC,20120322,9.81,10.38,9.68,10.33,197400
SPNS,20120322,3.1,3.2,3.1,3.13,18900
SPPI,20120322,13.19,13.29,12.89,13.11,1026000
SPRT,20120322,3.24,3.24,3.08,3.18,73900
SPSC,20120322,25.92,26.33,25.86,26.32,36400
SPTN,20120322,17.71,17.94,17.61,17.89,98400
SPU,20120322,1.48,1.52,1.48,1.5,12400
SPWR,20120322,6.84,7,6.75,6.85,977400
SQQQ,20120322,179.68,179.84,176.32,177.6,3179800
SRCE,20120322,24.75,24.8,24.24,24.32,16900
SRCL,20120322,85.05,85.49,84.4,85.43,292300
SRDX,20120322,15.5,15.73,15.38,15.55,41800
SREV,20120322,15.89,15.95,15.57,15.6,305800
SSBI,20120322,5.81,5.9,5.75,5.82,6600
SSFN,20120322,5.05,5.05,5.05,5.05,0
SSH,20120322,8.89,9.5,8.75,8.75,2500
SSNC,20120322,22.94,23.12,22.69,23.12,165700
SSRI,20120322,14.54,14.65,14.34,14.43,861200
SSYS,20120322,36.05,36.34,35.32,36.08,135800
STAA,20120322,10.48,10.67,10.43,10.58,87800
STB,20120322,6.84,6.84,6.77,6.79,80600
STBA,20120322,21.67,21.75,21.27,21.53,40600
STBZ,20120322,17.08,17.35,17.08,17.3,43900
STEM,20120322,12.48,12.72,12.36,12.72,186100
STFC,20120322,13.64,14.01,13.64,13.95,17700
STKL,20120322,5.23,5.31,5.2,5.23,51000
STLD,20120322,14.54,14.7,14.17,14.29,3462400
STLY,20120322,4.89,5,4.69,4.75,61600
STMP,20120322,27.98,28.48,27.78,28.36,204100
STPP,20120322,41.65,41.76,41.53,41.76,20500
STRA,20120322,98.42,99.84,97.8,98.03,154800
STRL,20120322,9.42,9.59,9.3,9.5,78000
STRM,20120322,1.69,1.74,1.69,1.7,6800
STRS,20120322,9.42,9.42,9.42,9.42,0
STRT,20120322,23,24.19,22.5,23.8,1600
STX,20120322,26.7,27.98,26.66,27.93,12346300
SUMR,20120322,5.83,5.86,5.75,5.79,18500
SUNS,20120322,16.35,16.36,16.11,16.25,33700
SVA,20120322,2.07,2.08,2.03,2.03,145100
SVBI,20120322,3.89,3.89,3.72,3.72,300
SVVC,20120322,31.99,32.73,30.57,31.79,122300
SWHC,20120322,7.16,8,7.1,7.68,6242900
SWIR,20120322,6.91,6.97,6.83,6.86,52300
SWKS,20120322,28.24,28.64,27.93,28.4,4395800
SYBT,20120322,15.06,15.1467,14.8867,15.0267,14200
SYKE,20120322,14.76,15.09,14.55,15.04,216400
SYMC,20120322,17.99,18.23,17.95,18.2,5485300
SYMX,20120322,1.5,1.52,1.46,1.49,29400
SYNA,20120322,35.45,36.21,34.89,35.07,584300
SYNC,20120322,7.06,7.58,6.95,7.37,857900
SYNL,20120322,13.45,13.55,13.01,13.1,5500
SYNT,20120322,26.77,27.03,26.495,26.935,57800
SYPR,20120322,3.9,4,3.81,4,8900
SYUT,20120322,5.84,6,5.8,5.91,25500
TACT,20120322,6.92,7.65,6.9,7.22,20600
TAIT,20120322,1.05,1.05,1.05,1.05,0
TASR,20120322,4.22,4.59,4.19,4.56,1929300
TAST,20120322,12.32,12.48,12.32,12.48,44400
TATT,20120322,4.35,4.47,4.23,4.46,2700
TAYD,20120322,9.81,9.94,9.81,9.86,8700
TBBK,20120322,9.22,9.42,9.06,9.4,69500
TBNK,20120322,21.01,21.01,20.71,20.73,10000
TCBI,20120322,34.81,34.85,34.32,34.73,251300
TCBIW,20120322,22.45,22.45,22.45,22.45,0
TCBK,20120322,16.84,16.93,16.69,16.85,17100
TCCO,20120322,12.8,12.8,11.9,12.36,13000
TCRD,20120322,12.93,12.95,12.52,12.73,53400
TCX,20120322,4.6,4.6,4.4,4.56,264500
TEAR,20120322,2.7,3.16,2.7,2.9,595900
TECD,20120322,53.93,54.21,53.47,54,290700
TECH,20120322,68.62,68.77,67.69,68.62,73800
TESO,20120322,13.71,13.76,13.31,13.47,116500
TESS,20120322,21.81,22.48,21.81,22.37,35000
TFSL,20120322,9.56,9.62,9.51,9.55,105700
TGA,20120322,11.42,11.69,11.29,11.61,103400
THFF,20120322,32.01,32.01,31.2,31.23,25400
THLD,20120322,7,7.3,6.8,7.06,1194000
TICC,20120322,9.85,9.96,9.76,9.83,346200
TINY,20120322,4.27,4.34,4.26,4.3,67700
TISA,20120322,4,4.05,3.86,4.03,116000
TITN,20120322,25.69,26,25.44,25.91,282600
TIVO,20120322,11.52,11.89,11.49,11.89,5198500
TLF,20120322,5.28,5.3,5.25,5.26,25700
TLT,20120322,112.28,112.37,111.87,112.15,8009800
TNAV,20120322,6.91,7.02,6.72,7,52000
TNGO,20120322,17.45,19.35,17.45,19.13,1456500
TOPS,20120322,151.9,162.4,140,158.9,59200
TORM,20120322,14.6,15.38,14.55,14.55,6700
TOWN,20120322,13.6,13.63,13.14,13.2,31800
TQQQ,20120322,28.845,29.3975,28.83,29.1925,1111300
TREE,20120322,7.4,7.48,7.27,7.35,4700
TRIB,20120322,10.31,10.38,10.3,10.38,11400
TRIP,20120322,33.6,33.76,33.02,33.25,1047100
TRMB,20120322,27.1,27.1,26.44,27.01,418800
TRMK,20120322,24.76,24.89,24.6,24.8,198200
TRNS,20120322,12.5,12.5,12.5,12.5,0
TROW,20120322,64.2,64.23,63.53,63.94,927700
TRS,20120322,23.07,23.1,22.23,22.55,180100
TRST,20120322,5.51,5.55,5.4,5.44,194400
TSBK,20120322,4.49,4.69,4.47,4.51,2600
TSCO,20120322,43.69,44.035,43.425,43.875,558900
TSEM,20120322,12.9,14.1,12.9,13.35,3482500
TSLA,20120322,34.97,35.15,34.3,34.4,522300
TSRA,20120322,16.73,16.86,16.46,16.56,218500
TSRI,20120322,4.5,4.5,4.41,4.41,1200
TST,20120322,2.16,2.18,2.07,2.15,99100
TTEC,20120322,16.06,16.14,15.89,16.13,83500
TTEK,20120322,24.47,24.9,24.47,24.87,443700
TTGT,20120322,7,7.03,6.91,7.02,21100
TTMI,20120322,11.85,11.98,11.74,11.8,262800
TTWO,20120322,15.97,16.15,15.71,15.81,1290700
TUES,20120322,3.66,3.7,3.62,3.64,150500
TWER,20120322,79.4,79.8,77.6,78.6,368600
TWIN,20120322,26.32,26.87,26.31,26.64,152400
TWMC,20120322,2.19,2.19,2.19,2.19,0
TXN,20120322,33.3,33.51,33.17,33.43,5536700
TXRH,20120322,16.26,16.82,16.26,16.75,989800
TYPE,20120322,15.73,15.73,15.33,15.33,168600
TZOO,20120322,23.29,23.56,22.93,23.14,378600
UBCP,20120322,9.26,9.5,9.18,9.2,10100
UBFO,20120322,2.39,2.52,2.39,2.45,3300
UBNK,20120322,15.68,15.88,15.62,15.86,18100
UBNT,20120322,29,29.33,28.29,28.72,356800
UBOH,20120322,6.8,6.8,6.8,6.8,2200
UBSH,20120322,14.26,14.36,14.04,14.15,13800
UBSI,20120322,29.8,29.88,29.42,29.64,232700
UCBA,20120322,5.89,5.89,5.89,5.89,0
UCBI,20120322,9.73,9.83,9.5,9.65,95100
UCFC,20120322,1.82,1.87,1.75,1.85,12300
UCTT,20120322,7.9,8.05,7.81,7.95,117100
UEIC,20120322,19.59,19.75,19.23,19.52,30400
UEPS,20120322,9.46,9.5,9.14,9.19,71000
UFCS,20120322,18.75,18.84,18.43,18.48,54500
UFPI,20120322,34.49,34.89,33.67,34.46,89400
UFPT,20120322,18.73,18.9,18.55,18.8,3800
UG,20120322,17.56,17.62,17.2,17.5,3600
UHAL,20120322,105.92,107.2,103.59,107.1,30900
ULBI,20120322,5.2,5.47,5.18,5.35,35500
ULTA,20120322,91.36,93.88,90.81,93.59,843800
ULTI,20120322,73.4,74.53,71.34,72.12,145800
UMBF,20120322,44.83,44.96,44.02,44.36,113200
UMPQ,20120322,13.25,13.28,13.07,13.26,619500
UNAM,20120322,11.5,11.5,11.5,11.5,1000
UNB,20120322,19.27,19.27,19.18,19.2,1100
UNFI,20120322,46.64,46.73,45.95,46.66,146900
UNIS,20120322,33.7,34.7,33.5,34.1,113100
UNTY,20120322,6.28,6.28,6.28,6.28,100
UNXL,20120322,5.93,5.98,5.83,5.96,12100
URBN,20120322,28.05,29.15,27.98,29.05,6391600
URRE,20120322,112.8,114,111.6,112.8,539900
USAK,20120322,8.4,8.71,8.35,8.5,11000
USAP,20120322,40.72,40.89,39.74,40.75,48500
USAT,20120322,1.13,1.13,1.07,1.09,161900
USATP,20120322,14.63,14.63,14.59,14.59,300
USCR,20120322,4.53,4.66,4.53,4.58,1700
USEG,20120322,17.1,17.28,16.5,17.1,186500
USLM,20120322,60.85,60.85,56.74,59.31,2000
UTEK,20120322,28.02,28.26,27.19,27.26,104100
UTHR,20120322,47.94,48.27,47.42,47.82,449100
UTMD,20120322,30.32,30.81,30.21,30.51,700
UTSI,20120322,4.11,4.23,4.11,4.23,351400
UVSP,20120322,16.19,16.39,16.03,16.24,12300
VALU,20120322,12.19,12.3,12.11,12.3,3900
VASC,20120322,10.99,11.06,10.93,11.02,29800
VBFC,20120322,24,25.12,24,25.12,200
VCIT,20120322,83.79,83.79,83.64,83.7,135100
VCLT,20120322,85.16,85.16,84.77,85.02,90200
VCSH,20120322,79.06,79.13,79.05,79.1,148900
VDSI,20120322,9.79,9.79,9.45,9.57,166200
VECO,20120322,30.36,30.83,29.14,29.42,1070700
VGIT,20120322,64.59,64.59,64.5,64.51,4600
VGLT,20120322,70.51,70.52,70.29,70.43,7700
VGSH,20120322,60.8,60.82,60.79,60.82,9700
VIA,20120322,52.55,52.62,52.17,52.25,5500
VIAB,20120322,46.82,47.15,46.53,46.68,3114100
VICL,20120322,30,30.4,29.7,30.2,518100
VICR,20120322,8,8.17,7.96,8.02,36500
VIRC,20120322,2.02,2.21,1.87,2.12,4300
VISN,20120322,32.2,32.6,31,32,115000
VIVO,20120322,17.99,18.27,17.92,18.27,244400
VLGEA,20120322,30.91,30.91,29.86,30.42,15000
VMBS,20120322,52,52.03,51.95,51.95,14800
VNDA,20120322,4.81,4.87,4.76,4.8,129900
VNET,20120322,11.24,11.6,11.06,11.41,272300
VNQI,20120322,46.64,46.9,46.56,46.77,24600
VOD,20120322,27.35,27.76,27.33,27.74,11889700
VONE,20120322,63.97,63.98,63.74,63.93,13700
VONG,20120322,67.21,67.25,66.97,67.06,2200
VONV,20120322,60.78,60.87,60.78,60.81,1000
VOXX,20120322,13.55,13.7,13.3,13.63,231600
VRA,20120322,31.84,32.33,30.87,31.09,1152400
VRML,20120322,1.52,1.76,1.48,1.62,476700
VRNT,20120322,29.17,29.5,29.09,29.39,228000
VRSK,20120322,45.77,46.25,45.63,46.09,1021700
VRSN,20120322,37.9,38.6,37.85,38.47,1390200
VRTB,20120322,5.76,5.8,5.76,5.8,2600
VRTS,20120322,79.24,79.93,78.38,79.45,10000
VRTU,20120322,16.21,16.22,15.68,15.99,21300
VRTX,20120322,41.08,41.46,40.17,40.64,1616200
VSAT,20120322,45.74,46.34,45.39,46.02,193400
VSEC,20120322,12.07,12.07,11.78,11.885,5000
VSTM,20120322,10.55,10.75,10.06,10.64,23800
VTHR,20120322,63.95,64.14,63.87,63.87,48600
VTWG,20120322,68.37,68.48,67.86,68.25,13500
VTWO,20120322,65.07,65.23,64.69,65.03,2600
VTWV,20120322,62.88,62.88,62.88,62.88,0
VVUS,20120322,20.92,21.05,20.5,20.81,2349800
VXUS,20120322,45.27,45.36,45.06,45.26,71900
WABC,20120322,47.93,47.94,46.78,47.57,95000
WAFD,20120322,17,17.01,16.77,16.86,278600
WAFDW,20120322,5,5,5,5,0
WASH,20120322,23.83,24.05,23.65,23.87,17300
WAYN,20120322,8.34,8.34,8.34,8.34,0
WBKC,20120322,15.26,15.26,15.26,15.26,100
WBMD,20120322,25.57,25.72,25.52,25.66,453000
WDC,20120322,40.36,42.4,39.98,42.06,10889500
WDFC,20120322,43.84,44.5,43.72,44.48,37600
WEBK,20120322,12.95,12.95,12.95,12.95,0
WEN,20120322,5.04,5.07,4.97,4.99,2381100
WERN,20120322,25.47,25.47,24.92,25.38,381200
WETF,20120322,8.15,8.31,7.97,8.28,274200
WEYS,20120322,23.44,23.53,23.08,23.24,8300
WFM,20120322,41.8,41.93,41.455,41.475,1196900
WIFI,20120322,11.23,11.38,10.93,11.33,121700
WILC,20120322,4.77,4.77,4.7,4.7,6700
WILN,20120322,5.22,5.23,5.13,5.14,17400
WIN,20120322,12.03,12.08,11.96,11.97,14399000
WINA,20120322,57.59,57.59,56.52,56.93,2400
WIRE,20120322,29.19,29.26,28.8,29.17,42700
WLB,20120322,11.33,11.43,11.25,11.39,22200
WLDN,20120322,3.73,3.84,3.65,3.65,11500
WLFC,20120322,13.48,13.49,13.01,13.49,6400
WMAR,20120322,11.49,11.78,11.44,11.73,31400
WMGI,20120322,18.59,19.23,18.49,18.78,406900
WOOD,20120322,40.7,40.93,40.47,40.77,33300
WOOF,20120322,22.03,22.16,21.85,21.97,199000
WPCS,20120322,200.2,201.74,189.42,198.66,4100
WPPGY,20120322,68.07,68.26,67.75,68.06,57200
WPRT,20120322,45.85,47.1,45.35,45.86,2289100
WRLD,20120322,64.22,64.22,63.25,63.55,70200
WSBC,20120322,20.03,20.11,19.81,20.03,66800
WSBF,20120322,3.01,3.01,3.01,3.01,100
WSCI,20120322,5.02,5.19,5.02,5.15,5000
WSFS,20120322,12.89,12.9067,12.5933,12.7433,12300
WSTG,20120322,14.25,14.26,14.16,14.18,3400
WSTL,20120322,2.37,2.4,2.35,2.39,132400
WTBA,20120322,9.73,9.79,9.6,9.68,12400
WTFC,20120322,35.76,35.82,35.31,35.75,192100
WTFCW,20120322,17.15,17.15,17.15,17.15,0
WVFC,20120322,8.63,8.63,8.63,8.63,0
WVVI,20120322,3.17,3.23,3.14,3.14,1700
WWD,20120322,42.01,42.33,41.83,42.06,537900
WYNN,20120322,128,129.85,125.97,126.81,1355900
XBKS,20120322,4.03,4.2,4.03,4.1,3500
XLNX,20120322,36.11,36.45,35.96,36.23,3376200
XOMA,20120322,46.8,46.8,43.6,44.4,1033800
XRAY,20120322,39.06,39.16,38.7,39.1,715500
XXIA,20120322,12.15,12.37,12.01,12.2,392800
YHOO,20120322,15.51,15.56,15.38,15.48,14619800
YNDX,20120322,24.03,24.06,23.56,23.75,526700
YORW,20120322,17.18,17.27,17.02,17.09,12500
YRCW,20120322,8.11,8.13,7.71,7.84,159600
Z,20120322,33,33.56,31.66,33.55,360500
ZAGG,20120322,10.61,10.95,10.45,10.63,1343300
ZBRA,20120322,40.14,40.67,39.71,40.47,125200
ZEUS,20120322,24.25,24.38,23.37,23.76,72500
ZGNX,20120322,14.56,14.64,14.08,14.48,221200
ZION,20120322,21.88,21.93,21.39,21.48,3656600
ZIONW,20120322,4.75,4.89,4.75,4.89,2800
ZIOP,20120322,5.21,5.25,5.06,5.12,263400
ZIXI,20120322,2.94,3.01,2.92,2.95,162000
ZLTQ,20120322,5.97,5.98,5.73,5.79,232500
ZN,20120322,2.56,2.65,2.55,2.6,74800
ZNGA,20120322,13.99,14.22,13.6,13.76,8708400
ZUMZ,20120322,34.94,35.68,34.67,35.62,197800
