<ticker>,<date>,<open>,<high>,<low>,<close>,<vol>
AAME,20090901,0.78,0.78,0.75,0.76,2400
AAON,20090901,6.1926,6.3111,6.0978,6.1481,65500
AAPL,20090901,23.9986,24.2857,23.5629,23.6143,16742700
AAWW,20090901,24.75,25.64,24.14,24.15,282400
AAXJ,20090901,48.17,49,47.34,47.44,115000
ABAX,20090901,26.38,26.99,25.65,25.84,298200
ABCB,20090901,6.37,6.53,6.2,6.21,39000
ABCO,20090901,13.3,14.4,13.075,13.405,101500
ABIO,20090901,142.8,147,134.4,135.24,102600
ABMD,20090901,8.26,8.41,7.89,7.97,202500
ABTL,20090901,3,3.3,3,3.3,118900
ACAD,20090901,1.72,2.23,1.69,2,50909400
ACAS,20090901,2.44,2.47,2.25,2.26,5473400
ACAT,20090901,7.03,7.44,6.9,6.9,85300
ACET,20090901,6.66,6.82,6.5,6.57,146400
ACFC,20090901,1.98,2.06,1.9,2.02,3700
ACGL,20090901,21.6667,21.7733,21.46,21.4733,430800
ACHN,20090901,1.75,1.83,1.7,1.73,15200
ACIW,20090901,4.53,4.68,4.5167,4.56,235900
ACLS,20090901,3,3,2.64,2.76,367800
ACOR,20090901,22.39,22.82,21.74,22.09,393000
ACPW,20090901,3.65,3.7,3.6,3.6,31200
ACTG,20090901,8.93,9.26,8.46,8.47,187800
ACTS,20090901,2.26,2.27,2.17,2.18,258400
ACUR,20090901,5.76,6.06,5.54,5.56,61100
ACWI,20090901,38.84,39.12,38,38.04,56000
ACWX,20090901,37.47,37.9,36.9,36.99,50000
ACXM,20090901,8.8,9.3,8.8,8.92,575500
ADBE,20090901,31.27,32.08,30.89,31.1,7666500
ADES,20090901,2.16,2.18,2.055,2.095,4100
ADI,20090901,28.08,28.94,27.68,27.76,4116200
ADP,20090901,33.6611,34.0562,33.0026,33.1694,5039000
ADRA,20090901,24.25,24.35,23.81,23.84,9900
ADRD,20090901,20.45,20.59,19.99,20.03,9800
ADRE,20090901,37.56,38.16,36.71,36.73,333100
ADRU,20090901,19.96,20.29,19.67,19.68,3600
ADSK,20090901,23.54,23.99,22.69,22.7,3725200
ADTN,20090901,22.57,23.28,22.33,22.38,723600
AEHR,20090901,0.83,0.89,0.83,0.89,24700
AEIS,20090901,10.38,10.82,10.25,10.48,174000
AEPI,20090901,37.91,39.54,37.5,37.74,23100
AETI,20090901,2.02,2.11,1.96,2.09,5200
AEY,20090901,1.93,2.25,1.93,2.04,36900
AEZS,20090901,570,576,546,552,455500
AFAM,20090901,27.35,28.04,26.76,26.96,119000
AFSI,20090901,6.22,6.265,6.005,6.1,372600
AGEN,20090901,2.07,2.18,2,2,3511200
AGII,20090901,35.06,35.52,34.66,34.74,117200
AGNC,20090901,24.64,25.29,24.32,24.41,450100
AGYS,20090901,6.28,6.92,6.28,6.58,100300
AHGP,20090901,20.07,20.41,19.61,19.68,13800
AHPI,20090901,4,4.39,4,4.39,2400
AIMC,20090901,9.5,9.87,9.43,9.55,225400
AINV,20090901,9.18,9.43,9.01,9.04,2166400
AIRM,20090901,11.38,11.7833,11.3467,11.5267,114500
AIRT,20090901,8.79,8.8,8.76,8.8,1300
AIXG,20090901,18.71,19.28,17.5,17.76,522600
AKAM,20090901,17.66,17.98,16.83,16.84,9812600
AKRX,20090901,1.29,1.36,1.22,1.28,747800
ALCO,20090901,29.3,29.71,27.8,27.8,33800
ALGN,20090901,13.26,13.62,12.75,12.91,610500
ALGT,20090901,39,39.92,37.66,37.8,426100
ALKS,20090901,8.99,9.09,8.64,8.75,1046700
ALLT,20090901,3.77,3.82,3.71,3.8,26300
ALNY,20090901,22.08,23,21.68,21.84,210100
ALOG,20090901,35.26,36.27,34.6,34.69,34300
ALOT,20090901,5.99,6.16,5.62,5.62,48500
ALSK,20090901,7.94,8.07,7.82,7.86,285900
ALXN,20090901,22.955,23.045,22.265,22.325,1357500
AMAG,20090901,41.11,41.9,40.65,41.06,321500
AMAT,20090901,13.1,13.46,12.88,12.93,23469800
AMCC,20090901,7.85,8.07,7.53,7.66,1040600
AMCN,20090901,7.3,7.31,7,7.25,164500
AMD,20090901,4.36,4.57,4.18,4.22,32596200
AMED,20090901,44.47,45.23,43.4,43.57,494600
AMGN,20090901,59.61,60.66,58.65,58.98,6598600
AMKR,20090901,5.48,5.84,5.45,5.63,5278400
AMNB,20090901,21.68,21.86,20.69,20.95,17400
AMOT,20090901,1.91,1.93,1.9,1.93,1200
AMOV,20090901,22.38,22.67,21.845,21.845,12500
AMPH,20090901,23.02,23.39,22.87,23,55900
AMRB,20090901,8.01,8.01,8.01,8.01,0
AMRI,20090901,8.02,8.19,7.78,7.89,97000
AMRN,20090901,1.27,1.27,1.23,1.24,13400
AMSC,20090901,320.6,325,304.9,307.1,926300
AMSF,20090901,16.91,17.42,16.74,16.82,88100
AMSG,20090901,20.34,20.71,19.9,20.02,259000
AMSWA,20090901,6.22,6.58,6.1,6.11,55900
AMTD,20090901,19.5,19.74,19.09,19.11,6895600
AMWD,20090901,20.08,21.19,20.08,21.09,119200
AMZN,20090901,80.74,82.42,79,79.16,6246200
ANAT,20090901,85.3,86.81,83.38,83.58,46100
ANCX,20090901,6.12,6.16,6.12,6.12,2600
ANDE,20090901,21.72,22.3,21.3733,21.44,325900
ANGO,20090901,12.82,13.5,12.79,12.84,173200
ANIK,20090901,5.95,6.09,5.86,6,64500
ANSS,20090901,35.01,35.7,34.32,34.59,442400
APEI,20090901,34.42,35.6,34.04,34.21,270600
APOG,20090901,13.01,13.41,12.54,12.71,241400
APOL,20090901,64.8,65.78,63.1,63.63,2476400
APPY,20090901,100.32,111.84,97.44,108.96,131000
ARAY,20090901,6.4,6.54,6.23,6.24,267300
ARCC,20090901,9.3,9.54,9.21,9.23,1078500
ARCI,20090901,2.42,2.56,2.3,2.3,69100
ARCW,20090901,0.852,0.94,0.852,0.94,1500
AREX,20090901,7.43,7.73,7.35,7.53,44200
ARIA,20090901,2.25,2.45,2.2,2.35,8460100
ARII,20090901,9.95,10.49,9.94,10.03,107300
ARKR,20090901,13.54,13.96,13.5,13.5,2800
ARLP,20090901,16.635,16.76,16.315,16.345,106100
ARNA,20090901,4.61,4.74,4.4,4.45,1913500
AROW,20090901,27.12,27.18,26,26.06,39500
ARQL,20090901,5.38,5.51,5.27,5.3,132800
ARRS,20090901,13.22,13.53,13.01,13.04,1609400
ARRY,20090901,4.1,4.28,3.93,3.95,271500
ARTNA,20090901,17.4,17.78,17,17.24,35000
ARTW,20090901,4.85,4.9,4.54,4.9,19700
ARTX,20090901,1.71,1.76,1.65,1.68,50200
ARWR,20090901,0.48,0.5,0.48,0.48,119500
ASCMA,20090901,25.46,26.45,24.99,25.97,111400
ASFI,20090901,8.5,8.62,7.75,7.84,149800
ASML,20090901,27.23,27.78,26.58,26.63,2849400
ASPS,20090901,14,14.49,13.71,13.89,164000
ASRV,20090901,2,2.01,1.92,1.95,18100
ASRVP,20090901,20,20,20,20,200
ASTC,20090901,1.25,1.26,1.19,1.25,13500
ASTE,20090901,25.15,25.86,24.92,24.98,244900
ASUR,20090901,0.1467,0.18,0.14,0.1533,182000
ASYS,20090901,4.94,4.94,4.85,4.9,20200
ATAI,20090901,7.1,7.2,6.71,7.09,11000
ATAX,20090901,5.66,5.9,5.56,5.56,25700
ATEC,20090901,54.36,55.8,51,52.08,105000
ATHN,20090901,39.83,40.04,39.14,39.6,699900
ATHX,20090901,1.01,1.04,0.95,0.96,45700
ATLO,20090901,24,25.47,23.4,23.69,14800
ATNI,20090901,47.11,47.22,43.33,44.77,137800
ATRC,20090901,3.92,3.99,3.86,3.99,18800
ATRI,20090901,131.6,138.36,131.6,134.27,5200
ATRO,20090901,7.275,7.475,6.9333,6.9917,20600
ATSG,20090901,2.96,2.99,2.71,2.76,353800
ATVI,20090901,11.64,11.77,11.25,11.42,14027100
AUBN,20090901,28,28.6,27,28.16,7200
AUDC,20090901,1.92,1.97,1.85,1.88,27100
AVAV,20090901,28.14,28.85,28.14,28.46,117100
AVGO,20090901,18.25,18.44,16.94,17.85,1383400
AVID,20090901,12.92,13.4,12.67,12.76,120100
AWRE,20090901,2.71,2.8,2.65,2.72,7800
AXAS,20090901,1.15,1.18,1.1,1.1,120600
AXTI,20090901,1.72,1.81,1.68,1.69,75300
AZPN,20090901,10,10.05,10,10,20700
BABY,20090901,14.13,14.35,14,14.01,170000
BANF,20090901,36.58,36.62,35.5,35.51,28600
BANFP,20090901,25.08,25.08,25.08,25.08,100
BANR,20090901,22.26,24.01,21.35,21.63,215300
BASI,20090901,0.89,0.89,0.89,0.89,0
BBBY,20090901,36.27,37.23,35.47,35.55,4390100
BBGI,20090901,3.05,3.49,3.05,3.44,900
BBOX,20090901,24.91,25.62,24.67,24.95,150900
BBRY,20090901,74.16,76.14,73.45,73.54,16502200
BBSI,20090901,10.39,10.69,10.37,10.55,27500
BCBP,20090901,7.6,8.1,7.35,8.1,1600
BCPC,20090901,16.5333,16.62,16.24,16.3667,66100
BCRX,20090901,12.95,13.47,11.34,11.54,6236400
BDGE,20090901,26.25,26.53,25.55,25.56,11700
BDSI,20090901,4.75,4.86,4.54,4.63,278200
BEAT,20090901,6.54,6.8,6.42,6.53,2807300
BEAV,20090901,17.05,17.74,16.68,16.86,877800
BEBE,20090901,7.45,7.63,7.29,7.36,647200
BECN,20090901,16.63,16.93,15.82,15.89,341100
BELFA,20090901,16.69,16.69,15.75,15.8,6200
BELFB,20090901,16.84,17.57,16.24,16.55,28100
BFIN,20090901,9.78,10.27,9.68,9.85,38200
BGCP,20090901,4.47,4.52,4.35,4.35,593600
BGFV,20090901,15.15,15.66,14.91,15,185200
BIDU,20090901,32.791,33.87,31.649,31.876,2433200
BIIB,20090901,49.61,50.61,48.98,49.24,3144300
BIOC,20090901,10.5,10.74,10.5,10.65,8400
BIOS,20090901,5.87,6.09,5.62,5.65,350600
BJRI,20090901,17.12,17.36,16.46,16.6,185100
BKCC,20090901,7.87,8.33,7.84,7.94,48600
BKMU,20090901,8.79,9,8.73,8.76,202500
BKSC,20090901,13.22,13.22,12.64,12.64,200
BLDP,20090901,1.74,1.79,1.68,1.78,114200
BLDR,20090901,7.05,8.3,4.9,4.98,1143200
BLKB,20090901,19.16,19.75,18.51,18.94,198000
BMRC,20090901,32.69,32.69,31.14,31.63,9100
BMRN,20090901,16.3,16.74,15.89,15.97,1183200
BMTC,20090901,17.69,18.17,17.55,18,28300
BNCL,20090901,8.8,8.92,8.66,8.76,297100
BNCN,20090901,7.75,7.75,7.75,7.75,0
BNSO,20090901,1.21,1.38,1.16,1.38,6700
BOBE,20090901,26.85,27.53,26.14,26.34,218300
BOCH,20090901,5.25,5.25,5.25,5.25,100
BOFI,20090901,2,2.1925,1.9375,2.115,118500
BOKF,20090901,44.73,45.2,42.8,42.82,189400
BONT,20090901,6.79,6.9,6.5,6.79,216800
BOOM,20090901,16.16,16.63,15.55,15.66,208000
BOSC,20090901,1.68,1.72,1.52,1.6,24000
BPFH,20090901,4.95,5.12,4.48,4.55,853500
BPOP,20090901,21.4,21.6,19.5,20.4,44891500
BPOPM,20090901,17.2,17.2,17.2,17.2,0
BPOPN,20090901,16.5,16.5,16.5,16.5,200
BRCD,20090901,7.31,7.77,7.25,7.27,26516000
BRID,20090901,8.76,8.76,8.76,8.76,0
BRKL,20090901,10.37,10.49,9.96,10.03,348200
BRKR,20090901,10.06,10.24,9.9,10,481700
BRKS,20090901,6.46,6.92,6.15,6.21,335800
BSET,20090901,5.07,5.1,4.74,4.85,109800
BSQR,20090901,2.27,2.27,2.15,2.25,32900
BSRR,20090901,12.75,13.81,12.52,12.87,34200
BSTC,20090901,26,26,25.62,25.77,13900
BUSE,20090901,6.14,6.29,6.08,6.16,56000
BVSN,20090901,14.04,15.25,14.04,14.69,4100
BWEN,20090901,75,79,75,76.5,190600
BWINA,20090901,21.35,21.35,21.35,21.35,1100
BWINB,20090901,22,22.46,22,22,31700
BWLD,20090901,41.14,42.16,40.13,40.25,516000
BYFC,20090901,5.2,5.2,5.2,5.2,0
CA,20090901,22.178,22.6064,21.7097,21.7795,8332100
CAAS,20090901,7.77,8.33,7.77,7.83,119900
CAC,20090901,31.97,33.37,31.51,32.1,44400
CACB,20090901,1.26,1.3,1.2,1.21,111000
CACC,20090901,31.12,31.71,29.02,29.21,45700
CAKE,20090901,18.21,18.72,18,18.12,1577500
CALD,20090901,2.71,2.89,2.67,2.71,131500
CALI,20090901,21,22.8,20.1,21.6,8600
CALM,20090901,14.2,14.345,13.805,13.875,249500
CAMP,20090901,2.11,2.24,2,2.06,51100
CAMT,20090901,0.99,1.01,0.94,0.97,14300
CART,20090901,6.75,6.75,6.75,6.75,0
CARV,20090901,6.5,7,6.5,6.97,400
CASH,20090901,21.54,22,21.29,21.29,15400
CASM,20090901,1.7,1.75,1.52,1.57,249900
CASS,20090901,31.03,31.89,30.56,30.59,23400
CASY,20090901,27.53,28.27,27.37,27.94,482500
CATM,20090901,7.87,8.01,7.58,7.59,109100
CATY,20090901,9.2,9.35,8.8,8.81,990400
CAVM,20090901,20.17,20.52,19.49,19.85,832000
CBAK,20090901,14,14.9,13.4,13.5,278000
CBAN,20090901,6.02,6.39,6.02,6.39,300
CBLI,20090901,78.8,79.8,74.8,76.4,139900
CBMX,20090901,984,1050,984,1035,56600
CBMXW,20090901,19.5,19.5,19.5,19.5,0
CBRL,20090901,28.41,29.12,28.06,28.23,234500
CBSH,20090901,36.75,37.33,35.77,35.92,615100
CCBG,20090901,14.52,14.82,14.05,14.16,35400
CCMP,20090901,34.23,35,33.72,33.9,155500
CCNE,20090901,15.75,16.19,15.28,15.29,11100
CCOI,20090901,9.61,10.25,9.3,9.36,315600
CCRN,20090901,9.11,9.97,9.11,9.89,257200
CCUR,20090901,4.56,4.56,4.33,4.55,54400
CDNS,20090901,6.21,6.36,6.06,6.09,2429300
CDTI,20090901,7.75,8.5,7.75,8.4,8500
CDZI,20090901,11.96,12.35,11.46,11.57,46400
CECE,20090901,3.34,3.34,3.17,3.25,22300
CECO,20090901,23.75,24.12,23.01,23.27,875500
CELG,20090901,25.92,26.695,25.44,25.485,3760200
CENT,20090901,12,12.3,11.5,11.57,329200
CENTA,20090901,10.88,11.23,10.39,10.44,356900
CENX,20090901,10.04,10.33,9.33,9.33,7912200
CERN,20090901,15.42,15.73,15.2525,15.435,843300
CERS,20090901,2.13,2.19,1.95,1.97,1717800
CETV,20090901,27.43,28.82,26.73,27.5,565900
CEVA,20090901,8.7,9.08,8.65,8.8,67800
CFBK,20090901,13.25,13.25,12.5,13,900
CFFI,20090901,18.3,18.3,18.3,18.3,0
CFFN,20090901,31.91,32.11,31.29,31.32,206400
CFNB,20090901,12.66,12.66,11.34,11.85,9800
CFNL,20090901,7.86,8.13,7.68,7.86,142100
CGEN,20090901,2.88,2.88,2.7,2.76,191600
CGNX,20090901,8,8.27,8,8.075,308700
CHCI,20090901,0.77,0.78,0.7,0.71,263400
CHCO,20090901,31.54,32.2,30.66,30.79,47100
CHDN,20090901,37.75,38.98,36.58,36.67,21800
CHFC,20090901,20.72,21.29,20.3,20.4,49600
CHFN,20090901,12.0883,12.0883,12.0883,12.0883,0
CHKE,20090901,20.4,20.9,19.39,19.54,79300
CHKP,20090901,27.8,28.21,27.08,27.11,2556900
CHNR,20090901,10.38,10.49,10.01,10.2,11100
CHRS,20090901,5.17,5.32,4.75,4.79,1259900
CHRW,20090901,55.98,57.21,55.18,55.37,1284100
CHSCP,20090901,27.3,27.5,27.15,27.25,22800
CIDM,20090901,10.1,10.4,10,10.1,1500
CINF,20090901,25.52,25.93,24.84,24.86,1623800
CISG,20090901,16.45,18.39,16.45,16.75,518700
CIZN,20090901,26.15,27.5,26.15,26.15,2300
CKEC,20090901,10.12,10.27,9.55,9.76,41900
CLBH,20090901,3.75,3.8,3.75,3.75,1700
CLCT,20090901,4.51,4.89,4.51,4.66,11500
CLDX,20090901,5.84,5.84,5.5,5.51,206400
CLFD,20090901,3.23,3.45,3,3.23,261900
CLMS,20090901,11.22,11.53,10.75,10.89,176300
CLMT,20090901,13.57,14.4,13.55,13.75,101300
CLNE,20090901,12.39,12.6,11.51,11.55,1771300
CLRO,20090901,2.84,2.84,2.71,2.73,2800
CLSN,20090901,3.42,3.42,3.21,3.3,19200
CLUB,20090901,2.74,2.75,2.6,2.61,105300
CLWT,20090901,6.16,6.16,5.775,6.05,14100
CMCO,20090901,12.2,12.62,11.87,12.1,375100
CMCSA,20090901,15.22,15.61,15.05,15.15,36266100
CME,20090901,57.842,59.358,55.732,55.834,1654100
CMLS,20090901,10.72,11.44,9.44,10,310600
CMTL,20090901,34.01,34.73,33.28,33.47,270300
CNBKA,20090901,23.65,24.88,21.79,22,9700
CNMD,20090901,17.73,18.32,17.63,17.75,374100
CNOB,20090901,9.04,9.42,8.57,8.6,28300
CNSL,20090901,14.08,14.23,13.77,14.1,237600
CNTF,20090901,12.4,13,12.2,12.8,494400
CNTY,20090901,2.94,2.94,2.76,2.91,24000
COBZ,20090901,4.67,4.86,4.45,4.49,198500
COGT,20090901,10.42,10.58,10.35,10.42,833900
COHR,20090901,22.31,22.78,21.79,22.01,107700
COHU,20090901,11.76,12.25,11.38,11.71,66000
COKE,20090901,53.41,54.08,48.38,48.9,74900
COLB,20090901,16.24,16.82,16.11,16.38,385300
COLM,20090901,19.51,19.66,19.22,19.235,247000
CONN,20090901,11.2,11.86,10.76,10.97,238300
COOL,20090901,66.78,70.14,64.68,65.1,119100
CORE,20090901,7.1125,7.2975,6.9375,6.9625,109500
CORT,20090901,1.14,1.14,1.06,1.06,35100
COST,20090901,51.34,51.37,50.18,50.65,5505500
COWN,20090901,6.5,6.5,6.23,6.3,63300
CPHC,20090901,6.96,7,6.94,7,1400
CPIX,20090901,16.75,16.86,15,16.1,71000
CPLA,20090901,63.3,64,62.13,62.43,101500
CPLP,20090901,7.5,7.96,7.5,7.77,116300
CPRT,20090901,17.745,18.015,17.525,17.555,388100
CPRX,20090901,1.29,1.39,0.99,1.07,2277300
CPSI,20090901,38.63,39.09,38.04,38.7,96900
CPSS,20090901,0.92,0.92,0.89,0.89,15900
CPST,20090901,25.8,28.8,25.2,27.6,9700600
CRAI,20090901,27.72,28.66,26.75,27.36,55300
CRAY,20090901,7.21,7.35,6.76,6.82,353600
CREE,20090901,36.63,37.73,35.65,35.89,1557000
CRESY,20090901,11.4,11.45,11.15,11.23,84000
CRIS,20090901,2.11,2.25,1.9,2.1,1222700
CRME,20090901,22.4,22.65,21.9,22.15,564800
CRMT,20090901,23,24.28,22.26,24.05,981200
CRNT,20090901,6.99,7.16,6.98,7.03,70000
CROX,20090901,6.29,6.68,6.05,6.19,4165600
CRUS,20090901,4.96,5.08,4.81,4.86,693500
CRVL,20090901,15.275,15.625,15.015,15.165,64800
CRWS,20090901,2.8,2.8,2.8,2.8,0
CRZO,20090901,19.17,19.69,18.82,18.89,727500
CSBK,20090901,10.44,10.89,10,10.27,29900
CSCO,20090901,21.46,21.87,21.08,21.17,48748300
CSFL,20090901,8.25,8.58,7.82,7.99,275000
CSGP,20090901,37.6,38.66,37.1,37.39,155400
CSGS,20090901,15.04,15.36,14.65,14.88,261000
CSII,20090901,8.34,8.4,7.5,7.5,54000
CSIQ,20090901,14.55,14.98,13.55,13.71,1346500
CSPI,20090901,3.69,3.69,3.56,3.56,2700
CSTR,20090901,32.94,33.33,32.18,32.37,518700
CSWC,20090901,19,19.25,18.5,18.63,8700
CSX,20090901,14.1067,14.4533,13.92,13.98,5809000
CTAS,20090901,26.99,27.6,26.84,27.06,2026800
CTBI,20090901,26.6,27.55,26.6,26.6,38400
CTHR,20090901,0.46,0.46,0.41,0.42,9400
CTIB,20090901,2.15,2.15,2.01,2.02,3300
CTIC,20090901,7.8,8.1,7.5,7.5,26745300
CTRN,20090901,22.15,22.26,21.3,21.55,342800
CTRP,20090901,12,12.535,11.9975,12.0875,1976800
CTSH,20090901,17.435,17.775,17.12,17.28,4572100
CTWS,20090901,22.06,22.46,21.75,21.77,13800
CTXS,20090901,35.58,36.06,34.68,34.75,2558800
CUBA,20090901,6.1,6.1,5.95,5.95,15400
CUTR,20090901,8.75,9.25,8.7,8.75,50400
CVBF,20090901,6.98,7.17,6.61,6.9,2212400
CVCO,20090901,32.03,32.49,30.11,30.75,20200
CVCY,20090901,5.75,5.75,5.75,5.75,0
CVGI,20090901,4.4,4.79,4.33,4.37,185400
CVGW,20090901,17.5,17.88,16.63,16.75,74700
CVLT,20090901,18.25,19.11,18.18,18.89,608700
CVLY,20090901,6.35,6.35,6.35,6.35,1600
CVTI,20090901,4.86,4.86,4.44,4.55,7100
CVV,20090901,3.32,3.32,3.32,3.32,400
CWBC,20090901,2.36,2.36,2.35,2.35,5000
CWCO,20090901,18.21,18.89,18,18.14,54200
CWST,20090901,2.65,2.75,2.53,2.6,65300
CYAN,20090901,2.34,2.4,2.3,2.32,2400
CYBE,20090901,6.11,6.29,5.84,6.1,7800
CYCC,20090901,69.72,72.24,67.2,67.2,200400
CYCCP,20090901,1.39,1.39,1.39,1.39,1200
CYNO,20090901,10.89,11.22,10.21,11,171900
CYOU,20090901,37.78,40.19,37.57,38.6,1029200
CYTK,20090901,18.9,20.1,18.18,18.84,341200
CYTR,20090901,7.21,7.28,6.72,6.72,1047900
CYTX,20090901,45.3,48.3,45,45.45,342200
CYTXW,20090901,1.45,1.45,1.45,1.45,1200
CZFC,20090901,4.8,4.8,4.8,4.8,0
CZNC,20090901,18.25,19.74,18.1,18.19,24800
CZWI,20090901,5.11,5.11,5.11,5.11,0
DAIO,20090901,3.34,3.34,3.13,3.13,12700
DAKT,20090901,8.08,8.21,7.84,7.87,256900
DAVE,20090901,5.67,5.74,5.51,5.55,22200
DCOM,20090901,11.13,11.4,10.96,11.05,288200
DCTH,20090901,55.36,56.8,51.36,51.68,788400
DENN,20090901,2.52,2.6,2.42,2.46,555900
DEPO,20090901,3.1,3.19,2.89,2.89,323900
DEST,20090901,10.02,10.325,9.83,9.965,32200
DGAS,20090901,13.15,13.15,12.5,12.5,400
DGICA,20090901,14.54,15.03,14.32,14.61,14800
DGICB,20090901,16.15,16.15,16.15,16.15,0
DGII,20090901,8.52,8.55,8.15,8.17,123200
DGLY,20090901,2.49,2.5,2.35,2.49,22800
DHIL,20090901,51.17,54.4,48,50.48,6200
DIOD,20090901,20.24,21.2,20.15,20.46,330100
DISCA,20090901,25.75,26.46,25.53,25.54,1843300
DISCB,20090901,26.29,26.29,26.29,26.29,0
DISCK,20090901,11.71,11.935,11.535,11.615,626800
DISH,20090901,16.3,16.82,15.85,15.97,3496200
DJCO,20090901,54.99,54.99,54.99,54.99,0
DLTR,20090901,16.6334,17,16.4434,16.51,1340900
DMLP,20090901,21.64,23.14,21.57,22.48,128100
DMRC,20090901,13.48,13.53,13.4,13.4,7900
DNBF,20090901,7.25,7.85,7.25,7.85,1400
DORM,20090901,7.03,7.5,6.95,7.005,56800
DRAD,20090901,2.08,2.14,1.96,1.98,51100
DRAM,20090901,33.12,34.92,32.22,32.22,23100
DRRX,20090901,2.43,2.52,2.41,2.45,222600
DRYS,20090901,8730,9105,8430,8475,19611400
DSGX,20090901,4.4,4.42,4.25,4.25,41700
DSPG,20090901,7.83,8.07,7.09,7.31,139000
DSWL,20090901,4.06,4.1,3.99,4.07,28900
DTLK,20090901,3.48,3.67,3.47,3.6,15400
DTSI,20090901,26.6,26.87,25.59,25.64,122400
DVAX,20090901,18.9,19,16.7,16.7,1117000
DWCH,20090901,2.74,2.74,2.57,2.65,6100
DWSN,20090901,24.69,25.42,23.81,24.01,106100
DXCM,20090901,7.73,8.02,7.6,7.69,211900
DXPE,20090901,10.51,10.87,10.13,10.27,139600
DXYN,20090901,3,3,2.95,2.99,3400
DYNT,20090901,4.2,4.2,2.95,3.9,15400
EBAY,20090901,9.3221,9.76,9.0568,9.1284,38207300
EBIX,20090901,16.4567,17.1933,16.37,16.7067,307500
EBSB,20090901,3.7704,3.8562,3.7623,3.8154,17200
EBTC,20090901,13.28,14.35,13.16,13.16,2600
ECOL,20090901,18.15,18.75,18.04,18.12,76000
ECPG,20090901,14.74,14.93,13.92,13.95,63800
EDAP,20090901,4.5,4.91,4.02,4.2,3912700
EDGW,20090901,3.09,3.16,2.88,3.03,15800
EDUC,20090901,5.25,5.25,5.25,5.25,600
EEFT,20090901,23.42,23.81,23.2,23.3,476700
EEI,20090901,17,17,16.35,16.35,8200
EFII,20090901,10.55,10.81,10.23,10.41,174200
EFOI,20090901,0.98,0.98,0.95,0.95,12200
EFSC,20090901,11.12,11.98,10.95,10.95,19400
EFUT,20090901,8.06,8.45,8.06,8.28,19400
EGBN,20090901,9.09,9.47,8.73,9.19,19700
EGHT,20090901,0.91,0.97,0.85,0.89,292700
EGLE,20090901,7128,7430.4,6811.2,6854.4,3131500
EGOV,20090901,7.65,7.84,7.51,7.53,269400
EHTH,20090901,18.45,18.5,17.82,17.88,302000
ELGX,20090901,4.5,4.78,4.38,4.76,473600
ELNK,20090901,8.32,8.45,8.22,8.27,980700
ELON,20090901,112.1,118.9,105.7,106.9,489900
ELOS,20090901,9.65,9.83,9.46,9.57,174400
ELSE,20090901,3.04,3.04,3.04,3.04,1000
ELTK,20090901,1.34,1.34,1.34,1.34,0
EMCI,20090901,14.2,14.66,13.9933,13.9933,17700
EMIF,20090901,26.56,26.59,25.75,26,6700
EMITF,20090901,1503,1548,1480.8,1480.8,13500
EMKR,20090901,4.24,4.36,4.12,4.12,576800
EMMS,20090901,2.64,2.8,2.56,2.56,67600
ENDP,20090901,22.6,22.6,22.15,22.31,1873100
ENG,20090901,4.36,4.55,4.28,4.29,107600
ENOC,20090901,26.88,27.32,26.49,26.68,323900
ENSG,20090901,6.8,6.925,6.47,6.87,119800
ENTG,20090901,3.95,4.2,3.78,3.83,1115600
EPAY,20090901,12.05,12.3,11.74,12.01,129400
EQIX,20090901,83.5,85.72,81.63,82.03,664000
ERIC,20090901,9.5,9.74,9.37,9.42,6390400
ERIE,20090901,38.51,38.65,38.02,38.06,123900
ERII,20090901,5.25,5.25,5,5.07,475500
ESBK,20090901,16.77,16.77,16,16,700
ESCA,20090901,1.75,1.75,1.75,1.75,800
ESEA,20090901,4.47,4.54,4.26,4.3,157400
ESGR,20090901,61.65,62.91,59.5,59.8,29200
ESIO,20090901,12.19,12.7,11.7,12.06,89500
ESLT,20090901,65.75,66.75,65.21,65.25,10300
ESMC,20090901,2.15,2.2,2.15,2.19,93900
ESRX,20090901,35.88,36.745,35.64,35.855,2339700
ESSA,20090901,13.03,13.15,12.5,12.56,41500
ETFC,20090901,17.4,17.5,14.9,15,191737104
ETRM,20090901,298.8,315,289.8,301.5,35400
EVBS,20090901,8.34,9.01,8.25,8.99,34800
EVEP,20090901,21.75,21.86,21.21,21.51,240000
EVK,20090901,1.75,1.85,1.6,1.85,10200
EVOL,20090901,5.76,5.92,5.65,5.69,100700
EWBC,20090901,9.09,9.22,8.55,8.66,1824700
EXAC,20090901,14.77,15.25,13.65,14.37,47700
EXAS,20090901,2.15,2.25,1.95,2.2,138800
EXEL,20090901,5.73,6.19,5.72,5.96,2125500
EXFO,20090901,3,3.03,2.92,2.93,8400
EXLS,20090901,11.97,12.89,11.41,11.99,79400
EXPD,20090901,32.5,33.18,32.22,32.22,2867300
EXPE,20090901,22.82,23.62,22.11,22.16,3461700
EXPO,20090901,14.16,14.16,13.57,13.795,99700
EXTR,20090901,2.41,2.43,2.28,2.35,389900
EZPW,20090901,13.26,13.58,12.53,12.67,822800
FALC,20090901,5.01,5.1,4.82,4.86,117000
FARM,20090901,20.49,20.78,20.21,20.21,10100
FARO,20090901,16.86,17.67,16.55,16.8,63100
FAST,20090901,17.985,18.735,17.435,17.455,2451500
FBIZ,20090901,9,9,9,9,100
FBMS,20090901,7.34,7.34,7.34,7.34,100
FBNC,20090901,17.54,18.27,17.2,17.21,54600
FBSS,20090901,14.95,14.95,14.92,14.92,200
FCAP,20090901,16.1,16.1,16.1,16.1,0
FCBC,20090901,12.39,12.88,12.09,12.24,103100
FCCO,20090901,6,6,6,6,3900
FCCY,20090901,7.42,7.46,7.35,7.35,2000
FCEL,20090901,43.44,43.8,41.28,41.88,1407100
FCNCA,20090901,138.5,139.05,133.19,135.2,17800
FDEF,20090901,16.56,17.48,16.4,17.04,28100
FDML,20090901,12.42,12.73,11.15,11.28,223500
FEIM,20090901,3.75,3.99,3.71,3.92,41900
FELE,20090901,15.75,16.145,15.645,15.68,162300
FFBC,20090901,8.44,8.66,8.16,8.26,399900
FFHL,20090901,1.27,1.27,1.25,1.25,12200
FFIC,20090901,13,13.6,12.64,12.79,69100
FFIN,20090901,16.4634,16.6867,16.17,16.34,148600
FFIV,20090901,34.46,35.2,33.82,33.95,1319600
FFKT,20090901,18.1,18.32,17.1,17.1,31500
FFNW,20090901,7.28,7.28,6.9,6.95,54200
FHCO,20090901,6.66,6.7,5.66,5.89,952900
FINL,20090901,8.16,8.47,8.01,8.41,2211000
FISI,20090901,11.94,13.45,11.79,12.06,23600
FISV,20090901,24.08,24.605,23.765,23.775,1869300
FITB,20090901,10.75,11.01,10.17,10.26,26593900
FIZZ,20090901,10.11,10.25,9.55,9.78,68900
FLEX,20090901,5.91,5.98,5.62,5.68,8503200
FLIC,20090901,19.1133,19.1133,18.4667,18.4667,19800
FLIR,20090901,23.17,23.49,22.52,22.58,2544600
FLML,20090901,9.3,9.51,8.77,8.85,53100
FLWS,20090901,3.06,3.13,2.95,2.95,106600
FLXS,20090901,7.82,7.94,7.78,7.94,4000
FMBI,20090901,10.16,10.42,9.48,9.8,417100
FNLC,20090901,18.55,19.26,17.5,17.5,15000
FNSR,20090901,6.8,7.28,6.4,6.88,3128700
FOLD,20090901,9.82,10.17,9.69,9.84,29100
FONR,20090901,1.88,1.99,1.88,1.97,3200
FORD,20090901,1.75,1.78,1.72,1.73,68800
FORM,20090901,21.86,22.5,21.73,22,487400
FORR,20090901,23.35,23.9,23.12,23.32,75300
FORTY,20090901,8.67,9,8.28,8.3,6300
FOSL,20090901,25.3,26.17,24.97,25.1,822500
FRBK,20090901,6.13,6.24,5.63,5.79,33200
FRED,20090901,12.97,13.39,12.8,12.82,308900
FRME,20090901,7.04,7.17,6.57,6.76,102700
FRPT,20090901,5.22,5.54,4.92,5.01,1908200
FSBK,20090901,12.11,12.66,11.79,11.98,15600
FSFG,20090901,10.8,10.8,10.8,10.8,1700
FSLR,20090901,121.15,122.35,114.47,114.98,3886000
FSTR,20090901,29.67,30.45,29.34,29.53,70500
FTEK,20090901,10.11,10.56,9.99,10.15,230800
FUEL,20090901,0.47,0.47,0.41,0.44,955800
FULT,20090901,7.32,7.51,7.04,7.07,2162600
FUNC,20090901,10.58,10.98,10.52,10.97,4800
FUND,20090901,5.42,5.49,5.34,5.37,36400
FWRD,20090901,23.01,23.65,22.57,22.75,116600
GABC,20090901,16.28,16.75,15.56,15.59,25300
GAIA,20090901,5.52,5.76,5.52,5.67,72000
GAIN,20090901,4.99,5.1,4.79,4.8,61200
GALT,20090901,2.4,2.52,2.28,2.4,41300
GASS,20090901,5.04,5.04,4.82,4.86,39300
GBCI,20090901,14.8,15.12,14.39,14.48,579000
GBNK,20090901,8.35,8.75,7.85,7.85,68700
GCBC,20090901,6.92,7,6.92,7,300
GENC,20090901,4.8067,4.96,4.72,4.96,12700
GENE,20090901,7.25,7.5,7.25,7.5,2600
GERN,20090901,7.02,7.29,6.75,6.82,1535100
GFED,20090901,5.5,5.5,5.5,5.5,0
GFN,20090901,1.34,1.35,1.33,1.35,5600
GGAL,20090901,4.07,4.07,3.84,3.85,140800
GHDX,20090901,19.87,20.44,19.85,20.1,109700
GIFI,20090901,14.8,15.24,14.25,14.38,86400
GIGA,20090901,1.8,1.8,1.8,1.8,900
GIGM,20090901,23.95,24.05,22.65,22.95,791900
GIII,20090901,7.45,7.625,7.375,7.485,131300
GILD,20090901,22.44,23.025,22.34,22.56,7519600
GILT,20090901,4.33,4.39,4.21,4.21,45500
GLAD,20090901,7.38,7.55,7.19,7.28,283200
GLBL,20090901,9.4,9.59,8.76,8.87,2576700
GLBZ,20090901,8.5,9.4,7.87,9,3700
GLDD,20090901,6.99,7.05,6.52,6.63,867600
GLNG,20090901,9.9,10.21,9.25,9.32,287100
GLRE,20090901,18.21,18.66,18.03,18.2,132500
GLUU,20090901,1.4,1.54,1.15,1.27,848900
GNCMA,20090901,6.59,6.75,6.47,6.49,95300
GNTX,20090901,7.31,7.39,6.97,6.98,1531100
GNVC,20090901,7.8,7.8,7.5,7.5,1010200
GOLD,20090901,57.9,59.17,56.78,56.99,1387600
GOOD,20090901,13.36,13.77,13.11,13.17,19400
GOODO,20090901,18.92,18.92,18.92,18.92,0
GOODP,20090901,18.47,18.47,18.47,18.47,200
GOOG,20090901,229.84,233.41,227.21,227.88,2594900
GPIC,20090901,6.3,6.37,6.03,6.04,17700
GPOR,20090901,7.63,8.32,7.52,7.78,415300
GPRE,20090901,7.57,7.77,7.32,7.43,58900
GPRO,20090901,38.55,38.95,37.8,38.28,405200
GRIF,20090901,29.49,30.68,28.5,28.5,5700
GRMN,20090901,32.73,33.78,31.63,31.76,3725300
GROW,20090901,10.93,12.02,10.6,10.6,106200
GRVY,20090901,13.44,14,12.8,12.88,164500
GSBC,20090901,20.89,21.83,20.25,20.34,45700
GSIT,20090901,3.73,3.9,3.6,3.61,27100
GSM,20090901,7.92,8.1,7.87,7.9,64900
GSOL,20090901,6.81,7.13,6.5,6.51,103000
GT,20090901,16.34,16.75,15.7,15.84,6169500
GTIM,20090901,1.2,1.2,1.2,1.2,500
GTLS,20090901,18.58,18.66,17.6,17.65,298400
GTXI,20090901,9.34,9.56,9.2,9.3,267500
GUID,20090901,4.32,4.35,4.06,4.14,21400
GULF,20090901,15.35,15.5,15.08,15.28,2800
GYRO,20090901,37.35,37.35,37.35,37.35,300
HA,20090901,7.25,7.44,7.15,7.19,966000
HAFC,20090901,1.51,1.52,1.43,1.46,298900
HAIN,20090901,7.98,8.135,7.815,7.87,312700
HALL,20090901,7.3,7.4,7.08,7.08,47600
HALO,20090901,7.35,7.64,7.15,7.19,269000
HAS,20090901,28.28,28.75,27.66,27.88,4244500
HAWK,20090901,22.5,23.86,22.37,23.3,1338500
HAYN,20090901,26.81,28.08,26.66,26.87,193600
HBAN,20090901,4.48,4.63,4.25,4.25,20454200
HBANP,20090901,865,870,860,870,600
HBCP,20090901,12.09,12.33,12,12.05,23500
HBHC,20090901,38.1,38.65,36.43,36.85,250100
HBIO,20090901,3.4,3.49,3.35,3.35,120800
HBNC,20090901,4.9126,4.9126,4.8503,4.8593,6500
HCCI,20090901,13.09,13.09,12,12,6500
HCKT,20090901,2.6,2.8,2.6,2.68,174600
HCSG,20090901,11.66,11.9933,11.6,11.76,326800
HDNG,20090901,6.08,6.65,5.92,6.51,73900
HDSN,20090901,1.18,1.19,1.11,1.14,10600
HEES,20090901,10,10.23,9.98,9.99,275500
HELE,20090901,21.62,21.77,20.49,20.72,219400
HEOP,20090901,7.02,7.02,6.97,6.97,4600
HFBC,20090901,10.21,10.21,10.21,10.21,0
HFWA,20090901,12.53,12.97,12.2,12.26,11100
HIBB,20090901,17.45,18.04,17.31,17.4,554500
HIFS,20090901,31.78,32.75,31.78,32.75,900
HIHO,20090901,1.55,1.58,1.39,1.5,1400
HIMX,20090901,3.47,3.54,3.43,3.46,781100
HLIT,20090901,6.57,6.65,6.44,6.5,1180700
HMNF,20090901,4.05,4.05,3.9,3.9,700
HMSY,20090901,12.5533,12.84,12.4,12.46,275800
HOFT,20090901,13.25,13.49,13.25,13.26,72100
HOLI,20090901,6.46,6.65,6.1,6.23,26100
HOLX,20090901,16.42,16.86,16,16.2,3954600
HOMB,20090901,5.0025,5.1525,4.89,4.9175,142200
HOVNP,20090901,5.11,5.15,4.5,4.85,13300
HSIC,20090901,53.19,53.51,51.81,52.02,526500
HSII,20090901,20.88,21.59,20.6,20.87,137800
HSKA,20090901,0.45,0.5,0.45,0.48,274800
HSNI,20090901,10.3,10.53,10.09,10.25,272800
HSTM,20090901,3.91,4.11,3.84,3.85,35000
HTBK,20090901,4.79,4.79,4.54,4.54,12400
HTLD,20090901,14.12,14.39,13.86,14,611500
HTLF,20090901,14.8,15.69,14.29,14.64,43800
HUBG,20090901,21.78,22.59,21.75,21.98,339600
HURC,20090901,16.52,17.2,15.26,15.67,91800
HURN,20090901,18.53,18.9,17.75,17.95,1712100
HWAY,20090901,12.96,13.71,12.81,13.07,184800
HWBK,20090901,10.35,10.35,10.35,10.35,600
HWCC,20090901,11.44,12.11,11.03,11.22,217500
HWKN,20090901,21.4,21.79,19.75,20.56,93100
HYGS,20090901,0.51,0.51,0.49,0.49,252200
IART,20090901,33.74,34.27,33.18,33.39,195500
IBB,20090901,77.97,79.65,77.15,77.43,1110700
IBCP,20090901,1.79,1.88,1.71,1.75,66200
IBKC,20090901,48.1,49.02,46.77,47.1,137500
IBKR,20090901,19.1,19.3,18.12,18.2,564500
IBOC,20090901,15.42,15.74,14.8,14.99,577100
ICAD,20090901,1.88,1.93,1.85,1.87,306100
ICCC,20090901,2.72,2.72,2.72,2.72,400
ICFI,20090901,27.12,27.93,26.71,27.67,98700
ICLN,20090901,21.11,21.23,20.27,20.41,34300
ICLR,20090901,21.5,22.24,21.45,22.16,459500
ICON,20090901,17.15,17.6,16.49,16.61,735700
ICUI,20090901,37.34,38.05,36.91,37.35,75100
IDCC,20090901,21,21.45,20.79,21.17,857700
IDRA,20090901,7.52,7.78,7.21,7.45,54900
IDSA,20090901,5.0667,5.2333,5,5,6800
IDSY,20090901,3.37,3.41,3.36,3.4,1000
IDTI,20090901,6.8,6.94,6.57,6.65,3345900
IDXX,20090901,25.19,25.755,24.67,24.705,390200
IESC,20090901,8.35,8.85,7.92,8.05,30400
IFEU,20090901,28.28,28.59,27.71,27.92,34100
IFGL,20090901,28.21,28.52,27.76,27.91,165400
IFON,20090901,1.64,1.65,1.56,1.6,66300
IGLD,20090901,9.3,9.67,9.3,9.41,21900
IGOV,20090901,104.07,104.22,103.6,103.6,11800
III,20090901,3.96,4.05,3.79,3.87,75400
IIIN,20090901,11.3,11.65,11.2,11.55,235800
IIJI,20090901,5.9,6,5.76,5.83,17000
IIN,20090901,3.2,3.21,3.15,3.15,3400
IIVI,20090901,13.31,13.705,12.88,12.995,163600
IKNX,20090901,6.5,6.5,6.5,6.5,200
ILMN,20090901,35.09,36.43,35.09,35.69,1343800
IMGN,20090901,7.32,7.73,7.32,7.36,499000
IMKTA,20090901,16.5,16.68,15.99,15.99,39100
IMMR,20090901,3.78,3.91,3.48,3.5,480200
IMMU,20090901,5.39,6.3,5.32,5.92,5950000
IMMY,20090901,6.25,6.75,6.25,6.5,17300
IMOS,20090901,0.72,0.73,0.71,0.71,26600
INAP,20090901,2.98,3.1,2.92,3,269100
INCY,20090901,6.54,6.9,6.35,6.45,1905000
INDB,20090901,23.12,24.21,22.51,22.63,106800
INFI,20090901,6.96,7.39,6.91,6.93,38100
INFN,20090901,7,7.05,6.8,6.9,673100
ININ,20090901,17.11,17.49,16.01,16.2,141700
INOD,20090901,5.16,5.35,5,5,131500
INSM,20090901,0.88,0.89,0.84,0.84,763000
INTC,20090901,20.22,20.58,19.66,19.72,74452800
INTG,20090901,10.14,10.14,10.14,10.14,0
INTU,20090901,27.77,28.28,27.44,27.52,5110800
INTX,20090901,4.34,4.42,4.33,4.33,800
INWK,20090901,5.68,5.89,5.57,5.66,255300
IOSP,20090901,13.51,14.38,13.32,13.39,132200
IPAR,20090901,9.53,9.73,9.21,9.34,60900
IPAS,20090901,1.45,1.45,1.26,1.37,826400
IPCC,20090901,43.34,43.58,42.12,43.27,82800
IPGP,20090901,12.01,12.2,11.31,11.42,183800
IPHS,20090901,19.03,19.57,17.96,18.36,306000
IPXL,20090901,7.52,7.93,7.52,7.87,378200
IRBT,20090901,11.54,11.88,10.98,11.25,187100
IRIX,20090901,2.31,2.31,2.22,2.28,13200
ISBC,20090901,3.6275,3.6588,3.5961,3.6078,630200
ISCA,20090901,27.77,28,26.69,26.88,205600
ISHG,20090901,104.21,104.39,104.01,104.01,34600
ISIG,20090901,3.7,3.75,3.69,3.7,8700
ISIL,20090901,15.35,16.12,14.85,14.99,8963500
ISLE,20090901,10.13,10.38,9.72,9.75,1077100
ISNS,20090901,11.1,11.19,11,11,7800
ISRG,20090901,221.15,225.89,214.8,215.39,826900
ISRL,20090901,170,170,156.08,162.41,1000
ISSC,20090901,3.78,3.8,3.65,3.65,18100
ITIC,20090901,31.17,31.17,31.17,31.17,100
ITRI,20090901,54.96,56.24,54.04,55.28,925900
ITRN,20090901,9.36,9.44,9.21,9.22,13700
IVAC,20090901,11.56,11.87,10.96,11.27,317700
IXYS,20090901,6.72,6.88,6.55,6.77,254300
JACK,20090901,20.36,20.95,20.06,20.2,788600
JAKK,20090901,13.28,13.72,12.81,12.89,450800
JASO,20090901,17.5,18.2,16.55,16.85,4589100
JAZZ,20090901,7.24,7.78,6.91,7.27,2029100
JBHT,20090901,27.96,28.87,27.62,27.81,2088200
JBLU,20090901,5.83,6,5.41,5.5,12180900
JBSS,20090901,10.09,10.49,9.53,9.8,24900
JCOM,20090901,21.35,21.96,20.93,21.36,347200
JCS,20090901,11.76,12.2,11.5,11.7,10900
JCTCF,20090901,2.92,2.92,2.92,2.92,0
JJSF,20090901,43.67,44.7,43.11,43.66,73300
JKHY,20090901,23.13,23.67,22.95,23.12,643100
JMBA,20090901,5.25,5.55,5.25,5.25,524300
JOBS,20090901,6.315,6.5,6.21,6.285,32000
JOUT,20090901,9.85,9.85,9.27,9.41,800
JRJC,20090901,9.6,9.79,9.25,9.27,139900
JXSB,20090901,10,10,10,10,900
KALU,20090901,32.19,33.59,32.19,33,208600
KCAP,20090901,4.76,4.8,4.28,4.46,197800
KELYA,20090901,11.35,11.99,11.11,11.43,147400
KEQU,20090901,13.31,13.68,13.3,13.4,14100
KERX,20090901,1.34,1.38,1.3,1.32,992200
KFFB,20090901,13.1,13.75,12.51,12.53,11900
KFRC,20090901,11.05,11.46,10.9,11.13,158500
KINS,20090901,2.45,2.45,2.45,2.45,0
KIRK,20090901,13.96,14.5,13.39,13.55,453600
KLAC,20090901,31.37,31.91,30.1,30.12,5590200
KLIC,20090901,5.24,5.5,4.87,4.91,961900
KNDI,20090901,1.36,1.36,1.36,1.36,0
KONA,20090901,3.5,3.61,3.37,3.61,78400
KOOL,20090901,12.8,13,12.4,12.6,369100
KOPN,20090901,3.8,3.94,3.66,3.85,361100
KOSS,20090901,5.815,6.38,5.815,5.96,1100
KRNY,20090901,10.85,11.07,10.41,10.44,60400
KTCC,20090901,2.18,2.25,2.11,2.16,22800
KTEC,20090901,10.74,11.21,10.7,11.01,23000
KTOS,20090901,0.76,0.85,0.76,0.85,409600
KVHI,20090901,7.5,7.88,7.5,7.76,51600
KZ,20090901,11.56,11.89,11.06,11.19,271100
LABL,20090901,13.82,14.05,13.03,13.06,29000
LAKE,20090901,8.5,8.51,8.5,8.5,3200
LAMR,20090901,22.8,23,21.02,21.11,2420700
LANC,20090901,50.29,50.55,49.53,49.93,211300
LARK,20090901,15.4,15.4,15.4,15.4,0
LAWS,20090901,17.98,19.07,15.49,15.97,38300
LAYN,20090901,25.63,26.62,25.32,25.57,165200
LBAI,20090901,8.82,9.11,8.72,8.76,25900
LBIX,20090901,0.37,0.38,0.34,0.35,82100
LBTYA,20090901,11.1599,11.6147,10.838,10.8533,1657500
LBTYB,20090901,21.44,21.44,21.44,21.44,100
LBTYK,20090901,21.52,22.55,21.08,21.18,311500
LCUT,20090901,5.65,5.65,5.51,5.65,8300
LECO,20090901,22.78,23.355,22.21,22.255,179800
LFUS,20090901,24.82,25.42,23.9,23.92,94600
LGCY,20090901,15.46,15.46,15,15.37,126300
LGND,20090901,14.46,14.52,13.8,13.92,883800
LHCG,20090901,24.27,25.1,24.01,24.43,228800
LIFE,20090901,44.53,45.6,44.12,44.49,2507100
LINC,20090901,21.72,22.58,21.63,21.98,243300
LION,20090901,3.05,3.05,3,3,5400
LIOX,20090901,2.69,2.71,2.51,2.51,204700
LIVE,20090901,0.5433,0.5433,0.5333,0.5333,7200
LJPC,20090901,0.23,0.25,0.21,0.21,2252100
LKFN,20090901,13.1333,13.64,12.88,12.9667,26800
LLNW,20090901,3.33,3.47,3.17,3.23,985500
LLTC,20090901,26.5,26.98,26,26.03,4207400
LMAT,20090901,3.4,3.4,3.32,3.4,10500
LMCA,20090901,6.3,6.4967,6.11,6.2033,514500
LMIA,20090901,9.18,9.46,8.87,9.01,51300
LMNX,20090901,15.16,15.49,14.47,14.85,429200
LNCE,20090901,24.15,24.95,23.77,24.42,179000
LNDC,20090901,6.06,6.33,6.06,6.14,88900
LOAN,20090901,0.9,0.9,0.9,0.9,3900
LOGI,20090901,18.16,18.39,17.24,17.44,1743200
LOGM,20090901,16.25,16.67,15.77,15.78,93700
LOPE,20090901,17.24,17.96,17.15,17.49,424400
LORL,20090901,20.45,21.14,19.27,19.52,55500
LPNT,20090901,25.13,25.3,24.32,24.43,698200
LPSN,20090901,4.09,4.25,3.91,4.02,218700
LPTH,20090901,2.05,2.25,2.05,2.23,48500
LQDT,20090901,10.79,11.35,10.66,10.73,113400
LRCX,20090901,30.6,31.67,30.04,30.11,2638700
LSBK,20090901,7.6,8,7.6,8,500
LSCC,20090901,2.43,2.55,2.32,2.34,459600
LSTR,20090901,34.58,35.75,34.44,35.28,721000
LTRX,20090901,0.52,0.58,0.52,0.55,81600
LULU,20090901,9.93,10.435,9.735,9.81,1071400
LUNA,20090901,0.56,0.59,0.51,0.51,30900
LWAY,20090901,12.88,13.31,12.2,12.3,27000
LXRX,20090901,10.43,10.78,9.45,9.45,159000
LYTS,20090901,7.35,7.67,6.96,7,64400
MAGS,20090901,4.09,4.09,4.09,4.09,100
MANH,20090901,4.4375,4.555,4.3875,4.43,83000
MANT,20090901,52.31,54,51.98,53.05,150700
MARPS,20090901,15.1,15.1,15.1,15.1,200
MASI,20090901,24.9,25.41,24.5,24.81,394200
MAT,20090901,17.86,18.35,17.5,17.61,2974300
MATW,20090901,34.57,35.42,34.16,34.44,110600
MAYS,20090901,13.51,13.51,13.51,13.51,0
MBFI,20090901,13.7,14.11,13.22,13.44,280100
MBLX,20090901,58.2,64.68,57.96,58.86,98800
MBRG,20090901,13,13.06,13,13,1900
MBRX,20090901,0.42,0.45,0.41,0.42,350300
MBTF,20090901,2.12,2.14,2.1,2.11,10900
MBVT,20090901,24.25,24.5,23.39,23.44,9300
MBWM,20090901,4.46,4.46,4.06,4.07,21000
MCBC,20090901,2.29,2.39,2.1,2.24,33600
MCHP,20090901,26.5,26.87,25.76,25.8,3062600
MCHX,20090901,4.23,4.44,4.23,4.33,141600
MCRI,20090901,10.01,10.25,9.61,9.7,64800
MDCA,20090901,6.05,6.22,6.05,6.11,22400
MDCO,20090901,7.62,8.11,7.62,7.97,917500
MDM,20090901,1.58,1.6,1.47,1.54,8600
MDRX,20090901,14.83,14.97,14.32,14.4,1345500
MDSO,20090901,7.93,8.095,7.9,8.015,50000
MELI,20090901,31.18,32.88,30.22,30.44,627900
MENT,20090901,8.73,8.85,8.42,8.45,1383700
MEOH,20090901,17.78,18.15,17.22,17.37,435800
MERC,20090901,2.88,3.01,2.6,2.79,384800
MFNC,20090901,4.86,4.86,4.86,4.86,100
MFRI,20090901,6.44,6.45,6.26,6.4,9500
MFSF,20090901,7.26,7.35,7.17,7.17,7000
MGEE,20090901,23.4467,23.9,23.3533,23.58,62800
MGIC,20090901,1.81,1.81,1.64,1.77,21700
MGLN,20090901,31.85,32.74,31.43,31.68,177100
MGPI,20090901,3.75,3.86,3.75,3.83,8500
MGRC,20090901,19.53,20.41,19.04,19.44,136400
MGYR,20090901,4,4.95,4,4.95,200
MHGC,20090901,4.91,5.09,4.38,4.39,157600
MHLD,20090901,7.56,7.84,7.53,7.72,460300
MIDD,20090901,15.59,16.25,15.3567,15.4367,152400
MIND,20090901,5.29,5.5,5.25,5.4,54700
MINI,20090901,17.65,18.03,16.98,17.34,182400
MKSI,20090901,18.24,19.07,18.24,18.43,416100
MKTX,20090901,10.93,11.08,10.47,10.66,180400
MLAB,20090901,22.27,22.27,22.27,22.27,300
MLHR,20090901,16,16.33,15.6,15.89,641000
MLNK,20090901,7.2,7.8,7.07,7.1,526000
MLNX,20090901,13.66,14.16,13.57,13.77,223400
MLVF,20090901,8.75,8.75,8.75,8.75,200
MMLP,20090901,23.85,24.18,23.5,23.8,29200
MMSI,20090901,14.4,14.616,14.16,14.192,129600
MNDO,20090901,0.99,1.01,0.99,0.99,7500
MNKD,20090901,7.73,7.94,7.55,7.6,501400
MNOV,20090901,6.29,6.98,6.25,6.34,2500
MNRO,20090901,17.16,17.54,16.7467,17.36,322200
MNST,20090901,5.4433,5.5217,5.31,5.3117,1856000
MNTA,20090901,9.81,10.04,9.55,9.67,197900
MNTX,20090901,1.92,1.92,1.79,1.85,154800
MOCO,20090901,8.5,8.68,8.5,8.68,12400
MOFG,20090901,9.1,9.1,9.1,9.1,0
MORN,20090901,44.06,44.27,43.39,43.5,151400
MOSY,20090901,2.45,2.45,2.32,2.35,16800
MPAA,20090901,5.13,5.23,5.1,5.23,5100
MPB,20090901,15.5,15.5,15.5,15.5,0
MPEL,20090901,6.04,6.22,5.79,5.81,5237600
MPET,20090901,1.03,1.08,1.03,1.06,126200
MPWR,20090901,22.47,22.82,21.79,21.87,373100
MRCY,20090901,9.47,10.03,9.25,9.36,149400
MRLN,20090901,7.57,7.93,7.28,7.46,14600
MRTN,20090901,11.16,11.3667,11.0067,11.16,225700
MRVL,20090901,15.2,15.7,14.92,15.02,13272200
MSBF,20090901,9,9,9,9,11300
MSCC,20090901,13.98,14.33,13.56,13.66,825700
MSEX,20090901,15.1,15.76,15,15.03,23800
MSFG,20090901,6.4,6.44,5.46,5.64,367900
MSFT,20090901,24.35,24.74,23.9,24,62595100
MSON,20090901,2.37,2.51,2.37,2.39,46600
MSTR,20090901,62.16,62.87,61.81,62.61,130000
MTEX,20090901,38.6,39.5,34.5,35.9,140900
MTRX,20090901,11.01,11.3,10.35,10.43,135700
MTSC,20090901,26.47,27.15,26.04,26.35,103800
MTSI,20090901,5.7,5.72,5.69,5.7,55600
MTSL,20090901,0.7,0.7,0.7,0.7,0
MU,20090901,7.37,7.49,7,7.02,18832900
MVIS,20090901,27.12,28.24,26,26.24,778900
MXIM,20090901,18.81,19.09,18.15,18.29,5860100
MXWL,20090901,13.35,13.82,13.09,13.2,171400
MYGN,20090901,30.5,31.48,29.92,30.31,1926700
MYL,20090901,14.7,14.74,14.18,14.27,6437000
MYRG,20090901,20.4,21.07,19.97,20.25,185200
NAII,20090901,6.42,6.48,6.42,6.48,95900
NANO,20090901,6.45,6.99,5.8,6.9,531300
NATH,20090901,13.04,13.06,12.9,12.91,6900
NATI,20090901,17.0133,17.1933,16.7733,16.88,245200
NAVG,20090901,51.36,52.26,50.36,50.7,53600
NAVI,20090901,2.09,2.1,1.85,1.86,225900
NBIX,20090901,2.98,3.08,2.96,2.98,117400
NBN,20090901,9,9,9,9,0
NBTB,20090901,22.39,22.94,21.87,21.93,97700
NCIT,20090901,29.05,29.11,28.23,28.83,63000
NCMI,20090901,14.87,15.14,14.57,14.73,155400
NCTY,20090901,7.4,7.76,7.27,7.36,156000
NDAQ,20090901,21.9,22.1,21.06,21.09,3209100
NDSN,20090901,26.635,27.41,26.17,26.46,348100
NEOG,20090901,12.6933,13.2933,12.64,13.0178,215200
NEPT,20090901,1.96,1.98,1.95,1.95,64000
NEWS,20090901,2.72,2.94,2.58,2.62,110000
NEWT,20090901,2.5,2.5,2.5,2.5,1500
NFBK,20090901,12.15,12.64,12.01,12.01,34100
NFLX,20090901,6.17,6.3414,5.9529,6.0214,1564900
NICE,20090901,29,29.9,28.75,29.17,524800
NICK,20090901,6.2,6.9,6.14,6.15,1300
NIHD,20090901,23.56,24.55,23.28,23.52,4714000
NILE,20090901,54.72,56.3,53.59,54.07,178200
NKSH,20090901,25.3,25.98,24.52,24.52,16800
NKTR,20090901,8.2,8.5,8.13,8.25,1080500
NLST,20090901,0.62,0.63,0.57,0.57,172800
NMRX,20090901,5.01,5.01,4.9,4.9,5200
NNBR,20090901,3.32,3.33,3.16,3.2,74100
NRIM,20090901,15.01,15.56,15.01,15.4,13000
NSEC,20090901,8.48,8.48,7.5,7.5,500
NSIT,20090901,11.35,11.8,11.01,11.03,214100
NSSC,20090901,1.38,1.42,1.3,1.37,46300
NSYS,20090901,2.69,2.85,2.68,2.8,16600
NTAP,20090901,22.61,23.21,22.03,22.15,6067800
NTCT,20090901,11.4,11.64,11.24,11.48,322100
NTES,20090901,41.7,42.93,41.31,41.4,1371500
NTGR,20090901,16.94,17.7,16.89,16.96,258600
NTIC,20090901,8.6,8.63,8.5,8.5,2700
NTRI,20090901,14.15,14.49,13.81,13.87,284900
NTRS,20090901,58.2,58.59,56.24,56.34,2750600
NTWK,20090901,9.2,9.6,9.2,9.4,107500
NUAN,20090901,12.16,12.44,11.95,12.05,2747900
NURO,20090901,44.16,50.4,44.16,47.76,70700
NUTR,20090901,11.45,12.4,11.41,12.04,78000
NUVA,20090901,39.75,40.69,39.75,40.01,386300
NVAX,20090901,7.47,7.79,6.61,6.65,49944600
NVDA,20090901,14.51,14.92,13.95,14.03,18420100
NVEC,20090901,52.74,54.42,49.16,50.79,108500
NVGN,20090901,2.92,2.93,2.8,2.81,9600
NVLS,20090901,19.15,19.67,18.78,18.81,5763100
NVMI,20090901,1.69,1.75,1.55,1.58,61300
NWFL,20090901,32.94,32.94,31.98,31.98,7100
NWLI,20090901,163.51,163.51,152.2,153.94,4000
NWPX,20090901,32.82,33.55,31.02,31.73,131700
NWS,20090901,12.53,12.91,12.22,12.28,5443100
NWSA,20090901,10.6,10.97,10.32,10.42,19498800
NXST,20090901,3.02,3.08,2.53,2.58,113500
NXTM,20090901,6.15,6.61,6.04,6.09,72900
NYMT,20090901,6.05,6.05,5.85,5.85,59600
NYMX,20090901,4.5,4.71,4.41,4.44,80900
NYNY,20090901,14.45,14.7,12.45,13.05,294700
OBAS,20090901,5.95,5.95,5.95,5.95,100
OBCI,20090901,0.8,0.85,0.78,0.85,39300
OCFC,20090901,12.91,13.34,12.37,12.43,33300
OCLR,20090901,4,4.15,3.75,3.85,646500
OCLS,20090901,86.1,100.8,85.75,90.65,1071600
ODFL,20090901,15.7778,16.2533,15.7778,15.7955,563500
OESX,20090901,3.12,3.21,3,3.01,61500
OFIX,20090901,27.14,27.74,26.48,26.76,74900
OFLX,20090901,17.23,17.96,17.15,17.16,4300
OGXI,20090901,39.63,39.63,34.52,36.65,224600
OIIM,20090901,5.1,5.28,4.96,4.99,264900
OKSB,20090901,12.82,13.12,11.93,12.22,42700
OLBK,20090901,6.69,6.69,6.6,6.69,3900
OMAB,20090901,11.77,11.94,11,11,14400
OMCL,20090901,10.9,11.36,10.53,10.71,165100
OMEX,20090901,21.84,23.16,21.84,22.08,294000
ONEQ,20090901,78.86,80.11,77.54,77.54,21700
ONVI,20090901,5.62,5.99,5.62,5.98,4400
OPHC,20090901,140,140,140,140,0
OPOF,20090901,16.41,17.12,16.2,16.32,4200
OPTT,20090901,42.2,42.6,40.5,41.4,98600
OPXA,20090901,5.72,5.76,5,5.28,194700
OPXAW,20090901,0.31,0.31,0.31,0.31,1100
ORBC,20090901,2.12,2.2,2.08,2.11,119500
ORBK,20090901,9.25,9.72,9.15,9.33,41100
OREX,20090901,79,80.9,76.2,78.1,590500
ORIT,20090901,13.22,13.49,12.82,13.02,19100
ORLY,20090901,38.02,38.57,37.18,37.47,2505300
ORRF,20090901,37.5,37.85,35.31,35.91,12800
OSBC,20090901,5.49,5.57,5.3,5.33,24800
OSBCP,20090901,6,6,6,6,0
OSHC,20090901,7.78,7.78,7.78,7.78,0
OSIR,20090901,14.5,14.75,14.25,14.42,498300
OSIS,20090901,16.75,17.47,16.37,16.37,157200
OSTK,20090901,12.36,12.63,11.8,11.93,95800
OSUR,20090901,2.61,2.68,2.53,2.53,109300
OTEX,20090901,17.43,17.69,17.275,17.31,235600
OTIV,20090901,1.11,1.11,0.98,1.04,46400
OTTR,20090901,23.38,23.96,22.98,23.02,129000
OVBC,20090901,28.82,29.3,27.79,27.86,6600
OVLY,20090901,4.4,4.4,4.1,4.22,6500
OZRK,20090901,6.175,6.3825,6.07,6.115,81200
PAAS,20090901,19.45,19.77,18.45,18.63,1504900
PACW,20090901,19.61,19.95,18.92,19.19,466700
PAGG,20090901,22.98,23.13,22.37,22.39,4700
PANL,20090901,10.81,11.35,10.25,10.7,213400
PATK,20090901,1.68,2.0667,1.68,1.8533,21500
PAYX,20090901,28.45,28.45,27.38,27.49,4621000
PBCT,20090901,16.11,16.21,15.72,15.74,3740800
PBHC,20090901,6.45,6.45,6.45,6.45,0
PBIB,20090901,17.99,18,17.37,17.88,4900
PBIP,20090901,10.36,11,10.28,10.7,5300
PCAR,20090901,35.98,37.41,34.92,35.08,4093100
PCBK,20090901,9.59,10.59,9.59,9.96,42100
PCLN,20090901,153.1,154.77,149.21,149.21,801800
PCTI,20090901,5.88,6.21,5.88,5.97,121000
PCYO,20090901,3.03,3.06,2.75,3,17500
PDCO,20090901,27.22,27.61,26.56,26.6,1595000
PDEX,20090901,0.45,0.46,0.45,0.46,5800
PDFS,20090901,2.52,2.61,2.52,2.59,2700
PDLI,20090901,9.03,9.21,8.82,8.84,2130400
PEBK,20090901,6.83,6.84,6.83,6.84,200
PEBO,20090901,15.61,15.86,15.07,15.21,21800
PEGA,20090901,15.33,15.645,14.71,14.835,434900
PEIX,20090901,6.6,7.35,6.45,6.45,370600
PENN,20090901,29.22,29.65,28.41,28.44,767900
PERF,20090901,2.15,2.15,2.15,2.15,100
PERY,20090901,12.36,12.53,11.26,11.79,205800
PESI,20090901,12.2,12.5,12.05,12.35,114800
PETS,20090901,18.18,18.82,17.72,18.21,516100
PFBC,20090901,3.46,3.69,3.41,3.6,19200
PFBI,20090901,6.9,6.9,6.9,6.9,500
PFBX,20090901,19.07,19.45,17.3,17.33,10400
PFIN,20090901,1.8,1.8,1.78,1.78,1000
PFSW,20090901,1.65,1.65,1.4,1.53,746500
PGC,20090901,16.83,17.65,16.75,16.85,11800
PGNX,20090901,5.25,5.43,5.19,5.23,118800
PGTI,20090901,2.6,2.65,2.5,2.5,19400
PHII,20090901,21.57,22.2,20.88,21.14,600
PHIIK,20090901,20.6,21.5,19.99,20,86200
PHMD,20090901,3.6,3.75,3.4,3.7,36200
PICO,20090901,32.82,33.3,31.22,31.78,112100
PKBK,20090901,9,9.24,8.99,9.24,1000
PKOH,20090901,7.24,7.24,6.72,6.72,42500
PLAB,20090901,4.51,4.78,4.41,4.46,227800
PLBC,20090901,4.06,4.06,4.06,4.06,0
PLCE,20090901,30.32,30.75,29.46,29.61,636400
PLPC,20090901,36.74,38.07,36.74,37.05,1800
PLUG,20090901,0.7,0.71,0.66,0.67,895500
PLUS,20090901,16.24,16.24,15.52,15.54,5200
PLXS,20090901,25.17,26.14,24.6,24.79,280900
PMBC,20090901,3.07,3.1,2.86,2.97,8300
PMD,20090901,6.55,6.7,6.5,6.59,5900
PNBK,20090901,30.1,34,29,30,11700
PNFP,20090901,15.01,15.47,14.08,14.24,280100
PNNT,20090901,8.31,8.6,7.91,8.05,156400
PNQI,20090901,21.29,21.29,20.85,20.85,2000
PNRA,20090901,52.12,52.8,51.38,51.82,562400
PNRG,20090901,26.4,26.47,24.6,25.53,16500
PNTR,20090901,4.11,4.49,4.1,4.49,4600
PODD,20090901,9.15,9.5,9.15,9.28,206300
POOL,20090901,23.75,24.35,23.2,23.44,500300
POPE,20090901,23,23,22.77,22.77,3400
POWI,20090901,32.52,33.45,31.97,32.15,159400
POWL,20090901,37.87,39.59,36.81,38.12,74100
PPBI,20090901,4.25,4.25,4.2,4.2,300
PPHM,20090901,0.79,0.8,0.72,0.8,1420100
PRAA,20090901,14.5967,14.7133,14.14,14.1867,80900
PRAN,20090901,12.84,12.84,11.82,11.94,22100
PRCP,20090901,4.21,4.3,4.2,4.3,27200
PRFT,20090901,7.67,7.77,7.51,7.51,110700
PRFZ,20090901,45.34,46.45,44.21,44.34,24700
PRGS,20090901,14.7067,14.7067,14.2,14.36,187600
PRGX,20090901,5.19,5.24,4.91,4.97,180700
PRIM,20090901,7.2,7.34,7,7.27,133000
PRKR,20090901,35.6,36.2,33.4,34,100900
PROV,20090901,8.24,9.3,8.05,8.99,8400
PRSC,20090901,11.24,11.5,10.73,10.84,94600
PRTS,20090901,5.41,5.49,5.16,5.23,26700
PRXL,20090901,12.8,13.21,12.55,12.76,974900
PSAU,20090901,32.02,32.19,31.25,31.55,2200
PSDV,20090901,2.8,2.95,2.64,2.9,18100
PSEC,20090901,10.16,10.25,9.55,9.68,945300
PSMT,20090901,17.57,17.93,17.56,17.76,161800
PSTI,20090901,1.39,1.41,1.35,1.37,61800
PTEN,20090901,13.25,13.76,13.12,13.17,5492800
PTIE,20090901,5.06,5.41,5.06,5.2,175900
PTNR,20090901,19.19,19.4,19.19,19.24,156700
PTSI,20090901,8.06,8.65,8.03,8.31,2900
PVTB,20090901,23.91,24.31,22.7,22.93,445500
PVTBP,20090901,24.5,24.5,24.05,24.15,5800
PWOD,20090901,32.8,32.91,31.65,31.77,6500
PXLW,20090901,3.47,3.63,3.09,3.41,446300
PZZA,20090901,11.635,11.83,11.405,11.49,247200
QABA,20090901,21.55,21.65,20.87,20.87,1500
QBAK,20090901,12.6,12.84,12.6,12.84,18400
QCLN,20090901,14.25,14.43,13.79,13.85,19100
QCOM,20090901,46.04,46.72,45.05,45.35,19275700
QCRH,20090901,10.03,10.03,9.5,9.75,3200
QDEL,20090901,15.32,15.92,15.25,15.75,221800
QGEN,20090901,20.43,20.65,20.17,20.22,763600
QLTI,20090901,4.29,4.32,4.11,4.17,377700
QQEW,20090901,17.19,17.49,16.88,16.93,50400
QQQ,20090901,39.87,40.59,39.16,39.28,162935400
QQQX,20090901,14.26,14.4,13.62,13.72,107900
QQXT,20090901,16.03,16.05,15.53,15.53,5200
QSII,20090901,26.67,27.525,26.6,26.92,298000
QTEC,20090901,18.03,18.29,17.58,17.64,70500
QUIK,20090901,1.21,1.48,1.19,1.34,290600
RADA,20090901,5.44,5.44,5.44,5.44,0
RAIL,20090901,19.06,19.43,18.4,18.5,106100
RAND,20090901,3.71,3.71,3.71,3.71,1200
RAVN,20090901,14.375,14.755,13.775,13.945,44600
RBCAA,20090901,21.02,21.92,20.72,20.96,63800
RBCN,20090901,12.13,12.25,11.69,11.71,139000
RBPAA,20090901,1.74,1.78,1.73,1.78,3100
RCII,20090901,19.61,20.13,19.05,19.13,820700
RCKY,20090901,5.11,5.14,4.5,4.69,49700
RCMT,20090901,2.08,2.08,2.01,2.04,4000
RCON,20090901,6.32,6.54,6.17,6.21,47200
RDCM,20090901,0.77,0.77,0.77,0.77,1000
RDI,20090901,3.91,4,3.85,3.9,18700
RDNT,20090901,2.15,2.17,2.01,2.01,184200
RDWR,20090901,5.465,5.56,5.265,5.48,57700
RECN,20090901,15.26,15.53,14.84,15.01,240300
REFR,20090901,3.19,3.22,3.01,3.05,9300
REGN,20090901,22.54,23.49,22.49,23.11,553600
REIS,20090901,5.87,5.87,5.87,5.87,5500
RELL,20090901,4.05,4.18,3.8,3.89,55100
RELV,20090901,24.92,27.44,24.92,26.18,2300
REXX,20090901,5.93,6.07,5.6,5.67,238100
RFIL,20090901,2.055,2.055,2.05,2.05,600
RGCO,20090901,13.23,13.47,13.23,13.47,200
RGEN,20090901,5.02,5.18,4.99,5.05,119000
RGLD,20090901,39.62,40.06,38.57,39.12,703300
RICK,20090901,7.55,7.85,7.33,7.34,118600
RIGL,20090901,7.06,7.36,6.59,6.64,632600
RLOG,20090901,2.74,2.99,2.74,2.9,17700
RMBS,20090901,17.1,17.65,16.05,16.14,12318500
RMCF,20090901,7.89,8.09,7.89,7.9,9000
RMTI,20090901,8,9.35,7.87,7.99,302800
RNST,20090901,15.12,15.83,14.61,14.62,78600
RNWK,20090901,3.51,3.58,3.16,3.23,1143200
ROCK,20090901,12,12.15,11.76,11.82,408600
ROIA,20090901,1,1,1,1,1700
ROIAK,20090901,0.73,0.74,0.62,0.64,140800
ROLL,20090901,21.84,22.84,21.57,21.65,100900
ROSG,20090901,47.25,47.55,45.15,45.75,9900
ROST,20090901,11.59,11.71,11.295,11.305,2441100
RPRX,20090901,1.01,1.03,0.9,0.93,1319000
RRGB,20090901,19.2,19.77,18.57,18.65,331500
RSYS,20090901,7.23,7.61,7,7.04,129000
RTIX,20090901,4.5,4.77,4.39,4.39,145000
RUSHA,20090901,13.79,13.99,12.51,12.85,258900
RUSHB,20090901,11.64,11.64,10.64,10.96,31400
RUTH,20090901,3.9,4.05,3.75,3.77,225800
RVSB,20090901,3.64,4.3,3.57,4.29,167500
RXII,20090901,29.4,30,25.7,28.5,88200
RYAAY,20090901,27.44,27.85,26.79,26.88,716800
SAAS,20090901,3.05,3.09,2.97,2.97,46800
SAFM,20090901,41.3,41.93,40.34,40.77,330400
SAFT,20090901,31.93,32.34,31.6,31.71,79800
SAIA,20090901,11.68,12.4467,11.6533,11.9,82000
SALM,20090901,2.58,2.89,2.58,2.72,108000
SASR,20090901,15.53,16.03,15.3,15.5,38300
SATS,20090901,18.5,18.75,17.96,18.05,501300
SBAC,20090901,24.11,24.56,23.45,23.47,1221200
SBBX,20090901,4.95,4.95,4.95,4.95,100
SBCF,20090901,14.25,14.25,12.95,13.25,441700
SBGI,20090901,2.8,2.93,2.65,2.66,441100
SBLK,20090901,261.75,262.5,252,258.75,709000
SBNY,20090901,30.79,30.79,29.14,29.8,387900
SBSA,20090901,0.33,0.35,0.31,0.33,292600
SBSI,20090901,20.2286,21.1143,20.019,20.3238,92900
SBUX,20090901,9.49,9.675,9.21,9.28,14665000
SCHL,20090901,24.3,24.76,23.63,23.92,181500
SCHN,20090901,53.38,55.75,52.14,52.79,381600
SCKT,20090901,2.69,2.69,2.69,2.69,0
SCLN,20090901,4.92,5.33,4.6,4.72,2358200
SCMP,20090901,5.61,5.69,5.1,5.1,47400
SCON,20090901,523.8,525.6,477,486,74100
SCOR,20090901,13.72,14.16,13.34,13.38,94700
SCSC,20090901,27.74,28.65,27.15,27.48,164200
SCSS,20090901,3.12,3.19,2.8,2.8,674500
SCVL,20090901,10.3667,10.5,9.8667,10.2333,159000
SEAC,20090901,8.93,9.25,8.59,8.9,344900
SEED,20090901,4.34,4.49,4.16,4.26,123300
SEIC,20090901,18.35,18.67,18.27,18.32,1498600
SENEA,20090901,26.57,27.19,26,26.05,40100
SENEB,20090901,26.99,26.99,26.99,26.99,100
SFLY,20090901,14.31,14.76,13.71,13.71,154700
SFNC,20090901,27.96,29.45,27.81,27.87,36200
SFST,20090901,8.1,8.1,8.1,8.1,0
SGC,20090901,8.45,8.98,8,8.6,7900
SGEN,20090901,12.33,13.14,12.25,12.53,1325800
SGMA,20090901,3.11,3.12,2.95,2.98,3700
SGMO,20090901,6.97,7.3,6.88,6.94,266500
SGMS,20090901,15.4,15.92,14.93,14.97,804700
SGRP,20090901,0.85,0.85,0.8,0.8,43500
SHBI,20090901,17.59,18.9,17.59,17.65,10000
SHEN,20090901,8.55,8.81,8.4,8.46,41100
SHIP,20090901,23,24.55,22,23.25,8300
SHIPW,20090901,0.22,0.23,0.22,0.23,13000
SHLD,20090901,63.59,64.8,61.29,61.52,1527500
SHLM,20090901,19.91,20.15,19.18,19.36,161800
SHLO,20090901,4.9,5.27,4.9,5.04,1600
SHOO,20090901,9.5289,9.7363,9.4311,9.4993,245500
SHOR,20090901,6.25,6.37,5.86,6.04,145400
SIEB,20090901,2.25,2.92,2.25,2.65,4700
SIFI,20090901,4.37,4.37,4.37,4.37,200
SIFY,20090901,2,2.12,1.95,1.95,162000
SIGI,20090901,16.85,17.25,16.48,16.51,177300
SIGM,20090901,14.04,14.42,13.82,13.9,808700
SILC,20090901,7.62,8.04,7.62,7.92,7800
SIMO,20090901,3.41,3.59,3.35,3.42,164200
SINA,20090901,29.91,31.16,29.71,29.83,2435600
SINO,20090901,2.99,2.99,2.83,2.83,200
SIRI,20090901,0.69,0.69,0.64,0.66,59221800
SIVB,20090901,39.28,40.39,38.1,38.47,560900
SIVBO,20090901,18.07,18.09,17.64,17.93,3800
SKYW,20090901,15.39,15.85,14.83,14.92,369100
SLAB,20090901,44.67,46.2,43.94,44.17,1254100
SLGN,20090901,24.25,24.61,23.855,24.025,135800
SLMAP,20090901,34.21,34.21,33.7,33.7,400
SLP,20090901,1.76,1.82,1.75,1.79,9600
SMBC,20090901,5.6,5.6,5.6,5.6,700
SMCI,20090901,7.89,8.09,7.76,7.87,88300
SMED,20090901,9.48,9.48,8.5,8.65,194700
SMIT,20090901,5.2,5.2,4.72,5,2900
SMMF,20090901,5.35,5.35,5.35,5.35,700
SMRT,20090901,12.34,12.8,11.85,12.43,768400
SMSI,20090901,45.76,47.48,45.44,46,484600
SMTC,20090901,18.07,18.58,17.55,17.63,348800
SMTX,20090901,0.86,0.86,0.75,0.79,1900
SNAK,20090901,2.85,2.85,2.55,2.68,130300
SNBC,20090901,27.5,28.05,26,26.4,73300
SNCR,20090901,10.52,10.81,10.18,10.27,190500
SNFCA,20090901,3,3,2.9,2.9,5700
SNHY,20090901,12.1533,12.7467,12.1533,12.3333,89900
SNMX,20090901,3.79,3.84,3.36,3.61,123000
SNPS,20090901,20.81,21.28,20.63,20.8,1935800
SNSS,20090901,2.82,2.82,2.64,2.64,113300
SOFO,20090901,0.62,0.64,0.6,0.62,40500
SOHU,20090901,60,62.69,60,60.3,552500
SONA,20090901,7.5,7.5,7.2,7.35,41700
SONC,20090901,11.41,11.59,11.03,11.06,478800
SONS,20090901,10.45,11,10.05,10.2,2752300
SORL,20090901,4.81,4.89,4.54,4.54,15700
SPAN,20090901,11.95,12,11.9,11.9,600
SPAR,20090901,5.37,5.51,5.1,5.13,553500
SPEX,20090901,627,627,608,619.4,10100
SPIL,20090901,6.36,6.64,6.33,6.35,4834400
SPLS,20090901,22.04,22.05,21.35,21.37,11462600
SPNC,20090901,5.77,6.07,5.72,5.75,96100
SPNS,20090901,1.08,1.08,1,1,200
SPPI,20090901,8.73,8.94,8.05,8.28,4372300
SPRT,20090901,2.33,2.36,2.3,2.3,115300
SPTN,20090901,13.25,13.4,13.09,13.19,203800
SRCE,20090901,16.04,16.5,15.75,15.84,34100
SRCL,20090901,49.28,50.29,48.95,48.97,664400
SRDX,20090901,22.73,23.32,22.1,22.21,97000
SSBI,20090901,6.99,7,6.75,6.75,1400
SSFN,20090901,10.58,10.58,10.58,10.58,0
SSRI,20090901,17.94,18.24,17.11,17.28,1269200
SSYS,20090901,14.4,15.09,14.15,14.24,71800
STAA,20090901,2.95,3.08,2.84,2.87,99400
STBA,20090901,13.69,13.95,12.91,12.98,155400
STEM,20090901,19.56,20.16,19.56,19.68,1317200
STFC,20090901,17.17,17.32,16.76,16.79,29200
STKL,20090901,3.52,3.78,3.46,3.53,606300
STLD,20090901,16.41,16.97,15.85,15.91,9650600
STLY,20090901,12.03,12.28,11.53,11.57,34400
STMP,20090901,8.57,8.87,8.52,8.66,82900
STRA,20090901,201.11,213.3,199.56,207.42,158900
STRL,20090901,15.78,16.33,14.79,14.88,182900
STRM,20090901,2.81,2.83,2.75,2.8,16400
STRS,20090901,6.04,6.33,5.86,6.23,7300
STRT,20090901,14.75,14.75,14.33,14.33,21000
STX,20090901,13.74,14.3,13.28,13.4,11448700
SUMR,20090901,4.55,4.83,4.26,4.33,46900
SVBI,20090901,3.36,3.36,3.36,3.36,0
SWHC,20090901,5.35,5.41,5.01,5.08,1627400
SWIR,20090901,8.21,8.35,8.13,8.18,465500
SWKS,20090901,11.63,12.01,11.27,11.32,5701300
SYBT,20090901,14.6467,15.0333,14.3933,14.6533,62600
SYKE,20090901,20.78,21.11,20.4,20.58,274000
SYMC,20090901,15.02,15.35,14.81,14.92,13941100
SYMX,20090901,1.16,1.18,1.12,1.14,195500
SYNA,20090901,25.99,26.49,25.42,26.13,1930900
SYNL,20090901,10.05,10.05,9.9,9.99,5600
SYNT,20090901,19.875,20.725,19.57,19.98,212800
SYPR,20090901,1.65,1.88,1.6,1.69,29100
SYUT,20090901,15.95,15.95,13.7,13.89,55000
TACT,20090901,5.35,5.4,5.05,5.05,9800
TAIT,20090901,0.92,0.92,0.92,0.92,1800
TASR,20090901,4.56,4.69,4.45,4.48,436500
TAST,20090901,7.57,7.96,7.31,7.35,52700
TAYD,20090901,3.5,3.51,3.4,3.46,3500
TBBK,20090901,6.54,6.65,6.15,6.27,127800
TBNK,20090901,16.09,16.29,15.86,15.97,43900
TCBI,20090901,16.45,16.92,15.88,15.93,115500
TCBK,20090901,16.57,17.12,15.62,15.78,82900
TCX,20090901,2.2,2.24,2.16,2.16,45400
TEAM,20090901,7.35,7.54,7.26,7.3,13500
TEAR,20090901,1.7,1.7,1.52,1.52,4900
TECD,20090901,38.17,38.62,37.38,37.66,783300
TECH,20090901,61.08,61.93,60.13,60.63,258300
TESO,20090901,7.61,7.86,7.4,7.44,164300
TESS,20090901,11.0067,11.1533,10.5267,10.6667,18600
TFSL,20090901,11.44,11.44,11.09,11.14,802000
TGA,20090901,3.13,3.15,3,3.08,229400
TGEN,20090901,0.3,0.3,0.24,0.26,183200
THFF,20090901,30.17,30.71,28.77,28.97,57700
THLD,20090901,1.53,1.55,1.44,1.45,51500
TICC,20090901,5.1,5.19,5.02,5.02,311500
TINY,20090901,5.86,6.01,5.59,5.61,135800
TISA,20090901,0.75,0.8,0.75,0.8,1300
TITN,20090901,12.03,12.26,11.65,11.7,172300
TIVO,20090901,9.79,10,9.5,9.53,1477700
TLT,20090901,95.82,96.58,95.14,96.06,3304100
TNDM,20090901,24.91,26.04,24.77,24.85,740500
TOPS,20090901,107.1,109.2,93.1,100.1,144300
TORM,20090901,0.54,0.54,0.54,0.54,2900
TOWN,20090901,12.47,12.62,11.8,11.86,103300
TREE,20090901,7.04,7.14,6.88,6.95,41900
TRIB,20090901,3.25,3.55,3.06,3.49,80300
TRMB,20090901,12.69,12.955,12.3,12.38,648800
TRMK,20090901,18.8,19.43,18.43,18.45,435500
TRNS,20090901,7.3,7.3,7.3,7.3,0
TROW,20090901,45.2,46.03,43.08,43.14,2987300
TRS,20090901,4.83,5.15,4.8,4.86,33900
TRST,20090901,6.22,6.27,6,6.02,397800
TRUE,20090901,3.95,3.95,3.66,3.66,3300
TSBK,20090901,4.8,4.85,4.7,4.7,700
TSCO,20090901,11.6825,11.9475,11.43,11.44,423500
TSEM,20090901,15,16.35,15,15.6,948900
TSRA,20090901,24.91,25.95,24.3,24.44,807000
TSRI,20090901,2.25,2.25,2.25,2.25,0
TTEC,20090901,17.04,17.46,16.52,16.58,253500
TTEK,20090901,29.46,29.9,28.69,28.84,550000
TTGT,20090901,6.46,6.46,6.02,6.11,45700
TTMI,20090901,10.09,10.34,9.88,10.01,373300
TTWO,20090901,10.48,10.68,10.02,10.16,3519700
TUES,20090901,4.44,4.75,4.23,4.23,204200
TWER,20090901,27.8,28.4,26.8,27.6,122800
TWIN,20090901,12.6,12.99,12.4,12.41,40300
TWMC,20090901,0.95,1.06,0.92,0.97,22800
TXN,20090901,24.56,25.15,24.21,24.31,15366400
TXRH,20090901,10.2,10.3,10,10.13,879100
TYPE,20090901,8.16,8.55,7.99,8.45,201200
TZOO,20090901,12.04,12.28,11.34,11.61,56600
UBCP,20090901,8.22,9,8.21,9,1000
UBFO,20090901,5.3,5.41,5.2,5.27,10600
UBNK,20090901,12.35,12.66,12.2,12.27,49300
UBOH,20090901,10.62,10.62,10.62,10.62,800
UBSH,20090901,16.59,16.89,16.24,16.24,24200
UBSI,20090901,19.49,19.97,18.58,18.78,287000
UCBA,20090901,6.79,6.79,6.79,6.79,400
UCBI,20090901,6.73,6.85,6.22,6.25,242100
UCFC,20090901,1.5,1.51,1.45,1.5,89600
UCTT,20090901,3.47,3.99,3.35,3.76,176000
UEIC,20090901,18.75,18.93,17.85,17.91,82600
UEPS,20090901,18.91,19.48,18.91,19.07,361200
UFCS,20090901,20.01,20.45,19.43,19.49,71200
UFPI,20090901,40.91,43.2,39.63,39.79,183000
UFPT,20090901,5.3,5.3,5.25,5.26,7900
UG,20090901,9.25,9.25,9.2,9.23,800
UHAL,20090901,45.08,46.13,43.35,43.59,18300
ULBI,20090901,6.04,6.23,6.02,6.14,64200
ULTA,20090901,11.51,12.12,11.51,11.85,587600
ULTI,20090901,26.19,26.6,25.27,25.58,150100
UMBF,20090901,39.79,40.61,39.59,39.7,296800
UMPQ,20090901,10.24,10.38,9.66,9.97,1186600
UNAM,20090901,9,9,9,9,0
UNB,20090901,16.49,16.99,16.49,16.99,300
UNFI,20090901,27.11,27.58,26.19,26.67,398800
UNTY,20090901,4.25,4.25,4.25,4.25,0
URBN,20090901,28.12,29.12,27.54,27.68,4557100
URRE,20090901,118.8,118.8,110.4,111.6,381800
USAK,20090901,13.25,13.7,12.73,12.89,37200
USAP,20090901,17.84,18.19,17.53,17.53,12200
USAT,20090901,1.8,1.85,1.8,1.81,127800
USATP,20090901,9,9,9,9,0
USEG,20090901,16.44,19.74,16.32,19.2,786400
USLM,20090901,36.9,37.87,36,36.19,3000
UTEK,20090901,10.78,11.1,10.67,11,281700
UTHR,20090901,45.75,46.605,45.355,45.595,264400
UTMD,20090901,27.86,28.31,27.86,27.91,7800
UTSI,20090901,4.86,5.07,4.59,4.62,382100
UVSP,20090901,20.88,21.6,20.26,21.13,103700
VALU,20090901,28.93,30.97,28.9,30,18200
VASC,20090901,7.56,7.97,7.41,7.46,34400
VBFC,20090901,66.4,80,66.4,77.12,3600
VDSI,20090901,8.57,8.8,7.85,7.9,423400
VECO,20090901,21.39,22.35,20.28,20.36,885400
VIA,20090901,26.14,26.67,25.46,25.55,82100
VIAB,20090901,24.86,25.39,24.19,24.23,3268400
VICL,20090901,49.4,51.2,45.9,47.8,2919800
VICR,20090901,7.26,7.54,6.9,7.03,55300
VIRC,20090901,3.11,3.11,3.03,3.06,13400
VISN,20090901,111.8,113.4,110,110,261600
VIVO,20090901,24.07,24.43,23.79,24.11,234000
VLGEA,20090901,28.65,29.48,28.56,29.09,16400
VNDA,20090901,13.6,13.99,12.87,13.12,570600
VOD,20090901,21.59,21.9,21.27,21.35,4940400
VOXX,20090901,6.98,7.49,6.08,6.34,132800
VRSN,20090901,21.07,21.46,20.76,20.82,5725000
VRTB,20090901,11,11.4,10.52,11,1700
VRTS,20090901,15.44,15.67,14.65,14.75,31900
VRTU,20090901,10.05,10.29,9.88,9.98,62600
VRTX,20090901,37.17,38.25,36.57,36.87,1531800
VSAT,20090901,24.01,24.34,23.94,24.1,461000
VSEC,20090901,17,17.325,16.5,16.65,47500
VVUS,20090901,6.18,6.43,6.02,6.1,913900
WABC,20090901,51.05,52.34,49.94,50.2,216600
WAFD,20090901,14.75,14.88,14.34,14.36,1107900
WASH,20090901,17.27,17.53,16.88,17.01,37500
WAYN,20090901,5.3,5.44,4.99,5.44,9500
WBMD,20090901,32.5,32.6,31.38,31.5,97200
WDC,20090901,34.07,35,33.12,33.18,4358500
WDFC,20090901,26.91,27.21,26.23,26.6,72100
WERN,20090901,17.46,17.87,17.24,17.42,778800
WEYS,20090901,22.38,23.38,21.96,21.96,12900
WFM,20090901,14.41,14.625,14.02,14.09,2514600
WILC,20090901,3.85,4,3.85,3.9,14700
WINA,20090901,20.5,20.79,20.41,20.69,6100
WIRE,20090901,23.51,24.07,23.22,23.33,262700
WLDN,20090901,2.96,3.06,2.73,2.95,64600
WLFC,20090901,11.98,11.98,11.43,11.55,62900
WMAR,20090901,8.23,8.45,7.61,7.79,150300
WMGI,20090901,16.31,16.44,15.73,15.85,512000
WOOD,20090901,34.63,34.74,33.61,33.69,5500
WOOF,20090901,24.76,25.25,24.31,24.4,440000
WPCS,20090901,508.2,515.9,502.04,509.74,4200
WPPGY,20090901,41.35,41.82,40.03,40.6,620200
WPRT,20090901,10.2,10.55,9.67,9.99,525400
WRLD,20090901,25.88,26.91,24.97,25.46,234400
WSBC,20090901,14.61,15.17,14.38,14.78,124400
WSBF,20090901,4.75,5.14,4.75,4.78,10200
WSCI,20090901,2.37,2.37,2.33,2.35,11100
WSFS,20090901,9.24,9.24,8.7,8.75,21600
WSTG,20090901,7.7,7.91,7.6,7.91,7300
WSTL,20090901,1.09,1.13,1.09,1.13,162700
WTBA,20090901,5.7,6,5.55,5.57,37000
WTFC,20090901,27.63,28.05,26.59,26.7,456100
WVFC,20090901,15,15,15,15,0
WVVI,20090901,3.69,3.94,3.51,3.94,1000
WYNN,20090901,53.9,55.5,52.02,52.45,5126200
XLNX,20090901,22.11,22.64,21.59,21.65,6310300
XOMA,20090901,17.4,18,16.4,17.2,1906000
XRAY,20090901,33.71,34.22,32.98,33.01,980300
XXIA,20090901,6.09,6.18,5.97,6.08,178400
YHOO,20090901,14.5,14.68,14.15,14.18,30610600
YORW,20090901,16.04,16.48,15.2,15.2,27600
YRCW,20090901,2.55,2.55,2.22,2.3,10936100
ZBRA,20090901,24.86,25.84,24.75,24.95,363300
ZEUS,20090901,26.65,27.21,25.39,25.66,249400
ZION,20090901,17.6,17.85,16.26,16.43,7417700
ZIOP,20090901,1.66,1.67,1.55,1.56,8000
ZIXI,20090901,1.8,1.86,1.73,1.73,454600
ZUMZ,20090901,12.59,12.85,11.59,11.72,366900
