<ticker>,<date>,<open>,<high>,<low>,<close>,<vol>
AAL,20140425,37,37.11,35.91,36,9576400
AAME,20140425,3.47,3.58,3.45,3.47,15800
AAOI,20140425,23.01,23.8,23.01,23.55,204900
AAON,20140425,19.08,19.3733,18.7267,18.9467,149400
AAPL,20140425,80.6471,81.7129,80.5657,81.7057,13938400
AAWW,20140425,35.46,35.59,34.5,34.66,143000
AAXJ,20140425,59.48,59.48,59.11,59.44,1149100
ABAX,20140425,36.99,41.46,36.77,38.99,297200
ABCB,20140425,22.1,22.48,21.67,21.78,77500
ABCD,20140425,2.17,2.33,2.15,2.25,25300
ABCO,20140425,58.52,59.09,57.45,57.58,189000
ABIO,20140425,11.41,11.9,10.99,11.2,758000
ABMD,20140425,24.94,25.13,24.54,24.69,254900
ABTL,20140425,13.13,13.27,12.5,12.65,230900
ACAD,20140425,20.22,20.49,19.26,19.32,2673300
ACAS,20140425,14.78,14.79,14.58,14.64,1991100
ACAT,20140425,42.36,42.37,41.03,41.75,186500
ACET,20140425,22.35,22.8,22.25,22.43,594000
ACFC,20140425,4.29,4.29,4.2,4.25,11600
ACGL,20140425,57.99,58,57.33,57.38,223600
ACHC,20140425,40.14,42.01,40.07,41.29,546400
ACHN,20140425,2.91,2.96,2.68,2.73,1223600
ACIW,20140425,19.3,19.48,18.86,18.9333,177400
ACLS,20140425,7.8,7.84,7.2,7.2,716200
ACNB,20140425,19.02,19.37,19.02,19.37,700
ACOR,20140425,34.85,35.72,33.25,33.46,275600
ACPW,20140425,3.08,3.09,3,3.01,47400
ACRX,20140425,10.74,11.02,10.24,10.34,374200
ACSF,20140425,13.48,13.6,13.46,13.47,68900
ACST,20140425,9.9,9.9,9.7,9.7,122200
ACTG,20140425,16.93,17,16.44,16.44,608600
ACTS,20140425,2.25,2.3,2.25,2.25,29800
ACUR,20140425,1.44,1.45,1.37,1.38,60900
ACWI,20140425,58.26,58.36,57.97,58.09,661600
ACWX,20140425,46.91,46.91,46.59,46.75,288300
ACXM,20140425,29.79,30.4,29.02,29.23,733900
ADBE,20140425,62.8,63.03,61.56,61.61,4288400
ADES,20140425,22.78,22.99,22.53,22.66,141900
ADHD,20140425,17.28,17.6,17.05,17.27,47000
ADI,20140425,53.02,53.15,51.02,51.42,3307000
ADMP,20140425,5.63,5.67,5.5,5.54,32500
ADMS,20140425,15.27,15.96,14.5,15.69,60200
ADP,20140425,66.9358,67.3222,66.2863,66.4267,1437700
ADRA,20140425,27.52,27.52,27.51,27.51,900
ADRD,20140425,24.85,24.89,24.72,24.73,11700
ADRE,20140425,37.1,37.1,36.78,36.94,28400
ADRU,20140425,24.95,25.03,24.89,24.94,6300
ADSK,20140425,47.31,48.08,46.93,47,2368700
ADTN,20140425,23.38,23.38,22.82,23.06,861000
ADUS,20140425,22.35,22.35,21.68,21.87,60000
ADXS,20140425,2.7,2.74,2.66,2.67,95900
ADXSW,20140425,1.05,1.05,0.95,1.05,5000
AEGN,20140425,23.9,24.11,23.75,23.91,275700
AEGR,20140425,44.95,45.41,44.13,44.47,789800
AEHR,20140425,2.57,2.59,2.51,2.59,500
AEIS,20140425,24.08,24.13,23.36,23.39,236300
AEPI,20140425,36.75,37.03,36.5,36.51,18300
AERI,20140425,15.93,15.93,14.62,14.99,75500
AETI,20140425,7.02,7.02,6.6,6.75,28800
AEY,20140425,3.43,3.43,3.35,3.36,35400
AEZS,20140425,119,119,113,115,297900
AFAM,20140425,21.2,21.75,20.65,20.74,44200
AFH,20140425,14.45,14.45,14.25,14.29,16700
AFSI,20140425,18.7,18.73,18.49,18.53,444600
AGEN,20140425,2.71,2.72,2.54,2.56,315200
AGII,20140425,46.08,46.53,45.84,45.9,148000
AGIIL,20140425,23.42,23.66,23.34,23.52,39900
AGIO,20140425,43.34,44.37,40.51,41.02,389400
AGNC,20140425,22.58,22.78,22.5,22.77,4000900
AGNCP,20140425,26.1,26.12,25.86,25.94,11000
AGND,20140425,48.42,48.42,48.42,48.42,0
AGTC,20140425,12.44,13.31,11.28,12.84,98600
AGYS,20140425,12.1,12.24,12,12.02,37800
AGZD,20140425,50.11,50.11,50.11,50.11,0
AHGP,20140425,64.41,64.72,62.51,63.99,29400
AHPI,20140425,2.17,2.17,2.17,2.17,300
AIMC,20140425,33.35,35.98,32.91,34.75,221000
AINV,20140425,8.09,8.11,8.02,8.02,1729500
AIQ,20140425,30.23,30.82,29.22,29.6,33100
AIRM,20140425,52.57,54.39,51.9,54.04,388500
AIRR,20140425,19.31,19.35,19.15,19.2,19700
AIRT,20140425,12.18,12.18,12.1,12.12,2800
AIXG,20140425,16.05,16.12,15.78,15.86,66300
AKAM,20140425,53.09,53.3,51.67,52.03,2197100
AKAO,20140425,13.75,13.75,12.91,13.38,77100
AKBA,20140425,22.67,24.4,21.24,23,282500
AKER,20140425,3.75,4.01,3.72,3.77,8700
AKRX,20140425,24.16,24.43,23.8,23.91,590600
ALCO,20140425,36,36.64,35.05,35.64,22000
ALGN,20140425,50.41,50.74,49.79,50,1352700
ALGT,20140425,118.92,119.05,116.14,116.92,109100
ALIM,20140425,6.06,6.15,5.89,5.94,100500
ALKS,20140425,45.87,46.3,44.48,44.65,1621000
ALLT,20140425,13.19,13.19,12.53,12.63,294100
ALNY,20140425,52.31,52.98,49.25,49.34,849000
ALOG,20140425,78.91,78.99,76.8,77.51,51200
ALOT,20140425,12.71,12.93,12.26,12.46,4700
ALQA,20140425,7.82,7.92,7.51,7.71,56900
ALSK,20140425,1.88,1.9,1.85,1.85,180300
ALXN,20140425,156,157.98,152.07,153.19,1997200
AMAG,20140425,18.02,18.17,17.57,17.93,434900
AMAT,20140425,18.99,19.14,18.37,18.62,20504000
AMBA,20140425,27.42,27.62,26.19,26.34,671800
AMBC,20140425,30.33,30.63,29.65,29.91,403200
AMBCW,20140425,20.95,20.95,19.55,19.99,2600
AMCC,20140425,10.11,10.45,9.44,10.26,4821600
AMCN,20140425,2.17,2.18,2.11,2.12,153100
AMCX,20140425,67.4,68.29,66.96,67.92,729400
AMD,20140425,4.21,4.26,4.04,4.05,37810200
AMDA,20140425,105,105,102.15,103.05,10100
AMED,20140425,13.75,13.95,13.64,13.75,207500
AMGN,20140425,113.62,113.62,111.3,111.41,4513400
AMKR,20140425,7.48,7.48,7.1,7.16,1303600
AMNB,20140425,21.89,21.91,21.29,21.37,45700
AMOT,20140425,11.67,11.97,11.26,11.61,15000
AMOV,20140425,19.56,19.74,19.45,19.74,1600
AMRB,20140425,9.55,9.75,9.55,9.71,17700
AMRI,20140425,16.21,16.37,15.96,16.09,272900
AMRK,20140425,11.34,11.97,11.34,11.76,3500
AMRN,20140425,1.65,1.65,1.58,1.59,806900
AMRS,20140425,3.53,3.56,3.29,3.29,508000
AMSC,20140425,14.3,14.3,13.8,13.9,440200
AMSF,20140425,41.84,41.85,41.19,41.6,47300
AMSG,20140425,43.67,44.19,43.43,43.66,163000
AMSWA,20140425,9.55,9.62,9.31,9.38,65600
AMWD,20140425,31.8,32.11,31.34,31.38,144700
AMZN,20140425,316.25,316.49,302.71,303.83,16186700
ANAT,20140425,113.3,114.74,112.95,113.34,9200
ANCB,20140425,19,19,18.98,19,1100
ANCX,20140425,15.79,16.07,15.1,15.13,49200
ANDE,20140425,64.22,64.62,63.36,63.58,233500
ANGI,20140425,12.99,13.01,11.7,11.76,2044800
ANGO,20140425,13.75,13.89,13.53,13.61,225700
ANIK,20140425,40.78,40.78,39.02,39.61,262000
ANIP,20140425,32.33,32.45,30.17,31.24,121500
ANSS,20140425,76.69,77.08,76.42,76.64,676900
ANTH,20140425,2.86,2.9,2.81,2.84,65200
AOSL,20140425,7.38,7.39,7.18,7.21,52200
APEI,20140425,34.87,35.07,33.74,33.86,108100
APOG,20140425,31.82,31.98,31.31,31.6,219100
APOL,20140425,27.96,28.39,27.53,27.84,1251000
APPY,20140425,17.04,17.68,16.4,16.96,371800
APRI,20140425,23.5,23.6,22.8,22.8,134300
APWC,20140425,2.56,2.6,2.53,2.53,23100
AQXP,20140425,8.91,8.91,8.5,8.6,20600
ARAY,20140425,8.9,8.99,8.69,8.7,454200
ARCC,20140425,17.22,17.3,17.18,17.27,1385300
ARCI,20140425,2.7,2.74,2.68,2.69,22100
ARCW,20140425,18.124,18.124,15.456,16.168,68000
AREX,20140425,19.85,20.2,19.6,19.63,1176000
ARGS,20140425,9.59,9.94,9.39,9.43,9000
ARIA,20140425,7.3,7.39,7.03,7.09,7554300
ARII,20140425,67.91,69,65.25,66.1,189700
ARIS,20140425,3.09,3.09,3.02,3.02,107700
ARKR,20140425,21.13,21.71,21.13,21.68,600
ARLP,20140425,43.65,43.74,43.02,43.305,68700
ARNA,20140425,6.12,6.16,5.93,5.96,4906300
AROW,20140425,25.71,25.84,25.2,25.27,46000
ARQL,20140425,1.66,1.68,1.61,1.61,219300
ARRS,20140425,26.16,26.34,25.42,25.76,1301800
ARRY,20140425,4.04,4.05,3.8,3.86,2193900
ARTNA,20140425,22.16,22.38,22.01,22.03,15900
ARTW,20140425,5.91,6.1,5.9,6.1,1900
ARTX,20140425,3.49,3.55,3.37,3.37,531700
ARWR,20140425,12.48,12.52,11.87,12.2,907400
ASBB,20140425,17.8,17.8,17.8,17.8,100
ASCMA,20140425,68.75,69.23,67,67.9,55000
ASFI,20140425,8.24,8.27,8.21,8.21,4000
ASML,20140425,83.25,83.26,81.42,81.68,1680200
ASNA,20140425,17.07,17.19,16.86,16.98,788800
ASPS,20140425,111.34,111.34,105.05,105.55,264200
ASRV,20140425,3.47,3.58,3.43,3.47,25100
ASRVP,20140425,26.55,26.6,26.55,26.56,2000
ASTC,20140425,2.57,2.61,2.51,2.52,99900
ASTE,20140425,41.87,42.1,40.85,40.95,135500
ASUR,20140425,6.48,6.48,6.2,6.22,7400
ASYS,20140425,9.16,9.16,8.87,8.95,21400
ATAI,20140425,4.05,4.06,4,4.06,13200
ATAX,20140425,5.93,5.95,5.85,5.86,175800
ATEC,20140425,17.16,17.16,16.32,16.32,218800
ATHN,20140425,128.01,128.29,123.6,127.81,1188000
ATHX,20140425,2.86,2.88,2.69,2.73,677200
ATLC,20140425,2.5,2.5,2.39,2.39,4300
ATLO,20140425,22.53,22.84,22,22,14200
ATNI,20140425,61.06,62.1,60.5,61.52,97400
ATOS,20140425,19.8,19.8,18.45,19.05,100900
ATRC,20140425,16.27,17.5,16.19,16.66,469900
ATRI,20140425,284.04,287.28,281.5,285.55,4900
ATRO,20140425,58.59,59.32,57.05,57.52,80000
ATRS,20140425,2.9,2.92,2.78,2.86,2112700
ATSG,20140425,7.95,8.05,7.77,7.88,233800
ATTU,20140425,9.15,9.15,8.82,8.89,76000
ATVI,20140425,19.44,19.53,19.25,19.46,2934700
AUBN,20140425,23.81,23.81,23.81,23.81,200
AUDC,20140425,7.01,7.07,6.71,6.76,288000
AVAV,20140425,35.04,35.04,33.47,33.79,426700
AVEO,20140425,1.32,1.33,1.27,1.3,442500
AVGO,20140425,64.85,65.03,62.19,62.34,1926600
AVHI,20140425,17.18,17.18,16.92,16.98,35200
AVNW,20140425,19.08,19.08,18.36,18.48,491600
AWRE,20140425,5.6,5.62,5.37,5.59,50400
AXAS,20140425,5.3,5.38,5.17,5.19,1705200
AXDX,20140425,17.97,18.29,17.15,17.24,87600
AXGN,20140425,2.9,2.91,2.75,2.81,43000
AXTI,20140425,2.22,2.22,2.18,2.19,15200
AZPN,20140425,39.21,39.67,38.9,39.06,685500
BABY,20140425,25.68,25.88,24.92,24.96,384400
BANF,20140425,59.38,59.6,59.01,59.2,39400
BANFP,20140425,27.13,27.13,27.13,27.13,0
BANR,20140425,39.32,39.84,39.26,39.5,112000
BANX,20140425,25.29,25.29,24.9,25.09,8500
BASI,20140425,2.8,2.83,2.7,2.75,14500
BBBY,20140425,62.72,62.8,62.32,62.48,2707800
BBGI,20140425,8.19,8.34,7.95,7.97,5400
BBOX,20140425,20.92,21.28,20.12,20.46,44000
BBRG,20140425,14.94,15.08,14.8,14.99,107300
BBRY,20140425,7.33,7.36,7.18,7.28,5838600
BBSI,20140425,55.11,55.89,53.71,54.27,69100
BCBP,20140425,13.28,13.29,13.11,13.28,3000
BCOM,20140425,16.8,18.17,16.8,17.58,1900
BCOR,20140425,19,19.1,18.5,18.52,836700
BCOV,20140425,8.41,8.41,7.92,7.96,426400
BCPC,20140425,62.25,62.99,61.76,61.83,143900
BCRX,20140425,8.32,8.35,7.81,8.01,888400
BDE,20140425,11.23,11.31,10.98,11.14,86000
BDGE,20140425,24.7,25.09,24.1,24.34,25600
BDSI,20140425,8.62,8.73,8.2,8.41,355600
BEAT,20140425,8.68,8.97,8.35,8.47,195300
BEAV,20140425,88.03,88.23,85.55,85.72,992300
BEBE,20140425,5.36,5.47,5.17,5.2,392000
BECN,20140425,35.8,35.8,35.14,35.64,397600
BELFA,20140425,20.02,20.42,20.02,20.42,500
BELFB,20140425,22.5,22.54,21.66,21.72,26500
BFIN,20140425,9.9,9.96,9.77,9.81,55100
BGCP,20140425,7.13,7.19,6.99,7.06,656800
BGFV,20140425,15.51,15.51,14.86,14.86,146000
BIB,20140425,36.31,37.175,35.27,35.44,452100
BICK,20140425,24.57,24.57,24.35,24.36,13400
BIDU,20140425,164.32,167.36,159.28,162.91,9467100
BIIB,20140425,293.04,296.74,285.58,285.81,1727600
BIOC,20140425,15,15.63,13.65,14.16,22600
BIOL,20140425,2.16,2.18,2.1,2.1,169300
BIOS,20140425,7.37,7.37,7.07,7.14,1169000
BIS,20140425,18.74,19.24,18.33,19.13,822000
BJRI,20140425,29.86,29.86,28.76,29.06,243900
BKCC,20140425,9.18,9.2,9.15,9.16,473600
BKEP,20140425,9.18,9.25,9.1,9.17,6200
BKEPP,20140425,10,10,10,10,3000
BKMU,20140425,6.09,6.11,6.03,6.06,107700
BKSC,20140425,15.1,15.1,15.1,15.1,200
BLDP,20140425,4.25,4.35,4.04,4.17,7081900
BLDR,20140425,8,8.55,7.55,8,1244700
BLFS,20140425,3.61,3.61,3.2,3.31,48800
BLIN,20140425,4.8,4.9,4.7,4.85,11400
BLKB,20140425,30.8,30.8,30.06,30.11,284200
BLMN,20140425,21.74,21.79,21.41,21.51,702200
BLMT,20140425,17.19,17.19,17.1,17.11,5800
BLRX,20140425,2.12,2.18,2.05,2.05,73200
BLUE,20140425,19.71,20.16,19.1,19.44,95800
BLVD,20140425,9.89,9.89,9.72,9.79,4600
BLVDU,20140425,10.03,10.06,10.02,10.03,176200
BLVDW,20140425,0.75,0.75,0.75,0.75,100
BMRC,20140425,45.5,45.55,45.25,45.27,26500
BMRN,20140425,58.57,59.82,56.67,57.09,1261100
BMTC,20140425,27.44,27.68,26.89,27.09,28300
BNCL,20140425,13.4,13.48,13.25,13.25,136000
BNCN,20140425,17.12,17.54,16.3,16.47,45500
BNDX,20140425,50.74,50.8,50.73,50.8,192600
BNFT,20140425,35.68,35.68,31.52,31.7,180900
BNSO,20140425,1.61,1.61,1.6,1.61,14000
BOBE,20140425,46.99,47.58,46.55,46.8,522700
BOCH,20140425,6.6,6.66,6.5,6.54,7700
BOFI,20140425,20.94,21.0525,19.98,20.085,206600
BOKF,20140425,67.06,67.13,66.09,66.1,73000
BONT,20140425,11.44,11.51,11.17,11.25,156200
BOOM,20140425,19.5,19.67,19.21,19.33,40900
BOSC,20140425,4.18,4.2,4.12,4.18,8200
BOTJ,20140425,8.99,8.99,8.99,8.99,100
BPFH,20140425,12.82,12.93,12.51,12.55,360900
BPFHP,20140425,23.4,23.45,23.4,23.45,5800
BPFHW,20140425,5.6,5.6,5.6,5.6,1300
BPOP,20140425,30.96,31.13,30.56,31.06,687000
BPOPM,20140425,20.75,20.75,20.75,20.75,0
BPOPN,20140425,21.18,21.39,21.1,21.38,17500
BPTH,20140425,2.52,2.57,2.35,2.38,117400
BRCD,20140425,9.44,9.48,9.15,9.25,4070900
BREW,20140425,14.75,14.89,14.54,14.81,58800
BRID,20140425,10,10,10,10,0
BRKL,20140425,9.07,9.11,8.93,9.01,295400
BRKR,20140425,21.5,21.75,21.07,21.22,441300
BRKS,20140425,10.94,10.96,10.57,10.67,318400
BSET,20140425,13.44,13.75,13.3,13.6,41200
BSFT,20140425,25.9,25.9,24.36,24.49,235000
BSPM,20140425,13.3,13.3,12.39,12.39,55700
BSQR,20140425,3.3,3.39,3.22,3.27,8700
BSRR,20140425,14.68,16.2,14.68,15.68,31000
BSTC,20140425,24.25,24.33,23.15,23.69,9900
BUR,20140425,4.01,4.1,3.99,3.99,3400
BUSE,20140425,5.55,5.61,5.48,5.55,240200
BV,20140425,6.76,6.77,6.57,6.7,519600
BVSN,20140425,10.1,10.37,10,10.16,15600
BWEN,20140425,12.58,12.7,11.6,12.05,240300
BWINA,20140425,24.24,24.24,24.24,24.24,0
BWINB,20140425,26.13,26.13,25.59,25.93,19800
BWLD,20140425,138.8,140,135.51,136.52,435500
BYBK,20140425,5,5,5,5,0
BYFC,20140425,1.26,1.26,1.26,1.26,0
CA,20140425,30.41,30.41,29.94,29.95,1801700
CAAS,20140425,8.16,8.2,7.75,7.86,120100
CAC,20140425,41.12,41.58,39.77,39.86,16500
CACB,20140425,4.77,4.77,4.6,4.69,23000
CACC,20140425,139.38,141.84,137.4,140.9,41800
CACQ,20140425,12.99,12.99,12.38,12.53,104100
CADC,20140425,4.92,4.92,4.92,4.92,0
CAKE,20140425,45.71,46.08,45.1,45.25,789600
CALD,20140425,9.8,10.02,9.4,9.41,989000
CALI,20140425,2.69,2.73,2.52,2.56,8300
CALL,20140425,19.3,19.3,18.25,18.37,468500
CALM,20140425,30.595,30.76,29.92,30.09,83200
CAMP,20140425,21.2,21.57,18.41,18.62,5732800
CAMT,20140425,3.37,3.39,3.15,3.17,113700
CAR,20140425,53.95,54.08,52.76,53.18,1480500
CARA,20140425,14.15,14.66,13.4,13.81,117900
CARB,20140425,8.91,8.96,8.56,8.64,84700
CART,20140425,6.04,6.04,6.04,6.04,100
CARV,20140425,11.01,11.01,11.01,11.01,0
CARZ,20140425,39.25,39.39,39.14,39.32,51100
CASH,20140425,41.29,42.1,41.21,42.01,28500
CASM,20140425,2.2,2.2,2.19,2.2,1600
CASS,20140425,51.2,51.6,49.81,50.43,30500
CASY,20140425,66.3,66.32,65,65.34,124000
CATM,20140425,34.56,34.56,32.9,32.98,656000
CATY,20140425,24.13,24.29,23.98,24.05,406700
CATYW,20140425,6.38,6.38,6.38,6.38,0
CAVM,20140425,42.62,43.73,41.38,41.55,909900
CBAK,20140425,2.82,2.83,2.68,2.69,54100
CBAN,20140425,6.03,6.03,6.03,6.03,700
CBF,20140425,23.5,23.74,23.34,23.6,124600
CBLI,20140425,13,13,12.4,12.4,226900
CBMX,20140425,42.15,43.5,41.25,41.4,115100
CBMXW,20140425,1.05,1.19,0.42,1.19,42100
CBOE,20140425,52.63,52.78,52.36,52.44,360600
CBPO,20140425,39.35,39.35,37,38.43,24100
CBRL,20140425,96.33,96.78,95.66,95.8,134200
CBSH,20140425,43.53,43.76,43.16,43.21,254600
CCBG,20140425,13.66,13.91,13.55,13.72,35100
CCCL,20140425,12.32,12.4,11.44,11.84,55800
CCCR,20140425,5.32,5.5,5.3,5.36,13900
CCIH,20140425,15.67,15.73,14.76,15.06,802600
CCMP,20140425,45.04,45.46,43.57,44.25,156000
CCNE,20140425,17.26,17.26,16.57,16.74,39800
CCOI,20140425,34.96,35.26,33.89,34.75,440900
CCRN,20140425,7.01,7.14,6.86,7.04,240600
CCUR,20140425,8.4,8.4,8.23,8.26,25400
CCXI,20140425,5.73,5.76,5.33,5.5,240100
CDNS,20140425,14.86,15.07,14.75,14.85,3884600
CDTI,20140425,14,14,12.75,12.85,479700
CDW,20140425,28.66,28.66,27.5,27.84,727500
CDXS,20140425,1.78,1.78,1.68,1.7,28400
CDZI,20140425,6.4,6.42,6.3,6.34,1800
CECE,20140425,16.31,16.54,16,16.1,55200
CECO,20140425,7.35,7.46,6.95,7.11,663300
CELG,20140425,70.63,72.36,70.55,71.03,4162500
CELGZ,20140425,2.77,2.83,2.77,2.77,6100
CEMI,20140425,3.13,3.14,3.13,3.13,8200
CEMP,20140425,9.84,10.17,9.38,9.51,136200
CENT,20140425,8.45,8.45,8.27,8.31,13000
CENTA,20140425,8.43,8.51,8.32,8.42,116100
CENX,20140425,13.27,13.95,13.1,13.75,1006900
CERN,20140425,51.67,51.9,49.17,49.51,6410500
CERS,20140425,4.49,4.53,4.25,4.33,623300
CERU,20140425,6.7,7.14,6.28,6.65,37000
CETV,20140425,2.64,2.69,2.45,2.57,1085900
CEVA,20140425,17.15,17.21,16.65,16.78,79800
CFBK,20140425,1.6,1.6,1.54,1.55,8900
CFFI,20140425,31.41,31.9,31.11,31.3,13100
CFFN,20140425,12.25,12.31,12.15,12.15,570000
CFNB,20140425,14.76,14.96,14.76,14.83,3700
CFNL,20140425,17.23,17.27,17.01,17.01,188100
CG,20140425,34.57,34.9,34.01,34.64,284600
CGEN,20140425,9.55,9.58,9.27,9.38,85300
CGIX,20140425,15.38,15.57,15.05,15.35,37700
CGNX,20140425,35.3,35.3,34.39,34.63,412200
CGO,20140425,14.73,14.79,14.67,14.79,32900
CHCI,20140425,1.45,1.46,1.43,1.44,30300
CHCO,20140425,42.27,42.6,41.93,42.09,39300
CHDN,20140425,86.91,87.35,85.65,86.14,77600
CHEF,20140425,20.44,20.54,19.53,19.75,88400
CHFC,20140425,29.15,29.59,28.77,28.89,74500
CHFN,20140425,10.98,11.01,10.9,10.99,102700
CHI,20140425,13.81,13.87,13.72,13.73,130700
CHKE,20140425,13.71,13.74,13.55,13.7,16000
CHKP,20140425,66.7,67.36,65.5,65.75,790600
CHMG,20140425,27.15,27.8,27,27.26,9800
CHNR,20140425,4.08,4.08,4.05,4.05,4500
CHRW,20140425,56.81,56.95,56.07,56.28,2013700
CHSCN,20140425,27.31,27.5,27.22,27.5,73000
CHSCO,20140425,28.95,29.26,28.95,29.26,34400
CHSCP,20140425,30.5,30.91,30.4,30.91,37000
CHTR,20140425,129.93,130.39,128.26,130.01,1911700
CHUY,20140425,38.19,38.93,37.86,38.34,192600
CHW,20140425,9.14,9.16,9.09,9.15,154700
CHY,20140425,13.92,13.94,13.81,13.87,149200
CIDM,20140425,24.8,25,23.8,24.3,226500
CIFC,20140425,7.67,7.74,7.61,7.68,14600
CINF,20140425,49.26,49.26,47.75,48,1128500
CISG,20140425,6.52,6.66,6.22,6.25,125700
CIZN,20140425,19.24,19.57,18.76,19.1,8800
CJJD,20140425,2.07,2.16,2.07,2.15,37100
CKEC,20140425,29.86,30.09,29.35,29.52,91100
CLAC,20140425,9.88,9.88,9.88,9.88,0
CLACU,20140425,10.33,10.33,10.33,10.33,0
CLACW,20140425,0.65,0.65,0.65,0.65,0
CLBH,20140425,10.57,10.6,10.57,10.58,1700
CLCT,20140425,23.5,23.5,22.51,22.87,80100
CLDX,20140425,14.49,14.64,13.84,14.04,2089000
CLFD,20140425,15.8,17.29,15.75,16.64,429000
CLIR,20140425,9.87,10.19,9.79,9.98,248000
CLMS,20140425,12.82,12.82,12.38,12.47,335900
CLMT,20140425,28.3,28.47,27.75,28.14,360100
CLNE,20140425,9.06,9.09,8.76,8.93,1153800
CLNT,20140425,5.58,5.66,5.45,5.53,29800
CLRO,20140425,9.86,9.87,9.76,9.79,34000
CLSN,20140425,3.35,3.43,3.3,3.35,125100
CLUB,20140425,8.37,8.43,8.25,8.33,76300
CLVS,20140425,54.4,54.47,50.26,51.5,592100
CLWT,20140425,4.38,4.38,4.38,4.38,100
CMCO,20140425,26.43,27.05,26.19,26.46,73800
CMCSA,20140425,51.29,51.4,50.87,50.97,16369300
CME,20140425,70.82,70.98,70.3,70.39,799100
CMFN,20140425,13.76,14.06,13.64,13.92,51300
CMLS,20140425,54.16,55.2,52.32,53.12,2499900
CMRX,20140425,19.58,19.78,18.41,18.8,254500
CMTL,20140425,31.83,31.9,31.7,31.72,206700
CNAT,20140425,6.4,6.4,6.08,6.16,303800
CNBKA,20140425,33.51,33.79,33.48,33.51,4900
CNCE,20140425,9.3,9.55,7.69,8.9,242600
CNET,20140425,1.06,1.07,1.02,1.07,26700
CNIT,20140425,5.18,5.18,4.6,4.81,128100
CNMD,20140425,44.56,45.82,44.56,45.37,263800
CNOB,20140425,18.77,18.82,18.6,18.75,46000
CNSL,20140425,19.37,19.4,19.02,19.25,190600
CNTF,20140425,9.65,9.65,9.25,9.35,173500
CNTY,20140425,5.93,5.96,5.63,5.74,295200
COBZ,20140425,10.05,10.15,9.99,10,136700
COHR,20140425,62.77,63.29,60.64,61.19,106000
COHU,20140425,10.41,10.41,10,10.04,59000
COKE,20140425,82.02,82.79,81.27,82.41,32600
COLB,20140425,25.89,26.09,25.48,25.52,344600
COLM,20140425,40.42,40.955,39.665,40.1,98800
COMM,20140425,24.9,25.14,24.23,24.65,212600
CONE,20140425,19.94,20.21,19.59,19.9,235400
CONN,20140425,46.22,46.22,44.57,44.86,680300
COOL,20140425,16.8,17.64,16.8,16.8,43400
CORE,20140425,19.285,19.475,19.1,19.1425,52200
CORI,20140425,8.1,8.22,8.02,8.19,16200
CORT,20140425,4.07,4.07,3.83,3.84,461100
COST,20140425,114.85,115.3,114.2,115.01,1721500
COVS,20140425,6.83,7.04,6.83,6.96,57100
COWN,20140425,4.25,4.25,4.16,4.19,780600
CPAH,20140425,13.5,14.2,13.5,14,700
CPHC,20140425,11.15,11.39,11.15,11.25,3900
CPIX,20140425,4.44,4.48,4.42,4.45,43000
CPLA,20140425,57.34,57.97,55.28,55.72,39600
CPLP,20140425,10.76,10.83,10.58,10.6,236000
CPRT,20140425,35.75,35.8,35.3,35.61,325700
CPRX,20140425,2.04,2.07,1.98,2,672500
CPSI,20140425,60.55,60.55,59.91,60.18,185200
CPSS,20140425,7.35,7.36,7.12,7.15,63900
CPST,20140425,42.8,44,41.6,43.8,7092400
CPTA,20140425,18.65,18.7,18.56,18.57,18600
CRAI,20140425,22.24,22.3,21.47,21.77,48800
CRAY,20140425,33.84,34.29,32.33,32.79,370200
CRDS,20140425,44.4,44.6,42,43.6,104100
CREE,20140425,49.87,49.91,47.83,47.94,5035600
CREG,20140425,33.6,34.1,32.5,32.9,96100
CRESY,20140425,11.12,11.47,11.1,11.46,68200
CRIS,20140425,2.25,2.32,2.15,2.15,494900
CRME,20140425,7.55,7.7,7.36,7.6,48500
CRMT,20140425,35.73,36.25,35.56,35.71,22500
CRNT,20140425,2.72,2.76,2.65,2.67,98100
CROX,20140425,15.02,15.17,14.8,15.04,1162300
CRTO,20140425,33.5,33.64,28.67,28.94,790300
CRUS,20140425,21.44,21.94,21.2,21.63,5843100
CRVL,20140425,47.3,48.13,46.44,46.55,56800
CRWS,20140425,8.6,8.7,8.36,8.43,15500
CRZO,20140425,54.86,54.95,52.56,53.12,969100
CSBK,20140425,11.66,11.73,11.55,11.55,242700
CSCO,20140425,23.27,23.32,22.88,23,25087200
CSFL,20140425,10.66,10.78,10.66,10.73,123600
CSGP,20140425,160.01,164.34,158.12,159.34,649400
CSGS,20140425,26.26,26.48,26,26.06,189500
CSII,20140425,28.59,29.69,28.54,28.73,548000
CSIQ,20140425,29.87,30.7,29.5,30.15,2928500
CSOD,20140425,36.94,36.94,35.12,35.84,1587600
CSPI,20140425,7.62,7.62,7.51,7.57,1700
CSQ,20140425,11.22,11.23,11.18,11.23,234000
CSTE,20140425,54.8,54.8,52.58,54.65,246600
CSWC,20140425,35.65,35.84,35.24,35.5,53800
CSX,20140425,28.33,28.46,27.95,28.03,4171100
CTAS,20140425,58.19,58.38,57.34,57.55,484500
CTBI,20140425,37.55,37.66,37.05,37.27,63900
CTG,20140425,15.93,16.56,15.6,16.21,113200
CTHR,20140425,2.43,2.44,2.38,2.38,30800
CTIB,20140425,5,5,5,5,0
CTIC,20140425,3.2,3.2,3,3.03,2447500
CTRL,20140425,18.81,18.81,17.77,17.9,243400
CTRN,20140425,17.1,17.25,16.67,16.7,59200
CTRP,20140425,24.05,24.265,22.43,22.74,4221700
CTSH,20140425,49.53,49.74,48.66,48.73,2719400
CTWS,20140425,32.89,33.24,32.61,32.68,29000
CTXS,20140425,60.5,60.9,59.04,59.42,9240800
CUBA,20140425,7.97,8.06,7.95,8.04,3300
CUI,20140425,9.94,10.07,9.55,9.67,45700
CUNB,20140425,18.1,18.48,18.06,18.1,20700
CUTR,20140425,10.43,10.44,10.25,10.32,60200
CVBF,20140425,14.38,14.52,14.15,14.17,347500
CVCO,20140425,79.97,79.97,77.26,77.62,35200
CVCY,20140425,11.71,11.74,11.55,11.74,3800
CVGI,20140425,9.23,9.3,8.98,9.18,178900
CVGW,20140425,31.94,32.12,31.05,31.3,56500
CVLT,20140425,49.98,50.52,47.47,47.56,8454500
CVLY,20140425,21.7,21.7,21.62,21.62,10200
CVTI,20140425,10.61,10.63,10.12,10.24,18000
CVV,20140425,13.68,14.35,13.64,14.14,17100
CWAY,20140425,10.22,10.25,10.22,10.25,33400
CWBC,20140425,6.87,6.87,6.87,6.87,0
CWCO,20140425,12.1,12.21,11.75,11.75,87400
CWST,20140425,4.97,5.04,4.9,4.93,140600
CXDC,20140425,7.35,7.44,7,7.29,344100
CY,20140425,10.06,10.1,9.58,9.61,3675900
CYAN,20140425,4.98,5.05,4.98,5.03,1900
CYBE,20140425,7.93,7.99,7.8,7.93,14300
CYCC,20140425,41.76,42.12,39.84,40.56,117200
CYCCP,20140425,9.7,9.7,9.7,9.7,100
CYHHZ,20140425,0.06,0.07,0.06,0.06,448500
CYNO,20140425,25.6,25.81,24.8,24.88,115200
CYOU,20140425,26.5,26.79,25.61,26.65,519800
CYRN,20140425,3.18,3.18,3.04,3.04,15100
CYTK,20140425,5.21,5.45,4.57,4.59,17259600
CYTR,20140425,3.17,3.17,2.95,3.02,1170800
CYTX,20140425,36.9,37.2,34.65,35.1,345000
CYTXW,20140425,0.7,0.7,0.7,0.7,0
CZFC,20140425,10.61,10.61,10.43,10.43,1300
CZNC,20140425,18.9,19.16,18.61,18.64,30800
CZR,20140425,18.36,18.4,17.42,17.75,966400
CZWI,20140425,8.02,8.02,7.97,7.98,1200
DAIO,20140425,2.67,2.73,2.65,2.71,25900
DAKT,20140425,13.43,13.45,12.97,13.06,131500
DAVE,20140425,25.01,25.34,24.65,24.91,61400
DCIX,20140425,31.52,31.52,30.88,31.2,58900
DCOM,20140425,16.38,16.5,16.15,16.28,210100
DCTH,20140425,3.82,3.84,3.64,3.65,396000
DENN,20140425,6.42,6.54,6.31,6.31,477900
DEPO,20140425,13.99,14.25,13.38,13.47,598800
DEST,20140425,25.09,25.38,24.6,24.78,140200
DFRG,20140425,24.94,25.58,24.65,25.3,295300
DFVS,20140425,39.89,39.89,39.89,39.89,100
DGAS,20140425,19.04,19.26,19,19.01,16400
DGICA,20140425,14.97,14.97,14.38,14.43,17200
DGICB,20140425,25.3,25.3,25.3,25.3,0
DGII,20140425,9.66,10.05,8.92,8.93,339100
DGLD,20140425,63.7,63.97,62.45,63.34,11900
DGLY,20140425,4.84,5,4.84,4.94,10800
DGRE,20140425,25.04,25.11,25.04,25.09,1200
DGRS,20140425,27.9,27.92,27.6,27.75,7800
DGRW,20140425,28.15,28.15,27.87,27.94,12100
DHIL,20140425,121,121.4,118,118,7900
DHRM,20140425,6.11,6.12,5.8,5.85,82700
DIOD,20140425,27.53,27.86,26.5,26.79,269900
DISCA,20140425,77.22,77.47,76.51,76.61,807700
DISCB,20140425,76.51,76.51,76.51,76.51,0
DISCK,20140425,35.975,35.975,35.71,35.77,349700
DISH,20140425,59.63,59.63,57.07,57.98,2796100
DJCO,20140425,172.3,174.19,170.25,174.19,2600
DLBS,20140425,30.62,30.64,30.5,30.59,8500
DLHC,20140425,1.75,1.87,1.75,1.83,14900
DLTR,20140425,51.21,51.73,51,51.36,1196300
DMLP,20140425,26.55,26.91,26.55,26.72,44100
DMRC,20140425,32.96,33.11,30.5,32.95,52900
DNBF,20140425,19.51,19.75,19.5,19.69,7100
DNKN,20140425,46.47,47.25,46.31,46.51,1244200
DORM,20140425,57.3,57.83,56.18,57.12,228100
DOX,20140425,45.94,45.98,45.42,45.42,506700
DPRX,20140425,10.01,10.1,9.65,9.65,9100
DRAD,20140425,3.31,3.31,3.22,3.29,66200
DRAM,20140425,8.67,8.67,8.34,8.46,21600
DRNA,20140425,17.43,18.6,16.64,17.19,148500
DRRX,20140425,1.34,1.36,1.3,1.3,116800
DRWI,20140425,34,34,32.5,32.75,99600
DRYS,20140425,4740,4770,4635,4665,4076000
DSCI,20140425,9.62,9.73,9.23,9.27,109000
DSGX,20140425,14.25,14.25,14.03,14.03,159900
DSLV,20140425,46.92,47.64,46.55,47.13,22400
DSPG,20140425,8.41,8.5,8.24,8.27,69200
DSWL,20140425,2.09,2.12,2.09,2.1,4900
DTLK,20140425,13.12,13.23,12.79,13.08,153800
DTSI,20140425,19.11,19.13,18.6,18.68,178800
DTUS,20140425,38.19,38.19,38.15,38.15,700
DTYS,20140425,29,29.24,28.95,29.19,3800
DVAX,20140425,15.4,15.5,14.8,15,2490300
DVCR,20140425,7.26,7.26,7,7.11,12200
DWCH,20140425,13.31,13.85,13.25,13.58,149300
DWSN,20140425,28.25,28.62,28.23,28.26,23600
DXCM,20140425,34.42,34.52,33.31,33.38,878200
DXGE,20140425,26.7,26.71,26.48,26.53,5300
DXJS,20140425,28.28,28.31,28.22,28.22,2800
DXKW,20140425,22.91,22.99,22.84,22.92,59400
DXLG,20140425,5.28,5.29,5.16,5.2,182900
DXPE,20140425,109.43,110.15,106.61,108.27,72800
DXPS,20140425,26.02,26.02,26,26,700
DXYN,20140425,15.76,15.8,15.17,15.37,26700
DYNT,20140425,2.93,3.04,2.91,2.93,9800
DYSL,20140425,1.63,1.63,1.53,1.61,28600
EA,20140425,28.05,28.33,27.81,28.21,4894500
EAC,20140425,17.04,17.24,16.55,16.71,15500
EAGL,20140425,9.75,9.75,9.73,9.74,1900
EAGLU,20140425,10.6,10.6,10.34,10.35,1900
EBAY,20140425,22.9811,23.0695,22.5053,22.6189,9644600
EBIO,20140425,13.97,14.83,13.1,13.32,54500
EBIX,20140425,16.54,16.68,15.78,16.11,353900
EBMT,20140425,11.02,11.02,10.95,10.95,2400
EBSB,20140425,10.1716,10.5964,10.0858,10.1675,22500
EBTC,20140425,18.95,18.95,18,18.09,13700
ECHO,20140425,19.75,20.49,19.56,19.66,1028500
ECOL,20140425,43.6,43.96,43.17,43.51,133100
ECPG,20140425,44.87,44.97,43.61,43.73,241200
ECYT,20140425,18.63,19.04,17.57,17.94,733900
EDAP,20140425,3.19,3.21,3.15,3.15,30100
EDGW,20140425,7.44,7.48,7.18,7.35,20300
EDUC,20140425,3.85,3.85,3.79,3.79,1200
EEFT,20140425,45.2,45.58,43.68,44.33,267700
EEI,20140425,9.89,9.9,9.5,9.54,8000
EEMA,20140425,55.98,56.59,55.98,56.16,1600
EFII,20140425,38.22,38.22,36.88,37.12,405400
EFSC,20140425,18.77,18.87,18.34,18.36,57000
EFUT,20140425,4.82,4.89,4.82,4.87,12200
EGAN,20140425,6.67,6.67,6.44,6.5,163000
EGBN,20140425,35.79,35.79,33.99,33.99,85400
EGHT,20140425,10.53,10.61,9.93,9.94,966700
EGLE,20140425,1249.2,1296,1152,1152,465400
EGLT,20140425,13.87,13.95,10.94,11.37,58500
EGOV,20140425,18.52,18.52,18,18.17,254400
EGRX,20140425,11.47,11.59,10,10.23,252800
EGT,20140425,0.83,0.86,0.82,0.82,5900
EHTH,20140425,42.47,44.29,41.51,43.82,400900
EIGI,20140425,12.8,12.96,12.41,12.5,265600
ELGX,20140425,11.88,12.02,11.74,11.89,630900
ELNK,20140425,3.5,3.53,3.39,3.43,921900
ELON,20140425,26.5,27.1,25.7,25.7,109500
ELOS,20140425,11,11.13,10.5,10.59,94000
ELSE,20140425,3.97,3.98,3.94,3.97,18100
ELTK,20140425,2.21,2.21,2.11,2.16,38200
EMCB,20140425,75.05,75.25,74.5,75.11,34400
EMCF,20140425,25.46,25.46,25.45,25.45,600
EMCG,20140425,24.46,24.58,24.46,24.54,5800
EMCI,20140425,21.8733,22.3267,21.5867,21.68,15800
EMIF,20140425,34.12,34.18,33.96,34.02,3100
EMITF,20140425,13.2,13.2,12.6,13.2,155700
EMKR,20140425,4.97,4.98,4.78,4.87,77100
EML,20140425,16.85,17.53,16.72,17.15,38500
EMMS,20140425,13.32,13.48,13.2,13.2,86000
ENDP,20140425,62.16,62.72,60.4,60.64,3370700
ENG,20140425,1.95,2.1,1.84,2.07,60300
ENOC,20140425,22.24,22.88,21.43,21.95,288700
ENPH,20140425,7.91,8.04,7.6,7.65,178400
ENSG,20140425,21.645,21.895,21.595,21.82,98100
ENT,20140425,12.79,12.79,12.14,12.22,645200
ENTA,20140425,36.62,36.64,35.52,35.62,85300
ENTG,20140425,11.68,11.68,11.21,11.27,647500
ENZY,20140425,19.86,20.16,19.61,19.98,85900
EPAY,20140425,31.52,31.87,31.04,31.12,219500
EPZM,20140425,22.52,23.2,20.62,20.78,280300
EQIX,20140425,179.82,180.65,178.21,180.2,786600
ERIC,20140425,12.22,12.24,11.98,12.04,8198100
ERIE,20140425,70.6,71.19,70.37,71.02,33300
ERII,20140425,4.95,4.99,4.92,4.95,347800
ERS,20140425,4.16,4.16,4.12,4.13,5100
ESBK,20140425,23.32,23.32,23.3,23.3,400
ESCA,20140425,14.51,14.9,14.02,14.71,12400
ESEA,20140425,1.21,1.23,1.21,1.21,33900
ESGR,20140425,132.11,133.02,129.55,129.68,25200
ESIO,20140425,8.92,8.97,8.71,8.85,89500
ESLT,20140425,59.31,59.42,59.08,59.17,12200
ESMC,20140425,1.57,1.63,1.49,1.57,67100
ESPR,20140425,14.6,14.6,14.1,14.12,27200
ESRX,20140425,71.65,71.66,70.82,71.04,4716400
ESSA,20140425,10.58,10.62,10.3,10.34,23800
ESXB,20140425,4.18,4.25,4.1,4.2,20000
ETFC,20140425,22.5,22.58,22,22.4,5006600
ETRM,20140425,27.15,27.45,26.25,26.85,402200
EUFN,20140425,25.43,25.56,25.31,25.46,102700
EVAR,20140425,11,11.34,9.53,10,1646600
EVBS,20140425,6.73,6.77,6.7,6.75,3800
EVEP,20140425,36.27,36.89,36.14,36.52,258300
EVK,20140425,7.19,7.44,7,7.2,5600
EVOK,20140425,9.4,10.09,9.34,9.53,46200
EVOL,20140425,8.64,8.84,8.51,8.83,8000
EWBC,20140425,35.63,35.87,35.04,35.15,574800
EXA,20140425,11.28,11.51,11.03,11.08,10800
EXAC,20140425,23.3,23.3,22.87,23.01,40100
EXAS,20140425,13,13.08,12.55,12.63,2027100
EXEL,20140425,3.35,3.39,3.26,3.26,3051900
EXFO,20140425,4.81,4.82,4.65,4.65,31900
EXLS,20140425,28.3,28.3,27.21,27.39,213200
EXPD,20140425,40.6,40.6,39.92,40.05,642700
EXPE,20140425,71.69,71.79,68.8,69.41,2151400
EXPO,20140425,34.985,35.275,34.645,34.975,45900
EXTR,20140425,5.63,5.64,5.5,5.56,1299500
EZPW,20140425,10.99,11.17,10.9,11.12,347900
FALC,20140425,1.6,1.6,1.52,1.58,53000
FANG,20140425,75.28,75.28,71.13,71.44,1041800
FARM,20140425,21.01,21.02,19.89,20.12,41400
FARO,20140425,48.37,49.29,46.97,47.82,117000
FAST,20140425,49.75,50.07,48.96,49.11,1181900
FATE,20140425,7,7,6.69,6.97,16900
FB,20140425,59.97,60.01,57.57,57.71,92501500
FBIZ,20140425,47,47.05,43.5,44.52,23400
FBMS,20140425,14.5,14.66,14.45,14.66,48000
FBNC,20140425,17.6,17.6,17,17.5,60600
FBNK,20140425,16,16.06,15.45,15.52,30900
FBRC,20140425,25.26,26.39,25.16,25.45,55300
FBSS,20140425,15.16,15.46,15.1,15.46,600
FCAP,20140425,20.75,20.76,20.75,20.76,400
FCBC,20140425,15.08,15.08,14.85,14.98,28200
FCCO,20140425,11,11,10.95,10.95,11500
FCCY,20140425,10.29,10.29,10.19,10.21,15100
FCEL,20140425,28.92,29.52,27.6,28.08,7420500
FCNCA,20140425,230.5,231.85,230.19,230.19,4500
FDEF,20140425,27,27.13,26.7,26.85,18600
FDML,20140425,17.08,17.27,16.72,17,238000
FDUS,20140425,18.63,18.72,18.52,18.64,58800
FEIM,20140425,11.08,11.38,10.79,10.88,6200
FELE,20140425,40.96,40.98,39.58,39.7,160000
FES,20140425,4.02,4.35,4.01,4.22,29800
FEYE,20140425,42.89,44.92,41.01,41.18,4543600
FFBC,20140425,16.87,16.93,16.59,16.7,210900
FFBCW,20140425,5.5,5.5,5.5,5.5,300
FFHL,20140425,1.54,1.54,1.45,1.54,8100
FFIC,20140425,19.97,19.97,19.57,19.62,107300
FFIN,20140425,30.205,30.41,29.625,29.745,154900
FFIV,20140425,105.33,105.88,102.89,103.52,1235200
FFKT,20140425,20.59,21.48,19.57,20.79,25400
FFNW,20140425,10.5,10.56,10.4,10.4,57200
FHCO,20140425,7.65,7.7,7.53,7.58,76300
FIBK,20140425,26.06,26.28,25.55,25.75,132800
FINL,20140425,26.96,26.96,26.4,26.49,428700
FISI,20140425,23.77,23.92,23.28,23.5,66600
FISV,20140425,56.69,56.69,55.87,55.89,1322000
FITB,20140425,20.88,20.88,20.63,20.75,8603800
FITBI,20140425,26.36,26.53,26.35,26.53,52700
FIVE,20140425,38.38,38.94,37.68,38.73,677400
FIVN,20140425,7.1,7.1,6.9,6.95,168900
FIZZ,20140425,19.47,19.49,19.03,19.12,25800
FLAT,20140425,57.12,57.12,57.12,57.12,0
FLDM,20140425,37.51,37.73,35.55,35.66,240400
FLEX,20140425,9.45,9.46,9.32,9.32,2574600
FLIC,20140425,24.5933,24.98,22.48,23.5,74000
FLIR,20140425,36.53,37.01,35,35.05,2402000
FLL,20140425,2.1,2.1,2.05,2.08,11300
FLML,20140425,11.52,12.09,11.2,11.71,191100
FLWS,20140425,5.7,5.75,5.53,5.6,172000
FLXN,20140425,13.28,13.4,12.9,13.1,28200
FLXS,20140425,37.23,37.66,35.56,35.77,20900
FMBI,20140425,16.48,16.74,16.39,16.54,735700
FMI,20140425,27.22,28.47,25.77,27.97,250500
FMNB,20140425,7.54,7.55,7.46,7.54,39100
FNGN,20140425,45.27,45.77,43.86,44.19,523600
FNHC,20140425,19.48,19.76,19.16,19.47,85900
FNLC,20140425,15.97,16.11,15.9,15.9,36100
FNSR,20140425,28.46,28.46,27.35,27.57,2514200
FOLD,20140425,1.85,1.91,1.82,1.84,287300
FONE,20140425,35.31,35.73,35.31,35.31,400
FONR,20140425,16.14,16.35,15.5,15.66,95400
FORD,20140425,1.71,1.71,1.64,1.69,51400
FORM,20140425,5.98,6.05,5.78,5.87,272500
FORR,20140425,35.21,35.44,34.78,34.99,41200
FORTY,20140425,32.31,32.31,30.07,31,700
FOSL,20140425,108.64,108.83,106.68,106.99,382200
FOX,20140425,31.95,32,31.7,31.78,3152500
FOXA,20140425,32.69,32.84,32.53,32.64,11021800
FOXF,20140425,17.11,17.3,16.79,17,220100
FPRX,20140425,14.5,14.77,13.5,14.53,273900
FRAN,20140425,16.73,16.77,16.01,16.04,575300
FRBA,20140425,6.5,6.5,6.43,6.45,2900
FRBK,20140425,4.18,4.26,4.17,4.2,39800
FRED,20140425,18.19,18.27,17.83,17.97,160500
FRGI,20140425,36.83,37.68,36.54,36.81,192900
FRME,20140425,21.46,21.99,21.21,21.37,277000
FRP,20140425,13.53,13.57,13.18,13.24,92900
FSBK,20140425,8.14,8.14,8.14,8.14,2000
FSBW,20140425,15.76,16.41,15.76,16.4,11300
FSC,20140425,9.54,9.56,9.44,9.45,1072500
FSCFL,20140425,24,24.48,24,24.25,3800
FSFG,20140425,23.25,24.09,23.25,23.55,21600
FSFR,20140425,14.38,14.45,14.27,14.45,26800
FSLR,20140425,69.69,71.33,68.2,68.63,2649900
FSTR,20140425,48.78,49.44,47.63,48.12,24700
FTCS,20140425,33.91,33.94,33.81,33.81,4200
FTD,20140425,30.73,31.19,30.4,30.61,128200
FTEK,20140425,5.64,5.68,5.35,5.37,146200
FTGC,20140425,35.25,35.25,34.73,34.77,24200
FTHI,20140425,20.07,20.09,19.97,20,22500
FTLB,20140425,20,20.01,20,20,800
FTNT,20140425,22.78,22.8,21.91,22.05,2235800
FTR,20140425,5.82,5.85,5.7,5.74,11293400
FTSL,20140425,49.37,49.4,49.26,49.37,11200
FUEL,20140425,35.01,35.1,30.51,31.04,1251700
FULLL,20140425,26.28,26.28,25.98,25.98,600
FULT,20140425,12.49,12.64,12.36,12.4,876700
FUNC,20140425,8.12,8.18,8.07,8.07,21500
FUND,20140425,7.96,8.06,7.95,8.01,73400
FV,20140425,18.46,18.46,18.02,18.05,217500
FWRD,20140425,44.87,45.02,44.41,44.75,182400
GABC,20140425,27.37,27.37,26.52,26.53,23500
GAIA,20140425,7.31,7.34,7.02,7.17,15200
GAIN,20140425,7.89,7.96,7.82,7.84,137000
GALE,20140425,44.6,46.8,44,45.8,2857000
GALT,20140425,11.87,11.89,10.9,11.06,171500
GALTW,20140425,7.83,7.83,7.31,7.31,700
GARS,20140425,14.18,14.21,14.12,14.12,29100
GASS,20140425,11.42,11.42,11.11,11.22,34200
GBCI,20140425,26.55,26.97,26.19,26.3,313300
GBDC,20140425,17.2,17.2,17.06,17.13,210000
GBLI,20140425,27.06,27.06,26.5,26.67,24200
GBNK,20140425,13.11,13.37,12.85,12.89,35000
GCBC,20140425,12.89,12.89,12.8,12.805,900
GCVRZ,20140425,0.46,0.48,0.46,0.47,232300
GENC,20140425,7.2,7.28,7.0533,7.0533,7100
GENE,20140425,6.9,6.9,6.7,6.85,60600
GEOS,20140425,61.97,62.8,61,61.4,143500
GERN,20140425,2.03,2.03,1.88,1.9,3720400
GEVO,20140425,17.4,17.55,16.2,16.65,819900
GFED,20140425,12.61,12.61,12.61,12.61,0
GFN,20140425,8.67,8.88,8.67,8.78,7400
GFNCP,20140425,105.95,106,103.08,106,600
GGAL,20140425,13.8,13.88,13.11,13.3,560900
GHDX,20140425,26.31,26.31,25.02,25.13,283000
GIFI,20140425,23.89,23.89,21.58,21.62,35900
GIGA,20140425,1.18,1.19,1.18,1.18,600
GIGM,20140425,5.6,5.7,5.5,5.5,278800
GIII,20140425,36.235,36.665,35.835,36.33,166400
GILD,20140425,74.02,74.88,73.43,73.9,22729400
GILT,20140425,4.89,4.94,4.82,4.83,21700
GK,20140425,56.41,56.75,55,55.29,79600
GLAD,20140425,9.83,9.88,9.81,9.83,117200
GLBS,20140425,15.4,16.04,15.4,16.04,9100
GLBZ,20140425,12.25,12.25,12.25,12.25,0
GLDD,20140425,8.78,8.95,8.59,8.61,316300
GLDI,20140425,14,14.21,13.98,14.01,61700
GLMD,20140425,9.33,9.4,8.86,9,32600
GLNG,20140425,43.65,44.23,43.41,43.65,520800
GLPI,20140425,37.01,37.35,35.99,36.08,785800
GLRE,20140425,31.54,31.86,31.12,31.68,174400
GLUU,20140425,4.01,4.09,3.96,4.07,2302100
GLYC,20140425,13.71,13.91,12.77,13.26,58500
GMAN,20140425,4.8,4.98,4.61,4.72,240800
GMLP,20140425,30.53,30.9,30.3,30.42,98100
GNCA,20140425,19.07,19.33,17.54,17.96,41900
GNCMA,20140425,10.51,10.51,10.25,10.33,158700
GNMA,20140425,49.1,49.1,49.1,49.1,400
GNMK,20140425,8.96,9.02,8.88,8.98,172200
GNTX,20140425,15.18,15.19,14.775,14.78,441200
GNVC,20140425,2.57,2.57,2.38,2.4,44400
GOGO,20140425,18.99,18.99,17.9,18.25,2557800
GOLD,20140425,78.96,79.05,77.87,79.05,468800
GOOD,20140425,17.65,17.65,17.35,17.42,48500
GOODO,20140425,25.4,25.4,25.4,25.4,100
GOODP,20140425,25.32,25.32,25.32,25.32,200
GOOG,20140425,522.51,524.7,515.42,516.18,2097200
GOOGL,20140425,532.26,533.86,522.5,523.1,2372600
GPIC,20140425,8.08,8.58,8.06,8.19,6800
GPOR,20140425,73.75,75.14,70.59,71.79,1980600
GPRE,20140425,29.8,29.92,28.77,28.81,882900
GRFS,20140425,20.165,20.225,19.93,20.07,1082400
GRID,20140425,39.01,39.01,38.55,38.61,2000
GRIF,20140425,29.13,29.94,29.13,29.48,22400
GRMN,20140425,55.32,55.43,53.86,54.24,898800
GROW,20140425,3.35,3.36,3.34,3.34,900
GRPN,20140425,7.23,7.31,7.11,7.19,11742200
GRVY,20140425,7.44,7.44,7.36,7.44,1700
GSBC,20140425,28.47,28.99,28.1,28.29,22000
GSIT,20140425,6.71,6.76,6.46,6.52,38000
GSM,20140425,19.35,19.48,18.98,18.99,295700
GSOL,20140425,8.12,8.17,8.03,8.11,71500
GSVC,20140425,9.44,9.54,8.9,8.98,604600
GT,20140425,28.08,28.16,27.31,27.44,2962700
GTIM,20140425,3.1,3.73,3.03,3.39,285900
GTLS,20140425,77.76,78.43,74.89,75.29,323600
GTWN,20140425,15,15,15,15,1000
GTXI,20140425,1.39,1.4,1.36,1.36,223000
GUID,20140425,9.17,9.22,8.9,9.02,81900
GULF,20140425,24.15,24.15,23.83,23.98,38400
GURE,20140425,2.2,2.23,2.15,2.16,95300
GWPH,20140425,65.25,65.86,61.6,62.12,1573400
GYRO,20140425,5.6,5.61,5.56,5.57,2800
HA,20140425,14.91,14.94,14.53,14.61,887700
HAFC,20140425,21.7,21.7,21.34,21.38,116700
HAIN,20140425,42.265,42.565,42,42.245,458600
HALL,20140425,8.4,8.47,8.4,8.41,37600
HALO,20140425,7.43,7.5,7.2,7.21,1217500
HAS,20140425,54.91,55.22,54.71,54.72,796700
HAWK,20140425,24,24.3,23.65,23.81,769800
HAYN,20140425,52.38,53.15,51.77,52.32,39600
HBAN,20140425,9.33,9.34,9.16,9.16,11029000
HBANP,20140425,1281.5,1281.5,1281.5,1281.5,100
HBCP,20140425,20.16,20.46,19.79,19.81,12800
HBHC,20140425,34.65,34.68,34.12,34.14,407400
HBIO,20140425,4.42,4.52,4.39,4.43,118700
HBK,20140425,14.21,14.21,14.21,14.21,0
HBMD,20140425,11.3,11.3,11.3,11.3,700
HBNC,20140425,13.44,13.7133,13.0667,13.1867,44000
HBP,20140425,4.45,4.47,4.27,4.3,13700
HCAC,20140425,9.65,9.65,9.65,9.65,500
HCACU,20140425,10.08,10.08,10.04,10.05,600
HCACW,20140425,0.6,0.6,0.6,0.6,0
HCAP,20140425,14.51,14.58,14.48,14.57,4600
HCCI,20140425,16.78,17.11,15.79,16.18,40900
HCKT,20140425,6,6.04,5.95,5.98,89600
HCOM,20140425,26.5,26.79,26.35,26.51,22700
HCSG,20140425,29.43,29.64,29.05,29.27,268100
HDNG,20140425,13.79,13.82,13.4,13.46,22900
HDS,20140425,26.35,26.54,25.64,25.93,717300
HDSN,20140425,3.22,3.4,3.22,3.27,96200
HEAR,20140425,9.07,9.4,8.8,9.28,695600
HEES,20140425,39.38,39.65,38.49,38.69,175100
HELE,20140425,65.55,66.46,64.13,64.27,160100
HEOP,20140425,7.8,7.88,7.62,7.63,34200
HFBC,20140425,11.44,11.44,11.4,11.4,200
HFBL,20140425,18.35,18.35,18.35,18.35,0
HFWA,20140425,16.59,16.59,15.95,16.1,34800
HGSH,20140425,5.43,5.5,5.42,5.5,3700
HIBB,20140425,53.44,53.82,52.9,53.22,193400
HIFS,20140425,69.55,69.96,68.01,68.8,4100
HIHO,20140425,2.77,2.85,2.68,2.83,4600
HIIQ,20140425,9.9,10.11,9.76,9.97,31200
HIMX,20140425,9,9.15,8.54,8.59,7089200
HLIT,20140425,7.31,7.34,7.11,7.17,655500
HMHC,20140425,20.64,20.84,20.08,20.45,80100
HMNF,20140425,11.26,11.98,11,11.07,7400
HMNY,20140425,4.4,4.49,4.3,4.3,5600
HMST,20140425,18.23,18.67,18.19,18.35,65000
HMSY,20140425,16.06,16.18,15.79,16.15,839400
HMTV,20140425,12.02,12.09,11.77,11.8,23500
HNH,20140425,22.7,23.43,22.6,22.75,31900
HNRG,20140425,9.29,9.29,9,9.1,51100
HOFT,20140425,13.9,14.19,13.9,13.97,47000
HOLI,20140425,22.68,23,21.93,22.38,432000
HOLX,20140425,20.55,20.73,20.24,20.27,2875100
HOMB,20140425,16.52,16.715,16.13,16.215,149300
HOTR,20140425,2.87,2.87,2.78,2.78,17600
HOTRW,20140425,0.48,0.48,0.48,0.48,0
HOVNP,20140425,13.99,13.99,13.85,13.88,1700
HPJ,20140425,5.01,5.12,4.73,4.88,213000
HRTX,20140425,12.13,13,11.85,11.91,31900
HRZN,20140425,13.36,13.49,13.29,13.29,52800
HSIC,20140425,113.09,113.89,112.73,113.54,523300
HSII,20140425,19.5,19.5,18.94,19.16,49400
HSKA,20140425,11.84,12.13,11.56,11.99,22100
HSNI,20140425,58.27,58.27,56.88,56.89,181500
HSON,20140425,3.6,3.6,3.49,3.5,3300
HSTM,20140425,22.07,22.43,20.81,21.02,476300
HTBI,20140425,15.52,15.7,15.23,15.32,104600
HTBK,20140425,8.1,8.27,8.1,8.25,163300
HTBX,20140425,5.75,5.75,5.53,5.67,3600
HTHT,20140425,22.94,22.98,21.74,22.02,242700
HTLD,20140425,22.22,22.24,21.84,22.09,477900
HTLF,20140425,25.31,25.42,25.15,25.16,39700
HUBG,20140425,44.78,45.26,44.3,44.5,349100
HURC,20140425,26.77,27.23,26.65,26.9,15400
HURN,20140425,62.46,62.82,62.03,62.52,238500
HWAY,20140425,16.95,18.73,16.71,18.16,2067000
HWBK,20140425,13.74,13.74,13.74,13.74,0
HWCC,20140425,12.54,12.59,12.4,12.41,45100
HWKN,20140425,35.86,36.21,35.64,35.92,18700
HYGS,20140425,22.1,22.9,21.71,21.95,150000
HYLS,20140425,52.13,52.15,52.05,52.13,13800
HYND,20140425,24.31,24.31,24.31,24.31,0
HYZD,20140425,25.18,25.18,25.18,25.18,800
HZNP,20140425,14.33,14.54,13.67,13.91,1305900
IART,20140425,45.08,45.67,44.45,44.65,160000
IBB,20140425,227.4,229.28,223.43,223.96,2769300
IBCP,20140425,12.61,12.78,12.61,12.72,52000
IBKC,20140425,65.3,65.8,64.05,64.22,268500
IBKR,20140425,23.85,23.92,23.6,23.71,300700
IBOC,20140425,23.42,23.45,22.9,22.98,176700
IBTX,20140425,57.91,57.91,55.7,56.01,30900
ICAD,20140425,8.29,8.37,8.11,8.21,72900
ICCC,20140425,4.42,4.42,4.42,4.42,0
ICFI,20140425,38.97,39.2,38.13,38.34,77300
ICLN,20140425,10.98,10.98,10.8,10.8,17200
ICLR,20140425,43.92,44.2,42.57,42.69,407400
ICON,20140425,38.64,39.09,38.29,38.87,359000
ICPT,20140425,267.04,267.87,254.04,260.15,377600
ICUI,20140425,56.53,56.71,55.64,55.96,76300
IDCC,20140425,34.11,34.47,33.98,34.43,387900
IDRA,20140425,3.26,3.33,2.95,2.98,2479500
IDSA,20140425,4.65,4.89,4.63,4.79,3600
IDSY,20140425,5.87,5.87,5.56,5.59,8600
IDTI,20140425,11.97,12.1,11.61,11.73,3034400
IDXX,20140425,60.01,62.665,60.005,61.875,466000
IEP,20140425,101.01,103,98.66,99.33,167200
IESC,20140425,6.7,6.7,6.37,6.49,7800
IFEU,20140425,36.86,37.33,36.86,37.32,1800
IFGL,20140425,30.73,30.74,30.53,30.57,253000
IFON,20140425,2.85,2.85,2.52,2.56,367900
IGLD,20140425,9.68,9.68,9.44,9.47,1400
IGOV,20140425,104.12,104.43,104.06,104.06,17500
III,20140425,5.08,5.15,4.81,4.89,62300
IIIN,20140425,20.81,21.05,20.5,20.51,97300
IIJI,20140425,11.74,11.8,11.55,11.8,1500
IIN,20140425,6.5,6.8,6.43,6.78,52300
IIVI,20140425,14.47,14.67,14.12,14.49,261500
IKGH,20140425,3.11,3.15,3.05,3.06,72300
IKNX,20140425,25.5,25.5,24.5,25.4,2500
ILMN,20140425,148.22,150.64,139.51,139.71,2602300
IMGN,20140425,13.1,13.4,12.28,12.39,2085300
IMI,20140425,2.57,2.64,2.56,2.56,80600
IMKTA,20140425,23.25,23.46,23.13,23.31,52200
IMMR,20140425,10.85,10.86,10.62,10.72,333800
IMMU,20140425,4.23,4.23,3.9,3.96,579400
IMMY,20140425,7.13,7.5,7.13,7.4,62300
IMOS,20140425,21.95,22,21.34,21.56,339300
INAP,20140425,6.75,7.1,6.35,6.69,601100
INBK,20140425,22.2,22.41,21.63,22.09,39700
INCY,20140425,47.04,47.15,45.3,45.41,1311600
INDB,20140425,38.07,38.25,37.64,37.73,68800
INDY,20140425,25.6,25.65,25.4,25.52,167500
INFI,20140425,9.86,9.89,9.22,9.34,682700
INFN,20140425,9.25,9.32,8.85,8.87,2244700
INGN,20140425,14.75,14.75,14.21,14.64,83600
ININ,20140425,68.06,68.06,65.76,66.13,147200
INOD,20140425,2.88,2.93,2.86,2.93,6600
INSM,20140425,13.9,14,13.33,13.38,409100
INSY,20140425,21.2,21.25,19.23,19.615,474500
INTC,20140425,26.65,26.72,26.18,26.26,33617200
INTG,20140425,17.62,18,17.62,18,1100
INTL,20140425,19,19.21,18.77,19.06,41400
INTU,20140425,74.67,77.15,74.56,75.34,3736500
INTX,20140425,5.87,5.87,5.67,5.68,94800
INVE,20140425,9.1,9.1,8.5,8.9,91000
INWK,20140425,7.58,7.71,7.32,7.34,190500
IOSP,20140425,44.09,44.48,43.69,43.98,122200
IPAR,20140425,36.45,36.45,34.67,34.84,81400
IPAS,20140425,1.63,1.66,1.61,1.61,63700
IPCC,20140425,63.72,64.18,62.12,63,38600
IPCI,20140425,3.88,4.03,3.8,4,146100
IPDN,20140425,26.48,27.28,25.52,26.08,3500
IPGP,20140425,70.57,70.57,67.84,67.95,872100
IPHS,20140425,51.39,52.09,51.13,51.33,120400
IPKW,20140425,25.05,25.05,24.91,24.95,15800
IPWR,20140425,8.42,8.5,8.3,8.3,10200
IPXL,20140425,26.47,26.81,26.35,26.59,980500
IQNT,20140425,14.05,14.1,13.33,13.33,206400
IRBT,20140425,34.96,34.96,33.75,34.13,892600
IRDM,20140425,6.98,7.05,6.77,6.79,800100
IRG,20140425,14.56,14.61,13.98,14.2,64400
IRIX,20140425,8.87,8.87,8.2,8.7,24400
IROQ,20140425,16.02,16.02,16,16,8100
IRWD,20140425,11.89,11.89,10.59,10.68,1921000
ISBC,20140425,10.3529,10.3922,10.3176,10.349,1152800
ISCA,20140425,31.79,32.01,31.17,31.35,133800
ISHG,20140425,96.27,96.27,96.11,96.11,5200
ISIG,20140425,3,3.06,3,3.03,17200
ISIL,20140425,12.46,12.49,12,12.03,1002100
ISLE,20140425,6.84,6.88,6.71,6.75,65000
ISM,20140425,24.27,24.27,24.27,24.27,400
ISNS,20140425,4.74,4.82,4.7,4.75,8400
ISRG,20140425,368.52,369.99,362.43,366.37,572900
ISRL,20140425,133.45,133.45,133.45,133.45,400
ISSC,20140425,7.12,7.16,7,7.01,62700
ITCI,20140425,16.69,16.69,16,16.22,41300
ITIC,20140425,71.74,71.8,70.5,70.66,4500
ITRI,20140425,37.84,41.04,37.33,39.96,1678800
ITRN,20140425,24.07,24.34,23.95,24.14,7000
IVAC,20140425,8.76,8.76,8.17,8.27,30400
IXYS,20140425,11.08,11.11,10.64,10.76,83000
JACK,20140425,55.02,55.32,54.46,54.46,230000
JAKK,20140425,8.86,8.89,8.43,8.82,239000
JASO,20140425,11.16,11.3,10.6,10.63,2728400
JAZZ,20140425,141.14,142.06,134.27,134.92,1027600
JBHT,20140425,75.75,76.07,75.12,75.48,664600
JBLU,20140425,8.36,8.38,7.89,7.92,11194500
JBSS,20140425,23.36,23.36,22.82,22.85,26200
JCOM,20140425,48.15,48.15,46.81,47.05,197800
JCS,20140425,12.84,13.08,12.56,12.72,3600
JCTCF,20140425,10.44,10.77,10.36,10.58,24900
JIVE,20140425,7.3,7.3,7.05,7.16,463300
JJSF,20140425,98.01,98.7,97.61,98.25,123100
JKHY,20140425,54.45,54.89,54.16,54.27,272800
JMBA,20140425,11.4,11.42,11.01,11.11,151600
JOBS,20140425,35.35,35.94,32.105,32.735,290600
JOUT,20140425,21.83,22.32,21.15,21.41,19500
JRJC,20140425,4.02,4.02,3.62,3.8,253900
JSM,20140425,22.2,22.43,22.2,22.27,6500
JTPY,20140425,2.34,2.37,2,2.17,24300
JVA,20140425,7.33,7.43,7.14,7.29,94800
JXSB,20140425,22.95,22.95,22.95,22.95,0
KALU,20140425,70.86,71.22,70.37,70.78,144500
KANG,20140425,13.7,14.01,13.7,13.85,203200
KCAP,20140425,8.12,8.14,8.07,8.13,226500
KELYA,20140425,21.52,21.76,21.09,21.12,80600
KEQU,20140425,16.44,16.72,16.02,16.72,9900
KERX,20140425,14.05,14.07,13.67,13.85,2334100
KEYW,20140425,13.76,13.76,12.9,13.39,706400
KFFB,20140425,8.41,8.56,8.41,8.55,1400
KFRC,20140425,21.5,21.61,21.2,21.43,196800
KGJI,20140425,1.12,1.16,1.11,1.12,89800
KIN,20140425,16.31,17.34,16.31,16.57,102900
KINS,20140425,6.63,6.63,6.63,6.63,0
KIRK,20140425,16.82,17.04,16.5,16.88,118000
KLAC,20140425,63,65,62.59,62.91,4479800
KLIC,20140425,13.2,13.25,12.83,12.88,447400
KMDA,20140425,14.35,14.48,14.04,14.2,90400
KNDI,20140425,12.4,12.4,11.87,12.15,1052800
KONA,20140425,23.5,23.5,22.61,23.14,35400
KONE,20140425,3.99,4.05,3.91,3.91,2500
KOOL,20140425,40.8,41.4,37.6,38.2,1665000
KOPN,20140425,3.36,3.4,3.25,3.28,187800
KOSS,20140425,4.75,4.75,4.75,4.75,0
KPTI,20140425,27.51,28.33,25.45,25.63,269200
KRNY,20140425,14.64,14.71,14.21,14.45,60000
KTCC,20140425,10.06,10.14,10.02,10.06,7400
KTEC,20140425,14.22,14.28,12.26,12.34,28900
KTOS,20140425,7.46,7.48,7.27,7.33,337700
KVHI,20140425,13.35,13.38,12.98,13.11,47800
KWEB,20140425,34.41,34.42,33.41,33.6,53300
KZ,20140425,10.26,10.8,9.98,10.04,317800
LABL,20140425,35.09,35.54,34.34,34.46,51300
LAKE,20140425,7.01,7.22,6.8,6.95,8900
LAMR,20140425,50.7,51.15,50.26,50.66,1815100
LANC,20140425,95.73,96.91,95.25,95.79,75900
LAND,20140425,12.2,12.38,12.05,12.32,17400
LARK,20140425,19.56,19.56,19.5,19.5,300
LAWS,20140425,16.09,16.14,15.91,15.98,7700
LAYN,20140425,17.46,17.71,17.1,17.21,99200
LBAI,20140425,10.54,10.55,10.36,10.47,67300
LBIX,20140425,3.94,3.98,3.94,3.94,1200
LBTYA,20140425,39.98,40.22,39.65,40,4790100
LBTYB,20140425,40.1,40.1,40.1,40.1,100
LBTYK,20140425,38.85,39,38.57,38.7,3010700
LCNB,20140425,16.19,16.22,15.75,15.76,27200
LCUT,20140425,19,19.4,18.63,19.3,64800
LE,20140425,27.5,27.52,27.13,27.23,176800
LECO,20140425,65.42,65.76,64.65,64.87,361800
LEDS,20140425,1.06,1.06,1,1,137900
LFUS,20140425,96.5,96.72,94.13,94.84,118400
LFVN,20140425,10.36,10.5,9.8,9.87,607100
LGCY,20140425,25.8,26.06,25.71,25.96,123600
LGIH,20140425,15.25,15.47,14.77,14.99,189800
LGND,20140425,67.86,68.58,64.61,65.11,200500
LHCG,20140425,21.1,21.38,20.9,21.12,27500
LINC,20140425,3.89,3.96,3.84,3.91,193000
LION,20140425,14.05,14.08,13.71,13.72,44900
LIOX,20140425,6,6.04,5.7,5.75,363300
LIVE,20140425,4.52,4.61,4.29,4.36,318200
LJPC,20140425,10.97,10.97,10.48,10.49,82700
LKFN,20140425,24.5,25.7267,24.5,24.5067,70300
LKQ,20140425,27.16,27.28,26.63,26.65,2081800
LLNW,20140425,2.09,2.12,2.05,2.05,259800
LLTC,20140425,45.5,46.38,44.58,44.64,6375800
LMAT,20140425,7.97,8.03,7.92,7.92,4000
LMCA,20140425,42.6633,42.8333,42.16,42.2667,549400
LMIA,20140425,13.47,13.55,13.28,13.4,79000
LMNR,20140425,23.12,23.19,22.92,23.12,31500
LMNX,20140425,16.75,16.89,16.2,16.22,171800
LMOS,20140425,13,13,12.5,12.64,93400
LNCE,20140425,26.65,27.05,26.58,26.69,156400
LNDC,20140425,12.13,12.3,11.91,12.04,115700
LOAN,20140425,1.85,1.94,1.85,1.92,2300
LOGI,20140425,13.9,13.91,13.65,13.66,678000
LOGM,20140425,40.17,40.44,38.19,38.46,254200
LOPE,20140425,44.29,44.85,42.97,43.39,311200
LORL,20140425,69.3,73.57,69.13,71.99,305800
LPCN,20140425,7.55,7.55,6.97,7.5,3300
LPLA,20140425,47.05,47.49,46.23,46.79,2746300
LPNT,20140425,54.18,57.13,54.18,56.87,2678200
LPSN,20140425,10.53,10.57,10.02,10.13,447200
LPTH,20140425,1.57,1.58,1.46,1.48,9400
LPTN,20140425,60.48,61.18,59.5,59.92,19400
LQDT,20140425,17.25,17.4,17,17.16,424100
LRAD,20140425,1.83,1.86,1.83,1.84,30900
LRCX,20140425,57.44,57.5,56.01,56.37,3887000
LSBK,20140425,12.26,12.26,12.26,12.26,0
LSCC,20140425,8.63,9.19,8.31,8.73,3875000
LSTR,20140425,63.7,64.03,63.03,63.2,610700
LTBR,20140425,11.25,11.35,11,11,36000
LTRX,20140425,2.06,2.06,2,2,21900
LULU,20140425,47.32,47.38,45.49,45.5,3892300
LUNA,20140425,1.53,1.55,1.5,1.5,54600
LVNTA,20140425,28.5504,28.8452,27.6167,27.7297,479700
LVNTB,20140425,62.35,62.35,62.35,62.35,0
LWAY,20140425,14.95,15.03,14.89,14.98,16100
LXRX,20140425,10.85,11.06,10.43,10.43,1840400
LYTS,20140425,7.8,7.99,7.8,7.82,88600
MACK,20140425,4.75,4.78,4.38,4.47,1543100
MAGS,20140425,3.66,3.74,3.65,3.72,13800
MAMS,20140425,5.2,5.2,4.95,5,33800
MANH,20140425,32.03,32.82,31.71,31.77,557500
MANT,20140425,29.38,29.54,29.18,29.27,172800
MAR,20140425,57.57,57.65,57.06,57.23,2814100
MARK,20140425,5.85,5.98,5.77,5.98,10300
MARPS,20140425,17,17.25,16.7,16.7,9100
MASI,20140425,26.34,26.74,25.95,26.05,260500
MAT,20140425,37.67,38.03,37.49,37.99,3525600
MATR,20140425,6.21,6.25,6.11,6.15,30700
MATW,20140425,40.86,41.15,40.07,40.69,152700
MAYS,20140425,49.79,50.72,48.89,49.84,4000
MBFI,20140425,28.51,28.72,28.01,28.11,267700
MBII,20140425,12.11,12.21,11.6,11.83,75000
MBLX,20140425,5.52,5.82,5.46,5.52,24100
MBRG,20140425,17.96,17.96,17.51,17.62,20300
MBTF,20140425,5.01,5.08,4.78,4.99,14100
MBUU,20140425,22.12,22.43,21.9,21.92,116700
MBVT,20140425,29.47,29.78,29.3,29.41,12900
MBWM,20140425,19.56,19.56,18.26,19.33,38800
MCBC,20140425,4.8,4.9,4.8,4.84,91500
MCEP,20140425,22.78,22.94,22.62,22.94,36800
MCHP,20140425,48.19,48.33,47.04,47.16,2565600
MCHX,20140425,9.73,10,9.06,9.49,164000
MCRI,20140425,16.37,16.65,15.87,16.12,43800
MDCA,20140425,23.74,25.48,23.74,24.21,353600
MDCO,20140425,25.93,26.35,25.79,26.05,656500
MDIV,20140425,21.66,21.66,21.55,21.61,124600
MDLZ,20140425,35.16,35.5,35.06,35.34,6490500
MDM,20140425,4.63,4.63,4.52,4.59,4500
MDRX,20140425,15.63,15.63,15.19,15.6,2729900
MDSO,20140425,40.57,41.23,39.33,39.77,1422200
MDWD,20140425,10.55,10.75,9.85,10.1,282500
MDXG,20140425,6.14,6.17,5.63,5.73,572900
MEET,20140425,2.89,2.89,2.66,2.67,587700
MEIP,20140425,8.44,8.5,8.09,8.1,137000
MELI,20140425,87.61,88.89,85.96,87.28,972300
MEMP,20140425,23.18,23.18,22.71,22.96,323000
MENT,20140425,20.9,20.9,20.58,20.61,604800
MEOH,20140425,62.69,62.69,61.19,61.57,655200
MERC,20140425,7.49,7.69,7.42,7.57,76700
MFNC,20140425,12.65,12.65,12.65,12.65,0
MFRI,20140425,11.47,11.47,10.61,10.77,39200
MFSF,20140425,18.76,18.76,18.75,18.75,600
MGCD,20140425,11.03,11.4,11.01,11.04,1000
MGEE,20140425,39.08,39.47,38.96,39.14,100400
MGI,20140425,13.51,13.64,13.4,13.5,346700
MGIC,20140425,8.35,8.43,8.2,8.26,73200
MGLN,20140425,55.4,55.99,55.04,55.36,173900
MGNX,20140425,20.64,20.86,19.77,20.54,227600
MGPI,20140425,6.47,6.48,6.21,6.27,13300
MGRC,20140425,32.51,32.64,31.59,31.88,71200
MGYR,20140425,8,8.02,7.85,8,13400
MHGC,20140425,7.28,7.35,7.25,7.35,107000
MHLD,20140425,12.43,12.49,12.17,12.18,303800
MICT,20140425,4.24,4.28,4.15,4.22,13700
MICTW,20140425,0.9,0.9,0.9,0.9,100
MIDD,20140425,84.3333,87.16,83.6033,84.2033,177100
MIND,20140425,13.48,13.77,13.43,13.55,44500
MINI,20140425,42.27,42.63,41.05,41.31,281200
MITK,20140425,3.42,3.51,3.31,3.38,316400
MITL,20140425,9.38,9.52,9.16,9.25,348500
MKSI,20140425,28.97,29.16,27.57,27.99,330300
MKTX,20140425,55,55.38,54.72,54.75,377500
MLAB,20140425,87,87.2,85.63,85.63,12900
MLHR,20140425,30.79,30.95,30.2,30.51,325200
MLNK,20140425,4.22,4.22,4.08,4.09,200100
MLNX,20140425,36.77,37.23,33.18,33.61,2471200
MLVF,20140425,10.35,10.35,10.3,10.35,3000
MMLP,20140425,41.51,42.12,41,41.42,61300
MMSI,20140425,14.25,14.25,12.45,12.54,367900
MMYT,20140425,21.44,21.62,20.24,20.48,92200
MNDO,20140425,1.93,1.95,1.93,1.93,11300
MNGA,20140425,1.26,1.29,1.12,1.17,1045600
MNKD,20140425,6.33,6.34,6.15,6.23,4607600
MNOV,20140425,1.94,1.96,1.91,1.95,6100
MNRO,20140425,56.33,56.58,55.99,56.26,168000
MNST,20140425,22.36,22.5033,21.7933,21.9267,1009100
MNTA,20140425,11.23,11.23,10.81,10.95,536200
MNTX,20140425,16.64,16.65,15.76,15.98,152800
MOBI,20140425,7.35,7.39,7.04,7.15,453700
MOCO,20140425,15.93,16.39,15.86,16.39,1500
MOFG,20140425,24.51,24.74,24.36,24.41,10800
MORN,20140425,72.05,73.08,71.76,72.51,129200
MOSY,20140425,4.1,4.1,3.94,3.98,131800
MPAA,20140425,27.96,28.06,26.61,27.24,141900
MPB,20140425,14.9,15.5,14.8,14.8,15400
MPEL,20140425,36.46,36.66,35,35.58,3664900
MPET,20140425,1.95,2.04,1.88,2.01,874900
MPWR,20140425,38.5,39.5,36.97,37.57,494700
MRCC,20140425,13.1,13.19,13.02,13.09,31100
MRCY,20140425,13.7,13.7,13.15,13.43,123100
MRLN,20140425,18.85,19.46,18.36,18.36,35200
MRTN,20140425,24,24.44,23.34,23.46,141700
MRTX,20140425,18.86,19.2,18.25,18.91,12000
MRVC,20140425,12.36,12.77,12,12.36,7700
MRVL,20140425,15.87,15.99,15.74,15.88,6475300
MSBF,20140425,8.27,8.27,8.27,8.27,0
MSCC,20140425,24.6,25.49,23.63,24.04,841000
MSEX,20140425,20.64,20.98,20.5,20.51,56700
MSFG,20140425,16.68,16.86,16.5,16.56,33400
MSFT,20140425,40.29,40.68,39.75,39.91,56883800
MSLI,20140425,1.57,1.58,1.56,1.56,1500
MSON,20140425,6.38,6.38,6.38,6.38,0
MSTR,20140425,125.69,126.25,120.71,120.8,163600
MTEX,20140425,17.72,17.73,17.04,17.04,2400
MTGE,20140425,19.63,19.75,19.6,19.72,346800
MTRX,20140425,32.4,32.45,31.37,31.42,112600
MTSC,20140425,65.51,65.66,63.63,64.06,52700
MTSI,20140425,18.09,18.09,17.27,17.6,66300
MTSL,20140425,1.89,2.03,1.87,1.89,4300
MU,20140425,25.6,25.68,25.05,25.26,26022400
MVIS,20140425,1.68,1.69,1.63,1.69,250200
MXIM,20140425,33.25,33.7,31.42,31.55,4383400
MXWL,20140425,15.84,15.84,14.58,14.87,846300
MYGN,20140425,39.71,39.94,38.4,38.82,1125000
MYL,20140425,49.86,53.57,49.06,52.1,15890400
MYRG,20140425,24.04,24.29,23.86,24.12,93100
MZOR,20140425,19.66,19.76,19.14,19.42,107800
NAII,20140425,5.72,5.74,5.61,5.74,400
NANO,20140425,17.06,17.56,16.74,16.82,321400
NATH,20140425,49.53,49.64,49.25,49.26,5000
NATI,20140425,27.38,27.39,26.69,26.88,246500
NATL,20140425,27.55,28.7,27.5,27.55,28600
NATR,20140425,13.9,13.9,13.57,13.62,21100
NAUH,20140425,3.56,3.56,3.56,3.56,0
NAVG,20140425,58.51,58.51,57.05,57.28,52800
NBIX,20140425,13.71,14.01,12.96,13.27,731200
NBN,20140425,9.4,9.44,9.31,9.35,47300
NBTB,20140425,23,23.26,22.65,22.84,123700
NCIT,20140425,11.19,11.39,11.04,11.23,35400
NCLH,20140425,31,31.2,30.42,30.97,2435900
NCMI,20140425,15.21,15.31,15.1,15.15,341500
NCTY,20140425,2.7,2.7,2.64,2.66,19600
NDAQ,20140425,36.46,36.48,35.93,36.05,2010400
NDLS,20140425,37.03,37.22,35.95,36.01,249300
NDSN,20140425,74.09,74.97,73.68,74.04,306600
NEO,20140425,3.38,3.42,3.2,3.35,270700
NEOG,20140425,42.04,42.42,41.15,41.41,138300
NEON,20140425,5.79,5.85,5.55,5.59,492000
NEPT,20140425,2.26,2.26,2.22,2.23,219500
NETE,20140425,30.1,30.8,26.9,28.2,10500
NEWS,20140425,11.74,11.98,11.25,11.51,91000
NEWT,20140425,13.65,13.65,13.2,13.55,31900
NFBK,20140425,12.88,12.95,12.7,12.74,220600
NFEC,20140425,1.22,1.27,1.22,1.25,5500
NFLX,20140425,48.2086,48.7729,46,46.0114,4730400
NGHC,20140425,14,14,13.8,14,10600
NICE,20140425,43.92,43.92,43.01,43.4,168100
NICK,20140425,15.7,15.78,15.7,15.73,26100
NIHD,20140425,0.95,0.99,0.92,0.95,1494500
NILE,20140425,34.95,35.33,33.96,33.99,141800
NKSH,20140425,33.18,33.21,31.97,32,22300
NKTR,20140425,12.39,12.39,10.95,11.22,1248500
NLNK,20140425,21.71,22.41,20.64,20.97,268300
NLST,20140425,1.71,1.77,1.69,1.73,138700
NMIH,20140425,11.27,11.48,11.27,11.31,70500
NMRX,20140425,10.59,10.6,10.05,10.47,75800
NNBR,20140425,19.44,19.97,19.09,19.64,132100
NRCIA,20140425,15.87,16.05,15.8,15.93,11800
NRCIB,20140425,41.91,43.39,41.41,43.39,3700
NRIM,20140425,24.1,24.1,23.96,24.01,15600
NSEC,20140425,10.12,10.12,10.07,10.07,300
NSIT,20140425,26.76,26.99,26.42,26.56,209700
NSSC,20140425,5.97,6.02,5.86,5.97,40700
NSTG,20140425,17.49,17.6,15.78,16.34,107500
NSYS,20140425,5.1,5.1,5.06,5.06,3200
NTAP,20140425,35.59,35.59,34.95,35,2260700
NTCT,20140425,39.53,40,38.42,38.44,525200
NTES,20140425,72.7,74.15,70.41,71.12,907800
NTGR,20140425,35.75,35.75,31.97,32.27,1009300
NTIC,20140425,21.18,21.3,21.05,21.05,2700
NTRI,20140425,14.21,14.25,13.97,13.97,334600
NTRS,20140425,60.05,60.18,59.39,59.47,1432700
NTWK,20140425,4.45,4.45,4.36,4.39,19300
NUAN,20140425,16.18,16.41,16.01,16.3,3888600
NURO,20140425,8.8,8.8,8,8.2,109600
NUTR,20140425,26.35,26.36,25.76,25.77,35800
NUVA,20140425,34.32,34.87,33.55,33.64,293800
NVAX,20140425,4.05,4.1,3.87,3.89,3028900
NVDA,20140425,19.22,19.4,18.69,18.73,7840000
NVDQ,20140425,16.96,17,16.29,16.45,471600
NVEC,20140425,55.74,55.74,53.4,53.4,12700
NVEE,20140425,9.9,9.9,9.9,9.9,0
NVFY,20140425,5.05,5.07,4.7,4.72,127100
NVGN,20140425,4.02,4.15,3.97,4.11,11200
NVMI,20140425,10.12,10.17,9.9,9.94,132700
NWBI,20140425,14.47,14.59,14.37,14.44,726600
NWBO,20140425,5.91,6.01,5.61,5.8,390100
NWBOW,20140425,4.23,4.23,3.53,3.53,8400
NWFL,20140425,28.88,29.86,28.84,28.98,5400
NWLI,20140425,238.5,244.48,233.13,234.02,3500
NWPX,20140425,35.48,35.98,35.17,35.69,47300
NWS,20140425,16.84,16.96,16.76,16.78,337500
NWSA,20140425,17.26,17.26,17.08,17.13,1166700
NXPI,20140425,61.45,61.55,58.55,58.87,4209500
NXST,20140425,41.09,41.44,40.18,40.4,397300
NXTM,20140425,11.85,11.98,11.47,11.47,409000
NYMT,20140425,7.46,7.48,7.35,7.38,1107900
NYMTP,20140425,23.13,23.19,23,23.19,18000
NYMX,20140425,5.19,5.31,5.02,5.16,53900
NYNY,20140425,38.25,38.3,31.75,32.25,575700
OBAS,20140425,5.34,5.34,5.34,5.34,0
OBCI,20140425,2.75,2.75,2.74,2.74,28500
OCC,20140425,3.75,3.75,3.75,3.75,0
OCFC,20140425,17.56,17.56,16.61,16.68,81400
OCLR,20140425,3.46,3.46,3.22,3.23,770600
OCLS,20140425,16,16,15.4,15.4,114000
OCRX,20140425,8.81,8.97,8.41,8.47,8800
ODFL,20140425,58.97,59.54,58.69,59.27,645400
OFED,20140425,17.75,17.75,17.75,17.75,0
OFIX,20140425,32,32.25,31.82,32,133100
OFLX,20140425,20.95,21.66,20.46,20.46,6300
OFS,20140425,12.63,12.8,12.62,12.74,5800
OGXI,20140425,10.4,10.4,9.5,9.7,352000
OHRP,20140425,9.66,9.9,9.47,9.58,104800
OIIM,20140425,3.48,3.48,3.35,3.4,18900
OKSB,20140425,17.44,17.63,16.97,17.07,49700
OLBK,20140425,17.4,17.4,16.88,16.9,8800
OLED,20140425,28.67,28.91,28.01,28.26,315200
OMAB,20140425,30.2,30.46,29.95,30.46,75500
OMCL,20140425,26.95,27.13,26.18,26.46,169500
OMED,20140425,25.66,26.73,24.88,25.32,148200
OMER,20140425,11.97,11.97,11.33,11.49,259800
OMEX,20140425,25.8,25.8,24.6,24.6,549600
ONB,20140425,14.04,14.14,13.86,13.96,1292400
ONEQ,20140425,162,162,159.65,159.79,15500
ONTX,20140425,58,58.5,56.3,56.3,213600
ONVI,20140425,5.03,5.07,5.03,5.07,200
OPB,20140425,29.88,30,29.25,29.93,61800
OPHC,20140425,13.6,13.6,13.6,13.6,100
OPHT,20140425,34.54,34.54,32.19,32.55,157600
OPOF,20140425,15.7,15.7,15.25,15.25,4100
OPTT,20140425,29.4,30.5,27.6,28.4,674300
OPXA,20140425,1.6,1.6,1.56,1.58,47000
ORBC,20140425,6.32,6.43,6.15,6.29,184300
ORBK,20140425,15.12,15.25,14.87,14.94,92000
OREX,20140425,57.8,57.8,55.1,55.9,2684800
ORIG,20140425,17.3,17.34,16.89,17.21,298700
ORIT,20140425,15.29,15.43,15.07,15.1,208800
ORLY,20140425,147.48,148.25,145.48,147.68,710100
ORMP,20140425,12.36,13.12,11.3,11.43,213100
ORRF,20140425,16.6,16.82,16.47,16.66,19500
OSBC,20140425,4.85,4.86,4.65,4.7,147700
OSBCP,20140425,13.05,13.13,12.97,13.01,56100
OSHC,20140425,14.52,14.95,14.52,14.88,800
OSIR,20140425,13.04,13.24,12.81,13,355400
OSIS,20140425,58.85,58.9,56.53,57.04,173300
OSM,20140425,24.69,24.78,24.69,24.69,3300
OSN,20140425,3.03,3.09,3.03,3.09,2100
OSTK,20140425,17.27,17.42,16.12,16.17,588700
OSUR,20140425,6.74,6.78,6.27,6.32,579400
OTEL,20140425,5.08,5.09,5.04,5.08,1100
OTEX,20140425,46.33,49.97,46.25,49.04,890200
OTIV,20140425,2.5,2.51,2.39,2.44,109400
OTTR,20140425,29.35,29.73,29.27,29.45,84300
OVAS,20140425,8.07,8.4,8,8.01,93900
OVBC,20140425,21.59,21.72,21.59,21.72,800
OVLY,20140425,9.65,9.65,9.65,9.65,0
OXFD,20140425,17.7,18.42,17.64,17.77,47300
OXLC,20140425,16.85,16.95,16.83,16.92,32900
OXLCO,20140425,24.2,24.2,24.11,24.14,2800
OZRK,20140425,30.545,30.89,30.395,30.53,233300
PAAS,20140425,12.93,13.12,12.82,13.04,873400
PACB,20140425,4.41,4.48,4.21,4.31,634700
PACW,20140425,40.22,40.42,39.12,39.21,949200
PAGG,20140425,30.21,30.42,30.21,30.33,7900
PAHC,20140425,17.11,18.45,17.05,17.87,84700
PATK,20140425,28.8067,28.9867,27.42,27.9867,53100
PAYX,20140425,40.72,40.92,40.37,40.39,1546700
PBCT,20140425,14.58,14.58,14.36,14.38,2908800
PBHC,20140425,15,15,15,15,1000
PBIB,20140425,1.1,1.19,1.1,1.15,6300
PBIP,20140425,10.84,10.84,10.78,10.8,14600
PBMD,20140425,1.02,1.03,1,1,31500
PBPB,20140425,16.72,17,16.5,16.53,280000
PBSK,20140425,14.39,14.43,14.39,14.41,800
PCAR,20140425,65.27,66.39,65.27,65.66,1572300
PCBK,20140425,13.92,14.14,13.65,13.67,55700
PCH,20140425,38.71,38.71,38.11,38.38,220100
PCLN,20140425,1212,1212,1154,1157.24,1396400
PCMI,20140425,10,10.19,9.84,9.91,8700
PCO,20140425,1.67,1.7,1.58,1.67,503700
PCOM,20140425,23.64,23.64,22.61,22.94,33200
PCRX,20140425,65.77,70.57,65.77,70.33,615800
PCTI,20140425,8.36,8.41,7.91,8.16,71400
PCTY,20140425,20.61,20.75,20.02,20.39,391600
PCYG,20140425,9.83,10.04,9.62,9.76,31500
PCYO,20140425,5.78,5.8,5.61,5.66,124300
PDCE,20140425,63.7,63.88,61.82,62.23,680000
PDCO,20140425,40.88,41.15,40.69,40.91,314200
PDEX,20140425,2.11,2.19,2.11,2.19,16400
PDFS,20140425,19,20,18.82,19.32,465700
PDLI,20140425,8.42,8.46,8.21,8.39,3280700
PEBK,20140425,16.8,17.15,16.8,16.88,1600
PEBO,20140425,26.5,27.36,26.01,26.29,31800
PEGA,20140425,16.85,16.92,16.2,16.24,177500
PEGI,20140425,27.5,27.8,27.01,27.54,141000
PEIX,20140425,15.58,15.58,14.51,14.63,1874500
PENN,20140425,11.56,11.68,11.2,11.3,1528100
PERF,20140425,6.21,6.21,6.21,6.21,0
PERI,20140425,10.56,10.56,10.22,10.3,92600
PERY,20140425,14.94,14.95,14.65,14.75,85900
PESI,20140425,3.96,4.08,3.85,4.01,31600
PETS,20140425,13.07,13.07,12.79,12.9,148300
PETX,20140425,14.15,14.15,13.21,13.55,231300
PFBC,20140425,22.62,23.19,22.26,22.32,27300
PFBI,20140425,14.49,14.49,14.15,14.38,6800
PFBX,20140425,13.45,13.45,13.45,13.45,0
PFIE,20140425,4.6,4.6,4.4,4.53,117100
PFIN,20140425,8.33,8.38,8.23,8.23,2900
PFIS,20140425,48.5,48.5,47,48.28,3000
PFLT,20140425,13.78,13.89,13.7,13.77,54700
PFMT,20140425,8.6,8.78,8.47,8.55,142300
PFPT,20140425,27.88,27.91,25.3,25.42,892400
PFSW,20140425,8.19,8.32,7.98,8.3,95700
PGC,20140425,19.7,19.77,19.25,19.27,25800
PGNX,20140425,3.65,3.74,3.49,3.54,958700
PGTI,20140425,10.16,10.2,9.55,9.66,1004000
PHII,20140425,42.5,42.5,42.5,42.5,200
PHIIK,20140425,45.03,45.7,44.19,44.77,37900
PHMD,20140425,77.3,79.4,77.3,78.5,104100
PICO,20140425,23.84,24.01,23.5,23.51,68200
PIH,20140425,9.19,9.19,9,9.01,12700
PINC,20140425,31.4,31.5,30.74,30.91,106100
PKBK,20140425,11.6,11.6,10.3,10.94,51000
PKOH,20140425,58.52,59.17,57.7,58.4,38200
PLAB,20140425,8.77,8.82,8.63,8.64,611900
PLBC,20140425,6.36,6.62,6.36,6.62,200
PLCE,20140425,48.39,48.39,47.45,47.73,279600
PLKI,20140425,38.53,39.4,38.53,38.91,258500
PLPC,20140425,60.85,61.03,60.62,60.87,6600
PLPM,20140425,2.38,2.38,2.31,2.34,98200
PLUG,20140425,5.6,5.75,5.32,5.37,51549600
PLUS,20140425,57.84,57.97,56.32,57.43,34400
PLXS,20140425,44.24,44.29,43.52,43.99,175300
PMBC,20140425,6.75,6.78,6.64,6.64,1000
PMD,20140425,15.87,15.87,15.51,15.65,7300
PME,20140425,3.25,3.29,3.11,3.24,46700
PNBK,20140425,12.6,12.9,12.6,12.9,6200
PNFP,20140425,34.6,34.69,34.02,34.14,116900
PNNT,20140425,10.9,10.92,10.83,10.84,405100
PNQI,20140425,63.53,63.53,61.2,61.25,72900
PNRA,20140425,170.61,170.76,168.08,168.16,327400
PNRG,20140425,55.49,55.49,55.49,55.49,200
PNTR,20140425,7.61,7.71,7.6,7.65,10400
PODD,20140425,41.12,41.41,39.93,40.17,539500
POOL,20140425,58.17,58.26,57.32,57.83,282900
POPE,20140425,68.3,68.3,68.3,68.3,300
POWI,20140425,62.79,63.93,61.06,61.44,172100
POWL,20140425,64.78,64.86,63.94,64.24,21700
PPBI,20140425,14.35,14.5,13.87,13.92,137800
PPC,20140425,22.25,22.48,21.54,21.68,1079700
PPHM,20140425,1.79,1.81,1.73,1.75,1396100
PPHMP,20140425,25.34,25.34,24.85,24.98,2800
PPSI,20140425,9.5,9.5,9.12,9.38,11100
PRAA,20140425,58.34,58.5,57.28,57.57,294000
PRAN,20140425,11.82,12.06,11.16,11.28,1162700
PRCP,20140425,12.3,12.54,12.27,12.49,153400
PRFT,20140425,18.25,18.26,17.52,17.69,166200
PRFZ,20140425,97.65,97.65,96.02,96.18,49400
PRGS,20140425,21.72,22.04,21.55,21.91,394200
PRGX,20140425,6.45,6.5,6.41,6.41,102600
PRIM,20140425,28,28.14,27.42,28.03,265200
PRKR,20140425,46.4,46.5,44.5,45.7,669100
PRMW,20140425,4.7,4.7,4.43,4.61,104500
PROV,20140425,14.24,14.27,14.21,14.23,26200
PRPH,20140425,1.77,1.8,1.74,1.75,15100
PRSC,20140425,40.76,41.6,40.13,40.73,91300
PRSS,20140425,5.99,6.03,5.94,6.03,19400
PRTA,20140425,39.09,39.92,37.98,38.58,341100
PRTS,20140425,3.17,3.25,3.08,3.14,67900
PRXL,20140425,49.02,49.98,48.02,48.36,480700
PSAU,20140425,20.78,21.13,20.59,20.72,2600
PSCC,20140425,50.02,50.02,49.44,49.47,7700
PSCD,20140425,46.4,46.4,45.94,46.02,21300
PSCE,20140425,52,52.08,51.35,51.47,20500
PSCF,20140425,38.31,38.6,38.19,38.23,3600
PSCH,20140425,53.04,53.06,52.52,52.69,7400
PSCI,20140425,44.95,44.95,44.22,44.45,13000
PSCM,20140425,44.76,44.76,43.93,44.09,5700
PSCT,20140425,44.43,44.43,43.3,43.34,14000
PSCU,20140425,35.79,35.79,35.62,35.66,5200
PSDV,20140425,3.63,3.66,3.43,3.52,76400
PSEC,20140425,10.99,10.99,10.9,10.94,4345900
PSIX,20140425,80.57,81.96,80.18,81.11,65300
PSMT,20140425,95.57,95.84,93.33,94.77,121400
PSTB,20140425,6.64,6.69,6.53,6.59,118900
PSTI,20140425,3.66,3.66,3.5,3.56,39000
PTC,20140425,35.95,36.1,35.02,35.16,1035700
PTCT,20140425,18.17,18.81,17.59,17.91,174700
PTEN,20140425,32.67,33.09,31.89,32.22,3343500
PTIE,20140425,5.77,5.79,5.57,5.7,134000
PTLA,20140425,24.79,24.79,22.91,23.05,152400
PTNR,20140425,9.13,9.25,9.06,9.1,35200
PTSI,20140425,23.24,23.82,22.83,23.82,21500
PTX,20140425,5.21,5.29,4.96,4.98,218800
PVTB,20140425,28.32,28.49,27.69,27.7,583900
PVTBP,20140425,26.87,26.87,26.75,26.83,3900
PWOD,20140425,44.56,45.37,44,44.03,10600
PXLW,20140425,5.42,5.45,5.08,5.2,695800
PZZA,20140425,46.21,46.5,45.66,45.79,337100
QABA,20140425,34.91,34.95,34.5,34.6,18700
QADA,20140425,19.36,19.36,18.51,18.59,54700
QADB,20140425,16.43,16.46,16,16.01,3100
QBAK,20140425,9.12,9.3,9.12,9.18,11100
QCLN,20140425,19.81,19.81,19.25,19.33,162600
QCOM,20140425,77.59,77.88,77.33,77.61,10509700
QCRH,20140425,17.06,17.96,17.01,17.3,72200
QDEL,20140425,21.37,21.37,20.56,20.95,406600
QGEN,20140425,21.28,21.3,21.01,21.2,1449800
QINC,20140425,20.31,20.31,20.24,20.25,6500
QIWI,20140425,28,28.84,27,27.55,719600
QLTI,20140425,6.11,6.11,5.86,5.93,36000
QLYS,20140425,21.06,21.06,19.42,19.72,153800
QNST,20140425,6,6.07,5.91,5.94,138700
QPAC,20140425,10.29,10.29,10.25,10.25,500
QPACU,20140425,10.79,10.8,10.74,10.76,4600
QPACW,20140425,0.63,0.7,0.59,0.59,29100
QQEW,20140425,36.56,36.56,35.88,35.96,52400
QQQ,20140425,87.08,87.17,85.98,86.19,44341500
QQQC,20140425,21.71,21.71,21.17,21.3,10200
QQQX,20140425,18.59,18.59,18.31,18.4,35800
QQXT,20140425,33.84,33.87,33.53,33.58,19900
QSII,20140425,14.77,14.85,14.4,14.58,397100
QTEC,20140425,36.76,36.77,36.11,36.22,71700
QUIK,20140425,5.14,5.16,4.91,4.94,444200
QUMU,20140425,14.24,14.5,13.64,13.95,56000
QUNR,20140425,27.21,27.9,26.5,27.58,598300
QURE,20140425,10.15,11.03,10.06,11,370100
QYLD,20140425,24.65,24.65,24.65,24.65,400
RADA,20140425,3.34,3.34,3.34,3.34,0
RAIL,20140425,26.8,27,26.39,26.6,73200
RAND,20140425,3.48,3.48,3.37,3.37,2300
RARE,20140425,37.56,37.56,35.01,35.25,183900
RAVN,20140425,31.29,31.36,30.66,30.88,153400
RBCAA,20140425,23.84,24.1,23.65,23.95,33600
RBCN,20140425,10.83,10.86,10.21,10.26,409600
RBPAA,20140425,3.06,3.08,2.91,2.93,3800
RCII,20140425,28.39,28.57,27.98,28.32,897700
RCKY,20140425,14.04,14.11,13.86,14.04,41200
RCMT,20140425,6.65,6.89,6.65,6.8,7400
RCON,20140425,4.95,4.97,4.51,4.63,107000
RDCM,20140425,6.64,6.76,6.48,6.5,14700
RDHL,20140425,14.3,14.3,14.29,14.29,600
RDI,20140425,7.15,7.28,7.1,7.1,30700
RDNT,20140425,4.78,4.84,4.68,4.77,255400
RDVY,20140425,20.27,20.28,20.24,20.28,1600
RDWR,20140425,16.69,16.7,16.26,16.44,135400
RECN,20140425,13.4,13.46,12.84,12.87,181800
REFR,20140425,4.51,4.51,4.4,4.42,137300
REGI,20140425,11.76,12.01,11.66,11.74,301400
REGN,20140425,291.6,293.17,283.46,284.42,1075000
REIS,20140425,17.28,17.3,16.75,16.97,17600
RELL,20140425,10.3,10.35,10.12,10.16,32200
RELV,20140425,15.12,15.47,14.84,15.33,5200
REPH,20140425,6.5,6.7,6.11,6.21,15100
REXX,20140425,21.41,21.41,20.65,20.86,636900
RFIL,20140425,6.41,6.52,6.32,6.4,30000
RGCO,20140425,19.01,19.01,19.01,19.01,0
RGEN,20140425,15.55,15.72,15.4,15.61,405000
RGLD,20140425,65.47,66.5,65.19,66.05,445700
RGLS,20140425,7.13,7.13,6.6,6.72,143900
RGSE,20140425,1188,1224,1188,1204,541200
RIBT,20140425,4.14,4.39,4.08,4.22,28100
RIBTW,20140425,0.95,0.95,0.88,0.88,9200
RICK,20140425,10.61,10.66,10.07,10.33,104500
RIGL,20140425,3.14,3.2,3.05,3.13,622200
RLJE,20140425,11.76,11.76,11.76,11.76,0
RLOG,20140425,6.5,6.72,6.35,6.4,10600
RMBS,20140425,12.44,12.63,11.99,12.16,1181900
RMCF,20140425,11.7,11.86,11.65,11.75,13500
RMGN,20140425,4.07,4.07,3.83,3.87,29300
RMTI,20140425,9.98,10.25,9.89,9.98,306400
RNET,20140425,52.2,52.2,48.81,49.59,78600
RNST,20140425,28.29,28.54,27.84,27.98,96700
RNWK,20140425,7.67,7.79,7.6,7.63,46300
ROBO,20140425,26.51,26.51,26.15,26.19,23300
ROCK,20140425,17.03,17.57,16.82,17.12,77900
ROIA,20140425,4.58,4.58,4.58,4.58,500
ROIAK,20140425,4.64,4.71,4.43,4.56,136100
ROIC,20140425,15.79,15.9,15.67,15.7,705900
ROLL,20140425,62.62,62.83,61.33,61.96,96200
ROSG,20140425,4,4.11,3.91,3.92,77200
ROST,20140425,34.13,34.26,33.87,33.885,2047600
RP,20140425,18.09,18.09,17.36,17.52,725500
RPRX,20140425,17.03,17.1,16.62,16.87,174300
RPXC,20140425,16.97,17.01,16.49,16.62,254800
RRGB,20140425,66.87,66.87,65.66,66.47,119000
RSYS,20140425,3.25,3.3,3.19,3.23,134900
RTIX,20140425,4.14,4.39,4.02,4.04,631200
RTK,20140425,2.11,2.14,2.05,2.1,1924900
RTRX,20140425,13.7,13.74,12.91,13.24,253600
RUSHA,20140425,33.76,33.83,32.69,32.71,169800
RUSHB,20140425,29.35,29.37,28.64,28.69,44400
RUTH,20140425,12.25,12.33,11.99,12,176000
RVLT,20140425,29,29,28.4,28.7,285800
RVNC,20140425,35.8,35.84,34.24,34.33,202500
RVSB,20140425,3.55,3.55,3.44,3.49,74000
RXDX,20140425,7.45,7.5,6.77,6.94,46400
RXII,20140425,38,39.5,35.5,36.6,45600
RYAAY,20140425,57.45,57.78,57.2,57.51,279600
SAAS,20140425,8.63,8.63,8.17,8.18,215700
SABR,20140425,16.72,16.92,16.5,16.65,297700
SAEX,20140425,1285.2,1324.35,1282.5,1301.4,14200
SAFM,20140425,81.77,82.96,81.53,81.62,190200
SAFT,20140425,53.56,53.88,53.27,53.3,41000
SAIA,20140425,39.39,41.72,38.65,40.04,444100
SAL,20140425,29.82,29.82,29.75,29.75,2100
SALE,20140425,31.43,31.95,29.94,30.4,586800
SALM,20140425,8.87,9.29,8.51,8.58,25400
SAMG,20140425,17.53,17.73,17.45,17.49,8300
SANM,20140425,21.15,21.42,21.01,21.03,1044000
SANW,20140425,7.4,7.5,7.36,7.37,122300
SASR,20140425,24.65,24.9,24.36,24.52,48200
SATS,20140425,45.77,46.26,44.97,45.35,182300
SAVE,20140425,60.51,60.65,58.56,58.65,994600
SBAC,20140425,90.09,90.98,89.72,89.93,755500
SBBX,20140425,8.7,8.7,8.68,8.7,300
SBCF,20140425,10.86,11.06,10.66,10.72,68800
SBFG,20140425,8,8.21,7.71,8.1,36100
SBGI,20140425,27.93,28.16,27.25,27.52,755300
SBLK,20140425,62.5,62.5,59.9,60.35,128900
SBNY,20140425,118.95,119.82,115.71,116.12,473600
SBNYW,20140425,91.16,113.1,87,87,2300
SBRA,20140425,30.57,30.84,30.04,30.08,244300
SBRAP,20140425,25.1,25.3,25.1,25.3,4100
SBSA,20140425,6.37,6.59,6.2,6.2,4100
SBSI,20140425,30.13,30.79,29.63,30.26,69000
SBUX,20140425,36,36.125,35.47,35.725,9061000
SCAI,20140425,29.7,29.9,28.72,29.69,52800
SCHL,20140425,33.02,33.06,32.18,32.36,144500
SCHN,20140425,27.99,28.56,27.79,28.16,256700
SCLN,20140425,4.72,4.79,4.69,4.69,246300
SCMP,20140425,6.67,6.84,6.5,6.75,264700
SCON,20140425,34.2,34.8,33,33.9,128700
SCOR,20140425,30.21,30.41,29.41,29.53,232900
SCSC,20140425,39.21,39.21,38.42,38.72,83200
SCSS,20140425,18.95,18.95,18.38,18.46,599300
SCTY,20140425,57.22,58.27,55.01,55.4,3553700
SCVL,20140425,22.68,22.9,22.38,22.57,54000
SEAC,20140425,9.96,9.98,9.65,9.7,218800
SEED,20140425,2.11,2.15,2.1,2.11,86200
SEIC,20140425,32.4,32.54,31.95,31.98,773000
SENEA,20140425,29.02,29.28,28.51,28.73,19100
SENEB,20140425,30.35,30.35,30.35,30.35,0
SEV,20140425,11.13,11.78,10.86,11,4500
SFBC,20140425,17.33,17.33,17.33,17.33,0
SFLY,20140425,41.86,41.95,39.63,39.69,1332000
SFM,20140425,33.25,33.6,32.86,32.91,939200
SFNC,20140425,36.37,36.5,35.35,35.37,43400
SFST,20140425,13.86,13.9,13.75,13.75,5500
SGC,20140425,16.49,16.6,16.34,16.48,7300
SGEN,20140425,39.01,39.7,37.06,37.45,900900
SGMA,20140425,11.9,11.9,11.5,11.66,37800
SGMO,20140425,14.01,14.01,13.43,13.62,1116300
SGMS,20140425,11.92,11.98,11.5,11.68,1007000
SGOC,20140425,9.4,9.6,8.8,9.4,95300
SGRP,20140425,1.97,2,1.95,1.96,4600
SGYP,20140425,4.93,4.95,4.64,4.77,1628000
SGYPU,20140425,12.25,12.25,12.25,12.25,0
SGYPW,20140425,2.2,2.2,1.78,1.88,600
SHBI,20140425,9.6,9.62,9.5,9.56,29800
SHEN,20140425,14.515,14.525,13.84,14.01,63100
SHIP,20140425,7.1,7.45,7.1,7.3,6300
SHLD,20140425,43.13,43.13,41.47,41.81,776700
SHLM,20140425,36.24,36.24,35.43,35.7,107200
SHLO,20140425,20.17,20.46,19.57,20.2,85200
SHOO,20140425,35.14,35.5,34.82,34.97,274300
SHOR,20140425,8.2,8.58,7.99,8.1,857800
SHOS,20140425,23.8,24.21,23.59,24.04,134300
SHPG,20140425,163.62,163.74,160.74,162.45,632400
SIEB,20140425,2.81,2.81,2.78,2.78,400
SIFI,20140425,11.62,11.68,11.57,11.67,2400
SIFY,20140425,1.99,1.99,1.97,1.97,55000
SIGI,20140425,23.09,23.59,23.09,23.34,438100
SIGM,20140425,4.08,4.13,4.05,4.06,182000
SILC,20140425,48.03,48.23,45.62,47.01,183900
SIMO,20140425,17.1,17.28,16.78,16.87,345200
SINA,20140425,50.49,50.97,48.07,48.15,5557900
SINO,20140425,2.69,2.69,2.69,2.69,0
SIRI,20140425,3.18,3.18,3.08,3.12,65156700
SIVB,20140425,118,118,106.79,107.21,914900
SIVBO,20140425,25.4,25.4,25.4,25.4,200
SKYW,20140425,12.32,12.38,12.03,12.05,234400
SKYY,20140425,26.08,26.08,25.49,25.53,72500
SLAB,20140425,51.85,52.12,50.21,50.44,412500
SLGN,20140425,50.06,50.29,49.77,50.24,108500
SLM,20140425,9.1179,9.2357,9.0714,9.2214,5224800
SLMAP,20140425,49.37,49.43,49.36,49.36,2100
SLMBP,20140425,71.44,73,71.44,73,3800
SLP,20140425,6.1,6.1,6,6.07,20000
SLRC,20140425,22.15,22.16,21.97,22.04,168300
SLVO,20140425,15.27,15.3,15.17,15.22,30000
SMBC,20140425,18.2,18.2,17.54,17.54,2400
SMCI,20140425,19.67,20.52,19.54,20.47,1021100
SMED,20140425,4.23,4.24,4.02,4.19,28700
SMIT,20140425,2.79,2.87,2.79,2.86,3600
SMMF,20140425,10.48,10.6,10.47,10.6,3000
SMRT,20140425,12.71,12.81,12.37,12.72,185400
SMSI,20140425,6.88,7.32,6.8,6.8,102800
SMTC,20140425,25.11,25.21,23.99,24.25,396200
SMTX,20140425,1.57,1.57,1.49,1.51,57600
SNAK,20140425,12.6,12.81,11.99,12.32,64700
SNBC,20140425,19.3,19.35,18.8,18.85,164700
SNCR,20140425,31.75,32.2,29.72,29.87,852900
SNFCA,20140425,4.02,4.05,3.82,3.98,9200
SNHY,20140425,40,40.37,39.18,39.63,57800
SNMX,20140425,9.02,9.02,8.55,8.65,347800
SNPS,20140425,37.79,38.04,37.3,37.31,618000
SNSS,20140425,31.32,31.5,30.36,30.6,311200
SOCL,20140425,18.12,18.12,17.4,17.47,415200
SODA,20140425,42,43.85,40.33,43.31,2541000
SOFO,20140425,10.37,10.63,10.32,10.34,1400
SOHO,20140425,6.58,6.81,6.58,6.64,24700
SOHU,20140425,59.9,60.43,57.59,58,694200
SONA,20140425,10.19,10.19,10.19,10.19,0
SONC,20140425,20.31,20.32,20,20.04,587200
SONS,20140425,15.7,16.2,15.15,15.35,3714500
SORL,20140425,3.24,3.28,3.2,3.25,18500
SOXX,20140425,79.55,79.55,77.58,77.73,87200
SP,20140425,25.33,25.55,24.99,25.11,62200
SPAN,20140425,21,21,20.9,20.9,1300
SPAR,20140425,5.13,5.17,4.95,5.03,121500
SPCB,20140425,8.45,8.49,8.29,8.45,105200
SPEX,20140425,34.2,35.15,33.44,33.82,262400
SPHS,20140425,3.38,3.4,3.23,3.33,21700
SPIL,20140425,6.95,6.97,6.88,6.91,630200
SPLK,20140425,58.88,59.19,54.67,55.6,4122400
SPLS,20140425,12.26,12.38,11.86,12.29,11999600
SPNC,20140425,23.39,23.89,21.7,22.02,842100
SPNS,20140425,7.6,7.63,7.46,7.57,82400
SPPI,20140425,7.17,7.22,6.75,6.77,1057300
SPRT,20140425,2.5,2.51,2.4,2.42,243500
SPSC,20140425,49.53,50.99,43.84,48.4,1073700
SPTN,20140425,22.25,22.54,22.23,22.25,143700
SPU,20140425,1.65,1.65,1.64,1.64,6800
SPWH,20140425,10.12,10.63,10,10.48,172100
SPWR,20140425,32.35,34.89,32.33,34.18,9788600
SQBG,20140425,8.57,8.59,8.36,8.54,6800
SQQQ,20140425,55.16,57.18,54.98,56.78,7232700
SRCE,20140425,30.59,30.82,29.82,29.82,33400
SRCL,20140425,115.91,115.99,113.2,113.96,655800
SRDX,20140425,22.08,22.19,21.51,22.04,66400
SREV,20140425,6.45,6.51,6.2,6.22,1155300
SRNE,20140425,9.95,10.05,9.52,9.63,36500
SRPT,20140425,37.37,38.13,36.36,36.7,1257800
SSBI,20140425,10.8,10.98,10.8,10.97,3800
SSFN,20140425,4.87,4.87,4.87,4.87,100
SSH,20140425,5.51,5.57,5.4,5.46,91400
SSNC,20140425,37.58,37.66,36.95,37.3,439100
SSRI,20140425,9.72,10.05,9.68,9.97,883400
SSYS,20140425,101.26,102.43,99.03,99.38,882000
STAA,20140425,19.26,19.6,18.78,19.12,241100
STB,20140425,6.26,6.26,6.22,6.24,147600
STBA,20140425,22.76,23.02,22.54,22.66,64700
STBZ,20140425,16.8,16.98,16.64,16.76,129100
STEM,20140425,15.48,15.48,14.88,15,718200
STFC,20140425,20.98,21.44,20.68,20.95,25000
STKL,20140425,11.73,11.75,11.28,11.48,594100
STLD,20140425,18.49,18.67,18.27,18.38,1786000
STLY,20140425,2.96,2.98,2.9,2.9,8800
STML,20140425,16.16,16.48,14.37,14.85,244400
STMP,20140425,34.19,34.39,33.03,33.2,78300
STPP,20140425,39.1,39.2,39.1,39.2,700
STRA,20140425,43.64,44.33,42.52,43.08,147100
STRL,20140425,6.74,6.81,6.73,6.8,87400
STRM,20140425,5.1,5.19,4.99,5.19,24000
STRS,20140425,16.75,16.98,16.45,16.97,3800
STRT,20140425,68.8,69.48,67.95,68.3,6600
STRZA,20140425,31.88,32.16,31.57,31.66,644400
STRZB,20140425,32.12,32.12,32.12,32.12,0
STX,20140425,53.94,54,52.48,52.72,2571700
SUMR,20140425,1.97,1.97,1.95,1.96,14700
SUNS,20140425,16.84,16.98,16.71,16.76,47400
SUPN,20140425,7.94,7.94,7.67,7.68,311500
SVA,20140425,6.19,6.28,5.76,5.93,641400
SVBI,20140425,4.91,4.91,4.68,4.69,2500
SVVC,20140425,20.66,20.89,19.88,20.02,40500
SWHC,20140425,14.21,14.25,13.88,14.03,998500
SWIR,20140425,22.9,22.9,21.35,21.67,696800
SWKS,20140425,41.51,42.15,41,41.46,3114600
SYBT,20140425,19.64,19.7533,19.38,19.5067,28400
SYKE,20140425,20.22,20.43,19.76,19.84,160500
SYMC,20140425,20.5,20.53,20.24,20.28,5479700
SYMX,20140425,1.78,1.93,1.73,1.77,662100
SYNA,20140425,69,69,62.71,63.77,6263900
SYNC,20140425,2.45,2.47,2.39,2.41,47000
SYNL,20140425,15.76,15.95,15.36,15.9,16300
SYNT,20140425,39.76,40.05,39.175,39.36,98100
SYPR,20140425,2.83,2.89,2.82,2.82,11000
SYRX,20140425,5.16,5.59,5.16,5.43,15200
SYUT,20140425,5.79,5.8,5.57,5.6,73500
TACT,20140425,10.81,11.05,10.59,10.65,12800
TAIT,20140425,1.01,1.05,0.99,1,5100
TASR,20140425,18.07,18.07,17.52,17.71,799500
TAST,20140425,6.65,6.85,6.48,6.82,3174300
TATT,20140425,8.05,8.05,8.05,8.05,0
TAX,20140425,27.21,27.56,27,27.33,21400
TAYD,20140425,9,9,8.94,9,2900
TBBK,20140425,15.93,16.98,15.44,15.92,679500
TBNK,20140425,20.7,20.95,20.41,20.47,24300
TCBI,20140425,56.24,57,55.4,55.78,935300
TCBIL,20140425,23.82,24,23.6,23.66,8000
TCBIP,20140425,24,24.07,23.86,23.96,68000
TCBIW,20140425,46.35,46.35,46.35,46.35,0
TCBK,20140425,24.37,24.6,24.07,24.1,35600
TCCO,20140425,6.28,6.5,6.09,6.3,5800
TCFC,20140425,21.71,21.75,21.2,21.28,1900
TCPC,20140425,16.49,16.62,16.4,16.52,289300
TCRD,20140425,13.71,13.91,13.65,13.72,165500
TCX,20140425,14.52,14.88,14.26,14.63,9900
TDIV,20140425,25.11,25.11,24.75,24.81,91900
TEAR,20140425,4.8,4.88,4.31,4.35,896500
TECD,20140425,62.29,62.95,61.41,61.43,408900
TECH,20140425,84.93,85.55,83.86,83.88,248600
TEDU,20140425,9,9.1,8.65,8.91,452000
TESO,20140425,20.33,20.48,19.98,20.05,256900
TESS,20140425,33.98,33.98,32.63,32.69,44200
TFSL,20140425,13.23,13.44,13.04,13.27,368700
TGA,20140425,7.63,7.89,7.59,7.86,137200
TGLS,20140425,10.39,10.57,10.36,10.54,1600
TGTX,20140425,5.1,5.13,4.62,4.7,243400
THFF,20140425,32.03,32.35,31.72,31.73,21200
THLD,20140425,4.09,4.13,4,4,537300
THRM,20140425,37.04,37.32,36.1,36.56,428400
THST,20140425,4.96,4.96,4.96,4.96,400
TICC,20140425,9.71,9.75,9.68,9.69,342200
TILE,20140425,19.06,19.29,18.3,18.32,441900
TINY,20140425,3.74,3.75,3.56,3.69,308300
TIPT,20140425,9.8,9.9,9.6,9.87,11200
TISA,20140425,4.11,4.24,4.11,4.21,700
TITN,20140425,18.32,18.47,18.03,18.21,193600
TIVO,20140425,12.14,12.14,11.76,11.83,1057400
TLF,20140425,9.52,9.74,9.51,9.63,10900
TLOG,20140425,6.35,6.56,6.21,6.24,32100
TLT,20140425,111.49,111.99,111.32,111.33,5976500
TNAV,20140425,6.5,6.5,6.26,6.34,237500
TNDM,20140425,17.46,17.63,17.15,17.5,206900
TNGO,20140425,17.09,17.14,15.92,15.94,327400
TNXP,20140425,9.85,9.98,9.4,9.42,73900
TOPS,20140425,73.6,73.6,69.9,69.9,2700
TORM,20140425,10.35,10.58,10.35,10.49,3100
TOWN,20140425,15.15,15.5,15.15,15.33,75800
TQQQ,20140425,59.57,59.78,57.33,57.76,5100300
TRCB,20140425,8.31,8.31,8.17,8.2,9100
TRCH,20140425,5,5.05,4.85,4.89,27200
TREE,20140425,30.13,30.53,29.85,30.33,96700
TRIB,20140425,22.79,23.39,22.75,22.96,86200
TRIP,20140425,82.6,83,77.12,77.39,3628000
TRMB,20140425,38.73,39.04,38.24,38.47,1623800
TRMK,20140425,23.06,23.35,22.78,22.85,495100
TRNS,20140425,9.48,9.72,8.75,9.31,5000
TROV,20140425,5.05,5.14,5,5.07,12200
TROVW,20140425,3.1,4.04,2.17,4,6500
TROW,20140425,82.62,82.8,80.81,81.35,2021400
TRS,20140425,32.99,33,31.71,31.83,232100
TRST,20140425,6.69,6.73,6.62,6.65,356400
TRVN,20140425,5.48,5.75,5.1,5.16,81100
TSBK,20140425,10.8,10.85,10.8,10.82,1900
TSC,20140425,13.28,13.3,12.75,12.92,107500
TSCO,20140425,66.59,67.46,65.57,65.68,979800
TSEM,20140425,8.65,8.77,8.44,8.48,145200
TSLA,20140425,202,206.7,197.65,199.85,6996600
TSRA,20140425,22.4,22.85,21.89,21.89,285000
TSRI,20140425,3.16,3.16,3.15,3.15,1400
TSRO,20140425,25.13,25.13,23.78,24.17,238200
TST,20140425,2.52,2.58,2.51,2.53,24100
TTEC,20140425,23.88,23.88,23.56,23.58,87600
TTEK,20140425,28.1,28.39,27.94,28.28,422200
TTGT,20140425,6.54,6.62,6.4,6.54,46700
TTMI,20140425,7.96,8.04,7.74,7.78,351800
TTPH,20140425,10.02,10.2,9.63,10.15,172800
TTS,20140425,14.39,14.47,13.7,13.76,350300
TTWO,20140425,20.79,20.79,20.32,20.36,973700
TUES,20140425,13.77,13.77,13.25,13.53,277400
TVIX,20140425,6.58,6.75,6.54,6.56,10983000
TVIZ,20140425,30.76,30.87,30.46,30.46,2300
TWER,20140425,37.6,38.8,37,37.4,547000
TWIN,20140425,27.21,27.3,26.69,27.01,53900
TWMC,20140425,3.49,3.53,3.37,3.39,48700
TWOU,20140425,14.71,14.95,14.3,14.86,100100
TXN,20140425,47.99,48.16,45.94,46.34,12403800
TXRH,20140425,24.54,24.78,24.3,24.44,380700
TYPE,20140425,27.92,28.12,27.41,27.54,177100
TZOO,20140425,17.64,17.69,17.4,17.55,233400
UBCP,20140425,7.98,7.98,7.98,7.98,400
UBFO,20140425,5.49,5.64,5.47,5.52,12000
UBNK,20140425,18.07,18.33,17.8,18.08,61100
UBNT,20140425,40.13,40.23,37.71,37.99,1218200
UBOH,20140425,15.67,16,15.4,15.41,22600
UBSH,20140425,25.75,25.99,25.75,25.75,193100
UBSI,20140425,30.24,30.24,29.78,29.82,387600
UCBA,20140425,11.33,11.33,11.33,11.33,0
UCBI,20140425,17.43,17.56,17.05,17.17,351500
UCFC,20140425,3.67,3.89,3.5,3.5,152000
UCTT,20140425,11.63,11.67,11.22,11.58,569900
UEIC,20140425,36,36.27,35.1,35.31,87100
UEPS,20140425,8.85,9.02,8.58,9,268900
UFCS,20140425,29,29.5,28.52,28.81,45300
UFPI,20140425,52.24,52.35,50.89,51.4,114200
UFPT,20140425,25.87,25.87,25.23,25.51,11500
UG,20140425,29.03,29.79,29.02,29.5,7500
UGLD,20140425,15.75,15.97,15.75,15.88,113300
UHAL,20140425,251.2,252.31,245.97,247.8,30300
UIHC,20140425,14.92,15.25,14.67,14.88,122700
ULBI,20140425,3.77,3.77,3.59,3.64,5300
ULTA,20140425,89.2,90.01,87.5,88.11,498700
ULTI,20140425,120.47,121.86,117.39,118.54,409900
UMBF,20140425,59.62,59.99,58.37,58.7,271600
UMPQ,20140425,17.4,17.4,16.92,17.01,2623200
UNAM,20140425,12.9,13.4,12.88,13.11,14100
UNB,20140425,24.24,24.24,24.24,24.24,0
UNFI,20140425,68,68.58,66.67,66.74,223700
UNIS,20140425,34.7,34.7,31.7,31.7,1108600
UNTY,20140425,8.6,8.6,8.6,8.6,400
UNXL,20140425,6.68,6.72,6.41,6.52,237600
URBN,20140425,35.86,36.01,35.58,35.79,1040500
URRE,20140425,35.04,35.52,33.6,33.6,100600
USAK,20140425,17.86,17.99,17.67,17.82,43200
USAP,20140425,36.8,36.81,35.55,35.63,18800
USAT,20140425,2.05,2.1,2.03,2.05,43200
USCR,20140425,25.42,25.59,25.1,25.24,74500
USEG,20140425,26.94,27,25.8,26.04,262500
USLM,20140425,54.14,54.4,53.01,53.77,7800
USLV,20140425,44.86,45.28,44.04,44.64,152000
UTEK,20140425,28.07,28.2,26.27,26.35,675900
UTHR,20140425,93.8,94.6,90.85,90.87,544100
UTMD,20140425,50.86,51.31,50.1,50.46,7900
UTSI,20140425,3,3.03,2.91,3.02,36600
UVSP,20140425,19.54,19.93,19.14,19.44,38400
VALU,20140425,15.1,15.36,14.41,15.08,7600
VASC,20140425,23,23.13,22.61,22.76,113900
VBFC,20140425,21.44,21.44,21.44,21.44,0
VCIT,20140425,85.44,85.53,85.32,85.36,225300
VCLT,20140425,89.25,89.53,89.1,89.28,59000
VCSH,20140425,80.14,80.17,80.12,80.13,335500
VCYT,20140425,13.18,13.18,12.27,12.86,28400
VDSI,20140425,9.94,11.18,9.65,11.17,2287800
VECO,20140425,40.16,40.56,38.61,38.85,344400
VGIT,20140425,63.43,63.52,63.43,63.46,13500
VGLT,20140425,69.75,69.93,69.67,69.67,10900
VGSH,20140425,60.89,60.93,60.89,60.91,29800
VIA,20140425,84.39,84.39,83.36,83.64,10400
VIAB,20140425,84.38,84.75,83.18,83.44,1446100
VICL,20140425,11.8,12,11.2,11.5,1189100
VICR,20140425,8.46,8.5,8.13,8.14,35500
VIDI,20140425,24.73,24.73,24.61,24.7,70900
VIIX,20140425,56.56,57.51,56.44,56.56,70800
VIIZ,20140425,20.83,20.85,20.68,20.68,1800
VIP,20140425,8.65,8.72,8.13,8.19,4653200
VIRC,20140425,2.44,2.44,2.44,2.44,0
VISN,20140425,22.39,23.5,21.16,21.18,30700
VIVO,20140425,20.39,20.65,19.73,19.75,453100
VLGEA,20140425,24.88,25.29,24.75,24.82,15400
VLTC,20140425,3.53,3.53,3.42,3.46,1900
VMBS,20140425,52.02,52.05,51.97,51.99,18200
VNDA,20140425,13.64,13.72,13.04,13.04,565000
VNET,20140425,25.36,25.4,24.35,24.57,856900
VNQI,20140425,55,55.07,54.69,54.76,97900
VNR,20140425,30.46,30.71,30.36,30.67,275000
VNRAP,20140425,25.74,25.74,25.71,25.71,3100
VNRBP,20140425,24.78,24.91,24.78,24.9,97700
VOD,20140425,36.73,36.76,36.39,36.67,5707700
VONE,20140425,86.6,86.6,85.9,85.97,19200
VONG,20140425,88.5,88.51,87.66,87.85,9500
VONV,20140425,84.69,84.69,84.2,84.29,12200
VOXX,20140425,12.23,12.24,11.86,11.98,105600
VRA,20140425,28.76,28.76,27.79,27.97,288000
VRML,20140425,3.01,3.16,2.95,3.14,55900
VRNS,20140425,27.8,27.8,25.6,25.86,252600
VRNT,20140425,44.35,44.62,43.17,43.41,294500
VRSK,20140425,58.18,58.41,57.6,57.81,721200
VRSN,20140425,48.94,49.09,47.11,47.15,2978800
VRTB,20140425,5.55,5.55,5.55,5.55,300
VRTS,20140425,178.57,178.84,173.96,176.7,33900
VRTU,20140425,32.61,33.73,31.98,32.32,141400
VRTX,20140425,65.55,66.32,64.02,64.19,1120400
VSAR,20140425,29.48,30.87,27.78,29.95,77900
VSAT,20140425,68,68.5,64.83,64.97,616200
VSEC,20140425,30.41,31.05,29.16,30.465,21000
VSTM,20140425,8.4,8.4,7.69,7.84,292000
VTHR,20140425,87.14,87.14,87.14,87.14,0
VTIP,20140425,49.65,49.65,49.56,49.59,44500
VTL,20140425,12.15,12.39,12.01,12.39,18400
VTNR,20140425,8.07,8.3,7.9,8.14,308300
VTWG,20140425,95.11,95.11,93.22,93.39,7100
VTWO,20140425,90.44,90.56,88.99,89.38,68000
VTWV,20140425,86.19,86.19,85.08,85.08,3200
VUSE,20140425,25.5,25.53,25.3,25.39,106500
VVUS,20140425,5.04,5.27,4.9,5.19,4746500
VWOB,20140425,78.47,78.47,78.07,78.3,12100
VXUS,20140425,52.5,52.52,52.12,52.3,127200
WABC,20140425,51.97,52.54,51.17,51.29,261100
WAFD,20140425,21.84,21.97,21.64,21.66,304500
WAFDW,20140425,7.05,7.05,7.05,7.05,0
WASH,20140425,35.5,35.83,34.49,34.99,27000
WATT,20140425,11.5,11.89,11.01,11.39,55600
WAYN,20140425,11.81,11.87,11.81,11.86,2800
WB,20140425,20.15,20.33,19.08,19.21,4238300
WBB,20140425,14.3,14.39,14.3,14.35,5600
WBKC,20140425,21.48,21.48,21.48,21.48,200
WBMD,20140425,44.99,45.13,44.52,44.73,711400
WDC,20140425,89.24,89.45,87.59,87.77,1502100
WDFC,20140425,72.52,73.1,71.6,71.9,61500
WEBK,20140425,18.65,18.65,18.65,18.65,200
WEN,20140425,8.31,8.44,8.26,8.28,4583700
WERN,20140425,25.49,25.65,25.39,25.49,612000
WETF,20140425,11.22,11.41,10.82,10.97,1767100
WEYS,20140425,26.04,26.04,25.03,25.06,11700
WFBI,20140425,15.03,15.03,15.03,15.03,0
WFM,20140425,50.68,51.07,50.36,50.65,4329200
WHF,20140425,13.55,13.65,13.52,13.53,33700
WHFBL,20140425,25.65,25.65,25.65,25.65,200
WHLR,20140425,4.5,4.52,4.49,4.5,83500
WIFI,20140425,6.75,6.81,6.56,6.64,47100
WILC,20140425,7.64,7.64,7.5,7.59,9800
WILN,20140425,3.04,3.05,3,3.01,24500
WIN,20140425,9,9,8.78,8.85,7354500
WINA,20140425,74.88,77.23,74.6,75.47,9900
WIRE,20140425,47.92,49.14,47,48.79,149600
WIX,20140425,21.04,21.74,20.5,20.52,183000
WLB,20140425,29.46,30.15,28.17,28.82,200200
WLDN,20140425,4.64,4.64,4.63,4.63,200
WLFC,20140425,20.4,20.46,20.21,20.31,10400
WMAR,20140425,11.01,11.16,10.74,10.79,72000
WMGI,20140425,28.22,28.22,27.42,27.49,754000
WMGIZ,20140425,0.9,0.9,0.9,0.9,2000
WOOD,20140425,50.33,50.35,50.11,50.27,18900
WOOF,20140425,30.33,31.8,29.87,31.07,1108700
WPCS,20140425,26.84,26.84,24.86,26.18,210400
WPPGY,20140425,106.72,106.75,104.89,105.95,61200
WPRT,20140425,13.18,13.24,12.78,12.94,595900
WRLD,20140425,79.97,83.22,78.37,79.4,129300
WSBC,20140425,31.5,31.5,30.46,30.55,91300
WSBF,20140425,10.51,10.55,10.38,10.45,103000
WSCI,20140425,7.24,7.27,7.11,7.24,600
WSFS,20140425,22.73,23.95,22.6333,22.6833,35400
WSFSL,20140425,26.4,26.4,26.4,26.4,700
WSTC,20140425,24.78,25.22,24.52,24.64,99300
WSTG,20140425,19.4,19.4,17.61,17.93,85300
WSTL,20140425,3.3,3.44,3.19,3.35,261400
WTBA,20140425,14.8,15.08,14.75,14.85,53100
WTFC,20140425,45.59,45.92,44.93,45.15,210900
WTFCW,20140425,23.85,23.85,23.85,23.85,0
WVFC,20140425,11.59,11.59,11.59,11.59,0
WVVI,20140425,6.08,6.11,6.08,6.11,1200
WWD,20140425,44.22,44.79,43.94,44.1,341200
WYNN,20140425,211.22,211.94,200.18,201.49,2456100
XBKS,20140425,6.04,6.04,6.04,6.04,0
XGTI,20140425,21.48,21.96,21,21,333600
XGTIW,20140425,9.6,9.6,9,9.24,5200
XIV,20140425,31.49,31.6,30.9,31.51,8186000
XLNX,20140425,47.59,47.95,47.02,47.8,6061500
XLRN,20140425,31.75,32.62,30.72,32.5,284400
XNCR,20140425,10.21,10.77,10.21,10.3,68900
XOMA,20140425,83.8,84,79,79.2,1168200
XONE,20140425,32.6,33.46,31.14,31.48,394800
XPLR,20140425,6,6.1,5.91,6,46500
XRAY,20140425,44.58,44.88,44.17,44.34,1111800
XTLB,20140425,3.53,3.62,3.53,3.62,2000
XXIA,20140425,12.85,12.88,12.47,12.58,482500
YDIV,20140425,20.83,20.83,20.8,20.83,2100
YHOO,20140425,35.03,35.1,34.29,34.48,19401600
YNDX,20140425,25.7,25.7,21.7,24,28168400
YOD,20140425,3.26,3.35,3.1,3.17,246600
YORW,20140425,20.31,20.46,20.1,20.13,31800
YRCW,20140425,20.76,21.26,20.4,21.21,826700
YY,20140425,62.58,65.58,62.58,63.21,1455600
Z,20140425,102.18,102.5,92.63,92.77,2777700
ZAGG,20140425,4.47,4.49,4.37,4.39,238000
ZBRA,20140425,69.06,69.06,67.26,67.7,352800
ZEUS,20140425,26.8,27.14,25.4,25.89,23500
ZGNX,20140425,22.4,22.96,20.88,21.68,3170800
ZION,20140425,29.07,29.31,28.91,29,1946700
ZIONW,20140425,5.46,5.71,5.45,5.71,8700
ZIOP,20140425,3.47,3.53,3.32,3.35,936800
ZIV,20140425,39.69,39.79,39.44,39.79,37400
ZIXI,20140425,3.47,3.52,3.42,3.44,497300
ZLTQ,20140425,19.15,19.26,18.54,18.75,399300
ZN,20140425,2.35,2.35,2.29,2.29,135400
ZNGA,20140425,4.26,4.28,4.01,4.08,43523900
ZUMZ,20140425,24.08,24.13,23.5,23.56,199400
