<ticker>,<date>,<open>,<high>,<low>,<close>,<vol>
AAL,20140429,35.2,35.65,34.97,35.51,8994900
AAME,20140429,3.49,3.57,3.46,3.55,18000
AAOI,20140429,22.6,23.09,22.13,22.84,92800
AAON,20140429,18.98,19.06,18.6067,18.64,83700
AAPL,20140429,84.82,85.14,84.2157,84.6186,12049200
AAWW,20140429,34.47,34.47,34.13,34.33,133600
AAXJ,20140429,59.92,60.12,59.67,59.96,269400
ABAX,20140429,41.12,41.63,40.55,40.66,190600
ABCB,20140429,22.05,22.44,21.72,21.78,81800
ABCD,20140429,2.33,2.33,2.23,2.24,12800
ABCO,20140429,57.34,58.1,54.74,57.51,151400
ABIO,20140429,10.92,11.48,10.92,11.34,191200
ABMD,20140429,24.03,24.39,23.45,23.97,229300
ABTL,20140429,11.86,12.63,11.74,12.37,219200
ACAD,20140429,19.19,20.11,18.98,19.91,1613300
ACAS,20140429,14.58,14.91,14.5,14.89,2889700
ACAT,20140429,41.1,41.15,40.35,40.48,167500
ACET,20140429,22.44,22.49,22.11,22.18,519700
ACFC,20140429,4.35,4.35,4.12,4.12,23100
ACGL,20140429,57.51,57.9,57.27,57.5,408100
ACHC,20140429,42.21,42.72,40.98,42.29,924400
ACHN,20140429,2.75,2.79,2.67,2.7,1466000
ACIW,20140429,19,19.02,18.5333,18.7367,752700
ACLS,20140429,7.24,7.36,7.04,7.2,497200
ACNB,20140429,19.07,19.24,19.07,19.2,900
ACOR,20140429,34.19,35.48,33.75,35.1,327800
ACPW,20140429,2.92,2.95,2.8,2.92,98300
ACRX,20140429,10.44,10.96,10.33,10.78,359000
ACSF,20140429,13.46,13.51,13.3,13.35,86100
ACST,20140429,10.5,10.5,9.9,10,132800
ACTG,20140429,15.84,16.19,15.62,15.97,377000
ACTS,20140429,2.22,2.27,2.16,2.25,47200
ACUR,20140429,1.32,1.4,1.31,1.32,64300
ACWI,20140429,58.62,58.72,58.46,58.64,601100
ACWX,20140429,47.13,47.32,47.09,47.23,183100
ACXM,20140429,28.86,29.02,28.35,28.51,428000
ADBE,20140429,60.57,60.93,59.9,60.91,3531600
ADES,20140429,22.91,23.19,22.39,22.55,76500
ADHD,20140429,17.49,17.98,17.1,17.53,64300
ADI,20140429,51.31,51.42,50.67,51.19,1350500
ADMP,20140429,5.35,5.5,5.2,5.39,51300
ADMS,20140429,15.95,16.76,15.91,16,79900
ADP,20140429,66.8658,67.7173,66.7428,67.5943,1889700
ADRA,20140429,27.44,27.44,27.44,27.44,0
ADRD,20140429,24.92,25.08,24.9,25.03,29300
ADRE,20140429,37.25,37.56,37.25,37.3,10100
ADRU,20140429,25.28,25.34,25.22,25.33,16400
ADSK,20140429,46.8,47.59,46.5,47.57,1883600
ADTN,20140429,22.92,22.92,22.39,22.56,682600
ADUS,20140429,21.95,22.41,21.17,21.59,48000
ADXS,20140429,2.55,2.62,2.5,2.51,76700
ADXSW,20140429,0.95,0.95,0.95,0.95,7300
AEGN,20140429,23.72,23.96,23.36,23.6,271200
AEGR,20140429,44.09,45,42.82,44.07,1077000
AEHR,20140429,2.51,2.59,2.5,2.55,7900
AEIS,20140429,22.8,22.96,21.57,21.76,434500
AEPI,20140429,36.39,36.57,35.27,35.45,27600
AERI,20140429,15.86,16.26,14.97,15.61,57800
AETI,20140429,6.28,6.4,6.24,6.38,21300
AEY,20140429,3.3,3.41,3.3,3.33,24100
AEZS,20140429,114,115,111,114,389300
AFAM,20140429,21.18,21.48,21.13,21.27,49300
AFH,20140429,14.44,14.55,13.86,13.98,35100
AFSI,20140429,18.775,19.195,18.69,18.825,344900
AGEN,20140429,3.05,3.09,2.86,2.94,913700
AGII,20140429,45.7,45.9,44.88,44.99,85900
AGIIL,20140429,23.41,23.6,23.41,23.6,16900
AGIO,20140429,39.5,41.86,39.43,41.33,358200
AGNC,20140429,22.82,22.82,22.26,22.4,7909800
AGNCP,20140429,25.92,26.13,25.87,25.89,89700
AGND,20140429,48.42,48.42,48.42,48.42,0
AGTC,20140429,12.58,12.9,11.32,12.9,34300
AGYS,20140429,12.34,12.93,12.24,12.85,56000
AGZD,20140429,50.08,50.08,50.08,50.08,0
AHGP,20140429,65.77,67.14,65.42,65.74,109000
AHPI,20140429,2.17,2.17,2.17,2.17,0
AIMC,20140429,33.78,34.07,33.05,33.91,142900
AINV,20140429,7.98,8,7.92,7.93,2370000
AIQ,20140429,29.61,30.35,28.84,29.11,24800
AIRM,20140429,55.19,55.48,54.68,55.15,462900
AIRR,20140429,19.28,19.33,19.02,19.06,48200
AIRT,20140429,11.77,12.15,11.75,11.98,1200
AIXG,20140429,16.66,16.76,16.28,16.34,105300
AKAM,20140429,51.35,52.54,50.52,52.48,3595300
AKAO,20140429,14.33,14.75,14.01,14.21,99900
AKBA,20140429,23.17,24.44,22.5,24.16,117900
AKER,20140429,3.57,3.87,3.18,3.19,134600
AKRX,20140429,24.27,24.97,24.27,24.75,513100
ALCO,20140429,35.92,36.6,35.02,35.34,11300
ALGN,20140429,49.56,50.47,49.19,50.06,1038300
ALGT,20140429,117.32,117.36,114.41,116.21,87300
ALIM,20140429,6.1,6.22,5.95,5.95,162800
ALKS,20140429,44.29,46.8,44.1,46.11,1930000
ALLT,20140429,12.36,12.65,12.03,12.6,333400
ALNY,20140429,48.89,51.62,48.36,50.95,813100
ALOG,20140429,78.06,79.67,76.5,76.86,69000
ALOT,20140429,12.32,12.5,12.3,12.39,5000
ALQA,20140429,7.3,7.46,7.03,7.18,83600
ALSK,20140429,1.87,1.93,1.87,1.89,257900
ALXN,20140429,153.06,157.81,150.07,157.32,1367400
AMAG,20140429,18.11,18.53,17.95,18.32,309000
AMAT,20140429,18.81,19.17,18.71,19.07,13964000
AMBA,20140429,25.5,25.9,24.87,25.46,553800
AMBC,20140429,29.38,29.99,29.31,29.78,252000
AMBCW,20140429,20.13,20.13,19.47,19.6,20500
AMCC,20140429,9.97,9.98,9.56,9.72,1163300
AMCN,20140429,2.12,2.2,2.12,2.15,191800
AMCX,20140429,67.55,67.55,64.56,64.98,1644000
AMD,20140429,4.02,4.03,3.96,4.03,14584600
AMDA,20140429,100.95,102.75,93,99.6,92400
AMED,20140429,13.2,13.57,13.1,13.45,333700
AMGN,20140429,112.3,112.45,110.67,111.9,4116100
AMKR,20140429,7.56,7.9,7.44,7.8,5788400
AMNB,20140429,21.19,21.46,20.98,21.29,42400
AMOT,20140429,11.64,11.64,11.29,11.29,3200
AMOV,20140429,19.64,20.05,19.64,20.05,4500
AMRB,20140429,9.56,9.6,9.51,9.56,10500
AMRI,20140429,16,16.46,16,16.02,278600
AMRK,20140429,11.71,11.99,11.71,11.84,6200
AMRN,20140429,1.62,1.71,1.62,1.67,2209400
AMRS,20140429,3.33,3.48,3.26,3.44,298800
AMSC,20140429,13.1,13.5,13.1,13.1,453800
AMSF,20140429,41.97,42.14,41.54,41.65,35200
AMSG,20140429,43.87,43.87,43.16,43.35,117500
AMSWA,20140429,9.52,9.7,9.49,9.65,46600
AMWD,20140429,31.17,31.17,30.51,30.82,87400
AMZN,20140429,296.44,301.84,290.45,300.38,6510500
ANAT,20140429,112.06,114.38,111.15,112.28,9800
ANCB,20140429,19.13,19.13,19,19,4400
ANCX,20140429,15.13,15.14,14.64,14.68,37600
ANDE,20140429,64.54,65.28,62.24,62.4,256400
ANGI,20140429,10.62,11.28,10.62,11.15,1037400
ANGO,20140429,13.67,13.77,13.58,13.7,122000
ANIK,20140429,40.11,41.26,39.69,40.91,325600
ANIP,20140429,31.09,31.7,30.52,31.22,87500
ANSS,20140429,76.79,77.12,75.63,76.24,648000
ANTH,20140429,2.79,2.94,2.77,2.89,38000
AOSL,20140429,7.26,7.31,7.2,7.22,29400
APEI,20140429,33.64,34.66,33.47,33.92,94000
APOG,20140429,31.61,31.68,31.08,31.36,198900
APOL,20140429,27.77,28.22,27.3,27.77,1797300
APPY,20140429,16.64,16.96,16.08,16.8,292900
APRI,20140429,23.2,23.4,22.5,22.8,66000
APWC,20140429,2.57,2.57,2.57,2.57,1000
AQXP,20140429,8.51,8.51,8.26,8.42,8700
ARAY,20140429,8.68,8.75,8.48,8.53,724700
ARCC,20140429,17.08,17.1,17.03,17.06,1753000
ARCI,20140429,2.75,2.76,2.63,2.76,900
ARCW,20140429,16.564,16.604,15.884,16.4,45000
AREX,20140429,19.78,20.67,19.57,20.26,1088700
ARGS,20140429,9.53,9.53,8.87,9.11,24700
ARIA,20140429,6.91,7.4,6.9,7.33,7755200
ARII,20140429,66,66.78,65.3,65.63,116700
ARIS,20140429,3.05,3.05,3.05,3.05,0
ARKR,20140429,21.36,21.36,21.36,21.36,300
ARLP,20140429,45.6,46.38,45.6,46.03,119100
ARNA,20140429,6.1,6.34,6.06,6.29,4519000
AROW,20140429,25.58,25.75,25.08,25.1,13100
ARQL,20140429,1.6,1.66,1.58,1.64,176300
ARRS,20140429,25.85,26.37,25.76,26.06,1302500
ARRY,20140429,3.8,4.08,3.77,4.06,1322100
ARTNA,20140429,22.11,22.24,21.89,22.06,12000
ARTW,20140429,6.05,6.15,6.05,6.15,400
ARTX,20140429,3.34,3.68,3.32,3.47,1570900
ARWR,20140429,11,11.49,10.68,11.17,1111200
ASBB,20140429,17.8,17.8,17.8,17.8,0
ASCMA,20140429,68.87,68.97,66.52,66.93,37900
ASFI,20140429,8.1,8.18,8.1,8.13,9800
ASML,20140429,82.5,82.8,82.09,82.12,975400
ASNA,20140429,17.16,17.3,16.98,17.05,932200
ASPS,20140429,102.79,103.56,100.12,100.93,348700
ASRV,20140429,3.44,3.52,3.42,3.5,14900
ASRVP,20140429,27.08,27.08,27.08,27.08,300
ASTC,20140429,2.24,2.24,2.01,2.08,165600
ASTE,20140429,40.6,40.78,39.73,40,168500
ASUR,20140429,6.21,6.21,6.15,6.15,55900
ASYS,20140429,8.8,8.86,8.26,8.31,48800
ATAI,20140429,4.14,4.18,4.05,4.11,19100
ATAX,20140429,5.98,6.07,5.97,6.07,343000
ATEC,20140429,16.44,16.68,15.84,15.96,213000
ATHN,20140429,124.82,126.65,122.55,123.86,1060600
ATHX,20140429,1.28,1.51,1.28,1.43,3077800
ATLC,20140429,2.45,2.45,2.39,2.4,1800
ATLO,20140429,22.53,22.62,21.83,21.98,8300
ATNI,20140429,61.67,62.5,60.94,61.24,45900
ATOS,20140429,18.3,18.75,18.15,18.45,79000
ATRC,20140429,16.41,16.41,15.63,15.76,308400
ATRI,20140429,287,293.8,286,286.25,2500
ATRO,20140429,56.79,57.78,56.3,57.26,103900
ATRS,20140429,2.8,2.94,2.78,2.91,1376000
ATSG,20140429,7.85,7.85,7.64,7.68,103400
ATTU,20140429,8.35,8.64,8.25,8.55,68200
ATVI,20140429,19.39,19.7,19.29,19.69,4191900
AUBN,20140429,23.6,23.6,23.6,23.6,0
AUDC,20140429,6.49,6.63,6.27,6.54,506900
AVAV,20140429,33.5,33.86,33.1,33.49,147100
AVEO,20140429,1.2,1.29,1.2,1.26,391900
AVGO,20140429,60.63,61.55,60.01,60.92,2165600
AVHI,20140429,17.34,17.51,17.01,17.1,50300
AVNW,20140429,18.36,18.48,18,18,375500
AWRE,20140429,5.44,5.65,5.02,5.56,136500
AXAS,20140429,5.32,5.53,5.23,5.24,2616100
AXDX,20140429,17.64,18.48,17.29,17.83,111800
AXGN,20140429,2.65,2.65,2.51,2.56,21700
AXTI,20140429,2.16,2.18,2.15,2.17,16200
AZPN,20140429,37.86,38.16,37.12,37.75,796700
BABY,20140429,25.14,25.44,24.61,24.9,206300
BANF,20140429,59.42,59.42,58.83,58.99,20800
BANFP,20140429,27.13,27.13,27.13,27.13,0
BANR,20140429,39.9,40.23,39.26,39.44,111000
BANX,20140429,25.12,25.12,24.86,25,6200
BASI,20140429,2.6,2.8,2.55,2.65,5700
BBBY,20140429,63.05,63.05,62.18,62.23,2377500
BBGI,20140429,8.02,8.05,7.76,7.81,7700
BBOX,20140429,20.84,20.92,20.01,20.13,33800
BBRG,20140429,15.2,15.2,14.77,14.97,159300
BBRY,20140429,7.51,7.7,7.36,7.67,11498800
BBSI,20140429,53.61,55,53.25,53.98,130000
BCBP,20140429,13.3,13.3,13.26,13.26,3000
BCOM,20140429,17.46,17.46,17.46,17.46,200
BCOR,20140429,18.62,18.98,18.4,18.94,723800
BCOV,20140429,8.23,8.46,8.03,8.38,344300
BCPC,20140429,62.48,62.65,61.3,61.44,109300
BCRX,20140429,7.79,8.51,7.68,8.42,731000
BDE,20140429,11.39,11.7,11.3,11.45,103100
BDGE,20140429,24.03,24.17,23.76,23.77,15900
BDSI,20140429,8.55,8.95,8.45,8.85,454700
BEAT,20140429,8.09,8.42,7.77,7.97,399000
BEAV,20140429,85.3,85.89,84.81,85.72,483000
BEBE,20140429,5.16,5.2,4.99,5.03,480600
BECN,20140429,36.22,36.31,35.38,35.44,222500
BELFA,20140429,22,22,21.55,21.55,1200
BELFB,20140429,22.28,22.66,21.9,22.04,30900
BFIN,20140429,9.86,9.99,9.83,9.84,17200
BGCP,20140429,7.11,7.2,7.07,7.09,756600
BGFV,20140429,15.17,15.49,15.12,15.24,190000
BIB,20140429,35.75,37.435,35.055,37.115,478200
BICK,20140429,24.83,24.83,24.55,24.55,1900
BIDU,20140429,151,156.99,150.02,155.15,5160200
BIIB,20140429,285.35,294.36,281.99,290.84,1634600
BIOC,20140429,13.8,14.16,13.11,14.16,10900
BIOL,20140429,2.02,2.13,2,2.04,203300
BIOS,20140429,7.09,7.1,6.91,7.03,885800
BIS,20140429,18.93,19.36,18.08,18.22,709000
BJRI,20140429,28.98,29.27,28.63,28.67,158800
BKCC,20140429,9.06,9.13,9.01,9.02,510000
BKEP,20140429,9.34,9.34,9.1,9.28,2500
BKEPP,20140429,10.15,10.15,9.98,10,13000
BKMU,20140429,6.14,6.19,5.9,5.98,46200
BKSC,20140429,15.08,15.1,14.78,15.1,2800
BLDP,20140429,3.87,3.95,3.36,3.7,9932400
BLDR,20140429,7.85,8.07,7.77,7.85,561600
BLFS,20140429,3.12,3.12,2.98,3.02,70300
BLIN,20140429,4.7,4.8,4.65,4.8,32100
BLKB,20140429,30.02,30.25,29.78,29.95,211100
BLMN,20140429,21.04,21.5,20.8,21.01,1209000
BLMT,20140429,17.34,17.48,17.3,17.44,9400
BLRX,20140429,2.03,2.07,2.03,2.06,26900
BLUE,20140429,19.82,20.25,19.53,19.59,118300
BLVD,20140429,9.51,9.79,9.51,9.79,2400
BLVDU,20140429,10.03,10.06,10.03,10.03,48900
BLVDW,20140429,0.74,0.74,0.74,0.74,0
BMRC,20140429,46,46.38,45.5,45.61,6600
BMRN,20140429,58.07,58.94,57.17,58.42,1586200
BMTC,20140429,27.49,27.58,26.51,26.65,15500
BNCL,20140429,13.29,13.38,13.08,13.1,57500
BNCN,20140429,16.13,16.42,16.13,16.35,24900
BNDX,20140429,50.74,50.77,50.72,50.77,199200
BNFT,20140429,30.61,31.72,29.29,31.51,166400
BNSO,20140429,1.55,1.55,1.55,1.55,1000
BOBE,20140429,46.55,47.15,46.55,46.92,367100
BOCH,20140429,6.54,6.54,6.28,6.4,9700
BOFI,20140429,19.88,20.2225,19.59,19.82,125100
BOKF,20140429,65.96,66.29,65.3,65.75,74000
BONT,20140429,11.21,11.29,11.02,11.16,331100
BOOM,20140429,19.33,19.33,18.96,19.26,29500
BOSC,20140429,4.01,4.19,4,4,9500
BOTJ,20140429,8.88,8.89,8.88,8.89,1600
BPFH,20140429,12.43,12.52,12.32,12.33,500300
BPFHP,20140429,23.98,23.98,23.5,23.51,16300
BPFHW,20140429,5.59,5.59,5.59,5.59,500
BPOP,20140429,30.99,31.24,30.42,30.85,469600
BPOPM,20140429,21.2,21.2,20.9,21,1900
BPOPN,20140429,21.76,22.5,21.76,21.9,8400
BPTH,20140429,2.4,2.42,2.29,2.33,83100
BRCD,20140429,9.1,9.28,9.07,9.14,5860500
BREW,20140429,15.13,15.32,15.01,15.06,29800
BRID,20140429,10,10,10,10,0
BRKL,20140429,9.1,9.21,8.99,9,479600
BRKR,20140429,21.08,21.36,20.74,21.06,795300
BRKS,20140429,10.5,10.54,10.09,10.11,388700
BSET,20140429,13.73,14.05,13.55,13.92,42300
BSFT,20140429,24.25,24.8,24.18,24.6,160600
BSPM,20140429,12.46,12.74,12.46,12.46,27800
BSQR,20140429,3.13,3.22,3.12,3.2,5100
BSRR,20140429,15.68,16,15.51,15.56,25400
BSTC,20140429,23,23.5,22.71,23.31,24400
BUR,20140429,4.01,4.08,3.88,3.89,2600
BUSE,20140429,5.56,5.58,5.5,5.5,94300
BV,20140429,6.54,6.72,6.45,6.65,298300
BVSN,20140429,9.75,9.8,9.5,9.59,25200
BWEN,20140429,12.18,12.31,11.91,12.05,206000
BWINA,20140429,24,24.2,23.85,23.85,7200
BWINB,20140429,26.34,26.48,25.82,26.12,13400
BWLD,20140429,140.44,143.9,136.76,140.14,2067600
BYBK,20140429,5,5,5,5,0
BYFC,20140429,1.23,1.23,1.23,1.23,1800
CA,20140429,30.03,30.27,29.82,30.01,2117300
CAAS,20140429,7.71,7.73,7.5,7.57,54900
CAC,20140429,39.92,39.92,38.21,38.77,11800
CACB,20140429,4.67,4.95,4.67,4.84,35200
CACC,20140429,142.71,142.9,137.57,138.45,42100
CACQ,20140429,12.53,12.84,12.46,12.57,108200
CADC,20140429,4.92,4.94,4.86,4.94,2100
CAKE,20140429,44.54,45.05,44.31,44.88,754300
CALD,20140429,9.31,9.76,9.15,9.57,392100
CALI,20140429,2.55,2.64,2.55,2.62,3600
CALL,20140429,17.82,17.91,17.28,17.62,468200
CALM,20140429,30.08,30.415,29.31,29.44,101500
CAMP,20140429,18.13,18.23,17.62,17.67,1327500
CAMT,20140429,3.16,3.18,3.09,3.16,68000
CAR,20140429,52.85,53.11,51.66,52.72,1482500
CARA,20140429,13.43,14.5,12.86,14.32,161100
CARB,20140429,9.4,9.99,9.39,9.74,649500
CART,20140429,6.33,6.33,6.01,6.01,400
CARV,20140429,11.01,11.01,11.01,11.01,0
CARZ,20140429,39.71,39.71,39.32,39.55,21600
CASH,20140429,41.72,42.84,41.45,42.58,26200
CASM,20140429,2.16,2.28,2.16,2.28,12800
CASS,20140429,51.37,51.37,49.9,50.26,26600
CASY,20140429,67.09,68.49,67.09,67.81,187500
CATM,20140429,33.2,33.48,32.49,32.6,417600
CATY,20140429,24.06,24.07,23.47,23.5,368500
CATYW,20140429,6.1,6.1,6.04,6.04,1300
CAVM,20140429,42.4,43.22,41.39,42.72,1006400
CBAK,20140429,2.6,2.71,2.6,2.71,19700
CBAN,20140429,6.03,6.03,6.03,6.03,0
CBF,20140429,22.99,23.9,22.99,23.62,128700
CBLI,20140429,12.6,13,12.4,12.6,117300
CBMX,20140429,41.55,42.15,41.25,41.55,54500
CBMXW,20140429,0.35,0.45,0.26,0.26,61300
CBOE,20140429,52.71,53.12,52.5,52.91,271900
CBPO,20140429,36.74,37.3,36.4,36.6,13200
CBRL,20140429,95.28,96.76,95.28,95.37,108600
CBSH,20140429,43.35,43.73,43.07,43.2,316700
CCBG,20140429,13.86,14.34,13.58,13.83,20300
CCCL,20140429,11.6,11.76,10.88,10.96,94100
CCCR,20140429,5.4,5.4,5.24,5.31,1500
CCIH,20140429,14.41,16.03,14.41,14.83,476400
CCMP,20140429,43.93,44.01,42.95,43.23,87900
CCNE,20140429,16.72,16.76,16.12,16.13,37500
CCOI,20140429,34.9,34.98,33.63,33.72,468300
CCRN,20140429,7.06,7.14,6.98,7.01,133100
CCUR,20140429,8.29,8.4,8.28,8.35,33700
CCXI,20140429,5.4,5.55,5.3,5.4,94800
CDNS,20140429,14.9,15.6,14.9,15.46,9013500
CDTI,20140429,12.4,12.4,11.6,11.85,249300
CDW,20140429,28.1,28.37,27.54,27.89,220700
CDXS,20140429,1.71,1.75,1.7,1.71,8400
CDZI,20140429,6.3,6.3,6.1,6.12,40100
CECE,20140429,15.84,16.05,15.58,15.73,57000
CECO,20140429,6.98,7.17,6.83,7.04,458300
CELG,20140429,71.695,74,71.05,73.35,3827000
CELGZ,20140429,2.76,2.84,2.75,2.84,1100
CEMI,20140429,3.1,3.11,3.07,3.07,3300
CEMP,20140429,9.33,9.58,9.29,9.37,324100
CENT,20140429,8.3,8.46,8.26,8.26,13400
CENTA,20140429,8.49,8.59,8.33,8.4,61100
CENX,20140429,13.75,14,13.58,13.95,634400
CERN,20140429,49.57,50.73,49.53,50.04,3542500
CERS,20140429,4.45,4.6,4.45,4.53,897500
CERU,20140429,6.68,6.95,6.62,6.81,8600
CETV,20140429,2.69,2.8,2.6,2.68,1004500
CEVA,20140429,16.87,17.12,16.15,16.23,83400
CFBK,20140429,1.5,1.53,1.48,1.49,12700
CFFI,20140429,31.64,32.13,31.36,31.66,5800
CFFN,20140429,12.15,12.22,11.92,12,984300
CFNB,20140429,14.71,14.92,14.7,14.88,4500
CFNL,20140429,16.75,16.94,16.56,16.64,150700
CG,20140429,34.16,34.59,34.01,34.21,508600
CGEN,20140429,9.16,9.36,9.03,9.28,133700
CGIX,20140429,14.92,15.38,14.92,15.2,22200
CGNX,20140429,34.78,35.2,34.35,34.76,444700
CGO,20140429,14.77,14.81,14.73,14.75,10700
CHCI,20140429,1.39,1.44,1.37,1.37,21800
CHCO,20140429,42.15,42.25,41.9,42.09,51700
CHDN,20140429,87.24,88.26,86.61,87,106100
CHEF,20140429,19.86,20.26,19.86,20.06,62300
CHFC,20140429,28.55,28.91,28.04,28.16,71100
CHFN,20140429,11.08,11.08,10.94,11.01,84300
CHI,20140429,13.72,13.74,13.67,13.69,137300
CHKE,20140429,13.64,13.84,13.62,13.73,4000
CHKP,20140429,62.88,63.74,60.5,63.11,3012600
CHMG,20140429,28.65,28.65,27.91,28.31,9100
CHNR,20140429,3.68,3.79,3.68,3.68,17000
CHRW,20140429,56.66,56.95,55.76,55.99,3166100
CHSCN,20140429,27.6,27.6,27.41,27.47,32600
CHSCO,20140429,29.24,29.68,29.15,29.52,18100
CHSCP,20140429,31.11,31.2,30.56,30.92,8400
CHTR,20140429,138.29,139.86,135.29,137.15,2275600
CHUY,20140429,38.37,38.62,37.41,37.46,264500
CHW,20140429,9.1,9.14,9.1,9.13,125400
CHY,20140429,13.94,13.97,13.87,13.97,146200
CIDM,20140429,24.2,25.4,24.2,24.4,148600
CIFC,20140429,7.75,7.77,7.67,7.72,8800
CINF,20140429,48.31,48.66,48.22,48.34,498500
CISG,20140429,6.44,6.6,6.43,6.48,30100
CIZN,20140429,19.09,19.09,18.82,19.03,600
CJJD,20140429,2.03,2.08,2,2.03,20000
CKEC,20140429,29.82,29.94,29.44,29.5,57700
CLAC,20140429,9.88,9.88,9.88,9.88,100
CLACU,20140429,10.21,10.35,10.2,10.35,3600
CLACW,20140429,0.55,0.55,0.55,0.55,300
CLBH,20140429,10.5,10.5,9.9,10.08,26600
CLCT,20140429,23.34,23.69,23.2,23.51,33800
CLDX,20140429,13.92,14.88,13.57,14.78,2030400
CLFD,20140429,15.5,15.74,14.59,15.19,275300
CLIR,20140429,9.58,9.61,9.21,9.38,67500
CLMS,20140429,12.2,12.25,12.06,12.1,139300
CLMT,20140429,29.2,29.43,29.1,29.23,495100
CLNE,20140429,8.84,8.98,8.75,8.91,863200
CLNT,20140429,5.4,5.48,5.39,5.39,14100
CLRO,20140429,10.21,10.62,10.06,10.55,57600
CLSN,20140429,3.26,3.35,3.23,3.29,100600
CLUB,20140429,8.2,8.32,8.1,8.2,52400
CLVS,20140429,50.87,53.54,50.86,53.15,851100
CLWT,20140429,3.91,4.02,3.9,4.02,7900
CMCO,20140429,27.06,27.06,26.25,26.34,47600
CMCSA,20140429,52,52,51.22,51.55,17131900
CMCT,20140429,22.52,23,22.52,23,1500
CME,20140429,70.76,71.39,70.42,70.83,1187100
CMFN,20140429,14,14.74,13.93,14.04,276400
CMLS,20140429,53.2,53.2,48.4,50.48,3203500
CMRX,20140429,18.69,18.8,17.76,18.58,255600
CMTL,20140429,31.77,31.89,31.65,31.71,235600
CNAT,20140429,6.09,6.36,6.09,6.22,393600
CNBKA,20140429,34.06,34.44,33.46,33.7,2600
CNCE,20140429,8.9,8.9,8.71,8.82,143800
CNET,20140429,1.02,1.02,0.91,0.95,105300
CNIT,20140429,4.97,4.97,4.12,4.2,539700
CNMD,20140429,46.36,46.66,45.9,46.11,204000
CNOB,20140429,19.16,19.3,18.82,18.99,64300
CNSL,20140429,19.59,19.78,19.52,19.57,178200
CNTF,20140429,8.95,9.2,8.85,8.95,113200
CNTY,20140429,5.52,5.65,5.35,5.61,367900
COBZ,20140429,10.16,10.16,10.02,10.05,67900
COHR,20140429,60.39,60.69,59.56,59.76,119400
COHU,20140429,10.17,10.24,9.97,9.98,47700
COKE,20140429,84,84.35,83.25,83.34,35800
COLB,20140429,25.33,25.43,24.81,25.01,298900
COLM,20140429,39.785,41.11,39.51,40.97,105800
COMM,20140429,24.32,25.5,24.32,25.34,752300
CONE,20140429,20.38,20.38,19.79,19.97,183200
CONN,20140429,45.77,46.1,45.05,45.46,819000
COOL,20140429,16.38,17.64,16.38,16.8,24600
CORE,20140429,19.345,19.7425,19.055,19.5825,61400
CORI,20140429,8.05,8.05,7.45,7.47,30500
CORT,20140429,3.98,4.19,3.91,4.12,311100
COST,20140429,115.38,115.95,115.16,115.4,1580500
COVS,20140429,6.99,7.04,6.81,6.94,28700
COWN,20140429,4.21,4.24,4.15,4.15,328500
CPAH,20140429,13.2,13.4,12.6,12.8,6000
CPHC,20140429,11.16,11.16,11.16,11.16,0
CPIX,20140429,4.42,4.46,4.41,4.45,30700
CPLA,20140429,56.21,58.24,54.15,57.23,76800
CPLP,20140429,10.8,11.1,10.76,10.9,244100
CPRT,20140429,35.93,36.12,35.63,35.9,184000
CPRX,20140429,2,2.05,1.97,2.01,398200
CPSI,20140429,60.92,61.92,59.91,61.24,122400
CPSS,20140429,7.1,7.14,6.93,6.95,55800
CPST,20140429,42.4,42.4,39.4,40,7264800
CPTA,20140429,18.69,18.69,18.4,18.41,42600
CRAI,20140429,21.49,21.77,21.46,21.7,51300
CRAY,20140429,31.84,32.84,31.17,32.43,615900
CRDS,20140429,43.2,45.2,43.2,44.6,13300
CREE,20140429,46.86,47.3,46.27,46.51,3133100
CREG,20140429,30.9,32.5,30.9,31.4,74100
CRESY,20140429,11.99,12.11,11.64,12.11,110400
CRIS,20140429,2.23,2.29,2.17,2.27,447500
CRME,20140429,7.67,7.77,7.59,7.74,32600
CRMT,20140429,36.4,36.73,35.95,36.19,13700
CRNT,20140429,2.74,2.77,2.61,2.62,284900
CROX,20140429,14.85,15.35,14.74,15.3,1695000
CRTO,20140429,27.34,29.97,27.1,29.35,884600
CRUS,20140429,22.99,23.9,22.75,23.46,7112600
CRVL,20140429,46.2,46.3,45.41,45.46,38800
CRWS,20140429,8.44,8.75,8.44,8.66,17100
CRZO,20140429,53.33,55.43,53.33,54.13,1067900
CSBK,20140429,11.67,11.69,11.57,11.6,173200
CSCO,20140429,23.2,23.21,23.06,23.16,14582900
CSFL,20140429,10.87,10.99,10.75,10.76,70800
CSGP,20140429,158.6,163.23,155.78,161.2,351200
CSGS,20140429,26.19,26.29,25.69,25.74,298500
CSII,20140429,28.13,28.46,27.86,28.26,337700
CSIQ,20140429,27.29,27.85,26.6,27.47,2133400
CSOD,20140429,34.7,37.24,34.27,36.76,1600500
CSPI,20140429,7.51,7.75,7.47,7.74,4500
CSQ,20140429,11.27,11.29,11.21,11.26,321500
CSTE,20140429,52.64,53.05,50.61,51.61,457100
CSWC,20140429,35.4,35.74,34.98,35.14,37300
CSX,20140429,28.24,28.34,28.08,28.17,3791000
CTAS,20140429,58.07,58.56,57.9,58.12,490800
CTBI,20140429,37.21,37.27,36.3,36.38,64700
CTG,20140429,16.2,16.35,15.52,15.93,59300
CTHR,20140429,2.45,2.45,2.17,2.21,192600
CTIB,20140429,5,5,4.94,4.96,7100
CTIC,20140429,3.19,3.21,3.05,3.07,3039700
CTRL,20140429,17.36,17.91,16.98,17.37,481400
CTRN,20140429,16.97,17.15,16.65,16.85,64900
CTRP,20140429,22.805,23.885,22.45,23.215,3640200
CTSH,20140429,48.61,48.81,47.6,47.85,4932000
CTWS,20140429,32.54,32.88,32.12,32.28,22700
CTXS,20140429,59.09,59.11,57.96,58.37,4043300
CUBA,20140429,8.11,8.16,8.01,8.1,3700
CUI,20140429,9.31,9.31,9.1,9.24,56300
CUNB,20140429,18.27,18.37,18.13,18.13,5200
CUTR,20140429,10.28,10.58,10.16,10.19,58200
CVBF,20140429,14.1,14.18,13.99,14.08,498300
CVCO,20140429,78.4,78.4,76.93,77.67,20400
CVCY,20140429,11.75,11.79,11.71,11.78,1300
CVGI,20140429,9.39,9.41,9.13,9.3,112400
CVGW,20140429,31.84,31.84,31.02,31.16,44000
CVLT,20140429,46.26,46.8,45.34,46.55,1327900
CVLY,20140429,21.65,21.65,21.65,21.65,1100
CVTI,20140429,9.97,10.12,9.92,9.93,26600
CVV,20140429,13.84,14,13.84,13.95,11500
CWAY,20140429,10.23,10.28,10.23,10.23,2800
CWBC,20140429,6.81,6.97,6.68,6.97,6200
CWCO,20140429,11.76,11.76,11.51,11.63,71800
CWST,20140429,4.96,5.04,4.96,4.99,127000
CXDC,20140429,7.14,7.27,7.03,7.25,188600
CY,20140429,9.75,9.78,9.53,9.58,1637600
CYAN,20140429,4.9,4.98,4.89,4.98,13200
CYBE,20140429,7.85,7.9,7.68,7.68,16200
CYCC,20140429,39.36,41.04,39.36,40.32,72200
CYCCP,20140429,9.7,9.7,9.51,9.51,700
CYHHZ,20140429,0.06,0.07,0.06,0.06,573000
CYNO,20140429,24.78,24.9,24.61,24.71,122900
CYOU,20140429,27.96,28.45,26.66,27.66,255200
CYRN,20140429,3.1,3.14,2.88,2.98,67100
CYTK,20140429,4.57,4.71,4.31,4.54,2504200
CYTR,20140429,3.04,3.19,2.96,3.14,1002300
CYTX,20140429,34.95,35.55,33.75,33.9,294500
CYTXW,20140429,0.7,0.7,0.7,0.7,500
CZFC,20140429,10.43,10.43,10.43,10.43,0
CZNC,20140429,18.96,19.05,18.6,18.66,17500
CZR,20140429,17.59,18.15,17.4,18.03,858300
CZWI,20140429,8,8.05,7.91,8.05,5100
DAIO,20140429,2.67,2.69,2.6,2.69,5500
DAKT,20140429,12.99,13.16,12.87,12.97,140100
DAVE,20140429,25.29,26.14,24.8,26.03,119200
DCIX,20140429,30.16,30.56,29.76,29.92,216700
DCOM,20140429,16.44,16.44,16.13,16.21,213600
DCTH,20140429,3.69,3.75,3.6,3.7,100100
DENN,20140429,6.3,6.68,6.25,6.65,592100
DEPO,20140429,13.91,13.94,13.42,13.47,499400
DEST,20140429,24.83,25.14,24.34,24.43,64500
DFRG,20140429,26.12,27.71,25.43,26.86,1149300
DFVS,20140429,40.28,40.28,40.09,40.18,4900
DGAS,20140429,19.44,19.64,19.14,19.18,16000
DGICA,20140429,14.85,14.9,14.53,14.68,15600
DGICB,20140429,25.3,25.3,25.3,25.3,0
DGII,20140429,8.73,8.9,8.53,8.8,131100
DGLD,20140429,63.82,64.14,63.74,64.1,2600
DGLY,20140429,4.79,5.42,4.71,4.82,22100
DGRE,20140429,25.4,25.41,25.4,25.4,1000
DGRS,20140429,27.75,27.75,27.72,27.74,2000
DGRW,20140429,28.18,28.22,28.15,28.15,21600
DHIL,20140429,118.41,119.19,118.1,118.85,3500
DHRM,20140429,5.72,5.78,5.42,5.59,82200
DIOD,20140429,26.79,26.79,26.12,26.24,196400
DISCA,20140429,75.83,76.17,75.21,75.7,1586800
DISCB,20140429,75.75,76.15,75.75,76.15,800
DISCK,20140429,35.1,35.16,34.9,34.975,794400
DISH,20140429,56.46,56.66,55.84,56.38,2278100
DJCO,20140429,176.01,176.01,175.01,175.01,1000
DLBS,20140429,31.3,31.33,31,31.01,6900
DLHC,20140429,1.9,1.9,1.85,1.9,15800
DLTR,20140429,51.97,52.24,51.25,51.51,1185600
DMLP,20140429,27.23,27.23,26.95,27.1,27200
DMRC,20140429,33.44,34.31,32.64,34.1,40000
DNBF,20140429,19.75,20,19.75,20,1300
DNKN,20140429,45.75,46.28,45.52,45.79,914000
DORM,20140429,59.79,59.99,55.64,57.1,1003800
DOX,20140429,45.28,46.01,45.24,45.9,664700
DPRX,20140429,9.72,10,9.23,9.44,43200
DRAD,20140429,3.32,3.32,3.17,3.19,18800
DRAM,20140429,8.4,8.58,7.95,8.1,24900
DRNA,20140429,17.69,18.46,17.08,18.25,109100
DRRX,20140429,1.32,1.32,1.3,1.3,63900
DRWI,20140429,31.75,35.75,31.25,35,274100
DRYS,20140429,4380,4485,4290,4350,6191400
DSCI,20140429,9.57,10.03,9.5,9.99,561600
DSGX,20140429,13.75,13.89,13.58,13.66,19100
DSLV,20140429,49.25,49.25,48.45,48.7,22500
DSPG,20140429,8.39,8.45,8.12,8.14,67800
DSWL,20140429,2.09,2.09,2.08,2.08,11300
DTLK,20140429,12.96,13.17,12.65,12.78,94700
DTSI,20140429,18.84,18.84,18.4,18.51,57800
DTUS,20140429,38.27,38.27,38.22,38.22,200
DTYS,20140429,29.5,29.52,29.2,29.2,5400
DVAX,20140429,15.2,16.3,15.1,15.7,2232000
DVCR,20140429,6.78,6.9,6.54,6.74,5900
DWCH,20140429,12.86,13.06,12.48,12.52,136300
DWSN,20140429,28.56,28.56,27.77,28,29100
DXCM,20140429,32.66,33.95,32.3,32.46,804800
DXGE,20140429,26.96,26.96,26.88,26.93,9600
DXJS,20140429,28.6,28.71,28.6,28.65,13400
DXKW,20140429,22.97,23.1,22.91,22.92,26500
DXLG,20140429,5.34,5.35,5.26,5.3,103600
DXPE,20140429,108.21,110.32,107.83,110,97500
DXPS,20140429,26.19,26.64,26.19,26.26,800
DXYN,20140429,15.18,15.69,15.18,15.61,42100
DYNT,20140429,2.91,2.96,2.91,2.96,2700
DYSL,20140429,1.48,1.49,1.41,1.48,56200
EA,20140429,28.22,28.25,27.76,28.06,2756000
EAC,20140429,16.28,16.33,15.81,15.98,12800
EAGL,20140429,9.74,9.74,9.74,9.74,0
EAGLU,20140429,10.35,10.35,10.35,10.35,0
EBAY,20140429,22.6989,23.0147,22.48,22.9642,13908800
EBIO,20140429,13.91,13.96,13.31,13.75,25600
EBIX,20140429,15.8,15.98,15.68,15.74,267000
EBMT,20140429,10.95,10.95,10.86,10.91,4600
EBSB,20140429,10.1471,10.2982,10.0286,10.1471,26100
EBTC,20140429,18.71,19.07,18.3,18.51,13600
ECHO,20140429,19.57,19.85,19.14,19.4,148600
ECOL,20140429,43.7,44.31,43.23,43.55,122700
ECPG,20140429,43.46,43.85,42.93,42.96,243800
ECYT,20140429,17.92,18.38,17.35,18.3,872200
EDAP,20140429,3.18,3.18,3.06,3.17,43800
EDGW,20140429,7.52,7.52,7,7.05,46000
EDUC,20140429,3.8,3.89,3.8,3.88,5400
EEFT,20140429,43.92,44.43,43.53,44.1,421000
EEI,20140429,9.64,9.76,9.55,9.55,4100
EEMA,20140429,56.43,56.89,56.43,56.58,1700
EFII,20140429,37.76,38.25,37.11,37.13,245400
EFSC,20140429,18.39,18.48,17.82,17.92,30900
EFUT,20140429,4.83,4.83,4.61,4.65,4100
EGAN,20140429,6.42,6.46,6.29,6.38,80100
EGBN,20140429,34.22,34.23,33.14,33.3,48800
EGHT,20140429,9.91,9.94,9.71,9.82,576100
EGLE,20140429,1076.4,1108.8,1065.6,1080,285600
EGLT,20140429,11.85,11.94,11.13,11.28,33100
EGOV,20140429,18.2,18.49,17.89,18.3,248000
EGRX,20140429,9.7,9.98,9.25,9.88,143100
EGT,20140429,0.85,0.88,0.84,0.88,7800
EHTH,20140429,41.42,42.05,40.66,41.46,260300
EIGI,20140429,12.5,12.96,12.24,12.69,314800
ELGX,20140429,12.38,12.55,12.26,12.45,371500
ELNK,20140429,3.41,3.41,3.29,3.33,1287300
ELON,20140429,26.2,26.4,25.7,25.8,121500
ELOS,20140429,10.58,10.78,10.3,10.37,181000
ELSE,20140429,3.93,3.97,3.93,3.97,13800
ELTK,20140429,1.7,1.7,1.65,1.65,37400
EMCB,20140429,74.75,74.91,74.75,74.85,38700
EMCF,20140429,25.45,25.45,25.02,25.02,900
EMCG,20140429,24.56,24.56,24.56,24.56,1000
EMCI,20140429,22.6533,22.6533,21.76,22,10800
EMIF,20140429,34.01,34.16,34.01,34.12,1800
EMITF,20140429,12.6,13.2,12.6,13.2,296000
EMKR,20140429,4.79,4.87,4.75,4.84,48700
EML,20140429,17.56,17.56,17.07,17.07,500
EMMS,20140429,13.04,13.04,12.76,12.8,117200
ENDP,20140429,60.85,63.6,60.57,63.25,3607500
ENG,20140429,2.1,2.1,2.02,2.1,30600
ENOC,20140429,21.97,23.7,21.81,23.22,503300
ENPH,20140429,7.38,7.47,7.23,7.32,159200
ENSG,20140429,21.74,21.945,21.15,21.185,103700
ENT,20140429,11.26,11.26,10.42,10.69,2256700
ENTA,20140429,35.75,36.88,35.21,36.35,83200
ENTG,20140429,11.58,11.61,11.17,11.22,450600
ENZY,20140429,19.25,19.85,19.2,19.57,46200
EPAY,20140429,30.96,31.27,30.95,31.08,178000
EPZM,20140429,21.25,21.77,20.3,21.49,194600
EQIX,20140429,181,185.49,180.93,185.38,1309400
ERIC,20140429,12.03,12.08,11.98,12.05,4494300
ERIE,20140429,71.67,71.97,71.15,71.46,56600
ERII,20140429,4.98,5,4.81,4.96,290500
ERS,20140429,4.15,4.25,4.14,4.15,6800
ESBK,20140429,24.09,24.09,23.5,23.54,900
ESCA,20140429,14.49,14.92,14.46,14.55,18300
ESEA,20140429,1.2,1.21,1.18,1.18,38100
ESGR,20140429,130.54,130.54,129.01,129.8,12800
ESIO,20140429,8.75,8.76,8.55,8.56,50700
ESLT,20140429,59.5,59.55,59.03,59.54,7400
ESMC,20140429,1.57,1.59,1.55,1.59,1900
ESPR,20140429,13.86,14.08,13.53,13.72,35600
ESRX,20140429,70.77,71.61,70.3,71.01,6213700
ESSA,20140429,10.5,10.55,10.4,10.45,15600
ESXB,20140429,4.3,4.3,4.13,4.15,33900
ETFC,20140429,21.96,22.08,21.74,22,3755700
ETRM,20140429,27,27.15,25.35,25.35,719700
EUFN,20140429,25.71,25.9,25.71,25.86,56700
EVAR,20140429,10.01,10.19,9.93,10,58600
EVBS,20140429,6.75,6.75,6.75,6.75,0
EVEP,20140429,37,37.47,36.01,36.85,338700
EVK,20140429,7.33,7.69,7.21,7.44,43500
EVOK,20140429,9.28,9.61,9.11,9.58,39800
EVOL,20140429,8.77,8.77,8.58,8.63,11100
EWBC,20140429,34.73,34.92,34.34,34.6,715200
EXA,20140429,10.63,10.88,10.49,10.85,24600
EXAC,20140429,22.63,22.97,22.55,22.55,15200
EXAS,20140429,12.15,12.34,11.87,11.96,2175200
EXEL,20140429,3.37,3.42,3.32,3.38,3644200
EXFO,20140429,4.61,4.61,4.49,4.54,45700
EXLS,20140429,28.61,28.61,28,28.05,149100
EXPD,20140429,40.71,41,40.44,40.63,1858600
EXPE,20140429,69.01,70.84,68.46,70.59,2603800
EXPO,20140429,35.005,35.235,34.535,34.575,35500
EXTR,20140429,5.56,5.57,5.42,5.5,1326100
EZPW,20140429,11.11,11.22,11,11.08,376500
FALC,20140429,1.51,1.62,1.51,1.57,109500
FANG,20140429,71.52,73.01,71.08,72.22,836800
FARM,20140429,20.31,20.47,20.03,20.15,18700
FARO,20140429,48.55,48.91,46.9,47.23,90000
FAST,20140429,49.75,49.95,49.25,49.43,1161500
FATE,20140429,7.05,7.33,6.95,7.24,75500
FB,20140429,56.09,58.28,55.84,58.15,75557200
FBIZ,20140429,43.61,44.99,43.5,44.54,14900
FBMS,20140429,14.42,14.49,14.42,14.49,3700
FBNC,20140429,17.38,17.59,17.15,17.26,30600
FBNK,20140429,15.8,15.93,15.7,15.78,30800
FBRC,20140429,25.24,25.76,24.85,25.05,60300
FBSS,20140429,15.09,15.09,15.09,15.09,200
FCAP,20140429,21.14,21.14,21.14,21.14,200
FCBC,20140429,14.81,15.07,14.73,14.8,37800
FCCO,20140429,10.87,11.11,10.82,10.89,8700
FCCY,20140429,10.4,10.77,10.38,10.75,6000
FCEL,20140429,26.64,26.64,24.48,26.16,11677200
FCNCA,20140429,228.17,229.25,226.74,227.42,6700
FDEF,20140429,27.51,27.6,27.04,27.14,16400
FDML,20140429,17.03,17.2,16.76,16.91,144600
FDUS,20140429,18.44,18.5,18.03,18.03,78000
FEIM,20140429,10.67,10.77,10.5,10.63,7200
FELE,20140429,40.15,40.39,39.05,39.98,185000
FES,20140429,4.07,4.21,4.05,4.08,10300
FEYE,20140429,38.15,40.61,38.05,38.83,4990700
FFBC,20140429,16.55,16.66,16.28,16.28,191200
FFBCW,20140429,5.43,5.43,5.22,5.22,4200
FFHL,20140429,1.45,1.51,1.41,1.44,7600
FFIC,20140429,19.5,19.59,18.97,19.13,51000
FFIN,20140429,29.875,30,29.22,29.3,93500
FFIV,20140429,102.97,105.74,102.08,105.27,1873300
FFKT,20140429,20.67,21.15,20.23,20.61,29200
FFNW,20140429,10.4,10.47,10.36,10.36,47100
FHCO,20140429,7.56,7.59,7.45,7.47,53000
FIBK,20140429,25.58,25.63,24.89,24.93,85100
FINL,20140429,26.95,27.38,26.67,27.05,539100
FISI,20140429,23.65,23.73,23.18,23.28,26200
FISV,20140429,57.17,57.63,56.96,57.5,1699300
FITB,20140429,20.53,20.72,20.42,20.48,11928900
FITBI,20140429,26.59,26.59,26.49,26.52,275500
FIVE,20140429,39.61,40.27,39.06,40.03,700200
FIVN,20140429,6.79,7.16,6.75,6.98,531700
FIZZ,20140429,19.52,19.75,19.13,19.25,9100
FLAT,20140429,57.18,57.31,57.11,57.29,700
FLDM,20140429,35.53,37.3,35.01,36.93,301700
FLEX,20140429,9,9.09,8.86,8.93,6533600
FLIC,20140429,24.22,24.7267,24.22,24.5733,24200
FLIR,20140429,34.13,34.13,33.59,33.86,977100
FLL,20140429,2,2.02,1.96,2,20000
FLML,20140429,11.2,12.39,11.13,11.91,540000
FLWS,20140429,5.18,5.5,4.97,5.46,704200
FLXN,20140429,12.81,13.81,12.51,12.6,26500
FLXS,20140429,34.93,36.16,34.02,34.37,25600
FMBI,20140429,16.67,18.19,16.33,16.34,403900
FMI,20140429,28.3,28.84,27.79,28.35,142400
FMNB,20140429,7.55,7.58,7.49,7.57,11100
FNGN,20140429,43.46,45.25,42.13,44.07,601200
FNHC,20140429,20,20,19.54,19.92,80200
FNLC,20140429,16.09,16.2,16.05,16.06,26100
FNSR,20140429,26.42,27.09,26.04,26.87,2884200
FOLD,20140429,2.33,2.5,2.18,2.22,5421200
FONE,20140429,35.25,35.25,35.25,35.25,100
FONR,20140429,15.31,15.79,15.19,15.65,91700
FORD,20140429,1.7,1.7,1.64,1.69,5600
FORM,20140429,5.85,5.92,5.68,5.7,162800
FORR,20140429,35.03,35.26,34.3,34.9,40400
FORTY,20140429,30.3,30.3,30.12,30.12,900
FOSL,20140429,106.37,107.96,106.2,106.8,482400
FOX,20140429,31.3,31.34,30.89,31.29,4518800
FOXA,20140429,32.01,32.08,31.59,32.01,10361000
FOXF,20140429,17.27,17.4,17.02,17.23,55400
FPRX,20140429,13.82,14.8,13.82,14.33,135100
FRAN,20140429,16.18,16.76,16.1,16.43,783800
FRBA,20140429,6.67,6.74,6.4,6.41,5200
FRBK,20140429,4.2,4.49,4.16,4.37,78200
FRED,20140429,18.36,18.63,17.75,18.2,92100
FRGI,20140429,37.08,37.47,36.33,36.66,306500
FRME,20140429,21.61,21.71,21.11,21.17,73800
FRP,20140429,13.73,13.9,13.58,13.61,38100
FSBK,20140429,8.13,8.2,8.05,8.15,5100
FSBW,20140429,15.5,16.4,15.5,16.4,4100
FSC,20140429,9.37,9.41,9.34,9.36,931200
FSCFL,20140429,24.48,24.48,23.95,24.16,16500
FSFG,20140429,24.25,24.25,24.01,24.01,1500
FSFR,20140429,14.34,14.5,14.21,14.21,30000
FSLR,20140429,66.48,66.83,64.6,66.28,2449200
FSTR,20140429,47.66,47.93,46.86,47.12,21000
FTCS,20140429,34.13,34.17,34.05,34.16,5500
FTD,20140429,30.55,30.72,29.8,30.46,178000
FTEK,20140429,5.51,6.2,5.35,5.94,932500
FTGC,20140429,34.59,34.96,34.48,34.48,13200
FTHI,20140429,20.12,20.22,20.11,20.14,1800
FTLB,20140429,20,20,20,20,0
FTNT,20140429,21.36,21.87,21,21.6,2200800
FTR,20140429,5.8,5.89,5.78,5.85,21773800
FTSL,20140429,49.4,49.4,49.26,49.37,46700
FUEL,20140429,31.78,32.06,30.22,31.54,716100
FULLL,20140429,26.32,26.32,26.32,26.32,200
FULT,20140429,12.35,12.46,12.17,12.2,955800
FUNC,20140429,8.25,8.27,8.2,8.27,12900
FUND,20140429,8.07,8.08,8.04,8.05,23100
FV,20140429,18.17,18.23,17.99,18.21,279000
FWRD,20140429,45,45.04,43.95,44.07,107600
GABC,20140429,26.95,26.95,26.2,26.26,21100
GAIA,20140429,7.36,7.55,7.18,7.42,71000
GAIN,20140429,7.79,7.85,7.75,7.77,117900
GALE,20140429,48,50.2,47,49.6,3423500
GALT,20140429,11.23,11.65,11.03,11.32,174800
GALTW,20140429,7.61,7.61,7.61,7.61,0
GARS,20140429,14.14,14.23,14.12,14.14,19800
GASS,20140429,11.04,11.12,10.94,10.96,48000
GBCI,20140429,25.96,26.18,25.48,25.54,250100
GBDC,20140429,17.1,17.12,16.82,16.86,203200
GBLI,20140429,26.87,26.99,26.57,26.81,15400
GBNK,20140429,13.2,13.29,12.76,12.76,14600
GCBC,20140429,12.875,13.345,12.875,13.345,400
GCVRZ,20140429,0.45,0.45,0.37,0.4,4033200
GENC,20140429,7.1667,7.1667,6.9467,6.9467,6700
GENE,20140429,6.75,6.95,6.6,6.8,29700
GEOS,20140429,59.86,60.12,57.84,58.05,187300
GERN,20140429,1.94,1.95,1.86,1.95,1969200
GEVO,20140429,16.65,16.65,15.45,15.45,564000
GFED,20140429,12.42,12.51,12.41,12.51,600
GFN,20140429,8.75,9.05,8.75,8.9,23900
GFNCP,20140429,106.5,106.5,106.5,106.5,200
GGAL,20140429,13.11,13.6,13,13.22,305600
GHDX,20140429,25.5,26.12,25.2,25.68,127300
GIFI,20140429,20.98,20.98,19.9,20.01,27200
GIGA,20140429,1.24,1.29,1.19,1.27,35500
GIGM,20140429,5.35,6.15,5,5.95,1129400
GIII,20140429,37.175,37.255,36.225,36.295,107500
GILD,20140429,74.67,76.38,74,76.24,15866400
GILT,20140429,4.8,4.81,4.75,4.8,11300
GK,20140429,55.05,57.29,54.57,55.02,113500
GLAD,20140429,9.76,9.81,9.6,9.68,154000
GLBS,20140429,15.16,15.8,14.96,15.64,20900
GLBZ,20140429,12.98,12.98,12.98,12.98,0
GLDD,20140429,8.65,8.67,8.52,8.56,130900
GLDI,20140429,13.98,14,13.95,13.98,28800
GLMD,20140429,8.65,8.8,8.07,8.14,26500
GLNG,20140429,43.64,45.32,43.42,44.7,1485000
GLPI,20140429,36.27,36.82,36.27,36.67,393200
GLRE,20140429,32.04,32.3,31.72,31.79,99000
GLUU,20140429,3.96,4,3.84,3.9,2476800
GLYC,20140429,13.19,13.35,12.83,13.05,32100
GMAN,20140429,4.63,4.76,4.55,4.55,63700
GMLP,20140429,30.7,31.34,30.7,31.24,108000
GNCA,20140429,19.12,19.59,18,18.99,119300
GNCMA,20140429,10.4,10.47,10.3,10.36,80600
GNMA,20140429,49,49.1,49,49.1,300
GNMK,20140429,8.75,8.85,8.7,8.76,157900
GNTX,20140429,14.41,14.505,14.275,14.325,577000
GNVC,20140429,2.42,2.46,2.4,2.41,20800
GOGO,20140429,15.39,15.46,12.85,13.12,19363900
GOLD,20140429,78.8,81.63,78.8,80.99,683400
GOOD,20140429,17.7,17.7,17.51,17.57,53500
GOODO,20140429,25.4,25.4,25.4,25.4,0
GOODP,20140429,25.39,25.39,25.29,25.37,1900
GOOG,20140429,516.91,529.46,516.32,527.7,2692400
GOOGL,20140429,523.89,537.76,523,536.33,2535900
GPIC,20140429,7.91,8.91,7.91,8.47,5800
GPOR,20140429,72.63,74.04,71.05,72.02,1053100
GPRE,20140429,28.64,29.06,28.07,28.51,1030100
GRFS,20140429,20.24,20.865,20.175,20.65,609000
GRID,20140429,38.59,38.59,38.59,38.59,0
GRIF,20140429,29.57,29.7,29.15,29.39,10100
GRMN,20140429,54.94,55.6,54.82,55.09,1880900
GROW,20140429,3.48,3.49,3.33,3.49,8600
GRPN,20140429,7,7.24,6.88,7.09,12932800
GRVY,20140429,7.52,7.52,7.36,7.52,34100
GSBC,20140429,28.7,28.7,28.02,28.02,16000
GSIT,20140429,6.46,6.46,6.17,6.19,47600
GSM,20140429,18.77,19.43,18.76,19.25,226900
GSOL,20140429,8.09,8.15,8,8.01,58300
GSVC,20140429,8.88,9.05,8.81,8.97,278700
GT,20140429,25.3,26.36,24.75,25.11,15544500
GTIM,20140429,3.42,3.55,3.4,3.44,75700
GTLS,20140429,68.95,72.68,64.05,70.72,2723900
GTWN,20140429,15,15,15,15,2700
GTXI,20140429,1.37,1.56,1.37,1.51,1487100
GUID,20140429,9.14,9.41,9.07,9.13,37400
GULF,20140429,23.44,23.67,23.26,23.38,36800
GURE,20140429,1.9,1.92,1.78,1.87,238800
GWPH,20140429,63.97,69.39,62.24,67.77,2107000
GYRO,20140429,5.67,5.67,5.51,5.51,10000
HA,20140429,14.39,14.46,14.11,14.37,754500
HAFC,20140429,21.09,21.17,20.65,20.77,178300
HAIN,20140429,42.24,43,41.835,41.965,587300
HALL,20140429,8.45,8.5,8.41,8.48,40100
HALO,20140429,7.28,7.53,7.13,7.41,1413500
HAS,20140429,55.34,55.5,54.95,55.18,875200
HAWK,20140429,23.21,24.08,23.18,23.91,624000
HAYN,20140429,52.7,53.25,52.28,52.63,30700
HBAN,20140429,9.14,9.16,8.99,9.05,22319800
HBANP,20140429,1284,1284.02,1284,1284,100
HBCP,20140429,20.13,20.66,20.05,20.21,14900
HBHC,20140429,34.03,34.12,33.52,33.61,357500
HBIO,20140429,4.48,4.48,4.26,4.28,67700
HBK,20140429,14.19,14.19,14.03,14.14,1000
HBMD,20140429,11.3,11.3,11.3,11.3,0
HBNC,20140429,13.4867,13.7467,13.3267,13.34,12400
HBP,20140429,4.33,4.41,4.31,4.41,5200
HCAC,20140429,9.65,9.65,9.5,9.55,600
HCACU,20140429,10.05,10.08,10.04,10.08,1600
HCACW,20140429,0.6,0.6,0.6,0.6,0
HCAP,20140429,14.6,14.6,14.42,14.42,10800
HCCI,20140429,15.97,16.48,15.92,16.15,17600
HCKT,20140429,5.95,6.05,5.88,5.94,44000
HCOM,20140429,26.74,26.9,26.46,26.51,9500
HCSG,20140429,29.48,29.51,29.08,29.13,279500
HDNG,20140429,13.67,13.67,13.07,13.07,32900
HDS,20140429,26.3,26.76,25.89,26.71,1503000
HDSN,20140429,3.25,3.25,3.24,3.25,25200
HEAR,20140429,8.65,9.24,8.6,9.17,248800
HEES,20140429,38.59,38.95,37.8,37.94,183200
HELE,20140429,62,62.73,60.82,61.18,406200
HEOP,20140429,7.5,7.59,7.25,7.37,41900
HFBC,20140429,11.26,11.44,11.26,11.44,17800
HFBL,20140429,18.45,18.45,18.45,18.45,4500
HFWA,20140429,17.77,17.77,15.89,16.17,64100
HGSH,20140429,5.4,5.42,5.12,5.42,3900
HIBB,20140429,53.72,54.15,53.28,53.68,167100
HIFS,20140429,69.56,69.95,69.5,69.9,1800
HIHO,20140429,2.62,2.67,2.55,2.62,11200
HIIQ,20140429,9.8,9.81,9.33,9.38,38300
HIMX,20140429,8.36,8.95,8.36,8.69,5515200
HLIT,20140429,7.14,7.2,6.98,7,668400
HMHC,20140429,20.4,20.85,20.3,20.66,79300
HMNF,20140429,11.03,11.4,11.02,11.14,15100
HMNY,20140429,3.95,3.95,3.64,3.71,800
HMST,20140429,18.28,18.6,17.81,17.9,46900
HMSY,20140429,16.23,16.47,16.11,16.16,687900
HMTV,20140429,12.23,12.23,11.68,12.05,21700
HNH,20140429,22.93,23.07,22.28,22.67,20500
HNNA,20140429,12.73,12.73,12.5,12.5,5700
HNRG,20140429,9.17,9.2,9.06,9.09,46200
HOFT,20140429,13.88,14.01,13.67,13.73,24300
HOLI,20140429,22.07,22.08,21.2,21.42,274400
HOLX,20140429,20.7,21.15,20.55,20.97,2498300
HOMB,20140429,16.31,16.395,15.87,15.87,111400
HOTR,20140429,2.9,2.93,2.84,2.86,2900
HOTRW,20140429,0.45,0.45,0.45,0.45,0
HOVNP,20140429,13.9,13.95,13.74,13.94,11100
HPJ,20140429,4.78,4.91,4.7,4.81,124800
HRTX,20140429,12.26,12.33,11.66,11.91,60700
HRZN,20140429,13.01,13.16,12.97,13.02,85200
HSIC,20140429,113.99,114.49,113.57,113.8,268000
HSII,20140429,18.8,19.56,18.8,19.06,119900
HSKA,20140429,11.78,11.9,11.01,11.53,21500
HSNI,20140429,57.74,57.82,56.95,57.11,172300
HSON,20140429,3.6,3.64,3.5,3.55,25800
HSTM,20140429,21.7,22.79,21.45,22.47,290300
HTBI,20140429,15.6,15.6,15.3,15.3,36800
HTBK,20140429,8.3,8.4,8.14,8.16,75000
HTBX,20140429,5.26,5.43,5.05,5.43,3900
HTHT,20140429,22.13,22.38,22.1,22.17,65800
HTLD,20140429,21.85,21.98,21.53,21.72,285800
HTLF,20140429,24.39,25.5,24.35,24.35,41300
HUBG,20140429,44.86,44.89,44.18,44.66,464400
HURC,20140429,26.95,27.1,26.72,26.73,9700
HURN,20140429,62.82,63,62.21,62.57,243700
HWAY,20140429,18.21,18.66,17.91,18.37,339000
HWBK,20140429,13.17,13.7,13.17,13.7,1800
HWCC,20140429,12.54,12.54,12.16,12.42,69800
HWKN,20140429,36.82,36.88,35.89,36.07,14200
HYGS,20140429,21.16,22,20,21.15,74500
HYLS,20140429,52.14,52.16,52.05,52.16,13100
HYND,20140429,23.92,24.28,23.92,24.22,800
HYZD,20140429,25.17,25.17,25.16,25.16,900
HZNP,20140429,13.48,14.35,13.41,14,1318700
IART,20140429,44.91,45.5,43.77,44.84,123000
IBB,20140429,225.37,230.24,222.84,229.09,2098100
IBCP,20140429,13.03,13.03,12.59,12.71,52900
IBKC,20140429,63.47,66.81,62.75,62.91,146200
IBKR,20140429,23.83,24.03,22.52,23.67,298800
IBOC,20140429,23.09,23.21,22.5,22.59,155000
IBTX,20140429,53.63,54.14,49.79,50.31,83800
ICAD,20140429,8.33,8.7,8.17,8.6,87800
ICCC,20140429,4.4,4.55,4.13,4.25,6800
ICFI,20140429,39.29,39.64,38.53,38.69,51900
ICLN,20140429,10.63,10.7,10.6,10.65,13200
ICLR,20140429,38.89,39.84,38.57,38.7,1659700
ICON,20140429,39.87,40,39.65,39.82,744400
ICPT,20140429,262.35,274.94,260,269.81,274100
ICUI,20140429,56.21,56.74,55.53,55.61,70900
IDCC,20140429,34.83,34.83,34.18,34.52,279700
IDRA,20140429,2.73,2.98,2.68,2.9,1647100
IDSA,20140429,4.85,4.89,4.73,4.8,1800
IDSY,20140429,5.65,5.74,5.57,5.65,7200
IDTI,20140429,11.48,11.61,11.26,11.51,1253300
IDXX,20140429,62.105,63.365,62.105,63.255,401400
IEP,20140429,101.46,101.54,100.02,100.94,146700
IESC,20140429,6.3,6.35,6.3,6.35,2600
IFEU,20140429,37.2,37.59,37.2,37.59,6300
IFGL,20140429,30.83,30.96,30.83,30.88,77500
IFON,20140429,2.29,2.35,2.16,2.23,278800
IGLD,20140429,9.09,9.18,8.98,9.18,7500
IGOV,20140429,104,104.06,103.81,103.82,39500
III,20140429,4.93,4.95,4.72,4.79,102300
IIIN,20140429,20.72,20.72,20.44,20.51,173300
IIJI,20140429,11.58,11.6,11.52,11.52,8200
IIN,20140429,6.45,6.75,6.45,6.68,24800
IIVI,20140429,14.65,14.67,14.21,14.32,240000
IKGH,20140429,3,3.07,2.95,3.03,65500
IKNX,20140429,25.25,26.5,25.22,26.07,18700
ILMN,20140429,132.57,134.79,128.38,134.12,2602600
IMGN,20140429,12.45,13.1,12.11,12.99,1508200
IMI,20140429,2.53,2.68,2.52,2.64,859600
IMKTA,20140429,23.46,23.57,23.18,23.19,36700
IMMR,20140429,10.55,10.82,10.23,10.26,222700
IMMU,20140429,4,4.19,3.92,4.07,491500
IMMY,20140429,7.41,7.5,7.1,7.21,36600
IMOS,20140429,21.02,21.71,20.95,21.19,170600
INAP,20140429,6.7,6.83,6.53,6.67,252800
INBK,20140429,20.61,22.25,20.61,22.19,7000
INCY,20140429,45.98,49.34,45.17,48.61,1944500
INDB,20140429,37.08,37.88,36.87,36.96,41600
INDY,20140429,25.52,25.8,25.52,25.66,205100
INFI,20140429,9.18,9.9,9.07,9.69,491100
INFN,20140429,9,9.05,8.72,8.93,3526000
INGN,20140429,14.33,14.44,13.89,14.04,34000
ININ,20140429,63.95,64.49,63.23,63.72,131500
INOD,20140429,2.93,2.99,2.86,2.96,26100
INSM,20140429,12.75,13.95,12.64,13.79,662100
INSY,20140429,19.95,20.535,19.47,20.315,212400
INTC,20140429,26.36,26.66,26.35,26.48,22146000
INTG,20140429,18.02,18.02,18.02,18.02,0
INTL,20140429,19.19,19.22,18.73,18.88,20900
INTU,20140429,75.15,75.82,74.85,75.4,1823600
INTX,20140429,5.7,5.74,5.62,5.65,57400
INVE,20140429,8.9,8.9,8,8.2,252700
INWK,20140429,7.3,7.37,7.18,7.28,100000
IOSP,20140429,43.75,43.99,42.86,42.95,54500
IPAR,20140429,35.57,36.22,35.46,36.09,95200
IPAS,20140429,1.64,1.65,1.61,1.62,134300
IPCC,20140429,63.66,63.66,62.91,63.36,25200
IPCI,20140429,3.9,4.71,3.83,4.62,617500
IPDN,20140429,26.48,27.84,26.48,27.84,2400
IPGP,20140429,66.2,67.26,61.28,64.35,1342000
IPHS,20140429,50.96,58.4,50.96,56.28,513600
IPKW,20140429,25,25.2,25,25.15,3900
IPWR,20140429,8.17,8.38,8.12,8.38,5000
IPXL,20140429,26.23,26.41,25.86,26.31,589800
IQNT,20140429,13.84,13.92,13.38,13.47,353900
IRBT,20140429,33.77,34.15,32.94,33.43,913300
IRDM,20140429,6.69,6.8,6.63,6.65,500500
IRG,20140429,14.1,14.22,13.6,13.86,75500
IRIX,20140429,8.28,8.56,7.64,8.07,46200
IROQ,20140429,16,16,16,16,0
IRWD,20140429,10.23,11.98,10.23,11.31,3613100
ISBC,20140429,10.5176,10.5294,10.4275,10.4549,771900
ISCA,20140429,31.58,31.81,31.28,31.43,103600
ISHG,20140429,96.1,96.11,96.02,96.1,2400
ISIG,20140429,2.96,3,2.94,2.97,15500
ISIL,20140429,12.28,12.31,12.04,12.16,683600
ISLE,20140429,6.77,6.83,6.61,6.68,50100
ISM,20140429,24.43,24.43,24.26,24.36,3900
ISNS,20140429,4.72,4.81,4.71,4.71,3300
ISRG,20140429,372.39,377,353.38,361.59,608400
ISRL,20140429,136.85,136.85,132.23,132.42,900
ISSC,20140429,6.76,6.92,6.58,6.64,63000
ITCI,20140429,17.03,17.26,16.27,16.54,81300
ITIC,20140429,71.41,71.69,70.95,70.95,3100
ITRI,20140429,38.33,38.48,37.7,37.76,415500
ITRN,20140429,24.2,24.28,23.9,24.02,10600
IVAC,20140429,8.17,8.4,7.67,7.87,92900
IXYS,20140429,10.66,10.69,10.41,10.45,83600
JACK,20140429,53.48,53.8,52.88,52.94,339400
JAKK,20140429,8.94,9.02,8.7,8.82,240900
JASO,20140429,9.71,9.82,9.6,9.7,2668000
JAZZ,20140429,135.92,137.7,132.55,134.79,733800
JBHT,20140429,75.71,76.11,75.07,75.49,1157300
JBLU,20140429,7.65,7.86,7.64,7.77,11966700
JBSS,20140429,22.82,23.42,22.67,23.01,28200
JCOM,20140429,46.88,47.19,46.08,46.36,379100
JCS,20140429,12.15,12.32,11.97,12.15,3700
JCTCF,20140429,10.78,10.78,10.7,10.7,1400
JIVE,20140429,7.19,7.3,7.07,7.19,525000
JJSF,20140429,98.79,99.49,94.59,96.19,213200
JKHY,20140429,54.85,55.47,54.15,54.39,332900
JMBA,20140429,11.18,11.18,10.9,11.02,147500
JOBS,20140429,31.625,32.495,31.625,32.435,62000
JOUT,20140429,21.52,21.81,21.2,21.23,10600
JRJC,20140429,3.68,3.69,3.46,3.66,186600
JSM,20140429,22.2,22.44,22.19,22.3,25900
JTPY,20140429,2.22,2.22,2.11,2.11,700
JVA,20140429,7.22,7.4,7.15,7.28,119700
JXSB,20140429,20.43,21.94,20.43,21.94,200
KALU,20140429,70.53,71.45,70.32,70.62,211100
KANG,20140429,13.77,13.94,13.55,13.64,432400
KCAP,20140429,7.98,8.07,7.9,7.97,241000
KELYA,20140429,20.92,21.08,20.68,20.81,109700
KEQU,20140429,16.74,17,16.45,16.82,7600
KERX,20140429,14.2,14.6,14.1,14.35,1897600
KEYW,20140429,12.98,13.07,12.69,12.89,228900
KFFB,20140429,8.73,8.73,8.73,8.73,0
KFRC,20140429,21.02,21.5,20.85,21.03,157400
KGJI,20140429,1.13,1.18,1.12,1.16,194100
KIN,20140429,15.24,15.57,14.8,15.33,162600
KINS,20140429,6.75,6.75,6.75,6.75,100
KIRK,20140429,16.63,16.97,16.41,16.75,107900
KLAC,20140429,63.94,64.93,63.41,64.27,2534200
KLIC,20140429,13.09,13.98,13.09,13.63,2527800
KMDA,20140429,14.49,14.63,14.27,14.45,12100
KNDI,20140429,11.32,11.87,11.1,11.6,1747900
KONA,20140429,23.1,23.73,22.57,23.14,49200
KONE,20140429,4.15,4.15,4.05,4.05,1700
KOOL,20140429,36.2,37,32.6,34,577800
KOPN,20140429,3.22,3.33,3.18,3.22,172600
KOSS,20140429,4.7,4.75,4.7,4.75,1300
KPTI,20140429,25.19,25.7,24.83,25.44,80200
KRNY,20140429,14.61,14.61,14.46,14.53,27300
KTCC,20140429,10.18,10.23,10,10.23,19000
KTEC,20140429,12.38,12.38,12.35,12.35,6800
KTOS,20140429,7.13,7.22,7.05,7.17,378500
KVHI,20140429,13.39,13.43,13.25,13.36,45600
KWEB,20140429,32.4,33.08,32.31,32.92,29800
KZ,20140429,10.11,10.44,10.11,10.34,170100
LABL,20140429,34.76,35.23,34.11,34.87,27000
LAKE,20140429,6.95,7.14,6.76,7.09,20100
LAMR,20140429,50.03,50.21,49.51,49.86,1279700
LANC,20140429,95.57,96.14,94.28,94.5,50000
LAND,20140429,12.14,12.33,12.12,12.22,12800
LARK,20140429,19.33,19.33,19.33,19.33,200
LAWS,20140429,16.02,16.6,15.99,16.33,15500
LAYN,20140429,17.17,17.32,16.93,16.99,65200
LBAI,20140429,10.56,10.72,10.27,10.48,77100
LBIX,20140429,3.98,3.98,3.94,3.97,5400
LBTYA,20140429,39.69,39.75,39.2,39.36,3090800
LBTYB,20140429,40.1,40.1,40.1,40.1,0
LBTYK,20140429,38.46,38.49,37.89,37.94,3302100
LCNB,20140429,16.39,16.43,15.76,15.77,18900
LCUT,20140429,19.26,19.5,19.2,19.3,45800
LE,20140429,27.46,28.35,27.29,28.03,399700
LECO,20140429,65.6,65.74,64.78,65.12,515900
LEDS,20140429,1.04,1.05,1.02,1.05,83500
LFUS,20140429,93.8,94.71,89.95,90.78,322700
LFVN,20140429,9.8,10.01,9.31,9.52,493400
LGCY,20140429,26.11,26.26,25.7,25.81,239600
LGIH,20140429,14.55,14.67,14.38,14.47,60100
LGND,20140429,63.94,67.08,63,65.82,193500
LHCG,20140429,21.17,21.17,20.73,20.84,28400
LINC,20140429,3.95,4.31,3.93,4.11,209100
LION,20140429,13.67,13.74,13.33,13.41,27600
LIOX,20140429,5.79,6,5.75,5.89,260500
LIVE,20140429,4.5,4.5,4.22,4.25,266000
LJPC,20140429,9.06,9.71,8.84,9.34,94000
LKFN,20140429,24.5267,24.5667,24.2333,24.2533,38100
LKQ,20140429,27.5,29.66,27.31,29.55,3761700
LLNW,20140429,2.06,2.08,2.01,2.04,149000
LLTC,20140429,44.67,44.78,44.28,44.43,2403700
LMAT,20140429,7.85,7.85,7.42,7.65,28100
LMCA,20140429,43.2033,43.2033,42.46,42.5967,471400
LMIA,20140429,13.6,13.77,13.4,13.41,40600
LMNR,20140429,23.3,23.42,23.03,23.16,29300
LMNX,20140429,17.36,19.64,17.06,18.66,1230700
LMOS,20140429,12.92,12.92,12.58,12.75,87600
LNCE,20140429,26.96,27.04,26.7,26.78,152500
LNDC,20140429,12.11,12.12,11.82,11.96,66700
LOAN,20140429,1.93,1.96,1.92,1.96,6100
LOGI,20140429,13.59,13.65,13.49,13.64,651400
LOGM,20140429,38.52,39.43,37.53,39.12,367700
LOPE,20140429,42.1,43.34,42.1,43.01,309100
LORL,20140429,72.24,72.59,71.02,71.12,109800
LPCN,20140429,7.07,7.5,7.06,7.5,4200
LPLA,20140429,46.87,47.51,46.86,46.96,1128400
LPNT,20140429,56.75,57.25,55.76,56.42,1215500
LPSN,20140429,9.87,9.93,9.61,9.77,452700
LPTH,20140429,1.46,1.48,1.41,1.42,11200
LPTN,20140429,59.5,63.14,59.08,59.64,13500
LQDT,20140429,16.94,17.13,16.67,16.94,432800
LRAD,20140429,1.79,1.83,1.79,1.8,30200
LRCX,20140429,56.88,57.21,56.05,56.27,1853900
LSBK,20140429,12.4,12.4,12.4,12.4,0
LSCC,20140429,8.46,8.53,8.18,8.23,1725200
LSTR,20140429,63.22,63.51,62.53,62.64,284800
LTBR,20140429,11.15,11.4,10.65,10.75,47100
LTRX,20140429,1.95,2.05,1.9,2.05,19700
LULU,20140429,45.2,45.94,44.84,45.58,2876300
LUNA,20140429,1.46,1.5,1.43,1.48,61100
LVNTA,20140429,27.5725,28.5209,27.3317,28.3587,765900
LVNTB,20140429,62.35,62.35,62.35,62.35,0
LWAY,20140429,14.91,15.07,14.74,14.74,24400
LXRX,20140429,10.57,10.85,10.22,10.5,1207400
LYTS,20140429,7.86,8.06,7.66,7.69,34300
MACK,20140429,4.56,4.6,4.33,4.49,1049500
MAGS,20140429,3.66,3.67,3.66,3.67,400
MAMS,20140429,4.91,5,4.91,5,23600
MANH,20140429,31.36,31.97,30.74,31.11,469900
MANT,20140429,29.23,29.49,29.2,29.43,135200
MAR,20140429,56.2,56.68,55.83,56.62,2933500
MARK,20140429,5.86,6,5.7,5.72,6700
MARPS,20140429,16.73,17.24,16.71,16.94,3600
MASI,20140429,26.49,28.78,26.09,26.36,300200
MAT,20140429,38.64,38.77,38.51,38.6,2402700
MATR,20140429,6.07,6.34,6.05,6.22,41300
MATW,20140429,40.76,40.9,40.19,40.25,94400
MAYS,20140429,50.01,50.25,50,50.11,1800
MBFI,20140429,27.85,28.11,27.21,27.26,280200
MBII,20140429,12.24,12.9,11.73,12.5,114800
MBLX,20140429,6.12,6.3,6,6.3,30800
MBRG,20140429,17.69,17.71,17.52,17.54,18100
MBTF,20140429,4.95,4.95,4.81,4.84,7000
MBUU,20140429,22.12,22.66,21.56,21.98,81500
MBVT,20140429,29.27,29.92,29.27,29.43,12100
MBWM,20140429,19.56,19.75,19.19,19.44,19000
MCBC,20140429,4.99,4.99,4.9,4.91,51700
MCEP,20140429,23,23.31,22.88,23.04,75700
MCHP,20140429,47.2,47.7,46.94,47.29,1503400
MCHX,20140429,9.31,9.48,9.17,9.33,253000
MCRI,20140429,16.24,16.24,15.38,15.56,44900
MDCA,20140429,24.01,24.49,23.85,24.08,205300
MDCO,20140429,26.13,26.66,25.93,26.38,792100
MDIV,20140429,21.75,21.78,21.67,21.71,160400
MDLZ,20140429,36.12,36.12,35.46,35.6,8644100
MDM,20140429,4.65,4.65,4.59,4.59,2500
MDRX,20140429,15.4,15.49,15.14,15.17,1832200
MDSO,20140429,37.5,38.1,36.61,36.98,1061100
MDWD,20140429,10.4,10.62,10.1,10.26,85100
MDXG,20140429,5.63,5.89,5.48,5.74,498800
MEET,20140429,2.66,2.82,2.66,2.76,194100
MEIP,20140429,8.33,8.55,7.95,8,174200
MELI,20140429,87.66,89.17,86.69,87.9,569500
MEMP,20140429,23.3,23.49,23.2,23.38,212400
MENT,20140429,20.61,20.71,20.37,20.57,663800
MEOH,20140429,62.06,64.49,62.06,63.94,1476800
MERC,20140429,7.63,7.84,7.55,7.84,375400
MFNC,20140429,13,13,13,13,100
MFRI,20140429,10,10.8,10,10.73,26200
MFSF,20140429,18.76,18.8,18.75,18.77,2000
MGCD,20140429,10.33,11.01,10.17,11.01,13000
MGEE,20140429,39.4,39.68,38.2,38.23,119900
MGI,20140429,14,14,13.37,13.69,556900
MGIC,20140429,8.13,8.24,8.05,8.1,64400
MGLN,20140429,55.65,58,54.99,57.51,285000
MGNX,20140429,20.79,20.79,18.78,19.88,314500
MGPI,20140429,6.4,6.42,6.03,6.04,17700
MGRC,20140429,31.83,32.04,30.75,31.03,42500
MGYR,20140429,7.71,7.81,7.71,7.78,2100
MHGC,20140429,7.4,7.44,7.36,7.4,52000
MHLD,20140429,12.07,12.19,11.87,11.9,243800
MICT,20140429,4.21,4.21,4.12,4.12,6700
MICTW,20140429,0.9,0.9,0.9,0.9,0
MIDD,20140429,83.6533,84.3867,82.15,83.2467,78700
MIND,20140429,13.68,13.72,13.51,13.56,69300
MINI,20140429,41.76,42.01,40.77,41.53,214200
MITK,20140429,3.33,3.34,3.15,3.22,528900
MITL,20140429,9.11,9.24,9.01,9.07,177700
MKSI,20140429,28.01,28.27,27.69,28.05,294200
MKTX,20140429,54,54.64,53.24,53.28,313900
MLAB,20140429,84.05,85.14,83.63,85.01,20100
MLHR,20140429,30.43,30.97,30.3,30.5,225200
MLNK,20140429,4.07,4.07,3.9,3.92,181900
MLNX,20140429,34.5,34.88,33.92,34.34,502500
MLVF,20140429,10.35,10.35,10.3,10.35,2200
MMLP,20140429,41.9,42.31,41.9,42.31,69900
MMSI,20140429,13.14,13.24,12.93,13,234700
MMYT,20140429,20.4,21.02,19.87,20.89,46700
MNDO,20140429,1.9,1.94,1.89,1.91,22600
MNGA,20140429,1.2,1.45,1.2,1.38,2359100
MNKD,20140429,6.26,6.44,6.17,6.41,6658300
MNOV,20140429,1.9,1.93,1.78,1.85,97100
MNRO,20140429,56.18,57.74,55.53,57.16,207300
MNST,20140429,22.3067,22.3867,22.09,22.1467,647700
MNTA,20140429,10.99,11.42,10.9,11.3,426500
MNTX,20140429,15.93,16.28,15.73,15.92,41100
MOBI,20140429,6.55,6.84,6.46,6.61,218700
MOCO,20140429,16.29,16.58,16.15,16.39,10300
MOFG,20140429,24.21,24.76,24.21,24.66,9800
MORN,20140429,72.69,73.85,71.7,73.04,88000
MOSY,20140429,4.02,4.03,3.92,3.94,108300
MPAA,20140429,25.9,27.33,25.5,26.53,349700
MPB,20140429,14.95,14.95,14.95,14.95,0
MPEL,20140429,33.69,34.79,33.6,34.58,5314300
MPET,20140429,2.24,2.26,2.14,2.17,583000
MPWR,20140429,37.1,37.47,36.44,37.13,407200
MRCC,20140429,12.98,13.24,12.98,13.22,26500
MRCY,20140429,13.26,13.56,13.07,13.15,101100
MRLN,20140429,18.31,18.31,17.55,17.55,24900
MRTN,20140429,22.36,23.69,22.36,23.61,149300
MRTX,20140429,19,19.56,18.46,18.91,15000
MRVC,20140429,12.19,12.4,11.85,12.01,6700
MRVL,20140429,15.78,15.95,15.73,15.87,5159500
MSBF,20140429,8.27,8.27,8.27,8.27,0
MSCC,20140429,23.89,23.89,23.29,23.35,239700
MSEX,20140429,20.57,20.66,20.16,20.18,34400
MSFG,20140429,16.69,17.05,16.5,16.51,26300
MSFT,20140429,41.1,41.19,40.39,40.51,29637300
MSLI,20140429,1.55,1.55,1.55,1.55,0
MSON,20140429,5.99,6.08,5.76,5.88,25600
MSTR,20140429,120.98,122.57,114.9,116.37,239600
MTEX,20140429,17.11,17.11,17.1,17.11,400
MTGE,20140429,19.73,19.82,19.48,19.54,886700
MTRX,20140429,30.77,31.24,30.64,30.76,187900
MTSC,20140429,64.14,65.34,63.07,63.24,42000
MTSI,20140429,17,17.65,17,17.5,66900
MTSL,20140429,1.87,1.91,1.87,1.87,4700
MU,20140429,24.75,25.3,24.44,25.1,19748300
MVIS,20140429,1.65,1.79,1.65,1.74,718600
MXIM,20140429,32.13,32.4,31.93,32.06,1750400
MXWL,20140429,14.38,14.58,13.92,14.15,825300
MYGN,20140429,39.4,40.62,39.26,40.6,1118800
MYL,20140429,51.21,51.5,50.26,50.88,5415100
MYRG,20140429,23.54,24.02,23.12,23.25,45300
MZOR,20140429,19.12,19.25,18.82,18.93,30200
NAII,20140429,5.63,5.75,5.6,5.74,1300
NANO,20140429,17,17,16.04,16.16,352100
NATH,20140429,49.42,49.62,49.2,49.25,2600
NATI,20140429,27,27.18,26.69,26.7,304700
NATL,20140429,28.03,28.1,27.6,27.81,10700
NATR,20140429,14,14,13.56,13.58,14200
NAUH,20140429,3.57,3.59,3.5,3.54,11900
NAVG,20140429,55.82,58.35,54.48,57.13,48800
NBIX,20140429,13.39,14.04,13.25,13.84,379300
NBN,20140429,9.4,9.64,9.4,9.64,66500
NBTB,20140429,23.05,23.05,22.53,22.64,87800
NCIT,20140429,10.52,10.67,10.18,10.31,19800
NCLH,20140429,31.15,33.66,31.07,32.94,3230200
NCMI,20140429,15.01,15.25,14.89,14.92,216400
NCTY,20140429,2.63,2.67,2.61,2.65,22000
NDAQ,20140429,36.28,36.69,36.19,36.5,2096800
NDLS,20140429,36.98,38,35.8,38,490100
NDSN,20140429,74.64,75.22,73.95,74.37,265900
NEO,20140429,3.41,3.44,3.25,3.39,109200
NEOG,20140429,42.21,42.47,41.53,41.72,132900
NEON,20140429,5.53,5.72,5.41,5.45,460100
NEPT,20140429,2.47,2.47,2.38,2.42,114900
NETE,20140429,27.2,27.2,23.2,23.3,18800
NEWS,20140429,11.48,11.6,11.28,11.45,62900
NEWT,20140429,13.4,13.85,13.4,13.85,5900
NFBK,20140429,12.96,12.99,12.87,12.92,334000
NFEC,20140429,1.13,1.15,1.13,1.14,13500
NFLX,20140429,44.6057,46.3757,44.5757,45.6957,3305000
NGHC,20140429,14,14,13.88,14,19700
NICE,20140429,43.02,43.36,42.88,43.3,102300
NICK,20140429,15.8,15.8,15.72,15.74,40800
NIHD,20140429,0.93,0.93,0.88,0.88,2220800
NILE,20140429,33.64,35.08,33.3,34.74,207400
NKSH,20140429,33.3,33.77,33.2,33.39,9200
NKTR,20140429,11.23,11.55,11.1,11.49,1100600
NLNK,20140429,20.79,21.98,20.48,21.58,207600
NLST,20140429,1.65,1.71,1.6,1.63,365200
NMIH,20140429,11.4,11.41,11.25,11.37,29100
NMRX,20140429,10.38,10.58,10.15,10.2,56900
NNBR,20140429,19.84,19.93,19.25,19.25,43300
NRCIA,20140429,16.21,16.21,15.9,15.95,8600
NRCIB,20140429,41.5,43.61,41.5,43.61,2400
NRIM,20140429,24.13,24.36,23.99,24.15,19600
NSEC,20140429,9.77,10.17,9.77,10.07,5600
NSIT,20140429,26.62,26.84,25.97,26.21,190900
NSSC,20140429,5.93,5.98,5.76,5.91,9500
NSTG,20140429,16.85,16.85,15.88,16.52,57700
NSYS,20140429,5.05,5.05,5.05,5.05,700
NTAP,20140429,35.38,35.63,35.21,35.42,2663600
NTCT,20140429,38.74,38.79,38.14,38.27,217900
NTES,20140429,67.35,69.53,67.35,69.46,690200
NTGR,20140429,32.26,32.56,31.87,32.16,324600
NTIC,20140429,20.94,21.15,20.94,21.15,300
NTRI,20140429,14.28,14.97,14.14,14.94,543200
NTRS,20140429,59.6,60.28,59.4,60.02,859000
NTWK,20140429,4.41,4.41,4.32,4.36,26100
NUAN,20140429,16.11,16.25,16,16.06,2878400
NURO,20140429,7.76,7.8,7.24,7.52,66100
NUTR,20140429,25.61,25.97,25.25,25.25,12900
NUVA,20140429,34.36,34.52,33.64,33.92,398300
NVAX,20140429,4.25,4.63,4.05,4.49,9509800
NVDA,20140429,18.72,18.76,18.48,18.69,4282900
NVDQ,20140429,16.9,17.05,16.16,16.25,343400
NVEC,20140429,53.53,53.76,52.33,52.55,5900
NVEE,20140429,9.85,9.85,9.85,9.85,0
NVFY,20140429,4.36,4.45,3.97,4.09,191300
NVGN,20140429,4.03,4.03,3.82,3.94,17200
NVMI,20140429,9.93,9.95,9.63,9.76,135200
NWBI,20140429,13.24,13.43,13.19,13.3,1078100
NWBO,20140429,5.9,6.02,5.65,5.9,533100
NWBOW,20140429,3.55,3.55,3.55,3.55,1800
NWFL,20140429,29.22,29.22,29.18,29.18,300
NWLI,20140429,236.74,238,232.44,232.44,5200
NWPX,20140429,35.83,35.83,35.45,35.62,51800
NWS,20140429,16.8,17.06,16.73,16.81,694400
NWSA,20140429,17.25,17.42,17.11,17.21,2230200
NXPI,20140429,58.5,59.38,57.69,59.24,2220900
NXST,20140429,39.93,40.01,38.43,39.09,501500
NXTM,20140429,11.5,11.86,11.49,11.77,458800
NYMT,20140429,7.43,7.44,7.28,7.3,1338200
NYMTP,20140429,23.15,23.35,23.15,23.35,12100
NYMX,20140429,5.04,5.3,5.04,5.16,56900
NYNY,20140429,32.25,32.75,29.25,31.65,310600
OBAS,20140429,5.5,5.5,5.32,5.32,200
OBCI,20140429,2.72,2.74,2.63,2.72,9300
OCC,20140429,3.74,3.74,3.74,3.74,2100
OCFC,20140429,16.53,16.82,16.16,16.2,35100
OCLR,20140429,3.17,3.29,3.17,3.27,511300
OCLS,20140429,15.15,15.75,14.4,14.9,106100
OCRX,20140429,8.34,8.68,8.34,8.68,4700
ODFL,20140429,59.7,59.94,58.91,59.02,563900
OFED,20140429,17.75,17.75,17.75,17.75,0
OFIX,20140429,31.59,31.59,30.68,30.89,150200
OFLX,20140429,20.33,20.81,20.01,20.16,7600
OFS,20140429,12.64,12.64,12.43,12.43,2000
OGXI,20140429,3.92,4.25,3.85,3.92,1439000
OHRP,20140429,9.84,9.98,9.57,9.68,157600
OIIM,20140429,3.4,3.49,3.4,3.48,7600
OKSB,20140429,16.8,16.86,16.58,16.64,57500
OLBK,20140429,17.03,17.36,16.99,17.04,12100
OLED,20140429,26.21,26.64,25.69,26.26,434900
OMAB,20140429,30.66,30.67,29.49,29.76,10800
OMCL,20140429,26.62,26.87,26.32,26.55,120700
OMED,20140429,25.74,26.81,25.44,26.08,126700
OMER,20140429,11.34,12.4,11.29,12.35,444400
OMEX,20140429,24.12,24.84,23.64,24.36,571400
ONB,20140429,14.03,14.53,13.83,13.97,722600
ONEQ,20140429,159.99,161.04,159.71,160.94,6000
ONTX,20140429,57,58.1,56.5,57.2,89600
ONVI,20140429,5.1,5.1,5.07,5.07,1500
OPB,20140429,30.05,30.07,29.11,29.76,143000
OPHC,20140429,12,12,12,12,0
OPHT,20140429,32.86,33.66,32.14,33.45,76000
OPOF,20140429,15.16,15.65,15.16,15.65,800
OPTT,20140429,27.1,27.2,24.8,25,414800
OPXA,20140429,1.54,1.54,1.43,1.48,345200
ORBC,20140429,6.26,6.35,6.06,6.19,179500
ORBK,20140429,14.77,14.95,14.51,14.66,136100
OREX,20140429,53.7,56,52.8,55.3,2659900
ORIG,20140429,16.73,16.95,16.59,16.67,280100
ORIT,20140429,15.15,15.29,14.9,14.93,237800
ORLY,20140429,149.03,150.7,148.18,149.98,889500
ORMP,20140429,10.85,11.13,10.1,10.45,130700
ORRF,20140429,16.57,16.7,16.54,16.67,7900
OSBC,20140429,4.74,4.8,4.71,4.79,124800
OSBCP,20140429,13,13.02,12.96,12.99,14700
OSHC,20140429,14.85,14.99,14.85,14.99,1300
OSIR,20140429,13.53,14.38,13.24,14.07,251000
OSIS,20140429,57.54,57.88,56.46,57.26,102000
OSM,20140429,24.75,24.8,24.72,24.74,8000
OSN,20140429,3.24,3.45,3.24,3.42,16000
OSTK,20140429,15.61,15.9,15.26,15.77,475200
OSUR,20140429,6.54,6.76,6.44,6.58,311600
OTEL,20140429,5.02,5.02,4.99,5,3400
OTEX,20140429,49.07,49.53,48.5,49.31,479800
OTIV,20140429,2.37,2.39,2.2,2.25,121900
OTTR,20140429,29.49,29.68,29.25,29.25,77900
OVAS,20140429,8.08,8.39,8.05,8.29,80500
OVBC,20140429,21.72,21.78,21.53,21.78,2300
OVLY,20140429,9.65,9.77,9.65,9.77,2200
OXFD,20140429,17.22,18,17.17,18,57900
OXLC,20140429,16.75,16.99,16.75,16.91,61800
OXLCO,20140429,24.14,24.16,23.94,24.13,33300
OZRK,20140429,30.455,30.725,29.72,29.745,164400
PAAS,20140429,12.66,13.02,12.66,12.94,723500
PACB,20140429,4.43,4.64,4.31,4.5,557800
PACW,20140429,38.89,39.48,38.79,39.03,914400
PAGG,20140429,30.43,30.51,30.43,30.51,2300
PAHC,20140429,18,18.47,17.16,17.55,66900
PATK,20140429,27.7467,27.7467,26.7067,26.9133,54000
PAYX,20140429,40.78,41.04,40.77,40.89,1903000
PBCT,20140429,14.09,14.31,14.09,14.24,3643300
PBHC,20140429,15,15,14.98,15,4100
PBIB,20140429,1.1,1.12,1.09,1.09,3200
PBIP,20140429,10.82,10.82,10.76,10.82,10900
PBMD,20140429,1.02,1.05,1,1.05,62000
PBPB,20140429,16.95,18.23,16.63,17.82,825700
PBSK,20140429,14.72,14.75,14.14,14.36,3400
PCAR,20140429,63.52,64.95,63.04,63.5,4180400
PCBK,20140429,13.71,13.71,13.31,13.43,35700
PCH,20140429,38.58,38.99,38.25,38.28,151500
PCLN,20140429,1147.58,1165,1133.2,1154.84,788300
PCMI,20140429,10.04,10.54,10.04,10.41,46300
PCO,20140429,1.69,1.71,1.63,1.63,252600
PCOM,20140429,22.6,22.83,21.95,22.41,57000
PCRX,20140429,66.09,67.83,64.36,67.01,505400
PCTI,20140429,8.24,8.4,8.17,8.3,45100
PCTY,20140429,19.73,21.77,19.5,19.81,301400
PCYG,20140429,10,10.23,9.84,9.99,25200
PCYO,20140429,5.68,5.68,5.46,5.58,76600
PDCE,20140429,61.79,64.11,61.78,62.97,704200
PDCO,20140429,41.01,41.26,40.87,41.02,248900
PDEX,20140429,2.06,2.07,2.06,2.07,800
PDFS,20140429,18.99,19.21,18.45,18.94,306300
PDLI,20140429,8.5,8.5,8.35,8.41,1915900
PEBK,20140429,17.33,17.49,17.21,17.21,700
PEBO,20140429,26.42,26.8,26.15,26.29,32400
PEGA,20140429,15.9,16.28,15.88,16.15,138400
PEGI,20140429,27,27.03,26.06,26.13,209100
PEIX,20140429,14.02,14.96,13.63,14.72,1749100
PENN,20140429,11.04,11.31,10.85,11.15,1309200
PERF,20140429,6.23,6.23,6.21,6.21,300
PERI,20140429,10.35,10.6,10.2,10.5,71300
PERY,20140429,14.99,15.25,14.81,14.92,49500
PESI,20140429,4.04,4.04,3.79,3.9,26700
PETS,20140429,12.89,12.95,12.66,12.72,347700
PETX,20140429,13.75,14.92,13.75,13.96,290900
PFBC,20140429,22.33,22.6,21.29,21.49,24800
PFBI,20140429,14.14,14.39,13.94,14.1,9900
PFBX,20140429,13.75,13.75,13.75,13.75,0
PFIE,20140429,4.49,4.49,4.01,4.27,146800
PFIN,20140429,8.25,8.25,8.25,8.25,0
PFIS,20140429,43,47.4,43,45.91,8500
PFLT,20140429,13.82,13.82,13.7,13.71,58100
PFMT,20140429,8.78,8.79,8.52,8.64,86500
PFPT,20140429,24.52,25.8,24.1,25.75,932600
PFSW,20140429,7.91,8.16,7.9,8.05,18200
PGC,20140429,19.51,19.66,19.25,19.36,12300
PGNX,20140429,3.47,3.59,3.41,3.48,645100
PGTI,20140429,9.33,9.71,9.33,9.6,339400
PHII,20140429,42.5,42.5,41.65,42.5,1600
PHIIK,20140429,45.18,45.52,44.5,44.66,19600
PHMD,20140429,78.65,78.65,75.8,76.2,129900
PICO,20140429,23.85,23.85,23.25,23.43,69600
PIH,20140429,9.14,9.43,9.05,9.09,7100
PINC,20140429,30.83,30.83,30.35,30.4,304400
PKBK,20140429,11,11.33,10.66,11.3,17000
PKOH,20140429,58.78,58.78,57.12,57.64,26700
PLAB,20140429,8.66,8.68,8.5,8.59,719800
PLBC,20140429,6.44,6.75,6.42,6.75,1100
PLCE,20140429,48.35,48.98,48.13,48.19,400200
PLKI,20140429,38.32,38.46,37.86,38.15,156400
PLPC,20140429,60.99,61.23,60.22,60.45,2700
PLPM,20140429,2.47,2.64,2.43,2.6,251400
PLUG,20140429,4.44,5.08,4.11,4.81,37013400
PLUS,20140429,53.11,54.45,51.01,51.24,86800
PLXS,20140429,43,43.27,42.22,42.29,222100
PMBC,20140429,6.57,6.69,6.5,6.53,199000
PMD,20140429,15.72,16.13,15.65,15.76,8200
PME,20140429,3,3.2,2.95,3.04,68000
PNBK,20140429,12.6,12.7,12.5,12.6,9500
PNFP,20140429,33.8,34.44,33.73,33.84,187900
PNNT,20140429,10.6,10.67,10.52,10.66,448500
PNQI,20140429,60.2,61.64,60.15,61.49,92700
PNRA,20140429,163.58,164.47,161.51,163.18,1316100
PNRG,20140429,55.49,55.49,55.49,55.49,0
PNTR,20140429,7.95,8.17,7.72,7.84,27400
PODD,20140429,38.06,39,37.87,38.36,897000
POOL,20140429,58.3,58.53,57.86,58.07,161200
POPE,20140429,68.53,68.53,68.5,68.5,1500
POWI,20140429,59.94,61.19,58.21,58.42,447900
POWL,20140429,64.99,65.25,62.85,62.98,38700
PPBI,20140429,14.1,14.19,13.81,13.85,73800
PPC,20140429,21.52,21.8,21.36,21.5,726100
PPHM,20140429,1.77,1.8,1.73,1.78,932300
PPHMP,20140429,24.98,24.99,24.98,24.99,1100
PPSI,20140429,9.18,9.18,9.18,9.18,0
PRAA,20140429,57.56,58.4,56.69,57.32,571100
PRAN,20140429,10.86,10.98,10.56,10.8,574300
PRCP,20140429,12.39,12.39,12.1,12.1,17100
PRFT,20140429,17.57,17.91,17.57,17.76,86200
PRFZ,20140429,96.32,96.6,95.8,95.84,25200
PRGS,20140429,21.59,21.94,21.49,21.5,249900
PRGX,20140429,5.95,6.45,5.95,6.3,223500
PRIM,20140429,27.76,28.06,26.88,27.88,146500
PRKR,20140429,44.9,44.9,43,43.9,516300
PRMW,20140429,4.63,4.73,4.53,4.54,139900
PROV,20140429,13.85,14.31,13.85,14.13,21200
PRPH,20140429,1.95,1.95,1.86,1.94,29600
PRSC,20140429,40.11,41.05,39.54,39.65,127600
PRSS,20140429,5.97,6.04,5.95,6.03,15100
PRTA,20140429,37.38,37.38,25.93,26.12,2533300
PRTS,20140429,3.12,3.2,3.08,3.16,37300
PRXL,20140429,45.39,45.92,44.59,45.48,1028400
PSAU,20140429,20.81,21.07,20.81,21.02,3200
PSCC,20140429,49.99,49.99,49.75,49.87,4800
PSCD,20140429,46.27,46.27,46.06,46.16,2500
PSCE,20140429,51.97,52.18,51.28,51.62,52900
PSCF,20140429,38.47,38.47,38.09,38.14,4700
PSCH,20140429,52.7,52.74,52.37,52.72,11900
PSCI,20140429,44.45,44.78,44.31,44.33,20000
PSCM,20140429,43.65,44.14,43.65,43.8,10100
PSCT,20140429,43.25,43.25,42.84,42.98,13200
PSCU,20140429,35.66,35.66,35.66,35.66,0
PSDV,20140429,3.66,3.8,3.63,3.69,36500
PSEC,20140429,10.83,10.84,10.77,10.78,3323500
PSIX,20140429,81.51,82.2,80.5,81.5,84200
PSMT,20140429,95.1,96.22,94.63,95.55,131000
PSTB,20140429,6.62,6.67,6.51,6.55,85500
PSTI,20140429,3.56,3.62,3.53,3.56,82800
PTC,20140429,34.37,35.14,34.26,34.9,947600
PTCT,20140429,17.61,19.64,17.33,19.35,191700
PTEN,20140429,32.11,32.88,32.11,32.32,2756000
PTIE,20140429,5.74,5.74,5.52,5.57,180400
PTLA,20140429,23.1,24.15,22.43,23.41,124700
PTNR,20140429,8.96,9.08,8.93,8.99,21400
PTSI,20140429,24.86,24.99,24.43,24.73,26500
PTX,20140429,5.02,5.02,4.75,4.83,191900
PVTB,20140429,27.65,27.89,27.26,27.38,472200
PVTBP,20140429,27.1,27.14,26.9,27.07,7800
PWOD,20140429,44.96,44.96,44.02,44.17,6800
PXLW,20140429,5.16,5.38,5.14,5.24,534400
PZZA,20140429,44.41,45.46,44.08,44.4,625400
QABA,20140429,34.45,34.61,34.19,34.2,14100
QADA,20140429,18.51,18.72,18.21,18.27,20900
QADB,20140429,15.75,15.75,15.5,15.6,11100
QBAK,20140429,9.24,9.42,9.24,9.42,2200
QCLN,20140429,18.87,18.9,18.56,18.84,108300
QCOM,20140429,78.55,79.01,78.23,78.52,8034100
QCRH,20140429,17.3,17.48,17.17,17.23,14100
QDEL,20140429,20.88,21.36,20.16,21.18,290000
QGEN,20140429,21.6,21.88,21.57,21.8,777600
QINC,20140429,20.33,20.33,20.33,20.33,500
QIWI,20140429,27,28.73,27,28.48,578600
QLTI,20140429,5.84,5.87,5.8,5.85,7200
QLYS,20140429,18.83,19.2,18.15,18.56,127300
QNST,20140429,5.71,5.97,5.71,5.89,74300
QPAC,20140429,10.25,10.25,10.25,10.25,0
QPACU,20140429,10.78,10.84,10.74,10.84,900
QPACW,20140429,0.62,0.62,0.62,0.62,6300
QQEW,20140429,36.03,36.17,35.79,36.15,141900
QQQ,20140429,86.75,87.32,86.31,87.16,36742600
QQQC,20140429,20.82,20.82,20.67,20.75,9600
QQQX,20140429,18.7,18.7,18.51,18.68,46400
QQXT,20140429,33.67,33.87,33.57,33.87,5500
QSII,20140429,14.56,14.81,14.4,14.76,417200
QTEC,20140429,36.13,36.36,36,36.29,102700
QUIK,20140429,4.87,4.95,4.75,4.77,533000
QUMU,20140429,13.59,14,13.55,13.56,69100
QUNR,20140429,26.65,27.25,25.61,25.86,600800
QURE,20140429,10.45,10.59,10.11,10.49,109500
QYLD,20140429,24.7,24.77,24.7,24.77,400
RADA,20140429,3,3,2.98,3,5200
RAIL,20140429,26.67,26.83,26.4,26.5,64300
RAND,20140429,3.5,3.5,3.45,3.45,1000
RARE,20140429,36.84,38.79,36.69,38.52,149500
RAVN,20140429,31.2,31.3,30.56,30.71,142900
RBCAA,20140429,24.22,24.25,23.67,23.93,33200
RBCN,20140429,9.97,10.08,9.54,9.98,418000
RBPAA,20140429,2.87,2.87,2.81,2.81,1300
RCII,20140429,30.07,30.49,29.09,29.25,1088100
RCKY,20140429,14.31,14.65,14.3,14.55,68000
RCMT,20140429,6.8,6.89,6.8,6.81,8100
RCON,20140429,4.32,4.45,4.3,4.41,65200
RDCM,20140429,5.63,6.07,5.56,5.67,32000
RDHL,20140429,14.18,14.18,14.18,14.18,200
RDI,20140429,7.15,7.15,7.06,7.09,33100
RDNT,20140429,5.14,5.25,4.96,5.05,952600
RDVY,20140429,20.28,20.28,20.28,20.28,0
RDWR,20140429,16.16,16.6,16.1,16.56,308200
RECN,20140429,12.84,13.6,12.76,13.18,1020500
REFR,20140429,4.37,4.6,4.37,4.54,46100
REGI,20140429,11.5,11.62,11.37,11.46,243800
REGN,20140429,282.85,300.2,281.79,299.58,1151900
REIS,20140429,16.96,17.05,16.68,16.75,18000
RELL,20140429,10.11,10.2,10.05,10.07,18000
RELV,20140429,16.24,17.36,16.03,16.38,2400
REPH,20140429,6.25,6.54,6.06,6.36,12600
REXX,20140429,20.17,21.16,20.14,20.68,1251300
RFIL,20140429,6.15,6.17,6.01,6.02,27800
RGCO,20140429,19.01,19.5,19.01,19.1,4100
RGEN,20140429,15.91,16.32,15.82,15.98,626700
RGLD,20140429,65.52,67.35,65.45,66.69,560800
RGLS,20140429,6.94,7.14,6.76,6.92,63700
RGSE,20140429,1168,1224,1144,1200,464000
RIBT,20140429,4.23,4.24,4.11,4.21,8200
RIBTW,20140429,0.95,0.95,0.9,0.9,6600
RICK,20140429,10.41,10.48,10.11,10.17,70200
RIGL,20140429,3.17,3.28,3.14,3.21,490700
RLJE,20140429,11.64,11.64,11.64,11.64,0
RLOG,20140429,6.22,6.46,6.12,6.17,3300
RMBS,20140429,11.99,12.26,11.82,12.08,913300
RMCF,20140429,11.69,11.77,11.65,11.65,1200
RMGN,20140429,3.83,3.85,3.79,3.79,5500
RMTI,20140429,9.87,9.99,9.68,9.75,245800
RNET,20140429,49.36,49.36,47.47,47.78,37900
RNST,20140429,27.93,28.13,27.26,27.28,43400
RNWK,20140429,7.63,7.65,7.55,7.57,31900
ROBO,20140429,26.04,26.16,26.04,26.1,37900
ROCK,20140429,17.17,17.34,17.01,17.1,149700
ROIA,20140429,4.4,4.51,4.4,4.4,1500
ROIAK,20140429,4.57,4.57,4.39,4.49,61100
ROIC,20140429,15.85,15.93,15.75,15.79,416300
ROLL,20140429,62.07,63.22,61.6,61.83,74900
ROSG,20140429,3.84,4.02,3.84,3.85,118300
ROST,20140429,34.33,34.455,33.93,34.28,1282200
RP,20140429,17.66,18.06,17.51,17.78,419800
RPRX,20140429,16.82,17.46,16.69,17.11,177300
RPXC,20140429,16.59,16.59,16.25,16.42,186500
RRGB,20140429,65.51,67.37,64.85,65.28,158000
RSYS,20140429,3.16,3.32,3.16,3.24,306000
RTIX,20140429,4.14,4.34,4.1,4.21,254500
RTK,20140429,2.08,2.17,2.07,2.14,2791000
RTRX,20140429,13.05,13.75,12.92,13.24,227500
RUSHA,20140429,32.56,33.09,32.03,32.24,216300
RUSHB,20140429,28.47,28.5,28.15,28.45,66400
RUTH,20140429,12.36,12.66,12.1,12.6,264100
RVLT,20140429,28.9,29.2,28.1,28.7,252600
RVNC,20140429,34.53,36.14,34,35.21,112700
RVSB,20140429,3.48,3.51,3.42,3.45,48900
RXDX,20140429,7.35,7.44,6.85,7.27,61700
RXII,20140429,35,35.8,33.4,34.1,129200
RYAAY,20140429,53.85,54.05,52.85,52.94,451200
SAAS,20140429,8.11,8.31,8.05,8.11,200800
SABR,20140429,16.64,16.85,16.4,16.44,355400
SAEX,20140429,1239.3,1244.7,1217.7,1225.8,9800
SAFM,20140429,81.98,82.47,81.02,81.23,188500
SAFT,20140429,53.49,53.64,53.19,53.37,28700
SAIA,20140429,41,41.03,39.65,40.03,442800
SAL,20140429,30.1,30.44,30.09,30.44,1200
SALE,20140429,28.68,30.17,28.36,29.11,1035100
SALM,20140429,8.88,8.93,8.72,8.9,21700
SAMG,20140429,17.57,17.66,17.4,17.48,13700
SANM,20140429,20.57,21,20.08,20.11,882100
SANW,20140429,7.41,7.47,7.25,7.26,47600
SASR,20140429,24.72,24.81,23.9,24.03,25400
SATS,20140429,44.69,44.95,44.26,44.8,203400
SAVE,20140429,58.52,59.41,54.69,56.69,1931000
SBAC,20140429,89.2,90.2,89.09,89.69,875200
SBBX,20140429,8.97,8.97,8.72,8.95,1300
SBCF,20140429,10.6,10.69,10.5,10.54,50200
SBFG,20140429,7.99,8,7.88,7.88,1600
SBGI,20140429,27.06,27.36,26.33,26.66,1366600
SBLK,20140429,59.5,59.5,57.05,58.05,151700
SBNY,20140429,117.35,118.3,116.78,118.03,291100
SBNYW,20140429,89.93,89.93,89.93,89.93,100
SBRA,20140429,30.89,31.05,30.26,30.42,182800
SBRAP,20140429,25.63,25.75,25.5,25.5,106000
SBSA,20140429,6.23,6.46,6.2,6.42,3000
SBSI,20140429,30,30,27.53,27.83,647400
SBUX,20140429,35.595,35.725,35.13,35.32,4915000
SCAI,20140429,30,30.46,29.46,29.85,51000
SCHL,20140429,31.88,32.83,31.47,32.22,177000
SCHN,20140429,28.25,28.76,28.06,28.28,180000
SCLN,20140429,4.63,4.73,4.59,4.66,256900
SCMP,20140429,6.72,6.87,6.53,6.71,220800
SCON,20140429,34.35,36.6,33.9,34.8,205100
SCOR,20140429,28.93,31.49,28.92,30.83,544000
SCSC,20140429,38.57,38.69,38,38.06,115800
SCSS,20140429,18.65,18.85,18.44,18.48,325100
SCTY,20140429,52.99,53.65,51.6,52.63,5082000
SCVL,20140429,22.74,22.97,22.58,22.82,120000
SEAC,20140429,9.48,9.48,9.18,9.26,227700
SEED,20140429,2,2.1,2,2.07,128000
SEIC,20140429,31.94,32.19,31.85,31.9,530000
SENEA,20140429,28.93,29.34,28.56,28.74,19900
SENEB,20140429,30.5,30.5,30.5,30.5,0
SEV,20140429,11.39,11.39,10.93,11.22,1800
SFBC,20140429,17.28,17.28,16.61,16.77,3700
SFLY,20140429,39.17,40.14,38.52,39.95,1228400
SFM,20140429,32.16,32.42,31.91,32,596500
SFNC,20140429,35.78,36.25,35.6,36,35600
SFST,20140429,13.63,13.66,13.49,13.66,6000
SGC,20140429,16.34,16.44,15.9,15.97,5300
SGEN,20140429,37.29,39.54,37.05,38.84,775200
SGMA,20140429,11.11,11.2,10.8,10.91,29300
SGMO,20140429,13.49,14.17,13.25,13.74,553500
SGMS,20140429,11.75,11.88,11.55,11.57,899200
SGOC,20140429,9.4,9.68,9.08,9.2,35600
SGRP,20140429,1.95,2,1.93,1.94,2700
SGYP,20140429,4.75,4.94,4.66,4.82,1100700
SGYPU,20140429,12.25,12.25,12.25,12.25,0
SGYPW,20140429,1.88,1.88,1.88,1.88,0
SHBI,20140429,9.55,9.65,9.49,9.49,118200
SHEN,20140429,13.885,14.1,13.585,13.71,57100
SHIP,20140429,7.95,9.65,7.85,8.65,101300
SHLD,20140429,43.75,44.68,43.02,44.45,890300
SHLM,20140429,35.58,35.68,35.1,35.37,113000
SHLO,20140429,19.71,19.75,19.2,19.33,74200
SHOO,20140429,34.85,35.22,34.49,35.18,479700
SHOR,20140429,7.61,7.85,7.51,7.74,397000
SHOS,20140429,23.86,23.88,23.35,23.43,45400
SHPG,20140429,165.84,169.34,162.82,169.13,2077300
SIEB,20140429,2.97,2.97,2.97,2.97,100
SIFI,20140429,11.77,11.77,11.75,11.75,5700
SIFY,20140429,1.97,1.98,1.92,1.95,76700
SIGI,20140429,23.41,23.48,22.9,22.94,112200
SIGM,20140429,3.85,3.87,3.75,3.76,166600
SILC,20140429,48.38,48.51,47.8,48.3,84400
SIMO,20140429,16.3,16.6,15.58,16.26,966700
SINA,20140429,48.1,49.54,47.55,48.55,3076100
SINO,20140429,2.56,2.66,2.56,2.56,700
SIRI,20140429,3.06,3.11,3,3.07,58395500
SIVB,20140429,108.24,108.71,106.17,107.98,460800
SIVBO,20140429,25.4,25.4,25.4,25.4,0
SKYW,20140429,11.26,11.58,11.13,11.52,354300
SKYY,20140429,25.41,25.62,25.25,25.58,171600
SLAB,20140429,46,47.49,44.25,44.49,1822700
SLGN,20140429,50.41,50.69,49.85,50.22,227800
SLM,20140429,9.3143,9.3179,9.1357,9.1893,5501600
SLMAP,20140429,49.36,49.36,49.28,49.35,400
SLMBP,20140429,74.42,74.42,72,72,20100
SLP,20140429,6,6.11,5.96,6.1,7300
SLRC,20140429,21.71,22.03,21.71,21.83,328600
SLVO,20140429,15.07,15.11,15.06,15.08,19700
SMBC,20140429,17.65,17.65,17.65,17.65,0
SMCI,20140429,20.92,20.92,20.3,20.4,315600
SMED,20140429,4.1,4.12,4.05,4.09,7100
SMIT,20140429,2.8,2.8,2.79,2.79,300
SMMF,20140429,10.51,10.6,10.5,10.59,1400
SMRT,20140429,12.81,12.85,12.48,12.51,74400
SMSI,20140429,6.56,6.68,6.4,6.4,46500
SMTC,20140429,24.24,24.43,23.78,23.84,271800
SMTX,20140429,1.55,1.55,1.49,1.5,25300
SNAK,20140429,12.21,12.29,11.83,11.87,53300
SNBC,20140429,19.25,19.4,18.9,19,63400
SNCR,20140429,29.21,29.29,28.62,28.84,773800
SNFCA,20140429,3.86,3.97,3.84,3.9,11400
SNHY,20140429,39.6,40.01,39.04,39.47,71100
SNMX,20140429,8.57,8.69,8.35,8.54,286600
SNPS,20140429,36.88,37.13,36.76,36.99,1040600
SNSS,20140429,30.72,31.44,30.36,30.84,178300
SOCL,20140429,17.09,17.5,17,17.41,324900
SODA,20140429,44.95,46.3,43.6,44.08,1311400
SOFO,20140429,10.58,10.82,10.31,10.31,1200
SOHO,20140429,6.78,7.09,6.78,6.97,34500
SOHU,20140429,54.01,55.93,53.63,55.62,758600
SONA,20140429,10.3,10.34,10.3,10.33,5300
SONC,20140429,19.67,19.85,19.13,19.21,894200
SONS,20140429,15,15.5,14.4,15.15,5280600
SORL,20140429,3.21,3.21,3.1,3.11,32400
SOXX,20140429,77.66,78,77.3,77.82,71600
SP,20140429,25.38,25.38,24.41,24.49,29100
SPAN,20140429,20.54,20.54,20.54,20.54,100
SPAR,20140429,5.23,5.27,5.16,5.2,73600
SPCB,20140429,7.92,8.1,7.76,8.01,76800
SPEX,20140429,33.25,33.25,30.78,30.78,161900
SPHS,20140429,3.41,3.44,3.3,3.31,20500
SPIL,20140429,7.08,7.24,7.07,7.17,690400
SPLK,20140429,52.69,56.41,52.18,55.55,3879800
SPLS,20140429,12.67,12.67,12.37,12.4,8883500
SPNC,20140429,21.4,21.71,21.01,21.13,381500
SPNS,20140429,7.75,7.85,7.72,7.84,121000
SPPI,20140429,6.78,6.97,6.72,6.91,691800
SPRT,20140429,2.51,2.51,2.4,2.44,208700
SPSC,20140429,51.68,51.83,50.11,51,128200
SPTN,20140429,22.15,22.47,21.9,22.01,230300
SPU,20140429,1.63,1.65,1.63,1.64,8000
SPWH,20140429,10.93,10.93,10.55,10.71,231900
SPWR,20140429,33.14,33.55,32.45,33.37,2266700
SQBG,20140429,8.6,8.69,8.28,8.65,8000
SQQQ,20140429,55.69,56.55,54.61,54.9,6458700
SRCE,20140429,30.39,30.39,29.01,29.38,19300
SRCL,20140429,115.56,116.59,115.05,115.86,397400
SRDX,20140429,22.31,22.57,21.91,22.01,28400
SREV,20140429,6.31,6.36,6.18,6.2,462800
SRNE,20140429,9.44,9.72,9.27,9.4,46000
SRPT,20140429,36.3,37.58,36.24,37.11,848400
SSBI,20140429,11.1,11.17,11.1,11.17,2400
SSFN,20140429,4.9,4.9,4.9,4.9,0
SSH,20140429,5.54,5.59,5.4,5.5,66500
SSNC,20140429,38.29,39.01,38.15,38.52,312000
SSRI,20140429,9.61,10.06,9.6,9.95,938400
SSYS,20140429,94.43,95.65,90.65,94.26,2648900
STAA,20140429,18.8,19.59,18.05,18.76,779200
STB,20140429,6.19,6.21,6.16,6.16,90100
STBA,20140429,24,24,22.71,22.85,53000
STBZ,20140429,16.84,16.85,16.45,16.6,82100
STEM,20140429,14.88,15.48,14.88,15.12,336200
STFC,20140429,20.9,20.96,20.2,20.36,33000
STKL,20140429,11.23,11.54,11.1,11.5,238700
STLD,20140429,18.1,18.55,18.07,18.17,1236100
STLY,20140429,2.79,2.88,2.79,2.85,10400
STML,20140429,14.24,15.41,14.17,15.26,107100
STMP,20140429,33.14,34.23,32.6,33.79,128300
STPP,20140429,39.38,39.41,39.24,39.24,1900
STRA,20140429,42.46,42.85,42.24,42.55,108400
STRL,20140429,6.87,6.95,6.8,6.8,104500
STRM,20140429,5,5,4.82,4.96,48200
STRS,20140429,16.9,16.9,16.9,16.9,100
STRT,20140429,67.05,67.94,66.25,66.65,7800
STRZA,20140429,31.64,31.75,31.22,31.56,678000
STRZB,20140429,31.45,31.45,31.45,31.45,100
STX,20140429,53.09,53.82,52.68,53.49,3768200
SUMR,20140429,1.98,2.03,1.95,2.03,21600
SUNS,20140429,16.6,16.64,16.46,16.49,35100
SUPN,20140429,7.58,7.82,7.46,7.57,414700
SVA,20140429,5.74,6.12,5.74,6.08,200600
SVBI,20140429,4.7,4.7,4.65,4.69,3100
SVVC,20140429,19.91,20.11,19.86,19.98,45500
SWHC,20140429,14.86,15.7,14.76,15.21,2315300
SWIR,20140429,21.56,21.6,20.72,21.44,554800
SWKS,20140429,41.63,41.85,40.97,41.03,3520400
SYBT,20140429,19.6733,19.6733,19.1733,19.28,25100
SYKE,20140429,19.75,19.97,19.55,19.58,149500
SYMC,20140429,20.08,20.47,20.01,20.16,5141500
SYMX,20140429,1.71,1.72,1.69,1.71,84500
SYNA,20140429,61.45,62.27,59.73,60.29,1581400
SYNC,20140429,2.36,2.41,2.35,2.37,26800
SYNL,20140429,15.31,15.9,15.31,15.56,34100
SYNT,20140429,39.445,39.47,38.76,39.44,169500
SYPR,20140429,2.81,2.82,2.81,2.82,2400
SYRX,20140429,5.23,5.47,5.19,5.3,23600
SYUT,20140429,5.59,5.76,5.56,5.58,36800
TACT,20140429,10.58,10.88,10.58,10.75,10300
TAIT,20140429,1,1,1,1,0
TASR,20140429,16.84,17.2,16.62,17.08,951300
TAST,20140429,6.71,6.79,6.49,6.5,394300
TATT,20140429,8.19,8.2,8.1,8.19,2100
TAX,20140429,27.13,27.18,26.7,27.1,7400
TAYD,20140429,9,9.04,9,9.04,1300
TBBK,20140429,15.64,15.69,15.45,15.55,452000
TBNK,20140429,20.7,20.89,20.45,20.51,14200
TCBI,20140429,55.46,55.61,54.34,55.23,769700
TCBIL,20140429,24.14,24.14,23.83,23.83,2400
TCBIP,20140429,24.05,24.15,23.93,24.09,13000
TCBIW,20140429,41.24,41.24,41.24,41.24,0
TCBK,20140429,24.31,24.31,23.6,23.9,50000
TCCO,20140429,6.2,6.2,6.2,6.2,500
TCFC,20140429,21.28,21.28,21.28,21.28,0
TCPC,20140429,16.35,16.35,16.12,16.14,485300
TCRD,20140429,13.59,13.63,13.45,13.49,257100
TCX,20140429,14.86,14.86,14.56,14.61,5700
TDIV,20140429,25.23,25.28,25.14,25.23,152700
TEAR,20140429,4.41,4.5,4.32,4.4,328900
TECD,20140429,63.72,64.68,62.04,62.04,450500
TECH,20140429,91.16,92.04,88.12,90.66,244100
TEDU,20140429,8.96,8.96,8.31,8.46,734600
TESO,20140429,20.11,20.34,19.75,19.81,276400
TESS,20140429,33.64,33.64,32.77,33.08,18900
TFSL,20140429,13.58,13.69,13.38,13.4,461600
TGA,20140429,7.91,8.04,7.88,7.97,68500
TGLS,20140429,10.64,10.64,10.64,10.64,100
TGTX,20140429,5.15,5.45,4.94,5.08,144000
THFF,20140429,31.78,31.97,31.5,31.79,20100
THLD,20140429,3.95,4.16,3.92,4.03,418900
THRM,20140429,36.12,37.15,35.98,36.97,731200
THST,20140429,4.96,4.96,4.96,4.96,0
TICC,20140429,9.64,9.66,9.51,9.57,501600
TILE,20140429,17.99,18.11,17.67,17.92,279400
TINY,20140429,3.68,3.72,3.57,3.57,60000
TIPT,20140429,9.82,9.82,9.32,9.5,12300
TISA,20140429,4.15,4.15,4,4.09,22800
TITN,20140429,18.02,18.23,17.44,17.47,184900
TIVO,20140429,11.77,11.95,11.63,11.77,1589200
TLF,20140429,9.7,9.85,9.7,9.79,24700
TLOG,20140429,5.99,6.06,5.86,5.91,47300
TLT,20140429,110.17,110.73,110.04,110.64,5235100
TNAV,20140429,6.47,6.53,6.31,6.31,118500
TNDM,20140429,17.8,17.87,17.2,17.5,234000
TNGO,20140429,15.74,15.74,15.1,15.13,452500
TNXP,20140429,9.06,9.61,9.04,9.5,64700
TOPS,20140429,70.9,70.9,67,70.4,8400
TORM,20140429,10.35,10.47,10.18,10.44,3600
TOWN,20140429,15.5,15.6,15.26,15.34,58600
TQQQ,20140429,58.84,60.01,57.99,59.67,5083200
TRCB,20140429,8.14,8.14,8.14,8.14,200
TRCH,20140429,4.83,4.83,4.76,4.76,8700
TREE,20140429,29.33,29.51,28.83,29,103300
TRIB,20140429,25.99,25.99,24.51,24.7,563700
TRIP,20140429,78.47,81.58,77.19,80.83,2930900
TRMB,20140429,38.45,38.62,38.07,38.25,1460900
TRMK,20140429,22.95,23.07,22.6,22.68,278100
TRNS,20140429,9.33,9.4,9.33,9.4,300
TROV,20140429,5.1,5.92,5.06,5.9,80000
TROVW,20140429,4.19,4.19,4.19,4.19,0
TROW,20140429,81.67,82.1,81.26,81.8,1088300
TRS,20140429,33.2,36.38,33.12,35.81,574800
TRST,20140429,6.7,6.76,6.55,6.56,297800
TRVN,20140429,4.99,5.11,4.85,4.94,52200
TSBK,20140429,10.7,10.76,10.65,10.76,7000
TSC,20140429,12.93,12.94,12.79,12.94,62700
TSCO,20140429,66.93,67.49,65.99,66.75,888300
TSEM,20140429,8,8.19,7.99,8.02,128300
TSLA,20140429,198.21,207.15,195.53,206.92,5787300
TSRA,20140429,22.28,22.35,21.82,21.86,234300
TSRI,20140429,3.1,3.1,3.08,3.08,400
TSRO,20140429,24.21,25.48,23.61,25.14,318800
TST,20140429,2.53,2.54,2.5,2.51,63200
TTEC,20140429,23.79,24.11,23.79,24,113900
TTEK,20140429,28.62,29.09,28.45,28.92,374200
TTGT,20140429,6.51,6.63,6.48,6.49,23300
TTMI,20140429,7.76,7.83,7.65,7.71,268200
TTPH,20140429,9.94,10.43,9.8,10.3,220500
TTS,20140429,13.08,13.37,12.76,13.18,793700
TTWO,20140429,20.38,20.5,20.23,20.38,742700
TUES,20140429,14,14.14,13.77,13.98,300000
TVIX,20140429,6.23,6.29,6.1,6.12,7829300
TVIZ,20140429,29.43,29.43,29.25,29.25,600
TWER,20140429,36,38.6,36,37.8,425400
TWIN,20140429,24.5,27.5,24.5,27.16,143600
TWMC,20140429,3.33,3.37,3.25,3.3,64000
TWOU,20140429,14.97,15.34,14.51,14.98,214800
TXN,20140429,45.82,46.22,45.63,46.12,7783900
TXRH,20140429,24.04,24.67,24.04,24.32,526600
TYPE,20140429,27.21,27.39,26.24,26.31,198400
TZOO,20140429,17.63,18.03,17.44,17.84,128000
UBCP,20140429,8.05,8.05,7.71,7.83,15800
UBFO,20140429,5.6,5.63,5.5,5.63,2700
UBNK,20140429,17.93,18.04,17.52,17.61,71300
UBNT,20140429,37.7,39.47,37.42,38.96,1243700
UBOH,20140429,15.77,15.77,15.77,15.77,100
UBSH,20140429,25.91,25.99,25.59,25.71,124300
UBSI,20140429,29.9,30.12,29.06,29.19,236500
UCBA,20140429,11.44,11.74,11.35,11.46,15500
UCBI,20140429,16.38,16.73,16.01,16.04,363200
UCFC,20140429,3.5,3.54,3.4,3.41,51600
UCTT,20140429,9.12,9.88,8.55,8.73,3072800
UEIC,20140429,34.65,34.95,33.89,34.2,102300
UEPS,20140429,8.98,9.02,8.74,8.88,174700
UFCS,20140429,28.97,29.46,27.94,28.02,34400
UFPI,20140429,51.38,51.38,49.92,50.26,109600
UFPT,20140429,25.6,25.97,25.39,25.68,15200
UG,20140429,29.55,30.25,29.55,30.15,2100
UGLD,20140429,15.67,15.84,15.6,15.66,170400
UHAL,20140429,246.9,247.55,241.75,243.08,26000
UIHC,20140429,15.51,15.63,15,15.38,165800
ULBI,20140429,3.54,3.69,3.54,3.62,12900
ULTA,20140429,86.57,87.16,84.86,86,763400
ULTI,20140429,112.74,121.77,112.74,118.48,684200
UMBF,20140429,58.81,58.91,57.74,58.07,194400
UMPQ,20140429,17.03,17.08,16.55,16.62,1942500
UNAM,20140429,13.22,13.45,13.05,13.16,3600
UNB,20140429,23.7,23.7,23.7,23.7,0
UNFI,20140429,66.41,68.6,66.41,67.63,326500
UNIS,20140429,31.9,31.9,31,31.3,506100
UNTY,20140429,8.41,8.41,8.4,8.4,3300
UNXL,20140429,5.81,6.1,5.81,5.84,164900
URBN,20140429,36.04,36.2,35.7,36.01,973000
URRE,20140429,32.76,33,31.2,31.68,255800
USAK,20140429,18,18.45,17.83,17.92,61400
USAP,20140429,36.17,36.77,35.47,35.85,22600
USAT,20140429,2,2.07,2,2,58300
USCR,20140429,24.97,25.11,23.76,24.04,92800
USEG,20140429,24.66,25.2,24.36,24.78,100300
USLM,20140429,54.4,54.62,53.65,54.02,9900
USLV,20140429,42.82,43.52,42.71,43.16,191100
UTEK,20140429,26.98,27.36,26.83,26.93,321100
UTHR,20140429,91.68,96.24,89.57,94.46,1535500
UTMD,20140429,52.96,53.66,51.75,52.28,3300
UTSI,20140429,2.98,3.04,2.87,2.91,142600
UVSP,20140429,19.85,19.97,19.31,19.53,28800
VALU,20140429,14.99,14.99,14.96,14.96,600
VASC,20140429,23.11,23.78,21.99,22.03,140600
VBFC,20140429,23.36,23.36,21.44,21.44,200
VCIT,20140429,85.3,85.43,85.21,85.4,182700
VCLT,20140429,88.64,88.9,88.49,88.77,134500
VCSH,20140429,80.1,80.13,80.09,80.13,338200
VCYT,20140429,13.19,13.19,12.84,13.01,41600
VDSI,20140429,10.75,10.99,10.34,10.7,466900
VECO,20140429,37,38.35,37,38.03,635100
VGIT,20140429,63.35,63.41,63.31,63.4,11200
VGLT,20140429,69.04,69.23,68.94,69.21,7200
VGSH,20140429,60.89,60.93,60.89,60.92,43400
VIA,20140429,84.7,84.7,83.4,83.87,7800
VIAB,20140429,84.66,84.75,83.21,83.71,1842800
VICL,20140429,11.8,12,11.3,11.7,532000
VICR,20140429,8.18,8.33,8.11,8.13,24800
VIDI,20140429,24.93,24.95,24.84,24.95,38300
VIIX,20140429,55.04,55.21,54.28,54.28,38400
VIIZ,20140429,20.42,20.42,20.25,20.25,600
VIP,20140429,8.4,8.43,8.29,8.34,2487700
VIRC,20140429,2.08,2.2,2.08,2.16,25800
VISN,20140429,20.41,21.3,20.41,20.62,18000
VIVO,20140429,20.28,20.49,19.92,20.09,225500
VLGEA,20140429,24.55,24.65,24.23,24.38,18400
VLTC,20140429,3.34,3.5,3.34,3.49,6100
VMBS,20140429,51.91,51.95,51.88,51.92,124700
VNDA,20140429,12.77,14.14,12.77,14,1013700
VNET,20140429,24.13,25.37,23.8,25.37,679600
VNQI,20140429,55.4,55.42,55.04,55.29,55600
VNR,20140429,31,31.23,30.81,31.06,346700
VNRAP,20140429,26.1,26.32,26.05,26.19,5800
VNRBP,20140429,24.87,25,24.64,24.67,213200
VOD,20140429,37.19,37.58,37.18,37.51,4199200
VONE,20140429,86.35,86.76,86.35,86.76,9400
VONG,20140429,88.55,88.64,88.17,88.59,7400
VONV,20140429,84.85,84.94,84.83,84.85,2300
VOXX,20140429,11.93,12.01,11.76,11.77,64000
VRA,20140429,28.75,29.27,28.5,29.14,408800
VRML,20140429,3.15,3.15,3.11,3.14,27100
VRNS,20140429,23.52,25.09,23.25,24.93,408900
VRNT,20140429,43.13,43.45,42.82,43.21,185700
VRSK,20140429,57.69,58.15,57.31,57.88,453100
VRSN,20140429,47.11,47.42,46.87,47.04,2465700
VRTB,20140429,5.33,5.9,5.31,5.73,9400
VRTS,20140429,179.87,182.95,177.86,178.95,48000
VRTU,20140429,32.33,32.89,32.33,32.5,67200
VRTX,20140429,64.97,67.68,64.19,67.57,1282200
VSAR,20140429,29.69,30,28.5,29.85,196800
VSAT,20140429,64.75,65.08,63.76,64.21,505800
VSEC,20140429,30.4,31,29.865,30.09,15400
VSTM,20140429,8.12,8.53,7.79,8.36,138100
VTHR,20140429,86.77,86.93,86.76,86.9,2400
VTIP,20140429,49.55,49.57,49.53,49.56,50600
VTL,20140429,12.75,13,12.2,12.95,237700
VTNR,20140429,8.12,9.1,7.97,9.01,1024900
VTWG,20140429,93.02,93.67,93.02,93.29,4600
VTWO,20140429,89.06,89.46,88.86,89,31700
VTWV,20140429,85.33,85.4,84.95,84.96,2600
VUSE,20140429,25.49,25.49,25.38,25.4,159100
VVUS,20140429,5.29,5.3,5.02,5.06,2108100
VWOB,20140429,78.46,78.47,78.29,78.37,9300
VXUS,20140429,52.81,52.91,52.5,52.67,910700
WABC,20140429,51.01,51.16,50.03,50.33,201700
WAFD,20140429,21.66,21.86,21.52,21.56,297300
WAFDW,20140429,7.05,7.05,7.05,7.05,0
WASH,20140429,35.09,35.79,34.19,34.33,15900
WATT,20140429,10.6,11.14,10.5,10.69,65500
WAYN,20140429,11.86,11.86,11.86,11.86,0
WB,20140429,17.5,18.73,17.43,18.3,3040400
WBB,20140429,14.27,14.27,14.22,14.22,2100
WBKC,20140429,21.54,21.54,21.5,21.5,400
WBMD,20140429,44.1,44.72,43.94,44.06,829300
WDC,20140429,88.3,88.49,87.02,87.45,2216200
WDFC,20140429,73.47,73.47,72.03,72.24,72900
WEBK,20140429,18.87,18.96,18.57,18.57,1100
WEN,20140429,8.26,8.32,8.16,8.3,6037500
WERN,20140429,25.83,25.83,25.22,25.51,427100
WETF,20140429,11,11.4,10.98,11.24,2168500
WEYS,20140429,25.69,25.89,25.1,25.3,8400
WFBI,20140429,15.03,15.03,15.03,15.03,0
WFM,20140429,49.93,50.05,49.02,49.13,7201400
WHF,20140429,13.4,13.55,13.38,13.48,36000
WHFBL,20140429,25.15,25.5,25.05,25.05,3200
WHLR,20140429,4.59,4.75,4.54,4.67,53700
WIFI,20140429,6.57,6.63,6.45,6.49,107200
WILC,20140429,7.51,7.58,7.51,7.58,5300
WILN,20140429,3.01,3.02,2.99,3.02,32500
WIN,20140429,8.99,9.05,8.93,9.04,6176500
WINA,20140429,77.26,77.39,75.92,76.29,4100
WIRE,20140429,50.3,50.3,48.46,48.97,101400
WIX,20140429,20.09,20.09,19.25,19.88,131800
WLB,20140429,27.57,30.13,27.57,29.26,161400
WLDN,20140429,4.66,4.67,4.66,4.67,300
WLFC,20140429,20.33,20.35,20.1,20.19,8600
WMAR,20140429,10.98,11.04,10.72,10.86,66200
WMGI,20140429,27.89,27.98,27.24,27.72,528700
WMGIZ,20140429,0.94,0.94,0.81,0.83,12100
WOOD,20140429,50.51,50.64,50.26,50.34,34300
WOOF,20140429,30.71,30.94,30.21,30.69,1519700
WPCS,20140429,25.3,25.3,23.1,23.54,205100
WPPGY,20140429,104.74,104.84,103.7,104.38,101800
WPRT,20140429,13.01,13.21,12.76,13.2,616000
WRLD,20140429,78,81,75.55,75.79,460400
WSBC,20140429,30.6,30.6,29.93,30.05,37900
WSBF,20140429,10.43,10.48,10.25,10.33,102400
WSCI,20140429,6.95,6.95,6.95,6.95,500
WSFS,20140429,22.1467,22.7633,22.1467,22.37,50900
WSFSL,20140429,26.38,26.4,26.38,26.38,900
WSTC,20140429,24.91,24.93,24.44,24.66,68600
WSTG,20140429,15.69,16.49,15.51,16.14,69000
WSTL,20140429,3.27,3.28,3.09,3.12,234400
WTBA,20140429,14.99,15,14.6,14.6,15200
WTFC,20140429,44.96,45.14,44.27,44.27,116600
WTFCW,20140429,21.95,21.97,21.95,21.97,1500
WVFC,20140429,11.59,11.59,11.59,11.59,0
WVVI,20140429,6.02,6.03,6,6.03,700
WWD,20140429,44.24,44.31,43.89,44.13,310000
WYNN,20140429,196.36,204.87,195.43,203.61,2517100
XBKS,20140429,6.04,6.04,6.04,6.04,0
XGTI,20140429,20.64,21,19.32,20.76,529700
XGTIW,20140429,9,9,8.4,8.88,5500
XIV,20140429,32.36,32.8,32.22,32.79,6756100
XLNX,20140429,47.13,47.39,46.67,47.05,3308200
XLRN,20140429,32.5,33.86,32.08,33.7,178700
XNCR,20140429,10.07,10.32,9.84,9.88,21100
XOMA,20140429,82.2,97,80.4,91.8,5754200
XONE,20140429,31.82,32.32,30.52,32.32,300100
XPLR,20140429,5.91,6.1,5.91,6,3500
XRAY,20140429,44.8,45.03,44.51,44.53,549900
XTLB,20140429,3.43,3.43,3.43,3.43,0
XXIA,20140429,12.65,12.7,12.45,12.49,204900
YDIV,20140429,20.67,21.46,20.64,21.33,4700
YHOO,20140429,34.37,35.89,34.12,35.83,28736000
YNDX,20140429,24.4,26.09,24.35,25.59,10318700
YOD,20140429,2.8,2.88,2.62,2.72,348000
YORW,20140429,20.28,20.28,19.94,19.99,39000
YRCW,20140429,21.98,22.49,21.8,22.35,737000
YY,20140429,59.3,60,55.25,59.78,4103300
Z,20140429,93.16,104.75,93.16,103.84,3422900
ZAGG,20140429,4.28,4.36,4.27,4.33,138500
ZBRA,20140429,67.26,68.13,65.67,67.53,381900
ZEUS,20140429,26.07,26.26,25.3,26.01,26600
ZGNX,20140429,20.4,21.6,20.16,20.64,1101300
ZION,20140429,28.79,29.05,28.68,28.91,2102100
ZIONW,20140429,5.47,5.51,5.4,5.4,10100
ZIOP,20140429,3.26,3.52,3.25,3.42,708500
ZIV,20140429,40.3,40.63,40.28,40.63,49700
ZIXI,20140429,3.41,3.46,3.34,3.35,336700
ZLTQ,20140429,19.25,19.87,18.94,19.27,531800
ZN,20140429,2.01,2.2,2,2.15,105600
ZNGA,20140429,3.87,4,3.82,3.95,24069600
ZUMZ,20140429,24.25,25,24.13,24.64,229900
