<ticker>,<date>,<open>,<high>,<low>,<close>,<vol>
AAME,20100909,1.44,1.44,1.25,1.43,10900
AAON,20100909,6.7437,6.7555,6.5897,6.6993,23900
AAPL,20100909,37.8629,38.0743,37.56,37.5814,15663300
AAWW,20100909,48.1,48.29,46.52,46.92,190600
AAXJ,20100909,56.94,56.99,56.66,56.83,144700
ABAX,20100909,19.99,20,19.17,19.39,75000
ABCB,20100909,8.61,8.81,8.39,8.44,26400
ABCD,20100909,3.07,3.07,2.89,2.94,11000
ABCO,20100909,21.595,21.615,21.215,21.495,59300
ABIO,20100909,144.9,147.42,144.48,145.32,22000
ABMD,20100909,9.56,9.71,9.49,9.68,95200
ABTL,20100909,4.15,4.2,4.05,4.2,49000
ACAD,20100909,1.04,1.05,1.02,1.04,56300
ACAS,20100909,5.56,5.6,5.47,5.52,2758900
ACAT,20100909,8.28,8.45,7.89,8.09,27600
ACET,20100909,6.19,6.24,6,6.1,66300
ACFC,20100909,2.3,2.3,2.25,2.27,9100
ACGL,20100909,27.08,27.1633,26.9167,27.0767,243900
ACHN,20100909,2.78,2.85,2.77,2.8,43000
ACIW,20100909,6.7967,6.8767,6.6933,6.8567,152100
ACLS,20100909,6,6.08,5.8,5.96,592400
ACOR,20100909,33.35,33.35,32.3,32.44,502100
ACPW,20100909,5.6,5.75,5.3,5.6,306400
ACTG,20100909,16.68,16.68,16.16,16.61,238800
ACTS,20100909,2.14,2.15,2.13,2.15,39400
ACUR,20100909,2.48,2.49,2.41,2.47,13200
ACWI,20100909,41.74,41.74,41.31,41.46,116200
ACWX,20100909,39.8,39.8,39.35,39.53,1593400
ACXM,20100909,13.99,14.31,13.89,14.28,766100
ADBE,20100909,31.9,33.23,31.3,32.86,38740400
ADES,20100909,2.67,2.695,2.625,2.66,5300
ADI,20100909,29.18,29.19,28.68,28.81,2868900
ADP,20100909,35.2238,35.2941,34.943,35.0484,2195400
ADRA,20100909,24.79,24.92,24.74,24.75,4500
ADRD,20100909,20.01,20.01,19.76,19.76,4600
ADRE,20100909,42.62,42.7,42.23,42.45,152700
ADRU,20100909,19.55,19.55,19.55,19.55,0
ADSK,20100909,30.5,30.67,30.14,30.38,1933900
ADTN,20100909,33.13,33.64,32.91,33.6,1195100
ADUS,20100909,4.64,4.68,4.61,4.68,1500
AEHR,20100909,1.24,1.33,1.24,1.33,2800
AEIS,20100909,14.39,14.42,13.75,14.15,596400
AEPI,20100909,24.28,24.28,20.03,22.6,99500
AETI,20100909,2.18,2.24,2.17,2.24,4200
AEY,20100909,3.06,3.06,2.98,3.05,10300
AEZS,20100909,678,708,654,654,1080400
AFAM,20100909,25.97,26.33,25.69,26.06,33600
AFSI,20100909,7.11,7.115,6.93,7.035,81400
AGEN,20100909,0.79,0.84,0.79,0.82,358000
AGII,20100909,32.41,32.7,32.21,32.65,128700
AGNC,20100909,28.5,28.51,27.95,28.05,1196100
AGYS,20100909,4.98,5.25,4.96,5.07,137100
AHGP,20100909,38.45,39.85,38.09,38.55,168300
AHPI,20100909,4.12,4.21,4.12,4.21,7300
AIMC,20100909,13.99,13.99,13.18,13.29,80400
AINV,20100909,10.29,10.4,10.24,10.32,1129200
AIRM,20100909,13.6667,13.68,13.5267,13.5933,84100
AIRT,20100909,8.77,9,8.77,9,5700
AIXG,20100909,25,25.11,24.61,24.91,509300
AKAM,20100909,51,51.29,50,50.12,2689700
AKRX,20100909,3.59,3.64,3.5,3.57,145500
ALCO,20100909,22.11,22.15,21.17,21.27,4800
ALGN,20100909,17.12,17.17,16.79,17.05,289700
ALGT,20100909,38.74,39.31,38.49,39.04,206000
ALIM,20100909,9.07,9.07,8.72,8.89,21500
ALKS,20100909,14.07,14.07,13.62,13.72,629800
ALLT,20100909,5.7,5.7,5.58,5.6,12900
ALNY,20100909,14.49,14.52,14.07,14.18,104700
ALOG,20100909,42.35,42.35,41.43,41.65,12100
ALOT,20100909,6.87,6.87,6.87,6.87,200
ALSK,20100909,9.75,9.84,9.69,9.78,274500
ALXN,20100909,29.745,29.75,29.29,29.425,479200
AMAG,20100909,25.73,25.95,25.13,25.23,144600
AMAT,20100909,10.71,10.96,10.61,10.78,24305400
AMCC,20100909,11.42,11.52,11.16,11.28,1107800
AMCN,20100909,3.97,3.97,3.86,3.89,86400
AMD,20100909,5.95,5.95,5.82,5.86,17213300
AMED,20100909,24.2,24.63,23.99,24.28,367500
AMGN,20100909,53.33,53.9,53.18,53.79,5581700
AMKR,20100909,5.53,5.55,5.38,5.46,1927500
AMNB,20100909,20.8,20.97,20.7,20.81,2700
AMOT,20100909,4.25,4.4,4.23,4.36,4700
AMOV,20100909,24.55,24.55,24.285,24.405,2600
AMPH,20100909,32.3,32.4,32.28,32.32,39800
AMRB,20100909,5.81,5.86,5.65,5.75,21200
AMRI,20100909,6.36,6.51,6.31,6.45,57800
AMRN,20100909,3.09,3.11,2.97,3,162200
AMSC,20100909,295.2,296.9,289.5,295.9,463700
AMSF,20100909,17.9,18.06,17.69,18.03,74100
AMSG,20100909,17.29,17.29,16.91,17.04,92600
AMSWA,20100909,5.22,5.24,5.03,5.18,26300
AMTD,20100909,15.16,15.34,15.16,15.23,4689300
AMWD,20100909,15.62,15.62,15.23,15.39,14000
AMZN,20100909,140.39,141.37,139.26,140.38,4966500
ANAT,20100909,77.49,77.97,75.55,76.74,17300
ANCX,20100909,6.1,6.1,6.1,6.1,3400
ANDE,20100909,24.1933,24.2867,23.88,24.0667,215800
ANGO,20100909,14.09,14.09,13.62,13.7,204400
ANIK,20100909,5.2,5.27,5.09,5.11,26000
ANSS,20100909,41.07,41.4,40.21,40.5,376400
ANTH,20100909,28.96,29.04,28,28.16,14500
AOSL,20100909,11.41,11.41,11.15,11.22,11400
APEI,20100909,26.73,27.15,26.4,27.11,143000
APOG,20100909,9.34,9.46,9.19,9.4,151300
APOL,20100909,45.63,47.05,45.5,46.89,2408700
APPY,20100909,26.4,26.4,25.44,25.92,133500
ARAY,20100909,6.13,6.14,5.96,6,259300
ARCC,20100909,15.86,15.95,15.72,15.8,904400
ARCI,20100909,2.82,2.85,2.6,2.6,12600
ARCW,20100909,1.06,1.06,1.06,1.06,0
AREX,20100909,8.97,9.14,8.9,9.02,90100
ARIA,20100909,3.57,3.59,3.53,3.56,903100
ARII,20100909,13,13.12,12.55,12.65,43500
ARKR,20100909,14.98,15,14.67,14.67,1500
ARLP,20100909,28.135,28.28,27.88,28.14,65600
ARNA,20100909,7.46,7.5,7.07,7.21,7620300
AROW,20100909,23.84,23.86,23.49,23.75,22700
ARQL,20100909,5.51,5.64,5.41,5.55,258000
ARRS,20100909,8.6,8.62,8.48,8.55,818600
ARRY,20100909,2.93,2.94,2.85,2.85,102200
ARTNA,20100909,17.95,17.95,17.65,17.68,4100
ARTW,20100909,6.15,6.16,5.91,5.95,1300
ARTX,20100909,1.6,1.68,1.6,1.68,11600
ARWR,20100909,0.99,1.01,0.96,0.99,160100
ASCMA,20100909,28.31,28.31,27.97,28.11,13600
ASFI,20100909,8.3,8.3,8.06,8.18,9000
ASML,20100909,26.83,26.85,26.47,26.55,1405400
ASPS,20100909,26.83,26.92,26.53,26.87,48400
ASRV,20100909,1.72,1.72,1.62,1.7,2000
ASRVP,20100909,23.75,23.75,23.75,23.75,400
ASTC,20100909,1.3,1.3,1.22,1.22,67400
ASTE,20100909,29.44,29.44,28.01,28.45,132700
ASUR,20100909,1.62,1.7733,1.62,1.7067,4800
ASYS,20100909,15.75,16.15,15.37,15.49,276300
ATAI,20100909,2.88,2.89,2.85,2.85,11600
ATAX,20100909,5.55,5.58,5.49,5.56,125300
ATEC,20100909,25.32,26.16,24.96,25.8,576100
ATHN,20100909,28.66,28.97,28.13,28.31,368600
ATHX,20100909,2.84,2.96,2.84,2.85,27800
ATLO,20100909,18.1,18.1,17.54,17.61,3800
ATNI,20100909,46.25,46.96,45.8,46.54,31900
ATRC,20100909,7.8,7.9,7.6,7.85,90700
ATRI,20100909,143,143.47,143,143.47,600
ATRO,20100909,12.9667,13.2,12.625,13.125,26600
ATSG,20100909,4.94,4.94,4.79,4.87,153300
ATVI,20100909,11.16,11.25,11.09,11.21,5227500
AUBN,20100909,20.22,22,20.22,21.2,3300
AUDC,20100909,2.75,2.78,2.74,2.78,45000
AVAV,20100909,22.55,23.34,22.24,22.52,561900
AVEO,20100909,8.82,8.82,8.25,8.4,29100
AVGO,20100909,20.13,20.3,19.49,19.67,1549900
AVID,20100909,11.32,11.46,11.24,11.38,65300
AVNW,20100909,47.52,48.36,45.6,46.08,342400
AWRE,20100909,2.22,2.22,2.22,2.22,600
AXAS,20100909,2.69,2.7,2.63,2.65,267800
AXTI,20100909,5.95,6.4,5.92,6,1711500
AZPN,20100909,10,10.05,9.82,10,227500
BABY,20100909,12.87,12.9,12.59,12.68,114600
BANF,20100909,38.52,38.56,37.58,38.09,10400
BANFP,20100909,26.4,26.4,26.4,26.4,500
BANR,20100909,16.17,16.59,15.61,16.24,1016800
BASI,20100909,0.9,0.9,0.9,0.9,1700
BBBY,20100909,39.6,39.85,39.31,39.47,2901300
BBGI,20100909,3.82,4.05,3.45,3.7,13500
BBOX,20100909,29.78,29.78,28.88,29.29,33000
BBRY,20100909,45,46.1,44.83,45.02,12802000
BBSI,20100909,14.3,14.3,14.09,14.14,4800
BCBP,20100909,8.69,8.7,8.6,8.6,700
BCOM,20100909,22.84,22.84,22.84,22.84,100
BCPC,20100909,25.34,25.34,24.91,25.26,48000
BCRX,20100909,5.25,5.37,5.21,5.28,249800
BDE,20100909,6.31,6.39,6.24,6.32,2300
BDGE,20100909,22.58,22.65,22.13,22.13,3500
BDSI,20100909,2.6,2.6,2.54,2.55,44900
BEAT,20100909,4.5,4.52,4.4,4.46,201000
BEAV,20100909,30.56,30.69,29.56,29.79,607200
BEBE,20100909,6.13,6.13,5.98,6.02,206700
BECN,20100909,14.65,14.76,14.4,14.56,228900
BELFA,20100909,19.22,19.48,18.29,19,8900
BELFB,20100909,18.86,18.86,18.31,18.73,6800
BFIN,20100909,9.19,9.19,8.98,9.11,18400
BGCP,20100909,5.5,5.5,5.39,5.43,273000
BGFV,20100909,12.41,12.64,11.86,11.91,91500
BIB,20100909,5.9888,6.0388,5.9738,5.9738,2300
BICK,20100909,29.72,29.75,29.5,29.74,12300
BIDU,20100909,85.23,85.55,83.29,83.83,6163500
BIIB,20100909,57.23,57.44,56.6,57.01,2218600
BIOC,20100909,10.5,10.68,10.35,10.53,9900
BIOS,20100909,5.02,5.06,4.92,5.02,135300
BIS,20100909,264.04,264.04,259,261.36,1900
BJRI,20100909,27.55,27.63,26.86,27.16,53000
BKCC,20100909,11.55,11.68,11.45,11.65,505900
BKMU,20100909,5.12,5.22,5.05,5.06,126700
BKSC,20100909,12.4,12.4,11.5,11.75,1100
BLDP,20100909,1.76,1.81,1.76,1.81,54500
BLDR,20100909,2.16,2.22,2,2.01,174900
BLIN,20100909,5.05,5.25,3.85,5.05,43600
BLKB,20100909,22.08,22.14,21.93,22.07,145300
BMRC,20100909,32.2,32.37,31.51,31.6,1500
BMRN,20100909,22.75,22.79,22.38,22.62,597600
BMTC,20100909,16.69,16.75,16.54,16.65,11000
BNCL,20100909,8.76,8.78,8.66,8.75,75500
BNCN,20100909,9.73,9.74,9.71,9.74,400
BNSO,20100909,1.1,1.18,1.1,1.18,400
BOBE,20100909,27.52,27.57,26.8,26.93,80100
BOCH,20100909,3.88,4.08,3.88,3.95,15600
BOFI,20100909,2.9775,3.0825,2.9325,3.0725,67800
BOKF,20100909,45.4,45.73,44.92,45.1,111900
BONT,20100909,7.32,7.81,7.19,7.42,140200
BOOM,20100909,14.9,15.02,14.43,14.67,53500
BOSC,20100909,7.96,8.44,7.24,8.08,26700
BPFH,20100909,6.99,6.99,6.64,6.73,315900
BPOP,20100909,27.5,28,27.3,28,4651800
BPOPM,20100909,18.75,18.75,18.75,18.75,0
BPOPN,20100909,20.12,20.49,20,20.27,7200
BRCD,20100909,6,6.03,5.85,5.95,12040200
BRID,20100909,12.02,12.08,11.88,11.88,3500
BRKL,20100909,9.91,10.04,9.81,9.9,505200
BRKR,20100909,13.56,13.8,13.45,13.61,485800
BRKS,20100909,5.76,5.85,5.54,5.56,768400
BSET,20100909,4.66,4.95,4.65,4.95,21700
BSFT,20100909,8.11,8.32,7.9,8.05,71900
BSPM,20100909,53.13,53.97,50.4,51.03,35000
BSQR,20100909,2.98,3.07,2.73,2.9,36400
BSRR,20100909,11.59,12.15,11.59,12.05,37200
BSTC,20100909,23.8,23.9,22.71,23.51,16100
BUSE,20100909,4.39,4.42,4.25,4.29,43900
BVSN,20100909,10.72,10.72,10.51,10.51,3000
BWEN,20100909,17.4,17.8,17.2,17.3,262400
BWINA,20100909,20.8,20.8,20.8,20.8,0
BWINB,20100909,22.37,22.37,21.99,22.15,5400
BWLD,20100909,47.66,47.74,47,47.22,163100
BYFC,20100909,2.19,2.19,2.19,2.19,0
CA,20100909,19.5,19.54,19.25,19.36,3470000
CAAS,20100909,15.57,15.8,15.05,15.19,180900
CAC,20100909,31.36,31.55,30.98,31.52,8200
CACB,20100909,0.56,0.6,0.55,0.6,45900
CACC,20100909,59.9,60,59.12,59.52,16700
CADC,20100909,41.4,42.24,39.84,42,59300
CAKE,20100909,26.18,26.18,25.21,25.49,946600
CALD,20100909,3.53,3.57,3.5,3.54,27200
CALI,20100909,18.9,19.44,18.78,18.84,6700
CALL,20100909,12.445,12.805,12.03,12.395,53800
CALM,20100909,15.265,15.445,14.995,15.04,125300
CAMP,20100909,2.52,2.54,2.43,2.5,33900
CAMT,20100909,2.29,2.3,2.29,2.3,3400
CART,20100909,6.24,6.24,6.24,6.24,100
CARV,20100909,3.43,3.43,3.43,3.43,0
CASH,20100909,33.9,34.01,32.36,32.75,900
CASM,20100909,2.45,2.45,2.45,2.45,0
CASS,20100909,33.43,33.7,32.83,33.39,7500
CASY,20100909,43.3,44.04,42.77,43.95,2593300
CATM,20100909,15.12,15.12,14.37,14.66,160900
CATY,20100909,10.23,10.69,10.14,10.62,582800
CAVM,20100909,25.95,26.15,24.97,25.03,969000
CBAK,20100909,8.35,8.5,8.3,8.3,233900
CBAN,20100909,5.87,6.26,5.76,5.76,3200
CBLI,20100909,85.6,86,81,83,37400
CBMX,20100909,409.5,441,409.5,421.5,4000
CBOE,20100909,22.51,22.51,21.51,21.8,214300
CBPO,20100909,10.93,10.94,10.52,10.77,16100
CBRL,20100909,48,48.71,46.96,47.25,314900
CBSH,20100909,37.49,37.75,37.13,37.44,280300
CCBG,20100909,11.46,11.49,11.17,11.39,12500
CCMP,20100909,30.21,30.41,29.89,30.06,67600
CCNE,20100909,13.19,13.37,13,13.11,9700
CCOI,20100909,8.86,8.86,8.65,8.7,54900
CCRN,20100909,7.54,7.65,7.23,7.31,48800
CCUR,20100909,6.18,6.45,6.18,6.44,26500
CDNS,20100909,7.25,7.43,7.24,7.34,5652400
CDTI,20100909,4.35,4.7,4.35,4.65,2100
CDXS,20100909,8.47,8.67,8.09,8.16,12500
CDZI,20100909,10.27,10.44,10,10.04,39300
CECE,20100909,5.56,5.81,5.5,5.7,49900
CECO,20100909,18.1,18.6,17.79,18.46,1078500
CELG,20100909,27.295,27.36,26.9,26.945,2247000
CENT,20100909,9.77,9.77,9.55,9.62,22400
CENTA,20100909,9.79,9.79,9.55,9.6,135400
CENX,20100909,11.25,11.28,10.74,10.87,1251300
CERN,20100909,19.7325,19.8025,19.545,19.62,405600
CERS,20100909,3.75,3.82,3.64,3.71,700900
CETV,20100909,22.52,22.57,21.8,21.89,137400
CEVA,20100909,13.3,13.49,12.82,13.01,214900
CFBK,20100909,4.75,4.75,4.5,4.75,3100
CFFI,20100909,18,18,17.88,18,700
CFFN,20100909,25.62,25.82,25.08,25.33,173900
CFNB,20100909,12.42,12.71,12.42,12.5,800
CFNL,20100909,9.75,9.86,9.61,9.82,63800
CGEN,20100909,4.2,4.22,4.07,4.15,34100
CGNX,20100909,10.405,10.475,10.265,10.355,53900
CHCI,20100909,1.46,1.47,1.35,1.39,45400
CHCO,20100909,28.65,28.95,28.21,28.56,23000
CHDN,20100909,35.72,35.85,34.97,35.51,10500
CHFC,20100909,20.15,20.46,19.85,20.11,20700
CHFN,20100909,9.6937,9.6937,9.3493,9.3493,1500
CHKE,20100909,17.82,17.84,17.63,17.78,46600
CHKP,20100909,34.24,34.35,33.86,34.07,2083400
CHNR,20100909,9.89,10.01,9.89,10.01,1400
CHRS,20100909,3.44,3.5,3.39,3.46,1760000
CHRW,20100909,68.12,68.34,67.47,67.69,1121500
CHSCP,20100909,28.56,28.95,28.56,28.95,16200
CIDM,20100909,14,14,14,14,700
CINF,20100909,28.27,28.38,28.02,28.25,1042700
CISG,20100909,22.14,22.48,21.83,21.92,381700
CIZN,20100909,20.22,20.22,19.94,19.97,1300
CJJD,20100909,5.4,5.4,5.25,5.35,21400
CKEC,20100909,6.71,7.37,6.07,7.26,117500
CLBH,20100909,3,3,3,3,100
CLCT,20100909,14,14.47,14,14.35,42700
CLDX,20100909,3.6,3.61,3.4,3.42,407000
CLFD,20100909,2.6,2.64,2.53,2.6,17000
CLMS,20100909,10.19,10.33,10.01,10.23,68600
CLMT,20100909,18.52,18.94,18.49,18.86,133700
CLNE,20100909,14.93,15,14.49,14.55,610400
CLRO,20100909,3.27,3.4,3.27,3.4,2000
CLSN,20100909,3.25,3.25,3.1,3.24,19800
CLUB,20100909,2.77,2.77,2.56,2.56,14900
CLWT,20100909,8.305,8.305,7.975,7.975,13800
CMCO,20100909,13.79,14,13.41,13.61,26700
CMCSA,20100909,18.12,18.18,17.9,17.98,9978600
CME,20100909,52.956,53.062,51.944,52.47,377000
CMLS,20100909,18.64,19.2,17.92,17.92,31900
CMTL,20100909,22.81,23.29,22.81,23.23,656900
CNBKA,20100909,21.78,21.78,21.5,21.53,5000
CNIT,20100909,5.1,5.1,4.92,4.97,122600
CNMD,20100909,19.6,19.6,19.26,19.45,59600
CNOB,20100909,7.41,7.47,7.4,7.41,3400
CNSL,20100909,17.96,18,17.83,17.99,90800
CNTF,20100909,17.6,17.75,17.15,17.75,94500
CNTY,20100909,2.02,2.05,1.98,2,8600
COBZ,20100909,5.37,5.57,5.37,5.46,137200
COGT,20100909,11.14,11.19,11.07,11.14,1209800
COHR,20100909,38.5,38.5,37.8,38.15,109100
COHU,20100909,11.48,11.62,11.36,11.59,52100
COKE,20100909,51.43,51.43,50.5,51.02,11700
COLB,20100909,18.88,18.95,18.72,18.89,190400
COLM,20100909,26.06,26.34,25.59,25.625,189700
CONN,20100909,5.05,5.06,4.66,4.77,197400
COOL,20100909,29.4,29.4,28.14,28.98,24900
CORE,20100909,6.905,6.905,6.8125,6.8675,23100
CORT,20100909,3.06,3.21,2.96,3.19,57000
COST,20100909,59.5,59.51,58.83,58.94,2622800
COWN,20100909,3.55,3.55,3.4,3.44,170500
CPHC,20100909,7.89,7.99,7.8,7.8,1200
CPIX,20100909,5.05,5.15,4.89,4.98,54400
CPLA,20100909,61.98,61.99,57.01,59.79,678100
CPLP,20100909,8.1,8.26,8.08,8.1,125600
CPRT,20100909,17.365,17.43,17.21,17.27,162100
CPRX,20100909,1.14,1.15,1.09,1.15,14800
CPSI,20100909,42,42,41.24,41.63,26100
CPSS,20100909,0.73,0.77,0.72,0.77,5600
CPST,20100909,13.6,13.8,13.4,13.6,975300
CRAI,20100909,17.22,17.34,16.4,16.55,21900
CRAY,20100909,5.73,5.78,5.62,5.7,86500
CREE,20100909,51.34,51.5,48.51,49.4,12330600
CREG,20100909,31.4,31.5,29.5,29.8,40900
CRESY,20100909,14.53,14.89,14.52,14.86,65600
CRIS,20100909,1.35,1.36,1.31,1.34,205300
CRME,20100909,31.6,31.95,31.05,31.25,215800
CRMT,20100909,25.58,25.58,24.81,25.07,46500
CRNT,20100909,9.26,9.62,9.18,9.55,445600
CROX,20100909,14,14.03,11.53,11.63,18731000
CRUS,20100909,16.66,16.7,15.81,16.02,4480600
CRVL,20100909,19.48,19.635,19.04,19.43,18700
CRWS,20100909,4.32,4.36,4.3,4.3,10200
CRZO,20100909,23.46,23.78,22.72,22.77,619300
CSBK,20100909,8.38,8.38,8.25,8.26,7900
CSCO,20100909,20.96,21.05,20.58,20.61,43600900
CSFL,20100909,8.97,8.97,8.66,8.78,26000
CSGP,20100909,43.61,43.97,43.44,43.8,62500
CSGS,20100909,19.81,19.96,19.43,19.64,132100
CSII,20100909,5.15,5.15,4.99,5,11600
CSIQ,20100909,12.66,13,12.37,12.38,818700
CSPI,20100909,4.2,4.2,4.18,4.2,700
CSTR,20100909,43.64,44.53,42.88,43.11,1026200
CSWC,20100909,22.7875,22.7875,22.1625,22.4375,3900
CSX,20100909,18.4,18.4067,17.8567,17.99,3314300
CTAS,20100909,27.24,27.31,26.94,27.11,1301300
CTBI,20100909,26.96,27,26.12,26.54,13700
CTHR,20100909,2.29,2.34,2.26,2.26,14400
CTIB,20100909,6.08,6.22,5.79,5.86,13500
CTIC,20100909,1.9,1.95,1.9,1.95,1120300
CTRN,20100909,22.93,23,22.4,22.49,63000
CTRP,20100909,20.625,20.875,20,20.21,1386700
CTSH,20100909,31.95,31.985,30.635,30.87,4241600
CTWS,20100909,23.44,23.45,23.18,23.45,11300
CTXS,20100909,63.78,63.83,62.31,62.79,3154400
CUBA,20100909,6.25,6.29,6.24,6.29,3800
CUTR,20100909,7.22,7.22,7,7.13,24100
CVBF,20100909,7.01,7.21,7,7.05,717300
CVCO,20100909,34.79,35.75,34.68,35.51,21800
CVCY,20100909,5.51,5.52,5.4,5.4,5200
CVGI,20100909,10.36,10.53,9.73,9.77,68800
CVGW,20100909,19.51,20.15,19.51,20.08,65500
CVLT,20100909,26.75,26.75,25.98,26.34,468000
CVLY,20100909,8.29,8.29,8.26,8.26,200
CVTI,20100909,7.73,7.73,7.35,7.61,60900
CVV,20100909,4.25,4.3,4.24,4.3,4200
CWBC,20100909,2.56,2.56,2.56,2.56,100
CWCO,20100909,9.02,9.06,8.65,8.74,96100
CWST,20100909,4.5,4.5,4.26,4.32,87100
CXDC,20100909,5.4,5.45,5.05,5.45,58400
CY,20100909,11.6,11.78,11.54,11.55,3346700
CYAN,20100909,2.7,2.7,2.56,2.6,3000
CYBE,20100909,8.81,8.95,8.23,8.75,7000
CYCC,20100909,126.84,136.08,126.84,131.04,439200
CYCCP,20100909,3.5,3.5,3.5,3.5,0
CYNO,20100909,9.5,9.57,9.41,9.56,19000
CYOU,20100909,26.44,26.73,26.03,26.11,80800
CYTK,20100909,14.04,14.94,13.92,14.88,224200
CYTR,20100909,5.04,5.04,4.83,4.9,264100
CYTX,20100909,70.65,73.5,70.65,72,212700
CYTXW,20100909,3.17,3.17,3.16,3.16,2100
CZFC,20100909,6.8,6.8,6.8,6.8,0
CZNC,20100909,11.44,11.44,11.14,11.17,6300
CZWI,20100909,4,4.1,3.8,3.8,9200
DAIO,20100909,4.39,4.54,4.39,4.41,11900
DAKT,20100909,10.46,10.63,10.03,10.2,420100
DAVE,20100909,8.28,8.43,8.26,8.4,5600
DCOM,20100909,12.56,12.58,12.37,12.56,87100
DCTH,20100909,110.72,111.2,102.08,104.16,979200
DENN,20100909,2.71,2.8,2.63,2.68,442500
DEPO,20100909,3.81,3.9,3.79,3.86,107300
DEST,20100909,12.9,13.815,12.9,13.48,50400
DGAS,20100909,14.84,14.965,14.51,14.965,600
DGICA,20100909,11.4,11.64,11.4,11.55,22200
DGICB,20100909,17.26,17.26,17.26,17.26,100
DGII,20100909,8.11,8.21,7.98,8.06,74900
DGLY,20100909,1.7,1.71,1.65,1.66,52300
DHIL,20100909,54.04,54.75,53.25,53.59,6300
DHRM,20100909,5.23,6.4,5.23,6.01,61600
DIOD,20100909,15.56,16.14,15.2,15.4,726400
DISCA,20100909,39.6,39.7,38.94,39.14,1221800
DISCB,20100909,39.35,39.35,39.35,39.35,0
DISCK,20100909,17.57,17.61,17.25,17.38,676300
DISH,20100909,18.48,18.64,18.28,18.45,1759000
DJCO,20100909,69.5,69.5,69.5,69.5,0
DLBS,20100909,47.36,47.71,47.36,47.55,3300
DLTR,20100909,23.5,23.665,22.835,23.015,1667000
DMLP,20100909,23.85,24.09,23.85,24.07,90700
DMRC,20100909,22.1,22.23,21.55,21.73,38400
DNBF,20100909,7,7,7,7,1400
DORM,20100909,12.645,12.645,12.39,12.585,150200
DRAD,20100909,2,2,1.96,2,26500
DRAM,20100909,31.5,32.22,29.88,30.78,13900
DRRX,20100909,2.3,2.33,2.27,2.3,92200
DRWI,20100909,166.75,184,166.25,177.25,697100
DRYS,20100909,6345,6405,6150,6270,17310100
DSCI,20100909,4.68,4.68,4.68,4.68,0
DSGX,20100909,6.37,6.39,6.12,6.28,12600
DSPG,20100909,6.87,6.9,6.7,6.77,38700
DSWL,20100909,3.34,3.34,3.15,3.22,24500
DTLK,20100909,3.1,3.19,3.07,3.07,5800
DTSI,20100909,37.49,37.89,36.72,36.94,184600
DTUS,20100909,50.38,50.38,50.35,50.35,5500
DTYS,20100909,49.82,49.98,49.79,49.98,6200
DVAX,20100909,17,17,16.9,16.9,164800
DWCH,20100909,2.43,2.43,2.43,2.43,0
DWSN,20100909,24.5,24.67,23.62,24.19,40800
DXCM,20100909,13.35,13.67,13.22,13.48,289000
DXPE,20100909,19.2,19.2,18.26,18.4,27900
DXYN,20100909,3.17,3.17,3.14,3.14,200
DYNT,20100909,3.45,3.45,3.45,3.45,100
EBAY,20100909,10.3663,10.3705,10.0758,10.2316,14534500
EBIX,20100909,19.1,19.19,18.62,18.84,286400
EBMT,20100909,9.24,9.25,9.15,9.25,15500
EBSB,20100909,4.3096,4.4771,4.3096,4.4771,3300
EBTC,20100909,10.99,10.99,10.98,10.98,400
ECHO,20100909,13,13.04,12.87,13.01,47500
ECOL,20100909,13.3,13.4,13.05,13.19,46800
ECPG,20100909,20.66,20.88,20.51,20.81,49100
EDAP,20100909,2.43,2.64,2.3,2.38,141200
EDGW,20100909,2.92,2.92,2.92,2.92,100
EDUC,20100909,6,6,5.56,5.72,4000
EEFT,20100909,15.5,15.87,15.38,15.67,164900
EEI,20100909,12.5,12.51,12.5,12.5,800
EFII,20100909,11.05,11.08,10.77,10.86,107200
EFOI,20100909,1.75,1.75,1.71,1.71,37400
EFSC,20100909,8.4,8.46,8.24,8.24,10400
EFUT,20100909,5.34,5.5,5.34,5.5,700
EGBN,20100909,11.89,11.99,11.64,11.91,22700
EGHT,20100909,1.8,1.82,1.6,1.6,776800
EGLE,20100909,7185.6,7344,7142.4,7272,1044600
EGOV,20100909,7.41,7.41,7.2,7.3,154600
EHTH,20100909,11.55,11.73,11.42,11.56,331400
ELGX,20100909,4.41,4.41,4.3,4.31,40600
ELNK,20100909,8.62,8.65,8.51,8.57,804200
ELON,20100909,87.1,87.1,79,79.5,385300
ELOS,20100909,8.2,8.31,8.15,8.28,75000
ELSE,20100909,4.01,4.04,4,4.04,500
ELTK,20100909,0.9,0.9,0.9,0.9,3300
EMCF,20100909,15.75,15.75,15.75,15.75,0
EMCI,20100909,13.6667,13.7333,13.5667,13.6333,21400
EMIF,20100909,30.69,30.69,30.53,30.63,8500
EMITF,20100909,814.2,814.2,814.2,814.2,100
EMKR,20100909,3.6,3.72,3.52,3.52,114900
EMMS,20100909,5.8,5.88,4.68,4.88,1094500
ENDP,20100909,28.55,28.72,28.33,28.36,739600
ENG,20100909,2.29,2.53,2.29,2.44,195600
ENOC,20100909,34,34,32.33,32.94,201400
ENSG,20100909,8.755,8.915,8.655,8.815,43800
ENTG,20100909,4.39,4.49,4.27,4.29,1393500
EPAY,20100909,14.88,14.88,14.64,14.79,64600
EQIX,20100909,95.01,96.08,94.46,95.25,372300
ERIC,20100909,10.95,11.06,10.88,11.01,6977100
ERIE,20100909,54.18,54.37,53.87,54.25,37700
ERII,20100909,3.33,3.36,3.25,3.31,300500
ESBK,20100909,15.93,15.99,15.93,15.99,400
ESCA,20100909,4.81,5,4.74,4.89,5400
ESEA,20100909,3.89,3.96,3.88,3.96,21800
ESGR,20100909,71.39,72,70.23,71.33,19200
ESIO,20100909,11.22,11.27,11.01,11.05,52400
ESLT,20100909,51.24,51.24,50.75,50.97,4900
ESMC,20100909,1.64,1.65,1.56,1.58,1100
ESRX,20100909,44.66,45.09,43.84,44.93,5507700
ESSA,20100909,11.42,11.5,11.27,11.37,26900
ETFC,20100909,14.02,14.43,14.01,14.34,2598600
ETRM,20100909,25.95,26.25,24.9,26.25,59000
EUFN,20100909,21.89,21.89,21.63,21.72,8800
EVBS,20100909,3.11,3.12,3.11,3.12,5100
EVEP,20100909,34.51,34.74,34.2,34.56,163900
EVK,20100909,2.48,2.48,2.4,2.4,300
EVOL,20100909,7.35,7.4,7.11,7.4,71000
EWBC,20100909,16.06,16.24,15.98,16.23,957300
EXAC,20100909,14.68,14.69,14.34,14.64,26000
EXAS,20100909,5.17,5.9,5.17,5.52,2022100
EXEL,20100909,3.88,3.94,3.71,3.74,1938800
EXFO,20100909,5.68,5.71,5.55,5.58,9800
EXLS,20100909,17.8,17.81,17.4,17.7,18500
EXPD,20100909,43.68,43.73,42.72,42.98,1558000
EXPE,20100909,25.44,25.79,25.09,25.54,4210500
EXPO,20100909,16.4,16.45,15.95,16.225,21200
EXTR,20100909,3.07,3.09,3.02,3.07,459900
EZPW,20100909,18.79,18.97,18.49,18.7,315300
FALC,20100909,3.59,3.59,3.42,3.56,116600
FARM,20100909,15.5,15.62,15.15,15.35,10600
FARO,20100909,18.8,18.8,18.22,18.44,30400
FAST,20100909,25.095,25.26,24.965,25.16,1093800
FBIZ,20100909,9.4,9.4,9.4,9.4,0
FBMS,20100909,8,8,8,8,0
FBNC,20100909,12.35,12.52,12.06,12.21,24400
FBSS,20100909,15.91,15.91,15.91,15.91,0
FCAP,20100909,15.53,15.53,15.53,15.53,0
FCBC,20100909,13.37,13.43,12.97,13.03,26000
FCCO,20100909,5.45,5.45,5.45,5.45,2000
FCCY,20100909,7,7,7,7,0
FCEL,20100909,13.2,13.44,13.08,13.32,526800
FCNCA,20100909,184.17,184.99,180.35,182.05,6600
FDEF,20100909,10.07,10.19,9.82,10,3300
FDML,20100909,17.49,17.69,17.05,17.21,30700
FEIM,20100909,5.4,5.47,5.4,5.47,13800
FELE,20100909,16.66,16.685,16.17,16.37,42600
FFBC,20100909,16.51,16.69,16.05,16.28,199500
FFBCW,20100909,7.5,7.5,7.5,7.5,0
FFHL,20100909,1.07,1.08,1.07,1.08,9200
FFIC,20100909,10.8,10.89,10.65,10.88,72500
FFIN,20100909,15.5767,15.5767,15.18,15.26,34500
FFIV,20100909,97,98.01,94.7,95.73,2076800
FFKT,20100909,5.25,5.25,5.06,5.18,9000
FFNW,20100909,3.94,4.2,3.93,4.13,38500
FHCO,20100909,4.89,4.89,4.76,4.81,16800
FIBK,20100909,13.49,13.59,13.02,13.19,94400
FINL,20100909,14.6,14.7,14.16,14.23,683600
FISI,20100909,15.74,16.01,15.6,15.72,16300
FISV,20100909,26.215,26.225,26.01,26.115,674300
FITB,20100909,11.87,12.11,11.78,11.96,11359700
FIZZ,20100909,14.98,14.98,14.77,14.81,11800
FLAT,20100909,50.52,50.52,50.52,50.52,2300
FLEX,20100909,5.5,5.61,5.49,5.56,8217900
FLIC,20100909,16.5,16.5,16.2267,16.3533,5300
FLIR,20100909,26.62,26.72,26.06,26.19,1872900
FLML,20100909,7.45,7.72,7.27,7.32,37100
FLWS,20100909,1.7,1.78,1.65,1.73,588300
FLXS,20100909,14.57,14.57,14.38,14.51,5200
FMBI,20100909,11.48,11.53,11.12,11.3,395800
FNGN,20100909,13.29,13.96,13.17,13.89,319500
FNLC,20100909,13.32,13.38,13.18,13.18,3600
FNSR,20100909,15.62,15.79,15.1,15.44,3233200
FOLD,20100909,3.28,3.34,3.22,3.29,18600
FONR,20100909,1.52,1.54,1.46,1.48,9700
FORD,20100909,3.62,3.72,3.61,3.61,5800
FORM,20100909,7.51,7.94,7.47,7.61,1133700
FORR,20100909,32.03,32.03,31.53,31.64,34200
FORTY,20100909,14.2,14.2,14.02,14.09,8700
FOSL,20100909,50.5,51.2,50.5,50.85,731900
FRBK,20100909,1.69,1.75,1.63,1.68,36200
FRED,20100909,11.54,11.54,11.2,11.32,84600
FRME,20100909,8.16,8.26,8.03,8.1,33200
FRPT,20100909,4.14,4.14,4.05,4.08,161200
FSBK,20100909,10.3,10.31,10.26,10.26,1500
FSFG,20100909,13.27,13.27,13.27,13.27,200
FSLR,20100909,139.22,139.64,137.8,138.34,1087700
FSTR,20100909,28.34,28.51,27.78,28.51,18300
FTEK,20100909,6.11,6.2,5.96,6.05,52300
FTNT,20100909,10.535,11.075,10.535,11.005,1280100
FUEL,20100909,1.28,1.34,1.28,1.32,12700
FULT,20100909,8.84,8.88,8.62,8.72,868900
FUNC,20100909,4.06,4.07,4.06,4.07,1000
FUND,20100909,6.1,6.12,6.01,6.01,60800
FWRD,20100909,25.71,25.87,25.48,25.61,104300
GABC,20100909,16.43,16.49,16.29,16.3,5900
GAIA,20100909,5.83,5.92,5.74,5.84,23900
GAIN,20100909,6.42,6.5,6.35,6.39,53700
GALT,20100909,4.5,4.5,3.726,3.84,209500
GASS,20100909,4.5,4.6,4.49,4.52,17700
GBCI,20100909,14.33,14.4,14.02,14.13,340600
GBDC,20100909,14.64,14.64,14.3,14.45,16200
GBLI,20100909,16.8,16.8,16.32,16.33,13700
GBNK,20100909,7.45,7.55,7.25,7.5,61700
GCBC,20100909,8.615,8.615,8.615,8.615,0
GENC,20100909,4.72,4.7533,4.72,4.7333,1300
GENE,20100909,4.2,4.2,4.2,4.2,0
GERN,20100909,5.2,5.6,5.07,5.27,3529200
GFED,20100909,5.78,5.78,5.78,5.78,0
GFN,20100909,1.02,1.02,1.02,1.02,1500
GGAL,20100909,8.92,8.92,8.68,8.79,622900
GHDX,20100909,15.02,15.14,14.76,15.07,36700
GIFI,20100909,15.74,15.92,15.3,15.56,26000
GIGA,20100909,2.26,2.26,2.26,2.26,200
GIGM,20100909,10,10.35,10,10.1,294100
GIII,20100909,15.18,15.18,14.75,14.985,103000
GILD,20100909,17.06,17.075,16.89,17.025,5338000
GILT,20100909,5.37,5.42,5.37,5.4,16800
GLAD,20100909,11.25,11.4,11.09,11.27,60800
GLBL,20100909,5.06,5.11,4.86,4.91,781600
GLBZ,20100909,8.3,8.3,8.3,8.3,0
GLDD,20100909,4.78,4.88,4.77,4.87,337500
GLNG,20100909,11.78,11.83,11.6,11.74,182400
GLRE,20100909,23.45,23.56,23.02,23.32,36900
GLUU,20100909,1.14,1.19,1.12,1.16,44900
GMAN,20100909,9.88,9.98,9.65,9.75,85800
GNCMA,20100909,9.71,9.9,9.54,9.7,121300
GNMK,20100909,4,4,3.87,3.9,6600
GNTX,20100909,9.285,9.315,9.11,9.12,922300
GNVC,20100909,4.8,4.8,4.7,4.8,451000
GOLD,20100909,94.8,94.86,93.44,93.9,719400
GOOD,20100909,17.13,17.13,16.92,16.95,11700
GOODO,20100909,23.84,23.84,23.36,23.4,6000
GOODP,20100909,24.02,24.75,24,24.5,2700
GOOG,20100909,238.915,240.2,235.29,238.09,2435200
GPIC,20100909,6.2,6.2,6.2,6.2,300
GPOR,20100909,12.15,12.36,12.08,12.15,132900
GPRE,20100909,9.25,9.65,9.17,9.49,151800
GPRO,20100909,46.46,46.92,46.36,46.48,229100
GRID,20100909,29.43,29.43,29.02,29.17,5400
GRIF,20100909,25.63,25.65,25.2,25.45,2400
GRMN,20100909,28.11,28.19,27.8,27.99,835300
GROW,20100909,6.27,6.5,6.24,6.47,136700
GRVY,20100909,11.84,12.16,11.76,12,11700
GSBC,20100909,20.01,20.35,19.98,20.32,6600
GSIT,20100909,5.85,5.85,5.5,5.62,129100
GSM,20100909,12,12.02,11.76,11.94,637400
GSOL,20100909,7.3,7.32,7.06,7.18,24400
GT,20100909,10.09,10.26,9.96,10.11,3045200
GTIM,20100909,0.44,0.44,0.4,0.4,700
GTLS,20100909,16.91,17.28,16.72,17.27,181400
GTXI,20100909,3.14,3.14,3.06,3.11,59000
GUID,20100909,5.18,5.31,5.12,5.24,123700
GULF,20100909,15.3,15.48,15.3,15.41,6600
GYRO,20100909,80,80,80,80,0
HA,20100909,5.01,5.11,4.91,4.99,547300
HAFC,20100909,1.26,1.28,1.24,1.26,546800
HAIN,20100909,12.36,12.495,12.125,12.2,394200
HALL,20100909,8.94,8.94,8.65,8.71,39100
HALO,20100909,7.74,8.02,7.49,7.59,1353900
HAS,20100909,43.52,43.65,43.03,43.05,1428200
HAWK,20100909,8.02,8.04,7.48,7.61,144400
HAYN,20100909,31.86,31.86,30.14,30.45,24800
HBAN,20100909,5.87,5.98,5.77,5.86,18303500
HBANP,20100909,1045,1045,1028,1028,300
HBCP,20100909,13.25,13.25,13.06,13.08,3100
HBHC,20100909,29.8,29.97,29.01,29.51,164000
HBIO,20100909,3.45,3.46,3.38,3.39,71900
HBNC,20100909,6.5926,6.5926,6.477,6.5155,2900
HCCI,20100909,9.34,9.85,9.1,9.49,32600
HCKT,20100909,4.1,4.25,4.04,4.21,320400
HCSG,20100909,14.8267,14.9267,14.64,14.7733,99500
HDNG,20100909,8.01,8.13,7.61,7.8,75600
HDSN,20100909,1.8,1.8,1.66,1.73,210100
HEES,20100909,7.94,7.96,7.65,7.72,22000
HELE,20100909,24.81,24.89,24.25,24.5,75100
HEOP,20100909,3.24,3.3,3.18,3.3,7000
HFBC,20100909,9.1,9.25,9.1,9.19,7300
HFWA,20100909,13.5,13.5,13.23,13.25,17400
HIBB,20100909,24.29,24.37,23.53,23.54,420200
HIFS,20100909,38.25,38.25,38.25,38.25,100
HIHO,20100909,2.24,2.34,2.24,2.3,2700
HIMX,20100909,2.4,2.43,2.4,2.42,207900
HLIT,20100909,6.46,6.48,6.3,6.47,369200
HMNF,20100909,4,4.01,4,4.01,200
HMSY,20100909,18.6767,18.8567,18.54,18.6633,165800
HNRG,20100909,11.04,11.04,10.75,10.87,2300
HOFT,20100909,11.18,11.26,10.31,10.48,21700
HOLI,20100909,10.05,10.05,9.78,9.8,42600
HOLX,20100909,15.04,15.37,14.99,15.22,2176100
HOMB,20100909,5.4825,5.5125,5.3625,5.4475,29500
HOVNP,20100909,6.76,6.99,6.56,6.56,9800
HPJ,20100909,3.31,3.4,3.31,3.32,25000
HSIC,20100909,55.5,55.65,55.26,55.51,427700
HSII,20100909,18.72,18.82,18.08,18.41,74500
HSKA,20100909,0.49,0.49,0.47,0.49,11000
HSNI,20100909,28.69,29.18,27.88,28.51,302400
HSTM,20100909,4.88,4.94,4.82,4.86,74200
HTBK,20100909,3.51,3.55,3.51,3.55,1900
HTHT,20100909,24.38,24.49,23.63,23.88,51400
HTLD,20100909,16,16.17,15.6,15.7,610800
HTLF,20100909,14.35,14.35,13.95,14.13,6100
HUBG,20100909,29.07,29.36,28.3,28.49,205100
HURC,20100909,17.19,17.68,17.04,17.08,15900
HURN,20100909,21.37,21.67,21.16,21.41,84000
HWAY,20100909,13.8,13.8,13.02,13.1,115700
HWBK,20100909,9.05,9.1,9,9.1,1300
HWCC,20100909,9.38,9.43,9.1,9.34,65700
HWKN,20100909,31,31.55,30.9,31.36,29500
HYGS,20100909,4.27,4.29,4.08,4.17,7600
IART,20100909,37.18,37.59,36.55,37.5,125700
IBB,20100909,83.81,83.96,83.34,83.79,373800
IBKC,20100909,50.34,50.75,49.52,50.29,150500
IBKR,20100909,16.64,16.75,16.47,16.55,109700
IBOC,20100909,16.4,16.53,15.92,16.2,91900
ICAD,20100909,1.62,1.66,1.6,1.61,81500
ICCC,20100909,3,3.25,3,3.25,600
ICFI,20100909,22.76,22.76,21.82,21.99,61600
ICLN,20100909,16.37,16.37,16.16,16.25,3600
ICLR,20100909,23.6,23.88,23.55,23.71,258700
ICON,20100909,16.35,16.43,16,16.09,408700
ICUI,20100909,36.29,36.29,35.19,35.83,73400
IDCC,20100909,25.73,25.84,25.31,25.6,394600
IDRA,20100909,3.36,3.41,3.31,3.38,9800
IDSA,20100909,13.71,14.29,13.3,13.41,148800
IDSY,20100909,1.92,1.95,1.9,1.91,5200
IDTI,20100909,5.46,5.52,5.34,5.37,1697900
IDXX,20100909,29.105,29.275,28.645,28.67,162400
IESC,20100909,3.37,3.4,3.3,3.3,17000
IFEU,20100909,27.71,27.71,27.7,27.7,1100
IFGL,20100909,29.3,29.3,28.97,29.1,23300
IFON,20100909,0.6,0.62,0.59,0.59,15300
IGLD,20100909,19.42,19.65,19.42,19.65,3800
IGOV,20100909,101.18,101.18,100.79,100.79,2900
III,20100909,1.53,1.55,1.45,1.5,164000
IIIN,20100909,7.97,7.98,7.86,7.96,47500
IIJI,20100909,6.48,6.48,6.38,6.42,19000
IIN,20100909,3.62,3.78,3.62,3.78,6800
IIVI,20100909,17.635,17.635,17.325,17.46,74400
IKNX,20100909,6.91,6.91,6.91,6.91,100
ILMN,20100909,45.21,45.24,44.7,45.01,894500
IMGN,20100909,5.59,5.67,5.38,5.47,734200
IMKTA,20100909,15.88,15.88,15.4,15.49,8500
IMMR,20100909,5.12,5.12,4.94,5,73300
IMMU,20100909,3.07,3.1,3.04,3.09,240100
IMMY,20100909,4.6,4.6,4.6,4.6,0
IMOS,20100909,0.93,0.93,0.92,0.92,61700
INAP,20100909,4.48,4.48,4.3,4.32,80600
INCY,20100909,13.78,13.91,13.37,13.72,1290900
INDB,20100909,22.18,22.25,21.83,22.14,34900
INDY,20100909,27.84,27.87,27.75,27.78,29500
INFI,20100909,4.74,4.98,4.74,4.95,23800
INFN,20100909,10.01,10.15,9.87,9.98,2742500
ININ,20100909,15.93,15.94,15.61,15.72,51600
INOD,20100909,2.83,2.86,2.71,2.72,12700
INSM,20100909,0.69,0.7,0.68,0.68,191300
INTC,20100909,18.05,18.08,17.93,18,65019500
INTG,20100909,15.64,15.64,15.5,15.5,2500
INTU,20100909,44.59,44.82,43.8,43.98,2995300
INTX,20100909,8.72,8.72,8.55,8.55,117300
INVE,20100909,15.7,16.2,15.5,15.5,8300
INWK,20100909,5.86,5.88,5.62,5.78,35000
IOSP,20100909,13.8,13.8,13.3,13.64,69200
IPAR,20100909,17.56,17.63,17.31,17.59,30200
IPAS,20100909,1,1.03,0.99,1,227400
IPCC,20100909,47.44,47.76,46.68,47.14,16800
IPCI,20100909,2.23,2.28,2.22,2.24,4100
IPGP,20100909,22.28,22.5,21.76,22.33,168700
IPHS,20100909,30.87,30.87,29.1,29.27,121300
IPXL,20100909,17.7,18.09,17.65,18,915000
IRBT,20100909,17.71,17.71,17.09,17.36,77400
IRDM,20100909,9.31,9.57,9.1,9.18,536800
IRIX,20100909,2.86,2.94,2.8,2.94,2100
IRWD,20100909,9.3,9.49,9,9.36,230900
ISBC,20100909,4.3176,4.3333,4.2392,4.2745,158500
ISCA,20100909,23.77,23.89,23.3,23.38,144300
ISHG,20100909,100.35,100.39,100.12,100.12,600
ISIG,20100909,6.27,6.37,6.22,6.34,7400
ISIL,20100909,10.65,10.65,10.42,10.44,1664500
ISLE,20100909,6.86,7,6.75,6.92,225700
ISNS,20100909,10.25,10.34,10.15,10.15,1200
ISRG,20100909,284,285.98,280.22,282.86,548500
ISRL,20100909,52.21,57.38,52.21,53.77,300
ISSC,20100909,5.41,5.5,5.41,5.46,4900
ITIC,20100909,28.19,29.5,28.18,29.5,200
ITRI,20100909,59.43,60,57.62,58.13,269400
ITRN,20100909,14.25,14.38,13.99,14.34,11100
IVAC,20100909,9.95,9.99,9.72,9.77,50000
IXYS,20100909,9.22,9.26,9.01,9.07,64900
JACK,20100909,21.77,21.77,21.35,21.54,236800
JAKK,20100909,15.49,15.63,15.3,15.61,117300
JASO,20100909,36.95,37.45,35.25,35.8,12815900
JAZZ,20100909,9.94,9.96,9.72,9.81,362500
JBHT,20100909,34.78,34.89,33.82,34.03,2108800
JBLU,20100909,5.97,5.97,5.67,5.73,3765400
JBSS,20100909,13.1,13.1,12.96,13,16800
JCOM,20100909,22.23,22.39,21.19,21.66,225800
JCS,20100909,10.84,10.84,10.63,10.63,1200
JCTCF,20100909,3.385,3.4,3.375,3.4,900
JJSF,20100909,38.89,38.98,38.22,38.61,27300
JKHY,20100909,24.68,24.68,24.17,24.37,259400
JMBA,20100909,10.3,10.45,10.2,10.3,491300
JOBS,20100909,13.985,14.135,13.7,13.79,57600
JOUT,20100909,9.75,9.96,9.56,9.82,7500
JRJC,20100909,7.12,7.32,7.01,7.01,21500
JVA,20100909,4.52,4.55,4.48,4.49,3300
JXSB,20100909,9.85,9.85,9.85,9.85,0
KALU,20100909,40.98,41.27,40.35,40.68,420200
KCAP,20100909,5.55,5.71,5.46,5.6,88600
KELYA,20100909,11.99,12,11.71,11.89,77400
KELYB,20100909,12,12,12,12,0
KEQU,20100909,10.5,10.5,10.33,10.5,6500
KERX,20100909,3.97,4.02,3.89,3.98,568600
KFFB,20100909,10,10,10,10,0
KFRC,20100909,12.76,13.17,12.64,12.96,270300
KGJI,20100909,10.6,10.98,10,10.6,46900
KINS,20100909,2.42,2.42,2.42,2.42,0
KIRK,20100909,13,13,12.29,12.38,217200
KLAC,20100909,29.19,29.23,28.59,28.91,2763400
KLIC,20100909,5.8,5.86,5.55,5.6,2476200
KNDI,20100909,3.16,3.23,3.1,3.16,24300
KONA,20100909,3.03,3.07,3,3.07,17000
KONE,20100909,23,24.6,23,24.2,299400
KOOL,20100909,10.4,10.4,10.4,10.4,0
KOPN,20100909,3.26,3.29,3.11,3.13,399000
KOSS,20100909,5.6,5.65,5.53,5.53,1600
KRNY,20100909,8.9,8.9,8.71,8.82,16300
KTCC,20100909,5.4,5.45,5.3,5.3,7800
KTEC,20100909,12.51,12.51,12.01,12.01,7800
KTOS,20100909,11.41,11.67,10.91,10.97,20500
KVHI,20100909,12.93,12.93,12.23,12.59,24300
KZ,20100909,5.94,5.96,5.51,5.67,87700
LABL,20100909,14.87,15.19,14.1,14.26,21900
LAKE,20100909,9.38,9.99,9.35,9.75,2700
LAMR,20100909,29.46,29.58,28.71,28.88,208400
LANC,20100909,46.01,46.2,45.75,45.85,76200
LARK,20100909,16,16,16,16,0
LAWS,20100909,14.46,14.46,14.04,14.14,8000
LAYN,20100909,24.2,24.2,23.67,23.85,159300
LBAI,20100909,8.28,8.28,8.01,8.05,28500
LBIX,20100909,2.22,2.26,2.21,2.26,5400
LBTYA,20100909,14.8595,14.9617,14.742,14.9055,2075000
LBTYB,20100909,30,30,30,30,100
LBTYK,20100909,29.05,29.18,28.77,29.03,323300
LCUT,20100909,14.34,14.91,14.33,14.85,36900
LECO,20100909,27.5,27.695,27.19,27.315,38000
LFUS,20100909,41.66,41.9,40.22,40.35,134100
LGCY,20100909,23.69,23.91,23.54,23.8,110200
LGND,20100909,9,9.24,8.88,9.24,257600
LHCG,20100909,20.96,21.18,20.71,20.87,200900
LIFE,20100909,45.95,46.6,45.74,46.4,1677900
LINC,20100909,11.7,12.09,11.57,12.03,538400
LION,20100909,6.37,6.37,6.37,6.37,1400
LIOX,20100909,4.34,4.34,4.17,4.25,312200
LKFN,20100909,13.1667,13.2267,12.9067,13.0067,10100
LLNW,20100909,4.47,4.55,4.42,4.54,398600
LLTC,20100909,31.02,31.09,30.5,30.67,2996500
LMAT,20100909,6.97,7.08,6.97,6.99,14500
LMCA,20100909,16.2,16.2267,15.99,16.0533,285100
LMIA,20100909,15.61,15.85,15.36,15.4,28000
LMNR,20100909,16.38,16.62,16.33,16.33,2800
LMNX,20100909,15.15,15.23,14.98,15.16,93100
LNCE,20100909,21.96,22.06,21.66,21.98,92200
LNDC,20100909,5.58,5.62,5.47,5.5,55400
LOAN,20100909,1.4,1.4,1.4,1.4,100
LOGI,20100909,16.12,16.12,15.76,15.81,1437600
LOGM,20100909,33.25,33.96,32.15,32.4,198200
LOPE,20100909,16.86,17.28,16.64,17.19,191800
LORL,20100909,54.67,54.67,51.73,52.6,52900
LPNT,20100909,32.34,33.2,32.33,32.92,342400
LPSN,20100909,7.59,7.59,7.27,7.37,137100
LPTH,20100909,2.99,3.03,2.92,2.92,84200
LQDT,20100909,14.47,14.5,14.23,14.46,133400
LRAD,20100909,0.85,0.89,0.82,0.88,21800
LRCX,20100909,37.11,37.24,36.3,36.53,1819000
LSBK,20100909,8.23,8.23,8.23,8.23,200
LSCC,20100909,4.8,4.8,4.61,4.67,1532800
LSTR,20100909,38.3,38.3,37.69,37.77,526700
LTBR,20100909,30.65,30.65,29.3,30,19200
LTRX,20100909,3.59,3.59,3.57,3.58,700
LULU,20100909,18.4,18.545,17.805,17.925,1360900
LUNA,20100909,2.11,2.15,2.03,2.03,7000
LWAY,20100909,9.91,10.08,9.9,10.05,16700
LXRX,20100909,10.5,10.5,10.29,10.29,207400
LYTS,20100909,5.19,5.3,5.08,5.2,43600
MAGS,20100909,2.77,2.77,2.72,2.73,2200
MANH,20100909,7.0275,7.0275,6.845,6.8975,76700
MANT,20100909,37.39,37.74,36.78,36.96,94600
MARPS,20100909,16.82,16.9,16.5,16.5,500
MASI,20100909,25.45,25.64,25.25,25.33,313500
MAT,20100909,21.95,22.16,21.87,22.02,3948900
MATW,20100909,33.06,33.09,32.42,32.64,60400
MAYS,20100909,14.21,14.42,14.21,14.42,300
MBFI,20100909,16.65,16.75,16.25,16.58,221300
MBLX,20100909,66.36,66.9,62.7,64.32,137200
MBRG,20100909,14.5,14.7,14.23,14.23,1700
MBTF,20100909,1.45,1.45,1.28,1.28,29900
MBVT,20100909,23.94,23.94,23.35,23.47,5300
MBWM,20100909,4.52,4.7,4.51,4.54,2900
MCBC,20100909,1.4,1.44,1.38,1.44,54800
MCHP,20100909,28.96,29.37,28.7,29.04,4103200
MCHX,20100909,4.16,4.16,4,4.06,49600
MCRI,20100909,10.41,10.41,10.06,10.12,4200
MDCA,20100909,12.82,13.02,12.74,12.74,19000
MDCO,20100909,11.87,14.28,11.67,13.17,4660100
MDM,20100909,3.95,4.12,3.95,4.06,8700
MDRX,20100909,17.72,17.75,17.4,17.42,1161800
MDSO,20100909,8.75,8.755,8.57,8.715,59200
MELI,20100909,72.76,73,70.5,71.26,325400
MENT,20100909,9.91,10.02,9.78,10.01,1531200
MEOH,20100909,23.22,23.99,23.13,23.79,402700
MERC,20100909,5.45,5.53,5.34,5.35,160400
MFNC,20100909,5.15,5.15,5.15,5.15,200
MFRI,20100909,6.91,7.24,6.75,6.8,21400
MFSF,20100909,6.97,6.97,6.97,6.97,1000
MGEE,20100909,25.16,25.3333,25.08,25.2,56400
MGIC,20100909,2.37,2.44,2.36,2.4,31400
MGLN,20100909,45.68,46.12,45.14,45.63,339700
MGPI,20100909,7.25,7.28,7.1,7.17,31400
MGRC,20100909,21.38,21.53,20.76,21.04,44800
MGYR,20100909,3.64,3.65,3.64,3.64,1200
MHGC,20100909,7.1,7.12,6.71,6.86,78000
MHLD,20100909,7.5,7.57,7.46,7.53,151800
MIDD,20100909,19.6367,19.86,19.2233,19.39,78700
MIND,20100909,6.74,6.82,6.6,6.77,39200
MINI,20100909,14.8,15.01,14.59,14.79,100300
MITL,20100909,6.5,6.51,6.33,6.49,73000
MKSI,20100909,17.73,17.78,17.41,17.64,213500
MKTX,20100909,16.05,16.2,15.83,15.94,119200
MLAB,20100909,21.8,21.8,21.75,21.75,500
MLHR,20100909,18.33,18.38,17.83,17.97,144900
MLNK,20100909,6.6,6.69,6.58,6.68,115300
MLNX,20100909,17.14,17.14,16.51,16.64,404400
MLVF,20100909,7.25,7.25,7.25,7.25,0
MMLP,20100909,30.64,31.05,30.62,30.65,31100
MMSI,20100909,13.328,13.4,13.088,13.24,42400
MMYT,20100909,35.35,37.47,35.16,36.68,1269800
MNDO,20100909,1.97,1.98,1.94,1.98,16100
MNKD,20100909,5.94,5.94,5.82,5.88,448400
MNOV,20100909,5.52,5.56,4.91,5.33,2600
MNRO,20100909,28.5933,28.5933,27.5,27.6467,106200
MNST,20100909,7.8017,7.8617,7.6367,7.705,628300
MNTA,20100909,15.35,15.37,14.75,15.04,624100
MNTX,20100909,2.42,2.5,2.36,2.36,36300
MOCO,20100909,11.91,12,11.75,11.99,18000
MOFG,20100909,13.2,13.45,12.98,13.25,13000
MORN,20100909,40.19,40.94,40.19,40.89,84100
MOSY,20100909,4.49,4.59,4.44,4.44,14900
MPAA,20100909,7.92,8.41,7.91,8.16,79100
MPB,20100909,7.16,7.16,7.16,7.16,0
MPEL,20100909,4.7,4.78,4.48,4.5,7187500
MPET,20100909,1.83,1.83,1.79,1.83,54800
MPWR,20100909,16.65,17.25,16.6,16.89,837200
MRCY,20100909,12.98,13,12.63,12.77,55500
MRLN,20100909,10.34,10.49,10.09,10.33,6000
MRTN,20100909,14.1333,14.1333,13.9067,14.0933,59300
MRVL,20100909,17.47,17.59,17.16,17.4,14321700
MSBF,20100909,7.94,7.94,7.94,7.94,0
MSCC,20100909,15,15,14.52,14.71,233200
MSEX,20100909,16.38,16.38,16.1,16.18,28500
MSFG,20100909,6.52,6.58,6.33,6.39,19300
MSFT,20100909,24.19,24.21,23.99,24.01,46028800
MSON,20100909,1.93,1.95,1.9,1.94,1300
MSTR,20100909,82.97,83.08,82.19,82.61,86300
MTEX,20100909,24,24.2,22.9,23.8,26300
MTRX,20100909,9.2,9.2,8.87,8.97,70700
MTSC,20100909,28.89,28.9,27.98,28.21,23400
MTSL,20100909,1.1,1.1,1.1,1.1,200
MU,20100909,6.73,6.86,6.68,6.8,27505300
MVIS,20100909,20.24,20.4,19.2,19.28,887600
MXIM,20100909,16.76,16.83,16.55,16.62,1570700
MXWL,20100909,12.52,12.63,12.4,12.59,111800
MYGN,20100909,16.09,16.19,15.94,16.09,859100
MYL,20100909,17.75,17.78,17.57,17.7,4161600
MYRG,20100909,14.47,14.7,13.96,14.12,54600
NAII,20100909,7.63,7.65,7.45,7.6,44400
NANO,20100909,13.63,13.8,12.99,13.23,902200
NATH,20100909,15.65,15.68,15.56,15.68,1000
NATI,20100909,20.4067,20.5667,19.9267,20.0533,259500
NATR,20100909,8.62,9.4,8.62,8.82,49600
NAUH,20100909,5.16,5.47,5.16,5.35,13100
NAVG,20100909,42.8,42.8,42.01,42.48,15300
NAVI,20100909,3.25,3.35,3.25,3.35,41300
NBIX,20100909,5.75,5.75,5.5,5.66,214400
NBN,20100909,12.9,12.9,12.9,12.9,0
NBTB,20100909,21,21.23,20.74,20.96,45900
NCIT,20100909,19.24,19.24,18.71,18.92,53700
NCMI,20100909,17.28,17.28,16.91,16.97,230200
NCTY,20100909,5.7,5.75,5.64,5.67,53800
NDAQ,20100909,18.87,19.06,18.75,18.82,1874600
NDSN,20100909,34.45,34.55,33.82,34.06,157900
NEOG,20100909,21.5,21.6133,20.48,20.74,62900
NEPT,20100909,1.75,1.79,1.73,1.76,18600
NEWS,20100909,7.2,7.22,6.99,7.03,42600
NEWT,20100909,5.85,6.15,5.85,6.15,7800
NFBK,20100909,11.05,11.1,10.85,10.94,22300
NFLX,20100909,21.1857,21.3914,20.6857,20.8114,3995800
NICE,20100909,28.5,28.9,28.37,28.68,130500
NICK,20100909,8.21,8.29,8.21,8.28,900
NIHD,20100909,38.62,38.62,37.78,37.97,1076400
NILE,20100909,42.88,43.47,42.15,42.46,112000
NKSH,20100909,23.74,23.85,23.02,23.32,11100
NKTR,20100909,13.84,13.84,13.4,13.54,245300
NLST,20100909,3.05,3.09,2.78,2.82,478700
NMRX,20100909,5.51,5.51,5.5,5.5,3000
NNBR,20100909,8.74,8.75,8.43,8.57,68800
NRIM,20100909,16.27,16.5,16.18,16.5,2600
NSEC,20100909,11,11,11,11,0
NSIT,20100909,14.5,14.53,14.21,14.42,200600
NSSC,20100909,1.77,1.86,1.77,1.86,700
NSYS,20100909,3.74,3.74,3.74,3.74,0
NTAP,20100909,47.06,47.89,46.28,46.33,7980800
NTCT,20100909,17.69,17.75,17.46,17.62,101500
NTES,20100909,39,39.28,38.08,38.49,713700
NTGR,20100909,22.88,23.48,22.53,22.98,239300
NTIC,20100909,9.54,9.6,9.4,9.4,600
NTRI,20100909,18.46,18.5,17.83,17.97,172100
NTRS,20100909,48.4,48.6,47.59,47.94,1112900
NTWK,20100909,10.4,10.6,9.3,9.9,1253200
NUAN,20100909,15.75,15.88,15.51,15.54,1294600
NURO,20100909,16.32,17.28,16.32,16.32,68900
NUTR,20100909,13.56,13.72,13.46,13.47,7200
NUVA,20100909,31.3,31.5,30.67,30.75,373900
NVAX,20100909,2.3,2.3,2.24,2.26,397000
NVDA,20100909,10.45,10.46,10.05,10.18,17443600
NVEC,20100909,40.98,40.98,39.27,39.48,28700
NVGN,20100909,0.49,0.51,0.49,0.51,32500
NVLS,20100909,23.63,23.92,23.46,23.79,2126000
NVMI,20100909,4.68,4.68,4.55,4.63,123300
NWBI,20100909,11.33,11.33,11.19,11.29,399000
NWFL,20100909,27.86,28.09,27.86,28.09,300
NWLI,20100909,141.97,141.97,140,141.26,1500
NWPX,20100909,16.48,17.6,16.48,17.51,46700
NWS,20100909,15.06,15.2,14.98,15.05,1234300
NWSA,20100909,13.41,13.54,13.3,13.42,9602300
NXPI,20100909,12.21,12.63,11.51,11.9,235600
NXST,20100909,3.98,4,3.85,3.86,21000
NXTM,20100909,16.43,16.67,16.19,16.4,114500
NYMT,20100909,6.41,6.48,6.36,6.39,20900
NYMX,20100909,3.7,3.8,3.66,3.78,22200
NYNY,20100909,4.5,4.7,4.35,4.35,93900
OBAS,20100909,6.75,7.2,6.75,7.2,400
OBCI,20100909,1.62,1.63,1.62,1.63,1400
OCFC,20100909,11.66,11.66,11.34,11.36,8300
OCLR,20100909,12.54,12.89,12.5,12.84,580600
OCLS,20100909,56,57.4,56,57.05,27100
ODFL,20100909,17.1533,17.28,16.6467,16.6867,313200
OFIX,20100909,29.12,29.99,28.85,29.06,130800
OFLX,20100909,12.85,12.85,12.22,12.34,3400
OGXI,20100909,12.99,12.99,12.76,12.76,8200
OIIM,20100909,6.07,6.09,5.6,5.7,791800
OKSB,20100909,11.77,11.78,11.08,11.28,117000
OLBK,20100909,7.87,8.3,7.87,8.3,5000
OMAB,20100909,11.77,12.04,11.63,12.03,75000
OMCL,20100909,11.67,11.71,11.35,11.44,82800
OMER,20100909,6.35,6.37,6.25,6.3,24600
OMEX,20100909,19.92,20.16,19.56,19.92,164000
ONEQ,20100909,88.68,88.75,88.09,88.43,4700
ONVI,20100909,2.9,2.93,2.89,2.93,6600
OPHC,20100909,20,20,20,20,0
OPOF,20100909,11.92,11.92,11.92,11.92,0
OPTT,20100909,48.8,51.5,48,51.4,36200
OPXA,20100909,4.52,4.56,4.2,4.24,57200
OPXAW,20100909,0.62,0.62,0.62,0.62,0
ORBC,20100909,1.99,2.05,1.99,2.02,13900
ORBK,20100909,10.15,10.15,9.57,9.92,88400
OREX,20100909,54.1,54.1,51,51.3,668600
ORIT,20100909,9.85,9.91,9.8,9.86,215000
ORLY,20100909,50.6,50.94,49.8,50.16,1092000
ORRF,20100909,21.91,21.94,21.58,21.82,3900
OSBC,20100909,0.83,0.84,0.75,0.8,115400
OSBCP,20100909,2.4,2.74,2.4,2.71,14400
OSHC,20100909,10.51,10.51,10.51,10.51,1200
OSIR,20100909,6.77,6.77,6.44,6.51,80300
OSIS,20100909,31.98,32.42,31.73,32.28,156000
OSTK,20100909,14.93,15.03,14.59,14.93,71900
OSUR,20100909,3.43,3.43,3.3,3.35,82200
OTEX,20100909,22.56,22.945,22.505,22.65,332200
OTIV,20100909,1.79,1.81,1.73,1.81,22800
OTTR,20100909,19.42,19.48,19.23,19.39,102800
OVBC,20100909,19.2,19.2,19.2,19.2,0
OVLY,20100909,5.45,5.51,5.45,5.45,7800
OZRK,20100909,9.2875,9.3825,9.18,9.2425,27500
PAAS,20100909,26.7,26.73,25.65,25.83,888300
PACW,20100909,18.5,18.68,18.21,18.54,115800
PAGG,20100909,27.5,27.5,27.1,27.28,6300
PANL,20100909,22.2,22.3,21.75,21.95,209500
PATK,20100909,1.3667,1.3667,1.3667,1.3667,100
PAYX,20100909,26.03,26.07,25.68,25.79,2493800
PBCT,20100909,13.24,13.26,13.01,13.16,4090900
PBHC,20100909,6.03,6.03,6.03,6.03,1200
PBIB,20100909,9.84,9.84,9.62,9.63,1200
PBIP,20100909,6.78,7.19,6.49,6.72,7200
PCAR,20100909,45.34,45.43,44.13,44.33,1980000
PCBK,20100909,8.32,8.38,8.13,8.18,20000
PCLN,20100909,332.89,333.74,320.75,323.8,1416900
PCTI,20100909,6.24,6.3,6.08,6.12,34000
PCYO,20100909,3.01,3.01,3,3,6800
PDCO,20100909,26.46,26.61,26.22,26.41,760300
PDEX,20100909,1.89,1.96,1.89,1.96,4600
PDFS,20100909,3.82,3.83,3.57,3.77,70700
PDLI,20100909,5.81,5.82,5.69,5.72,2934200
PEBK,20100909,5.01,5.01,5.01,5.01,0
PEBO,20100909,11.58,11.69,11.13,11.6,23600
PEGA,20100909,11.465,11.675,11.415,11.57,417000
PEIX,20100909,10.2,11.7,9.75,9.9,8491000
PENN,20100909,30,30.86,29.95,30.68,704100
PERF,20100909,8,8,7.95,7.95,1200
PERY,20100909,20.19,20.37,19.76,19.98,111000
PESI,20100909,8.45,8.75,8.35,8.45,69100
PETS,20100909,17,17,16.59,16.98,58500
PFBC,20100909,1.66,1.7,1.64,1.69,17500
PFBI,20100909,6.37,6.55,6.37,6.39,3800
PFBX,20100909,14.16,14.16,14.16,14.16,0
PFIN,20100909,1.97,2.94,1.7,1.73,21700
PFSW,20100909,3,3.14,2.98,3.09,64800
PGC,20100909,11.33,11.34,11.21,11.21,1700
PGNX,20100909,4.51,4.61,4.38,4.44,64900
PGTI,20100909,2.21,2.25,2.15,2.15,20800
PHII,20100909,15,15.14,14.84,14.84,400
PHIIK,20100909,14.58,14.59,13.87,14.2,26200
PHMD,20100909,28.5,28.5,28,28.05,600
PICO,20100909,28.1,28.1,27.21,27.47,49800
PKBK,20100909,8.53,8.75,8.47,8.7,3500
PKOH,20100909,11.81,11.81,11.27,11.31,15600
PLAB,20100909,4.41,4.43,4.28,4.37,180700
PLBC,20100909,2.77,2.77,2.77,2.77,100
PLCE,20100909,47.72,48,47.36,47.61,428700
PLPC,20100909,32.85,33.16,32.65,32.7,2900
PLUG,20100909,0.38,0.42,0.37,0.41,447500
PLUS,20100909,18.8,19,18.75,18.96,27800
PLXS,20100909,25.39,25.47,24.35,24.66,213400
PMBC,20100909,3.31,3.4,3.28,3.3,15800
PMD,20100909,9.49,9.7,9.3,9.4,27200
PNBK,20100909,20.1,21.6,19.7,19.7,3900
PNFP,20100909,9.28,9.28,8.74,8.84,235800
PNNT,20100909,10.5,10.6,10.4,10.59,550200
PNQI,20100909,29.71,29.71,29.5,29.61,4400
PNRA,20100909,86.81,86.81,85.21,85.55,323800
PNRG,20100909,21.49,21.49,21.49,21.49,0
PNTR,20100909,7.25,7.35,7.25,7.35,800
PODD,20100909,13.96,14.09,13.57,13.76,102000
POOL,20100909,19.86,19.92,19.32,19.4,307800
POPE,20100909,26.96,26.96,26.91,26.96,1400
POWI,20100909,28.47,28.67,27.95,28.15,307200
POWL,20100909,29.29,29.29,28.58,28.72,47000
PPBI,20100909,4.1,4.2,4.1,4.2,3300
PPHM,20100909,1.35,1.44,1.35,1.42,174400
PRAA,20100909,23.04,23.14,22.5033,22.65,38400
PRAN,20100909,7.2,7.38,7.14,7.26,17100
PRCP,20100909,4.16,4.37,4.1,4.33,6300
PRFT,20100909,8.81,8.83,8.46,8.57,125400
PRFZ,20100909,52.96,52.96,51.95,52.25,24000
PRGS,20100909,19.2933,19.2933,18.7933,18.9133,98300
PRGX,20100909,5.41,5.44,5.3,5.34,32400
PRIM,20100909,5.78,5.91,5.67,5.68,18900
PRKR,20100909,8,8.7,7.5,8.7,84500
PROV,20100909,5.48,5.48,5.48,5.48,400
PRPH,20100909,1.29,1.35,1.13,1.16,8100
PRSC,20100909,14.07,14.07,13.69,13.75,21000
PRTS,20100909,8.55,8.64,8.3,8.35,272400
PRXL,20100909,20.93,21.6,20.74,21.21,452800
PSAU,20100909,43.19,43.2,42.5,42.55,32800
PSDV,20100909,3.59,3.65,3.49,3.51,32100
PSEC,20100909,9.75,9.86,9.75,9.81,1190400
PSMT,20100909,27.4,27.65,27.04,27.47,70600
PSTB,20100909,6.14,6.17,6,6.04,12900
PSTI,20100909,1.1,1.15,1.05,1.15,80200
PTEN,20100909,16,16.14,15.75,15.85,3737900
PTIE,20100909,5.71,5.87,5.69,5.82,66100
PTNR,20100909,17.33,17.49,17.23,17.44,254100
PTSI,20100909,12.84,12.99,12.59,12.87,6600
PVTB,20100909,12.16,12.16,11.67,11.89,264000
PVTBP,20100909,26.26,26.26,26.25,26.25,1200
PWOD,20100909,30.15,30.94,30.13,30.69,2400
PXLW,20100909,2.9,2.94,2.83,2.84,43600
PZZA,20100909,12.805,12.805,12.49,12.55,101700
QABA,20100909,21.67,21.67,21.38,21.38,2900
QBAK,20100909,8.94,8.94,8.7,8.88,1700
QCLN,20100909,14.4,14.4,14.18,14.22,1200
QCOM,20100909,41.16,41.22,40.52,40.9,12195200
QCRH,20100909,9.47,9.47,9.47,9.47,500
QDEL,20100909,11.29,11.38,11.16,11.37,197800
QGEN,20100909,18.84,18.89,18.69,18.85,832500
QLTI,20100909,6.15,6.32,6.08,6.25,114300
QNST,20100909,12.29,12.38,12.18,12.23,306700
QQEW,20100909,20.4,20.4,20.24,20.3,40000
QQQ,20100909,46.67,46.7,46.32,46.43,61476300
QQQX,20100909,13.18,13.3,13.09,13.15,63000
QQXT,20100909,18.53,18.53,18.45,18.45,2000
QSII,20100909,30.41,30.5,29.895,30.065,182300
QTEC,20100909,21.31,21.31,21.1,21.13,161000
QUIK,20100909,3.43,3.48,3.34,3.35,105600
RADA,20100909,5.28,5.28,5.28,5.28,0
RAIL,20100909,23.36,23.55,22.81,22.98,98800
RAND,20100909,3.14,3.14,3.14,3.14,100
RAVN,20100909,17.93,17.93,17.4,17.585,21800
RBCAA,20100909,19.35,19.63,18.92,19.08,21300
RBCN,20100909,26.33,26.5,23.9,24.51,988500
RBPAA,20100909,2.6,2.6,2.6,2.6,0
RCII,20100909,21.92,21.99,21.35,21.54,357100
RCKY,20100909,7.68,7.77,7.56,7.59,11100
RCMT,20100909,4.95,4.99,4.9,4.97,31100
RCON,20100909,5.63,5.63,5.6,5.61,8900
RDCM,20100909,12,12.93,11.5,12.5,342300
RDI,20100909,4.42,4.42,4.3,4.32,9500
RDNT,20100909,1.95,2.2,1.95,2.14,143700
RDWR,20100909,13.465,13.695,13.3,13.58,187400
RECN,20100909,11.48,11.53,11.15,11.2,300400
REFR,20100909,4.13,4.13,3.9,3.98,29000
REGN,20100909,24.56,25,24.19,24.6,291000
REIS,20100909,6.64,6.64,6.64,6.64,200
RELL,20100909,9,9.31,8.94,8.97,16300
RELV,20100909,14.49,14.63,14.49,14.49,3500
REXX,20100909,11.94,12.27,11.82,11.86,306900
RFIL,20100909,2.77,2.775,2.72,2.74,2900
RGCO,20100909,15.4,15.5,15.4,15.5,600
RGEN,20100909,3.44,3.5,3.37,3.45,37000
RGLD,20100909,49.27,49.52,47.97,48.34,500300
RICK,20100909,6.46,6.69,6.46,6.57,70500
RIGL,20100909,8.63,8.66,8.34,8.5,99900
RLOG,20100909,4.97,4.97,4.97,4.97,400
RMBS,20100909,18.97,19.1,18.65,18.74,543900
RMCF,20100909,9.57,9.79,9.57,9.69,1400
RMTI,20100909,6.2,6.2,6.06,6.18,21700
RNST,20100909,13.9,14.06,13.58,13.65,25400
RNWK,20100909,2.98,2.98,2.86,2.89,281800
ROCK,20100909,8.82,8.82,8.31,8.49,94700
ROIA,20100909,1.02,1.08,1,1,14100
ROIAK,20100909,0.95,0.95,0.8,0.81,876100
ROIC,20100909,9.68,9.76,9.58,9.6,55700
ROLL,20100909,32,32,31.03,31.59,72700
ROSG,20100909,17.4,17.4,15.45,16.05,27000
ROST,20100909,13.0575,13.1075,12.8775,12.9375,1004900
RP,20100909,17.89,17.89,16.67,17.23,28300
RPRX,20100909,0.56,0.58,0.54,0.54,361600
RRGB,20100909,19.77,19.84,19.11,19.34,99400
RSYS,20100909,9.56,9.56,9.36,9.45,43700
RTIX,20100909,2.15,2.25,2.11,2.2,411300
RUSHA,20100909,14.03,14.3,13.91,14.02,77200
RUSHB,20100909,12.8,12.8,12.56,12.56,1400
RUTH,20100909,3.59,3.67,3.47,3.48,157700
RVSB,20100909,1.77,1.8,1.77,1.8,12600
RXII,20100909,21.3,25.5,21,23,651200
RYAAY,20100909,29.4,29.42,28.49,28.64,218300
SAAS,20100909,2.26,2.3,2.2,2.24,35500
SAFM,20100909,43.46,44.03,43.11,43.96,233800
SAFT,20100909,42.13,42.13,41.54,42.06,25800
SAIA,20100909,9.0133,9.02,8.4467,8.62,94400
SALM,20100909,2.7,2.72,2.61,2.71,10600
SANM,20100909,10.55,10.65,10.11,10.26,1297500
SANW,20100909,3.47,3.5,3.25,3.43,3500
SASR,20100909,15.68,16,15.53,15.65,36700
SATS,20100909,19.45,19.52,19.09,19.37,73800
SBAC,20100909,38.23,38.23,37.25,37.57,1031100
SBBX,20100909,5.18,5.18,4.95,4.95,1100
SBCF,20100909,6,6.35,5.95,6.35,327700
SBGI,20100909,6.76,6.76,6.6,6.73,187200
SBLK,20100909,219,219,215.25,216.75,51800
SBNY,20100909,37.85,37.92,37.15,37.51,111200
SBNYW,20100909,17.51,17.51,17.51,17.51,0
SBSA,20100909,0.84,0.85,0.8,0.82,134900
SBSI,20100909,17.9905,17.9905,17.5238,17.6857,20300
SBUX,20100909,12.485,12.485,12.265,12.415,5164500
SCHL,20100909,25.49,25.49,25,25.15,206700
SCHN,20100909,48.32,48.35,46.73,47.35,153600
SCKT,20100909,2.71,2.73,2.65,2.72,11700
SCLN,20100909,2.61,2.61,2.51,2.56,255900
SCMP,20100909,3.42,3.42,3.33,3.35,32900
SCON,20100909,275.4,288,275.4,280.8,151900
SCOR,20100909,18.8,19,18.76,19,90000
SCSC,20100909,27.02,27.02,26.23,26.52,47400
SCSS,20100909,6.29,6.29,5.76,5.83,608900
SCVL,20100909,11.56,11.5733,11.2,11.2667,68100
SEAC,20100909,7.34,7.34,7.14,7.22,199500
SEED,20100909,7.95,7.95,7.41,7.43,412300
SEIC,20100909,19.35,19.42,18.94,19,755100
SENEA,20100909,24.28,24.45,23.86,23.95,22000
SENEB,20100909,25,25,25,25,0
SFLY,20100909,23.97,24.01,23.22,23.45,123400
SFNC,20100909,27,27,26.47,26.89,23700
SFST,20100909,6.6,6.6,6.6,6.6,0
SGC,20100909,9.97,10.1,9.9,9.9,500
SGEN,20100909,12.51,12.69,12.37,12.47,270000
SGMA,20100909,6.06,6.33,6.06,6.33,7100
SGMO,20100909,3.18,3.25,3.12,3.23,135800
SGMS,20100909,10.42,10.53,10.07,10.17,425400
SGRP,20100909,1.03,1.08,1.03,1.08,1500
SHBI,20100909,9.63,9.8,9.5,9.5,10000
SHEN,20100909,9.205,9.205,8.875,9.04,26000
SHIP,20100909,4.95,5.15,4.8,5.1,299800
SHIPW,20100909,0.05,0.05,0.03,0.03,11900
SHLD,20100909,66.1,66.55,64.28,64.91,712100
SHLM,20100909,20.18,20.42,19.71,19.85,191600
SHLO,20100909,8.91,8.94,8.64,8.7,17900
SHOO,20100909,16.5733,16.5911,15.9645,16.1511,210700
SHOR,20100909,5.11,5.11,4.86,4.9,48600
SIEB,20100909,1.97,1.97,1.97,1.97,0
SIFI,20100909,6.09,6.29,6.09,6.22,500
SIFY,20100909,1.58,1.77,1.57,1.57,448300
SIGI,20100909,15.39,15.52,15.28,15.51,261200
SIGM,20100909,9.92,9.93,9.61,9.71,160500
SILC,20100909,12.88,12.88,12.7,12.86,8100
SIMO,20100909,4.97,4.99,4.95,4.98,58500
SINA,20100909,43.6,44,43.08,43.32,675500
SINO,20100909,2.5,2.64,2.5,2.6,4200
SIRI,20100909,1.04,1.05,1.04,1.05,48759100
SIVB,20100909,40.49,40.62,39.37,39.63,252800
SIVBO,20100909,23.75,23.75,23.75,23.75,300
SKYW,20100909,13.2,13.21,12.82,12.94,308900
SLAB,20100909,35.39,35.69,34.1,34.89,2559500
SLGN,20100909,31.48,31.68,31.27,31.5,273400
SLMAP,20100909,38.98,39,38.3,38.82,25700
SLP,20100909,2.37,2.48,2.35,2.48,9400
SLRC,20100909,20.18,20.28,19.91,20.04,202900
SMBC,20100909,7.5,7.5,7.5,7.5,200
SMCI,20100909,9.76,9.77,9.5,9.75,193300
SMED,20100909,4.45,4.61,4.45,4.55,49100
SMIT,20100909,2.75,2.75,2.75,2.75,0
SMMF,20100909,3.49,3.49,3.49,3.49,1000
SMRT,20100909,8.08,8.14,7.85,7.95,172300
SMSI,20100909,33.16,33.44,32.44,32.68,149600
SMTC,20100909,17.3,17.45,16.88,16.94,293200
SMTX,20100909,3.52,3.69,3.37,3.37,146800
SNAK,20100909,3.55,3.55,3.41,3.5,7400
SNBC,20100909,26,26.15,25.8,26.1,39700
SNCR,20100909,16.25,16.25,15.85,16.09,81500
SNFCA,20100909,1.76,1.76,1.76,1.76,0
SNHY,20100909,17.5933,17.6933,17.08,17.4133,26800
SNMX,20100909,4.09,4.09,3.94,4.06,113100
SNPS,20100909,23.86,23.87,23.63,23.76,891200
SNSS,20100909,2.34,2.34,2.28,2.34,418400
SOFO,20100909,11,11,10.9,10.9,800
SOHU,20100909,50.75,53.43,50.75,53.28,1145900
SONA,20100909,7.05,7.05,6.81,6.81,32400
SONC,20100909,7.86,8,7.72,7.75,399200
SONS,20100909,17,17.15,16.3,16.4,1827200
SORL,20100909,9.46,9.5,9.11,9.27,94800
SPAN,20100909,14.71,14.71,14.7,14.7,1100
SPAR,20100909,4.04,4.07,3.97,4.05,97000
SPEX,20100909,604.2,642.2,513,535.8,186300
SPIL,20100909,4.75,4.77,4.69,4.72,630400
SPLS,20100909,19.3,19.31,18.96,19.07,4988500
SPNC,20100909,5.19,5.19,5.12,5.14,80600
SPNS,20100909,2.25,2.25,2.25,2.25,0
SPPI,20100909,3.82,3.94,3.82,3.9,232700
SPRT,20100909,4.5,4.68,4.39,4.49,430800
SPSC,20100909,10.98,11.82,10.74,11.54,15200
SPTN,20100909,13.39,13.39,13.18,13.34,39000
SPU,20100909,4.65,4.65,4.51,4.6,72600
SQQQ,20100909,840,857.92,837.6,852.64,383100
SRCE,20100909,16.67,16.67,16.37,16.56,9400
SRCL,20100909,67.75,68.89,67.75,68.13,655500
SRDX,20100909,11.24,11.55,10.93,11.07,62200
SSBI,20100909,6.74,6.74,6.46,6.46,2800
SSFN,20100909,6.75,7,6.75,7,1400
SSNC,20100909,14.68,14.68,14.38,14.52,123900
SSRI,20100909,18.6,18.75,18.29,18.45,666700
SSYS,20100909,23.49,23.49,22.46,22.61,98800
STAA,20100909,4.65,4.65,4.47,4.49,35000
STBA,20100909,17.52,17.79,17.23,17.44,38500
STEM,20100909,9.36,10.8,9.36,9.6,3930000
STFC,20100909,14.25,14.35,14.18,14.32,24500
STKL,20100909,5.85,5.87,5.78,5.83,243600
STLD,20100909,14.9,14.95,14.29,14.47,3297300
STLY,20100909,3.6,3.63,3.56,3.6,5100
STMP,20100909,12.34,12.34,12.11,12.32,29100
STPP,20100909,49.34,49.45,49.34,49.45,2400
STRA,20100909,149.76,153.1,146.44,150,308900
STRL,20100909,11.06,11.12,10.79,10.94,108600
STRM,20100909,1.22,1.34,1.13,1.29,39000
STRS,20100909,8.9,8.95,8.9,8.9,400
STRT,20100909,22,22,20.59,21.36,4000
STX,20100909,11.13,11.21,11,11.03,9884100
SUMR,20100909,8.18,8.22,7.97,8.02,29400
SVA,20100909,4.02,4.41,4,4.39,580900
SVBI,20100909,4,4.2,3.95,3.95,14000
SWHC,20100909,3.94,3.99,3.87,3.96,1065900
SWIR,20100909,8.63,8.63,8.48,8.59,34300
SWKS,20100909,18.92,19,18.58,18.8,3074800
SYBT,20100909,16.4067,16.5267,16.0667,16.2,8200
SYKE,20100909,13.65,13.87,13.48,13.84,419400
SYMC,20100909,14.74,14.81,14.51,14.62,11797200
SYMX,20100909,0.88,0.9,0.87,0.9,19600
SYNA,20100909,26.03,26.24,25.23,25.61,747600
SYNL,20100909,8.87,8.87,8.5,8.66,19800
SYNT,20100909,21.385,21.485,21.045,21.355,151600
SYPR,20100909,3.34,3.4,3.29,3.33,15500
SYUT,20100909,9.32,9.4,9.14,9.31,309200
TACT,20100909,7.96,7.96,7.89,7.96,8300
TAIT,20100909,1.02,1.02,1.02,1.02,0
TASR,20100909,3.98,3.98,3.9,3.95,245700
TAST,20100909,4.96,5.09,4.91,4.94,54400
TATT,20100909,6.99,7.25,6.99,7.09,1200
TAYD,20100909,5.07,5.07,5.07,5.07,100
TBBK,20100909,6.76,6.76,6.51,6.55,29400
TBNK,20100909,16.94,16.94,16.69,16.77,18000
TCBI,20100909,15.98,16.15,15.68,15.82,243900
TCBIW,20100909,7.25,7.25,7.25,7.25,100
TCBK,20100909,14.51,14.57,14.11,14.26,8700
TCCO,20100909,9,9.11,8.99,9.11,700
TCRD,20100909,11.61,11.61,11.38,11.48,13700
TCX,20100909,2.64,2.8,2.6,2.76,193000
TEAM,20100909,6.31,6.31,6.07,6.12,900
TEAR,20100909,2.23,2.3,2.19,2.28,10200
TECD,20100909,38.31,38.59,38.07,38.26,361900
TECH,20100909,60.13,60.46,59.38,60.15,113800
TESO,20100909,11.01,11.16,10.75,10.83,62300
TESS,20100909,10.5,10.79,10.26,10.41,25400
TFSL,20100909,9.44,9.53,9.35,9.4,500900
TGA,20100909,7.38,7.44,7.29,7.38,120900
THFF,20100909,29.74,29.92,29.1,29.45,10100
THLD,20100909,1.19,1.23,1.19,1.2,26500
TICC,20100909,9.71,9.79,9.65,9.69,187100
TINY,20100909,4.17,4.2,4.12,4.14,74200
TISA,20100909,0.85,0.86,0.82,0.82,5000
TITN,20100909,15.38,15.38,14.41,14.5,331100
TIVO,20100909,8.68,8.7,8.41,8.5,762500
TLF,20100909,4.35,4.35,4.3,4.3,6900
TLT,20100909,103.7,103.84,102.64,102.79,8588800
TNAV,20100909,5.31,5.37,5.21,5.25,34700
TNDM,20100909,11.22,11.22,10.94,10.96,334300
TOPS,20100909,49,49,46.9,46.9,5400
TORM,20100909,5.45,5.55,5.33,5.55,900
TOWN,20100909,15.06,15.06,14.51,14.64,22700
TQQQ,20100909,11.7125,11.7313,11.455,11.5025,235200
TREE,20100909,7.19,7.24,7.19,7.23,4700
TRIB,20100909,6.05,6.12,6,6.11,22900
TRMB,20100909,14.76,14.875,14.63,14.74,446900
TRMK,20100909,20.41,20.74,20.29,20.36,278600
TRNS,20100909,7.25,7.25,7.25,7.25,0
TROW,20100909,48.38,48.65,47.88,48.61,2163100
TRS,20100909,14.65,14.65,13.93,14.22,160000
TRST,20100909,5.34,5.34,5.19,5.21,289200
TRUE,20100909,1.41,1.41,1.32,1.33,2100
TSBK,20100909,4.21,4.23,4.21,4.23,1000
TSCO,20100909,18.75,18.75,18.335,18.365,669500
TSEM,20100909,19.35,19.95,18.9,19.2,1797600
TSLA,20100909,21,21.05,20.69,20.71,376100
TSRA,20100909,16.19,16.28,15.81,15.91,163100
TSRI,20100909,2.03,2.04,2.03,2.04,2000
TTEC,20100909,13.33,13.55,13.13,13.16,164700
TTEK,20100909,19.18,19.4,19.02,19.2,330600
TTGT,20100909,5.2,5.2,5.09,5.11,23100
TTMI,20100909,8.81,8.86,8.52,8.57,274900
TTWO,20100909,9.36,9.65,9.3,9.34,2369800
TUES,20100909,4.22,4.3,4.15,4.22,211200
TWER,20100909,32.4,34,32,32.8,64400
TWIN,20100909,12.27,12.27,11.96,11.97,35700
TWMC,20100909,1.73,1.74,1.7,1.72,1000
TXN,20100909,23.93,24.16,23.71,23.84,13158900
TXRH,20100909,14.63,14.63,13.99,14.11,492400
TYPE,20100909,7.72,7.73,7.54,7.61,32400
TZOO,20100909,21.75,22.19,20.41,21.08,142100
UBCP,20100909,8.45,8.45,8.07,8.4,1400
UBFO,20100909,4.32,4.32,4.3,4.3,200
UBNK,20100909,13.67,13.82,13.47,13.55,27500
UBOH,20100909,9.14,9.25,9.14,9.16,9400
UBSH,20100909,12.31,12.31,11.94,12.04,19600
UBSI,20100909,24.25,24.85,23.95,24.2,104100
UCBA,20100909,6.96,6.96,6.96,6.96,100
UCBI,20100909,2.57,2.57,2.46,2.51,245800
UCFC,20100909,1.42,1.42,1.3,1.3,3800
UCTT,20100909,8.84,8.84,8.04,8.08,281900
UEIC,20100909,20.41,20.41,19.5,19.98,29800
UEPS,20100909,11.14,11.14,10.78,11.07,723800
UFCS,20100909,21.86,21.98,21.5,21.65,38100
UFPI,20100909,28.14,28.3,27.2,27.51,72900
UFPT,20100909,10.32,10.45,10.31,10.44,22200
UG,20100909,12.13,12.73,12.1,12.73,1700
UHAL,20100909,82.37,82.55,79.6,80.93,28600
ULBI,20100909,4.08,4.13,4.04,4.09,61100
ULTA,20100909,26.92,26.96,25.97,26.35,419300
ULTI,20100909,35.49,35.69,35,35.37,107400
UMBF,20100909,33.84,34.09,33.39,33.78,111500
UMPQ,20100909,11.3,11.45,11.14,11.28,328100
UNAM,20100909,9.28,9.28,9.28,9.28,0
UNB,20100909,17.97,18,17.97,18,1500
UNFI,20100909,35.1,35.1,33.52,34.08,460000
UNIS,20100909,53.7,54.8,52.6,53.4,49000
UNTY,20100909,5.35,5.35,5.1,5.1,17000
URBN,20100909,33.78,34.33,33.08,33.32,4293200
URRE,20100909,84,91.2,82.8,86.4,320500
USAK,20100909,14.6,14.6,14.25,14.25,3000
USAP,20100909,22.08,22.81,21.62,22.44,22600
USAT,20100909,0.6,0.6,0.57,0.58,7300
USATP,20100909,6.31,6.31,6.31,6.31,0
USEG,20100909,25.92,26.04,25.32,25.32,48100
USLM,20100909,39.7,39.78,38.38,38.51,2600
UTEK,20100909,16.71,16.82,15.71,15.77,188500
UTHR,20100909,49.12,49.81,48.98,49.7,1127800
UTMD,20100909,26.97,27,26.52,26.61,2400
UTSI,20100909,6.09,6.12,5.88,6,343400
UVSP,20100909,17.12,17.12,16.85,17.03,31300
VALU,20100909,14.74,14.74,13.73,13.79,5500
VASC,20100909,11.44,11.51,11.2,11.4,67800
VBFC,20100909,28.8,28.8,26.24,28.8,2100
VCIT,20100909,80.5,80.59,80.26,80.32,27300
VCLT,20100909,80.7,80.7,80.01,80.01,6200
VCSH,20100909,77.97,77.97,77.79,77.84,92800
VDSI,20100909,6.26,6.26,6.14,6.16,42400
VECO,20100909,34.06,34.33,33.03,33.82,2036500
VGIT,20100909,63.06,63.07,62.77,62.8,14000
VGLT,20100909,65.33,65.43,64.84,64.91,6000
VGSH,20100909,60.69,60.69,60.65,60.65,13400
VIA,20100909,37.23,37.33,36.67,36.94,25000
VIAB,20100909,32.98,33.06,32.4,32.56,2417000
VICL,20100909,34.2,36.1,33.7,36,475100
VICR,20100909,14.48,14.48,13.89,14.15,45600
VIRC,20100909,3.02,3.03,2.9,2.9,1500
VISN,20100909,76,77,73.8,74.6,126800
VIVO,20100909,19.4,19.49,18.2,18.26,500400
VLGEA,20100909,27.66,27.66,27.13,27.58,8200
VMBS,20100909,51.25,51.27,51.22,51.22,5900
VNDA,20100909,6.68,6.68,6.49,6.58,112100
VOD,20100909,24.73,24.9,24.53,24.81,6234000
VOXX,20100909,6.93,6.93,6.64,6.69,29800
VRML,20100909,5.69,5.83,5.11,5.4,119600
VRNT,20100909,25.04,25.2,24.71,25.1,67400
VRSK,20100909,27.68,27.99,27.68,27.8,306800
VRSN,20100909,30.68,30.88,30.53,30.65,1918000
VRTB,20100909,6.88,6.88,6.84,6.84,600
VRTS,20100909,28.7,28.98,28.44,28.51,7500
VRTU,20100909,8.68,8.72,8.5,8.65,22500
VRTX,20100909,36.25,36.64,35.73,35.89,1695900
VSAT,20100909,36.6,37.08,36.41,36.69,274700
VSEC,20100909,14.485,14.545,14.3,14.45,8500
VVUS,20100909,6.39,6.39,6.06,6.11,1499800
WABC,20100909,53.74,54.09,52.86,53.26,90500
WAFD,20100909,15.1,15.28,14.82,14.97,476000
WASH,20100909,18.57,18.57,18.15,18.36,26100
WAYN,20100909,8.1,8.1,8.1,8.1,0
WBMD,20100909,50.12,50.12,49.62,49.75,461000
WDC,20100909,26.39,26.5,25.85,25.95,3726500
WDFC,20100909,35.98,35.98,35.21,35.65,25500
WERN,20100909,21.64,21.73,20.71,20.94,999500
WEYS,20100909,24.09,24.09,23.84,24,2700
WFM,20100909,17.79,17.875,17.545,17.58,1448200
WILC,20100909,6.14,6.2,6.13,6.2,22400
WIN,20100909,12.07,12.15,12,12.12,3369800
WINA,20100909,32.15,33.42,32.1,32.35,2700
WIRE,20100909,19.01,19.24,18.67,18.93,31100
WLDN,20100909,3.22,3.22,3.22,3.22,100
WLFC,20100909,9.67,9.79,9.67,9.79,1300
WMAR,20100909,9.27,9.28,9.16,9.21,30400
WMGI,20100909,13.66,13.96,13.57,13.8,235900
WOOD,20100909,41.35,41.35,40.48,40.55,4700
WOOF,20100909,20.87,21.06,20.79,20.98,306200
WPCS,20100909,488.18,492.8,488.18,491.26,21900
WPPGY,20100909,53.39,53.39,53.06,53.17,28600
WPRT,20100909,17.1,17.2,16.42,16.52,246400
WRLD,20100909,42.47,42.66,41.51,41.94,92000
WSBC,20100909,15.58,15.75,15.23,15.39,27800
WSBF,20100909,3.97,4,3.73,3.93,27800
WSCI,20100909,3.52,3.58,3.4,3.45,2000
WSFS,20100909,12.2733,12.28,12.12,12.2233,11600
WSTG,20100909,10.04,10.04,9.62,9.99,3900
WSTL,20100909,2.11,2.2,2.09,2.2,225300
WTBA,20100909,6.29,6.29,6.18,6.18,10800
WTFC,20100909,30.19,30.5,29.75,30.13,93500
WVFC,20100909,10.98,10.98,10.98,10.98,400
WVVI,20100909,3.43,3.53,3.43,3.43,7000
WYNN,20100909,89.83,90.58,88.46,88.84,2153000
XBKS,20100909,5.78,5.78,5.78,5.78,0
XLNX,20100909,25.38,25.43,24.72,24.76,7102200
XRAY,20100909,29.49,29.7,29.34,29.65,582400
XXIA,20100909,11.97,11.99,11.75,11.89,254100
YHOO,20100909,13.88,13.92,13.57,13.65,17735400
YORW,20100909,14.92,14.98,14.75,14.76,16800
YRCW,20100909,0.3,0.3,0.28,0.28,47869700
ZAGG,20100909,3.67,3.78,3.57,3.66,293800
ZBRA,20100909,30.14,30.67,30.14,30.53,211500
ZEUS,20100909,23.79,23.94,22.5,22.69,41200
ZION,20100909,20.36,20.69,19.79,20.31,2814100
ZIONW,20100909,6,6,5.75,5.9,22700
ZIOP,20100909,3.94,4,3.7,3.82,201300
ZIXI,20100909,2.75,2.78,2.7,2.71,215900
ZN,20100909,5.21,5.21,5.12,5.16,39900
ZUMZ,20100909,16.72,16.72,16.1,16.19,115400
