<ticker>,<date>,<open>,<high>,<low>,<close>,<vol>
AAME,20091224,1.36,1.36,1.35,1.35,200
AAON,20091224,5.8311,5.8933,5.8311,5.8903,7400
AAPL,20091224,29.0786,29.9071,29.05,29.8629,17888800
AAWW,20091224,38.21,38.25,37.3,37.79,86500
AAXJ,20091224,55.32,55.41,53.56,55.37,62400
ABAX,20091224,24.18,24.61,24.14,24.5,49800
ABCB,20091224,6.81,6.96,6.76,6.79,13700
ABCD,20091224,4.4,4.4,3.81,4.07,38200
ABCO,20091224,14.835,14.92,14.745,14.87,18400
ABIO,20091224,133.14,133.56,128.94,132.3,22300
ABMD,20091224,8.89,8.9,8.74,8.86,37900
ABTL,20091224,4.6,4.8,4.35,4.55,444600
ACAD,20091224,1.32,1.38,1.32,1.35,135300
ACAS,20091224,2.41,2.55,2.4,2.53,1914000
ACAT,20091224,8.43,8.93,8.41,8.89,12900
ACET,20091224,5.24,5.35,5.19,5.24,204700
ACFC,20091224,1.55,1.55,1.41,1.42,3100
ACGL,20091224,23.8033,24.0267,23.8033,23.9633,146500
ACHN,20091224,3.59,3.6,3.3,3.33,406800
ACIW,20091224,5.9433,6.0133,5.9333,5.9367,45800
ACLS,20091224,5.92,5.92,5.68,5.84,410600
ACOR,20091224,25.7,26,25.7,25.83,103100
ACPW,20091224,5.15,5.35,5.1,5.35,27600
ACTG,20091224,8.4,8.59,8.4,8.55,22000
ACTS,20091224,2.42,2.55,2.4,2.46,702300
ACUR,20091224,5.21,5.5,5.21,5.4,3700
ACWI,20091224,42.23,42.57,42.23,42.49,87600
ACWX,20091224,41.09,41.1,40.99,41.06,10500
ACXM,20091224,13.95,14.15,13.91,13.98,149700
ADBE,20091224,36.95,37.17,36.81,37.17,1349900
ADES,20091224,3.295,3.33,3.215,3.25,13800
ADI,20091224,31.4,31.73,31.36,31.69,862400
ADP,20091224,37.4716,37.8403,37.3572,37.7613,614600
ADRA,20091224,25.73,25.73,25.66,25.71,7800
ADRD,20091224,21.39,21.51,21.39,21.48,2400
ADRE,20091224,43.63,43.81,43.56,43.79,57800
ADRU,20091224,21.29,21.37,21.24,21.27,6800
ADSK,20091224,25.27,25.9,25.12,25.88,928200
ADTN,20091224,22.55,22.7,22.43,22.53,129500
ADUS,20091224,8.65,8.78,8.54,8.73,12400
AEHR,20091224,1.2,1.25,1.1,1.18,17100
AEIS,20091224,14.95,14.96,14.61,14.74,124100
AEPI,20091224,39.14,39.95,37.48,39.68,40000
AETI,20091224,2.43,2.46,2.43,2.46,700
AEY,20091224,2,2,1.96,2,14400
AEZS,20091224,492,498,468,474,245400
AFAM,20091224,40.79,41,39.99,40.71,39400
AFSI,20091224,6.045,6.1,6.005,6.065,28600
AGEN,20091224,0.72,0.72,0.68,0.7,228500
AGII,20091224,29.33,29.39,29.16,29.31,18100
AGNC,20091224,28.45,28.5,28.16,28.33,429100
AGYS,20091224,9.78,9.8,9.57,9.67,11700
AHGP,20091224,28.24,28.4,27.38,28.4,116400
AHPI,20091224,5.07,5.07,5.07,5.07,200
AIMC,20091224,12.6,12.79,12.52,12.57,19100
AINV,20091224,9.57,9.68,9.57,9.65,456600
AIRM,20091224,11.38,11.3867,11.22,11.3733,7800
AIRT,20091224,9.84,9.87,9.7,9.7,5800
AIXG,20091224,34.13,34.68,34.06,34.32,85600
AKAM,20091224,25.58,25.86,25.45,25.74,1043600
AKRX,20091224,1.88,1.88,1.84,1.87,23600
ALCO,20091224,26,26.6,25.93,26.25,7300
ALGN,20091224,17.86,17.99,17.76,17.82,71000
ALGT,20091224,47.6,47.94,46.99,47.5,96800
ALKS,20091224,9.62,9.65,9.41,9.57,430800
ALLT,20091224,3.8,3.8,3.75,3.8,25300
ALNY,20091224,17.8,18.08,17.46,17.98,43800
ALOG,20091224,36.01,36.25,36.01,36.2,12000
ALOT,20091224,7.33,7.33,7.04,7.12,2200
ALSK,20091224,8.53,8.7,8.53,8.7,332900
ALXN,20091224,24.155,24.315,24.13,24.235,76900
AMAG,20091224,39.07,39.11,38.81,39.09,115600
AMAT,20091224,13.99,14.01,13.93,14,5663500
AMCC,20091224,7.64,7.84,7.58,7.67,169800
AMCN,20091224,7.68,7.77,7.66,7.73,11300
AMD,20091224,9.79,9.95,9.78,9.91,11331900
AMED,20091224,47.92,50,47.92,49.84,566300
AMGN,20091224,57.16,57.45,56.9,57.42,1283600
AMKR,20091224,7.39,7.43,7.22,7.4,1270400
AMNB,20091224,21.36,22.24,21.36,22,12700
AMOT,20091224,2.65,2.65,2.65,2.65,500
AMOV,20091224,23.535,23.885,23.535,23.71,2600
AMPH,20091224,23.48,23.94,23.32,23.73,7600
AMRB,20091224,7.17,7.19,7.17,7.19,300
AMRI,20091224,9.35,9.48,9.3,9.4,18700
AMRN,20091224,1.42,1.5,1.4,1.42,8900
AMSC,20091224,424.2,429.9,423.7,426.7,234200
AMSF,20091224,17.94,18.22,17.88,18.1,19100
AMSG,20091224,22.7,22.7,22.48,22.63,10700
AMSWA,20091224,6.21,6.21,6.03,6.1,18600
AMTD,20091224,19.64,19.64,19.4,19.48,1179800
AMWD,20091224,20.27,20.35,19.99,20.14,10300
AMZN,20091224,139.2,139.7,137.54,138.47,5128700
ANAT,20091224,118.76,119.36,118.02,119.36,7500
ANCX,20091224,5.95,5.95,5.95,5.95,0
ANDE,20091224,17.7933,17.9933,17.6667,17.94,18800
ANGO,20091224,15.66,15.75,15.56,15.63,21200
ANIK,20091224,8.59,8.7,8.55,8.56,5800
ANSS,20091224,43.5,43.78,43.44,43.77,136500
APEI,20091224,33.27,33.75,33.1,33.69,49500
APOG,20091224,14.37,14.5,14.14,14.43,92800
APOL,20091224,58.33,59.74,58.11,59.27,726300
APPY,20091224,78.72,81.12,76.8,78.72,52200
ARAY,20091224,5.91,5.91,5.77,5.83,32000
ARCC,20091224,12.57,12.72,12.5,12.63,387600
ARCI,20091224,2.25,2.3,2.22,2.27,1000
ARCW,20091224,0.924,0.924,0.924,0.924,100
AREX,20091224,8.1,8.33,7.9,7.97,39500
ARIA,20091224,2.1,2.12,2.06,2.07,412200
ARII,20091224,10.25,10.4,10.23,10.32,15100
ARKR,20091224,13.75,13.75,13.75,13.75,8600
ARLP,20091224,21.995,22.155,21.875,22.075,118200
ARNA,20091224,3.59,3.69,3.58,3.64,1198900
AROW,20091224,25.49,25.64,25.26,25.27,3700
ARQL,20091224,3.72,3.72,3.61,3.67,24600
ARRS,20091224,11.5,11.6,11.4,11.4,224500
ARRY,20091224,2.74,2.86,2.68,2.81,390600
ARTNA,20091224,17.63,17.82,17.54,17.54,1000
ARTW,20091224,3.99,4.13,3.99,4.13,3800
ARTX,20091224,1.56,1.63,1.56,1.57,38900
ARWR,20091224,0.69,0.69,0.52,0.53,215300
ASCMA,20091224,24.74,25.05,24.74,24.88,13500
ASFI,20091224,7.12,7.2,7.12,7.2,6000
ASML,20091224,34.41,34.58,34.4,34.58,189900
ASPS,20091224,19.21,19.67,19,19.2,40500
ASRV,20091224,1.54,1.63,1.54,1.63,7000
ASRVP,20091224,21.95,21.95,21.95,21.95,100
ASTC,20091224,1.96,2.12,1.92,2.12,144400
ASTE,20091224,26.69,27.2,26.66,27.01,40600
ASUR,20091224,0.1733,0.1867,0.1733,0.1733,10300
ASYS,20091224,10.99,11.44,10.7,11.15,79900
ATAI,20091224,4.46,4.65,4.28,4.57,7700
ATAX,20091224,5.7,5.75,5.69,5.75,42800
ATEC,20091224,64.32,65.04,63.72,64.56,32300
ATHN,20091224,46.21,46.69,45.81,46.31,123000
ATHX,20091224,5.42,5.95,5.32,5.52,16314300
ATLO,20091224,21.68,21.68,21.14,21.14,500
ATNI,20091224,55.99,56.43,55.52,56.41,22800
ATRC,20091224,5.75,6,5.66,5.85,13600
ATRI,20091224,150.87,153.45,150.87,152.05,1100
ATRO,20091224,7.1917,7.5,6.6333,7.5,5500
ATSG,20091224,2.7,2.8,2.65,2.71,61200
ATVI,20091224,11.45,11.47,11.3,11.44,3320400
AUBN,20091224,19.14,19.42,19.14,19.19,1400
AUDC,20091224,2.67,2.73,2.6,2.63,55400
AVAV,20091224,29.09,29.11,28.74,29.02,34700
AVGO,20091224,16.72,17,16.72,16.78,30700
AVID,20091224,12.91,12.95,12.78,12.89,25000
AWRE,20091224,2.63,2.72,2.41,2.65,12000
AXAS,20091224,1.82,1.82,1.78,1.8,47600
AXTI,20091224,3,3.19,3,3.18,62700
AZPN,20091224,9.85,10,9.85,9.85,35500
BABY,20091224,14.95,15.06,14.82,15.06,35300
BANF,20091224,38.39,38.48,37.85,38.36,8700
BANFP,20091224,25.25,25.25,25.25,25.25,1600
BANR,20091224,17.92,19.11,17.08,19.04,259500
BASI,20091224,1.11,1.11,1.03,1.04,1600
BBBY,20091224,39.45,39.62,39.18,39.47,927800
BBGI,20091224,3.61,3.61,3.61,3.61,0
BBOX,20091224,29.49,29.59,29.08,29.19,19800
BBRY,20091224,67.74,67.95,66.5,66.92,7310300
BBSI,20091224,12.08,12.3,12.04,12.11,7200
BCBP,20091224,9.2,9.2,9.2,9.2,0
BCPC,20091224,22.8133,22.8667,22.8133,22.86,22400
BCRX,20091224,6.17,6.93,6.12,6.83,2889900
BDGE,20091224,23.97,24.16,23.97,24.16,600
BDSI,20091224,4,4.01,3.91,4.01,42700
BEAT,20091224,5.84,5.88,5.8,5.86,201300
BEAV,20091224,24,24.17,23.96,24.02,150500
BEBE,20091224,6.01,6.01,5.88,5.9,208300
BECN,20091224,16.59,16.9,16.46,16.72,106100
BELFA,20091224,18.04,18.04,18.04,18.04,0
BELFB,20091224,20.4,20.5,20.35,20.35,3700
BFIN,20091224,10.04,10.1,9.93,9.93,11400
BGCP,20091224,4.42,4.44,4.32,4.41,31000
BGFV,20091224,17.62,17.65,17.27,17.64,56800
BIDU,20091224,41.59,42.181,41.415,41.599,795400
BIIB,20091224,52.22,52.5,51.91,52.24,630800
BIOC,20091224,12.45,12.45,12.03,12.03,2500
BIOS,20091224,8.66,8.66,8.46,8.61,58500
BJRI,20091224,19.1,19.1,18.7,18.81,94000
BKCC,20091224,8.26,8.26,8.16,8.26,86700
BKMU,20091224,7.14,7.23,7.03,7.1,59400
BKSC,20091224,10.5,10.6,10.5,10.6,1900
BLDP,20091224,2.12,2.13,2.05,2.05,323800
BLDR,20091224,4.4,4.4,4.15,4.21,60900
BLKB,20091224,24.45,24.64,24.31,24.42,90500
BMRC,20091224,33.84,33.84,32.54,33.13,2800
BMRN,20091224,18.91,19,18.88,18.9,166600
BMTC,20091224,15.53,15.58,15.43,15.43,2100
BNCL,20091224,9.91,9.92,9.81,9.85,24000
BNCN,20091224,6.7,6.7,6.5,6.63,1900
BNSO,20091224,0.97,0.98,0.97,0.98,143400
BOBE,20091224,30,30.02,29.72,29.94,49000
BOCH,20091224,5.46,5.46,5.46,5.46,600
BOFI,20091224,2.4825,2.5,2.47,2.4925,8900
BOKF,20091224,47.09,47.74,47.09,47.67,53500
BONT,20091224,9.89,10.1,9.81,9.91,46200
BOOM,20091224,20.31,20.7,19.83,20.46,76500
BOSC,20091224,1.2,1.2,1.12,1.16,76500
BPFH,20091224,5.58,5.76,5.52,5.62,130300
BPOP,20091224,21.5,21.9,21.5,21.8,775000
BPOPM,20091224,14,14,14,14,0
BPOPN,20091224,16,16,16,16,0
BRCD,20091224,7.88,7.88,7.76,7.85,3071400
BRID,20091224,10.95,11.11,10.95,11.11,200
BRKL,20091224,9.81,9.89,9.77,9.89,38900
BRKR,20091224,12.39,12.39,12.25,12.3,77100
BRKS,20091224,9,9.01,8.93,8.97,182400
BSET,20091224,3.5,3.55,3.5,3.5,2500
BSQR,20091224,2.48,2.48,2.39,2.39,2400
BSRR,20091224,7.65,7.97,7.4,7.41,13900
BSTC,20091224,28.39,28.44,28.11,28.44,500
BUSE,20091224,3.99,3.99,3.83,3.88,51900
BVSN,20091224,13.8,13.8,13.8,13.8,0
BWEN,20091224,98.8,99.2,96.7,97.4,63600
BWINA,20091224,23.45,23.45,23.45,23.45,0
BWINB,20091224,23.59,24.08,23.59,23.93,1200
BWLD,20091224,42.85,42.98,42.57,42.92,73400
BYFC,20091224,6.43,7.7,6.43,6.48,1400
CA,20091224,22.7977,23.197,22.6979,23.1671,1914400
CAAS,20091224,18.82,20.41,18.71,19.86,1606500
CAC,20091224,31.79,31.86,31.74,31.86,1200
CACB,20091224,0.72,0.72,0.63,0.7,270800
CACC,20091224,42.53,43.11,42.07,43.11,13100
CADC,20091224,51.24,54,51.24,54,17400
CAKE,20091224,22.32,22.52,22.27,22.51,316000
CALD,20091224,3.05,3.05,2.99,3.02,24200
CALI,20091224,30.3,31.2,30,30.9,30300
CALM,20091224,15.695,15.935,15.31,15.405,117400
CAMP,20091224,3.2,3.23,3.15,3.23,41500
CAMT,20091224,2.38,2.61,2.37,2.56,278200
CART,20091224,5.5,5.5,5.5,5.5,0
CARV,20091224,7.13,7.13,7.11,7.11,200
CASH,20091224,21,21,21,21,100
CASM,20091224,2.01,2.1,2,2.03,25600
CASS,20091224,30.54,31.03,30.54,30.59,1500
CASY,20091224,31.6,31.67,31.28,31.65,97800
CATM,20091224,10.79,11.43,10.79,11.11,70900
CATY,20091224,7.48,7.56,7.38,7.52,296300
CAVM,20091224,24.1,24.37,24,24.17,153800
CBAK,20091224,11.9,12,11.65,11.9,228800
CBAN,20091224,3.94,3.94,3.73,3.75,2300
CBLI,20091224,68,69.8,68,69.2,14400
CBMX,20091224,910.5,910.5,906,907.5,6400
CBMXW,20091224,14.5,14.5,14.5,14.5,0
CBPO,20091224,11.87,12.17,11.8,12.06,58700
CBRL,20091224,39.41,39.5,39.07,39.42,80200
CBSH,20091224,39.88,39.88,39.63,39.84,67900
CCBG,20091224,13.52,13.66,13.48,13.51,1400
CCMP,20091224,32.96,33.27,32.83,33.27,26500
CCNE,20091224,15.99,16.4,15.99,15.99,1200
CCOI,20091224,10.13,10.3,9.96,10.11,120900
CCRN,20091224,9.69,9.98,9.69,9.92,15200
CCUR,20091224,3.83,3.85,3.82,3.84,6000
CDNS,20091224,5.87,6.02,5.83,6.02,976400
CDTI,20091224,8.2,8.2,8.2,8.2,400
CDZI,20091224,12.54,12.54,11.87,11.97,63700
CECE,20091224,3.99,3.99,3.96,3.96,1500
CECO,20091224,23.07,23.38,22.99,23.21,342400
CELG,20091224,28.3,28.475,28.045,28.19,787800
CENT,20091224,11.13,11.17,11,11.15,45800
CENTA,20091224,10.53,10.55,10.4,10.53,67500
CENX,20091224,16.48,16.67,16.36,16.47,2081800
CERN,20091224,20.7875,20.91,20.78,20.9025,192600
CERS,20091224,1.87,1.88,1.8,1.85,147900
CETV,20091224,24.23,24.23,23.63,23.72,27800
CEVA,20091224,12.49,12.49,12.3,12.4,14700
CFBK,20091224,7.25,7.25,7.25,7.25,0
CFFI,20091224,19.46,19.46,19.46,19.46,0
CFFN,20091224,31.78,31.78,31.5,31.69,23400
CFNB,20091224,12.9,13.07,12.58,12.98,2400
CFNL,20091224,8.74,8.81,8.71,8.81,25200
CGEN,20091224,4.37,4.61,4.03,4.08,4738800
CGNX,20091224,8.995,8.995,8.895,8.96,23200
CHCI,20091224,0.85,0.85,0.79,0.8,18700
CHCO,20091224,32.48,32.96,32.47,32.78,19100
CHDN,20091224,37,37.11,36.35,36.93,6100
CHFC,20091224,24,24,23.74,23.85,9800
CHFN,20091224,10.3281,10.3281,10.3281,10.3281,3600
CHKE,20091224,16.2,16.7,16.2,16.57,34100
CHKP,20091224,33.95,34.17,33.9,34.06,645200
CHNR,20091224,11.5,11.87,11.5,11.55,3300
CHRS,20091224,6.4,6.48,6.33,6.34,241900
CHRW,20091224,58.73,58.94,58.19,58.8,241700
CHSCP,20091224,27.63,27.74,27.6,27.6,3600
CIDM,20091224,10.9,11.9,10.5,11.2,26200
CINF,20091224,25.98,26.2,25.9,26.19,274500
CISG,20091224,21.13,21.2,20.82,20.92,28600
CIZN,20091224,22.03,22.49,22.03,22.1,400
CKEC,20091224,7.2,7.25,7.11,7.15,13600
CLBH,20091224,3.01,3.16,3.01,3.14,600
CLCT,20091224,8.99,9.4,8.97,8.97,12400
CLDX,20091224,4.49,4.7,4.49,4.68,166400
CLFD,20091224,2.29,2.3,2.22,2.28,4900
CLMS,20091224,11.97,12,11.77,11.85,12800
CLMT,20091224,17.94,18.14,17.82,18.14,101900
CLNE,20091224,15.86,16.1,15.7,15.78,311900
CLRO,20091224,3.25,3.28,3.25,3.26,3700
CLSN,20091224,2.99,3.03,2.97,3.02,24600
CLUB,20091224,2.31,2.44,2.31,2.41,38400
CLWT,20091224,14.025,15.125,14.025,14.575,148100
CMCO,20091224,14.4,14.4,14.06,14.15,42500
CMCSA,20091224,16.98,17.2,16.96,17.17,3136800
CME,20091224,65.612,66.234,65.552,66.234,126500
CMLS,20091224,18.8,18.8,18.08,18.8,14200
CMTL,20091224,36.24,36.73,36.24,36.53,71000
CNBKA,20091224,21.92,22.28,21.15,21.64,5000
CNMD,20091224,23.57,23.64,23.44,23.58,17200
CNOB,20091224,8.95,9.15,8.95,9.06,19700
CNSL,20091224,16.9,17.01,16.77,16.78,156200
CNTF,20091224,16,16.25,15.55,16,85700
CNTY,20091224,2.68,2.7,2.58,2.69,20700
COBZ,20091224,4.59,4.59,4.46,4.46,161700
COGT,20091224,9.92,9.98,9.87,9.95,83200
COHR,20091224,29.29,29.63,29.26,29.41,51300
COHU,20091224,13.94,14.15,13.85,13.91,14700
COKE,20091224,54.84,55,54.6,54.95,5100
COLB,20091224,15.75,15.77,15.66,15.76,74300
COLM,20091224,19.54,19.585,19.43,19.585,19900
CONN,20091224,5.82,5.9,5.8,5.9,39000
COOL,20091224,49.14,53.76,48.3,49.14,335500
CORE,20091224,7.9425,7.9825,7.905,7.95,12600
CORT,20091224,2.75,2.8,2.69,2.78,38000
COST,20091224,60.29,60.6,60.09,60.4,1681300
COWN,20091224,5.57,5.89,5.56,5.8,215100
CPHC,20091224,7.04,7.05,7.04,7.05,5000
CPIX,20091224,14.25,14.5,14.14,14.14,2600
CPLA,20091224,76.63,77.01,76.37,76.79,13100
CPLP,20091224,8.71,8.83,8.59,8.63,60300
CPRT,20091224,18.27,18.335,18.09,18.295,44500
CPRX,20091224,0.66,0.66,0.6,0.63,76200
CPSI,20091224,46.43,47.44,46.26,46.9,36700
CPSS,20091224,1,1.05,0.98,1.01,27900
CPST,20091224,25.2,25.6,25,25,737500
CRAI,20091224,25.9,25.9,25.39,25.56,2800
CRAY,20091224,6.3,6.31,6.07,6.25,49800
CREE,20091224,54.76,55.25,54.76,55.06,419100
CRESY,20091224,14.2,14.8,14.2,14.8,48900
CRIS,20091224,3.13,3.5,3.07,3.46,447100
CRME,20091224,23.05,23.15,22.1,22.8,62500
CRMT,20091224,24.87,25.08,24.62,24.84,18900
CRNT,20091224,11.47,11.51,11.4,11.47,62000
CROX,20091224,5.95,5.98,5.87,5.98,337100
CRUS,20091224,6.7,6.8,6.62,6.75,83900
CRVL,20091224,16.87,17.025,16.51,16.875,13700
CRWS,20091224,2.65,2.65,2.65,2.65,0
CRZO,20091224,28.81,28.95,28.55,28.8,134100
CSBK,20091224,9.78,9.78,9.5,9.57,3800
CSCO,20091224,23.8,23.99,23.79,23.96,9900500
CSFL,20091224,10.5,10.53,10.34,10.45,8400
CSGP,20091224,42.31,42.48,42.2,42.38,22600
CSGS,20091224,19.25,19.32,19.04,19.25,22500
CSII,20091224,4.5,4.64,4.43,4.43,7000
CSIQ,20091224,30.33,30.51,29.22,29.4,859300
CSPI,20091224,3.69,3.69,3.69,3.69,1300
CSTR,20091224,27.56,27.65,27.33,27.65,224700
CSWC,20091224,19.545,19.77,19.545,19.77,2100
CSX,20091224,16.6633,16.9333,16.65,16.8,934800
CTAS,20091224,26.33,26.52,26.2,26.37,1108700
CTBI,20091224,24.38,24.46,23.76,23.97,18800
CTHR,20091224,1.19,1.27,1.16,1.2,26000
CTIB,20091224,2.4,2.4,2.24,2.24,9600
CTIC,20091224,5.75,5.8,5.6,5.75,2715200
CTRN,20091224,27.67,27.8,27.08,27.78,29600
CTRP,20091224,18.3275,18.475,18.1525,18.295,193100
CTSH,20091224,23.185,23.2,23.01,23.115,684700
CTWS,20091224,25,25.17,24.63,25.04,6300
CTXS,20091224,42.02,42.19,41.71,42.15,639400
CUBA,20091224,6.55,6.62,6.5,6.5,14800
CUTR,20091224,8.06,8.18,7.96,8.06,17200
CVBF,20091224,8.62,8.74,8.53,8.71,248800
CVCO,20091224,37.01,37.76,36.84,37.5,1800
CVCY,20091224,5.6,5.6,5.6,5.6,0
CVGI,20091224,6.48,6.48,6.22,6.3,38300
CVGW,20091224,16.77,16.93,16.68,16.84,7900
CVLT,20091224,23.77,23.9,23.57,23.89,50600
CVLY,20091224,5.27,5.28,5.13,5.28,400
CVTI,20091224,3.58,3.74,3.58,3.74,2000
CVV,20091224,4.37,4.43,4.34,4.43,3300
CWBC,20091224,2.95,3.15,2.3,2.8,5100
CWCO,20091224,13.06,13.23,13.03,13.08,34700
CWST,20091224,4.51,4.51,4.32,4.4,25000
CXDC,20091224,7.78,7.78,7.5,7.65,7100
CY,20091224,10.69,10.75,10.65,10.73,486500
CYAN,20091224,4.72,4.72,4.48,4.68,3700
CYBE,20091224,6.27,6.5,6.1,6.24,4900
CYCC,20091224,83.16,84,79.8,81.48,859100
CYCCP,20091224,2.01,2.01,2.01,2.01,0
CYNO,20091224,10.75,10.9,10.65,10.9,6500
CYOU,20091224,32.72,33.82,32.72,33.5,95600
CYTK,20091224,17.52,17.82,16.92,17.04,107800
CYTR,20091224,8.12,8.33,7.91,8.19,439100
CYTX,20091224,91.8,92.25,88.95,90.75,145300
CYTXW,20091224,4.1,4.11,4,4,6600
CZFC,20091224,5.37,5.37,5.25,5.25,200
CZNC,20091224,9.66,9.9,9.53,9.64,7200
CZWI,20091224,3.65,3.65,3.65,3.65,0
DAIO,20091224,4.01,4.01,4.01,4.01,15300
DAKT,20091224,9.13,9.21,9.13,9.17,34800
DAVE,20091224,5.92,6.1,5.65,5.88,18600
DCOM,20091224,11.34,11.5,11.3,11.45,41700
DCTH,20091224,83.36,84.16,81.76,82.4,98900
DENN,20091224,2.29,2.29,2.27,2.27,147200
DEPO,20091224,3.3,3.3,3.25,3.25,68100
DEST,20091224,9.125,9.43,9.125,9.27,1700
DGAS,20091224,14.375,14.375,14.125,14.125,300
DGICA,20091224,15.09,15.46,14.98,15.15,4400
DGICB,20091224,17.1,17.1,17.1,17.1,300
DGII,20091224,9,9,8.86,8.96,19600
DGLY,20091224,1.98,1.98,1.85,1.91,16900
DHIL,20091224,66,66,66,66,100
DIOD,20091224,20.71,20.72,20.42,20.63,44200
DISCA,20091224,31.13,31.19,30.9,31.12,177000
DISCB,20091224,31.75,31.75,31.75,31.75,0
DISCK,20091224,13.39,13.485,13.38,13.44,48200
DISH,20091224,21.12,21.24,20.86,20.94,862000
DJCO,20091224,58,58,58,58,1400
DLTR,20091224,16.3034,16.4034,16.2334,16.3434,90300
DMLP,20091224,21.17,21.48,21.17,21.44,8300
DMRC,20091224,14.76,14.81,14.68,14.69,4900
DNBF,20091224,6.5,6.5,6.5,6.5,300
DORM,20091224,7.9,7.96,7.82,7.88,3000
DRAD,20091224,1.95,1.99,1.92,1.97,9100
DRAM,20091224,67.14,83.16,66.96,77.58,838800
DRRX,20091224,2.57,2.57,2.45,2.45,84700
DRWI,20091224,282.25,290.75,279,283.5,252200
DRYS,20091224,9180,9240,9030,9075,4867900
DSGX,20091224,5.95,5.95,5.86,5.87,5800
DSPG,20091224,5.66,5.7,5.57,5.66,11500
DSWL,20091224,4.11,4.35,4.08,4.08,7300
DTLK,20091224,4.2,4.46,4.2,4.28,5000
DTSI,20091224,34.81,35.07,34.62,34.67,23900
DVAX,20091224,14.4,14.8,14.4,14.5,162500
DWCH,20091224,2.37,2.48,2.35,2.48,2700
DWSN,20091224,23.83,24.62,23.77,24.43,43600
DXCM,20091224,7.6,7.76,7.58,7.73,79700
DXPE,20091224,12.96,13.17,12.91,13.02,7800
DXYN,20091224,2.45,2.45,2.45,2.45,0
DYNT,20091224,4.4,4.4,4.4,4.4,1000
EBAY,20091224,10.1516,10.1516,10.0295,10.0589,3541400
EBIX,20091224,16.65,17.15,16.6467,17,281800
EBSB,20091224,3.5825,3.6969,3.5539,3.6928,14800
EBTC,20091224,10.67,10.91,10.65,10.76,1700
ECHO,20091224,12.51,12.79,12.5,12.58,23400
ECOL,20091224,17.17,17.29,16.93,17.01,17600
ECPG,20091224,17.74,17.99,17.47,17.63,44200
EDAP,20091224,2.9,2.9,2.74,2.79,20600
EDGW,20091224,2.84,2.89,2.8,2.89,23100
EDUC,20091224,5.8,5.9,5.79,5.88,1700
EEFT,20091224,22.2,22.38,22.02,22.33,35500
EEI,20091224,15.78,15.79,15.08,15.63,700
EFII,20091224,12.26,12.3,12.2,12.28,15000
EFOI,20091224,0.63,0.67,0.63,0.66,8500
EFSC,20091224,7.39,7.42,7.23,7.32,11300
EFUT,20091224,6.63,6.63,6.35,6.49,17700
EGBN,20091224,10.23,10.36,10.23,10.3,12400
EGHT,20091224,1.45,1.5,1.44,1.47,210300
EGLE,20091224,7531.2,7603.2,7300.8,7416,848700
EGOV,20091224,9.29,9.29,9.16,9.25,60900
EHTH,20091224,16.19,16.31,16,16.29,41100
ELGX,20091224,5.28,5.32,5.25,5.29,21900
ELNK,20091224,8.22,8.31,8.2,8.31,312000
ELON,20091224,119,120.2,118,119.6,40800
ELOS,20091224,9.64,10,9.64,9.97,68400
ELSE,20091224,4.17,4.17,4.17,4.17,0
ELTK,20091224,0.92,0.99,0.92,0.97,6800
EMCF,20091224,13.52,14.8,13.52,14.8,900
EMCI,20091224,14.52,14.5867,14.1867,14.46,4500
EMIF,20091224,29.55,29.67,29.45,29.67,3200
EMITF,20091224,1277.4,1288.2,1276.2,1281,17500
EMKR,20091224,4.32,4.32,4.2,4.24,519800
EMMS,20091224,4.8,4.8,4.6,4.76,26300
ENDP,20091224,20.28,20.57,20.27,20.42,447000
ENG,20091224,2.89,3.12,2.87,3.05,173500
ENOC,20091224,31.61,32,31.58,31.83,61600
ENSG,20091224,7.505,7.725,7.505,7.665,11800
ENTG,20091224,5.46,5.65,5.36,5.62,981500
EPAY,20091224,17.93,18.05,17.76,17.93,67400
EQIX,20091224,107.54,108.4,107.11,108.11,68100
ERIC,20091224,9.38,9.38,9.26,9.28,1291100
ERIE,20091224,39.89,40.19,39.78,40.18,17900
ERII,20091224,7.03,7.28,7.01,7.04,359000
ESBK,20091224,14.55,14.55,14.55,14.55,0
ESCA,20091224,2.3,2.89,2.06,2.32,41900
ESEA,20091224,4.06,4.12,4.05,4.06,46200
ESGR,20091224,73.01,74.01,73.01,73.78,2400
ESIO,20091224,11.05,11.07,10.94,10.97,6800
ESLT,20091224,65.26,66.1,64.77,65.85,8500
ESMC,20091224,1.7,1.7,1.7,1.7,0
ESRX,20091224,43.805,43.83,43.5,43.585,433100
ESSA,20091224,11.99,12.03,11.95,11.95,6500
ETFC,20091224,18.1,18.3,17.9,18.1,12637800
ETRM,20091224,44.1,44.1,37.8,40.5,180300
EVBS,20091224,7.32,7.32,7.32,7.32,0
EVEP,20091224,30.3,30.4,30.21,30.3,95000
EVK,20091224,2.8,2.82,2.66,2.82,19500
EVOL,20091224,6.06,6.12,6.03,6.1,15600
EWBC,20091224,16.93,17.39,16.79,17.19,318800
EXAC,20091224,19.1,19.24,19.1,19.15,1300
EXAS,20091224,3.21,3.27,3.2,3.26,18100
EXEL,20091224,7.9,8,7.81,8,281900
EXFO,20091224,3.76,3.76,3.76,3.76,0
EXLS,20091224,17.99,18.11,17.93,18,54800
EXPD,20091224,35.45,35.61,35.26,35.38,290100
EXPE,20091224,27.06,27.25,26.9,27,419100
EXPO,20091224,14.2,14.2,14.06,14.135,4900
EXTR,20091224,2.84,2.92,2.79,2.87,177600
EZPW,20091224,17.24,17.28,17.04,17.15,109700
FALC,20091224,4.02,4.16,4.02,4.13,27400
FARM,20091224,18.58,19.59,18.58,19.37,20500
FARO,20091224,21.69,21.82,21.46,21.75,16200
FAST,20091224,19.88,20.9,19.88,20.855,264200
FBIZ,20091224,9.6,9.6,9.6,9.6,100
FBMS,20091224,7.06,7.06,7.06,7.06,0
FBNC,20091224,14.56,14.56,14.08,14.26,16700
FBSS,20091224,12.59,12.59,12.59,12.59,200
FCAP,20091224,14.02,14.02,14.02,14.02,0
FCBC,20091224,12.25,12.25,12.1,12.1,6600
FCCO,20091224,6.31,6.31,6.19,6.19,200
FCCY,20091224,5.78,5.78,5.78,5.78,1000
FCEL,20091224,35.88,36.36,35.76,36.24,232700
FCNCA,20091224,162.01,164.11,160.28,162.89,2700
FDEF,20091224,11.18,11.18,10.78,10.99,2500
FDML,20091224,17,17.31,16.9,17.11,18900
FEIM,20091224,5.45,5.46,5.12,5.28,4100
FELE,20091224,14.195,14.245,13.945,14.2,112500
FFBC,20091224,14.98,15.25,14.91,15.12,51900
FFHL,20091224,1.32,1.32,1.26,1.26,2600
FFIC,20091224,11.71,11.89,11.62,11.81,27600
FFIN,20091224,18.44,18.47,18.3034,18.4167,29300
FFIV,20091224,52.59,52.87,52.4,52.45,220600
FFKT,20091224,10.38,10.38,10.14,10.18,1100
FFNW,20091224,6.75,6.75,6.7,6.73,8000
FHCO,20091224,4.6,4.64,4.54,4.61,23600
FINL,20091224,10.89,11.12,10.8,11.1,148400
FISI,20091224,11.89,11.95,11.75,11.79,2700
FISV,20091224,24.34,24.45,24.25,24.415,413200
FITB,20091224,10,10.23,9.94,10.23,5459400
FIZZ,20091224,13.4,13.7,13.35,13.51,68300
FLEX,20091224,7.46,7.55,7.45,7.52,1600500
FLIC,20091224,16.7267,16.9267,16.7267,16.9067,1500
FLIR,20091224,32.04,32.25,31.92,32.24,263000
FLML,20091224,7.68,7.8,7.55,7.74,14300
FLWS,20091224,2.25,2.26,2.22,2.22,93900
FLXS,20091224,9,9.24,8.99,9.1,1100
FMBI,20091224,10.78,11.02,10.68,10.96,94200
FNLC,20091224,15.49,15.56,15.49,15.49,1000
FNSR,20091224,8.82,8.97,8.8,8.9,125800
FOLD,20091224,3.85,3.97,3.73,3.88,2500
FONR,20091224,1.61,1.62,1.58,1.62,3600
FORD,20091224,2.08,2.12,2.08,2.09,13800
FORM,20091224,22.5,22.65,22.36,22.57,115300
FORR,20091224,25.72,25.8,25.33,25.62,83100
FORTY,20091224,11.7,11.7,11.35,11.5,6500
FOSL,20091224,33.87,33.98,33.59,33.82,216100
FRBK,20091224,4.35,4.41,4.28,4.32,48700
FRED,20091224,10.1,10.1,10,10.03,42400
FRME,20091224,5.39,5.64,5.34,5.58,29400
FRPT,20091224,5.62,5.63,5.52,5.53,113700
FSBK,20091224,10.33,10.58,10.33,10.49,1000
FSFG,20091224,10.35,10.35,10.35,10.35,0
FSLR,20091224,132.8,134.32,132.19,133.8,583600
FSTR,20091224,29.68,29.99,29.68,29.88,16800
FTEK,20091224,7.72,7.77,7.6,7.61,103500
FTNT,20091224,8.995,9.275,8.955,9.18,237500
FUEL,20091224,1.35,1.46,1.29,1.46,18400
FULT,20091224,8.82,8.96,8.82,8.96,209700
FUNC,20091224,6.3,6.42,6.26,6.36,3100
FUND,20091224,6.16,6.23,6.16,6.22,18700
FWRD,20091224,25.28,25.42,24.81,24.87,18600
GABC,20091224,16.8,16.8,16.52,16.61,2400
GAIA,20091224,7.66,7.89,7.66,7.86,8800
GAIN,20091224,4.58,4.65,4.5,4.52,26400
GALT,20091224,1.86,2.16,1.86,1.98,81600
GASS,20091224,6.2,6.35,6.2,6.26,27600
GBCI,20091224,13.62,13.82,13.61,13.81,72600
GBNK,20091224,5.9,6,5.6,5.65,68400
GCBC,20091224,7.295,7.295,7.295,7.295,0
GENC,20091224,4.8267,4.8533,4.8267,4.8333,5100
GENE,20091224,6.75,6.75,6.75,6.75,1500
GERN,20091224,5.71,5.85,5.65,5.82,328500
GFED,20091224,5.1,5.12,5.1,5.12,600
GFN,20091224,1.33,1.33,1.32,1.32,900
GGAL,20091224,5.34,5.4,5.3,5.32,11600
GHDX,20091224,20.76,20.99,20.57,20.84,29500
GIFI,20091224,21.58,21.6,21.2,21.46,9800
GIGA,20091224,3.38,3.59,3.38,3.55,25500
GIGM,20091224,15.4,16,15.3,15.9,1212000
GIII,20091224,10.025,10.815,10.025,10.5,150800
GILD,20091224,21.505,21.54,21.375,21.5,2014000
GILT,20091224,4.51,4.54,4.4,4.54,17100
GLAD,20091224,7.84,7.88,7.55,7.59,76400
GLBL,20091224,7.1,7.21,7.06,7.2,609800
GLBZ,20091224,9.63,9.63,9.63,9.63,200
GLDD,20091224,6.64,6.66,6.48,6.52,95000
GLNG,20091224,12.39,13.28,12.26,12.91,713600
GLRE,20091224,23.97,25.2,23.97,24.15,167800
GLUU,20091224,1.13,1.16,1.1,1.12,19100
GNCMA,20091224,6.71,6.73,6.58,6.67,19300
GNTX,20091224,8.96,9.06,8.96,9.02,206400
GNVC,20091224,11.5,11.5,10.9,11.2,401800
GOLD,20091224,82.67,83.5,81.35,81.48,299400
GOOD,20091224,13.1,13.15,12.91,13.02,8600
GOODO,20091224,18.37,18.37,18.2,18.2,500
GOODP,20091224,18.99,18.99,18.99,18.99,0
GOOG,20091224,306.465,309.76,306.135,309.24,858600
GPIC,20091224,5.88,5.94,5.86,5.86,1500
GPOR,20091224,11.53,11.88,11.53,11.66,116700
GPRE,20091224,12.76,13.25,12.25,13.1,126400
GPRO,20091224,43.66,43.74,43.22,43.62,41300
GRID,20091224,32.58,32.58,32.4,32.58,109400
GRIF,20091224,28.28,28.28,28.28,28.28,400
GRMN,20091224,30.6,30.98,30.33,30.98,517600
GROW,20091224,12.99,13.01,12.7,12.82,30400
GRVY,20091224,11.6,11.68,11.2,11.44,30000
GSBC,20091224,21.26,21.56,21.03,21.34,7500
GSIT,20091224,4.45,4.5,4.27,4.47,70600
GSM,20091224,9.56,9.98,9.43,9.75,221200
GSOL,20091224,6.38,6.41,6.28,6.35,23000
GT,20091224,14.35,14.6,14.25,14.58,871800
GTIM,20091224,1.08,1.08,1.08,1.08,0
GTLS,20091224,17.46,17.58,17.3,17.4,46500
GTXI,20091224,3.6,3.65,3.57,3.62,91600
GUID,20091224,5.23,5.35,5.19,5.22,15000
GULF,20091224,14.44,14.44,14.43,14.43,800
GYRO,20091224,38.56,38.56,38.56,38.56,0
HA,20091224,7.5,7.65,7.32,7.51,142800
HAFC,20091224,1.24,1.24,1.2,1.21,15400
HAIN,20091224,8.175,8.24,8.16,8.22,94800
HALL,20091224,8.06,8.1,8,8.03,3000
HALO,20091224,6.16,6.28,6.05,6.25,74500
HAS,20091224,32.1,32.19,31.89,32.17,345200
HAWK,20091224,21.07,21.26,20.97,21.26,9300
HAYN,20091224,32.68,33.49,32.68,32.99,19400
HBAN,20091224,3.7,3.72,3.69,3.72,2183800
HBANP,20091224,855.04,855.04,855.04,855.04,100
HBCP,20091224,12.21,12.27,12.21,12.27,2800
HBHC,20091224,43.72,44.25,43.72,44.08,84700
HBIO,20091224,3.45,3.45,3.28,3.44,29100
HBNC,20091224,4.4326,4.4385,4.3555,4.3852,1300
HCCI,20091224,10.88,10.88,10.3,10.86,2300
HCKT,20091224,2.83,2.89,2.74,2.75,49700
HCSG,20091224,14.4267,14.5667,14.4067,14.5333,51200
HDNG,20091224,5.15,5.3,5.15,5.3,10800
HDSN,20091224,1.34,1.34,1.34,1.34,0
HEES,20091224,11,11,10.87,10.93,18800
HELE,20091224,24.45,24.82,24.15,24.47,83900
HEOP,20091224,5,5,5,5,0
HFBC,20091224,9.69,9.69,9.69,9.69,0
HFWA,20091224,12.86,13.98,12.86,13.59,4500
HIBB,20091224,22.5,22.5,22.21,22.39,26600
HIFS,20091224,32.4,32.4,32.4,32.4,0
HIHO,20091224,2.15,2.2,2.08,2.2,10900
HIMX,20091224,3.2,3.2,3.15,3.18,109500
HLIT,20091224,6.39,6.41,6.11,6.24,576700
HMNF,20091224,4.38,4.38,4.14,4.14,5400
HMSY,20091224,16.38,16.5767,16.26,16.5767,76700
HOFT,20091224,12.82,12.82,12.75,12.76,2600
HOLI,20091224,11.83,11.83,11.63,11.67,7900
HOLX,20091224,14.7,14.96,14.56,14.88,968500
HOMB,20091224,6.065,6.08,6.005,6.0625,11000
HOVNP,20091224,5.33,5.33,5.33,5.33,0
HPJ,20091224,7.37,7.41,7.01,7.02,145500
HSIC,20091224,52.91,53.22,52.75,53.01,80800
HSII,20091224,30.31,30.87,30.31,30.79,17200
HSKA,20091224,0.53,0.57,0.53,0.54,28700
HSNI,20091224,20.21,20.79,19.99,20.54,155400
HSTM,20091224,3.93,4.09,3.88,4.06,17600
HTBK,20091224,4.58,4.58,4.45,4.45,400
HTLD,20091224,15.63,15.72,15.52,15.53,118400
HTLF,20091224,14.14,14.42,14.14,14.34,2300
HUBG,20091224,27.99,28.03,27.07,27.16,72300
HURC,20091224,14.69,14.81,14.4,14.55,11000
HURN,20091224,22.75,22.81,22.42,22.7,73400
HWAY,20091224,18,18.26,17.85,18.24,36100
HWBK,20091224,9.49,9.49,9.49,9.49,0
HWCC,20091224,12.32,12.44,12.24,12.28,22700
HWKN,20091224,22.02,22.02,21.76,21.92,12000
HYGS,20091224,0.38,0.39,0.38,0.39,65600
IART,20091224,36.78,36.97,36.44,36.87,14100
IBB,20091224,81.39,82.06,81.39,82.06,133900
IBCP,20091224,0.72,0.75,0.72,0.75,33100
IBKC,20091224,55.46,55.5,55.04,55.13,26500
IBKR,20091224,17.98,17.98,17.85,17.92,38700
IBOC,20091224,18.58,18.68,18.39,18.6,84700
ICAD,20091224,1.45,1.45,1.35,1.44,238500
ICCC,20091224,3.8,3.8,3.8,3.8,0
ICFI,20091224,26.68,26.79,26.44,26.7,13000
ICLN,20091224,22.26,22.27,22.12,22.26,1600
ICLR,20091224,22.86,23.03,22.75,22.9,21800
ICON,20091224,12.49,12.57,12.28,12.42,118100
ICUI,20091224,35.35,35.4,34.84,35.19,18400
IDCC,20091224,26.52,26.76,26.48,26.7,140400
IDRA,20091224,5.25,5.27,5.2,5.23,3200
IDSA,20091224,6.28,6.3667,6.28,6.34,2300
IDSY,20091224,3.25,3.41,3.21,3.24,33000
IDTI,20091224,6.23,6.3,6.23,6.3,445900
IDXX,20091224,26.92,26.93,26.795,26.86,48500
IESC,20091224,5.98,6,5.98,6,8700
IFEU,20091224,28.59,28.6,28.59,28.6,300
IFGL,20091224,28.38,28.56,28.38,28.56,12200
IFON,20091224,1.08,1.09,1.05,1.09,17800
IGLD,20091224,18.01,18.5,18.01,18.39,13600
IGOV,20091224,103.78,103.78,103.38,103.74,4400
III,20091224,3.13,3.22,3.1,3.18,6500
IIIN,20091224,12.97,12.97,12.69,12.88,11300
IIJI,20091224,4.75,4.75,4.61,4.68,22600
IIN,20091224,3.16,3.16,3.16,3.16,0
IIVI,20091224,16.44,16.495,16.375,16.43,28000
IKNX,20091224,6.36,6.36,6.36,6.36,0
ILMN,20091224,29.75,30.28,29.58,30.14,591200
IMGN,20091224,8.03,8.09,7.96,8,112600
IMKTA,20091224,15.33,15.33,15.15,15.15,2300
IMMR,20091224,4.49,4.53,4.33,4.53,62500
IMMU,20091224,3.19,3.26,3.19,3.2,157900
IMMY,20091224,6.75,9,6.75,8,5500
IMOS,20091224,0.7,0.71,0.7,0.7,16000
INAP,20091224,4.71,4.75,4.63,4.71,87600
INCY,20091224,9.29,9.47,9.17,9.27,1518900
INDB,20091224,21.06,21.37,20.94,21.12,12600
INDY,20091224,25.2,25.29,25.2,25.22,4600
INFI,20091224,6.24,6.24,5.86,5.87,17000
INFN,20091224,8.91,8.95,8.82,8.94,169000
ININ,20091224,18.47,18.93,18.39,18.86,45100
INOD,20091224,5.78,5.84,5.75,5.79,22800
INSM,20091224,0.79,0.79,0.77,0.77,99100
INTC,20091224,20.2,20.35,20.18,20.33,12189100
INTG,20091224,9.21,10,9.15,9.9,600
INTU,20091224,30.74,30.99,30.59,30.94,727700
INTX,20091224,4.38,4.92,4.38,4.5,2500
INWK,20091224,6.16,6.58,6.14,6.36,152200
IOSP,20091224,9.98,9.98,9.74,9.83,29000
IPAR,20091224,11.99,12.08,11.76,11.9,19300
IPAS,20091224,1.02,1.04,1.01,1.02,111600
IPCC,20091224,40.86,41.24,40.82,41.17,9200
IPCI,20091224,1.53,1.53,1.5,1.52,21500
IPGP,20091224,16.55,17.25,16.55,17.16,45600
IPHS,20091224,22.04,22.82,22.04,22.57,55800
IPXL,20091224,13.75,13.77,13.6,13.73,145000
IRBT,20091224,17.22,17.28,16.97,17.26,35900
IRDM,20091224,8,8.21,8,8.12,39700
IRIX,20091224,2.99,3.16,2.99,3.09,4100
ISBC,20091224,4.302,4.3176,4.2745,4.3137,35600
ISCA,20091224,28.67,28.96,28.59,28.96,27000
ISHG,20091224,104.66,104.66,104.43,104.43,700
ISIG,20091224,4.85,4.93,4.8,4.8,7600
ISIL,20091224,14.9,15.03,14.86,14.94,302600
ISLE,20091224,7.59,7.59,7.49,7.52,32800
ISNS,20091224,11.9,11.99,11.9,11.99,2300
ISRG,20091224,302.18,305.91,300.35,305.87,153000
ISRL,20091224,71.51,71.51,71.51,71.51,100
ISSC,20091224,4.5,4.5,4.5,4.5,0
ITIC,20091224,31.05,31.28,30.91,30.91,1300
ITRI,20091224,68.46,68.48,68.09,68.3,92700
ITRN,20091224,13.09,13.25,13.09,13.24,2800
IVAC,20091224,11.9,11.91,11.63,11.74,35200
IXYS,20091224,7.28,7.41,7.2,7.25,28800
JACK,20091224,19.99,20.01,19.82,20,86400
JAKK,20091224,12.5,12.52,12.12,12.22,140600
JASO,20091224,30.45,30.75,30,30.25,2172400
JAZZ,20091224,8.21,8.34,8.15,8.26,38200
JBHT,20091224,33.33,33.55,33.04,33.1,331600
JBLU,20091224,5.75,5.78,5.61,5.64,1423300
JBSS,20091224,15.02,15.3,15.02,15.3,7700
JCOM,20091224,19.96,19.97,19.68,19.74,66500
JCS,20091224,13.1,13.1,12.72,12.88,3200
JCTCF,20091224,3.29,3.45,3.29,3.45,200
JJSF,20091224,39.92,40.37,39.92,40.06,11500
JKHY,20091224,23.67,23.7,23.44,23.69,38600
JMBA,20091224,8.7,8.85,8.65,8.75,66400
JOBS,20091224,8.755,8.975,8.73,8.905,7200
JOUT,20091224,9.56,9.56,9.56,9.56,0
JRJC,20091224,7.93,7.96,7.9,7.93,20800
JXSB,20091224,9,9,8.14,8.14,1500
KALU,20091224,40.83,41.18,40.58,41.06,22900
KCAP,20091224,5.13,5.23,5.05,5.16,74500
KELYA,20091224,12.01,12.27,12.01,12.19,72600
KELYB,20091224,12.32,12.32,12.32,12.32,0
KEQU,20091224,14.35,14.35,14.35,14.35,300
KERX,20091224,2.6,2.6,2.51,2.56,800200
KFFB,20091224,11.2,11.2,11.2,11.2,100
KFRC,20091224,11.81,11.81,11.55,11.62,85000
KINS,20091224,2.18,2.18,2,2.08,1700
KIRK,20091224,17.95,17.96,17.57,17.77,66400
KLAC,20091224,36.84,37.42,36.68,37.4,745900
KLIC,20091224,5.69,5.7,5.45,5.64,321600
KNDI,20091224,4.5,4.74,4.33,4.39,176300
KONA,20091224,3.28,3.28,3.19,3.26,3100
KOOL,20091224,11.4,12,11.4,11.6,94900
KOPN,20091224,4.21,4.3,4.18,4.28,95300
KOSS,20091224,5.51,5.51,5.51,5.51,0
KRNY,20091224,10.08,10.08,10.02,10.02,7100
KTCC,20091224,3.6,3.66,3.46,3.55,53400
KTEC,20091224,11.43,11.68,10.86,11.68,5500
KTOS,20091224,10.3,10.3,10.16,10.2,22400
KVHI,20091224,15.29,15.55,14.84,15.18,70300
KZ,20091224,10.68,10.71,10.28,10.28,199100
LABL,20091224,12.25,12.94,12.05,12.94,18500
LAKE,20091224,8,8,8,8,3100
LAMR,20091224,32.05,32.07,31.48,31.59,172800
LANC,20091224,49.7,49.83,49.42,49.45,39800
LARK,20091224,14.25,14.25,14.25,14.25,0
LAWS,20091224,17.54,18.05,17.54,18.05,1600
LAYN,20091224,28.2,29.21,28.2,29.1,53700
LBAI,20091224,6.47,6.7,6.16,6.48,28700
LBIX,20091224,0.45,0.52,0.43,0.5,108400
LBTYA,20091224,11.1446,11.2366,10.9964,11.2059,481800
LBTYB,20091224,21.32,21.32,21.32,21.32,0
LBTYK,20091224,21.85,21.98,21.56,21.85,76800
LCUT,20091224,6.61,6.9,6.61,6.86,2700
LECO,20091224,27.74,28.225,27.62,28.07,79500
LFUS,20091224,32.32,33,32.32,32.92,37500
LGCY,20091224,19.96,20.06,19.8,19.97,197500
LGND,20091224,12.78,13.38,12.3,13.14,378800
LHCG,20091224,34.71,34.9,34.42,34.7,24800
LIFE,20091224,51.95,52.18,51.67,52.17,224400
LINC,20091224,21.41,21.51,20.92,21.47,41400
LION,20091224,3.75,4,3.7,3.87,4200
LIOX,20091224,2.23,2.24,2.18,2.21,91800
LIVE,20091224,0.5367,0.5367,0.5367,0.5367,0
LJPC,20091224,0.16,0.16,0.15,0.16,1388100
LKFN,20091224,11.86,11.8867,11.74,11.8533,9400
LLNW,20091224,3.72,3.8,3.68,3.73,132700
LLTC,20091224,30.4,30.77,30.28,30.77,915200
LMAT,20091224,4.85,4.92,4.85,4.92,3300
LMCA,20091224,7.9767,8.1067,7.95,7.97,67700
LMIA,20091224,13.52,13.82,13.36,13.73,23900
LMNX,20091224,14.78,14.83,14.62,14.79,229800
LNCE,20091224,26.56,26.59,26.29,26.42,22900
LNDC,20091224,6.1,6.1,5.96,6.01,40300
LOAN,20091224,1.02,1.02,1.02,1.02,0
LOGI,20091224,17.41,17.53,17.35,17.49,123900
LOGM,20091224,19.72,20.14,19.49,19.7,47800
LOPE,20091224,18.86,19.1,18.71,19.04,58700
LORL,20091224,33.82,34.08,33.77,33.77,11400
LPNT,20091224,33.8,33.99,33.57,33.88,54900
LPSN,20091224,7.18,7.24,7.16,7.2,163300
LPTH,20091224,1.8,1.87,1.8,1.81,7000
LQDT,20091224,10.01,10.11,9.78,10.09,55500
LRCX,20091224,38.98,38.98,38.7,38.91,252300
LSBK,20091224,7.5,7.5,7.5,7.5,0
LSCC,20091224,2.8,2.84,2.75,2.79,237900
LSTR,20091224,39.69,40,39.54,39.73,148400
LTBR,20091224,30.25,31.75,29.55,30,23600
LULU,20091224,15.125,15.3,15.05,15.12,255300
LUNA,20091224,2.11,2.28,2.08,2.22,81200
LWAY,20091224,12,12.03,11.88,12.03,4200
LXRX,20091224,13.3,13.3,12.95,13.16,66300
LYTS,20091224,8.33,8.33,7.98,8,18700
MAGS,20091224,3.52,3.52,3.52,3.52,0
MANH,20091224,6.1525,6.2,6.1175,6.2,28600
MANT,20091224,49.01,51.15,49.01,50.3,177300
MARPS,20091224,14.4,14.4,14.4,14.4,100
MASI,20091224,29.38,29.41,28.73,28.85,92700
MAT,20091224,20.16,20.22,19.98,20.06,1843000
MATW,20091224,35.58,35.64,35.34,35.6,22900
MAYS,20091224,14.5,14.5,14.5,14.5,0
MBFI,20091224,19.77,20.07,19.74,19.96,51100
MBLX,20091224,67.68,67.68,66.06,67.08,19600
MBRG,20091224,12.64,12.65,12.64,12.65,1000
MBRX,20091224,0.43,0.44,0.43,0.43,36700
MBTF,20091224,1.98,1.98,1.45,1.45,17300
MBVT,20091224,23.7,23.7,23.3,23.3,700
MBWM,20091224,3.11,3.11,3.11,3.11,300
MCBC,20091224,2.2,2.24,2.14,2.17,20500
MCHP,20091224,29.2,29.31,29.1,29.25,609000
MCHX,20091224,4.93,5.22,4.85,5.21,55400
MCRI,20091224,7.99,8.1,7.92,8.04,28900
MDCA,20091224,8.4,8.54,8.4,8.44,14300
MDCO,20091224,8.88,9.11,8.79,8.9,57300
MDM,20091224,2.11,2.18,2.09,2.14,8300
MDRX,20091224,20.37,20.5,20.26,20.41,277500
MDSO,20091224,7.62,7.72,7.525,7.65,86100
MELI,20091224,54.26,55.05,54.12,54.28,167500
MENT,20091224,9.13,9.23,9.13,9.2,149500
MEOH,20091224,19.92,20.18,19.65,19.7,69000
MERC,20091224,2.86,2.94,2.82,2.87,34800
MFNC,20091224,4.77,4.77,4.77,4.77,0
MFRI,20091224,6.7,6.8,6.69,6.75,4800
MFSF,20091224,6.15,6.5,6.06,6.5,9000
MGEE,20091224,24.1333,24.1933,24.0733,24.16,6900
MGIC,20091224,1.84,1.85,1.84,1.85,3300
MGLN,20091224,42,42,41.43,41.43,140000
MGPI,20091224,7.83,8.02,7.54,7.78,94000
MGRC,20091224,22.13,22.38,21.98,22.29,19200
MGYR,20091224,3.9,3.9,3.9,3.9,0
MHGC,20091224,4.15,4.3,4.15,4.19,59300
MHLD,20091224,7.62,7.68,7.59,7.67,26400
MIDD,20091224,15.8267,15.9333,15.7167,15.9333,24500
MIND,20091224,7.58,7.75,7.45,7.64,31800
MINI,20091224,14.75,14.82,14.64,14.66,24300
MKSI,20091224,16.67,16.73,16.52,16.68,21300
MKTX,20091224,13.85,13.89,13.74,13.74,40000
MLAB,20091224,24.89,25.48,24.89,25.48,3300
MLHR,20091224,16.48,16.77,16.34,16.75,80700
MLNK,20091224,9.65,9.65,9.23,9.55,87300
MLNX,20091224,18.52,18.61,18.4,18.61,73000
MLVF,20091224,9.6,9.6,9.6,9.6,0
MMLP,20091224,30.81,30.81,30.13,30.61,14900
MMSI,20091224,15.48,15.696,15.24,15.336,36600
MNDO,20091224,0.93,0.96,0.93,0.95,1449600
MNKD,20091224,9,9.06,8.65,8.85,717900
MNOV,20091224,7.63,8,7.63,8,4900
MNRO,20091224,22.8533,23.0267,22.7,22.8267,94600
MNST,20091224,6.4733,6.4867,6.395,6.4217,259600
MNTA,20091224,12.54,12.88,12.12,12.81,246000
MNTX,20091224,1.87,1.87,1.78,1.84,14700
MOCO,20091224,9.4,9.4,9.17,9.22,1800
MOFG,20091224,7.95,7.95,7.95,7.95,0
MORN,20091224,48,48.47,47.97,48.29,11900
MOSY,20091224,3.4,3.85,3.32,3.6,72900
MPAA,20091224,5,5,4.99,4.99,6900
MPB,20091224,10.4,10.4,10.1,10.1,600
MPEL,20091224,3.43,3.46,3.38,3.43,2054900
MPET,20091224,1.66,1.7,1.6,1.66,171300
MPWR,20091224,24.58,24.69,24.42,24.43,35200
MRCY,20091224,10.99,11.49,10.91,11.38,18500
MRLN,20091224,8.09,8.25,8.02,8.11,5100
MRTN,20091224,12.08,12.2467,12.02,12.1533,11500
MRVL,20091224,20.2,20.79,20.15,20.68,5364400
MSBF,20091224,8,8,8,8,0
MSCC,20091224,17.79,17.99,17.76,17.87,144000
MSEX,20091224,17.02,17.04,16.91,16.99,10700
MSFG,20091224,4.76,4.88,4.7,4.82,14500
MSFT,20091224,30.88,31,30.76,31,11083800
MSON,20091224,1.87,1.89,1.82,1.82,2800
MSTR,20091224,94.12,95.51,93.83,95.36,45800
MTEX,20091224,31.1,31.5,30.6,31,12300
MTRX,20091224,10.56,10.62,10.44,10.55,19800
MTSC,20091224,28.26,28.86,27.99,28.63,56700
MTSL,20091224,0.9,0.9,0.89,0.89,200
MU,20091224,10.07,10.29,10.01,10.16,17088100
MVIS,20091224,26.32,26.4,25.44,25.92,344100
MXIM,20091224,20.63,20.87,20.52,20.87,661600
MXWL,20091224,16.36,16.73,16.31,16.73,77700
MYGN,20091224,26.29,26.48,25.89,26.23,285300
MYL,20091224,18.75,18.8,18.68,18.74,1433800
MYRG,20091224,18.36,18.39,17.89,18.17,90500
NAII,20091224,7.47,7.8,7.45,7.51,2200
NANO,20091224,11.4,11.49,11,11.3,209400
NATH,20091224,15.14,15.36,14.98,14.98,6600
NATI,20091224,19.66,19.7733,19.6067,19.6933,59400
NATR,20091224,9.4,9.4,9.4,9.4,0
NAVG,20091224,47.65,48.84,47.6,48.63,20200
NAVI,20091224,1.98,2.01,1.98,1.98,3600
NBIX,20091224,2.81,2.89,2.77,2.82,106400
NBN,20091224,8.68,8.68,8.68,8.68,0
NBTB,20091224,20.61,20.77,20.53,20.69,67500
NCIT,20091224,27.99,28.39,27.94,28.24,16000
NCMI,20091224,16.51,16.59,16.35,16.56,37400
NCTY,20091224,7.21,7.56,7.17,7.27,87000
NDAQ,20091224,20.17,20.46,20.16,20.46,654200
NDSN,20091224,32.03,32.03,31.585,31.87,74400
NEOG,20091224,16.12,16.3133,15.9667,16.1933,16600
NEPT,20091224,1.98,1.98,1.98,1.98,1900
NEWS,20091224,3.86,3.92,3.85,3.91,55700
NEWT,20091224,4.55,4.75,4.55,4.75,19700
NFBK,20091224,13.71,13.75,13.66,13.66,2500
NFLX,20091224,8.1357,8.2414,8.0757,8.1271,433500
NICE,20091224,31.43,31.78,31.43,31.71,32900
NICK,20091224,6.85,6.97,6.83,6.97,3800
NIHD,20091224,34.27,34.31,34.09,34.24,482300
NILE,20091224,64.82,64.95,64.13,64.39,52800
NKSH,20091224,27.13,27.49,26.92,26.94,800
NKTR,20091224,9.02,9.06,8.98,9.06,136500
NLST,20091224,5.39,5.55,5.31,5.42,516500
NMRX,20091224,4.15,4.27,4.15,4.22,6600
NNBR,20091224,4.03,4.03,3.9,3.9,5200
NRIM,20091224,17.04,17.04,17.04,17.04,200
NSEC,20091224,9.86,10.78,9.86,10.41,2400
NSIT,20091224,11.77,11.86,11.73,11.84,16100
NSSC,20091224,1.86,1.93,1.81,1.93,10600
NSYS,20091224,3.03,3.03,3.03,3.03,0
NTAP,20091224,33.8,34.18,33.69,34.16,1436800
NTCT,20091224,14.75,14.75,14.54,14.75,20200
NTES,20091224,37.66,37.99,37.65,37.7,160700
NTGR,20091224,22.16,22.16,21.9,22,51700
NTIC,20091224,9.32,9.34,9.32,9.32,1000
NTRI,20091224,32.99,33.31,32.62,33.24,171200
NTRS,20091224,51.95,52.33,51.77,52.2,585100
NTWK,20091224,10.5,10.7,10,10.5,269900
NUAN,20091224,15.89,15.96,15.8,15.89,807900
NURO,20091224,63.6,64.8,61.92,62.64,12200
NUTR,20091224,12.47,12.47,12.25,12.34,6900
NUVA,20091224,32.25,32.25,31.63,32.18,117400
NVAX,20091224,2.84,2.92,2.78,2.87,815400
NVDA,20091224,18.18,18.21,18.02,18.09,3420300
NVEC,20091224,39.78,40,39.51,39.72,11200
NVGN,20091224,2.41,2.41,2.4,2.41,1400
NVLS,20091224,23.58,23.61,23.49,23.6,1003200
NVMI,20091224,5.88,6.08,5.75,6,272900
NWBI,20091224,11.2,11.37,10.95,11.3,779400
NWFL,20091224,29.79,30.09,29.78,30.09,200
NWLI,20091224,172,172,170.17,170.51,500
NWPX,20091224,27.42,28.5,27.2,28.46,60700
NWS,20091224,15.8,15.89,15.71,15.86,440500
NWSA,20091224,13.54,13.7,13.46,13.65,3098700
NXST,20091224,4.06,4.07,3.88,4.07,5400
NXTM,20091224,8.3,8.35,8.2,8.2,60600
NYMT,20091224,7.06,7.06,6.99,7,28000
NYMX,20091224,4.47,4.54,4.42,4.5,10900
NYNY,20091224,10.25,11.15,10,10.75,182100
OBAS,20091224,6.85,7,6.85,7,7000
OBCI,20091224,1,1,0.92,1,63600
OCFC,20091224,11.13,11.19,11.04,11.11,28300
OCLR,20091224,6.8,7.1,6.75,7.05,425900
OCLS,20091224,66.5,69.3,65.1,67.9,153400
ODFL,20091224,14.7689,15,14.32,14.3955,346800
OESX,20091224,4.45,4.72,4.45,4.63,59600
OFIX,20091224,30.65,30.71,30.38,30.49,8100
OFLX,20091224,16.29,16.29,15.65,15.75,3000
OGXI,20091224,23,23,22.22,22.37,102400
OIIM,20091224,4.77,4.77,4.62,4.76,21800
OKSB,20091224,6.59,6.79,6.55,6.74,16800
OLBK,20091224,6.29,6.29,6.29,6.29,0
OMAB,20091224,13.82,14.25,13.8,13.8,13000
OMCL,20091224,11.15,11.18,11,11.05,267800
OMER,20091224,7.27,7.5,7.2,7.2,9500
OMEX,20091224,17.76,18,17.4,17.4,56200
ONEQ,20091224,89.66,89.99,89.66,89.97,2600
ONVI,20091224,7.33,7.4,7.3,7.3,3800
OPHC,20091224,66,89.6,66,85.2,1200
OPOF,20091224,14.75,14.97,14.65,14.66,3300
OPTT,20091224,89.7,91,88.2,88.8,21000
OPXA,20091224,8.08,8.08,7.8,7.92,74800
OPXAW,20091224,0.86,0.86,0.72,0.86,6700
ORBC,20091224,2.59,2.64,2.49,2.61,23000
ORBK,20091224,9.4,9.48,9.36,9.37,5800
OREX,20091224,85.1,85.2,82.6,83.1,233600
ORIT,20091224,14.34,14.42,14.34,14.36,800
ORLY,20091224,38.46,38.68,38.2,38.54,323500
ORRF,20091224,35.79,37.52,35.24,35.49,2100
OSBC,20091224,6.48,6.88,5.89,6.78,229900
OSBCP,20091224,4.63,5.5,4.63,5.5,7700
OSIR,20091224,7.35,7.45,7.18,7.29,36700
OSIS,20091224,21.77,22.1,21.73,22.02,16500
OSTK,20091224,13.83,13.89,13.5,13.56,44900
OSUR,20091224,5.05,5.09,4.93,5.03,66200
OTEX,20091224,19.875,20.135,19.78,20.07,175600
OTIV,20091224,1.36,1.44,1.36,1.41,60800
OTTR,20091224,24.93,25.04,24.89,24.96,90900
OVBC,20091224,22.5,22.5,22,22.18,500
OVLY,20091224,4.5,4.5,4.5,4.5,200
OZRK,20091224,7.3925,7.4825,7.38,7.405,18600
PAAS,20091224,24.32,24.33,24.08,24.21,284700
PACW,20091224,20.35,20.52,19.95,20.04,154200
PAGG,20091224,27.03,27.03,26.78,27.01,11600
PANL,20091224,13.37,14.2,12.94,13.36,414400
PATK,20091224,1.4333,1.4333,1.4333,1.4333,2900
PAYX,20091224,31,31.03,30.92,31.03,852300
PBCT,20091224,16.9,16.93,16.78,16.93,1273700
PBHC,20091224,5.6,5.6,5.6,5.6,0
PBIB,20091224,15.39,15.4,14.96,15.07,2400
PBIP,20091224,9.59,9.65,9.59,9.65,700
PCAR,20091224,36.71,36.9,36.52,36.76,438000
PCBK,20091224,12.2,12.2,11.69,11.84,17600
PCLN,20091224,229.48,231.23,227.58,228,312800
PCTI,20091224,5.91,6.05,5.82,5.99,7000
PCYO,20091224,2.82,3.05,2.82,2.95,13400
PDCO,20091224,27.85,27.97,27.69,27.76,153300
PDEX,20091224,0.52,0.52,0.5,0.51,23300
PDFS,20091224,3.89,3.92,3.88,3.9,600
PDLI,20091224,6.94,6.97,6.86,6.96,491700
PEBK,20091224,4.57,4.8,4.51,4.54,6900
PEBO,20091224,9.75,9.75,9.39,9.49,8700
PEGA,20091224,17.285,17.315,17.155,17.3,21900
PEIX,20091224,10.35,10.5,10.05,10.35,211000
PENN,20091224,27.69,27.69,27.23,27.31,134900
PERF,20091224,7.05,7.2,6.93,7.2,15200
PERY,20091224,14.99,15.12,14.89,15.07,10200
PESI,20091224,10.75,10.85,10.4,10.4,65200
PETS,20091224,17.98,18.18,17.81,18.11,165300
PFBC,20091224,1.59,1.86,1.54,1.86,48300
PFBI,20091224,6.74,6.88,6.5,6.5,1900
PFBX,20091224,18.61,19.1,17.6,18.02,13400
PFIN,20091224,2.6,2.6,2.6,2.6,2400
PFSW,20091224,1.45,1.49,1.45,1.49,10700
PGC,20091224,12.23,12.36,11.7,12.07,14200
PGNX,20091224,4.46,4.55,4.3,4.52,32700
PGTI,20091224,2.35,2.35,2.17,2.23,14300
PHII,20091224,19.24,19.24,19.24,19.24,0
PHIIK,20091224,19,19,18.89,18.93,4500
PHMD,20091224,4.25,4.65,4.25,4.5,25900
PICO,20091224,33.23,33.23,32.67,32.7,17900
PKBK,20091224,8.3,8.45,8.3,8.45,400
PKOH,20091224,5.84,6.08,5.53,6.08,19800
PLAB,20091224,4.68,4.75,4.64,4.7,264800
PLBC,20091224,3.16,3.16,3.16,3.16,0
PLCE,20091224,33.1,33.25,32.75,33.21,165200
PLPC,20091224,43.34,43.7,42.35,43.05,1500
PLUG,20091224,0.7,0.72,0.69,0.7,253900
PLUS,20091224,16.01,16.56,16.01,16.5,2500
PLXS,20091224,29.11,29.23,28.98,29.21,48600
PMBC,20091224,3.11,3.15,3.11,3.15,6200
PMD,20091224,5.98,6.38,5.98,6.24,17600
PNBK,20091224,14.9,14.9,14.9,14.9,3700
PNFP,20091224,14.4,14.52,14.28,14.39,53900
PNNT,20091224,8.99,8.99,8.84,8.88,77500
PNQI,20091224,26.19,26.31,26.13,26.2,21400
PNRA,20091224,68.59,68.64,68.04,68.22,77600
PNRG,20091224,35.02,35.4,35.02,35.4,300
PNTR,20091224,6.87,6.87,6.87,6.87,0
PODD,20091224,14.13,14.28,14.03,14.28,157200
POOL,20091224,19.3,19.3,19,19,58700
POPE,20091224,24.25,24.75,24.25,24.75,3400
POWI,20091224,35.96,36.33,35.71,36.33,13200
POWL,20091224,31,31.39,30.93,31.19,19100
PPBI,20091224,3.41,3.42,3.32,3.34,1400
PPHM,20091224,2.7,2.7,2.63,2.66,48200
PRAA,20091224,15.5633,15.6,15.37,15.45,12800
PRAN,20091224,7.56,7.86,7.56,7.86,1800
PRCP,20091224,3.16,3.16,3.1,3.1,12000
PRFT,20091224,8.4,8.54,8.33,8.51,20800
PRFZ,20091224,51.28,51.44,50.91,51.17,29600
PRGS,20091224,19.4067,19.6667,19.3933,19.4667,82500
PRGX,20091224,5.55,5.59,5.55,5.58,22700
PRIM,20091224,8.14,8.28,8.14,8.28,1500
PRKR,20091224,18.8,19.5,17.7,19.3,68900
PROV,20091224,2.5,2.62,2.5,2.51,151400
PRSC,20091224,16.56,16.84,16.56,16.65,17900
PRTS,20091224,4.98,5.03,4.89,4.91,2800
PRXL,20091224,14.19,14.34,14.11,14.32,70900
PSAU,20091224,38.8,38.8,38.21,38.21,4300
PSDV,20091224,4.85,4.9,4.21,4.23,823300
PSEC,20091224,12.13,12.3,12.11,12.28,416500
PSMT,20091224,20.23,20.67,20.17,20.5,45200
PSTI,20091224,1.16,1.16,1.07,1.13,89600
PTEN,20091224,16.05,16.19,15.89,16.01,769400
PTIE,20091224,5.32,5.44,5.32,5.44,43100
PTNR,20091224,19.53,19.66,19.53,19.66,15100
PTSI,20091224,10.13,10.14,9.51,9.75,7100
PVTB,20091224,9.01,9.12,8.9,9.08,239700
PVTBP,20091224,22.91,23.25,22.91,23.25,2500
PWOD,20091224,32.29,32.4,31.4,32.04,2200
PXLW,20091224,2.94,2.95,2.91,2.93,5600
PZZA,20091224,12.31,12.35,12.155,12.22,27100
QABA,20091224,22.71,22.71,22.67,22.67,500
QBAK,20091224,13.02,13.02,12.6,12.9,18300
QCLN,20091224,16.28,16.28,16.21,16.23,4100
QCOM,20091224,45.94,46.11,45.79,46.1,3760000
QCRH,20091224,8.05,9.25,8.01,8.23,12800
QDEL,20091224,13.36,13.58,13.21,13.51,103900
QGEN,20091224,22.38,22.57,22.04,22.57,143500
QLTI,20091224,5.05,5.15,5.01,5.1,224200
QQEW,20091224,19.78,19.88,19.78,19.87,5100
QQQ,20091224,45.61,45.98,45.6,45.98,31770300
QQQX,20091224,15.43,15.43,15.23,15.3,28500
QQXT,20091224,17.76,17.83,17.75,17.8,3500
QSII,20091224,31.965,32.05,31.705,32.035,69500
QTEC,20091224,21.17,21.37,21.15,21.37,54300
QUIK,20091224,2.26,2.28,2.01,2.11,391900
RADA,20091224,4.64,5.2,4.64,4.66,1700
RAIL,20091224,19.22,19.47,19.22,19.3,26900
RAND,20091224,3.86,3.9,3.86,3.9,2700
RAVN,20091224,16.225,16.56,16.2,16.425,11100
RBCAA,20091224,19.65,20.56,19.65,20.4,26500
RBCN,20091224,20.94,21.3,20.85,21.1,73300
RBPAA,20091224,1.2,1.25,1.2,1.24,10200
RCII,20091224,18.63,18.73,18.5,18.58,114600
RCKY,20091224,8,8.1,7.54,7.58,9100
RCMT,20091224,2.43,2.46,2.42,2.46,3300
RCON,20091224,6.28,6.48,6.28,6.37,11000
RDCM,20091224,1.66,1.79,1.66,1.79,1600
RDI,20091224,4,4,3.86,3.86,6400
RDNT,20091224,2.1,2.1,2.06,2.09,32800
RDWR,20091224,7.055,7.11,6.955,7.11,9700
RECN,20091224,21.49,21.5,21.4,21.4,61900
REFR,20091224,3.89,3.89,3.72,3.75,6400
REGN,20091224,22.97,23.21,22.68,23.2,227600
REIS,20091224,6.58,6.58,6.46,6.49,600
RELL,20091224,5.93,5.99,5.8,5.8,12300
RELV,20091224,23.45,24.78,23.45,24.29,23700
REXX,20091224,12.75,13.2,12.75,13.03,235400
RFIL,20091224,2.27,2.27,2.27,2.27,300
RGCO,20091224,15.275,15.275,15.275,15.275,1000
RGEN,20091224,3.83,3.88,3.78,3.82,81100
RGLD,20091224,49.49,49.7,48.54,48.85,159800
RICK,20091224,8.47,8.56,8.31,8.42,29000
RIGL,20091224,9.71,9.93,9.65,9.79,165500
RLOG,20091224,3.1,3.15,3.08,3.09,12700
RMBS,20091224,24.24,24.95,24.15,24.75,1681500
RMCF,20091224,8.12,8.12,8,8,6000
RMTI,20091224,7.71,7.71,7.57,7.58,22000
RNST,20091224,13.97,13.97,13.81,13.87,8700
RNWK,20091224,3.82,3.85,3.78,3.82,70200
ROCK,20091224,16.31,16.49,16.21,16.23,22600
ROIA,20091224,3.64,3.72,3.33,3.65,5400
ROIAK,20091224,3.33,3.33,3.23,3.28,34200
ROIC,20091224,10.3,10.3,10.2,10.22,52800
ROLL,20091224,25,25,24.8,24.84,9200
ROSG,20091224,26.7,26.7,26.7,26.7,100
ROST,20091224,10.7075,10.7875,10.6,10.6275,570800
RPRX,20091224,0.72,0.72,0.7,0.7,121900
RRGB,20091224,18.32,18.51,18.24,18.4,36800
RSYS,20091224,9.92,9.96,9.74,9.93,24700
RTIX,20091224,3.54,3.61,3.5,3.57,199800
RUSHA,20091224,12.35,12.36,12.21,12.29,17200
RUSHB,20091224,10.42,10.68,9.97,10.68,7000
RUTH,20091224,2.35,2.35,2.23,2.29,218600
RVSB,20091224,2.45,2.55,2.43,2.54,5000
RXII,20091224,47.1,47.2,45.5,46.2,39100
RYAAY,20091224,28.36,28.56,27.95,28.05,146300
SAAS,20091224,2.86,2.94,2.82,2.91,9300
SAFM,20091224,43.53,43.84,43.1,43.46,56800
SAFT,20091224,37.03,37.14,36.88,37.01,9100
SAIA,20091224,9.62,10.1667,9.62,9.9133,108900
SALM,20091224,4.82,4.9,4.8,4.9,72200
SANM,20091224,10.84,11.16,10.82,11.02,322900
SASR,20091224,8.6,8.6,8.2,8.47,9900
SATS,20091224,19.58,19.8,19.42,19.7,24700
SBAC,20091224,34.69,35.26,34.57,35.12,353200
SBBX,20091224,3.28,3.52,3.28,3.4,1000
SBCF,20091224,8.25,8.5,8.2,8.2,100900
SBGI,20091224,4.17,4.24,4.08,4.16,90400
SBLK,20091224,221.25,222.75,217.5,219.75,247600
SBNY,20091224,32.91,33.04,32.6,32.77,47200
SBSA,20091224,0.83,0.85,0.8,0.84,167700
SBSI,20091224,19.0762,19.0762,18.9048,18.9048,4700
SBUX,20091224,11.88,11.88,11.75,11.83,2047900
SCHL,20091224,29.82,29.88,29.34,29.71,126400
SCHN,20091224,47.81,48.59,47.81,48.56,102000
SCKT,20091224,2.99,3.1,2.99,3.1,500
SCLN,20091224,2.25,2.47,2.24,2.41,375000
SCMP,20091224,4.22,4.22,3.85,3.96,44000
SCON,20091224,495,509.4,459,473.4,84300
SCOR,20091224,17.73,18.04,17.7,17.93,24400
SCSC,20091224,26.22,26.26,26.05,26.1,13500
SCSS,20091224,6.52,6.61,6.51,6.58,64000
SCVL,20091224,13.8733,13.9267,13.6933,13.8,13500
SEAC,20091224,6.43,6.58,6.31,6.55,81700
SEED,20091224,10.27,10.39,10.1,10.21,479000
SEIC,20091224,17.65,17.79,17.65,17.79,219100
SENEA,20091224,22.9,23,22.73,22.94,7100
SENEB,20091224,23,23,23,23,300
SFLY,20091224,18.19,18.45,18.07,18.2,61700
SFNC,20091224,28.44,28.75,28.28,28.64,56700
SFST,20091224,6.35,6.35,6.35,6.35,0
SGC,20091224,9.9,9.9,9.9,9.9,0
SGEN,20091224,10.3,10.3,10,10.25,128600
SGMA,20091224,5.15,5.15,5.13,5.13,1100
SGMO,20091224,5.2,5.36,5.02,5.19,124900
SGMS,20091224,14.28,14.4,14.2,14.31,95600
SGRP,20091224,1.02,1.02,1.02,1.02,0
SHBI,20091224,14.19,14.3,14.14,14.14,500
SHEN,20091224,10.105,10.11,9.975,10.04,13900
SHIP,20091224,16,16.35,15.75,16.35,4700
SHIPW,20091224,0.18,0.18,0.18,0.18,1000
SHLD,20091224,81.92,84.36,81.29,83.86,1390600
SHLM,20091224,20.59,20.74,20.49,20.61,37600
SHLO,20091224,5.04,5.04,4.83,5,6300
SHOO,20091224,12.4178,12.7111,12.4178,12.5748,76300
SHOR,20091224,5.46,5.5,5.36,5.5,13600
SIEB,20091224,2.4,2.4,2.3,2.3,900
SIFI,20091224,5,5,5,5,0
SIFY,20091224,1.58,1.64,1.58,1.62,28800
SIGI,20091224,16.85,16.91,16.76,16.9,113800
SIGM,20091224,11.04,11.12,10.96,11.08,78500
SILC,20091224,8.2,8.34,8.2,8.32,8000
SIMO,20091224,3.44,3.45,3.39,3.43,85000
SINA,20091224,44.79,45,44.41,44.71,267500
SINO,20091224,3.49,3.49,3.49,3.49,0
SIRI,20091224,0.58,0.59,0.58,0.59,6738900
SIVB,20091224,41.94,42.47,41.59,42.43,156500
SIVBO,20091224,21.95,21.95,21.95,21.95,0
SKYW,20091224,18.01,18.08,17.8,18.02,56600
SLAB,20091224,47.89,48.33,47.73,48.2,92600
SLGN,20091224,28.605,28.94,28.525,28.74,580400
SLMAP,20091224,35.5,36,35.5,35.97,9100
SLP,20091224,1.41,1.44,1.4,1.41,900
SMBC,20091224,5.875,5.875,5.875,5.875,0
SMCI,20091224,11.38,11.44,11.29,11.41,17400
SMED,20091224,9.9,10.24,9.81,9.99,36300
SMIT,20091224,3.38,3.38,3.37,3.37,2200
SMMF,20091224,3.91,3.91,3.9,3.9,1600
SMRT,20091224,10.55,10.73,10.4,10.67,66300
SMSI,20091224,36.56,37.52,36,37.44,278900
SMTC,20091224,17.35,17.45,17.11,17.41,58300
SMTX,20091224,0.85,0.9,0.82,0.9,6100
SNAK,20091224,2.26,2.34,2.26,2.32,19800
SNBC,20091224,19.3,20.1,19.25,19.95,17600
SNCR,20091224,16.03,16.07,15.96,16.02,140800
SNFCA,20091224,3.23,3.23,3.23,3.23,1000
SNHY,20091224,18.3333,18.3333,18.0467,18.32,9400
SNMX,20091224,3.41,3.66,3.41,3.66,11400
SNPS,20091224,22.12,22.27,22,22.2,638100
SNSS,20091224,8.34,8.34,7.56,7.68,2342800
SOFO,20091224,4.72,4.9,4.72,4.9,5000
SOHU,20091224,56.73,56.99,56.36,56.67,189500
SONA,20091224,7.34,7.34,7.2,7.2,8800
SONC,20091224,10.6,10.68,10.58,10.61,209000
SONS,20091224,10.8,10.8,10.6,10.65,379200
SORL,20091224,8.8,8.94,8.7,8.84,153600
SPAN,20091224,15.88,15.88,15.56,15.56,400
SPAR,20091224,5.33,5.35,5.27,5.3,42800
SPEX,20091224,482.6,509.2,478.8,497.8,21500
SPIL,20091224,6.85,6.91,6.83,6.87,522200
SPLS,20091224,24.93,25.03,24.87,24.94,1690100
SPNC,20091224,5.82,6,5.72,5.97,168600
SPNS,20091224,1.64,1.65,1.61,1.61,3700
SPPI,20091224,4.53,4.56,4.47,4.48,276100
SPRT,20091224,2.66,2.68,2.62,2.64,16600
SPTN,20091224,14.1,14.25,14.02,14.21,26900
SRCE,20091224,16.32,16.36,16.25,16.25,3600
SRCL,20091224,55.95,55.95,55.53,55.72,164400
SRDX,20091224,23.65,24.05,23.59,23.95,11700
SSBI,20091224,5.02,5.02,5.02,5.02,0
SSFN,20091224,8.78,8.78,8.4,8.4,3200
SSRI,20091224,22.71,22.76,22.44,22.56,233200
SSYS,20091224,17.54,17.59,17.15,17.33,72600
STAA,20091224,3.1,3.1,3.04,3.09,42400
STBA,20091224,17.42,17.63,17.42,17.54,14400
STEM,20091224,16.32,16.44,16.2,16.44,674100
STFC,20091224,17.82,18.07,17.82,17.97,2400
STKL,20091224,3.34,3.44,3.34,3.36,42400
STLD,20091224,18.12,18.44,18.03,18.22,1076800
STLY,20091224,9.67,9.67,9.1,9.25,6300
STMP,20091224,9.14,9.18,9.1,9.1,18100
STRA,20091224,218.69,218.69,215.34,217.18,64400
STRL,20091224,20,20,19.85,19.86,16400
STRM,20091224,2.35,2.38,2.34,2.34,4200
STRS,20091224,9.49,10.55,9.49,10.49,1800
STRT,20091224,18.47,18.5,18.15,18.15,2400
STX,20091224,18,18.11,17.93,18.07,1995100
SUMR,20091224,4.48,4.49,4.4,4.49,3200
SVA,20091224,6.02,6.29,6,6.25,810400
SVBI,20091224,2.26,2.4,2.25,2.4,9200
SWHC,20091224,3.93,3.95,3.9,3.9,370600
SWIR,20091224,9.55,9.8,9.55,9.73,41100
SWKS,20091224,14.2,14.31,14.18,14.27,420600
SYBT,20091224,14.6533,14.7067,14.4933,14.5933,5300
SYKE,20091224,26.4,26.42,26.3,26.35,43500
SYMC,20091224,17.77,18.05,17.76,18.03,2442700
SYMX,20091224,0.91,0.98,0.91,0.97,820500
SYNA,20091224,29.64,29.94,29.4,29.62,206000
SYNL,20091224,8.78,8.84,8.78,8.84,1000
SYNT,20091224,19.3,19.3,19.04,19.195,17300
SYPR,20091224,2.99,2.99,2.81,2.92,6000
SYUT,20091224,13.75,14.24,13.6,14.1,8200
TACT,20091224,6.53,6.56,6.48,6.52,4300
TAIT,20091224,1.3,1.3,1.3,1.3,0
TASR,20091224,4.5,4.5,4.4,4.41,118300
TAST,20091224,6.8,6.96,6.79,6.92,57700
TAYD,20091224,4.8,4.88,4.51,4.57,6200
TBBK,20091224,6.85,6.99,6.78,6.86,11400
TBNK,20091224,18.78,18.81,18.68,18.72,3800
TCBI,20091224,14.24,14.34,14.13,14.22,26200
TCBK,20091224,16.25,16.94,16.25,16.52,6800
TCX,20091224,2.72,2.76,2.64,2.72,119000
TEAM,20091224,7.82,7.82,7.82,7.82,100
TEAR,20091224,1.12,1.12,1.11,1.11,2600
TECD,20091224,47.44,47.84,47.19,47.31,145300
TECH,20091224,69.07,69.8,68.62,69.51,54300
TESO,20091224,13,13.29,12.93,13.17,92700
TESS,20091224,10.9533,11.1667,10.8267,11.16,3800
TFSL,20091224,12.2,12.29,12.18,12.24,183000
TGA,20091224,3.46,3.47,3.35,3.36,50300
TGEN,20091224,0.25,0.25,0.23,0.25,47400
THFF,20091224,31,31.49,30.79,30.99,6800
THLD,20091224,1.87,1.88,1.83,1.83,10800
TICC,20091224,5.97,6.04,5.92,5.93,52700
TINY,20091224,4.48,4.49,4.29,4.34,102600
TISA,20091224,0.64,0.7,0.64,0.7,9100
TITN,20091224,11.23,11.86,11.15,11.86,174300
TIVO,20091224,9.89,10.09,9.85,10,985500
TLT,20091224,90.33,90.36,89.67,89.71,1698800
TNDM,20091224,22.11,22.37,22.09,22.29,102800
TOPS,20091224,70.7,73.5,70,72.1,56600
TORM,20091224,0.52,0.52,0.52,0.52,0
TOWN,20091224,12.07,12.12,11.96,12,10800
TREE,20091224,9.37,9.43,9.33,9.33,3100
TRIB,20091224,3.76,3.8,3.73,3.75,28600
TRMB,20091224,12.765,12.935,12.735,12.925,164600
TRMK,20091224,22.3,22.66,22.26,22.64,146600
TRNS,20091224,6.25,6.25,6.25,6.25,0
TROW,20091224,53.52,54.46,53.52,54.16,495600
TRS,20091224,6.72,6.89,6.64,6.79,52100
TRST,20091224,6.39,6.42,6.33,6.38,55500
TRUE,20091224,1.91,2.79,1.89,2.41,77900
TSBK,20091224,4.3,4.3,4.15,4.15,500
TSCO,20091224,13.4125,13.57,13.36,13.5075,79800
TSEM,20091224,15.15,15.15,14.55,15,722100
TSRA,20091224,24.32,24.68,24.25,24.45,265100
TSRI,20091224,2.26,2.26,2.26,2.26,1000
TTEC,20091224,20.59,20.8,20.48,20.8,87500
TTEK,20091224,27.34,27.5,27.14,27.45,66000
TTGT,20091224,5.65,5.91,5.65,5.84,5800
TTMI,20091224,12.28,12.28,11.92,11.99,59200
TTWO,20091224,9.89,10.19,9.72,10.07,1528700
TUES,20091224,2.49,2.5,2.42,2.5,49900
TWER,20091224,36.8,39.2,36.8,38.2,73200
TWIN,20091224,9.9,9.93,9.85,9.91,12400
TWMC,20091224,1.53,1.63,1.49,1.55,62500
TXN,20091224,25.36,25.85,25.32,25.83,3977700
TXRH,20091224,11.85,11.85,11.71,11.83,137700
TYPE,20091224,9.08,9.1,8.98,9.06,181700
TZOO,20091224,13.4,13.47,13,13.37,7200
UBCP,20091224,8.4,8.4,8.4,8.4,0
UBFO,20091224,4.94,4.94,4.5,4.57,8000
UBNK,20091224,13.27,13.3,12.28,13.24,21800
UBOH,20091224,9,9.24,9,9.24,1700
UBSH,20091224,12.08,12.08,11.84,11.92,8500
UBSI,20091224,20.27,20.29,20.01,20.08,69500
UCBA,20091224,6.3,6.3,6.3,6.3,1100
UCBI,20091224,3.47,3.5,3.44,3.49,172200
UCFC,20091224,1.53,1.53,1.43,1.43,6500
UCTT,20091224,7.05,7.29,7.03,7.11,41500
UEIC,20091224,23.25,23.25,23.09,23.21,6300
UEPS,20091224,19.65,19.81,19.61,19.71,36800
UFCS,20091224,18.05,18.06,17.94,18.06,11600
UFPI,20091224,38.55,38.58,37.9,38.22,27600
UFPT,20091224,6.49,6.51,6.45,6.5,21700
UG,20091224,10.92,10.92,10.64,10.64,500
UHAL,20091224,53.85,53.85,53.07,53.6,7000
ULBI,20091224,4.18,4.5,4.14,4.44,103000
ULTA,20091224,18.51,18.51,18.21,18.35,52400
ULTI,20091224,29.86,29.94,29.67,29.78,12400
UMBF,20091224,38.26,38.82,38.24,38.68,28200
UMPQ,20091224,13.13,13.42,13.06,13.35,883900
UNAM,20091224,9.94,9.94,9.75,9.75,200
UNB,20091224,17,17,17,17,0
UNFI,20091224,26.79,26.95,26.69,26.84,41900
UNTY,20091224,4.13,4.13,4.13,4.13,0
URBN,20091224,34.41,34.88,34.31,34.6,512800
URRE,20091224,108,108,103.2,105.6,100100
USAK,20091224,12.75,12.82,12.35,12.71,20800
USAP,20091224,18.84,19.15,18.84,19.06,3900
USAT,20091224,1.62,1.65,1.62,1.63,23500
USATP,20091224,9,9,9,9,0
USEG,20091224,36.42,36.6,36.18,36.42,188000
USLM,20091224,34.99,35.28,34.01,34.5,8000
UTEK,20091224,14.75,14.86,14.63,14.77,48700
UTHR,20091224,53,53,52.47,52.76,71300
UTMD,20091224,29.49,29.5,29.27,29.27,600
UTSI,20091224,7.05,7.08,6.75,6.75,155600
UVSP,20091224,17.69,17.83,17.49,17.52,16900
VALU,20091224,24.51,24.95,24.51,24.8,1200
VASC,20091224,8.49,8.6,8.39,8.45,12800
VBFC,20091224,37.92,37.92,37.92,37.92,200
VCIT,20091224,75,75.06,74.91,74.91,7000
VCLT,20091224,73.88,73.88,73.52,73.52,300
VCSH,20091224,75.61,75.62,75.41,75.43,20800
VDSI,20091224,6.47,6.59,6.42,6.57,59400
VECO,20091224,34.5,34.53,34.08,34.35,160200
VGIT,20091224,59.1,59.1,59.04,59.04,300
VGLT,20091224,57.49,57.49,57.35,57.35,1500
VGSH,20091224,59.87,59.87,59.84,59.85,4300
VIA,20091224,31.32,31.97,31.19,31.35,33500
VIAB,20091224,29.45,29.65,29.4,29.56,1098400
VICL,20091224,28.6,29.1,26.8,27.5,558700
VICR,20091224,9.37,9.37,9.11,9.3,37200
VIRC,20091224,3.3,3.4,3.3,3.4,6000
VISN,20091224,236.4,238.6,233,233.2,82000
VIVO,20091224,21.55,21.66,21.46,21.54,114200
VLGEA,20091224,27.84,27.93,27.51,27.51,1500
VMBS,20091224,49.71,49.72,49.65,49.69,3200
VNDA,20091224,11.41,11.8,11.31,11.48,242200
VOD,20091224,22.84,22.97,22.81,22.88,2418000
VOXX,20091224,6.95,7.09,6.8,7.08,29000
VRSK,20091224,30.79,31.18,30.68,30.8,170700
VRSN,20091224,24.29,24.29,24.15,24.27,546600
VRTB,20091224,8.68,8.8,8.52,8.56,8800
VRTS,20091224,16.01,16.17,15.9,16.12,6200
VRTU,20091224,9.05,9.13,8.92,8.98,69900
VRTX,20091224,42.67,43.04,42.35,43.04,283000
VSAT,20091224,32.15,32.45,31.75,32.13,50500
VSEC,20091224,22.53,22.695,22.505,22.695,2000
VVUS,20091224,10.05,10.05,9.83,9.93,1496600
WABC,20091224,55.94,56.39,55.78,56.3,29700
WAFD,20091224,19.89,20,19.87,19.98,285800
WASH,20091224,15.45,15.7,15.25,15.43,10000
WAYN,20091224,5.86,5.86,5.86,5.86,0
WBMD,20091224,38.5,38.76,38.27,38.45,43400
WDC,20091224,44.12,44.74,44.08,44.64,969300
WDFC,20091224,31.88,32.24,31.57,32.2,14200
WERN,20091224,20.52,20.62,20.39,20.44,306000
WEYS,20091224,23.22,23.42,23.13,23.13,700
WFM,20091224,14.21,14.32,14.17,14.205,318100
WILC,20091224,5.42,5.55,5.42,5.54,36300
WIN,20091224,11.38,11.49,11.36,11.48,2053100
WINA,20091224,21.77,22.2,21.6,21.91,1200
WIRE,20091224,21.71,21.96,21.68,21.89,23300
WLDN,20091224,2.1,2.13,1.96,2.06,8700
WLFC,20091224,14,14.3,13.82,14.26,6200
WMAR,20091224,7.36,7.49,7.3,7.41,65800
WMGI,20091224,19.39,19.39,19.04,19.12,59000
WOOD,20091224,39.95,39.99,39.95,39.99,200
WOOF,20091224,25.27,25.35,25,25.09,121500
WPCS,20091224,428.12,428.12,420.42,425.04,15700
WPPGY,20091224,48.13,48.26,48,48.23,10700
WPRT,20091224,11.93,12.05,11.75,11.94,73400
WRLD,20091224,35.53,36.33,35.01,36.17,205800
WSBC,20091224,12.25,12.35,12.07,12.1,52800
WSBF,20091224,1.98,2.05,1.89,2,21800
WSCI,20091224,2.19,2.19,2.12,2.12,1000
WSFS,20091224,8.64,8.83,8.6133,8.7833,8000
WSTG,20091224,7.4,7.54,7.21,7.54,2700
WSTL,20091224,1.14,1.19,1.14,1.18,41200
WTBA,20091224,5.01,5.02,4.97,4.99,4800
WTFC,20091224,30.52,31.89,30.32,31.78,106600
WVFC,20091224,14.25,14.25,14.25,14.25,900
WVVI,20091224,3.29,3.4,3.29,3.4,900
WYNN,20091224,60.25,60.3,59.02,59.39,628600
XBKS,20091224,9,9,7,7,300
XLNX,20091224,25.17,25.36,25.09,25.36,956300
XOMA,20091224,14,14,13.6,13.6,498500
XRAY,20091224,35.42,35.46,35.2,35.27,203300
XXIA,20091224,7.06,7.06,6.97,7.03,13100
YHOO,20091224,16.69,16.75,16.65,16.72,4736500
YORW,20091224,14.57,14.8,14.57,14.73,2100
YRCW,20091224,1.03,1.05,1,1.02,4341600
ZAGG,20091224,3.89,3.91,3.75,3.77,290300
ZBRA,20091224,28.29,28.57,28.05,28.54,43300
ZEUS,20091224,33.88,34.49,33.72,34.29,36000
ZION,20091224,12.97,13.02,12.84,12.9,1145400
ZIOP,20091224,2.81,2.81,2.77,2.8,25800
ZIXI,20091224,1.74,1.75,1.67,1.75,173900
ZN,20091224,6.59,7.11,6.55,7.11,198000
ZUMZ,20091224,12.63,12.63,12.48,12.56,31900
