<ticker>,<date>,<open>,<high>,<low>,<close>,<vol>
AAME,20111205,1.87,1.99,1.87,1.99,600
AAON,20111205,9.7289,9.8489,9.4445,9.6845,39500
AAPL,20111205,56.2129,56.63,55.77,56.1443,12763100
AAWW,20111205,40.75,41.54,40.07,40.45,227400
AAXJ,20111205,53.06,53.19,52.55,52.81,275900
ABAX,20111205,27.79,28.47,27.64,28.23,142100
ABCB,20111205,10.07,10.29,9.95,10.25,112500
ABCD,20111205,3.04,3.05,2.96,3.05,47500
ABCO,20111205,36.515,36.555,36.02,36.535,63200
ABIO,20111205,58.38,60.9,56.28,57.96,58600
ABMD,20111205,20.32,20.48,19.9,20.3,279800
ABTL,20111205,3.8,3.95,3.65,3.8,64100
ACAD,20111205,1.01,1.05,0.96,1.01,77600
ACAS,20111205,7.3,7.43,7.13,7.22,4580500
ACAT,20111205,20.06,20.11,19.45,19.95,95200
ACET,20111205,7,7.02,6.8,7,95400
ACFC,20111205,1.75,2.67,1.75,2.54,147000
ACGL,20111205,37.72,37.78,37.09,37.3,910500
ACHC,20111205,7.9,8,7.2,7.89,55400
ACHN,20111205,7.14,7.15,6.87,6.96,973600
ACIW,20111205,10.0867,10.14,9.8367,9.97,274800
ACLS,20111205,5.4,5.64,5.16,5.32,1243300
ACNB,20111205,13.74,13.85,13.57,13.57,1000
ACOR,20111205,22.84,22.98,22.45,22.67,170000
ACPW,20111205,3.7,3.75,3.4,3.5,628500
ACRX,20111205,2.85,2.85,2.8,2.8,1400
ACTG,20111205,35.83,35.93,35.12,35.45,425000
ACTS,20111205,1.89,1.92,1.89,1.92,16300
ACUR,20111205,3.63,3.75,3.63,3.75,71400
ACWI,20111205,43.58,43.7,43.09,43.31,472400
ACWX,20111205,38.61,38.72,38.24,38.38,481600
ACXM,20111205,12.93,13.17,12.9,13.08,441500
ADBE,20111205,27.43,28.07,27.25,27.91,4979800
ADES,20111205,10.225,10.375,10.075,10.155,77600
ADI,20111205,35.83,36.36,35.49,35.95,4112400
ADP,20111205,45.8824,46.0844,45.4433,45.733,2544900
ADRA,20111205,23.87,23.87,23.87,23.87,300
ADRD,20111205,19.36,19.42,19.12,19.13,4600
ADRE,20111205,40.63,40.86,40.46,40.69,70500
ADRU,20111205,19.19,19.19,18.92,18.97,14400
ADSK,20111205,33.59,34.39,32.38,34.09,3926300
ADTN,20111205,33.52,34.09,33.12,33.83,766000
ADUS,20111205,3.7,3.77,3.51,3.7,13900
AEGN,20111205,15.53,15.73,15.44,15.57,263200
AEGR,20111205,16.89,16.89,16.54,16.85,45500
AEHR,20111205,0.7,0.7,0.65,0.65,9200
AEIS,20111205,10.18,10.33,9.92,10.02,577800
AEPI,20111205,24.09,24.43,23.74,24.21,14700
AETI,20111205,4.24,4.4,4.19,4.25,11300
AEY,20111205,2.05,2.24,2.01,2.15,20000
AEZS,20111205,1002,1032,990,1026,1894600
AFAM,20111205,15.01,15.3,14.78,15.19,143400
AFSI,20111205,13.215,13.57,13.17,13.355,214300
AGEN,20111205,2.42,2.45,2.41,2.45,10900
AGII,20111205,29.33,29.33,28.86,29.11,142000
AGNC,20111205,28.68,28.73,28.54,28.71,4700000
AGYS,20111205,8,8.37,8,8.32,82500
AHGP,20111205,51.35,51.6,50.56,50.81,40000
AHPI,20111205,3.43,3.43,3.43,3.43,200
AIMC,20111205,18.57,18.73,18.08,18.4,154800
AINV,20111205,7.31,7.35,7.19,7.25,1950000
AIRM,20111205,27.7733,27.7733,26.98,27.2333,46400
AIRT,20111205,8.32,8.58,8.32,8.52,1500
AIXG,20111205,13.29,13.42,13.04,13.21,101400
AKAM,20111205,29.47,29.75,28.97,29.18,3331400
AKRX,20111205,10.93,11.14,10.69,10.79,1457800
ALCO,20111205,18.82,18.93,18.41,18.59,11300
ALGN,20111205,24.98,24.98,24.18,24.48,403800
ALGT,20111205,52.41,52.79,51.56,51.91,80200
ALIM,20111205,1.25,1.31,1.23,1.28,182800
ALKS,20111205,15.5,15.65,15.1,15.65,777300
ALLT,20111205,18.09,18.14,16.83,16.93,562600
ALNY,20111205,6.91,7.02,6.82,6.89,244700
ALOG,20111205,56.66,57.57,56.23,56.67,74400
ALOT,20111205,7.46,7.65,7.45,7.6,1500
ALSK,20111205,5.34,5.37,5.16,5.3,803900
ALXN,20111205,68.31,68.34,64.74,65.1,1641400
AMAG,20111205,18.77,19.1,18.16,18.71,215600
AMAT,20111205,11.02,11.08,10.86,10.99,13700100
AMCC,20111205,7.38,7.47,7.24,7.35,804800
AMCN,20111205,3.42,3.64,3.42,3.54,190400
AMCX,20111205,35.47,35.6,34.81,35.15,209800
AMD,20111205,5.76,5.84,5.69,5.76,11216700
AMED,20111205,12.5,12.5,11.71,11.93,428500
AMGN,20111205,58.38,58.4,57.21,57.5,12342000
AMKR,20111205,4.64,4.74,4.53,4.59,1780600
AMNB,20111205,18.15,18.38,18.02,18.38,16600
AMOT,20111205,6,6.08,5.99,5.99,4000
AMOV,20111205,24.01,24.38,23.91,23.91,6400
AMRB,20111205,4.74,4.75,4.7,4.72,5600
AMRI,20111205,2.38,2.63,2.33,2.5,187900
AMRN,20111205,7.85,8,7.43,7.51,1182400
AMRS,20111205,11.08,11.69,10.84,11.32,269100
AMSC,20111205,42.1,42.2,41.1,41.6,495900
AMSF,20111205,23.94,23.95,23.56,23.7,72600
AMSG,20111205,25.66,26.01,25.44,25.68,179100
AMSWA,20111205,8.74,9.1,8.74,8.89,127000
AMTD,20111205,16.25,16.52,16.2,16.37,3222200
AMWD,20111205,12.14,12.88,12.05,12.7,23100
AMZN,20111205,198.84,199,193.67,196.24,5922500
ANAT,20111205,71.8,72.94,71.65,72.06,25200
ANCB,20111205,6.72,6.74,6.62,6.62,8600
ANCX,20111205,9,9.49,8.94,8.94,7200
ANDE,20111205,29.76,30,28.5933,28.8333,263300
ANGI,20111205,16.1,16.74,13.26,13.63,872800
ANGO,20111205,15,15.03,14.83,15,63600
ANIK,20111205,8.18,8.73,8.18,8.34,39800
ANSS,20111205,61.14,62.06,60.98,61.41,344800
ANTH,20111205,51.6,54.16,51.36,52.48,120700
AOSL,20111205,8.99,9.05,8.82,8.89,71600
APEI,20111205,39.13,39.13,38.1,38.32,106500
APOG,20111205,11.04,11.21,10.82,11.06,88100
APOL,20111205,50.58,50.58,49.15,49.51,2408000
APPY,20111205,97.92,97.92,90.72,91.68,20100
APRI,20111205,50,51.4,49.3,50.2,121700
APWC,20111205,2.98,3.02,2.83,3,900
ARAY,20111205,4.31,4.48,4.23,4.32,706100
ARCC,20111205,15.75,15.88,15.67,15.74,1581100
ARCI,20111205,5.2,5.57,5.16,5.38,11200
ARCW,20111205,1.2,1.2,1.2,1.2,0
AREX,20111205,31.75,32.07,31.23,31.91,358800
ARIA,20111205,12.12,12.29,11.84,12.02,1817100
ARII,20111205,24.6,25.55,23.77,24.17,113900
ARKR,20111205,13.5,13.5,13.35,13.35,3800
ARLP,20111205,37.245,37.25,36.615,36.63,38100
ARNA,20111205,1.7,1.94,1.68,1.91,5139000
AROW,20111205,22.87,23.47,22.83,23.33,27800
ARQL,20111205,5.51,5.71,5.45,5.71,184900
ARRS,20111205,10.78,10.79,10.53,10.6,1145300
ARRY,20111205,2.15,2.32,2.12,2.32,364800
ARTNA,20111205,18.27,18.35,18.06,18.35,21100
ARTW,20111205,5.97,6.05,5.93,5.93,1800
ARTX,20111205,1.27,1.3,1.21,1.24,20900
ASBB,20111205,11.65,11.65,11.5,11.55,5500
ASCMA,20111205,47.01,49.64,46.83,49.13,50400
ASFI,20111205,8.01,8.07,7.83,7.93,30600
ASML,20111205,41.16,41.82,41.04,41.35,5291200
ASNA,20111205,14.175,14.37,14.015,14.24,843700
ASPS,20111205,48.23,48.52,47.91,48.24,161100
ASRV,20111205,1.94,1.94,1.9,1.93,56400
ASRVP,20111205,25.5,25.5,25.5,25.5,800
ASTC,20111205,0.71,0.72,0.68,0.7,12600
ASTE,20111205,33.61,33.89,32.78,33.25,94600
ASUR,20111205,2.6533,2.7667,2.6533,2.74,5900
ASYS,20111205,8.91,9,8.71,8.82,156100
ATAI,20111205,9.52,9.54,9.52,9.52,1000
ATAX,20111205,5.1,5.19,5.1,5.14,33400
ATEC,20111205,23.76,23.76,23.04,23.4,164900
ATHN,20111205,60.52,62.15,60.17,60.95,383000
ATHX,20111205,1.86,2.42,1.82,2.17,939500
ATLO,20111205,17,17.4,16.85,17.4,19200
ATNI,20111205,41.41,42.08,40.95,41.79,25200
ATRC,20111205,9.95,10.13,9.76,10.09,44200
ATRI,20111205,238.97,239.65,235.31,237.74,3100
ATRO,20111205,29.8833,30.7083,29.6917,30.25,66400
ATSG,20111205,5.2,5.2,5,5.12,183600
ATVI,20111205,12.38,12.59,12.35,12.44,9878500
AUBN,20111205,19.5,19.5,19.49,19.5,700
AUDC,20111205,3.69,3.77,3.59,3.74,86800
AVAV,20111205,31.88,32.67,31.68,31.95,198300
AVEO,20111205,17.16,17.65,16.78,17.35,267900
AVGO,20111205,31.52,31.94,30.78,31.04,2897900
AVID,20111205,7.66,8.04,7.6,7.73,154000
AVNW,20111205,21.48,22.2,21.24,22.08,343100
AWRE,20111205,3.05,3.2,3.05,3.08,15300
AXAS,20111205,3.78,3.82,3.66,3.72,1230500
AXTI,20111205,4.11,4.13,3.95,4.03,268200
AZPN,20111205,18.15,18.25,17.88,18,931100
BABY,20111205,8.38,8.45,8.22,8.32,140700
BANF,20111205,35.97,37.45,35.97,37.23,16100
BANFP,20111205,27.25,27.25,27.25,27.25,0
BANR,20111205,16.43,16.97,16.4,16.67,85300
BASI,20111205,1.53,1.53,1.53,1.53,0
BBBY,20111205,61.7,62.25,61.33,62.2,1835100
BBGI,20111205,3.8,3.81,3.64,3.64,8300
BBOX,20111205,28.04,28.22,27.41,27.8,58000
BBRG,20111205,17.72,17.97,17.42,17.75,89500
BBRY,20111205,16.36,17.04,16.15,17.02,24513000
BBSI,20111205,19.11,19.49,19.11,19.35,29100
BCBP,20111205,9.83,9.94,9.83,9.88,4300
BCOM,20111205,17,17,17,17,0
BCPC,20111205,42,42.12,41.2,41.52,184300
BCRX,20111205,2.94,2.96,2.89,2.92,132500
BDE,20111205,7.5,7.65,7.4,7.56,72400
BDGE,20111205,18.94,19.15,18.9,19,29500
BDSI,20111205,1.06,1.08,1.05,1.08,160100
BEAT,20111205,2.35,2.43,2.22,2.24,107700
BEAV,20111205,39.25,39.47,38.8,39.05,762700
BEBE,20111205,7.66,7.7,7.43,7.45,439600
BECN,20111205,19.35,19.5,19.1,19.28,437900
BELFA,20111205,20.54,20.76,20.15,20.5,6700
BELFB,20111205,18.79,19.1,18.33,18.97,19300
BFIN,20111205,5.77,5.79,5.61,5.7,47300
BGCP,20111205,6.35,6.39,6.17,6.24,875400
BGFV,20111205,9.27,9.5,9.12,9.29,53000
BIB,20111205,8.1925,8.3763,8.1925,8.2038,10500
BICK,20111205,25.3,25.35,25.01,25.21,6000
BIDU,20111205,136.44,137.21,133.8,134.63,4423000
BIIB,20111205,114.98,114.99,111.64,111.79,1554600
BIOC,20111205,12.99,13.35,12.78,12.84,22500
BIOS,20111205,6.1,6.2,6,6.13,228000
BIS,20111205,137.2,137.2,137.12,137.2,400
BJRI,20111205,48.95,48.96,47.91,48.43,191400
BKCC,20111205,8.79,8.89,8.77,8.84,500700
BKEP,20111205,6.3,6.31,6.2,6.25,19200
BKEPP,20111205,8.35,8.35,8.27,8.27,1100
BKMU,20111205,3.4,3.48,3.25,3.45,115800
BKSC,20111205,10.24,10.24,10.2,10.2,1100
BLDP,20111205,1.29,1.3,1.25,1.25,66700
BLDR,20111205,1.83,1.92,1.77,1.83,319600
BLIN,20111205,2.9,3.75,2.9,3.25,18900
BLKB,20111205,30,30.18,29.85,30.09,386500
BLMT,20111205,10.18,10.2,10.15,10.15,45500
BLRX,20111205,3.18,3.18,3.18,3.18,700
BMRC,20111205,36.01,36.7,36.01,36.48,12500
BMRN,20111205,34.83,34.89,33.62,33.69,1085400
BMTC,20111205,18.98,19,18.66,18.86,30900
BNCL,20111205,8.7,8.78,8.44,8.72,96100
BNCN,20111205,7.03,7.55,7,7.55,4500
BNSO,20111205,1.21,1.29,1.11,1.2,4400
BOBE,20111205,33.85,33.98,32.96,33.09,190600
BOCH,20111205,3.34,3.35,3.22,3.31,12900
BOFI,20111205,4.175,4.175,4.065,4.1325,66000
BOKF,20111205,55.12,55.53,54.62,55.1,170900
BONT,20111205,3.11,3.57,3.11,3.54,350500
BOOM,20111205,21.96,22.22,21.55,21.85,120300
BOSC,20111205,3.12,3.12,2.8,3.04,1700
BPFH,20111205,7.88,8.25,7.68,8.03,809300
BPFHW,20111205,3.07,3.15,2.85,3.15,13300
BPOP,20111205,15.6,15.6,14.5,14.7,8287900
BPOPM,20111205,16.8,17.49,16.8,17.49,200
BPOPN,20111205,17.5,17.5,17.5,17.5,100
BRCD,20111205,5.4,5.55,5.38,5.5,10082100
BRID,20111205,8.23,8.23,8.23,8.23,0
BRKL,20111205,8.09,8.33,8.07,8.21,244800
BRKR,20111205,13.02,13.02,12.55,12.61,734000
BRKS,20111205,10.17,10.21,9.85,10.09,305100
BSET,20111205,8.07,8.18,8.03,8.1,14000
BSFT,20111205,37.14,38.59,36.82,38.28,657900
BSPM,20111205,13.44,15.75,13.44,14.49,59400
BSQR,20111205,4.27,4.27,3.91,4.03,44600
BSRR,20111205,10.24,10.24,9.67,10.17,20900
BSTC,20111205,15.13,16.18,15.13,15.7,8500
BUR,20111205,7.85,8.05,7.68,7.68,8100
BUSE,20111205,5.3,5.46,5.27,5.4,220000
BVSN,20111205,8.71,8.78,8.36,8.36,3500
BWEN,20111205,6.9,7.5,6.5,7.4,3633500
BWINA,20111205,22.44,22.44,22.44,22.44,200
BWINB,20111205,21.93,21.93,21.4,21.76,31400
BWLD,20111205,64.4,65,63.19,63.39,349100
BYFC,20111205,1.45,1.45,1.45,1.45,0
CA,20111205,21.43,21.77,21.26,21.51,3701200
CAAS,20111205,3.9,3.92,3.83,3.89,30700
CAC,20111205,30.79,31.63,30.61,31.11,29500
CACB,20111205,4.69,4.69,4.26,4.47,11100
CACC,20111205,86.23,86.96,85.23,86.12,40600
CADC,20111205,28.2,28.32,27.96,28.2,19200
CAKE,20111205,29.28,29.49,28.75,28.98,665700
CALD,20111205,5.51,5.79,5.45,5.71,314800
CALI,20111205,5.34,5.58,5.16,5.46,3400
CALL,20111205,13.155,13.605,12.26,12.37,110300
CALM,20111205,17.165,17.235,16.98,17.1,61700
CAMP,20111205,4.06,4.23,4.05,4.2,71200
CAMT,20111205,1.91,2.15,1.91,2.07,18500
CAR,20111205,12.48,12.5,11.97,12.15,2177800
CARB,20111205,12.39,12.65,11.76,12.06,110800
CART,20111205,2.85,2.85,2.79,2.85,6200
CARV,20111205,12.56,13.54,9.78,10.8,62600
CARZ,20111205,24.35,24.35,24.35,24.35,100
CASH,20111205,14.25,14.25,14.25,14.25,100
CASM,20111205,1.77,1.77,1.73,1.75,4400
CASS,20111205,35.55,36.33,35.26,36.26,15200
CASY,20111205,53.6,53.82,52.8,52.92,307900
CATM,20111205,26.83,27.62,26.75,27.35,267100
CATY,20111205,14.11,14.36,13.91,14.19,325500
CAVM,20111205,33.72,34.34,32.77,33.08,708200
CBAK,20111205,4.35,4.45,4.15,4.4,104100
CBAN,20111205,2.16,2.16,2.11,2.15,2300
CBLI,20111205,59.6,62.2,58,62.2,283000
CBMX,20111205,253.5,262.5,252,258,5200
CBMXW,20111205,1.1,1.1,1,1,600
CBOE,20111205,26.78,26.91,26.36,26.6,569800
CBPO,20111205,9.58,10.33,9.24,9.88,35400
CBRL,20111205,49.58,49.58,48.67,48.95,306100
CBSH,20111205,37.7,38.1,37.34,37.72,582100
CCBG,20111205,10.14,10.55,10.14,10.5,34700
CCCL,20111205,22.4,22.48,22,22,4300
CCIH,20111205,4.88,4.88,4.65,4.72,51000
CCMP,20111205,40.95,41.48,40.26,41.41,216000
CCNE,20111205,15.47,15.65,15.26,15.5,24800
CCOI,20111205,16.92,17.07,16.6,16.8,279900
CCRN,20111205,5.15,5.28,4.98,5.16,113600
CCUR,20111205,3.45,3.59,3.34,3.34,21700
CDNS,20111205,10.99,11.15,10.89,10.99,2904200
CDTI,20111205,14.45,14.9,14.35,14.5,72700
CDXS,20111205,5.93,6.02,5.87,6.02,235300
CDZI,20111205,8.8,9.2,8.54,9.19,62900
CECE,20111205,6.2,6.24,6.08,6.15,21600
CECO,20111205,7.45,7.48,7.25,7.3,1685200
CELG,20111205,31.1,31.155,30.445,30.655,4352200
CELGZ,20111205,1.44,1.55,1.4,1.55,61500
CENT,20111205,8.58,8.74,8.44,8.51,52000
CENTA,20111205,8.73,8.97,8.63,8.72,158200
CENX,20111205,9.86,10.19,9.7,10.04,2078900
CERN,20111205,31,31.185,30.71,30.905,1044800
CERS,20111205,3,3.05,2.95,3.04,685500
CETV,20111205,8.29,8.4,8.1,8.19,373600
CEVA,20111205,28.7,29.45,28.5,28.96,139900
CFBK,20111205,4.8,5,4.8,5,8800
CFFI,20111205,22.5,23,22.5,22.75,4100
CFFN,20111205,11.4,11.4,11.2,11.29,812200
CFNB,20111205,15.22,15.83,15.08,15.74,5800
CFNL,20111205,10.89,10.94,10.76,10.87,107600
CGEN,20111205,4.45,4.47,4.38,4.45,47000
CGNX,20111205,17.53,17.86,17.235,17.675,178900
CHCI,20111205,1.07,1.08,1.05,1.05,19700
CHCO,20111205,32.82,33.43,32.67,33.08,51900
CHDN,20111205,50,50.9,49.12,50.19,52600
CHEF,20111205,14.65,14.96,13.96,14.94,76900
CHFC,20111205,20.76,20.8,20.37,20.65,110600
CHFN,20111205,9.49,10,9.48,9.95,11400
CHKE,20111205,12.52,12.7,12.12,12.45,104000
CHKP,20111205,55.15,56.09,54.97,55.13,1023700
CHNR,20111205,9.23,9.48,9.23,9.4,1800
CHRS,20111205,4.63,4.69,4.37,4.44,3998800
CHRW,20111205,68.92,69.5,68.82,69.5,1032200
CHSCP,20111205,29.79,29.8,29.7,29.8,7400
CHTR,20111205,53.26,53.58,51.72,52.04,389300
CIDM,20111205,14.4,15,13.7,14.5,92900
CINF,20111205,29.48,29.55,29.06,29.33,1213400
CISG,20111205,6.82,6.93,6.59,6.78,418000
CIZN,20111205,17.5,17.5,17.31,17.31,1600
CJJD,20111205,1.4,1.41,1.35,1.4,6100
CKEC,20111205,7.61,7.68,7.3,7.35,113000
CLBH,20111205,2.67,2.67,2.67,2.67,0
CLCT,20111205,14.39,14.39,14,14.09,27900
CLDX,20111205,2.93,2.95,2.83,2.92,231800
CLFD,20111205,5.95,6.01,5.83,5.99,27200
CLMS,20111205,12.25,12.69,11.83,12.51,122900
CLMT,20111205,19.75,19.93,19.46,19.61,156500
CLNE,20111205,13.39,13.4,13.02,13.19,615900
CLNT,20111205,2.6,3.3,2.5,3.1,314900
CLRO,20111205,4.69,4.69,4.52,4.52,4100
CLSN,20111205,2.18,2.24,2.1,2.22,334000
CLUB,20111205,7.44,7.58,7.38,7.52,80400
CLVS,20111205,12.96,13.05,12.2,12.78,30700
CLWT,20111205,3.19,3.19,3.135,3.19,5600
CMCO,20111205,12.58,12.62,12.15,12.48,54600
CMCSA,20111205,23.89,23.89,22.98,23.15,21221300
CME,20111205,51.498,51.692,49.43,49.822,598900
CMLS,20111205,25.44,25.44,24.32,24.48,236300
CMTL,20111205,30.78,31.22,30.64,30.99,398600
CNBKA,20111205,27.17,27.59,27.17,27.25,6700
CNET,20111205,1.1,1.19,1.1,1.19,38700
CNIT,20111205,0.87,0.87,0.85,0.85,105800
CNMD,20111205,26.26,26.53,26.08,26.33,133000
CNOB,20111205,9.9,9.96,9.8,9.96,25000
CNSL,20111205,18.56,18.79,18.44,18.62,100300
CNTF,20111205,9.1,9.1,8.85,9.05,132400
CNTY,20111205,2.48,2.51,2.45,2.49,20500
COBZ,20111205,5.58,5.72,5.48,5.68,104000
COHR,20111205,51.46,52.92,51.2,51.68,115900
COHU,20111205,10.52,10.91,10.43,10.7,60800
COKE,20111205,55.02,55.07,53.15,53.52,25600
COLB,20111205,18.34,18.51,18.13,18.5,274300
COLM,20111205,25.835,26.86,25.585,26.43,511900
CONN,20111205,12.17,12.38,11.81,11.86,214600
COOL,20111205,132.72,132.72,126,126.84,803800
CORE,20111205,9.75,9.8475,9.6375,9.725,40400
CORT,20111205,3.21,3.25,3.16,3.23,102200
COST,20111205,87.78,88.19,86.65,87.2,1818800
COWN,20111205,2.64,2.75,2.64,2.7,505700
CPHC,20111205,12.71,12.95,12.12,12.74,3100
CPIX,20111205,5.89,5.97,5.83,5.95,28400
CPLA,20111205,34.02,34.06,33.44,33.96,110000
CPLP,20111205,5.95,6.05,5.93,6.05,95800
CPRT,20111205,22.85,23.05,22.79,22.865,283800
CPRX,20111205,1.07,1.11,1.04,1.07,147100
CPSI,20111205,47.29,48.43,46.44,47.86,105800
CPSS,20111205,0.93,1.03,0.93,0.98,8400
CPST,20111205,21.8,22.6,21.4,22.6,5902100
CRAI,20111205,19.73,20.44,19.67,19.99,45200
CRAY,20111205,6.31,6.37,6.19,6.35,286100
CRDS,20111205,106,112.8,106,112.8,9700
CREE,20111205,24.94,25.3,24.64,24.85,2477500
CREG,20111205,12.4,12.5,10.6,12.5,16900
CRESY,20111205,11.41,11.65,11.26,11.54,161100
CRIS,20111205,3.75,3.75,3.61,3.68,262000
CRME,20111205,10,10.25,9.85,9.95,146500
CRMT,20111205,38,39,37.17,37.98,86400
CRNT,20111205,8.47,8.49,8.16,8.3,128300
CROX,20111205,16.3,16.5,16.04,16.35,1512800
CRUS,20111205,17.03,17.25,16.72,16.88,1283800
CRVL,20111205,24,24.065,23.22,23.36,26700
CRWS,20111205,3.6,3.6,3.6,3.6,200
CRZO,20111205,29.32,29.35,28.1,28.7,821600
CSBK,20111205,9.81,10.14,9.75,10.14,20900
CSCO,20111205,18.83,18.89,18.66,18.79,43530100
CSFL,20111205,5.71,5.81,5.59,5.72,86400
CSGP,20111205,67.53,67.91,66.57,67.08,75100
CSGS,20111205,15.19,15.47,15.03,15.25,194100
CSII,20111205,9.71,9.83,9.51,9.62,70400
CSIQ,20111205,2.97,2.97,2.71,2.78,656100
CSOD,20111205,18.1,19,17.64,18.2,1532400
CSPI,20111205,3.47,3.49,3.44,3.48,3700
CSTR,20111205,42,42.38,41.24,41.48,1206300
CSWC,20111205,20.9075,21.615,20.3,21.615,5700
CSX,20111205,22.01,22.29,21.84,22.03,8009600
CTAS,20111205,30.89,30.9,30.43,30.57,764800
CTBI,20111205,28.54,28.75,28.14,28.72,70800
CTHR,20111205,2.6,2.64,2.54,2.6,28400
CTIB,20111205,5.06,5.26,5.06,5.25,5700
CTIC,20111205,5.6,5.75,5.55,5.75,1031900
CTRN,20111205,8.76,8.8,8.64,8.72,58800
CTRP,20111205,13.06,13.13,12.705,12.885,4377100
CTSH,20111205,34.9,35.42,34.32,34.98,3586800
CTWS,20111205,27.6,28.38,27.59,28.38,18500
CTXS,20111205,72.49,74.74,72.4,73.01,1873100
CUBA,20111205,6.54,6.61,6.5,6.6,19700
CUTR,20111205,7.59,7.71,7.45,7.45,44000
CVBF,20111205,10.1,10.15,9.95,10.06,627800
CVCO,20111205,40.5,40.5,39.62,40.07,25200
CVCY,20111205,5.82,5.82,5.82,5.82,0
CVGI,20111205,11.28,11.67,11.13,11.35,150700
CVGW,20111205,26.04,26.26,25.64,25.88,53100
CVLT,20111205,50,50.9,49.84,50.54,597100
CVLY,20111205,8.41,8.43,8.4,8.4,1900
CVTI,20111205,3.05,3.12,3.02,3.06,26000
CVV,20111205,14.92,15.49,14.92,15.1,87900
CWBC,20111205,1.75,1.75,1.5,1.5,4000
CWCO,20111205,8.03,8.14,7.89,8.01,101700
CWST,20111205,6.23,6.25,6.04,6.18,61900
CXDC,20111205,5.19,5.24,5.06,5.16,95800
CY,20111205,18.99,19.25,18.76,18.95,2766600
CYAN,20111205,6.11,6.64,6.11,6.49,73400
CYBE,20111205,7.22,7.37,7.22,7.33,3700
CYCC,20111205,63,68.04,56.28,64.68,325800
CYCCP,20111205,3.02,3.02,3.02,3.02,0
CYNO,20111205,12.1,12.11,11.17,12,17300
CYOU,20111205,25.74,25.74,24.82,25.29,202200
CYTK,20111205,6.24,6.24,5.88,6.12,101800
CYTR,20111205,2.45,2.52,2.45,2.52,637200
CYTX,20111205,40.65,40.65,39.45,39.75,252000
CYTXW,20111205,1.3,1.3,1.3,1.3,0
CZFC,20111205,6.57,6.57,6.57,6.57,0
CZNC,20111205,16.73,17.09,16.52,17,25200
CZWI,20111205,4.78,4.99,4.67,4.8,14400
DAIO,20111205,4.06,4.1,4.01,4.09,30300
DAKT,20111205,10.15,10.15,9.84,9.96,135200
DAVE,20111205,9.14,9.31,9.14,9.31,7000
DCIX,20111205,38.88,39.2,37.44,37.76,176500
DCOM,20111205,11.96,12.13,11.79,11.84,123100
DCTH,20111205,40.96,43.36,40,41.92,529100
DENN,20111205,3.7,3.78,3.59,3.64,618300
DEPO,20111205,4.9,5.01,4.8,4.93,502100
DEST,20111205,15.19,15.19,14.98,15.06,90400
DFVS,20111205,43.67,43.67,43.67,43.67,0
DGAS,20111205,16.64,16.64,16.225,16.235,6200
DGICA,20111205,13.62,13.76,12.72,13.76,18500
DGICB,20111205,16.21,16.21,16.21,16.21,0
DGII,20111205,10.99,11.24,10.82,10.97,96200
DGLY,20111205,0.87,0.87,0.69,0.72,4300
DHIL,20111205,77.04,78,75.07,75.75,21700
DHRM,20111205,1.66,1.7,1.66,1.66,2600
DIOD,20111205,21.15,21.34,20.76,20.99,165000
DISCA,20111205,42.19,42.24,41.17,41.64,1376300
DISCB,20111205,42.43,42.43,42.43,42.43,0
DISCK,20111205,19.24,19.34,18.83,18.945,528200
DISH,20111205,26.56,27.49,26.56,27.37,7797400
DJCO,20111205,66.5,66.5,66.5,66.5,0
DLBS,20111205,34.65,34.66,33.84,33.99,39100
DLTR,20111205,41.815,41.985,41.475,41.74,1492400
DMLP,20111205,21.99,22.23,21.76,22.14,169900
DMRC,20111205,25.59,25.73,25,25.32,15900
DNBF,20111205,10.1,10.1,10.1,10.1,0
DNKN,20111205,25.36,25.45,24.76,25.34,1833500
DORM,20111205,19.34,19.34,18.655,18.94,46000
DRAD,20111205,2.06,2.06,1.96,1.98,24700
DRAM,20111205,18.9,19.8,18,18,22900
DRRX,20111205,1.3,1.34,1.26,1.32,395800
DRWI,20111205,113.25,114.5,107.5,109,192700
DRYS,20111205,3735,3795,3690,3720,3912700
DSCI,20111205,7.9,8.25,7.9,8.25,9500
DSGX,20111205,6.9,7.07,6.87,7.07,10300
DSPG,20111205,6.09,6.19,6.01,6.02,86100
DSWL,20111205,2.32,2.32,2.31,2.31,5900
DTLK,20111205,8.07,8.11,7.49,7.64,319400
DTSI,20111205,28.82,28.82,27.96,28.32,124200
DTUS,20111205,41.55,41.55,41.53,41.55,2900
DTYS,20111205,34.56,34.69,34,34.09,20700
DVAX,20111205,32.6,33.5,32,33.1,2728500
DWCH,20111205,5.44,5.44,5.44,5.44,0
DWSN,20111205,34.42,34.9,34.21,34.69,63700
DXCM,20111205,8.38,8.48,8.25,8.36,489000
DXPE,20111205,30.67,30.72,29.77,30.25,82200
DXYN,20111205,2.97,3,2.97,2.97,5000
DYNT,20111205,3.4,3.4,3.3,3.3,90800
DYSL,20111205,1.66,1.72,1.5,1.5,27100
EAGLU,20111205,10.06,10.06,10.06,10.06,0
EBAY,20111205,12.9432,13.0274,12.8421,12.9263,10042300
EBIX,20111205,21.03,21.6,20.82,21,655600
EBMT,20111205,9.88,9.9,9.88,9.88,400
EBSB,20111205,5.1593,5.3105,5.1593,5.3023,14400
EBTC,20111205,13.75,14.3,13.03,14.19,10000
ECHO,20111205,15.96,16.43,15.96,16.34,87200
ECOL,20111205,18.41,18.55,18.2,18.51,88800
ECPG,20111205,21.24,21.94,21.09,21.6,169700
ECYT,20111205,10.28,10.53,9.74,9.94,85700
EDAP,20111205,1.72,1.72,1.55,1.61,19600
EDGW,20111205,3.1,3.14,2.85,3,23100
EDUC,20111205,5.33,5.35,5.19,5.35,4400
EEFT,20111205,17.98,18.01,17.53,17.69,134900
EEI,20111205,16.5,16.95,16.5,16.95,7800
EFII,20111205,14.6,14.91,14.46,14.61,134400
EFSC,20111205,14.61,14.91,14.37,14.67,46100
EFUT,20111205,3.77,3.99,3.77,3.99,5500
EGAN,20111205,5.12,5.21,4.79,4.84,79500
EGBN,20111205,15,15.05,14.72,15,61100
EGHT,20111205,3.8,3.93,3.76,3.93,1057400
EGLE,20111205,1699.2,1785.6,1641.6,1684.8,697500
EGOV,20111205,13.79,13.79,13.59,13.71,229300
EHTH,20111205,15.31,15.43,15.16,15.34,89200
ELGX,20111205,11.49,11.65,11.18,11.24,371200
ELNK,20111205,6.32,6.39,6.23,6.25,1219900
ELON,20111205,51.1,51.1,49,49.7,171100
ELOS,20111205,10.87,11.04,10.85,10.99,38400
ELSE,20111205,4.02,4.11,4,4.11,1400
ELTK,20111205,1.3,1.33,1.29,1.29,20400
EMCF,20111205,14.85,15.06,14.85,15.06,1000
EMCI,20111205,13.3733,13.5867,13.1133,13.58,9800
EMIF,20111205,29.81,30.01,29.72,29.86,23600
EMITF,20111205,200.4,204.6,189.6,201.6,5300
EMKR,20111205,4,4.12,3.92,4.04,673900
EMMS,20111205,3.4,3.4,3.08,3.08,81900
ENDP,20111205,34.04,34.53,33.83,34.07,1102600
ENG,20111205,2.21,2.25,2.17,2.25,18300
ENOC,20111205,9.62,9.81,9.4,9.51,214800
ENSG,20111205,12.125,12.575,12.125,12.48,129600
ENTG,20111205,8.71,8.79,8.57,8.66,1006200
EPAY,20111205,22.77,22.85,21.94,22.22,181800
EQIX,20111205,102.93,104.55,101.84,103.58,633300
ERIC,20111205,10.48,10.51,10.31,10.38,2982200
ERIE,20111205,75.55,76.43,74.85,75.52,66900
ERII,20111205,2.64,2.81,2.62,2.79,150300
ESBK,20111205,16.48,16.48,16.02,16.39,9500
ESCA,20111205,5.08,5.15,5,5,8900
ESEA,20111205,2.68,2.78,2.62,2.62,70000
ESGR,20111205,99.65,99.85,98.43,99.84,20800
ESIO,20111205,12.75,13.03,12.46,12.83,77500
ESLT,20111205,43.73,44.44,43.51,43.65,7800
ESMC,20111205,1.17,1.19,1.13,1.14,2700
ESRX,20111205,47.14,47.3,45.76,46.19,5687200
ESSA,20111205,10.97,10.97,10.57,10.7,34700
ETFC,20111205,9.25,9.4,9.14,9.35,6793300
ETRM,20111205,30,30.9,29.85,30.45,49400
EUFN,20111205,16.48,16.48,16.12,16.16,30000
EVBS,20111205,2.1,2.13,1.91,1.91,1100
EVEP,20111205,67.18,68.02,65.87,65.91,210100
EVK,20111205,1.42,1.42,1.3,1.37,7300
EVOL,20111205,7.44,7.75,7.35,7.65,70100
EWBC,20111205,19.6,19.97,19.41,19.85,1441800
EXAC,20111205,14.36,14.5,14.07,14.34,29100
EXAS,20111205,8.56,8.6,8.15,8.39,740400
EXEL,20111205,4.25,4.28,4.07,4.15,1414900
EXFO,20111205,5.79,5.86,5.66,5.68,4400
EXLS,20111205,24.95,24.95,24.66,24.82,248200
EXPD,20111205,42.9,43.28,42.47,42.8,1323800
EXPE,20111205,28.53,29.33,28.24,28.92,3460400
EXPO,20111205,24.065,24.065,23.555,23.905,27000
EXTR,20111205,3.06,3.07,2.98,3.01,651400
EZPW,20111205,29.23,29.34,28.57,29.27,365000
FALC,20111205,2.79,2.79,2.7,2.75,67900
FARM,20111205,7.56,7.74,7.45,7.62,78600
FARO,20111205,48.55,49.21,48.18,49.13,67500
FAST,20111205,42.46,42.65,42.1,42.55,3336800
FBIZ,20111205,16.16,17,16.16,17,3700
FBMS,20111205,7.62,7.8,7.55,7.55,3200
FBNC,20111205,11.23,11.82,11.2,11.61,40300
FBNK,20111205,12.74,12.74,12.54,12.73,42400
FBRC,20111205,8.24,8.4,8.16,8.36,160100
FBSS,20111205,10.85,10.88,10.82,10.88,2600
FCAP,20111205,18.5,18.5,18.5,18.5,0
FCBC,20111205,12.18,12.53,12.16,12.5,70200
FCCO,20111205,5.9,5.9,5.9,5.9,0
FCCY,20111205,6.51,6.81,6.51,6.75,500
FCEL,20111205,11.4,11.64,11.04,11.64,961700
FCNCA,20111205,171.69,172.83,170.15,171.83,5700
FDEF,20111205,14.33,14.51,14.32,14.49,22300
FDML,20111205,15.48,15.65,15.1,15.24,167700
FDUS,20111205,12.46,12.46,12.14,12.36,20200
FEIM,20111205,7.61,7.92,7.42,7.75,11000
FELE,20111205,23.465,23.465,22.805,23.01,80400
FES,20111205,5.2,5.49,5,5,49600
FFBC,20111205,15.89,16.21,15.88,16.1,197900
FFBCW,20111205,4.11,4.11,4.11,4.11,0
FFHL,20111205,1.38,1.4,1.22,1.26,18500
FFIC,20111205,12.6,12.78,12.45,12.73,112900
FFIN,20111205,16.43,16.5,16.225,16.46,137700
FFIV,20111205,115,117.3,114.09,115.66,2248400
FFKT,20111205,4.27,4.45,4.27,4.27,1300
FFNW,20111205,5.46,5.7,5.46,5.63,9300
FHCO,20111205,4.39,4.6,4.33,4.59,56200
FIBK,20111205,12.11,12.51,12.03,12.41,53100
FINL,20111205,21.55,21.97,21.34,21.73,643000
FISI,20111205,16.34,16.6,16.16,16.59,24600
FISV,20111205,29.235,29.295,28.675,28.8,1094500
FITB,20111205,12.3,12.57,12.25,12.56,14713600
FIZZ,20111205,17.09,17.2,16.84,16.96,49200
FLAT,20111205,56.2,56.75,56.2,56.75,5500
FLDM,20111205,13.46,13.74,13.4,13.43,61100
FLEX,20111205,6,6.14,5.99,6.04,2833100
FLIC,20111205,17.7,18.0667,17.3733,18.06,19500
FLIR,20111205,26.29,26.67,26.11,26.46,918000
FLML,20111205,4.09,4.29,4.09,4.23,49200
FLWS,20111205,2.38,2.38,2.26,2.31,80900
FLXS,20111205,13.87,13.94,13.75,13.76,1600
FMBI,20111205,9.91,10.19,9.79,10.02,880700
FMNB,20111205,4.36,4.67,4.31,4.4,12300
FNGN,20111205,23.12,23.4,22.32,22.62,243800
FNLC,20111205,14.6,14.68,14.15,14.58,17500
FNSR,20111205,16.85,17.16,16.4,16.6,2851500
FOLD,20111205,3.27,3.45,3.21,3.42,67100
FONE,20111205,24.61,24.61,24.39,24.39,1000
FONR,20111205,1.71,1.77,1.67,1.68,45800
FORD,20111205,1.67,1.69,1.62,1.65,33700
FORM,20111205,5.79,5.81,5.61,5.68,547600
FORR,20111205,31.33,32,30.75,32,174300
FORTY,20111205,16.22,16.6,16.2,16.6,2300
FOSL,20111205,91.54,92.63,88.6,89.09,1209300
FRAN,20111205,16.24,17.86,16.12,17.56,429000
FRBK,20111205,1.52,1.52,1.34,1.34,6500
FRED,20111205,13.75,13.92,13.56,13.69,468000
FRME,20111205,8.23,8.33,8.05,8.27,79700
FRP,20111205,5.02,5.11,4.82,4.91,108000
FRPT,20111205,5.5,5.52,5.49,5.52,1610700
FSBK,20111205,3.63,3.64,3.52,3.61,5700
FSC,20111205,9.94,9.99,9.8,9.94,653200
FSFG,20111205,17.95,18,16.93,18,1200
FSLR,20111205,48.68,49.17,47.12,47.75,1860200
FSTR,20111205,28.76,29.01,27.98,28.66,28300
FTEK,20111205,5.98,6.07,5.75,6.06,113900
FTNT,20111205,24.58,26.6,24.58,25.6,2876600
FUEL,20111205,2.46,2.54,2.42,2.52,60700
FULT,20111205,9.51,9.66,9.32,9.58,962600
FUNC,20111205,3.07,3.15,3.07,3.07,5100
FUND,20111205,6.65,6.7,6.6,6.63,42800
FWRD,20111205,31.51,32.3,31.21,31.97,97000
GABC,20111205,17.81,18.49,17.81,18.49,28500
GAIA,20111205,3.92,3.92,3.66,3.71,11500
GAIN,20111205,7.4,7.49,7.31,7.42,77700
GALE,20111205,13.6,14,13.6,13.8,212600
GALT,20111205,4.506,4.56,4.32,4.38,125400
GASS,20111205,4.01,4.1,3.8,3.88,44000
GBCI,20111205,12.09,12.25,11.82,12.14,322700
GBDC,20111205,15.94,15.95,15,15.39,67100
GBLI,20111205,18.53,18.99,18.36,18.73,46100
GBNK,20111205,7.1,7.3,7.05,7.2,3200
GCBC,20111205,8.695,8.695,8.695,8.695,100
GCVRZ,20111205,1.34,1.34,1.29,1.33,962900
GENC,20111205,4.68,4.68,4.6267,4.6267,1400
GENE,20111205,19.35,20.2,18.75,19.5,27700
GERN,20111205,1.71,1.77,1.66,1.73,863400
GEVO,20111205,96.45,96.75,91.65,94.5,94400
GFED,20111205,6.25,6.25,6.2,6.2,16500
GFN,20111205,2.6,2.6,2.59,2.59,700
GGAL,20111205,7.16,7.22,6.92,7,359900
GHDX,20111205,28.47,28.58,27.94,28.55,209700
GIFI,20111205,28.23,28.83,27.96,28.43,89000
GIGA,20111205,1.6,1.6,1.6,1.6,3300
GIGM,20111205,4.1,4.25,4.1,4.2,84600
GIII,20111205,9.305,9.6,9.3,9.375,291200
GILD,20111205,19.845,20.09,19.5,20.075,16973100
GILT,20111205,3.97,4.04,3.93,3.95,158600
GLAD,20111205,7.75,7.88,7.72,7.81,87300
GLBS,20111205,15.6,16.36,14.8,15.56,13300
GLBZ,20111205,8.06,8.06,7.94,7.94,1800
GLDD,20111205,6,6.07,5.87,6.02,271500
GLNG,20111205,44.39,45.1,43.3,43.96,551500
GLRE,20111205,24.62,24.84,24.1,24.24,181500
GLUU,20111205,3.8,3.81,3.34,3.56,2809200
GMAN,20111205,12.78,12.9,12.16,12.17,51800
GMLP,20111205,29.5,29.75,28.82,29.01,53600
GNCMA,20111205,10.23,10.32,9.8,10.18,149000
GNMK,20111205,4.52,5,4.31,4.94,29200
GNTX,20111205,15.7,16.105,15.675,15.7,1664700
GNVC,20111205,2.72,2.78,2.68,2.75,49400
GOLD,20111205,104.8,106.56,103.6,104.38,383100
GOOD,20111205,17.3,17.3,16.92,17.15,29400
GOODO,20111205,24.28,24.28,23.56,24,800
GOODP,20111205,24,24.15,24,24.15,500
GOOG,20111205,313.82,315.95,311.2,312.825,3198000
GPIC,20111205,6.29,6.39,6.23,6.34,1600
GPOR,20111205,34.03,34.38,33.14,33.8,825500
GPRE,20111205,10.91,10.97,10.65,10.66,293500
GPRO,20111205,62.58,63.22,61.76,62.05,482200
GRFS,20111205,5.45,5.63,5.45,5.58,1272800
GRID,20111205,25.52,25.52,25.11,25.11,3800
GRIF,20111205,26.49,27.75,26.49,27.53,6400
GRMN,20111205,37.39,37.63,37.08,37.25,806700
GROW,20111205,6.72,6.92,6.53,6.64,38400
GRPN,20111205,19.42,19.48,18.4,19.04,1793900
GRVY,20111205,11.6,11.6,10.96,11.12,8900
GSBC,20111205,21.54,21.54,21.17,21.47,39400
GSIT,20111205,4.89,4.89,4.75,4.78,118100
GSM,20111205,15.01,15.06,14.63,14.85,813200
GSOL,20111205,6.18,6.18,5.69,5.82,79300
GSVC,20111205,15.64,15.64,14.85,15.01,268100
GT,20111205,14.5,14.6,14.14,14.25,3600800
GTIM,20111205,1.28,1.28,1.24,1.24,5900
GTLS,20111205,61.94,62.08,59.45,60.42,429400
GTXI,20111205,3.07,3.07,2.81,2.94,152500
GUID,20111205,6.13,6.18,5.99,6.08,114500
GULF,20111205,14.92,15.09,14.91,15.06,5500
GURE,20111205,2.16,2.16,2.1,2.15,111600
GYRO,20111205,102.39,103,101.51,101.51,6200
HA,20111205,5.99,6.09,5.91,6.01,566300
HAFC,20111205,0.9,0.9,0.86,0.88,1062600
HAIN,20111205,18.615,18.75,18.065,18.16,470500
HALL,20111205,7.76,8.07,7.59,8.06,45000
HALO,20111205,9.51,9.55,9.28,9.4,610800
HAS,20111205,36.48,37.02,36.28,36.78,1210500
HAYN,20111205,59.5,59.5,57.31,57.92,122100
HBAN,20111205,5.35,5.35,5.25,5.32,9162900
HBANP,20111205,1050,1055,1050,1050,200
HBCP,20111205,15.01,15.01,15,15,800
HBHC,20111205,30.67,31,30.37,30.54,416400
HBIO,20111205,4.27,4.33,4.2,4.3,50400
HBNC,20111205,7.5111,7.5111,7.4281,7.4281,4300
HCCI,20111205,15.65,16.17,15.44,16.17,13000
HCKT,20111205,3.57,3.67,3.57,3.67,82200
HCOM,20111205,15,15.09,14.8,15,1900
HCSG,20111205,18.26,18.74,18.15,18.71,394300
HDNG,20111205,9.17,9.19,8.81,8.99,14000
HDSN,20111205,1.39,1.48,1.36,1.47,29600
HEES,20111205,13.74,13.83,13.02,13.54,107700
HELE,20111205,29.87,30.18,29.2,29.56,117100
HEOP,20111205,3.6,3.6,3.38,3.55,6100
HFBC,20111205,6.03,6.1,6,6.07,2400
HFBL,20111205,17.12,17.12,17.12,17.12,0
HFWA,20111205,12.41,12.41,12.21,12.36,41100
HGSH,20111205,0.92,0.92,0.81,0.85,5900
HIBB,20111205,45.99,46.96,45.72,46.59,318900
HIFS,20111205,48.2,48.2,48.2,48.2,400
HIHO,20111205,2.6,2.6,2.44,2.44,800
HIMX,20111205,1.05,1.07,1.04,1.05,271500
HLIT,20111205,5.43,5.62,5.34,5.48,953700
HMNF,20111205,1.85,2.2,1.68,2.02,17000
HMNY,20111205,1.44,1.56,1.41,1.43,700
HMSY,20111205,30.55,30.99,30.21,30.57,601200
HNH,20111205,11.64,11.81,11.51,11.76,8600
HNRG,20111205,9.86,9.86,9.55,9.85,48900
HOFT,20111205,9.57,9.65,9.31,9.4,17800
HOLI,20111205,8.95,9.1,8.88,9,292800
HOLX,20111205,17.45,17.75,17.33,17.53,2185800
HOMB,20111205,6.25,6.3575,6.2175,6.2525,83500
HOVNP,20111205,1.34,1.44,1.32,1.41,25200
HPJ,20111205,1.09,1.1,1.08,1.08,8700
HRZN,20111205,15.5,15.96,15.27,15.96,33200
HSIC,20111205,65.36,65.9,64.65,65,313000
HSII,20111205,21.24,21.75,20.72,21.28,66300
HSKA,20111205,7,7.1,6.93,6.95,19400
HSNI,20111205,36.92,37.63,36.47,37.28,382800
HSTM,20111205,17.24,17.5,17,17.17,473100
HTBK,20111205,5.02,5.05,4.86,5,66000
HTHT,20111205,14.23,14.47,14.05,14.28,113100
HTLD,20111205,13.71,14.09,13.67,13.9,537800
HTLF,20111205,15.5,15.85,14.89,15.72,26000
HUBG,20111205,30.91,31.95,30.68,31.51,300600
HURC,20111205,22.86,24.24,22.35,23.85,27200
HURN,20111205,35.33,35.99,35.04,35.39,142600
HWAY,20111205,6.55,6.71,6.41,6.58,362600
HWBK,20111205,6,6.9,6,6.49,3700
HWCC,20111205,11.65,11.9,11.57,11.76,76900
HWKN,20111205,38.29,38.29,37.62,38.08,33400
HYGS,20111205,5.36,5.66,5.35,5.5,9300
HZNP,20111205,5,5.4,4.99,5,45000
IART,20111205,31.72,32.42,31.49,32.22,143400
IBB,20111205,103.38,103.38,101.53,101.91,584100
IBCP,20111205,1.4,1.45,1.36,1.4,16800
IBKC,20111205,50.28,50.28,49.18,49.79,172500
IBKR,20111205,15.09,15.22,14.95,15.1,411800
IBOC,20111205,18.18,18.57,17.96,18.32,328500
ICAD,20111205,0.61,0.62,0.55,0.57,236700
ICCC,20111205,5.12,5.12,4.85,5.02,6300
ICFI,20111205,26.1,27,25.87,26.64,115800
ICLN,20111205,9.29,9.35,9.17,9.22,12600
ICLR,20111205,16.65,16.89,16.45,16.67,344700
ICON,20111205,17.38,17.66,17.14,17.39,486200
ICUI,20111205,43.01,44.62,43.01,43.91,46900
IDCC,20111205,44.13,44.13,43.1,43.46,658400
IDRA,20111205,1.2,1.2,1.13,1.16,45800
IDSA,20111205,5.89,6.31,5.82,5.98,29900
IDSY,20111205,5.39,5.44,5.28,5.32,7500
IDTI,20111205,5.98,6.11,5.91,6,1339000
IDXX,20111205,36.985,37.64,36.805,37.135,291900
IESC,20111205,2.31,2.31,2.08,2.08,11600
IFEU,20111205,26.12,26.12,25.91,26.07,800
IFGL,20111205,26.42,26.67,26.28,26.33,86400
IFON,20111205,0.65,0.65,0.61,0.61,11900
IGLD,20111205,12.79,12.79,12.79,12.79,0
IGOV,20111205,99.11,99.21,98.3,98.57,7000
III,20111205,1.19,1.22,1.17,1.17,36900
IIIN,20111205,10.5,10.74,10.35,10.55,80000
IIJI,20111205,9.18,9.24,9.09,9.12,2900
IIN,20111205,6.03,6.37,6.03,6.25,11400
IIVI,20111205,18.99,19.25,18.66,18.83,475500
IKNX,20111205,7.5,7.5,7.5,7.5,0
ILMN,20111205,28.14,32,28.08,29.44,7577400
IMGN,20111205,12.49,12.57,12.25,12.47,340100
IMI,20111205,9.07,9.1,8.51,8.88,83000
IMKTA,20111205,15.05,15.22,14.96,15,151800
IMMR,20111205,6.02,6.2,6,6.07,110100
IMMU,20111205,3.34,3.39,3.24,3.3,243000
IMMY,20111205,0.525,1,0.5,1,6400
IMOS,20111205,5.98,6.08,5.86,5.92,32200
INAP,20111205,5.2,5.24,5.1,5.21,206700
INCY,20111205,13.83,14,13.75,13.96,4281200
INDB,20111205,26.37,27.32,25.42,27.23,77800
INDY,20111205,22.67,22.73,22.54,22.58,113800
INFI,20111205,9.75,9.75,9.26,9.52,86600
INFN,20111205,7.08,7.19,6.95,7.15,1213300
ININ,20111205,23.79,24.27,23.52,23.6,131800
INOD,20111205,3.64,4.39,3.64,3.95,47700
INSM,20111205,3.27,3.32,3.22,3.29,84200
INTC,20111205,25.03,25.2,24.79,25.01,42526700
INTG,20111205,19.88,19.88,19.55,19.55,1400
INTL,20111205,24.77,25.06,24.25,24.69,57400
INTU,20111205,53.5,54.57,53.07,54.56,2538800
INTX,20111205,11.65,12.02,11.4,11.87,74400
INVE,20111205,20.5,21,19.9,20.5,169000
INWK,20111205,9.3,9.45,9.21,9.3,240400
IOSP,20111205,29.77,29.87,29.04,29.3,171300
IPAR,20111205,18.26,18.5,17.98,18.2,137000
IPAS,20111205,1.39,1.44,1.36,1.42,95300
IPCC,20111205,56.05,57.17,56.05,56.67,33000
IPCI,20111205,3.09,3.1,3.01,3.05,3900
IPGP,20111205,41.61,41.9,40.61,40.75,352600
IPHS,20111205,50.18,50.8,48.57,48.89,139900
IPXL,20111205,19.77,19.77,18.97,19.31,543400
IRBT,20111205,33.25,33.32,32.66,33.15,344400
IRDM,20111205,7.32,7.46,7.27,7.46,324500
IRIX,20111205,3.63,3.63,3.52,3.52,1300
IROQ,20111205,11.13,11.2,11.12,11.13,900
IRWD,20111205,12.14,12.39,11.94,12.32,278500
ISBC,20111205,5.3725,5.3843,5.2706,5.3804,251400
ISCA,20111205,24.94,25.01,24.57,24.8,110900
ISHG,20111205,99.55,99.56,98.78,98.95,10900
ISIG,20111205,2.22,2.22,2.01,2.04,22100
ISIL,20111205,10.93,11.05,10.8,10.89,1711200
ISLE,20111205,4.3,4.38,3.9,4.18,380700
ISNS,20111205,6.1,6.25,6.1,6.25,700
ISRG,20111205,439.15,444.82,433.9,436.43,296700
ISRL,20111205,86.25,87.06,85.97,86.75,2300
ISSC,20111205,3.82,3.96,3.73,3.75,88800
ITIC,20111205,36.67,37,36.67,37,1500
ITRI,20111205,35.99,36.82,35.51,36.63,461000
ITRN,20111205,12.76,12.81,12.6,12.8,11400
IVAC,20111205,7.41,7.51,7.26,7.5,69300
IXYS,20111205,12.06,12.18,11.94,12.05,130000
JACK,20111205,20.89,21.2,20.81,21.18,432700
JAKK,20111205,19.22,19.22,18.93,19.08,108100
JASO,20111205,8.7,8.85,8.15,8.4,4955300
JAZZ,20111205,39.38,40.84,39.1,40.67,704500
JBHT,20111205,46.4,46.59,45.63,46.03,850600
JBLU,20111205,4.49,4.75,4.46,4.7,12117700
JBSS,20111205,7.88,7.95,7.76,7.77,20300
JCOM,20111205,27.62,27.78,27.07,27.24,645000
JCS,20111205,13.62,14.25,13.37,14.25,16200
JCTCF,20111205,3.975,3.975,3.975,3.975,0
JJSF,20111205,51.67,52.43,51.58,52.36,44400
JKHY,20111205,33.38,33.79,32.97,33.07,465100
JMBA,20111205,7.15,7.2,6.7,6.9,390200
JOBS,20111205,22.745,23.25,22.68,23.195,66700
JOUT,20111205,16,16.25,15.91,16.2,6600
JRJC,20111205,2,2.03,1.85,1.96,34400
JVA,20111205,10.4,10.65,9.17,9.45,769500
JXSB,20111205,14,14,14,14,200
KALU,20111205,46.81,47.56,45.85,46.41,97300
KCAP,20111205,6.38,6.47,6.33,6.43,48800
KELYA,20111205,14.64,14.67,14.29,14.32,228400
KEQU,20111205,8.25,8.3,8.22,8.22,5900
KERX,20111205,2.65,2.73,2.65,2.7,895000
KEYW,20111205,7.46,7.48,7.13,7.26,63600
KFFB,20111205,9.07,9.07,9.07,9.07,100
KFRC,20111205,12.4,12.47,12.1,12.22,199700
KGJI,20111205,1.41,1.41,1.33,1.34,56300
KINS,20111205,3.08,3.08,3.08,3.08,1100
KIRK,20111205,12.7,12.75,12.57,12.7,195100
KLAC,20111205,47.96,48.71,47.29,48.69,3926400
KLIC,20111205,9.36,9.73,9.26,9.52,1594200
KNDI,20111205,2.88,3,2.87,2.93,30200
KONA,20111205,5.22,5.59,5.22,5.56,84400
KONE,20111205,8.6,8.7,8.3,8.3,1400
KOOL,20111205,19,19.4,17.4,17.8,29000
KOPN,20111205,3.74,3.81,3.64,3.76,175700
KOSS,20111205,5.1,5.24,5.08,5.08,2800
KRNY,20111205,9.73,9.96,9.69,9.91,29700
KTCC,20111205,4.82,4.9,4.82,4.85,13500
KTEC,20111205,14.57,14.57,14.01,14.01,1900
KTOS,20111205,5.88,5.88,5.6,5.69,541100
KVHI,20111205,7.69,8.14,7.53,8,49700
KZ,20111205,4.67,4.72,4.56,4.63,30300
LABL,20111205,24.7,24.93,24.32,24.57,35200
LAKE,20111205,7.45,7.45,7.1,7.1,900
LAMR,20111205,25.22,25.94,24.86,25.14,833000
LANC,20111205,69.58,70.19,69.04,69.86,119700
LARK,20111205,17.51,17.52,17.5,17.5,1400
LAWS,20111205,15.53,15.56,15,15.47,8400
LAYN,20111205,24.35,24.59,23.68,24.19,72500
LBAI,20111205,8.73,8.98,8.5,8.95,53100
LBIX,20111205,2.97,3.14,2.86,3.08,2200
LBTYA,20111205,20.9504,21.0169,20.0664,20.3117,1430700
LBTYB,20111205,39.37,39.37,39.37,39.37,0
LBTYK,20111205,39.65,39.65,37.87,38.35,307800
LCNB,20111205,13,13,13,13,0
LCUT,20111205,12.02,12.02,11.62,11.95,20800
LECO,20111205,39.74,40.1,39.35,39.55,280100
LEDS,20111205,3.05,3.29,3.02,3.07,167600
LFUS,20111205,45.79,46.76,45.79,46.62,161200
LGCY,20111205,27.63,27.74,26.9,27.02,187800
LGND,20111205,11.81,11.94,11.56,11.85,128100
LHCG,20111205,14.29,14.49,13.92,14.06,134300
LIFE,20111205,39.66,40.49,39.37,39.89,1870300
LINC,20111205,7.65,7.65,7.09,7.15,226300
LION,20111205,6,6.1,6,6,2400
LIOX,20111205,2.36,2.36,2.21,2.3,259500
LIVE,20111205,0.3667,0.5333,0.3667,0.5033,32400
LKFN,20111205,16.8133,16.9867,16.6067,16.8933,75700
LKQ,20111205,15.205,15.3,14.97,15.115,1541200
LLNW,20111205,3.17,3.22,3.09,3.2,1191800
LLTC,20111205,31.08,31.32,30.71,31.11,2036200
LMAT,20111205,5.45,5.46,5.26,5.4,26200
LMCA,20111205,26.0867,26.1167,25.22,25.36,759500
LMIA,20111205,17,17.26,16.8,16.99,46300
LMNR,20111205,16.27,16.66,16.27,16.66,12200
LMNX,20111205,20.99,21.6,20.64,21.38,271700
LMOS,20111205,14.65,14.65,12.62,14.27,128100
LNCE,20111205,20.99,21.09,20.73,20.8,197700
LNDC,20111205,5.8,5.94,5.68,5.92,58300
LOAN,20111205,0.96,1.02,0.96,0.96,1500
LOGI,20111205,8.37,8.45,8.26,8.34,293700
LOGM,20111205,42.3,43.42,41.72,42.24,521800
LOPE,20111205,15.25,15.26,14.98,15.08,317400
LORL,20111205,63.74,64.89,63.01,64.84,66100
LPLA,20111205,30.43,30.43,29.69,29.8,205900
LPNT,20111205,38.69,39.17,38.37,38.77,551000
LPSN,20111205,12.86,13.18,12.85,13.06,362600
LPTH,20111205,1,1.05,1,1.05,14000
LQDT,20111205,35.08,35.54,34.36,34.81,252200
LRAD,20111205,1.85,1.85,1.76,1.8,79800
LRCX,20111205,42.73,43.67,42.43,42.85,2875300
LSBK,20111205,9.79,9.79,9.6,9.6,700
LSCC,20111205,7.1,7.17,6.88,6.96,1151700
LSTR,20111205,46.59,47.31,46.07,46.38,378800
LTBR,20111205,13.65,13.7,13.15,13.4,43300
LTRX,20111205,1.86,1.9,1.83,1.83,18700
LULU,20111205,50.4,50.69,47.54,48.36,7697900
LUNA,20111205,1.35,1.35,1.27,1.3,9900
LWAY,20111205,9.62,9.89,9.52,9.89,11300
LXRX,20111205,8.47,8.47,7.77,8.4,627900
LYTS,20111205,6.58,6.58,6.27,6.55,70200
MAGS,20111205,4.5,4.55,3.91,4.02,287000
MANH,20111205,11.255,11.55,11.2075,11.385,140100
MANT,20111205,33.34,33.6,33.06,33.28,301600
MARPS,20111205,23.36,23.85,23.11,23.11,800
MASI,20111205,20.87,20.91,20.42,20.65,564800
MAT,20111205,28.82,29.3,28.73,29.11,3021900
MATR,20111205,4.53,4.53,4.53,4.53,0
MATW,20111205,33.19,33.58,32.93,33.23,146800
MAYS,20111205,14.77,14.77,14.77,14.77,0
MBFI,20111205,17.21,17.35,16.94,17.25,425000
MBLX,20111205,29.82,31.02,29.58,30.66,211000
MBRG,20111205,14.34,14.55,14.32,14.33,2900
MBTF,20111205,1.04,1.05,0.99,0.99,14000
MBVT,20111205,29.14,29.14,28.67,28.9,11600
MBWM,20111205,9.2,9.3,9.2,9.21,10100
MCBC,20111205,2.2,2.3,2.2,2.25,21400
MCHP,20111205,35.17,35.38,34.76,34.91,1468000
MCHX,20111205,7.12,7.29,7,7.15,90200
MCRI,20111205,9.68,9.81,9.51,9.8,15300
MDCA,20111205,14.65,14.92,14.28,14.88,112700
MDCO,20111205,19.41,19.52,19.01,19.44,436400
MDM,20111205,4.31,4.31,4.24,4.28,6600
MDRX,20111205,19.25,19.69,19.22,19.49,1493500
MDSO,20111205,10.1,10.65,10.095,10.645,185700
MELI,20111205,87.29,92.75,85.54,91.04,1553700
MENT,20111205,12.88,13.07,12.8,12.91,686500
MEOH,20111205,24.58,25.04,24.09,24.2,208500
MERC,20111205,5.99,6.07,5.87,5.99,141800
MFNC,20111205,5.25,5.25,5.25,5.25,0
MFRI,20111205,6.56,6.66,6.46,6.54,15800
MFSF,20111205,7.04,7.04,6.94,7,1800
MGEE,20111205,29.6667,29.7467,29.3467,29.6467,57500
MGIC,20111205,5.49,5.58,5.41,5.56,176700
MGLN,20111205,50.15,50.53,49.15,49.44,194700
MGPI,20111205,5.16,5.3,5.01,5.2,42300
MGRC,20111205,28.16,28.16,27.57,27.88,68400
MGYR,20111205,2.67,2.9,2.67,2.78,3600
MHGC,20111205,6.45,6.62,6.26,6.53,103500
MHLD,20111205,8.52,8.67,8.43,8.6,267500
MIDD,20111205,30.9233,31.55,30.6733,30.9133,83700
MIND,20111205,15.4,16.05,15.4,15.72,100900
MINI,20111205,17.94,18.15,17.61,17.8,203200
MITK,20111205,7.37,7.63,7.1,7.2,284000
MITL,20111205,3.29,3.51,3.24,3.43,104600
MKSI,20111205,26.83,27.08,26.44,27.07,322100
MKTX,20111205,29.18,29.18,27.74,28.01,128300
MLAB,20111205,41.26,41.26,40.98,40.98,600
MLHR,20111205,21.63,22.09,20.7,20.94,339000
MLNK,20111205,4.46,4.59,4.45,4.45,186100
MLNX,20111205,36.24,37.43,35.92,36.45,380900
MLVF,20111205,5.9,5.9,5.9,5.9,2600
MMLP,20111205,33.02,33.58,32.62,33.31,37900
MMSI,20111205,13.17,13.35,12.92,12.97,317500
MMYT,20111205,23.68,24.26,23.32,24.05,138100
MNDO,20111205,1.87,1.91,1.86,1.87,25800
MNKD,20111205,3.07,3.09,3.01,3.01,455600
MNOV,20111205,2.11,2.12,1.99,2.04,18000
MNRO,20111205,39.55,40.34,39.27,40.15,336400
MNST,20111205,15.73,15.79,15.4967,15.59,599500
MNTA,20111205,16.72,16.74,16.27,16.57,605800
MNTX,20111205,4.33,4.47,4.26,4.38,29500
MOBI,20111205,4.1,4.17,3.96,4.04,85700
MOCO,20111205,16.08,16.09,15.9,16.01,1500
MOFG,20111205,14.61,14.88,14.21,14.6,8900
MORN,20111205,60.19,60.19,59.31,59.85,46600
MOSY,20111205,3.14,3.14,3,3.1,428900
MPAA,20111205,7.4,7.42,7.21,7.25,57300
MPB,20111205,8.09,8.09,8.09,8.09,600
MPEL,20111205,10.25,10.39,10.01,10.15,7265900
MPET,20111205,1.13,1.13,1.09,1.1,111000
MPWR,20111205,12.88,13.28,12.65,13.18,321900
MRCY,20111205,13.53,13.84,13.09,13.22,134300
MRLN,20111205,12.85,12.85,12.56,12.8,13200
MRTN,20111205,12.6067,12.7933,12.4467,12.6667,104800
MRVL,20111205,14.04,14.12,13.74,13.78,10821000
MSBF,20111205,5.06,5.06,5.06,5.06,0
MSCC,20111205,18.19,18.36,17.88,18.19,631000
MSEX,20111205,18.64,18.64,18.18,18.46,70200
MSFG,20111205,8.36,8.93,8.16,8.92,75800
MSFT,20111205,25.79,25.8,25.5,25.7,56818300
MSON,20111205,1.98,2.02,1.88,2.02,1100
MSTR,20111205,123.82,130.95,122.2,125.85,212400
MTEX,20111205,5.2,5.7,5.2,5.5,13200
MTGE,20111205,17.82,17.82,17.46,17.58,87600
MTRX,20111205,9.24,9.33,9.05,9.1,149900
MTSC,20111205,40.26,40.67,39.94,40.47,79100
MTSL,20111205,1.2,1.26,1.2,1.22,27900
MU,20111205,5.87,5.89,5.68,5.73,26033600
MVIS,20111205,3.6,3.76,3.52,3.6,971400
MXIM,20111205,26.1,26.25,25.75,25.83,1620100
MXWL,20111205,17.42,17.76,17,17.25,433100
MYGN,20111205,21.54,21.62,21.25,21.38,440700
MYL,20111205,19.84,20.35,19.78,19.99,5221400
MYRG,20111205,17.76,18,17.39,17.86,143800
NAII,20111205,9.22,9.37,6.76,7.31,155400
NANO,20111205,17.46,17.54,16.99,17.29,188000
NATH,20111205,19.25,19.25,19.08,19.08,4600
NATI,20111205,26.57,27.11,26.44,26.67,226400
NATL,20111205,24.13,24.45,23.81,24.4,18000
NATR,20111205,17.06,17.06,16.48,16.75,40900
NAUH,20111205,7.09,7.09,6.96,7,16400
NAVG,20111205,45.97,46.96,45.77,46.38,45600
NBIX,20111205,6.96,7.08,6.84,7,395500
NBN,20111205,11.38,11.39,11.38,11.39,200
NBTB,20111205,21.39,21.83,21.36,21.75,100200
NCIT,20111205,11.72,12.07,11.39,12.02,25300
NCMI,20111205,13.16,13.69,13.13,13.53,244200
NCTY,20111205,7,7.53,7,7.31,135200
NDAQ,20111205,26.39,26.5,25.94,26.2,1557800
NDSN,20111205,47.94,48.57,47.27,47.96,244100
NEOG,20111205,23.9333,24.1933,23.74,24.02,132900
NEPT,20111205,2.92,2.95,2.84,2.95,43700
NEWS,20111205,9.71,9.94,9.64,9.9,115200
NEWT,20111205,5.55,5.7,5.55,5.7,2200
NFBK,20111205,14.4,14.47,14.15,14.3,49000
NFEC,20111205,0.53,0.64,0.53,0.59,15700
NFLX,20111205,9.5643,10.2729,9.3286,10.0171,9700700
NICE,20111205,34.72,34.98,34.45,34.66,108200
NICK,20111205,11.9,12,11.64,11.97,25500
NIHD,20111205,22.89,22.97,22.29,22.4,2778400
NILE,20111205,39.42,39.72,38.24,38.76,165100
NKSH,20111205,27.15,27.48,26.86,27.48,12800
NKTR,20111205,5,5.19,4.9,5.19,1082600
NLNK,20111205,7.03,7.26,7,7.01,45500
NLST,20111205,2.94,3.19,2.84,3.17,2623000
NMRX,20111205,8.04,8.06,7.7,8.04,21600
NNBR,20111205,6.35,6.44,6.1,6.2,143500
NRIM,20111205,18.1,18.1,18.1,18.1,100
NSEC,20111205,8.85,8.85,8.85,8.85,0
NSIT,20111205,15.27,15.49,15.07,15.18,259600
NSSC,20111205,2.34,2.34,2.19,2.19,14800
NSYS,20111205,3.01,3.01,3.01,3.01,0
NTAP,20111205,37.44,38.25,37.14,37.54,5564800
NTCT,20111205,17.43,18.13,17.28,17.84,310300
NTES,20111205,46.94,47.68,46.27,46.8,476600
NTGR,20111205,37.67,38,36.7,37,551600
NTIC,20111205,13.45,13.45,12.79,13.03,5600
NTRI,20111205,12.05,12.19,11.85,11.96,234000
NTRS,20111205,38.86,39.49,38.59,39.39,2339500
NTWK,20111205,4.7,4.8,4.6,4.8,133000
NUAN,20111205,24.37,25.13,24.36,24.93,3898700
NURO,20111205,36.24,37.2,36,36,34600
NUTR,20111205,11.77,11.86,11.68,11.78,21000
NUVA,20111205,13.22,14.55,12.96,14.53,1251600
NVAX,20111205,1.49,1.52,1.45,1.46,514100
NVDA,20111205,15.98,16,15.35,15.48,16118100
NVEC,20111205,57.88,58.7,56.79,57.58,26400
NVGN,20111205,0.45,0.47,0.44,0.44,13100
NVLS,20111205,35.7,35.93,35.28,35.6,1356000
NVMI,20111205,6.64,6.75,6.49,6.52,191400
NWBI,20111205,12.47,12.5,12.3,12.4,703200
NWFL,20111205,24.4,24.4,24.23,24.23,700
NWLI,20111205,139.99,141.58,138.65,139.95,3400
NWPX,20111205,22.49,23.22,21.51,23.07,42300
NWS,20111205,18.32,18.39,18.01,18.15,2681200
NWSA,20111205,17.96,18,17.58,17.71,14712900
NXPI,20111205,17.68,17.92,17.5,17.74,1384400
NXST,20111205,8.07,8.07,7.81,7.93,47100
NXTM,20111205,19.38,19.98,19.18,19.43,267500
NYMT,20111205,6.88,6.91,6.8,6.9,148500
NYMX,20111205,8.19,8.19,8,8.08,65900
NYNY,20111205,3.3,3.3,3.05,3.15,60700
OBAS,20111205,7.5,7.5,6.8,7.5,5200
OBCI,20111205,2.07,2.13,2.02,2.1,6500
OCC,20111205,3.5,3.6,3.48,3.6,3500
OCFC,20111205,12.81,13,12.76,13,42700
OCLR,20111205,2.87,2.93,2.83,2.87,605800
OCLS,20111205,52.5,56.35,52.5,52.85,33400
ODFL,20111205,26.14,26.46,25.88,26.2533,315800
OFED,20111205,11.25,11.25,11.25,11.25,0
OFIX,20111205,32.62,34.49,32.53,34.38,147500
OFLX,20111205,13.61,13.75,13.01,13.67,7600
OGXI,20111205,11.15,11.25,10.86,11.16,17900
OIIM,20111205,4.43,4.67,4.42,4.45,308400
OKSB,20111205,4.88,5.02,4.8,5,92100
OLBK,20111205,8.12,8.13,7.75,7.96,40100
OMAB,20111205,13.78,13.89,13.26,13.37,82200
OMCL,20111205,16.36,17.35,16.36,16.91,192700
OMER,20111205,3.99,4.15,3.95,3.99,190100
OMEX,20111205,29.76,30.36,28.68,28.8,1085500
ONEQ,20111205,105.07,105.52,104.63,104.7,6300
ONVI,20111205,3,3,2.97,3,700
OPHC,20111205,20,22,17.6,22,1100
OPOF,20111205,9.7,9.7,9.7,9.7,0
OPTT,20111205,36.7,37.4,36.3,37.4,29200
OPXA,20111205,4.44,4.44,4.2,4.32,45100
OPXAW,20111205,0.28,0.28,0.28,0.28,2000
ORBC,20111205,3.23,3.29,3.17,3.26,155300
ORBK,20111205,10.49,10.49,10.29,10.45,35800
OREX,20111205,17.1,18.2,17,18,431000
ORIG,20111205,12.6,12.6,12.3,12.3,71400
ORIT,20111205,13.12,13.19,12.91,13.07,263800
ORLY,20111205,78.33,80.67,78.15,79.53,1288400
ORRF,20111205,8.25,8.47,8.08,8.37,54500
OSBC,20111205,1.3,1.39,1.25,1.26,37000
OSBCP,20111205,4.01,4.12,3.8,4.06,54800
OSHC,20111205,10.3,10.3,10.3,10.3,500
OSIR,20111205,4.76,5,4.75,4.91,79700
OSIS,20111205,47.98,48.25,47.46,47.85,59500
OSN,20111205,2.91,2.97,2.7,2.7,20600
OSTK,20111205,8.3,8.36,7.76,7.93,152700
OSUR,20111205,9.67,9.9,9.49,9.89,275800
OTEX,20111205,28.49,28.535,27.645,27.87,280700
OTIV,20111205,1.4,1.49,1.4,1.44,111100
OTTR,20111205,21.27,21.63,21.27,21.55,130200
OVBC,20111205,18.35,18.35,18.2,18.35,1000
OVLY,20111205,6.3,6.5,6.25,6.5,8400
OXLC,20111205,13.58,13.94,13.29,13.66,6400
OZRK,20111205,13.95,13.99,13.76,13.955,171200
PAAS,20111205,24.45,25.3,24.4,24.58,867800
PACB,20111205,2.75,2.78,2.52,2.58,255600
PACW,20111205,19.34,19.76,19.19,19.43,255700
PAGG,20111205,27.94,27.94,27.47,27.59,18300
PANL,20111205,42.81,43,41.77,42.44,1268700
PATK,20111205,2.2333,2.2667,1.9867,2.2533,62300
PAYX,20111205,29.71,29.95,29.46,29.7,2300900
PBCT,20111205,12.65,12.8,12.55,12.64,3458300
PBHC,20111205,9.87,9.9,9.87,9.9,1400
PBIB,20111205,2.32,2.63,2.23,2.48,10500
PBIP,20111205,4.95,4.99,4.9,4.9,6900
PBSK,20111205,10.97,10.97,10.76,10.85,6800
PCAR,20111205,41.1,41.14,40.19,40.54,3456700
PCBK,20111205,9.31,9.69,9.31,9.51,50500
PCH,20111205,31.11,31.17,29.61,30.25,1452800
PCLN,20111205,495.63,495.63,478.99,484.02,888000
PCO,20111205,2.59,2.7,2.59,2.68,275400
PCOM,20111205,9,9,8.42,8.6,39100
PCRX,20111205,7.82,8.4,7.82,8.37,184600
PCTI,20111205,6.9,6.98,6.77,6.85,17500
PCYO,20111205,2,2.02,1.85,1.96,10700
PDCO,20111205,30.58,30.77,30.2,30.39,559200
PDEX,20111205,2.43,2.43,2.28,2.34,2700
PDFS,20111205,6.31,6.45,6.23,6.35,87700
PDLI,20111205,6.39,6.4,6.33,6.37,1525800
PEBK,20111205,5.5,5.5,5.28,5.28,1300
PEBO,20111205,13.52,13.75,13.34,13.73,28400
PEGA,20111205,14.88,15.63,14.88,15.555,395400
PEIX,20111205,23.55,24.15,19.8,20.55,15328500
PENN,20111205,37.9,37.99,37.5,37.7,377400
PERF,20111205,19.63,19.63,19.13,19.13,200
PERI,20111205,3.8,3.8,3.51,3.65,62000
PERY,20111205,15.22,15.8,15.1,15.27,319000
PESI,20111205,8,8,7.6,7.65,44600
PETS,20111205,9.34,9.34,9.01,9.17,192500
PFBC,20111205,7.8,7.81,7.67,7.7,26200
PFBI,20111205,4.75,4.99,4.7,4.99,10400
PFBX,20111205,10.5,10.51,10.2,10.2,1600
PFIN,20111205,3.48,3.74,3.38,3.42,21200
PFLT,20111205,10.85,10.85,10.37,10.47,37800
PFSW,20111205,3.47,3.55,3.38,3.43,33500
PGC,20111205,10.32,10.35,10.12,10.12,4500
PGNX,20111205,7.14,7.14,6.87,7.01,163600
PGTI,20111205,1.25,1.3,1.21,1.28,17100
PHII,20111205,22.5,22.75,22.5,22.75,1300
PHIIK,20111205,24.23,24.65,23.96,24.35,44500
PHMD,20111205,77.55,77.55,77.25,77.25,1900
PICO,20111205,22.35,22.35,21.79,21.98,80300
PKBK,20111205,6.05,6.29,6.05,6.2,1400
PKOH,20111205,19.74,19.89,18.91,19.24,44200
PLAB,20111205,5.89,6.2,5.89,6.09,524100
PLBC,20111205,2.55,2.55,2.55,2.55,200
PLCE,20111205,54.39,54.7,54.07,54.45,498600
PLPC,20111205,52.16,54.02,52.16,54.02,10100
PLUG,20111205,2.31,2.34,2.21,2.23,82100
PLUS,20111205,27.68,28.52,27.68,28.38,10900
PLXS,20111205,27.18,27.25,26.68,27.08,244600
PMBC,20111205,3.21,3.23,3.2,3.2,8000
PMD,20111205,9.1,9.15,8.99,9.04,6000
PNBK,20111205,18.1,18.1,17.9,17.9,1100
PNFP,20111205,15.35,15.62,15.2,15.6,235600
PNNT,20111205,10.85,10.9,10.7,10.85,380000
PNQI,20111205,35.44,35.85,35.35,35.4,5800
PNRA,20111205,144.42,145.46,142.43,143.35,441600
PNRG,20111205,20.25,20.25,20.25,20.25,900
PNTR,20111205,3.65,3.65,3.62,3.62,900
PODD,20111205,18.89,19.1,18.53,18.75,320000
POOL,20111205,30.5,30.8,30.22,30.44,194800
POPE,20111205,43.01,43.5,43,43,2600
POWI,20111205,36.36,36.46,35.56,35.79,219900
POWL,20111205,31.18,31.42,30.56,31.15,30500
PPBI,20111205,6.53,6.53,6.25,6.26,4700
PPHM,20111205,0.95,1,0.91,1,486100
PRAA,20111205,23.0367,23.56,22.53,23.31,87400
PRAN,20111205,9.6,9.6,9.12,9.3,30200
PRCP,20111205,5.25,5.25,5.11,5.24,26700
PRFT,20111205,8.56,8.56,8.22,8.41,84600
PRFZ,20111205,60.58,61.16,60.22,60.5,34100
PRGS,20111205,20.96,21.49,20.94,21.08,503500
PRGX,20111205,5.83,5.83,5.59,5.77,70400
PRIM,20111205,14.23,14.79,14.09,14.78,483800
PRKR,20111205,9.8,9.9,9.6,9.8,17100
PRMW,20111205,2.97,3.05,2.8,3,418100
PROV,20111205,9.29,9.35,9.15,9.16,21400
PRPH,20111205,1.25,1.34,1.14,1.22,58700
PRSC,20111205,11.73,12.29,11.49,12.12,49800
PRTS,20111205,4.63,4.81,4.55,4.74,97300
PRXL,20111205,19.71,20.03,19.36,19.57,418400
PSAU,20111205,45.4,45.4,44.56,44.62,5500
PSCC,20111205,31.06,31.06,30.7,30.7,900
PSCD,20111205,27.22,27.33,27.05,27.21,7500
PSCE,20111205,35.52,35.94,35.32,35.59,6700
PSCF,20111205,26.42,26.61,26.29,26.31,2500
PSCH,20111205,31.33,31.49,31.07,31.21,5100
PSCI,20111205,27.61,27.65,27.34,27.37,1900
PSCM,20111205,26.34,26.46,26.09,26.15,500
PSCT,20111205,28.25,28.61,28.24,28.27,3800
PSCU,20111205,30.3,30.3,30.12,30.13,1600
PSDV,20111205,1.4,1.4,1.24,1.32,112900
PSEC,20111205,9.34,9.45,9.27,9.38,1102200
PSMT,20111205,69.62,71.55,69,71.55,245600
PSTB,20111205,3.72,3.85,3.72,3.85,67700
PSTI,20111205,2.58,2.62,2.56,2.57,79000
PTEN,20111205,21.85,22.27,21.14,21.35,4590100
PTIE,20111205,3.88,3.88,3.65,3.68,139200
PTNR,20111205,9.73,9.73,9.54,9.6,222500
PTSI,20111205,9.67,9.68,9.36,9.6,1500
PVTB,20111205,9.6,10,9.6,9.94,506000
PVTBP,20111205,25.95,26.1,25.86,26.01,7100
PWOD,20111205,38.04,38.56,36.6,37.6,9400
PXLW,20111205,1.86,1.93,1.76,1.9,62900
PZZA,20111205,18.84,18.84,18.06,18.5,291000
QABA,20111205,22.95,22.95,22.8,22.8,900
QADA,20111205,11.36,11.59,11.02,11.2,27600
QADB,20111205,11.2,11.2,10.57,10.8,4700
QBAK,20111205,10.8,10.86,10.8,10.8,2400
QCLN,20111205,10.62,10.62,10.51,10.51,8700
QCOM,20111205,55.17,55.18,53.69,54.49,14662200
QCRH,20111205,9.1,9.1,9.1,9.1,0
QDEL,20111205,17.77,17.92,17.44,17.64,143300
QGEN,20111205,14.8,15.09,14.75,14.98,1644800
QLTI,20111205,6.81,6.92,6.74,6.87,94100
QNST,20111205,9.29,9.59,9.25,9.58,261500
QQEW,20111205,23.82,23.9,23.61,23.72,23000
QQQ,20111205,57.5,57.62,56.92,57.24,40501800
QQQX,20111205,13.66,13.7,13.54,13.59,34700
QQXT,20111205,21.38,21.5,21.33,21.37,2700
QSII,20111205,35.85,37.12,35.51,37.05,473300
QTEC,20111205,24.87,25.16,24.85,24.98,14600
QUIK,20111205,2.8,2.84,2.65,2.67,127600
RADA,20111205,3.1,3.6,3.1,3.52,21400
RAIL,20111205,22.6,22.86,21.98,22.36,66400
RAND,20111205,3.12,3.12,3.12,3.12,0
RAVN,20111205,30.16,30.715,29.785,30.045,65500
RBCAA,20111205,21.44,21.59,21.16,21.46,29900
RBCN,20111205,9.16,9.99,9.16,9.87,490000
RBPAA,20111205,1.15,1.15,1.12,1.15,3200
RCII,20111205,36.62,36.67,36.2,36.47,502700
RCKY,20111205,9.5,9.5,9.3,9.33,18900
RCMT,20111205,5.1,5.2,5.03,5.19,26700
RCON,20111205,0.38,0.65,0.36,0.48,24400
RDCM,20111205,3.54,3.86,3.54,3.71,4600
RDI,20111205,4.2,4.3,4.2,4.3,5300
RDNT,20111205,2.32,2.4,2.26,2.4,97200
RDWR,20111205,13.565,13.8,13.485,13.765,144100
RECN,20111205,10.71,10.99,10.63,10.88,168100
REFR,20111205,3.66,3.88,3.53,3.74,25800
REGN,20111205,54,56.06,53.31,55.06,2057000
REIS,20111205,8.8,9.09,8.79,9,3600
RELL,20111205,12.35,12.35,12.02,12.11,68500
RELV,20111205,9.8,9.8,8.96,8.96,9100
REXX,20111205,15.64,15.89,15.45,15.64,631700
RFIL,20111205,3.49,3.49,3.41,3.41,4300
RGCO,20111205,18.04,18.24,17.98,17.98,3100
RGEN,20111205,3.3,3.35,3.26,3.31,9400
RGLD,20111205,79.91,80.8,78.22,78.9,688300
RICK,20111205,7.92,7.92,7.75,7.87,13500
RIGL,20111205,7.94,7.94,7.55,7.66,309500
RLOG,20111205,6.42,6.65,6.42,6.63,2400
RMBS,20111205,7.94,7.96,7.79,7.86,1551500
RMCF,20111205,8.46,8.73,8.46,8.73,10400
RMTI,20111205,7.39,7.5,7.24,7.39,58100
RNET,20111205,16.24,16.85,16.24,16.72,32200
RNST,20111205,14.9,15,14.62,14.98,67800
RNWK,20111205,7.83,7.9,7.66,7.81,103200
ROCK,20111205,14.24,14.58,13.65,13.76,211300
ROIA,20111205,1.1,1.1,1.01,1.08,8000
ROIAK,20111205,1.1,1.13,1.09,1.13,171200
ROIC,20111205,11.17,11.27,11.1,11.17,469500
ROLL,20111205,42.65,43.18,41.65,42.27,76100
ROSG,20111205,4.2,4.95,4.05,4.05,144300
ROST,20111205,23.4325,23.4475,23.2025,23.33,944600
RP,20111205,25.22,26.1,25.15,25.76,215600
RPRX,20111205,5.01,5.48,4.96,5.1,163400
RPXC,20111205,13.63,13.82,13.25,13.47,120000
RRGB,20111205,28.61,28.74,27.59,27.88,244500
RSYS,20111205,4.36,4.39,4.18,4.29,90200
RTIX,20111205,4.37,4.42,4.3,4.42,329300
RUSHA,20111205,19.57,20.05,19.45,19.86,196000
RUSHB,20111205,16.04,16.14,15.88,16.14,700
RUTH,20111205,4.88,4.95,4.76,4.89,126600
RVSB,20111205,2.19,2.19,2.06,2.15,12200
RYAAY,20111205,30.01,30.84,30,30.75,264000
SAAS,20111205,4.46,4.8,4.4,4.73,479100
SAFM,20111205,50.86,51.53,50.77,51.14,477300
SAFT,20111205,41.1,41.1,40.2,40.51,67100
SAIA,20111205,8.1267,8.3133,7.98,8.1,142700
SALM,20111205,2.45,2.5,2.36,2.4,6800
SANM,20111205,8.87,9,8.78,8.9,1099800
SANW,20111205,4.8,4.92,4.57,4.8,1700
SASR,20111205,17.52,17.95,17.47,17.84,57900
SATS,20111205,23.43,23.74,23.25,23.45,225700
SAVE,20111205,16.49,16.99,16.01,16.18,255300
SBAC,20111205,41.67,41.78,41.11,41.24,903700
SBBX,20111205,4.96,4.96,4.96,4.96,0
SBCF,20111205,7.3,7.35,6.9,7.25,254600
SBGI,20111205,10.56,10.7,10.36,10.67,454300
SBLK,20111205,84.75,85.5,82.5,84,260900
SBNY,20111205,59.55,59.89,58.66,59.05,499500
SBNYW,20111205,34.5,34.5,34.5,34.5,0
SBRA,20111205,10.47,10.77,10.38,10.75,410200
SBSA,20111205,2.48,2.48,2.3,2.31,14700
SBSI,20111205,20.3238,21.4095,20.3238,21.1619,103900
SBUX,20111205,22.125,22.17,22,22.1,6950800
SCHL,20111205,27.5,27.78,27,27.24,90000
SCHN,20111205,48.47,49.24,47.4,48.15,341200
SCKT,20111205,2.09,2.2,2.09,2.18,3300
SCLN,20111205,4.53,4.56,4.46,4.53,136100
SCMP,20111205,3.78,4.02,3.75,4.02,19700
SCON,20111205,261,270,250.2,255.6,64000
SCOR,20111205,20.11,20.42,19.58,19.75,379200
SCSC,20111205,34.78,35.78,34.59,35.18,96700
SCSS,20111205,20.12,21.14,20.01,20.63,1056300
SCVL,20111205,15.84,15.9267,15.4333,15.7733,44800
SEAC,20111205,7.37,7.88,7.37,7.59,94800
SEED,20111205,2.63,2.63,2.52,2.52,27800
SEIC,20111205,16.93,17.05,16.6,16.74,1290500
SENEA,20111205,22.09,22.72,22.09,22.72,16600
SENEB,20111205,21.25,21.25,21.25,21.25,0
SEV,20111205,5.75,5.78,4.61,5.75,10600
SFLY,20111205,28.54,28.87,27.5,28.17,2659400
SFNC,20111205,26.23,26.97,26.02,26.85,36600
SFST,20111205,7.25,7.25,7.25,7.25,100
SGC,20111205,12.74,12.84,12.49,12.82,5500
SGEN,20111205,16.75,16.85,16.51,16.71,938500
SGMA,20111205,3.86,3.86,3.86,3.86,0
SGMO,20111205,3.02,3.06,2.9,2.94,241500
SGMS,20111205,8.66,8.67,8.33,8.41,470300
SGOC,20111205,7.6,7.68,6.6,6.64,7700
SGRP,20111205,1.07,1.1,1.01,1.01,11000
SGYPU,20111205,8.15,8.15,8.02,8.03,11300
SHBI,20111205,5.61,5.78,5.3,5.5,26600
SHEN,20111205,5.455,5.5,5.285,5.44,49200
SHIP,20111205,13.25,14.45,13.25,13.8,10900
SHLD,20111205,59.07,59.94,58.31,59.3,398600
SHLM,20111205,21.33,21.51,20.97,21.19,129400
SHLO,20111205,8.04,8.67,7.92,8.51,10400
SHOO,20111205,24.3733,24.4,24.12,24.34,367500
SHOR,20111205,6.15,6.37,6.15,6.21,193500
SIEB,20111205,1.6,1.6,1.6,1.6,0
SIFI,20111205,9.3,9.34,9.26,9.34,8400
SIFY,20111205,4.43,4.57,4.41,4.46,405400
SIGI,20111205,16.51,16.76,16.18,16.61,238100
SIGM,20111205,6.64,6.75,6.59,6.66,274100
SILC,20111205,17.94,18,17.61,17.98,4900
SIMO,20111205,19.48,19.5,18.04,18.93,641400
SINA,20111205,69.02,69.95,65.3,66.35,3918900
SINO,20111205,2.28,2.31,2.2,2.31,6200
SIRI,20111205,1.87,1.88,1.8,1.81,40136500
SIVB,20111205,47.05,47.96,46.46,47.4,341100
SIVBO,20111205,25,25,24.99,25,3200
SKYW,20111205,12.17,12.35,12.01,12.18,199200
SKYY,20111205,18.54,18.73,18.5,18.55,26600
SLAB,20111205,43.05,43.31,42.26,42.72,227100
SLGN,20111205,39.01,39.49,38.66,38.69,208800
SLMAP,20111205,39.92,40.62,39.92,40.55,2900
SLP,20111205,3.07,3.11,3.02,3.04,16500
SLRC,20111205,23.38,23.5,23.2,23.41,374600
SMBC,20111205,10.73,10.99,10.73,10.99,6100
SMCI,20111205,14.08,14.33,13.93,14.24,135600
SMED,20111205,4.1,4.15,3.99,4.09,35700
SMIT,20111205,3.33,3.51,3.33,3.33,300
SMMF,20111205,2.68,3.35,2.45,3.18,10600
SMRT,20111205,6.59,6.68,6.45,6.6,123200
SMSI,20111205,4.2,4.56,4.2,4.36,715900
SMTC,20111205,24.57,24.57,23.65,23.84,500200
SMTX,20111205,2.55,2.78,2.44,2.53,128300
SNAK,20111205,4.01,4.01,3.92,4,9600
SNBC,20111205,12.25,12.5,11.85,12.35,162500
SNCR,20111205,29.97,31.18,29.7,30.56,397900
SNFCA,20111205,1.37,1.37,1.37,1.37,0
SNHY,20111205,24.41,24.41,23.78,24.3,82200
SNMX,20111205,4.06,4.2,3.96,4.03,100700
SNPS,20111205,27.65,27.92,27.52,27.62,1331100
SNSS,20111205,7.5,7.5,7.32,7.5,78500
SOCL,20111205,14.09,14.09,13.88,13.88,3700
SODA,20111205,30.9,33.24,30.7,33.13,1436200
SOFO,20111205,8.5,9.28,8.21,8.56,9700
SOHU,20111205,52.16,54.55,51.6,52.62,1766100
SONA,20111205,6.15,6.16,6.14,6.15,12200
SONC,20111205,7.46,7.51,7.38,7.45,313300
SONS,20111205,12.9,13.3,12.5,13.3,2444800
SORL,20111205,2.74,2.89,2.74,2.84,77100
SOXX,20111205,51.42,51.88,51.08,51.3,80200
SPAN,20111205,14.44,14.44,14.44,14.44,200
SPAR,20111205,4.97,5.01,4.85,5,94700
SPEX,20111205,505.4,528.2,475,475,86700
SPIL,20111205,4.62,4.64,4.53,4.58,1977500
SPLS,20111205,15.17,15.19,14.49,15.13,12201900
SPNC,20111205,7.4,7.55,7.21,7.35,184800
SPNS,20111205,3.32,3.35,3.29,3.35,7300
SPPI,20111205,14.49,14.99,14.43,14.82,1707900
SPRT,20111205,2.2,2.21,2.09,2.14,140700
SPSC,20111205,23.9,23.99,22.51,23.3,112100
SPTN,20111205,18.33,18.33,17.75,17.97,91400
SPU,20111205,1.99,1.99,1.85,1.91,23000
SPWR,20111205,7.64,7.64,7.2,7.27,671300
SQQQ,20111205,296.64,305.76,294.4,300.64,1901900
SRCE,20111205,25.11,25.4,24.43,25.09,32000
SRCL,20111205,80.76,81.45,80.31,80.77,467600
SRDX,20111205,12.38,12.39,12.15,12.38,55000
SREV,20111205,13.63,14.61,13.6,14.48,1058200
SSBI,20111205,5.7,5.7,5.69,5.7,600
SSFN,20111205,5.41,5.49,5.36,5.49,1200
SSNC,20111205,16.06,16.23,15.85,16.12,136500
SSRI,20111205,14.25,14.64,13.75,13.82,1240700
SSYS,20111205,31.49,32.21,30.72,31.84,274100
STAA,20111205,9.99,10.79,9.79,10.77,739900
STB,20111205,6.21,6.34,6.2,6.26,78000
STBA,20111205,18.28,18.48,18.12,18.41,93600
STBZ,20111205,15.35,15.35,15.12,15.3,160100
STEM,20111205,21.84,22.08,21.12,21.84,29100
STFC,20111205,11.99,12.26,11.65,12.13,41900
STKL,20111205,4.88,4.94,4.78,4.81,61900
STLD,20111205,13.72,13.9,13.27,13.57,4238200
STLY,20111205,3.1,3.14,2.88,3.06,21500
STMP,20111205,26.77,26.98,24.8,25.93,639000
STPP,20111205,42.62,42.62,42.62,42.62,0
STRA,20111205,98.91,99.37,96.79,98.85,139900
STRL,20111205,12.14,12.28,11.84,11.96,67200
STRM,20111205,1.61,1.74,1.59,1.6,17900
STRS,20111205,7.79,7.95,7.79,7.79,400
STRT,20111205,21.94,21.94,20.33,21.03,11600
STX,20111205,16.47,16.71,16.34,16.58,10409100
SUMR,20111205,6.99,7.21,6.99,7.18,69700
SUNS,20111205,15.99,15.99,15.75,15.99,48600
SVA,20111205,2.53,2.87,2.53,2.81,330400
SVBI,20111205,2.45,2.5,2.31,2.33,12200
SVVC,20111205,14.27,14.4,14.27,14.37,3100
SWHC,20111205,3.01,3.02,2.94,3,273900
SWIR,20111205,6.97,6.99,6.77,6.84,61400
SWKS,20111205,16.66,16.82,16.25,16.38,4669600
SYBT,20111205,14.04,14.1933,13.8667,14.0667,35800
SYKE,20111205,16.63,16.63,16.18,16.29,262500
SYMC,20111205,16.39,16.73,16.27,16.52,7282100
SYMX,20111205,1.43,1.49,1.43,1.44,23700
SYNA,20111205,32.92,32.98,32,32.34,342600
SYNL,20111205,9.74,10.49,9.74,10.23,15300
SYNT,20111205,24,24.56,23.85,24.215,128400
SYPR,20111205,3.98,4.25,3.91,4.08,23000
SYUT,20111205,5.2,5.22,4.97,5.02,96900
TACT,20111205,6.55,6.92,6.41,6.9,38900
TAIT,20111205,0.87,0.89,0.87,0.87,55300
TASR,20111205,6.23,6.23,6.09,6.15,361300
TAST,20111205,10.55,10.77,10.47,10.6,52200
TATT,20111205,4.43,4.6,4.4,4.43,1300
TAYD,20111205,7.04,7.24,7.04,7.12,2800
TBBK,20111205,7.95,8.1,7.82,8.01,90300
TBNK,20111205,19.68,19.85,19.5,19.74,27300
TCBI,20111205,29.4,30.2,29.28,29.86,530500
TCBIW,20111205,17.22,17.74,17.22,17.74,400
TCBK,20111205,14.92,14.99,14.29,14.95,44500
TCCO,20111205,8,8,7.6,7.76,4700
TCRD,20111205,12.12,12.25,11.99,12.19,56600
TCX,20111205,2.96,3.04,2.96,3.04,10200
TEAR,20111205,1.5,2.25,1.16,1.25,1421000
TECD,20111205,50.81,51.43,50.33,50.66,401600
TECH,20111205,66.68,67.41,65.82,66.52,62800
TESO,20111205,13.32,13.61,12.95,13.47,269300
TESS,20111205,13.67,13.88,13.66,13.78,20400
TFSL,20111205,9.69,9.69,9.38,9.39,545300
TGA,20111205,8.52,8.53,8.16,8.26,117900
THFF,20111205,33.71,33.9,33.15,33.65,45100
THLD,20111205,1.5,1.54,1.43,1.53,134400
TICC,20111205,9.01,9.15,9,9.1,238000
TINY,20111205,3.59,3.65,3.55,3.62,159700
TISA,20111205,2.1,2.15,1.96,2.02,54100
TITN,20111205,22.81,23.5,22.5,23.13,372000
TIVO,20111205,9.92,10.05,9.74,10.05,2739300
TLF,20111205,4.87,4.95,4.87,4.87,300
TLT,20111205,116.93,118.83,116.88,118.4,6953100
TNAV,20111205,8.96,9.14,8.29,8.36,111100
TNDM,20111205,11.01,11.12,10.39,10.58,224400
TNGO,20111205,13.76,14.4,13.68,14.21,173300
TOPS,20111205,175.7,183.4,175.7,178.5,17300
TORM,20111205,13.51,15.4,13.51,14.37,11300
TOWN,20111205,12.49,12.93,12.49,12.74,80300
TQQQ,20111205,18.54,18.665,18,18.2775,986100
TREE,20111205,5.5,5.81,5.43,5.8,49500
TRIB,20111205,10.14,10.33,10.1,10.33,60200
TRMB,20111205,22.18,22.5,21.84,22.08,496400
TRMK,20111205,22.94,23.09,22.6,22.92,335800
TRNS,20111205,11.38,11.57,10.92,10.92,5600
TROW,20111205,58.83,59.32,57.44,58.01,2516100
TRS,20111205,20.08,20.28,19.48,19.68,194200
TRST,20111205,5.27,5.36,5.25,5.32,300200
TSBK,20111205,3.72,3.99,3.69,3.99,3100
TSCO,20111205,36.565,37.32,36.285,36.99,660300
TSEM,20111205,10.2,10.35,10.2,10.2,153700
TSLA,20111205,33.53,35,33.43,34.42,1160000
TSRA,20111205,16.57,17.28,16.51,17.15,468600
TSRI,20111205,4.26,4.26,4.26,4.26,400
TST,20111205,1.68,1.7,1.63,1.66,19600
TTEC,20111205,17.93,18,17.36,17.4,374400
TTEK,20111205,22.3,22.31,21.89,22.11,310800
TTGT,20111205,6.22,6.45,6.07,6.39,100800
TTMI,20111205,11.36,11.45,11.21,11.41,433400
TTWO,20111205,14.18,14.27,13.9,14.13,2809400
TUES,20111205,3.34,3.35,3.28,3.3,177600
TWER,20111205,49,50.2,46,47.4,574200
TWIN,20111205,40.98,41.17,39.8,40.33,100500
TWMC,20111205,2.26,2.3,2.12,2.3,8400
TXN,20111205,30.41,30.67,30.05,30.23,8738000
TXRH,20111205,14.22,14.61,14.18,14.56,1458000
TYPE,20111205,15.04,15.23,14.7,14.9,171700
TZOO,20111205,27.86,28,26.68,27,441800
UBCP,20111205,8.37,8.65,8.21,8.56,6300
UBFO,20111205,2.25,2.35,2.25,2.32,3400
UBNK,20111205,16.26,16.9,16.25,16.77,31200
UBNT,20111205,20.48,20.65,19.75,19.93,75300
UBOH,20111205,7.46,7.58,7.26,7.26,1600
UBSH,20111205,13.14,13.25,12.79,13.08,66000
UBSI,20111205,28.23,28.6,28.01,28.25,442400
UCBA,20111205,6,6,5.75,5.83,500
UCBI,20111205,7.15,7.31,7.06,7.22,178700
UCFC,20111205,1,1.06,1,1.02,20400
UCTT,20111205,6.11,6.11,5.78,5.92,94000
UEIC,20111205,16.03,17,15.83,16.09,80300
UEPS,20111205,7.1,7.12,6.89,6.98,93200
UFCS,20111205,20.06,20.42,19.72,20.23,51000
UFPI,20111205,28.71,29.2,27.9,28.69,70900
UFPT,20111205,15.48,15.5,15.25,15.5,4000
UG,20111205,14.95,14.95,14.65,14.8,500
UHAL,20111205,80.4,80.4,78.69,79.42,42600
ULBI,20111205,4.64,4.66,4.55,4.64,11900
ULTA,20111205,75.29,75.7,72.5,73.9,1325300
ULTI,20111205,67.12,71.97,66.72,68.69,874600
UMBF,20111205,36.19,36.62,35.89,36.27,123100
UMPQ,20111205,12.66,12.76,12.49,12.63,988800
UNAM,20111205,11.6,11.6,11.6,11.6,100
UNB,20111205,18.82,18.82,18.82,18.82,100
UNFI,20111205,38.21,38.26,37.51,37.85,317200
UNIS,20111205,39.5,39.5,37.6,38.1,195200
UNTY,20111205,6.39,6.4,6.28,6.37,20900
UNXL,20111205,5.66,6,5.66,5.93,33800
URBN,20111205,27.56,27.72,27.18,27.7,3303100
URRE,20111205,112.8,117.6,110.4,112.8,640300
USAK,20111205,9.15,9.19,8.85,9,5400
USAP,20111205,37.5,38.43,36.09,36.87,50700
USAT,20111205,1.07,1.23,1.06,1.11,285400
USATP,20111205,16.8,16.8,16.8,16.8,0
USCR,20111205,2.84,2.9,2.82,2.82,6900
USEG,20111205,16.5,18,16.5,17.34,206500
USLM,20111205,54.78,58.24,54.76,57.9,8300
UTEK,20111205,23.96,24.38,23.79,24.02,186200
UTHR,20111205,42.24,42.6,41.69,42.15,1498700
UTMD,20111205,26.32,26.44,26.32,26.44,600
UTSI,20111205,3.99,4.17,3.75,4.17,1873400
UVSP,20111205,15.14,15.14,14.67,14.87,85900
VALU,20111205,12,12.49,11.97,12.49,2700
VASC,20111205,11.22,11.53,11.15,11.25,74700
VBFC,20111205,24,27.2,24,25.6,1500
VCIT,20111205,81.11,81.5,81.11,81.46,88400
VCLT,20111205,84.54,84.95,83.95,84.73,83400
VCSH,20111205,77.49,77.53,77.44,77.49,124600
VDSI,20111205,8.29,8.44,7.94,8.05,446800
VECO,20111205,26.07,26.4,25.63,26.24,912600
VGIT,20111205,65.15,65.28,65,65.22,17200
VGLT,20111205,73,73.81,73,73.57,25700
VGSH,20111205,61.04,61.07,61.02,61.07,13800
VIA,20111205,51.32,51.8,48.34,49.85,25500
VIAB,20111205,43.36,43.64,41.72,42.13,6007200
VICL,20111205,47.8,48.2,46,46.3,1321000
VICR,20111205,8.04,8.35,7.64,8.24,112600
VIRC,20111205,1.6,1.68,1.57,1.57,6500
VISN,20111205,27.2,29,25.2,25.6,483200
VIVO,20111205,18.77,18.89,18.32,18.75,251300
VLGEA,20111205,30,30.33,29.48,30.04,25000
VMBS,20111205,51.85,51.87,51.73,51.84,11000
VNDA,20111205,4.87,4.87,4.75,4.84,150700
VNET,20111205,9.6,9.78,9.56,9.65,154500
VNQI,20111205,44,44.21,43.7,43.92,38700
VOD,20111205,27.33,27.36,27.01,27.11,7272300
VONE,20111205,57.96,58.05,57.32,57.58,15400
VONG,20111205,60.34,60.64,60.25,60.35,5900
VONV,20111205,55.32,55.53,54.95,55.08,6100
VOXX,20111205,7.22,7.38,7.14,7.23,85300
VRA,20111205,38.19,38.7,36.62,37.24,728500
VRML,20111205,1.31,1.32,1.22,1.28,120600
VRNT,20111205,28.39,28.65,27.8,27.99,183800
VRSK,20111205,39.63,39.75,38.49,38.74,1411800
VRSN,20111205,34.19,34.33,33.62,33.7,1547500
VRTB,20111205,5,5,4.8,4.8,200
VRTS,20111205,74.79,75.52,73.14,74.12,33900
VRTU,20111205,15.58,16,15.52,15.71,67200
VRTX,20111205,29.45,29.75,28.57,29.6,3996400
VSAT,20111205,48.22,48.28,47.29,47.91,165000
VSEC,20111205,12.805,12.895,12.64,12.75,12100
VTHR,20111205,57.62,57.65,57.27,57.53,1900
VTWG,20111205,62.19,62.6,61.9,62.09,16100
VTWO,20111205,59.69,59.98,59.12,59.41,72700
VTWV,20111205,55.94,55.94,55.94,55.94,0
VVUS,20111205,10.7,10.79,10.57,10.69,1420800
VXUS,20111205,43.8,43.96,43.37,43.63,58200
WABC,20111205,42.82,43.69,42.25,42.72,309400
WAFD,20111205,13.34,13.36,13.14,13.33,759500
WASH,20111205,24.16,24.34,23.85,24.21,28000
WAYN,20111205,7.87,7.87,7.29,7.29,4100
WBKC,20111205,14.25,14.25,14.25,14.25,200
WBMD,20111205,35.61,35.94,35.24,35.51,704700
WDC,20111205,32.06,32.6,31.78,32.01,8272100
WDFC,20111205,40.44,40.77,39.62,39.91,68100
WERN,20111205,24.15,24.77,24.06,24.39,842100
WETF,20111205,6.61,6.65,6.36,6.4,180800
WEYS,20111205,24.54,24.88,24.12,24.84,11600
WFM,20111205,34.705,34.83,34.335,34.66,937900
WIFI,20111205,8.51,8.7,8.4,8.5,126500
WILC,20111205,4.5,4.5,4.4,4.4,33200
WILN,20111205,5.52,5.52,5.4,5.43,38900
WIN,20111205,11.94,12.05,11.86,11.92,7167000
WINA,20111205,54.34,54.34,53.22,53.97,5100
WIRE,20111205,26.61,27.48,26.43,26.95,176800
WLB,20111205,10.46,10.46,9.94,10.12,21700
WLDN,20111205,4.01,4.1,4.01,4.04,1500
WLFC,20111205,11.37,11.46,11.26,11.41,5800
WMAR,20111205,9.84,9.99,9.63,9.96,38400
WMGI,20111205,15,15.14,14.79,15,475800
WOOD,20111205,37.61,37.64,37.21,37.31,35200
WOOF,20111205,20.14,20.34,20,20.23,380700
WPCS,20111205,304.92,304.92,280.28,280.28,15400
WPPGY,20111205,53.09,53.22,52.07,52.44,32900
WPRT,20111205,30.39,30.47,28.56,29.88,821100
WRLD,20111205,69.48,69.48,68.26,69.05,76600
WSBC,20111205,20.02,20.38,19.77,20.1,84900
WSBF,20111205,2.23,2.5,2.23,2.5,13900
WSCI,20111205,5.05,5.1,5.01,5.1,11100
WSFS,20111205,12.21,12.4733,12.0933,12.3633,28900
WSTG,20111205,12.11,12.22,11.99,11.99,3700
WSTL,20111205,2.1,2.14,2.05,2.1,196200
WTBA,20111205,9.55,9.79,9.45,9.72,36100
WTFC,20111205,28.91,29.09,28.17,28.61,422000
WTFCW,20111205,13.8,13.8,13.8,13.8,100
WVFC,20111205,8.89,10.14,8.89,9.81,5700
WVVI,20111205,3,3.13,3,3.04,2400
WWD,20111205,41.04,41.38,40.5,41,382400
WYNN,20111205,120.58,120.92,116.03,117.63,2442800
XBKS,20111205,3.5,3.54,3.5,3.5,2500
XLNX,20111205,33.47,33.75,33.16,33.36,5571900
XOMA,20111205,31,32,30.2,30.4,221900
XRAY,20111205,36.03,36.3,35.65,35.92,1312100
XXIA,20111205,11.75,11.83,11.5,11.65,277800
YHOO,20111205,16.11,16.14,15.83,15.89,19896400
YNDX,20111205,21.99,22.07,21.18,21.48,604800
YORW,20111205,17.78,17.9,17.62,17.84,27800
Z,20111205,22.38,23.26,22.02,23.08,122400
ZAGG,20111205,11.26,11.6,11.16,11.56,580400
ZBRA,20111205,38.35,38.48,37.84,37.95,185600
ZEUS,20111205,24.5,25.33,24.42,25.26,138700
ZGNX,20111205,14.72,14.96,13.36,13.84,189100
ZION,20111205,16.61,16.99,16.49,16.84,3461600
ZIONW,20111205,3.5,3.5,3.3,3.5,2700
ZIOP,20111205,4.94,4.99,4.85,4.94,326900
ZIXI,20111205,2.7,2.83,2.68,2.75,261400
ZLTQ,20111205,14.06,14.14,13.77,13.8,36800
ZN,20111205,2.65,2.65,2.51,2.61,132400
ZUMZ,20111205,29.22,30.02,28.99,29.24,1040300
