<ticker>,<date>,<open>,<high>,<low>,<close>,<vol>
AAME,20120206,2.05,2.05,2.05,2.05,0
AAON,20120206,9.6889,9.7067,9.4445,9.5245,33700
AAPL,20120206,65.4829,66.4257,65.4571,66.2814,8917200
AAWW,20120206,50.31,51.47,50.01,51.34,180300
AAXJ,20120206,56.45,56.66,56.32,56.6,256200
ABAX,20120206,28.34,28.8,28.28,28.8,44900
ABCB,20120206,11.37,11.42,11.21,11.27,23300
ABCD,20120206,3.26,3.3,3.23,3.29,13300
ABCO,20120206,37.7,37.98,36.595,36.99,110700
ABIO,20120206,42.42,45.36,42,42.84,434500
ABMD,20120206,21.04,23.23,21.04,22.75,982900
ABTL,20120206,4.5,4.75,4.5,4.6,195600
ACAD,20120206,1.79,1.84,1.76,1.83,546300
ACAS,20120206,8.47,8.52,8.41,8.48,1901600
ACAT,20120206,34.37,34.39,33.01,33.82,227800
ACET,20120206,7.67,7.73,7.49,7.57,104400
ACFC,20120206,2.38,2.5,2.31,2.41,2600
ACGL,20120206,36.96,37.29,36.84,37.27,461400
ACHC,20120206,12.47,13,12.45,12.77,96300
ACHN,20120206,11.5,11.82,11.45,11.57,613400
ACIW,20120206,11.68,12.1767,11.5067,11.8533,929100
ACLS,20120206,7.16,7.4,7,7.28,798200
ACNB,20120206,14.15,14.15,14,14,3900
ACOR,20120206,26.37,27.61,26.17,27.25,1017700
ACPW,20120206,4.8,4.85,4.6,4.7,203800
ACRX,20120206,3.52,3.52,3.18,3.25,14600
ACTG,20120206,43.28,43.56,42.24,43.17,238200
ACTS,20120206,1.82,1.83,1.8,1.81,16000
ACUR,20120206,3.55,3.55,3.28,3.41,28700
ACWI,20120206,45.56,45.71,45.46,45.71,629900
ACWX,20120206,40.05,40.28,40,40.21,199600
ACXM,20120206,13.69,13.83,13.63,13.68,204300
ADBE,20120206,31.61,32.35,31.52,31.85,4536200
ADES,20120206,10.56,10.68,10.45,10.54,39200
ADI,20120206,39.85,39.86,39.45,39.57,3152800
ADP,20120206,48.4196,48.5776,48.2089,48.4022,2251200
ADRA,20120206,25.35,25.54,25.24,25.5,2200
ADRD,20120206,20.08,20.23,20.04,20.2,8600
ADRE,20120206,43.35,43.7,43.32,43.64,46100
ADRU,20120206,19.78,19.95,19.78,19.95,700
ADSK,20120206,37.51,37.8,37.2,37.76,2239000
ADTN,20120206,36.63,36.92,36.43,36.73,657600
ADUS,20120206,3.56,3.73,3.51,3.58,5600
AEGN,20120206,18.59,18.87,18.37,18.5,154800
AEGR,20120206,17.18,17.44,17.16,17.39,29600
AEHR,20120206,0.77,0.92,0.77,0.92,23700
AEIS,20120206,10.86,10.93,10.6,10.76,249900
AEPI,20120206,33.48,33.48,32.92,33.35,8600
AETI,20120206,4.39,4.46,4.25,4.4,17200
AEY,20120206,2.2,2.25,2.2,2.21,8700
AEZS,20120206,1110,1116,1086,1098,747700
AFAM,20120206,20.22,20.5,20.09,20.38,88900
AFSI,20120206,13.25,13.385,13.095,13.115,138400
AGEN,20120206,2.86,2.93,2.83,2.9,163400
AGII,20120206,30.03,30.37,30.02,30.31,51200
AGNC,20120206,29.76,29.8,29.43,29.48,4784500
AGYS,20120206,8.68,8.88,8.6,8.74,58300
AHGP,20120206,53.56,53.89,53.06,53.51,52300
AHPI,20120206,3.49,3.49,3.31,3.47,2300
AIMC,20120206,21.58,21.73,21.33,21.56,126500
AINV,20120206,7.98,8,7.88,7.96,1108000
AIRM,20120206,29.8667,29.9567,29.3933,29.64,58200
AIRT,20120206,8.8,8.82,8.8,8.82,2200
AIXG,20120206,14.83,14.88,14.64,14.78,188000
AKAM,20120206,33.78,34.25,33.25,33.37,4160400
AKRX,20120206,12.09,12.25,11.9,11.98,831100
ALCO,20120206,24.6,24.77,24.17,24.76,10100
ALGN,20120206,25.12,25.92,25.08,25.86,701700
ALGT,20120206,55.62,55.63,53.39,55.15,309400
ALIM,20120206,1.71,1.79,1.71,1.76,110400
ALKS,20120206,18.99,19.57,18.81,19.5,1045600
ALLT,20120206,16.99,18.36,16.74,17.96,658900
ALNY,20120206,13,13.25,12.93,13.13,313600
ALOG,20120206,59.1,59.46,58,58.41,25600
ALOT,20120206,8.1,8.1,8.1,8.1,0
ALSK,20120206,2.85,2.89,2.83,2.86,320200
ALXN,20120206,78.75,80.08,78.2,79.75,897200
AMAG,20120206,17.16,17.75,16.96,17.25,147000
AMAT,20120206,12.74,12.74,12.45,12.61,14349500
AMCC,20120206,7.66,7.66,7.38,7.56,454400
AMCN,20120206,3.32,3.32,3.18,3.2,450000
AMCX,20120206,41.66,42.26,41.26,42.14,340300
AMD,20120206,7.02,7.05,6.9,6.92,13145800
AMED,20120206,11.53,11.8,11.46,11.64,297200
AMGN,20120206,68.48,69.15,67.28,69.12,11863200
AMKR,20120206,6.03,6.06,5.9,5.98,1394600
AMNB,20120206,21.2,21.2,20.9,21.08,4900
AMOT,20120206,6.08,6.09,6,6.09,9300
AMOV,20120206,24.25,24.44,24.13,24.16,3400
AMRB,20120206,5.88,5.88,5.88,5.88,300
AMRI,20120206,3.03,3.1,2.98,3.09,137400
AMRN,20120206,8.7,9.32,8.7,9.24,2629400
AMRS,20120206,10.29,10.55,10.13,10.44,207300
AMSC,20120206,55,56.7,54,54.8,901700
AMSF,20120206,24.92,25.05,24.6,24.92,21500
AMSG,20120206,27.52,27.62,27.07,27.4,113500
AMSWA,20120206,9.1,9.15,8.94,9.01,69900
AMTD,20120206,17.35,17.56,17.27,17.51,2871600
AMWD,20120206,14.17,14.4,14.01,14.13,56300
AMZN,20120206,186.5,186.56,182.92,183.14,5311600
ANAT,20120206,74.3,78.08,73.85,74.52,30700
ANCB,20120206,8.25,9.44,8.25,9.25,500
ANCX,20120206,9.88,9.98,9.88,9.95,4900
ANDE,20120206,28.68,29.34,28.5133,29.3333,88700
ANGI,20120206,14.75,14.9,14.41,14.73,92400
ANGO,20120206,13.15,13.34,13.1,13.25,206300
ANIK,20120206,10.5,11.05,10.39,11,263100
ANSS,20120206,63.76,63.95,63.23,63.48,177700
ANTH,20120206,65.52,65.92,65.12,65.84,55100
AOSL,20120206,10.11,10.27,10.02,10.23,66300
APEI,20120206,41.03,41.25,40.25,40.56,95300
APOG,20120206,14.59,14.78,14.35,14.72,86800
APOL,20120206,52.41,52.64,51.64,52.53,1285500
APPY,20120206,39.36,39.36,38.4,38.4,6600
APRI,20120206,50.2,50.6,49.2,49.8,172300
APWC,20120206,3.16,3.28,3.16,3.2,7400
ARAY,20120206,6.17,6.3,6.11,6.25,459300
ARCC,20120206,16.15,16.24,16.03,16.22,1661500
ARCI,20120206,5.49,5.49,5.39,5.49,6600
ARCW,20120206,1.408,1.408,1.404,1.404,700
AREX,20120206,35.3,36.31,34.86,36.19,433900
ARIA,20120206,15.35,15.98,15.33,15.94,2125700
ARII,20120206,27.64,28.07,27.3,27.81,113500
ARKR,20120206,14.48,14.5,14.44,14.5,1700
ARLP,20120206,38.6,39,38.38,38.89,48300
ARNA,20120206,1.87,2.05,1.86,2.04,6254900
AROW,20120206,26.95,27.07,25.99,26.2,31200
ARQL,20120206,8,8.06,7.85,7.99,323600
ARRS,20120206,12.16,12.16,11.98,12.03,425500
ARRY,20120206,3,3.08,2.96,3.05,548100
ARTNA,20120206,19.58,19.72,18.81,19.29,19800
ARTW,20120206,9.16,9.5,9.16,9.43,10500
ARTX,20120206,1.33,1.35,1.29,1.29,13300
ARWR,20120206,5.05,5.16,5.03,5.06,7000
ASBB,20120206,11.6,11.63,11.55,11.63,1000
ASCMA,20120206,52.41,52.76,50.49,50.96,25600
ASFI,20120206,7.35,7.52,7.25,7.43,16600
ASML,20120206,45.3,45.31,44.67,44.94,1886900
ASNA,20120206,17.91,18.02,17.75,17.975,278700
ASPS,20120206,52.84,53.07,52.44,52.93,43500
ASRV,20120206,2.33,2.33,2.24,2.24,143200
ASRVP,20120206,25.5,25.5,25.5,25.5,0
ASTC,20120206,0.67,0.73,0.64,0.7,230200
ASTE,20120206,36.81,37.32,36.33,36.93,149500
ASUR,20120206,4.6133,4.7,4.4533,4.5267,6300
ASYS,20120206,11.42,11.42,11.12,11.23,106400
ATAI,20120206,6.93,7.15,6.93,7.15,8000
ATAX,20120206,5.37,5.37,5.3,5.32,47100
ATEC,20120206,23.76,23.76,22.32,23.28,435500
ATHN,20120206,62.02,63.37,61.44,62.32,344600
ATHX,20120206,1.97,2,1.92,1.93,196100
ATLO,20120206,21.4,21.89,21.4,21.82,11500
ATNI,20120206,39.36,40.2,39.36,39.71,13000
ATRC,20120206,11.94,11.95,11.56,11.76,42900
ATRI,20120206,257.75,260.98,257.75,260.9,1800
ATRO,20120206,30,30.575,28.8417,29.225,92400
ATSG,20120206,6.55,6.72,6.54,6.69,114800
ATVI,20120206,12.29,12.4,12.17,12.32,7099800
AUBN,20120206,20,20.14,20,20,700
AUDC,20120206,4,4.01,3.9,3.97,98700
AVAV,20120206,30.19,31.76,29.33,30.3,781900
AVEO,20120206,13.53,13.77,13.39,13.7,388400
AVGO,20120206,35.04,35.05,34.14,34.3,1885300
AVID,20120206,10.5,10.72,10.25,10.71,286800
AVNW,20120206,29.52,29.88,28.2,28.92,180800
AWRE,20120206,3.25,3.26,3.06,3.15,4600
AXAS,20120206,3.87,4.05,3.84,3.99,1569500
AXTI,20120206,5.36,5.57,5.32,5.51,137900
AZPN,20120206,20.4,20.6,20.33,20.57,612000
BABY,20120206,11.43,11.52,11.32,11.5,116200
BANF,20120206,42.54,42.54,41.67,41.71,7100
BANFP,20120206,27.66,28.21,27.66,27.66,500
BANR,20120206,20,20.1,19.84,19.96,91000
BASI,20120206,1.24,1.32,1.2,1.31,17400
BBBY,20120206,62.92,62.99,61.85,61.99,1702900
BBGI,20120206,3.26,3.34,3.26,3.26,2500
BBOX,20120206,29.57,29.83,29.06,29.52,66100
BBRG,20120206,19.68,19.99,19.4,19.88,78600
BBRY,20120206,16.75,16.78,16.35,16.58,12777800
BBSI,20120206,19.08,19.08,18.67,18.82,14800
BCBP,20120206,10.11,10.11,10.11,10.11,100
BCOM,20120206,12.7,12.7,12.7,12.7,500
BCPC,20120206,37.99,37.99,37.08,37.31,103200
BCRX,20120206,3.98,4.04,3.89,3.93,241500
BDE,20120206,8.12,8.25,8.11,8.19,30200
BDGE,20120206,20.6,20.74,20.38,20.41,5700
BDSI,20120206,2.09,2.1,2.03,2.06,146700
BEAT,20120206,3.04,3.11,2.91,2.97,63900
BEAV,20120206,45.55,46.12,45.55,45.83,1027600
BEBE,20120206,8.94,8.95,8.79,8.82,308600
BECN,20120206,24.24,24.59,23.11,23.5,338100
BELFA,20120206,21.89,21.89,21.89,21.89,0
BELFB,20120206,20.72,20.8,20.03,20.54,39200
BFIN,20120206,5.58,5.67,5.55,5.65,22400
BGCP,20120206,6.7,6.73,6.55,6.59,442000
BGFV,20120206,8.63,8.76,8.43,8.56,59600
BIB,20120206,11.4238,11.94,11.3725,11.7625,21300
BICK,20120206,27.54,27.65,27.43,27.52,17300
BIDU,20120206,130.81,132.78,129.72,131.37,6011700
BIIB,20120206,121.03,122.28,120.32,122.09,1263200
BIOC,20120206,15.6,15.75,15.27,15.51,10500
BIOS,20120206,6.61,6.69,6.22,6.26,407800
BIS,20120206,98.4,99.24,95.2,95.2,4000
BJRI,20120206,53.82,54.11,52.68,52.88,692800
BKCC,20120206,9.55,9.68,9.46,9.49,283900
BKEP,20120206,6.85,6.95,6.76,6.79,16800
BKEPP,20120206,8.26,9.03,8.26,8.9,7500
BKMU,20120206,4.24,4.42,4.21,4.39,47700
BKSC,20120206,11,11.31,10.96,11.14,1000
BLDP,20120206,1.3,1.31,1.26,1.28,259500
BLDR,20120206,2.97,3.07,2.9,3.04,229100
BLIN,20120206,3.5,3.5,3.5,3.5,11000
BLKB,20120206,32.38,32.6,32.12,32.3,91500
BLMT,20120206,11.02,11.1,11,11.1,20400
BLRX,20120206,5.16,5.86,4.38,4.44,2895300
BMRC,20120206,39.48,39.81,38.75,38.97,9500
BMRN,20120206,37.5,38.66,37.32,38.27,767800
BMTC,20120206,21.25,21.32,21.13,21.24,20100
BNCL,20120206,9.19,9.26,9.04,9.14,33100
BNCN,20120206,7.5,7.5,7.4,7.5,8100
BNSO,20120206,1.22,1.22,1.22,1.22,0
BOBE,20120206,37.36,37.42,36.99,37.21,84100
BOCH,20120206,3.85,3.92,3.85,3.85,7400
BOFI,20120206,4.2975,4.37,4.2025,4.2325,46700
BOKF,20120206,54.02,54.44,53.39,53.67,98100
BONT,20120206,5,5.15,4.84,5.06,452900
BOOM,20120206,23.73,23.91,23.05,23.44,38500
BOSC,20120206,3,3.2,3,3,900
BOTJ,20120206,4.97,5,4.92,5,1700
BPFH,20120206,9.04,9.19,8.94,9.02,297800
BPFHW,20120206,3.6,3.7,3.6,3.7,4500
BPOP,20120206,17,17.8,17,17.4,6290400
BPOPM,20120206,17.78,17.78,17.78,17.78,0
BPOPN,20120206,19.5,19.5,19.1,19.1,2800
BRCD,20120206,5.86,5.94,5.83,5.93,4441200
BRID,20120206,10,10,10,10,0
BRKL,20120206,9.66,9.75,9.5,9.53,307400
BRKR,20120206,15.07,15.19,14.93,15.04,190900
BRKS,20120206,10.95,11.1,10.82,11.07,302900
BSET,20120206,8.02,8.09,8,8.02,11800
BSFT,20120206,32.18,33.28,31.47,32.91,471500
BSPM,20120206,17.01,18.9,17.01,18.48,97400
BSQR,20120206,4.13,4.13,4.05,4.06,6700
BSRR,20120206,9.57,9.78,9.57,9.77,10300
BSTC,20120206,20.07,20.9,19.88,20.89,7500
BUR,20120206,6.45,6.45,6.45,6.45,200
BUSE,20120206,5.26,5.26,5.18,5.21,72400
BVSN,20120206,34.5,39.72,34.31,39.45,1070100
BWEN,20120206,8,8.4,7.2,7.3,2092100
BWINA,20120206,22.8,22.8,22.8,22.8,100
BWINB,20120206,22.99,23.06,22.74,23.03,6700
BWLD,20120206,68.75,69.48,68.36,68.88,1214900
BYFC,20120206,1.49,1.49,1.49,1.49,1300
CA,20120206,26.57,26.72,26.38,26.42,4064400
CAAS,20120206,5.15,5.15,5.05,5.09,34700
CAC,20120206,37.11,37.11,36.24,36.54,11900
CACB,20120206,5.68,6.3,5.68,6.16,17700
CACC,20120206,90.73,92.49,89.34,91.42,28700
CADC,20120206,28.8,29.16,28.56,28.68,43700
CAKE,20120206,30.61,31.19,30.43,30.58,557500
CALD,20120206,7,7.14,6.84,6.95,171000
CALI,20120206,6.54,6.54,6.36,6.48,3100
CALL,20120206,17.51,17.76,16.96,17.1,189900
CALM,20120206,19.52,19.795,19.51,19.74,72900
CAMP,20120206,4.56,4.63,4.48,4.48,49500
CAMT,20120206,2.45,2.5,2.38,2.45,32400
CAR,20120206,14.77,15.09,14.71,15.05,1368400
CARB,20120206,10.3,10.3,10.11,10.22,36400
CART,20120206,2.62,2.64,2.35,2.64,1300
CARV,20120206,9.1,9.1,8.63,8.63,2000
CARZ,20120206,27.11,27.21,27.11,27.14,800
CASH,20120206,18.28,18.28,18.28,18.28,0
CASM,20120206,1.7,1.81,1.7,1.81,1000
CASS,20120206,41.42,41.7,41.39,41.5,13200
CASY,20120206,53.44,53.52,52.78,53.2,119000
CATM,20120206,24.65,26.31,24.25,26.27,628400
CATY,20120206,17.14,17.4,17,17.05,240800
CAVM,20120206,32.82,32.84,31.46,31.85,1476700
CBAK,20120206,3.55,3.65,3.45,3.65,59800
CBAN,20120206,3,3.42,2.97,3.22,13700
CBLI,20120206,66.2,66.4,63.4,65,95200
CBMX,20120206,265.5,265.5,265.5,265.5,0
CBMXW,20120206,1.1,1.6,0.8,1.6,8100
CBOE,20120206,26.47,26.65,26.37,26.6,400000
CBPO,20120206,10.61,10.79,10.05,10.16,8400
CBRL,20120206,53.32,54.14,52.76,53.14,347900
CBSH,20120206,39.71,39.73,38.99,39.14,451400
CCBG,20120206,9.3,9.35,9.18,9.28,6000
CCCL,20120206,26.08,27.04,26.08,26.32,30700
CCIH,20120206,7.19,7.3,7.03,7.27,91900
CCMP,20120206,52.38,52.59,51.72,51.86,91100
CCNE,20120206,16.78,16.78,16.33,16.45,7400
CCOI,20120206,16.02,16.83,15.99,16.78,499500
CCRN,20120206,6.64,6.72,6.48,6.53,51400
CCUR,20120206,3.62,3.67,3.6,3.6,8300
CDNS,20120206,11.6,11.75,11.59,11.62,2903800
CDTI,20120206,17.55,17.6,16.85,17,129500
CDXS,20120206,6,6.1,5.94,6.01,138000
CDZI,20120206,10.31,10.76,10.31,10.51,9000
CECE,20120206,6.43,6.55,6.4,6.46,8900
CECO,20120206,11.65,11.65,11.26,11.52,893900
CELG,20120206,36.42,36.925,36.405,36.765,2060700
CELGZ,20120206,1.8,2,1.76,1.76,14900
CEMP,20120206,6.2,6.27,6.1,6.24,109500
CENT,20120206,9.14,9.24,8.96,9,81300
CENTA,20120206,9.81,9.88,9.66,9.74,98400
CENX,20120206,10.8,11.08,10.8,10.97,680400
CERN,20120206,31.555,31.87,31.3,31.39,1383700
CERS,20120206,3.15,3.21,3.06,3.19,337800
CETV,20120206,8.26,8.51,8.18,8.35,308000
CEVA,20120206,28.01,28.41,26.53,27,266500
CFBK,20120206,3.5,3.5,3.5,3.5,0
CFFI,20120206,27.78,28.16,27.55,27.7,5700
CFFN,20120206,11.49,11.68,11.49,11.6,1017600
CFNB,20120206,16.28,16.28,15.92,16.19,1500
CFNL,20120206,11.77,11.77,11.51,11.57,39500
CGEN,20120206,5.92,6.22,5.89,6.04,345700
CGNX,20120206,21.915,22.1,21.53,21.69,183600
CHCI,20120206,1.64,1.68,1.52,1.56,30100
CHCO,20120206,36.8,36.8,36.24,36.48,34200
CHDN,20120206,57.31,58.1,57.03,57.27,22500
CHEF,20120206,18.92,20.6,18.92,20.33,78900
CHFC,20120206,24.15,24.2,23.7,23.81,33300
CHFN,20120206,9.98,9.98,9.82,9.94,5000
CHKE,20120206,11.18,11.48,11.18,11.44,48200
CHKP,20120206,58.74,58.87,57.95,58.05,1600300
CHNR,20120206,7.71,7.8,7.71,7.8,200
CHRS,20120206,5.14,5.26,5.09,5.24,1109600
CHRW,20120206,64.07,64.28,63.88,64.04,1242800
CHSCP,20120206,29.91,29.95,29.91,29.94,5700
CHTR,20120206,57.95,58.61,57.78,58.31,94800
CIDM,20120206,20,21,18.5,20,94300
CINF,20120206,33.12,33.28,32.99,33.1,1125800
CISG,20120206,8.09,8.37,7.89,8.3,193700
CIZN,20120206,17.61,19.23,17.61,19.23,3600
CJJD,20120206,1.33,1.37,1.26,1.26,20800
CKEC,20120206,7.22,7.39,7.08,7.18,30800
CLBH,20120206,3.9,3.9,3.71,3.77,2900
CLCT,20120206,15.57,15.6,15.14,15.47,26600
CLDX,20120206,4.99,5.34,4.87,5.21,730800
CLFD,20120206,5.86,5.9,5.79,5.86,46300
CLMS,20120206,13.01,13.2,12.77,12.98,119900
CLMT,20120206,21.09,21.55,20.83,21.4,247500
CLNE,20120206,15.98,16.08,15.8,16.08,907900
CLNT,20120206,2.6,2.7,2.5,2.6,81200
CLRO,20120206,4.8,4.85,4.72,4.72,14900
CLSN,20120206,1.94,2.09,1.94,2.02,477400
CLUB,20120206,9.19,9.25,8.93,8.95,27400
CLVS,20120206,23.39,24.49,22.94,24.26,32200
CLWT,20120206,4.07,4.07,4.07,4.07,0
CMCO,20120206,16.28,16.69,16.21,16.5,113800
CMCSA,20120206,27.1,27.18,26.94,27.09,12939700
CME,20120206,54.614,55.1,54.256,55.064,913500
CMLS,20120206,29.52,30.8,28.48,30.24,641700
CMTL,20120206,32.78,33,32.6,32.7,134600
CNBKA,20120206,29,29,28.11,28.96,1500
CNET,20120206,1.06,1.1,1.05,1.06,7100
CNIT,20120206,0.9,0.99,0.9,0.91,274500
CNMD,20120206,30.33,30.6,30,30.42,51600
CNOB,20120206,10.11,10.13,10.05,10.1,10300
CNSL,20120206,19.23,19.25,18.75,18.98,257000
CNTF,20120206,10.6,10.95,10.5,10.95,109400
CNTY,20120206,2.58,2.58,2.49,2.5,22700
COBZ,20120206,6.32,6.35,6.14,6.22,108000
COHR,20120206,55.76,57.86,54.82,57.38,76700
COHU,20120206,12.62,12.69,12.36,12.46,37300
COKE,20120206,63.6,63.93,62.55,63.09,16000
COLB,20120206,21.29,21.56,21.12,21.37,240500
COLM,20120206,24.875,25.415,24.875,25.045,146800
CONN,20120206,11.17,11.76,11,11.71,152700
COOL,20120206,111.3,111.3,107.94,109.2,515000
CORE,20120206,10.285,10.29,9.865,10.205,52700
CORT,20120206,3.28,3.39,3.26,3.33,379700
COST,20120206,84.68,85.2,84.65,85.04,1378900
COWN,20120206,2.95,2.96,2.84,2.9,109300
CPHC,20120206,12.05,12.53,12.03,12.53,3500
CPIX,20120206,6.11,6.14,6.05,6.06,16600
CPLA,20120206,44.77,45.19,43.92,44.62,79300
CPLP,20120206,7.75,7.84,7.61,7.78,200000
CPRT,20120206,23.51,23.71,23.38,23.455,165900
CPRX,20120206,1.09,1.16,1.09,1.12,128100
CPSI,20120206,60.14,62.38,60.14,61.76,64700
CPSS,20120206,0.95,1.1,0.95,1.07,5200
CPST,20120206,26.6,29.2,26.6,28.8,4912900
CRAI,20120206,22.66,23.37,21.93,22.27,21200
CRAY,20120206,7.73,7.97,7.7,7.88,128900
CRDS,20120206,98.8,100,98.8,100,1900
CREE,20120206,28.45,28.47,27.77,28.18,2725900
CREG,20120206,11.3,11.3,11.2,11.3,6600
CRESY,20120206,13.35,13.57,13.3,13.34,49400
CRIS,20120206,4.99,5.22,4.98,5.15,1096200
CRME,20120206,11.85,12.85,11.8,12.8,78800
CRMT,20120206,39.04,39.66,37.02,38.8,18100
CRNT,20120206,8.66,8.68,8.47,8.51,69500
CROX,20120206,20.01,20.48,20,20.3,1497100
CRUS,20120206,20.82,20.97,20.43,20.59,1486100
CRVL,20120206,25.32,25.465,24.745,24.86,11000
CRWS,20120206,3.99,3.99,3.57,3.89,15200
CRZO,20120206,23.52,23.65,23.01,23.6,1273700
CSBK,20120206,10.69,10.85,10.6,10.84,4400
CSCO,20120206,20.04,20.2,19.92,20.19,37141800
CSFL,20120206,7.6,7.65,7.48,7.49,147500
CSGP,20120206,58.62,58.96,57.89,57.95,190300
CSGS,20120206,16.84,17.05,16.74,17.03,95500
CSII,20120206,10,10.04,9.84,10,36200
CSIQ,20120206,3.73,3.83,3.62,3.69,1257400
CSOD,20120206,18.24,18.38,17.53,17.8,150300
CSPI,20120206,3.74,3.85,3.58,3.85,15300
CSTR,20120206,52.95,52.95,48.66,50.56,7713200
CSWC,20120206,22.3425,22.9725,22.3425,22.7625,700
CSX,20120206,22.84,22.93,22.27,22.32,14461700
CTAS,20120206,37.78,38.17,37.69,37.94,531100
CTBI,20120206,32.3,32.3,31.09,31.44,60800
CTHR,20120206,3.16,3.16,3.13,3.16,9400
CTIB,20120206,4.72,4.72,4.72,4.72,100
CTIC,20120206,5.5,5.55,5.45,5.55,1437000
CTRN,20120206,10.08,10.19,10.01,10.05,85500
CTRP,20120206,12.6,12.665,12.28,12.33,1379400
CTSH,20120206,36.385,36.55,36.03,36.185,2458100
CTWS,20120206,31.46,31.62,30.6,31.21,30900
CTXS,20120206,68.55,69.53,68.31,69.44,1860300
CUBA,20120206,6.9,6.91,6.84,6.85,26100
CUTR,20120206,8.04,8.31,8.04,8.24,22900
CVBF,20120206,11.07,11.14,10.99,11.05,319000
CVCO,20120206,52.82,54.1,51.68,52.84,29900
CVCY,20120206,6.61,6.76,6.6,6.76,25500
CVGI,20120206,12.73,13.1,12.68,12.75,139700
CVGW,20120206,27.79,28.11,27.73,27.84,75700
CVLT,20120206,51.21,51.42,50.34,50.81,674600
CVLY,20120206,10.28,10.3,10.1,10.3,2400
CVTI,20120206,3.57,3.7,3.54,3.7,14400
CVV,20120206,14.86,14.95,14.54,14.9,129300
CWBC,20120206,1.44,1.5,1.39,1.49,89100
CWCO,20120206,8.18,8.23,8.02,8.1,38000
CWST,20120206,6.94,7.15,6.87,7.06,77400
CXDC,20120206,5,5.2,5,5.19,164800
CY,20120206,17.73,17.95,17.58,17.89,1679000
CYAN,20120206,6.62,6.65,6.19,6.6,31600
CYBE,20120206,8.78,8.89,8.7,8.7,8500
CYCC,20120206,49.56,56.28,48.72,55.44,960300
CYCCP,20120206,2.7,2.75,2.46,2.75,6700
CYNO,20120206,13.46,13.74,13.3,13.66,27000
CYOU,20120206,27.26,27.27,25.03,25.31,1886400
CYTK,20120206,6.54,6.54,6.3,6.54,247200
CYTR,20120206,2.03,2.31,2.03,2.24,2163600
CYTX,20120206,63.75,67.5,63.15,64.8,1213500
CYTXW,20120206,2.42,2.44,2.42,2.44,300
CZFC,20120206,7.25,7.25,7.25,7.25,0
CZNC,20120206,21.95,21.99,21.66,21.91,11500
CZWI,20120206,5.61,5.62,5,5.6,6900
DAIO,20120206,4.12,4.12,4.12,4.12,200
DAKT,20120206,11.55,11.78,11.49,11.66,67600
DAVE,20120206,10.52,10.74,10.5,10.74,5000
DCIX,20120206,53.76,56,53.2,54.4,290800
DCOM,20120206,14.25,14.3,13.7,14.23,97200
DCTH,20120206,69.28,74.72,68.96,71.84,957500
DENN,20120206,4.44,4.46,4.39,4.44,280200
DEPO,20120206,6.87,7.15,6.84,7.06,1137700
DEST,20120206,16.55,16.56,16.03,16.11,50600
DFVS,20120206,40.39,40.39,40.39,40.39,0
DGAS,20120206,17.04,17.04,17,17,900
DGICA,20120206,15.67,15.67,15.06,15.18,16000
DGICB,20120206,17.24,17.24,17.24,17.24,0
DGII,20120206,11.83,11.96,11.68,11.81,43100
DGLY,20120206,0.59,0.63,0.58,0.6,5000
DHIL,20120206,79.05,79.6,78.25,79.37,3300
DHRM,20120206,1.93,1.93,1.7,1.75,3300
DIOD,20120206,27.13,27.13,26.27,26.38,277200
DISCA,20120206,44.42,44.88,44.3,44.63,884300
DISCB,20120206,47.3,49.54,47.3,49.54,7400
DISCK,20120206,19.57,19.905,19.52,19.89,673300
DISH,20120206,28.91,29.16,28.51,28.58,2006000
DJCO,20120206,72,72,72,72,0
DLBS,20120206,33.31,33.33,32.85,32.85,600
DLTR,20120206,42.745,43.015,42.51,42.915,524300
DMLP,20120206,22.17,22.5,22.15,22.49,77600
DMRC,20120206,31.73,31.73,28.75,31.18,7500
DNBF,20120206,12.5,12.5,12.5,12.5,0
DNKN,20120206,28.88,28.95,28.59,28.76,695900
DORM,20120206,23.565,23.79,23.5,23.735,24900
DRAD,20120206,1.98,1.98,1.9,1.9,10000
DRAM,20120206,13.86,14.76,13.5,14.76,3900
DRRX,20120206,0.78,0.8,0.77,0.79,81800
DRWI,20120206,110.75,113,110,112.75,102800
DRYS,20120206,3570,4275,3555,4215,27804800
DSCI,20120206,8.35,9.24,8.29,8.92,320700
DSGX,20120206,8.1,8.1,8.04,8.05,9300
DSPG,20120206,6.5,6.74,6.42,6.45,71800
DSWL,20120206,2.16,2.16,2.11,2.15,4700
DTLK,20120206,9.19,9.45,9.15,9.43,86300
DTSI,20120206,30.15,30.6,29.94,30.55,85100
DTUS,20120206,40.91,40.91,40.9,40.9,600
DTYS,20120206,31.67,31.8,31.37,31.38,2600
DVAX,20120206,43,44.8,41.9,42.7,1927600
DWCH,20120206,9.23,9.49,8.81,9.18,51700
DWSN,20120206,35.05,35.9,34.78,35.79,76800
DXCM,20120206,11.58,11.82,11.4,11.76,488800
DXPE,20120206,38.3,38.48,37.08,37.5,64100
DXYN,20120206,3.88,3.95,3.78,3.89,12900
DYNT,20120206,4.25,4.25,4.1,4.25,3600
DYSL,20120206,2.34,2.42,2.28,2.29,6000
EA,20120206,19.11,19.31,18.92,19,9443800
EAGL,20120206,9.59,9.59,9.59,9.59,0
EAGLU,20120206,10.05,10.05,10.05,10.05,0
EBAY,20120206,13.7684,13.7895,13.6379,13.7432,8794100
EBIX,20120206,25.74,26.25,24.89,25.83,374200
EBMT,20120206,9.9,9.9,9.8,9.88,2000
EBSB,20120206,5.5106,5.5147,5.4575,5.5106,3700
EBTC,20120206,17.5,17.69,16.58,17.2,10100
ECHO,20120206,17.19,17.48,17.14,17.32,75000
ECOL,20120206,19.73,19.91,19.56,19.74,71600
ECPG,20120206,24.14,24.36,23.75,24.19,120700
ECYT,20120206,3.58,3.67,3.53,3.59,332100
EDAP,20120206,2.2,2.36,2.18,2.36,71800
EDGW,20120206,3.43,3.48,3.35,3.39,21800
EDUC,20120206,4.85,4.85,4.85,4.85,300
EEFT,20120206,19.25,19.33,19.02,19.12,168700
EEI,20120206,16.56,17,16.5,16.61,2400
EFII,20120206,17.26,17.7,17.26,17.53,194900
EFSC,20120206,12.59,12.72,12.46,12.54,30300
EFUT,20120206,4.53,4.55,4.4,4.55,2100
EGAN,20120206,5.61,5.81,5.53,5.72,29100
EGBN,20120206,17,17.05,16.77,16.8,42700
EGHT,20120206,4.49,4.52,4.43,4.48,403600
EGLE,20120206,1972.8,2260.8,1972.8,2174.4,1206000
EGOV,20120206,11.89,12.15,11.78,12.01,321800
EHTH,20120206,16.33,16.45,16.13,16.23,82300
ELGX,20120206,13.39,13.46,13.09,13.16,269100
ELNK,20120206,7.79,7.89,7.78,7.8,766400
ELON,20120206,58.8,59.1,57.1,57.4,65900
ELOS,20120206,11.04,11.07,10.9,10.94,237600
ELSE,20120206,3.89,4.05,3.82,3.92,2700
ELTK,20120206,1.5,1.5,1.46,1.49,23600
EMCF,20120206,15.98,15.98,15.98,15.98,0
EMCI,20120206,15.98,16.0667,15.8867,16.0667,2400
EMIF,20120206,33.28,33.37,33.02,33.37,21600
EMITF,20120206,176.4,177.6,171,171,8100
EMKR,20120206,5.4,5.44,5.16,5.32,388700
EML,20120206,19.82,20,19.24,19.35,11200
EMMS,20120206,3.08,3.16,3,3,98600
ENDP,20120206,36.59,36.87,36.48,36.57,1053600
ENG,20120206,2.2,2.21,2.14,2.21,7900
ENOC,20120206,9.59,9.61,9.38,9.55,154800
ENSG,20120206,13.875,14.05,13.71,13.74,55400
ENTG,20120206,9.79,9.97,9.76,9.82,607800
EPAY,20120206,27.76,28.59,27.7,28.19,188600
EQIX,20120206,122.7,125.14,122.7,123.9,758800
ERIC,20120206,9.33,9.42,9.33,9.37,2648000
ERIE,20120206,78.79,78.79,78.22,78.38,31400
ERII,20120206,2.51,2.56,2.44,2.52,111300
ESBK,20120206,16.59,16.59,16.59,16.59,200
ESCA,20120206,4.88,4.88,4.83,4.88,800
ESEA,20120206,2.8,2.95,2.78,2.87,42500
ESGR,20120206,99.47,99.98,98.75,99.01,5900
ESIO,20120206,16.11,16.13,15.64,15.78,59100
ESLT,20120206,41,41,39.22,39.79,22800
ESMC,20120206,0.87,0.9,0.84,0.84,7100
ESRX,20120206,51.91,52.5,45.93,49.67,33526700
ESSA,20120206,10.65,10.65,10.3,10.42,13900
ETFC,20120206,9.11,9.33,9.05,9.22,5334100
ETRM,20120206,34.5,36,34.05,34.65,95400
EUFN,20120206,17.77,17.89,17.73,17.82,18600
EVBS,20120206,3.01,3.16,2.97,3.05,2300
EVEP,20120206,69.49,69.49,68.5,68.85,206100
EVK,20120206,1.75,1.75,1.75,1.75,200
EVOL,20120206,5.22,5.3,5.22,5.3,7700
EWBC,20120206,22.39,22.48,22.17,22.22,894000
EXAC,20120206,17.25,17.4,17.09,17.39,4300
EXAS,20120206,9.42,9.6,9.13,9.52,230100
EXEL,20120206,6.35,6.5,6.2,6.47,1948100
EXFO,20120206,7.68,7.74,7.41,7.48,20400
EXLS,20120206,24.78,24.93,24.61,24.85,63200
EXPD,20120206,44.22,44.36,43.38,43.47,1269700
EXPE,20120206,34.06,34.11,33.42,33.57,3421400
EXPO,20120206,26.155,26.65,25.465,25.885,50700
EXTR,20120206,3.22,3.3,3.22,3.25,1105100
EZPW,20120206,29.7,29.99,29.15,29.95,483900
FALC,20120206,2.65,2.68,2.61,2.67,44000
FARM,20120206,10.84,10.95,10.3,10.55,52500
FARO,20120206,55.35,56.22,54.99,55.95,64400
FAST,20120206,48.24,48.56,47.84,48.06,1447500
FBIZ,20120206,17.89,18.9,17.89,18.65,3600
FBMS,20120206,8.15,8.15,8.11,8.15,1000
FBNC,20120206,11.25,11.28,11.22,11.24,8400
FBNK,20120206,13.56,13.63,13.34,13.49,36300
FBRC,20120206,9.6,9.8,9.28,9.56,50500
FBSS,20120206,12.07,12.07,12.01,12.07,600
FCAP,20120206,20.29,21.3,19.61,21.3,3100
FCBC,20120206,13.03,13.09,12.91,12.93,40000
FCCO,20120206,7.28,7.28,7.2,7.2,200
FCCY,20120206,8.5,8.5,8.16,8.16,8400
FCEL,20120206,12.12,12.36,12.12,12.24,704200
FCNCA,20120206,182.93,184.94,176.89,184.42,6400
FDEF,20120206,17.2,17.76,17.16,17.4,39200
FDML,20120206,17.6,17.77,17.54,17.57,97300
FDUS,20120206,13.71,13.75,13.6,13.71,9500
FEIM,20120206,8.05,8.1,7.91,7.98,37700
FELE,20120206,26.695,26.8,26.435,26.53,58800
FES,20120206,5.42,5.77,5.12,5.36,14400
FFBC,20120206,18.14,18.19,17.58,17.74,574900
FFBCW,20120206,5.91,5.91,5.91,5.91,100
FFHL,20120206,1.56,1.63,1.56,1.62,5900
FFIC,20120206,13.44,13.52,13.29,13.36,114200
FFIN,20120206,18.28,18.395,18.04,18.12,79300
FFIV,20120206,124.75,125,123.55,125,1038200
FFKT,20120206,5.23,5.46,4.87,5.27,13000
FFNW,20120206,6.51,6.56,6.5,6.51,3100
FHCO,20120206,5.32,5.43,5.27,5.36,23800
FIBK,20120206,14.28,14.32,14,14.06,33900
FINL,20120206,21.97,22.62,21.97,22.54,694000
FISI,20120206,17.68,17.8,17.36,17.57,11700
FISV,20120206,32.605,32.755,32.445,32.605,779400
FITB,20120206,13.53,13.58,13.41,13.49,4891600
FIZZ,20120206,16.82,16.9,16.61,16.72,20700
FLAT,20120206,58.53,58.81,58.37,58.74,6300
FLDM,20120206,14.84,15.14,14.81,15.02,88300
FLEX,20120206,7.14,7.19,7.07,7.12,3357300
FLIC,20120206,18.5,18.5,18.14,18.14,14600
FLIR,20120206,26.39,26.42,25.98,26.05,865300
FLML,20120206,6.57,6.83,6.43,6.53,193600
FLWS,20120206,2.92,2.95,2.85,2.89,185600
FLXS,20120206,14.6,14.89,14.43,14.7,10300
FMBI,20120206,11.58,11.79,11.49,11.64,351200
FMNB,20120206,5.5,5.6,5.5,5.5,9200
FNGN,20120206,24.82,24.82,24.42,24.6,112800
FNLC,20120206,16.28,16.32,16.03,16.11,11200
FNSR,20120206,21.47,22.48,21.36,22.2,2548900
FOLD,20120206,6.75,6.97,6.61,6.86,61300
FONE,20120206,26.82,26.83,26.77,26.83,600
FONR,20120206,1.77,1.79,1.69,1.74,61500
FORD,20120206,1.98,2.14,1.95,2.06,33800
FORM,20120206,5.26,5.29,5.13,5.27,323800
FORR,20120206,35.86,36.05,35.5,35.99,51600
FORTY,20120206,16.72,16.75,16.36,16.36,2200
FOSL,20120206,99.47,100.99,98.31,100.49,479500
FRAN,20120206,22.54,22.84,22.25,22.5,119100
FRBK,20120206,1.81,1.88,1.76,1.8,21900
FRED,20120206,15.05,15.12,14.85,14.92,166400
FRME,20120206,10.22,10.3,10.16,10.27,62100
FRP,20120206,3.86,3.88,3.78,3.84,98400
FSBK,20120206,3.65,3.65,3.51,3.63,9200
FSC,20120206,10.39,10.39,10.23,10.26,674300
FSFG,20120206,16.7,16.7,16.7,16.7,0
FSLR,20120206,45.2,47.28,44.54,46.49,4110900
FSTR,20120206,31,32.12,30.98,31.8,26700
FTEK,20120206,6.38,6.49,6.2,6.26,39600
FTNT,20120206,25.42,25.42,24.87,25.13,2607100
FTR,20120206,4.52,4.53,4.31,4.34,21587100
FUEL,20120206,4.02,4.1,3.9,3.98,92300
FULT,20120206,9.74,9.95,9.53,9.59,1377600
FUNC,20120206,3.51,3.51,3.51,3.51,0
FUND,20120206,7.33,7.35,7.27,7.32,16000
FWRD,20120206,35.54,36.93,35.54,36.9,125200
GABC,20120206,21.3,21.61,21.25,21.6,12900
GAIA,20120206,3.59,3.64,3.57,3.6,55600
GAIN,20120206,8.47,8.47,8.21,8.24,100400
GALE,20120206,21.2,27.8,20.8,25.2,5662900
GALT,20120206,5.1,5.1,4.86,5.07,29200
GASS,20120206,4.23,4.32,4.16,4.28,29200
GBCI,20120206,14.73,14.81,14.36,14.71,459600
GBDC,20120206,15.29,15.36,15.2,15.35,257400
GBLI,20120206,21.27,21.48,21.26,21.34,15500
GBNK,20120206,8.35,8.5,8.2,8.4,43800
GCBC,20120206,8.785,8.95,8.725,8.725,400
GCVRZ,20120206,1.24,1.28,1.22,1.28,196300
GENC,20120206,4.7667,4.8,4.74,4.8,16400
GENE,20120206,21.95,23,21.15,22.95,172400
GERN,20120206,1.88,2.08,1.82,2.03,1441700
GEVO,20120206,147.15,150,145.65,149.85,177600
GFED,20120206,7.24,7.25,7.24,7.25,1200
GFN,20120206,2.5,2.55,2.49,2.53,4100
GGAL,20120206,7.61,7.68,7.48,7.6,189900
GHDX,20120206,29.2,29.24,28.41,28.85,121900
GIFI,20120206,32.48,33.1,32.17,32.73,34900
GIGA,20120206,1.3,1.5,1.29,1.5,34100
GIGM,20120206,7.45,7.45,6.8,7,256700
GIII,20120206,11.9,12,11.79,11.94,88900
GILD,20120206,27.15,28.25,27.12,28.015,18912400
GILT,20120206,4.13,4.2,4.13,4.18,16500
GLAD,20120206,9.24,9.27,9.1,9.11,90300
GLBS,20120206,16.8,17.92,16.28,17.36,8700
GLBZ,20120206,9.68,9.71,9.68,9.71,400
GLDD,20120206,6.7,6.79,6.64,6.71,180200
GLNG,20120206,41.12,42.25,40.9,41.87,391100
GLRE,20120206,26.27,26.3,25.78,25.98,58700
GLUU,20120206,3.95,4.01,3.8,3.85,2104000
GMAN,20120206,15.28,15.37,14.66,15.01,55400
GMLP,20120206,34.07,34.52,34,34.2,49800
GNCMA,20120206,11.24,11.34,11.01,11.2,98200
GNMK,20120206,4.52,4.6,4.49,4.49,33900
GNTX,20120206,13.285,13.435,13.285,13.365,1043600
GNVC,20120206,2.39,2.5,2.36,2.46,29600
GOLD,20120206,119.49,119.73,117.53,118.01,1048500
GOOD,20120206,18.56,18.92,18.17,18.28,50600
GOODO,20120206,25.1,25.1,25.1,25.1,100
GOODP,20120206,25,25,25,25,100
GOOG,20120206,297.505,305.415,297.005,304.545,3679700
GPIC,20120206,6.7,6.9,6.7,6.86,8300
GPOR,20120206,34.75,35.87,34.52,35.84,406500
GPRE,20120206,11.49,11.67,11.34,11.65,127900
GPRO,20120206,67.32,68.24,67.31,68.2,248700
GRFS,20120206,6.9,6.9,6.78,6.86,623600
GRID,20120206,28.37,28.45,28.37,28.41,700
GRIF,20120206,26.92,28,26.85,27.41,6200
GRMN,20120206,43.88,43.99,43.51,43.72,474300
GROW,20120206,6.93,7.05,6.85,6.9,32700
GRPN,20120206,24.15,24.9,23.37,23.51,2493700
GRVY,20120206,15.28,19.84,14.8,17.2,689200
GSBC,20120206,25.03,25.03,24.68,24.92,7900
GSIT,20120206,4.9,4.9,4.86,4.87,34700
GSM,20120206,15.01,15.27,14.36,15,816800
GSOL,20120206,7.18,7.18,6.9,6.96,41400
GSVC,20120206,20.29,20.89,18.5,18.63,1365300
GT,20120206,13.78,14.04,13.75,13.98,5155800
GTIM,20120206,1.18,1.22,1.18,1.18,1900
GTLS,20120206,60.92,61.72,59.67,59.98,728600
GTXI,20120206,6.11,6.2,6.06,6.14,458600
GUID,20120206,7.92,7.93,7.8,7.91,19600
GULF,20120206,14.95,14.95,14.9,14.9,500
GURE,20120206,2.8,2.96,2.75,2.89,281300
GYRO,20120206,99,99,99,99,0
HA,20120206,6.59,6.59,6.25,6.35,608800
HAFC,20120206,8.81,8.99,8.8,8.96,113900
HAIN,20120206,20.7,21.165,20.645,20.95,495200
HALL,20120206,7.71,7.71,6.87,7.11,195500
HALO,20120206,11.46,11.58,11.33,11.35,665100
HAS,20120206,35.2,36.91,34.54,36.66,4066200
HAYN,20120206,64,66.64,63.07,64.55,87400
HBAN,20120206,5.88,5.94,5.84,5.84,7174000
HBANP,20120206,1120,1135,1120,1130,300
HBCP,20120206,15.88,15.88,15.88,15.88,400
HBHC,20120206,34.38,34.43,33.92,34.19,218700
HBIO,20120206,4.2,4.32,4.2,4.3,22000
HBNC,20120206,8.04,8.04,8,8.0222,10700
HCCI,20120206,21.23,21.24,21,21.09,9700
HCKT,20120206,4,4.05,3.88,3.97,73200
HCOM,20120206,13.43,14.85,13.38,14.43,117600
HCSG,20120206,19.11,19.4,18.98,19.13,449500
HDNG,20120206,10.97,11.2,10.9,10.95,25000
HDSN,20120206,3.1,3.23,3.08,3.15,87100
HEES,20120206,17.84,18.05,17.36,17.47,97300
HELE,20120206,34.04,34.18,33.69,33.99,51400
HEOP,20120206,4.06,4.1,4.05,4.05,31300
HFBC,20120206,7.75,7.9,7.75,7.75,16600
HFBL,20120206,14.75,14.75,14.75,14.75,0
HFWA,20120206,14.14,14.41,14.05,14.39,11100
HGSH,20120206,0.69,0.69,0.69,0.69,0
HIBB,20120206,48.41,48.88,48.36,48.82,313700
HIFS,20120206,52.59,53.83,52.05,53.83,1000
HIHO,20120206,2.79,2.83,2.77,2.83,800
HIMX,20120206,1.51,1.6,1.51,1.58,773500
HLIT,20120206,6.33,6.43,6.27,6.34,480700
HMNF,20120206,2.09,2.09,1.61,1.95,21900
HMNY,20120206,1.97,1.97,1.97,1.97,0
HMSY,20120206,34.45,34.72,34.22,34.34,347500
HNH,20120206,12.76,12.85,12.55,12.6,6900
HNRG,20120206,10.02,10.12,9.99,10.06,17600
HOFT,20120206,12.79,13.25,12.79,12.99,16400
HOLI,20120206,8.9,9.24,8.85,8.96,208300
HOLX,20120206,21.06,21.09,20.63,20.79,1433000
HOMB,20120206,6.6875,6.7275,6.625,6.635,57100
HOVNP,20120206,2.94,3.11,2.94,3.1,33600
HPJ,20120206,1.06,1.07,1.06,1.07,7100
HRZN,20120206,16.51,16.62,16.16,16.6,32800
HSIC,20120206,72.9,73.42,72.69,72.99,641700
HSII,20120206,23.12,23.33,22.73,23.23,54600
HSKA,20120206,7.8,7.99,7.79,7.93,9000
HSNI,20120206,35.96,36.24,35.72,35.78,203100
HSTM,20120206,17.78,17.85,16.28,16.48,399700
HTBK,20120206,5.73,5.82,5.64,5.71,39200
HTHT,20120206,15.37,15.43,14.22,14.75,411100
HTLD,20120206,15.14,15.32,15.14,15.19,195200
HTLF,20120206,16.99,17.19,16.87,17.1,8000
HUBG,20120206,35.11,35.56,34.97,35.37,89200
HURC,20120206,26.09,26.43,26,26.25,29400
HURN,20120206,39.83,40.1,38.96,39.2,77800
HWAY,20120206,8.36,8.47,8.05,8.17,110600
HWBK,20120206,7.34,7.34,7.34,7.34,400
HWCC,20120206,14.65,14.81,14.54,14.71,65700
HWKN,20120206,41.92,42.67,40.92,41.07,12900
HYGS,20120206,5.87,5.95,5.85,5.85,1900
HZNP,20120206,3.75,4.06,3.75,3.95,22300
IART,20120206,30.77,31.22,30.61,31.01,201500
IBB,20120206,120.25,122.07,119.74,121.89,625800
IBCP,20120206,1.62,1.66,1.52,1.61,41600
IBKC,20120206,54.31,54.71,53.92,54.2,97000
IBKR,20120206,15.24,15.28,15.1,15.22,211000
IBOC,20120206,19.88,20.05,19.75,19.9,134400
ICAD,20120206,0.57,0.58,0.55,0.56,37700
ICCC,20120206,5,5,5,5,0
ICFI,20120206,28.2,28.64,28.09,28.31,50900
ICLN,20120206,9.68,9.79,9.64,9.73,13000
ICLR,20120206,20.63,21.02,20.56,20.73,164600
ICON,20120206,20.01,20.27,19.75,20.12,609800
ICUI,20120206,46.57,47.2,46.57,46.81,48500
IDCC,20120206,39.73,40.8,39.15,40.67,898800
IDRA,20120206,1.05,1.15,1.05,1.12,57400
IDSA,20120206,6,6.49,6,6.44,31400
IDSY,20120206,5.72,5.86,5.5,5.59,87500
IDTI,20120206,6.64,6.69,6.55,6.58,1322500
IDXX,20120206,43.03,43.16,42.635,42.865,217400
IEP,20120206,39.26,39.28,38.64,39.07,8500
IESC,20120206,2.63,2.63,2.35,2.35,4400
IFEU,20120206,27.03,27.24,27.03,27.16,1700
IFGL,20120206,28.14,28.23,28.06,28.23,24900
IFON,20120206,0.78,0.79,0.78,0.78,11000
IGLD,20120206,10.02,10.02,10.02,10.02,0
IGOV,20120206,99.39,100.17,99.31,99.64,17100
III,20120206,1.35,1.41,1.34,1.34,20100
IIIN,20120206,13.28,13.47,13.2,13.45,112600
IIJI,20120206,8.57,8.7,8.57,8.59,6600
IIN,20120206,7,7,6.81,6.9,4900
IIVI,20120206,23.93,24.08,23.84,23.95,329400
IKNX,20120206,7.26,7.26,7.26,7.26,800
ILMN,20120206,51.84,52.2,51.72,51.97,1565600
IMGN,20120206,14.59,14.66,14.27,14.51,376200
IMI,20120206,9.01,9.25,8.76,9.12,69300
IMKTA,20120206,18.02,18.12,17.74,18.02,35300
IMMR,20120206,5.88,5.98,5.75,5.95,139700
IMMU,20120206,3.88,3.88,3.8,3.82,249900
IMMY,20120206,0.45,0.45,0.45,0.45,1000
IMOS,20120206,8.16,8.29,7.72,7.9,129400
INAP,20120206,7.14,7.14,6.92,7,174700
INCY,20120206,17.96,18.12,17.21,18,1647300
INDB,20120206,28.49,29.23,28.49,28.97,38600
INDY,20120206,25.05,25.23,25.05,25.14,116600
INFI,20120206,6.93,6.93,6.49,6.83,127100
INFN,20120206,8.21,8.25,7.83,8,2042400
ININ,20120206,27.52,28.15,27.12,28.12,228000
INOD,20120206,4.1,4.25,4.06,4.11,49000
INSM,20120206,5.35,5.39,5.21,5.26,60000
INTC,20120206,26.54,26.73,26.36,26.72,36777800
INTG,20120206,19.21,19.21,17.99,18.83,1600
INTL,20120206,26.54,27.34,26.54,27.26,98700
INTU,20120206,57.86,58.45,57.82,57.9,2157000
INTX,20120206,12.7,13.29,12.49,13.25,68900
INVE,20120206,23.6,24.1,21.5,23.8,187600
INWK,20120206,11.53,11.66,11.36,11.6,191400
IOSP,20120206,32.03,32.26,31.86,32.16,36100
IPAR,20120206,17.67,17.76,17.29,17.49,74600
IPAS,20120206,1.66,1.7,1.65,1.7,35800
IPCC,20120206,61.21,62.03,60.47,61,21900
IPCI,20120206,3.4,3.62,3.4,3.6,159100
IPGP,20120206,54.06,56.58,52.98,54.77,882700
IPHS,20120206,50.43,51.14,50.17,50.45,59500
IPXL,20120206,22.33,22.4,22.03,22.36,545400
IRBT,20120206,36.74,37.24,36.3,36.76,276500
IRDM,20120206,8.11,8.29,8.1,8.22,238200
IRIX,20120206,3.85,4.15,3.85,4.15,13400
IROQ,20120206,11.4,11.4,11.4,11.4,0
IRWD,20120206,14.87,14.95,14.62,14.85,152100
ISBC,20120206,6.0745,6.0745,5.9765,5.9882,159100
ISCA,20120206,27.24,27.5,27.09,27.27,62200
ISHG,20120206,99.05,99.81,98.57,99.6,16400
ISIG,20120206,2.2,2.2,2.14,2.2,6700
ISIL,20120206,11.25,11.28,11.01,11.14,1249900
ISLE,20120206,5.32,5.37,5.28,5.34,62000
ISM,20120206,21.95,21.95,21.92,21.92,1300
ISNS,20120206,6.19,6.23,6.1,6.15,4000
ISRG,20120206,489.66,494.26,483.13,491.39,357800
ISRL,20120206,94.01,97.84,94.01,97.82,400
ISSC,20120206,3.91,4.1,3.89,4.01,11300
ITIC,20120206,40.84,42.72,40.75,42.72,11900
ITRI,20120206,39.71,41.13,39.22,41.04,403500
ITRN,20120206,13.61,13.86,13.6,13.8,3500
IVAC,20120206,8.96,9.25,8.9,9.11,88800
IXYS,20120206,12.01,12.15,11.94,12.06,81100
JACK,20120206,23.17,23.2,22.95,23.15,128100
JAKK,20120206,15.79,15.97,15.64,15.82,95100
JASO,20120206,8.6,8.95,8.4,8.8,3979100
JAZZ,20120206,48.01,51,47.83,50.37,1893900
JBHT,20120206,51.18,52,51.04,51.91,1074400
JBLU,20120206,6.23,6.3,6.1,6.14,4859100
JBSS,20120206,10.12,10.3,9.85,9.94,39100
JCOM,20120206,28.71,29.29,28.71,29.18,166800
JCS,20120206,15.3,15.44,15.2,15.39,15700
JCTCF,20120206,4.5,4.5,4.5,4.5,0
JIVE,20120206,17.04,17.75,16.24,17.02,451000
JJSF,20120206,52.36,52.77,52.03,52.37,36500
JKHY,20120206,34.77,35.29,34.77,34.99,293700
JMBA,20120206,8.35,8.6,8.2,8.55,362800
JOBS,20120206,22.5,23.21,22.175,22.44,25300
JOUT,20120206,18.54,18.54,18.21,18.43,4700
JRJC,20120206,2.2,2.2,1.79,2.02,168200
JSM,20120206,21.68,21.68,21.3,21.41,7000
JVA,20120206,8.81,9.2,8.8,8.91,297200
JXSB,20120206,14.27,14.3,14.27,14.3,300
KALU,20120206,52,52.81,51.91,52,89600
KCAP,20120206,7.17,7.3,7.14,7.18,51000
KELYA,20120206,15.47,16.07,15.15,15.93,530400
KELYB,20120206,17.4,17.4,17.4,17.4,0
KEQU,20120206,9.37,9.5,9.37,9.5,1200
KERX,20120206,3.67,3.74,3.62,3.65,1742100
KEYW,20120206,7.28,7.51,7.18,7.44,110800
KFFB,20120206,9.05,9.05,9.05,9.05,0
KFRC,20120206,13.45,13.49,13.07,13.37,138800
KGJI,20120206,1.69,1.69,1.6,1.61,17300
KINS,20120206,3.32,3.32,3.3,3.3,800
KIRK,20120206,17.02,17.02,16.67,16.78,85700
KLAC,20120206,51.65,51.69,50.78,50.83,2622900
KLIC,20120206,11.41,11.63,11.35,11.53,856200
KNDI,20120206,3.26,3.46,3.22,3.37,17900
KONA,20120206,5.33,5.4,5.12,5.27,305800
KONE,20120206,4.5,4.5,3.8,3.8,6000
KOOL,20120206,21.4,23.2,21.4,23,125100
KOPN,20120206,3.98,3.99,3.91,3.97,91500
KOSS,20120206,5.52,5.55,5.5,5.55,3100
KRNY,20120206,9.9,10.06,9.9,9.98,10300
KTCC,20120206,9,9.31,8.8,9.2,267200
KTEC,20120206,13,13.78,12.91,13.26,12200
KTOS,20120206,7.66,7.79,7.32,7.41,278000
KVHI,20120206,9.91,9.97,9.7,9.93,36900
KZ,20120206,4.1,4.32,4.09,4.22,51300
LABL,20120206,23,23.19,22.51,23.05,33800
LAKE,20120206,10.2,10.32,9.63,10.16,14500
LAMR,20120206,29.79,30.38,29.19,30.38,502800
LANC,20120206,69.68,69.96,69.37,69.6,46900
LARK,20120206,18.8,18.98,18.03,18.03,2500
LAWS,20120206,17.6,17.71,17.55,17.68,4500
LAYN,20120206,25.46,25.6,25.16,25.31,61300
LBAI,20120206,10.19,10.4,10.06,10.14,43700
LBIX,20120206,3.45,3.45,3.45,3.45,200
LBTYA,20120206,24.0828,24.5733,23.9959,24.512,764100
LBTYB,20120206,45.88,45.88,45.88,45.88,0
LBTYK,20120206,45.28,46.2,45.21,46.01,179800
LCNB,20120206,12.65,12.65,12.56,12.56,1600
LCUT,20120206,12.6,12.63,12.34,12.61,10800
LECO,20120206,45.19,45.6,45.01,45.35,239100
LEDS,20120206,3.24,3.3,3.15,3.27,62200
LFUS,20120206,53.61,54.2,53.51,53.68,80600
LGCY,20120206,28.32,28.85,28.2,28.82,101600
LGND,20120206,13.77,14.16,13.53,14.02,73200
LHCG,20120206,16.17,16.33,15.86,16.05,190200
LIFE,20120206,49.36,49.66,49.09,49.24,1045800
LINC,20120206,9.5,9.58,9.32,9.53,62800
LION,20120206,6.79,6.79,6.67,6.78,900
LIOX,20120206,2.74,2.83,2.72,2.79,156000
LIVE,20120206,1.6167,2.1233,1.6167,1.9,434800
LKFN,20120206,17.74,17.7733,17.1667,17.2133,67400
LKQ,20120206,16.28,16.47,16.225,16.395,392200
LLNW,20120206,3.47,3.76,3.45,3.71,2298200
LLTC,20120206,34.29,34.3,33.83,34.13,1631900
LMAT,20120206,5.68,5.82,5.68,5.82,4200
LMCA,20120206,28.0333,28.3333,27.95,28.01,518100
LMIA,20120206,20.27,20.31,19.74,19.93,31200
LMNR,20120206,19.35,19.4,18.82,18.98,5800
LMNX,20120206,20.5,21.13,20.5,20.92,250300
LMOS,20120206,16.06,16.71,15.82,16.21,76600
LNCE,20120206,23.44,23.57,23.33,23.49,104600
LNDC,20120206,6.04,6.55,6.04,6.47,54800
LOAN,20120206,1.15,1.2,1.09,1.1,7000
LOGI,20120206,8.32,8.42,8.32,8.39,368700
LOGM,20120206,41.76,42.62,41.01,41.44,211900
LOPE,20120206,17.06,17.24,16.91,17.12,177400
LORL,20120206,69.33,70.37,69.33,69.98,29900
LPLA,20120206,34.99,35.37,34.89,35.05,278900
LPNT,20120206,41.4,42.08,40.53,40.87,295600
LPSN,20120206,12.66,12.86,12.5,12.56,127400
LPTH,20120206,1.58,1.64,1.42,1.55,36100
LQDT,20120206,39.99,40.96,39.41,39.88,512100
LRAD,20120206,1.45,1.51,1.45,1.51,22100
LRCX,20120206,43.86,43.96,42.93,43.23,3242600
LSBK,20120206,9.74,9.74,9.74,9.74,0
LSCC,20120206,6.9,7.02,6.88,6.88,1107500
LSTR,20120206,52.45,52.56,51.36,52.09,281600
LTBR,20120206,12.3,12.5,12.05,12.5,31800
LTRX,20120206,3,3.05,2.98,3,18200
LULU,20120206,64.15,65.27,63.7,64.94,1325300
LUNA,20120206,1.79,1.8,1.67,1.75,16700
LWAY,20120206,9.5,9.58,9.38,9.54,8500
LXRX,20120206,11.83,12.18,11.2,11.97,666500
LYTS,20120206,7.21,7.31,7.2,7.24,82200
MAGS,20120206,3.9,4.15,3.89,4.08,50400
MANH,20120206,11.455,11.64,11.455,11.5425,152700
MANT,20120206,36.56,36.75,36.1,36.16,85300
MARK,20120206,6.88,6.94,5.81,6,36700
MARPS,20120206,25.05,25.28,25.05,25.11,1400
MASI,20120206,22.57,22.89,22.35,22.7,247200
MAT,20120206,31.5,31.76,31.18,31.75,2731800
MATR,20120206,5.88,5.88,5.88,5.88,100
MATW,20120206,33.66,33.83,33.18,33.22,207800
MAYS,20120206,17,17,16.4,17,3600
MBFI,20120206,19.62,19.78,19.3,19.73,225800
MBLX,20120206,16.44,18.18,15.9,17.4,1161800
MBRG,20120206,15.09,15.3,15.09,15.3,1400
MBTF,20120206,1.39,1.43,1.3,1.32,9000
MBVT,20120206,29.83,29.85,29.69,29.78,2600
MBWM,20120206,12.3,12.49,12.06,12.45,9200
MCBC,20120206,2.99,3.05,2.94,3.04,40800
MCEP,20120206,22.27,22.79,21.81,22.61,167500
MCHP,20120206,38.06,38.26,37.79,38.02,1722200
MCHX,20120206,4.5,4.59,4.36,4.4,85000
MCRI,20120206,11.24,11.32,10.93,11,23800
MDCA,20120206,14.37,14.46,14.1,14.27,40600
MDCO,20120206,21.87,22.21,21.87,21.99,636300
MDM,20120206,4.64,4.64,4.4,4.44,19300
MDRX,20120206,19.99,20.44,19.72,20.33,1112900
MDSO,20120206,10.78,10.78,9.97,10.025,413400
MELI,20120206,96.65,98.75,94.84,95.69,853400
MEMP,20120206,17.94,18.34,17.85,18.3,49900
MENT,20120206,14.51,14.78,14.4,14.52,422700
MEOH,20120206,28.86,29.74,28.7,29.64,405400
MERC,20120206,8.46,8.73,8.31,8.68,173300
MFNC,20120206,5.45,5.45,5.45,5.45,1100
MFRI,20120206,7.69,7.74,7.66,7.72,1600
MFSF,20120206,9.4,9.52,9.05,9.15,16200
MGEE,20120206,30.5933,30.8467,30.4,30.58,32700
MGIC,20120206,6.75,7,6.75,6.88,403900
MGLN,20120206,48.63,48.74,47.84,48.13,180300
MGPI,20120206,6.62,6.63,6.32,6.47,27900
MGRC,20120206,33.09,33.09,32.29,32.46,60800
MGYR,20120206,4.28,4.4,4.28,4.4,600
MHGC,20120206,5.97,6.01,5.95,5.99,133600
MHLD,20120206,9.52,9.7,9.49,9.53,109800
MIDD,20120206,32.56,32.6633,32.2433,32.31,100500
MIND,20120206,22.97,23.54,22.75,23.52,173600
MINI,20120206,22.27,22.47,22.03,22.09,200900
MITK,20120206,8.72,9.07,8.64,8.7,550300
MITL,20120206,3.17,3.19,2.89,2.9,31800
MKSI,20120206,32.02,32.16,31.59,31.96,494800
MKTX,20120206,34.06,34.13,32.74,32.91,167700
MLAB,20120206,45.83,45.83,45.35,45.79,3900
MLHR,20120206,22.54,22.65,22.08,22.37,298000
MLNK,20120206,5.92,5.96,5.81,5.87,90800
MLNX,20120206,37.38,37.47,36.88,37.36,190600
MLVF,20120206,7.6,7.6,7.6,7.6,0
MMLP,20120206,35.24,35.8,34.93,35.15,57500
MMSI,20120206,14.31,14.52,14.3,14.38,166400
MMYT,20120206,24.23,24.48,23.12,23.16,49000
MNDO,20120206,2.47,2.5,2.43,2.48,39700
MNKD,20120206,2.19,2.36,2.18,2.34,6549500
MNOV,20120206,2.22,2.23,2.14,2.15,21500
MNRO,20120206,44.2,44.77,44.05,44.59,175200
MNST,20120206,17.5833,17.7683,17.5067,17.565,489000
MNTA,20120206,16.48,16.54,16.15,16.38,671000
MNTX,20120206,6.15,6.29,6.08,6.15,114900
MOBI,20120206,3.94,3.97,3.78,3.84,145000
MOCO,20120206,16.27,16.65,16.08,16.2,7000
MOFG,20120206,16.7,16.78,16.7,16.75,3500
MORN,20120206,60.45,61.24,59.76,60.95,61300
MOSY,20120206,4.38,4.45,4.18,4.26,71800
MPAA,20120206,6.75,7.03,6.74,6.81,154700
MPB,20120206,8.5,8.56,8.43,8.5,5900
MPEL,20120206,12.04,12.07,11.56,11.66,6231100
MPET,20120206,0.98,1,0.98,1,188600
MPWR,20120206,17.02,17.02,16.42,16.46,97700
MRCY,20120206,14.39,14.46,14.06,14.35,141600
MRLN,20120206,14.33,14.7,14.2,14.37,12000
MRTN,20120206,14.7667,14.8267,14.5733,14.78,38200
MRVL,20120206,16.55,16.56,16.21,16.34,8077900
MSBF,20120206,5.33,5.33,5.33,5.33,0
MSCC,20120206,21.06,21.42,20.98,21.08,360400
MSEX,20120206,19.24,19.3,18.9,19.04,57500
MSFG,20120206,9.97,9.99,9.76,9.94,63300
MSFT,20120206,30.07,30.22,29.97,30.2,28040300
MSLI,20120206,2.08,2.08,2.08,2.08,0
MSON,20120206,1.68,2,1.65,1.81,79700
MSTR,20120206,126,126.01,123,125.05,224400
MTEX,20120206,4.39,4.39,4.39,4.39,100
MTGE,20120206,19.78,19.84,19.52,19.67,101000
MTRX,20120206,12.46,12.5,11.98,12.35,76000
MTSC,20120206,48.49,49.58,48.48,48.99,126400
MTSL,20120206,1.85,1.85,1.85,1.85,100
MU,20120206,7.7,7.88,7.68,7.72,32643900
MVIS,20120206,3.76,4.4,3.6,4.32,3423300
MXIM,20120206,27.56,27.62,27.15,27.27,2113000
MXWL,20120206,20.64,20.75,20.28,20.39,136700
MYGN,20120206,23.99,24.01,23.59,24,596800
MYL,20120206,22.31,22.43,22.2,22.33,5262400
MYRG,20120206,21.76,22.1,21.76,22.06,77700
NAII,20120206,9.2,9.21,9.1,9.21,11400
NANO,20120206,20.55,20.72,20.17,20.24,210000
NATH,20120206,20.89,21.94,20.65,20.65,1400
NATI,20120206,27.04,27.49,27.03,27.23,227200
NATL,20120206,26.8,27.11,26.66,26.98,19300
NATR,20120206,15.79,15.89,15.51,15.85,51900
NAUH,20120206,7.32,7.47,7.3,7.35,32400
NAVG,20120206,51.41,51.44,50.26,50.68,15600
NBIX,20120206,9.38,9.74,9.36,9.65,395300
NBN,20120206,12.9,12.9,12.9,12.9,0
NBTB,20120206,23.23,23.37,22.9,23.06,92500
NCIT,20120206,7.44,7.49,7.32,7.47,34700
NCMI,20120206,14.28,14.5,14.18,14.35,276400
NCTY,20120206,7.7,7.87,7.56,7.59,18300
NDAQ,20120206,24.97,25.36,24.91,25.35,2080100
NDSN,20120206,47.4,48.53,47.25,48.51,335800
NEOG,20120206,22.6733,23.3,22.4333,22.9067,99200
NEPT,20120206,2.51,2.55,2.49,2.51,21000
NEWS,20120206,10.12,10.62,10.08,10.59,62300
NEWT,20120206,6,6.2,6,6.2,11300
NFBK,20120206,15.41,16.49,14.94,15.08,21900
NFEC,20120206,0.57,0.65,0.57,0.64,15500
NFLX,20120206,17.6029,18.6571,17.4071,18.4643,11664100
NICE,20120206,36.33,36.37,35.75,35.81,183200
NICK,20120206,14,14,13.61,13.7,17300
NIHD,20120206,22.85,23.03,22.59,22.99,1956200
NILE,20120206,39.93,41.31,39.93,41.16,135700
NKSH,20120206,30.65,30.87,30.31,30.74,8800
NKTR,20120206,7.15,7.4,7.07,7.36,1236900
NLNK,20120206,7,7.26,7,7.17,9700
NLST,20120206,3.45,3.8,3.41,3.76,848700
NMRX,20120206,8.87,9.09,8.87,9.08,7600
NNBR,20120206,8.93,9.32,8.92,9.08,150800
NRIM,20120206,20.06,20.07,19.9,19.9,1700
NSEC,20120206,8.99,9.15,8.99,9.15,600
NSIT,20120206,19.45,19.45,18.91,19.08,74900
NSSC,20120206,2.85,2.87,2.7,2.75,18800
NSYS,20120206,3.74,3.74,3.74,3.74,100
NTAP,20120206,40.23,40.38,39.67,39.93,4686800
NTCT,20120206,20.76,21.43,20.68,21.3,229300
NTES,20120206,49.04,49.73,48.4,48.74,508800
NTGR,20120206,42.78,42.91,41.66,42.28,583400
NTIC,20120206,14.64,14.89,14.59,14.67,1900
NTRI,20120206,11.47,11.53,11.17,11.52,949000
NTRS,20120206,43.92,44.29,43.75,44.15,1790000
NTWK,20120206,6.2,6.5,5.6,6.1,286400
NUAN,20120206,29.79,29.89,29.18,29.31,4810100
NURO,20120206,32.16,33.12,29.76,29.76,57200
NUTR,20120206,14.2,14.21,13.95,14.19,25700
NUVA,20120206,17,17.38,16.82,17,635700
NVAX,20120206,1.5,1.51,1.47,1.49,345600
NVDA,20120206,15.74,15.76,15.56,15.69,6972600
NVEC,20120206,57.6,58.46,57.5,57.87,8900
NVLS,20120206,48.48,48.76,47.61,47.97,2938800
NVMI,20120206,8.87,8.87,8.5,8.56,108300
NWBI,20120206,12.8,12.8,12.59,12.62,270600
NWFL,20120206,27,27,26.11,26.5,600
NWLI,20120206,152.93,153.28,149.91,152.66,1200
NWPX,20120206,23.76,25.06,23.65,24.99,53500
NWS,20120206,19.92,20.2,19.9,20.2,2264100
NWSA,20120206,19.22,19.57,19.22,19.56,15579100
NXPI,20120206,22.53,22.68,21.68,21.74,1433500
NXST,20120206,8.37,8.51,8.37,8.49,14600
NXTM,20120206,19.08,19.61,18.86,19.46,373000
NYMT,20120206,7.1,7.14,7.01,7.01,126100
NYMX,20120206,8.71,8.83,8.61,8.77,41700
NYNY,20120206,10.85,10.95,10.5,10.95,17100
OBAS,20120206,5.5,5.5,5.5,5.5,1000
OBCI,20120206,2.27,2.32,2.14,2.23,34800
OCC,20120206,3.4,3.57,3.26,3.41,5900
OCFC,20120206,14.07,14.35,13.95,14.03,32700
OCLR,20120206,4.79,4.86,4.75,4.79,1008600
OCLS,20120206,37.1,37.1,36.05,36.75,51000
ODFL,20120206,29.6067,29.7867,29.3867,29.5933,169500
OFED,20120206,11.55,11.55,11.55,11.55,0
OFIX,20120206,40.85,41.24,40.57,41.06,41700
OFLX,20120206,16.92,17.47,16.17,16.66,6200
OGXI,20120206,14.23,15.33,14.2,15.05,224800
OIIM,20120206,5.06,5.17,4.95,5.11,89600
OKSB,20120206,8.46,8.8,8.45,8.77,64700
OLBK,20120206,8.89,8.89,8.89,8.89,0
OMAB,20120206,15.32,15.5,15.3,15.49,1100
OMCL,20120206,16.39,16.64,16.29,16.55,553300
OMER,20120206,5.85,5.97,5.85,5.94,53800
OMEX,20120206,41.28,42,39.72,41.52,576400
ONEQ,20120206,114.17,114.42,113.66,114.32,7400
ONVI,20120206,3.07,3.12,3.04,3.04,2300
OPHC,20120206,27.2,28.4,25.6,28.4,1300
OPOF,20120206,10.1,10.1,10.1,10.1,100
OPTT,20120206,32.8,34.6,32.1,34,88600
OPXA,20120206,3.96,3.96,3.8,3.88,34400
OPXAW,20120206,0.15,0.15,0.15,0.15,1100
ORBC,20120206,3.5,3.65,3.4,3.54,183700
ORBK,20120206,10.9,10.9,10.74,10.81,83700
OREX,20120206,28.5,32.5,28.2,32.1,1771600
ORIG,20120206,15.68,16,15.48,15.78,134800
ORIT,20120206,13.46,13.49,13.27,13.38,118800
ORLY,20120206,82.5,83.38,82.06,82.36,796400
ORRF,20120206,7.71,7.71,7.6,7.66,13300
OSBC,20120206,1.26,1.3,1.17,1.25,12500
OSBCP,20120206,3.95,3.95,3.88,3.95,7900
OSHC,20120206,10.63,10.74,10.5,10.6,3300
OSIR,20120206,5.87,6.09,5.86,6.06,80900
OSIS,20120206,56.49,56.9,55.35,55.56,61300
OSM,20120206,22.7,23,22.62,22.92,32000
OSN,20120206,3.48,3.54,3.36,3.36,14000
OSTK,20120206,7.05,7.07,6.9,6.95,80400
OSUR,20120206,11.1,11.78,11.1,11.56,449500
OTEX,20120206,30.205,30.36,29.75,30.295,623600
OTIV,20120206,1.33,1.42,1.28,1.39,178200
OTTR,20120206,22.39,22.43,22.18,22.28,109000
OVBC,20120206,18.44,18.83,18.36,18.36,2900
OVLY,20120206,6.99,6.99,6.99,6.99,0
OXLC,20120206,15.4,15.55,15.4,15.55,5000
OZRK,20120206,14.465,14.635,14.45,14.615,277300
PAAS,20120206,23.72,24.01,23.55,23.8,977100
PACB,20120206,4.78,4.93,4.76,4.93,314300
PACW,20120206,22.04,22.1,21.75,22.01,141600
PAGG,20120206,29.91,30.04,29.82,29.95,13100
PANL,20120206,47.59,47.8,46.78,47,585800
PATK,20120206,4,4.1467,3.9,3.9733,46200
PAYX,20120206,31.81,31.89,31.63,31.73,2076600
PBCT,20120206,12.52,12.58,12.44,12.5,3913800
PBHC,20120206,9.22,9.22,9.22,9.22,0
PBIB,20120206,2.07,2.07,2.05,2.05,10200
PBIP,20120206,5.27,5.44,5.27,5.3,500
PBSK,20120206,11.6,11.6,11.6,11.6,600
PCAR,20120206,44.29,44.32,43.65,43.81,2245200
PCBK,20120206,9.08,9.08,8.93,8.94,40500
PCH,20120206,30.85,31.23,30.81,31.15,276400
PCLN,20120206,544.8,547.6,536.61,536.73,717000
PCO,20120206,2.69,2.75,2.69,2.69,175400
PCOM,20120206,8.75,8.8,8.55,8.72,42400
PCRX,20120206,10.88,10.88,10.27,10.41,83600
PCTI,20120206,7.56,7.65,7.42,7.59,11700
PCYO,20120206,2.71,2.75,2.46,2.56,31600
PDCO,20120206,32.46,32.5,32.27,32.36,458500
PDEX,20120206,2.9,2.9,2.75,2.84,21700
PDFS,20120206,6.56,6.7,6.56,6.67,40800
PDLI,20120206,6.48,6.5,6.33,6.42,1446500
PEBK,20120206,6.53,6.64,6.5,6.61,6100
PEBO,20120206,16.55,17.15,16.55,17.02,27700
PEGA,20120206,14.495,14.705,14.35,14.455,287300
PEIX,20120206,16.35,16.5,16.2,16.5,1509700
PENN,20120206,40.52,41.86,40.52,41.81,487400
PERF,20120206,10.1,10.81,10,10.43,33300
PERI,20120206,5.38,5.38,5.22,5.25,23900
PERY,20120206,16.57,16.92,16.48,16.85,139200
PESI,20120206,8.05,8.4,7.95,8.25,74800
PETS,20120206,12.62,12.67,12.33,12.36,170400
PFBC,20120206,9.32,9.32,9.16,9.16,2800
PFBI,20120206,5.95,6.32,5.69,6.15,3500
PFBX,20120206,11.01,11.01,11.01,11.01,0
PFIN,20120206,4,4.06,4,4,6000
PFLT,20120206,11.51,11.55,11.34,11.34,8200
PFSW,20120206,2.89,3.04,2.81,2.93,38300
PGC,20120206,11.87,12.09,11.87,12.09,6900
PGNX,20120206,10.03,10.22,9.92,10.17,75100
PGTI,20120206,1.48,1.56,1.48,1.56,52500
PHII,20120206,24.33,24.33,24.19,24.33,600
PHIIK,20120206,25.69,25.76,25.6,25.64,6800
PHMD,20120206,65.15,70,65.15,66.75,8500
PICO,20120206,24.16,24.43,23.64,23.9,53200
PKBK,20120206,6.2,6.28,5.9,6.21,10000
PKOH,20120206,20.12,20.2,19.77,20.03,28100
PLAB,20120206,7.4,7.41,7.18,7.32,458500
PLBC,20120206,2.35,2.35,2.2,2.28,6700
PLCE,20120206,50.24,50.77,49.18,49.67,665800
PLPC,20120206,66.86,69.73,66.68,68.61,6100
PLUG,20120206,2.03,2.09,2.02,2.04,172900
PLUS,20120206,31.72,32.57,31.58,32.54,11200
PLXS,20120206,37.62,38.21,37.36,37.4,236000
PMBC,20120206,3.99,4.05,3.8,3.8,5600
PMD,20120206,9.65,9.7,9.62,9.62,7600
PNBK,20120206,18.8,18.8,18.8,18.8,0
PNFP,20120206,17.39,17.39,17.14,17.25,111400
PNNT,20120206,10.57,10.63,10.51,10.55,347500
PNQI,20120206,38.18,38.52,38.18,38.3,31700
PNRA,20120206,156.75,158.78,156.18,157.18,636000
PNRG,20120206,22.81,24.23,22.81,23.95,2400
PNTR,20120206,3.05,3.05,3,3.05,2900
PODD,20120206,19.95,19.95,19.51,19.7,377100
POOL,20120206,35,35.1,34.53,35.05,172700
POPE,20120206,44.02,45.67,44.02,45.67,1500
POWI,20120206,38.52,39.38,38.15,38.61,204500
POWL,20120206,37.13,37.82,37.13,37.6,41700
PPBI,20120206,7.59,7.6,7.5,7.6,1500
PPHM,20120206,0.99,1.04,0.99,1.01,3415900
PRAA,20120206,23.25,23.3767,23.0667,23.3633,61800
PRAN,20120206,10.56,11.7,10.56,11.4,298900
PRCP,20120206,5.41,5.48,5.23,5.46,13700
PRFT,20120206,11.97,12.04,11.82,12,72400
PRFZ,20120206,67.25,67.58,67.2,67.44,18600
PRGS,20120206,23.58,23.63,23.25,23.62,276400
PRGX,20120206,6.15,6.15,5.9,6.08,55800
PRIM,20120206,16.55,16.64,16.28,16.34,179900
PRKR,20120206,7.9,8.9,7.8,8.2,188000
PRMW,20120206,3.06,3.55,3.06,3.45,911500
PROV,20120206,9.41,9.66,9.41,9.66,3300
PRPH,20120206,1.16,1.16,1.11,1.11,20100
PRSC,20120206,15.47,15.5,15.3,15.39,80700
PRTS,20120206,5.03,5.03,4.94,4.98,28500
PRXL,20120206,24.73,25.23,24.19,24.91,603700
PSAU,20120206,44.5,44.69,44.45,44.48,11900
PSCC,20120206,33.2,33.2,32.9,33,31400
PSCD,20120206,31.35,31.35,30.9,31.03,18600
PSCE,20120206,37.49,38.28,37.46,38.23,8700
PSCF,20120206,29.47,29.48,29.36,29.39,2400
PSCH,20120206,34.04,34.27,34,34.04,22100
PSCI,20120206,30.92,30.92,30.71,30.71,10300
PSCM,20120206,30.21,30.22,30.15,30.15,1500
PSCT,20120206,31.8,31.8,31.59,31.64,53200
PSCU,20120206,31.5,31.5,31.38,31.38,800
PSDV,20120206,1.27,1.34,1.26,1.3,72100
PSEC,20120206,10.64,10.69,10.6,10.64,711200
PSMT,20120206,65.98,66.57,64.35,66.36,397900
PSTB,20120206,4.71,4.88,4.68,4.82,253900
PSTI,20120206,2.6,2.62,2.55,2.56,57900
PTEN,20120206,18.36,18.55,18.15,18.5,2791400
PTIE,20120206,4.24,4.3,4.2,4.22,63900
PTNR,20120206,8.65,8.75,8.51,8.72,198300
PTSI,20120206,10.67,10.68,10.5,10.58,500
PVTB,20120206,14.94,14.95,14.68,14.86,519400
PVTBP,20120206,26.64,26.7,26.25,26.6,2300
PWOD,20120206,40.96,41,40.33,40.71,3300
PXLW,20120206,2.39,2.4,2.3,2.35,33900
PZZA,20120206,20.185,20.21,19.87,20.16,95200
QABA,20120206,24.92,24.92,24.71,24.71,1500
QADA,20120206,14.09,14.09,13.85,13.93,3000
QADB,20120206,13.6,14,13.6,13.85,2300
QBAK,20120206,10.98,10.98,10.98,10.98,800
QCLN,20120206,11.49,11.55,11.49,11.55,3900
QCOM,20120206,60.87,61.12,60.54,61.07,11061100
QCRH,20120206,9.44,9.8,9.34,9.79,3100
QDEL,20120206,14.76,14.91,14.35,14.44,287400
QGEN,20120206,15.7,15.94,15.69,15.86,783900
QLTI,20120206,7.15,7.69,7.13,7.65,241400
QNST,20120206,10.14,10.74,9.97,10.58,245900
QQEW,20120206,25.87,25.96,25.82,25.91,20600
QQQ,20120206,61.82,62.02,61.66,62,28541000
QQQC,20120206,15.34,15.34,15.04,15.04,1900
QQQX,20120206,14.7,14.74,14.63,14.65,69000
QQXT,20120206,23.31,23.42,23.31,23.4,6600
QSII,20120206,42.49,43.16,42.23,42.4,342200
QTEC,20120206,27.45,27.45,27.27,27.35,70700
QUIK,20120206,3.01,3.01,2.88,2.92,90700
RADA,20120206,3.88,4.26,3.84,3.84,1100
RAIL,20120206,23.24,23.56,22.9,23.31,26600
RAND,20120206,3.34,3.34,3.34,3.34,0
RAVN,20120206,34.45,34.855,33.77,33.985,19700
RBCAA,20120206,26,26.49,25.75,25.99,30000
RBCN,20120206,12.09,12.13,11.64,11.7,196900
RBPAA,20120206,1.34,1.35,1.29,1.29,3700
RCII,20120206,34.03,34.95,34.03,34.7,492400
RCKY,20120206,11.81,11.81,11.63,11.77,25700
RCMT,20120206,5.57,5.68,5.5,5.6,9100
RCON,20120206,0.46,0.47,0.35,0.43,13200
RDCM,20120206,4.34,4.47,4.3,4.34,3500
RDI,20120206,4.28,4.33,4.25,4.33,16300
RDNT,20120206,2.62,2.65,2.51,2.6,60300
RDWR,20120206,16.49,16.5,16.2,16.35,121500
RECN,20120206,13.13,13.33,13.13,13.25,171100
REFR,20120206,3.99,4.02,3.97,4.01,34300
REGI,20120206,9.29,9.29,8.96,9.28,19000
REGN,20120206,94.78,101.72,94.73,101.14,1706600
REIS,20120206,12.49,12.49,10,10.38,3400
RELL,20120206,12.64,12.71,12.24,12.44,131800
RELV,20120206,8.96,9.17,8.75,9.17,7200
REXX,20120206,10.14,10.33,10,10.32,513000
RFIL,20120206,3.84,3.88,3.84,3.84,5500
RGCO,20120206,18.03,18.03,18,18,2200
RGEN,20120206,4.14,4.15,4.03,4.13,18500
RGLD,20120206,73.29,73.9,72.5,73.02,624300
RICK,20120206,10.32,10.4,10.21,10.34,53200
RIGL,20120206,10.39,10.57,10.15,10.34,358800
RLOG,20120206,6.84,6.96,6.84,6.9,900
RMBS,20120206,7.56,7.6,7.44,7.54,830100
RMCF,20120206,8.64,8.7,8.63,8.7,7800
RMTI,20120206,10.93,11.14,10.91,11.04,61100
RNET,20120206,17.4,17.46,17.35,17.45,16700
RNST,20120206,16.41,16.46,15.81,15.93,48200
RNWK,20120206,11.19,11.25,10.97,11.16,250100
ROCK,20120206,17.19,17.44,16.67,16.89,83700
ROIA,20120206,1.12,1.12,1.12,1.12,0
ROIAK,20120206,1.05,1.07,1.02,1.06,39200
ROIC,20120206,11.99,12,11.94,11.96,373200
ROLL,20120206,47.01,47.12,46.65,46.99,46900
ROSG,20120206,4.65,6,4.65,5.1,560600
ROST,20120206,25.825,25.83,25.455,25.66,2151200
RP,20120206,28.61,28.91,28.17,28.53,75400
RPRX,20120206,4.6,4.65,4.54,4.6,53100
RPXC,20120206,17.31,17.43,17.26,17.38,44900
RRGB,20120206,32.65,32.76,32.1,32.2,63900
RSYS,20120206,7.3,7.7,7.16,7.47,136200
RTIX,20120206,4.02,4.02,3.85,3.85,309100
RUSHA,20120206,23.67,23.76,23.24,23.39,124100
RUSHB,20120206,19.37,19.37,19.37,19.37,1300
RUTH,20120206,6.39,6.4,6.22,6.25,141800
RVSB,20120206,2.13,2.15,2.12,2.15,2700
RYAAY,20120206,34.1,34.9,34.03,34.27,174400
SAAS,20120206,5.22,5.32,5.19,5.21,366300
SAFM,20120206,48.98,49.49,48.56,49.48,144800
SAFT,20120206,45.02,45.07,44.45,44.72,20600
SAIA,20120206,11.1267,11.3133,10.96,11.1133,78800
SALM,20120206,2.92,2.92,2.52,2.73,63100
SANM,20120206,11.96,12.1,11.81,12.03,482100
SANW,20120206,4.62,4.62,4.36,4.48,32000
SASR,20120206,19.35,19.48,18.82,18.92,28100
SATS,20120206,28.72,29.51,28.51,29.42,192000
SAVE,20120206,19.4,19.49,18.62,18.99,660200
SBAC,20120206,45.35,45.6,45.01,45.45,876500
SBBX,20120206,5,5,5,5,0
SBCF,20120206,8.9,8.95,8.6,8.8,221500
SBGI,20120206,12.64,12.73,12.46,12.49,258100
SBLK,20120206,87.75,88.5,84.75,87.75,1053400
SBNY,20120206,59.24,59.26,58.26,58.46,240800
SBNYW,20120206,34.2,34.2,34.2,34.2,200
SBRA,20120206,14.45,14.61,14.35,14.45,140300
SBSA,20120206,5.46,5.74,5.41,5.54,70700
SBSI,20120206,21.0476,21.0476,20.7143,20.7905,35300
SBUX,20120206,24.06,24.25,23.995,24.145,3707600
SCHL,20120206,31.18,31.71,30.4,31.43,100500
SCHN,20120206,45.26,45.57,44.87,45.12,191100
SCKT,20120206,2.23,2.23,2.18,2.18,2100
SCLN,20120206,4.97,5.17,4.96,5.07,136800
SCMP,20120206,6.02,6.22,6,6.08,73400
SCON,20120206,271.8,282.6,266.4,266.4,174700
SCOR,20120206,23.43,23.67,22.82,23,236600
SCSC,20120206,38.92,39.14,38.64,38.73,53100
SCSS,20120206,27.01,28.05,26.78,27.63,1272000
SCVL,20120206,17.1933,17.22,16.9933,17.0733,40200
SEAC,20120206,7.19,7.2,7.07,7.12,133600
SEED,20120206,2.51,2.55,2.5,2.55,18300
SEIC,20120206,19.33,19.52,19.33,19.47,732500
SENEA,20120206,28.92,29,28.51,28.61,12800
SENEB,20120206,28.75,28.75,28.56,28.56,1500
SEV,20120206,6.14,6.14,6,6.1,16300
SFLY,20120206,27.83,28.83,27.08,28.35,1380900
SFNC,20120206,28.33,28.4,27.94,28.16,37100
SFST,20120206,6.9,6.9,6.9,6.9,200
SGC,20120206,13.11,13.16,12.89,12.89,12300
SGEN,20120206,19.48,20,19.43,19.85,1688400
SGMA,20120206,3.74,3.74,3.74,3.74,0
SGMO,20120206,4.55,4.62,4.45,4.54,506800
SGMS,20120206,12.97,13.05,12.64,12.99,754000
SGOC,20120206,3.92,3.96,3.4,3.6,8300
SGRP,20120206,1.17,1.17,1.16,1.16,500
SGYP,20120206,3.5,4.08,3.5,4.08,118300
SGYPU,20120206,8.7,9,8.7,9,10000
SGYPW,20120206,1.3,1.37,1.25,1.28,20000
SHBI,20120206,5.9,5.9,5.66,5.74,1000
SHEN,20120206,5.195,5.22,5.075,5.17,44400
SHIP,20120206,11.2,13,11.15,13,84100
SHLD,20120206,44.11,44.79,43.2,44.55,698600
SHLM,20120206,25.6,25.98,25.6,25.89,110700
SHLO,20120206,10.55,10.77,10.33,10.49,17300
SHOO,20120206,27.2667,27.6067,27.0667,27.5533,305100
SHOR,20120206,5.36,5.64,5.35,5.57,1067700
SIEB,20120206,1.6,1.6,1.6,1.6,0
SIFI,20120206,10.41,10.5,10.4,10.42,5800
SIFY,20120206,4.4,4.47,4.31,4.35,367900
SIGI,20120206,18.6,18.78,18.59,18.7,406300
SIGM,20120206,6.05,6.14,6.02,6.11,101400
SILC,20120206,16.99,17.33,16.57,16.92,46300
SIMO,20120206,23.1,23.2,21.22,21.5,1392600
SINA,20120206,70.66,72.25,69.6,70.08,5447500
SINO,20120206,2.84,3.2,2.84,3.12,35600
SIRI,20120206,2.14,2.16,2.13,2.15,27694700
SIVB,20120206,57.75,58.77,57.75,58.31,267100
SIVBO,20120206,25.31,25.31,25.3,25.3,1500
SKYW,20120206,13.97,13.99,13.55,13.61,150700
SKYY,20120206,19.98,19.98,19.81,19.97,37700
SLAB,20120206,45.28,45.46,44.85,45.02,156600
SLGN,20120206,42.83,43.36,42.65,43.2,192200
SLM,20120206,5.6607,5.7107,5.5964,5.6714,2383600
SLMAP,20120206,44.22,44.22,44,44,12000
SLMBP,20120206,46.86,46.86,46.86,46.86,100
SLP,20120206,3.28,3.37,3.14,3.28,10400
SLRC,20120206,23.35,23.49,23.17,23.36,239700
SMBC,20120206,11.4,11.4,11.3,11.3,2100
SMCI,20120206,17.24,17.41,17.22,17.41,116400
SMED,20120206,3.78,3.88,3.77,3.84,7200
SMIT,20120206,3.27,3.27,3.27,3.27,0
SMMF,20120206,3.33,3.33,3.33,3.33,100
SMRT,20120206,7.37,7.46,7.28,7.44,58600
SMSI,20120206,7.64,9.56,7.6,8.76,2211800
SMTC,20120206,30.07,30.07,29.65,29.74,225200
SMTX,20120206,2.88,3.07,2.84,3.06,168100
SNAK,20120206,4,4.05,3.98,4.05,17700
SNBC,20120206,14.85,15.2,14.55,15.05,84400
SNCR,20120206,35.04,35.17,33.83,34.01,656600
SNFCA,20120206,1.65,1.65,1.36,1.4,8000
SNHY,20120206,30.33,30.81,30,30.5,63800
SNMX,20120206,3.28,3.47,3.28,3.42,95800
SNPS,20120206,29.51,30.08,29.5,29.74,1118100
SNSS,20120206,9.3,9.3,8.82,9.12,138600
SOCL,20120206,15.25,15.25,14.84,14.95,141900
SODA,20120206,40.25,42.74,40.08,42.31,1347000
SOFO,20120206,7.32,8.15,7.32,7.89,9800
SOHU,20120206,54.47,55.25,52.17,53.41,7406700
SONA,20120206,6.25,6.25,6.23,6.23,1600
SONC,20120206,7.52,7.84,7.44,7.81,875900
SONS,20120206,13.5,13.6,13.4,13.6,937300
SORL,20120206,3.25,3.4,3.17,3.35,111000
SOXX,20120206,57.77,57.77,56.98,57.29,149400
SPAN,20120206,16.25,16.73,15.9,16.27,11800
SPAR,20120206,6.52,6.56,6.29,6.47,86200
SPEX,20120206,399,402.8,387.6,399,60200
SPIL,20120206,5.34,5.37,5.25,5.27,2895200
SPLS,20120206,14.78,14.93,14.7,14.88,4743000
SPNC,20120206,8.64,8.77,8.5,8.54,93100
SPNS,20120206,3.97,3.97,3.89,3.9,4200
SPPI,20120206,14.27,14.49,14.15,14.21,1452000
SPRT,20120206,2.59,2.59,2.45,2.51,147600
SPSC,20120206,27.64,27.94,27.56,27.89,29700
SPTN,20120206,18.82,18.86,18.55,18.68,48000
SPU,20120206,1.7,1.7,1.65,1.67,20000
SPWR,20120206,7.94,8.39,7.91,8.17,757500
SQQQ,20120206,229.76,231.68,227.52,227.68,1192900
SRCE,20120206,26.38,26.51,25.56,25.79,38400
SRCL,20120206,87.16,87.16,85.97,86.14,425300
SRDX,20120206,14.04,14.31,13.79,13.86,58600
SREV,20120206,17.35,17.98,17.35,17.71,832600
SSBI,20120206,5.74,5.98,5.74,5.82,1500
SSFN,20120206,6.2,6.3,5.75,5.75,2200
SSNC,20120206,18.9,19.07,18.9,19.05,114300
SSRI,20120206,17.26,17.54,17.2,17.35,758300
SSYS,20120206,40.09,41.18,39.71,40.57,261500
STAA,20120206,11.29,11.37,11.05,11.08,86600
STB,20120206,6.89,6.99,6.87,6.99,144700
STBA,20120206,23.03,23.18,22.67,22.89,57900
STBZ,20120206,16.27,16.39,15.5,16.02,169600
STEM,20120206,13.32,13.44,12.84,12.84,845700
STFC,20120206,12.75,12.94,12.73,12.78,24200
STKL,20120206,5.07,5.22,5.03,5.2,344100
STLD,20120206,16.34,16.48,16.02,16.31,2661000
STLY,20120206,3.93,3.97,3.71,3.76,32200
STMP,20120206,31.02,32,30.32,31.65,235400
STPP,20120206,40.12,40.22,39.85,39.85,1200
STRA,20120206,118.27,119.29,116.33,118.52,46500
STRL,20120206,10.82,10.98,10.63,10.69,48600
STRM,20120206,1.75,1.79,1.73,1.79,5400
STRS,20120206,9.21,9.21,9.15,9.21,400
STRT,20120206,21.5,21.51,21.25,21.39,3700
STX,20120206,26.38,26.63,25.92,26.4,12273400
SUMR,20120206,5.39,5.43,5.31,5.37,29900
SUNS,20120206,16.9,16.9,16.65,16.85,14300
SVA,20120206,2.17,2.21,2.17,2.2,45400
SVBI,20120206,3.22,3.22,3.2,3.2,1300
SVVC,20120206,26.5,28.9,25.48,26.27,90500
SWHC,20120206,5.31,5.35,5.27,5.31,385200
SWIR,20120206,7.52,7.62,7.34,7.4,58800
SWKS,20120206,23.43,23.62,23.21,23.44,3401000
SYBT,20120206,15.0533,15.06,14.8867,14.98,7800
SYKE,20120206,17.95,18.26,17.9,18,122400
SYMC,20120206,17.58,17.6,17.41,17.53,3403000
SYMX,20120206,1.54,1.55,1.52,1.54,36500
SYNA,20120206,37.56,38.29,37.55,38.03,616700
SYNL,20120206,10.95,11.29,10.85,10.89,16200
SYNT,20120206,23.895,24.01,23.7,23.905,37500
SYPR,20120206,3.97,4.12,3.95,4,33300
SYUT,20120206,6.22,6.3,6.01,6.29,21700
TACT,20120206,7.44,7.58,7.28,7.53,6100
TAIT,20120206,1.01,1.09,1.01,1.08,3600
TASR,20120206,4.94,4.97,4.8,4.91,189400
TAST,20120206,11.47,11.6,11.36,11.45,59400
TATT,20120206,4.43,4.5,4.43,4.5,2500
TAYD,20120206,9.4,9.78,9.3,9.6,22700
TBBK,20120206,8.6,8.93,8.6,8.69,115400
TBNK,20120206,21.91,21.96,21.78,21.92,14200
TCBI,20120206,33.22,33.44,32.91,33.09,192800
TCBIW,20120206,21,21.29,21,21.29,200
TCBK,20120206,16.19,16.32,15.99,16.29,41500
TCCO,20120206,7.75,9.66,7.55,9.01,293300
TCRD,20120206,13.34,13.35,13.09,13.21,13500
TCX,20120206,3.08,3.12,3.04,3.08,118900
TEAR,20120206,1.78,1.85,1.74,1.85,30100
TECD,20120206,53.75,53.88,53.32,53.57,250500
TECH,20120206,66.01,66.24,65.81,66.13,71600
TESO,20120206,14.67,14.71,14.42,14.69,128100
TESS,20120206,18.02,18.23,18.02,18.15,16800
TFSL,20120206,9.38,9.49,9.37,9.43,219500
TGA,20120206,10.07,10.19,9.91,10.18,86000
THFF,20120206,36.46,36.46,35.46,35.61,13400
THLD,20120206,3.49,4.08,3.28,3.38,19764100
TICC,20120206,9.83,9.91,9.75,9.85,125800
TINY,20120206,4.6,4.6,4.51,4.57,44600
TISA,20120206,2.65,2.75,2.63,2.71,84900
TITN,20120206,25.33,25.85,25.12,25.73,84400
TIVO,20120206,11.74,11.86,11.5,11.54,6582800
TLF,20120206,4.87,5.07,4.76,4.9,900
TLT,20120206,116.69,117.8,116.34,117.73,6182900
TNAV,20120206,7.73,7.81,7.67,7.73,66200
TNDM,20120206,12.59,12.65,12.39,12.6,103200
TNGO,20120206,15.26,15.42,15.26,15.4,148900
TOPS,20120206,107.1,117.6,95.2,117.6,4800
TORM,20120206,15.92,16.4,15.75,16.32,1600
TOWN,20120206,14.28,14.49,14.13,14.34,45400
TQQQ,20120206,22.955,23.1875,22.785,23.185,681600
TREE,20120206,6.06,6.25,6.05,6.18,8100
TRIB,20120206,10.33,10.4,10.25,10.39,11900
TRIP,20120206,35.34,35.75,35.06,35.15,1967900
TRMB,20120206,25.115,25.65,25.115,25.53,744700
TRMK,20120206,24.32,24.47,24.02,24.13,144300
TRNS,20120206,10.95,11.5,10.95,11.25,7300
TROW,20120206,58.82,59.38,58.52,58.76,1316400
TRS,20120206,23.06,23.49,22.89,23.41,112200
TRST,20120206,5.87,5.9,5.77,5.86,149500
TSBK,20120206,4.4,4.55,4.31,4.35,11900
TSCO,20120206,40.25,41.035,40.25,41.025,1165600
TSEM,20120206,11.55,12,11.4,11.7,837300
TSLA,20120206,31.1,31.9,31.05,31.8,652100
TSRA,20120206,20.03,20.2,19.45,19.68,315900
TSRI,20120206,4.46,4.47,4.45,4.45,600
TST,20120206,1.9,1.91,1.85,1.87,36600
TTEC,20120206,17.86,17.88,17.67,17.7,82500
TTEK,20120206,24.74,24.88,24.37,24.55,261100
TTGT,20120206,7.72,7.83,7.53,7.63,25000
TTMI,20120206,13.5,13.66,13.29,13.39,579200
TTWO,20120206,16.17,16.35,16.01,16.27,1469500
TUES,20120206,3.73,3.83,3.69,3.81,73500
TWER,20120206,56.8,58.2,54.4,57,280600
TWIN,20120206,31.99,33.21,31.76,32.71,212200
TWMC,20120206,2.32,2.39,2.32,2.39,2000
TXN,20120206,33.74,33.78,33.3,33.61,8693900
TXRH,20120206,15.96,16.11,15.88,15.94,722900
TYPE,20120206,15.79,15.92,15.62,15.79,80100
TZOO,20120206,27.93,28.9,27.63,28.66,811300
UBCP,20120206,8.51,8.59,8.5,8.5,1900
UBFO,20120206,2.36,2.49,2.32,2.33,3600
UBNK,20120206,16.83,16.9,16.72,16.74,13900
UBNT,20120206,25.11,25.45,23.75,23.76,314600
UBOH,20120206,8.04,8.48,8,8.11,3200
UBSH,20120206,14.3,14.5,14.25,14.49,48200
UBSI,20120206,29.23,29.39,28.83,28.96,188900
UCBA,20120206,5.9,5.9,5.9,5.9,0
UCBI,20120206,9.1,9.16,8.75,9.14,131000
UCFC,20120206,1.29,1.32,1.29,1.29,8300
UCTT,20120206,8.05,8.1,7.87,7.92,165000
UEIC,20120206,20.34,20.78,20.11,20.23,57400
UEPS,20120206,11.01,11.15,11.01,11.07,67200
UFCS,20120206,19.86,20.12,19.56,19.95,51500
UFPI,20120206,34.66,34.86,33.03,34.02,144600
UFPT,20120206,15.07,15.42,15.07,15.39,52400
UG,20120206,16.04,16.04,15.7,15.7,5500
UHAL,20120206,101.69,102.98,100.23,101.7,17800
ULBI,20120206,4.55,4.7,4.46,4.7,29900
ULTA,20120206,77.81,78.88,77.74,78.68,492200
ULTI,20120206,69.23,69.23,67.55,67.79,117500
UMBF,20120206,41.57,41.99,41.28,41.72,138800
UMPQ,20120206,12.71,12.99,12.55,12.98,459900
UNAM,20120206,11.59,11.65,11.59,11.65,700
UNB,20120206,19.05,19.25,19.05,19.25,1200
UNFI,20120206,46.86,47.28,46.72,47.05,322700
UNIS,20120206,38.7,38.8,38.3,38.7,95300
UNTY,20120206,6.15,6.15,6.02,6.02,6500
UNXL,20120206,5.25,5.4,5.1,5.2,22000
URBN,20120206,27.45,27.79,27.03,27.48,1646300
URRE,20120206,114,114,108,109.2,772800
USAK,20120206,8.99,9.23,8.9,8.94,1100
USAP,20120206,42.4,42.55,40.95,41.53,49200
USAT,20120206,1.1,1.1,1.05,1.07,244800
USATP,20120206,15.1,15.35,15.01,15.12,1000
USCR,20120206,4.55,4.74,4.52,4.71,65200
USEG,20120206,21.48,22.08,21.42,22.02,87700
USLM,20120206,65.75,66.89,64.13,65.75,6700
UTEK,20120206,29.5,29.9,29.11,29.27,153800
UTHR,20120206,49.93,51.12,49.77,50.99,385200
UTMD,20120206,28.62,29.18,28.62,28.91,600
UTSI,20120206,3.87,4.02,3.84,3.87,177000
UVSP,20120206,16.31,16.31,15.9,16.03,29600
VALU,20120206,11.53,11.59,11.26,11.31,4700
VASC,20120206,10.92,11.25,10.9,11.09,44400
VBFC,20120206,29.28,29.28,25.92,26.56,2500
VCIT,20120206,84.17,84.54,84.02,84.49,5260900
VCLT,20120206,87,87.95,86.69,87.91,2619000
VCSH,20120206,78.87,79.04,78.8,79.04,1353200
VDSI,20120206,8.97,9.4,8.94,9.24,196500
VECO,20120206,27.24,27.47,26.46,27.14,2003300
VGIT,20120206,65.7,65.83,65.62,65.82,15700
VGLT,20120206,73.07,73.6,72.94,73.54,16600
VGSH,20120206,61.01,61.02,60.94,60.97,18400
VIA,20120206,53.38,54.28,53.38,54.16,57500
VIAB,20120206,48.17,48.82,48.1,48.72,4581000
VICL,20120206,36.4,38.2,36.2,37.7,1894200
VICR,20120206,10.25,10.42,9.76,9.9,67100
VIRC,20120206,1.78,1.78,1.64,1.66,17500
VISN,20120206,32.2,34,31.4,32.6,226400
VIVO,20120206,18.63,18.67,18.23,18.3,192800
VLGEA,20120206,32.98,33.4,32.43,33.2,6800
VMBS,20120206,52.08,52.1,51.89,52.09,27000
VNDA,20120206,5.25,5.47,5.25,5.46,216400
VNET,20120206,11.82,12.2,11.53,12.07,254300
VNQI,20120206,45.5,45.65,45.46,45.65,23800
VOD,20120206,28.04,28.28,28,28.24,9319000
VONE,20120206,61.41,61.59,61.3,61.59,124400
VONG,20120206,63.99,64.37,63.99,64.3,18200
VONV,20120206,58.85,58.99,58.81,58.98,4300
VOXX,20120206,12.73,12.82,12.5,12.73,250100
VRA,20120206,37.2,37.2,36.37,36.67,328200
VRML,20120206,1.58,1.66,1.51,1.64,294100
VRNT,20120206,28.18,28.33,28.16,28.19,130600
VRSK,20120206,39.97,41.18,39.94,41.1,978400
VRSN,20120206,36.85,36.92,36.3,36.6,1235700
VRTB,20120206,4.92,5,4.88,4.88,7200
VRTS,20120206,82.65,83.44,81.59,82.03,15400
VRTU,20120206,16.15,16.24,15.86,16.06,20100
VRTX,20120206,35.99,38.41,35.64,38.24,4799700
VSAT,20120206,49.49,49.58,48.69,49.5,276300
VSEC,20120206,13.455,13.455,13.245,13.355,1800
VSTM,20120206,11.15,11.18,10.66,10.94,46700
VTHR,20120206,61.62,61.71,61.62,61.71,300
VTWG,20120206,68.53,68.69,68.4,68.56,4100
VTWO,20120206,65.42,65.66,65.28,65.52,36200
VTWV,20120206,62.57,62.57,62.38,62.38,600
VVUS,20120206,12.45,12.78,12.35,12.77,2214600
VXUS,20120206,44.9,45.13,44.87,45.1,101400
WABC,20120206,47.8,47.96,47.17,47.32,105400
WAFD,20120206,16.06,16.2,16,16.13,369200
WASH,20120206,26.16,26.25,25.04,25.27,28200
WAYN,20120206,8.03,8.03,7.9,8,6000
WBKC,20120206,14.69,14.7,14.61,14.65,3900
WBMD,20120206,28.17,28.62,28.01,28.14,541700
WDC,20120206,38.46,38.75,37.89,38.72,2389600
WDFC,20120206,42.83,43.6,42.8,43.44,65500
WEBK,20120206,12.14,12.23,12.07,12.07,13800
WEN,20120206,4.9,4.99,4.85,4.94,7589300
WERN,20120206,25.49,25.63,24.95,25.06,685200
WETF,20120206,6,6.33,5.95,6.24,913500
WEYS,20120206,27,27,26.59,26.8,4900
WFM,20120206,38.065,38.505,37.925,38.205,1296500
WIFI,20120206,8.64,9.11,8.64,9.03,237700
WILC,20120206,4.74,4.8,4.67,4.7,21900
WILN,20120206,5.74,5.78,5.67,5.74,12900
WIN,20120206,12.29,12.36,12.21,12.28,3552000
WINA,20120206,67.48,67.48,64.74,65.83,18800
WIRE,20120206,28.74,28.9,28.63,28.74,73900
WLB,20120206,12.27,12.5,12.2,12.39,19800
WLDN,20120206,3.79,3.8,3.79,3.79,5400
WLFC,20120206,13.46,13.57,13.35,13.5,30900
WMAR,20120206,13.03,13.19,13,13.12,25500
WMGI,20120206,17.45,17.45,17.1,17.2,143300
WOOD,20120206,40.79,40.9,40.66,40.66,6100
WOOF,20120206,22.8,23.09,22.7,22.72,522700
WPCS,20120206,257.18,264.88,252.56,252.56,92700
WPPGY,20120206,61.07,65.33,60.94,63.2,746000
WPRT,20120206,39.85,39.93,39.27,39.67,880200
WRLD,20120206,67.54,68.06,67.11,67.63,105200
WSBC,20120206,21.23,21.46,20.8,21,44800
WSBF,20120206,2.49,2.49,2,2.11,21000
WSCI,20120206,5.18,5.25,5.16,5.25,1900
WSFS,20120206,14.3467,14.6467,14.3333,14.5467,22100
WSTG,20120206,12.69,12.73,12.25,12.44,28900
WSTL,20120206,2.31,2.32,2.29,2.31,155000
WTBA,20120206,10.16,10.34,9.97,10.14,10300
WTFC,20120206,31.86,32.05,31.55,31.9,156300
WTFCW,20120206,15.55,15.55,15.55,15.55,0
WVFC,20120206,8.97,8.97,8.97,8.97,0
WVVI,20120206,3.05,3.25,3.05,3.18,1000
WWD,20120206,45.08,45.3,44.38,44.54,188400
WYNN,20120206,114.3,114.87,112.05,112.83,3308700
XBKS,20120206,3.9,3.92,3.77,3.77,5200
XLNX,20120206,36.49,36.5,35.9,36.31,1944900
XOMA,20120206,27.4,33.8,27,32.6,1890500
XRAY,20120206,38.03,38.19,37.9,38.17,804900
XXIA,20120206,14.32,14.55,14.02,14.48,293700
YHOO,20120206,15.92,15.95,15.76,15.82,11291200
YNDX,20120206,21.69,21.7,21,21.5,534700
YORW,20120206,18.13,18.36,18.11,18.27,11300
YRCW,20120206,13.16,13.3,12.6,12.71,57700
Z,20120206,31.89,32.24,31.42,31.84,257600
ZAGG,20120206,10.27,10.31,10,10.12,575000
ZBRA,20120206,38.96,39.43,38.87,39.41,55000
ZEUS,20120206,27.05,27.5,26.66,26.83,45900
ZGNX,20120206,20.8,21.2,20,20.08,678600
ZION,20120206,17.95,18.19,17.88,18.07,2834600
ZIONW,20120206,3.48,3.64,3.48,3.64,400
ZIOP,20120206,5.69,5.77,5.55,5.69,671000
ZIXI,20120206,3.33,3.41,3.25,3.4,256900
ZLTQ,20120206,11.25,11.65,11.25,11.34,122700
ZN,20120206,2.5,2.5,2.4,2.48,51800
ZNGA,20120206,13.54,14,12.49,12.77,29648000
ZUMZ,20120206,29.96,29.96,29.01,29.71,323000
