<ticker>,<date>,<open>,<high>,<low>,<close>,<vol>
AAME,20070622,4.1,4.16,3.93,4,14500
AAON,20070622,6.1265,6.1325,5.9902,6.0969,91800
AAPL,20070622,17.6929,17.7786,17.4829,17.5714,22707800
AAWW,20070622,58.6,58.87,57.49,58.56,1029800
ABAX,20070622,21.08,21.35,20.85,20.96,253200
ABCB,20070622,22.97,22.97,22.37,22.6,127600
ABCO,20070622,26.89,27.25,26.775,27.185,363400
ABMD,20070622,11.17,11.35,10.84,10.99,369500
ABTL,20070622,20.95,21.35,20.4,20.4,395800
ACAD,20070622,14.55,14.84,14.01,14.32,983000
ACAS,20070622,44,44.05,43.49,43.5,2629500
ACAT,20070622,19.58,19.58,19.12,19.12,315500
ACET,20070622,8.83,8.97,8.8,8.9,171500
ACFC,20070622,16.57,16.64,16.39,16.39,2400
ACGL,20070622,23.5567,23.6067,23.0467,23.58,4626900
ACHN,20070622,5.95,6.25,5.8,5.99,381200
ACLS,20070622,25.96,26.32,25.68,26.24,2363000
ACOR,20070622,17.66,17.74,17.15,17.46,2836200
ACPW,20070622,8.3,8.5,8.25,8.5,125400
ACTG,20070622,14.57,14.96,14.56,14.71,320700
ACTS,20070622,6.24,6.26,6.18,6.18,232000
ACXM,20070622,26.8,26.87,26.45,26.48,2379000
ADBE,20070622,41.3,41.62,40.62,40.84,7089500
ADES,20070622,10.04,10.795,10.04,10.31,39600
ADI,20070622,38.29,38.29,36.98,37.09,6521400
ADP,20070622,42.625,42.8974,42.3969,42.4933,2738700
ADRA,20070622,35,35.07,34.67,34.7,29900
ADRD,20070622,32.23,32.23,31.8,31.88,69100
ADRE,20070622,46.15,46.15,45.44,45.61,171600
ADRU,20070622,33,33,32.7,32.72,11300
ADSK,20070622,46.91,47.16,46.24,46.66,4199500
ADTN,20070622,25.29,25.34,24.67,24.84,1913400
AEHR,20070622,5.96,5.96,5.96,5.96,400
AEIS,20070622,23.04,23.23,22.12,22.25,1247500
AEPI,20070622,44.19,44.72,44.14,44.14,81500
AETI,20070622,5.12,5.37,5.1,5.37,1500
AEZS,20070622,2022,2070,1980,2040,14300
AFAM,20070622,18.7,18.7,17.94,18.09,24100
AFSI,20070622,9.045,9.235,8.875,9.13,1691300
AGEN,20070622,2.95,3.08,2.88,2.88,318200
AGII,20070622,31.04,31.51,30.65,31.06,534600
AGYS,20070622,22.97,23.41,22.31,22.49,408100
AHGP,20070622,29.76,30.19,29.27,29.4,243200
AHPI,20070622,6.56,6.56,6.56,6.56,100
AIMC,20070622,17,17.32,16.69,17.28,733000
AINV,20070622,22.95,23.03,22.53,22.67,1871100
AIRM,20070622,11.8333,11.8333,11.6333,11.7333,140900
AIRT,20070622,10.8,10.8,10.22,10.31,54200
AIXG,20070622,8.48,8.57,8.45,8.51,41400
AKAM,20070622,47.67,48.08,47.31,47.48,2853900
AKRX,20070622,6.37,6.43,6.16,6.29,514300
ALCO,20070622,60.4,61.8,59.63,60.67,92200
ALGN,20070622,24.74,24.87,24.09,24.26,1246300
ALGT,20070622,32.64,33.38,32.61,33.38,231700
ALKS,20070622,15.15,15.25,14.59,14.78,1050700
ALLT,20070622,7.1,7.3,6.88,7.21,109000
ALNY,20070622,15.7,15.85,15.34,15.63,932100
ALOG,20070622,70.69,71.58,69.01,70.49,435700
ALOT,20070622,10.62,11.47,10.6,10.61,21500
ALSK,20070622,15.72,15.9,15.41,15.67,502300
ALXN,20070622,23.125,23.165,22.51,22.665,718200
AMAG,20070622,60.84,61.43,59.08,59.17,985800
AMAT,20070622,20.11,20.5,20,20.25,31147600
AMCC,20070622,2.68,2.69,2.62,2.62,9757900
AMD,20070622,14.69,14.84,14.39,14.57,28477900
AMED,20070622,35.33,35.47,35.05,35.3,443100
AMGN,20070622,56.71,57.15,55.96,55.96,20176800
AMKR,20070622,14.8,14.84,14.55,14.67,2054500
AMNB,20070622,22.39,22.4,22.25,22.25,5500
AMOT,20070622,6.94,6.99,6.9,6.94,7300
AMOV,20070622,32.49,32.49,31.475,31.5,4800
AMPH,20070622,18.9,18.91,18.07,18.46,13300
AMRB,20070622,23.7,23.7,23.7,23.7,600
AMRI,20070622,15.1,15.1,14.38,14.7,333100
AMRN,20070622,0.53,0.56,0.53,0.55,905700
AMSC,20070622,186.6,194.8,184.8,192.4,924300
AMSF,20070622,18.14,18.37,18.1,18.36,2284400
AMSG,20070622,24.7,24.83,24.5,24.73,955600
AMSWA,20070622,10.28,10.61,10.28,10.39,129000
AMTD,20070622,20.63,21.04,20.42,20.64,7967400
AMWD,20070622,35.04,35.12,34.09,34.45,672600
AMZN,20070622,69.55,69.88,68.42,68.86,8715100
ANAT,20070622,150.1,152.6,150.05,150.94,55800
ANCX,20070622,8.93,8.93,8.85,8.89,2900
ANDE,20070622,30.66,31.1667,29.96,30.4,1354100
ANGO,20070622,17.02,17.55,16.98,17.5,691400
ANIK,20070622,14.91,15.06,14.9,15.03,22100
ANSS,20070622,26.77,26.89,26.14,26.24,1491100
APOG,20070622,25.63,25.71,25.07,25.15,433500
APOL,20070622,49.49,49.62,48.99,49.03,1953300
ARAY,20070622,22.89,22.89,22.35,22.55,520300
ARCC,20070622,17.6,17.7,17.42,17.56,1389300
ARCI,20070622,4.7,4.7,4.61,4.7,6400
ARCW,20070622,1.972,1.972,1.96,1.96,1600
ARIA,20070622,5.51,5.74,5.35,5.74,1709100
ARII,20070622,40.11,40.97,39.2,39.45,204200
ARKR,20070622,35.29,35.49,34.85,35.49,10900
ARLP,20070622,21.5,21.61,21.065,21.15,82000
ARNA,20070622,11.16,11.41,11,11.14,2786900
AROW,20070622,22.41,22.91,22.24,22.48,1239500
ARQL,20070622,7.3,7.31,7,7,4602100
ARRS,20070622,17.25,17.37,16.98,17.14,3772400
ARRY,20070622,11.75,12,11.47,11.74,886100
ARTNA,20070622,18.99,18.99,18.7,18.85,4000
ARTW,20070622,9.45,9.58,9.15,9.15,8300
ARTX,20070622,3.36,3.36,3.2,3.35,112400
ARWR,20070622,6.11,6.23,5.65,5.67,3864900
ASFI,20070622,39.66,40.1,38.85,40.1,388900
ASML,20070622,28.08,28.1,27.69,27.91,3128000
ASRV,20070622,4.34,4.51,4.34,4.51,10800
ASRVP,20070622,25.41,25.41,25.41,25.41,0
ASTE,20070622,43.32,43.44,42.44,42.62,269300
ASYS,20070622,8.8,8.92,8.62,8.66,21400
ATEC,20070622,46.44,47.04,44.64,45.48,10900
ATLO,20070622,21.7,21.7,21.51,21.51,1500
ATNI,20070622,28.06,28.51,27.37,27.73,517900
ATRC,20070622,9.32,9.35,9.07,9.08,15800
ATRI,20070622,96.51,97.98,94.99,95.02,6400
ATRO,20070622,24.475,25.5833,23.8917,25.5833,39600
ATTU,20070622,1.09,1.1,1.07,1.09,46300
ATVI,20070622,9.51,9.51,9.34,9.355,2876400
AUBN,20070622,26.03,26.1,26.03,26.1,200
AUDC,20070622,5.73,5.8,5.65,5.72,117000
AVAV,20070622,22.38,22.5,21.96,22.18,170100
AVID,20070622,34.1,34.15,33.17,33.78,742800
AWRE,20070622,5.5,5.52,5.46,5.52,8700
AXTI,20070622,4.1,4.1,4.02,4.03,92900
AZPN,20070622,14.13,14.13,13.78,13.78,3369900
BABY,20070622,15.79,16.05,15.71,15.86,250200
BANF,20070622,43.7,43.84,42.57,42.57,91400
BANFP,20070622,25.4,25.4,25.4,25.4,0
BANR,20070622,248.78,248.78,242.97,245,243200
BASI,20070622,7.5,7.5,7.03,7.11,4900
BBBY,20070622,37.48,37.54,37.05,37.14,3156200
BBGI,20070622,8.42,8.42,8.35,8.35,13900
BBOX,20070622,36.32,36.48,35.84,36.14,235100
BBRY,20070622,172.5,173,168.56,170.65,5562600
BBSI,20070622,23.6,23.83,23.51,23.76,137900
BCBP,20070622,16.79,16.79,16.55,16.55,500
BCPC,20070622,11.8133,11.98,11.52,11.6267,96800
BCRX,20070622,6.84,7.24,6.61,7.14,3246300
BDSI,20070622,4.02,4.07,3.93,4.03,93600
BEAV,20070622,39.81,40.69,38.79,40.69,11560800
BEBE,20070622,16.5,16.59,16.3,16.32,516900
BECN,20070622,17.41,17.5,17.15,17.24,631500
BELFA,20070622,36.98,37.26,36.98,36.99,3000
BELFB,20070622,34.75,35.26,34.57,34.68,190800
BFIN,20070622,16.03,16.15,15.94,16.06,248000
BGFV,20070622,24.84,25.42,24.8,25.21,439100
BIDU,20070622,15.4,15.7,15.3,15.648,1853500
BIIB,20070622,51.78,51.91,51.24,51.58,5983100
BIOS,20070622,4.3,4.49,4.3,4.37,94200
BJRI,20070622,18.53,18.6,18.3,18.45,188600
BKMU,20070622,11.51,11.58,11.46,11.57,1012000
BKSC,20070622,16.02,16.02,15.75,15.75,400
BLDP,20070622,4.97,5,4.8,5,554000
BLDR,20070622,16.16,16.28,15.81,16.09,831200
BLKB,20070622,22.5,22.62,22.16,22.51,680200
BLUE,20070622,1.21,1.29,1.21,1.28,80600
BMRC,20070622,32.88,32.93,32.57,32.93,1300
BMRN,20070622,17.68,17.89,17.4,17.77,1390400
BMTC,20070622,22.51,22.55,22.36,22.36,4800
BNCN,20070622,17.65,17.88,17.65,17.88,17600
BNSO,20070622,3.72,3.79,3.65,3.68,5000
BOBE,20070622,36.48,36.81,35.8,36.2,699100
BOCH,20070622,11.25,11.25,11.25,11.25,300
BOFI,20070622,1.8025,1.835,1.8025,1.8175,3000
BOKF,20070622,50.62,52.15,50.57,52.14,114100
BONT,20070622,44.34,44.91,43.2,43.26,579100
BOOM,20070622,36.79,36.98,36.21,36.69,393000
BOSC,20070622,10.8,10.8,10.8,10.8,0
BPFH,20070622,27.82,28.03,27.56,27.77,528900
BPOP,20070622,169,169.8,165.6,166.4,2479700
BPOPM,20070622,23.65,23.98,23.65,23.98,1400
BPOPN,20070622,25.44,25.45,25.1,25.1,2100
BRCD,20070622,8.47,8.59,8.37,8.56,60247300
BRID,20070622,7.57,7.63,7.42,7.52,4600
BRKL,20070622,11.7,11.85,11.6,11.76,1005500
BRKR,20070622,9.02,9.08,8.78,8.78,2553400
BRKS,20070622,18.58,18.78,18.34,18.47,1459300
BSET,20070622,14.02,14.1,13.91,14,19400
BSQR,20070622,6.04,6.07,5.71,5.84,115700
BSRR,20070622,27.86,28.1,27.35,27.35,155100
BUSE,20070622,20.07,20.46,19.85,20.46,465200
BWINA,20070622,26,26,26,26,100
BWINB,20070622,25.65,26.1,25.63,25.7,175500
BWLD,20070622,43.71,44,42.3,42.74,900100
BYFC,20070622,11.02,11.02,11.02,11.02,0
CA,20070622,25.4787,25.4983,25.0675,25.2241,4434900
CAAS,20070622,7.25,7.3,7.2,7.2,33100
CACB,20070622,22.91,23.1,22.56,23.1,1278600
CACC,20070622,26.8,27.21,26.59,27.21,387800
CAKE,20070622,25,25.02,24.66,24.81,3514600
CALD,20070622,7.92,8,7.8,8,12400
CALL,20070622,1.82,1.85,1.785,1.8,20100
CALM,20070622,7.7,7.925,7.57,7.68,1613300
CAMP,20070622,4.77,4.85,4.69,4.69,2960400
CAMT,20070622,3.1,3.25,3.08,3.19,15700
CART,20070622,15.3,15.3,15.3,15.3,0
CASH,20070622,37.35,37.35,37.35,37.35,0
CASM,20070622,7.31,7.48,7.28,7.48,500
CASS,20070622,33.01,33.4,32.65,33,34600
CASY,20070622,27.4,27.42,26.59,27.08,763600
CATY,20070622,33.74,33.79,33.39,33.54,620800
CAVM,20070622,25.2,26,24.21,24.21,1043700
CBAK,20070622,16.95,17.15,16.5,16.95,3079900
CBAN,20070622,19.05,19.05,19.05,19.05,600
CBLI,20070622,225,236.8,221.2,228,230800
CBMX,20070622,93,94.5,91.5,91.5,72600
CBRL,20070622,43.59,43.6,42.07,42.07,2220200
CBSH,20070622,45.89,45.89,45.1,45.1,343700
CCBG,20070622,32.07,32.7,31.52,32.7,203600
CCMP,20070622,36.55,36.76,35.67,35.71,505000
CCNE,20070622,14.19,14.19,14.19,14.19,200
CCOI,20070622,28.5,29.29,28.36,28.49,4393800
CCRN,20070622,17.41,17.55,17.2,17.42,375000
CCUR,20070622,1.75,1.79,1.7,1.75,644800
CDNS,20070622,21.79,21.99,21.59,21.9,6179800
CDZI,20070622,22.26,22.8,21.21,21.21,1259700
CECE,20070622,12.12,12.14,11.76,11.85,90900
CECO,20070622,33.62,33.91,32.93,33.28,1335100
CELG,20070622,28.8,28.875,28.2,28.2,5056300
CENT,20070622,12.78,12.97,12.51,12.66,817300
CENTA,20070622,12.53,12.7,12.28,12.4,758000
CENX,20070622,55.35,55.75,54.4,54.89,546700
CERN,20070622,14.1225,14.1225,13.895,13.945,571100
CERS,20070622,6.11,6.49,6.05,6.47,3657100
CETV,20070622,95.19,97.83,93.98,96.2,2478000
CEVA,20070622,8.45,8.66,8.45,8.5,50700
CFBK,20070622,31.9,33.5,31.9,33.25,10400
CFFI,20070622,41.66,41.66,41.16,41.16,200
CFFN,20070622,37.61,37.97,37.35,37.35,192800
CFNB,20070622,14.38,14.84,14.38,14.84,20300
CFNL,20070622,9.72,9.78,9.46,9.68,2880300
CGEN,20070622,2.91,2.94,2.88,2.93,30700
CGNX,20070622,11.78,11.855,11.505,11.55,736800
CHCI,20070622,2.75,2.8,2.74,2.74,91500
CHCO,20070622,37.71,38.27,37.5,38.27,272700
CHDN,20070622,53.1,53.31,51.75,52.17,97400
CHFC,20070622,26.58,26.63,25.92,26.2,267500
CHFN,20070622,38.4262,38.4262,38.4262,38.4262,0
CHKE,20070622,37.96,38.91,37.62,37.62,400100
CHKP,20070622,23.43,23.5,23.32,23.45,1332800
CHNR,20070622,7.62,7.95,7.62,7.74,5500
CHRS,20070622,11.66,11.7,11.52,11.63,3289600
CHRW,20070622,53.51,53.83,52.78,53.32,1395200
CHSCP,20070622,25.7,25.7,25.65,25.68,5800
CHTR,20070622,4.06,4.13,3.93,3.93,5816200
CINF,20070622,44.16,44.16,43.5,43.56,1310300
CIZN,20070622,22.05,22.05,22.05,22.05,0
CKEC,20070622,23.08,23.28,22.63,23.05,636800
CLBH,20070622,13.05,13.05,12.85,13.04,1400
CLCT,20070622,14.01,14.09,13.99,14.09,14500
CLMS,20070622,24.68,25.23,24.26,24.54,888700
CLMT,20070622,50.09,50.33,48.38,48.55,66700
CLNE,20070622,13.35,13.35,12.56,12.56,1102300
CLRO,20070622,4.68,4.68,4.65,4.65,12600
CLUB,20070622,19.68,19.75,18.91,18.91,1082900
CLWT,20070622,16.005,16.17,15.785,16.06,38600
CMCO,20070622,29.81,31.9,29.61,31.15,654100
CMCSA,20070622,28.35,28.39,27.76,27.76,23911900
CMLS,20070622,76,76.24,74.88,75.36,1040600
CMTL,20070622,44.82,45.03,43.62,44.03,567000
CNBKA,20070622,23.14,23.14,23.11,23.11,300
CNET,20070622,8.61,8.66,8.49,8.6,1828900
CNMD,20070622,29.26,29.4,28.69,29.05,348400
CNOB,20070622,14.54,15.09,14.25,14.52,124700
CNSL,20070622,22.49,22.57,22.1,22.3,509100
CNTF,20070622,30.85,30.85,29.25,29.65,271900
CNTY,20070622,8.46,8.64,8.3,8.64,2355500
COBZ,20070622,18.14,18.3,18.05,18.15,503800
COGT,20070622,14.66,14.66,14.26,14.36,877600
COHR,20070622,30.7,30.89,30.09,30.41,445800
COHU,20070622,22.75,22.85,22.45,22.71,618400
COKE,20070622,52.63,52.63,51.15,51.15,139900
COLB,20070622,28.66,28.82,28.35,28.61,211100
COLM,20070622,33.88,34.175,33.575,33.82,197100
CONN,20070622,28.29,28.71,27.33,27.65,774700
COOL,20070622,67.2,68.88,64.26,64.26,55500
CORE,20070622,9.0575,9.235,8.9725,9.2325,172400
CORT,20070622,1.75,2.49,1.75,2.12,894200
COST,20070622,56.89,57.58,56.7,57.17,4555600
COWN,20070622,18.4,18.4,17.79,18.28,2185500
CPLA,20070622,43.55,43.55,40.86,42.14,808400
CPLP,20070622,27.63,28.9,27.09,28.55,89400
CPRT,20070622,14.75,14.91,14.65,14.72,821900
CPRX,20070622,3.95,4.1,3.95,3.95,2500
CPSI,20070622,30.14,30.59,30.07,30.59,258300
CPSS,20070622,6.18,6.5,6.18,6.5,49200
CPST,20070622,21.2,22,20.8,22,15793900
CRAI,20070622,46.38,46.48,45.8,45.87,132000
CRAY,20070622,7.68,7.79,7.55,7.61,3275400
CREE,20070622,26.64,28.55,26.61,27.41,3694600
CRESY,20070622,21.12,21.15,20.75,20.98,90300
CRIS,20070622,1.22,1.22,1.13,1.13,296000
CRME,20070622,48.75,49.1,48,48.35,124000
CRMT,20070622,13.08,13.31,12.78,13.25,1092700
CRNT,20070622,10.35,10.52,10.23,10.33,248800
CROX,20070622,46.56,47.24,46.23,46.91,12042100
CRUS,20070622,8.27,8.33,8.09,8.24,1851700
CRVL,20070622,12.86,13.2,12.805,12.835,350400
CRWS,20070622,4.22,4.23,4,4,9300
CRZO,20070622,45.7,45.7,44.48,45.06,480500
CSBK,20070622,11.14,11.29,11.01,11.29,268600
CSCO,20070622,27.17,27.49,26.85,26.92,54272300
CSFL,20070622,17.28,18.41,17.11,18.41,971700
CSGP,20070622,54.37,54.74,52.64,52.66,332200
CSGS,20070622,26.8,27.1,26.18,26.49,1387500
CSIQ,20070622,10.4,10.45,9.94,10.23,108700
CSPI,20070622,9.08,9.13,8.92,9.03,4700
CSTR,20070622,32.03,32.28,31.41,31.7,408600
CSWC,20070622,41.35,41.4325,40.2425,40.5225,48900
CSX,20070622,15.0233,15.2433,14.8767,14.93,5849600
CTAS,20070622,40,40.08,39.43,39.51,1797100
CTBI,20070622,32.26,32.38,31.4,31.74,178300
CTHR,20070622,4.68,4.83,4.68,4.83,25800
CTIB,20070622,4.32,4.33,4.16,4.17,22400
CTIC,20070622,14.9,15.25,14.9,15.15,210200
CTRN,20070622,41.79,41.81,40.27,40.68,938400
CTRP,20070622,9.5625,9.78,9.465,9.4663,315300
CTSH,20070622,19.125,19.225,18.86,18.9825,1403900
CTWS,20070622,23.93,24.23,23.93,23.98,12700
CTXS,20070622,33.61,33.82,33.15,33.45,2943400
CUBA,20070622,13.88,14.19,13.87,14.19,12700
CUTR,20070622,24.14,24.75,23.68,23.71,1706300
CVBF,20070622,10.96,11.02,10.71,10.97,2211300
CVCO,20070622,35.36,37.03,35.35,36.9,864600
CVCY,20070622,14.5,14.5,14.5,14.5,200
CVGI,20070622,19.27,19.56,18.86,19.3,188000
CVGW,20070622,12,12.05,11.92,11.92,3900
CVLT,20070622,16.97,17.08,16.92,16.92,3085900
CVLY,20070622,19.13,19.13,18.99,19.06,1300
CVTI,20070622,11.2,11.42,11.2,11.42,5400
CWBC,20070622,13.51,13.51,12.73,12.9,20500
CWCO,20070622,27.75,28,27.35,27.35,1626100
CWST,20070622,10.46,10.53,10.25,10.53,921100
CYAN,20070622,1.45,1.47,1.45,1.47,900
CYBE,20070622,13.98,13.98,13.3,13.57,42800
CYCC,20070622,589.68,612.36,567.84,576.24,62200
CYCCP,20070622,7,8.2,6.88,7.2,2900
CYNO,20070622,38.03,38.03,36.83,37.87,1065900
CYTK,20070622,36.42,36.42,34.86,35.88,619900
CYTR,20070622,24.85,25.41,24.36,24.85,8046700
CYTX,20070622,85.5,86.25,84.3,86.25,23600
CZFC,20070622,13.02,13.02,13,13,1200
CZNC,20070622,20.29,20.3,20,20,9600
CZWI,20070622,9.2,9.2,9.2,9.2,0
DAIO,20070622,3.36,3.41,3.3,3.34,14500
DAKT,20070622,21.33,21.63,21.01,21.23,1380000
DAVE,20070622,23.2,23.37,21.69,21.79,81500
DCOM,20070622,13.13,13.31,13.04,13.04,367100
DCTH,20070622,70.72,72.48,67.04,68.16,81700
DELT,20070622,6.46,6.46,6.46,6.46,0
DENN,20070622,4.31,4.34,4.24,4.26,1771700
DEPO,20070622,4.93,4.93,4.67,4.77,4968700
DGAS,20070622,12.67,12.79,12.65,12.79,2000
DGICA,20070622,14.83,15.02,14.6,14.91,131400
DGICB,20070622,16.64,16.77,16.62,16.77,2100
DGII,20070622,15.04,15.65,15.01,15.38,637500
DHIL,20070622,91.85,92.9,90.36,90.9,2800
DIOD,20070622,27.3,27.3,26.673,26.88,749400
DISCA,20070622,23.29,23.81,23.29,23.39,2998300
DISCB,20070622,23.65,23.65,23.42,23.47,1200
DISH,20070622,43.4,43.6,43.06,43.29,1627300
DJCO,20070622,40.59,40.59,40.59,40.59,0
DLTR,20070622,14.19,14.3067,14,14.0067,2451700
DMLP,20070622,22.39,22.63,22.21,22.4,39400
DMRC,20070622,8.94,9.1,8.91,8.91,47700
DORM,20070622,6.885,7.04,6.885,7,17100
DRAD,20070622,4.21,4.3,4.21,4.26,19500
DRAM,20070622,75.6,79.02,75.6,78.84,9800
DRRX,20070622,3.83,3.85,3.73,3.78,731100
DRYS,20070622,58650,59250,57450,58815,501400
DSGX,20070622,4.21,4.22,4.13,4.13,3500
DSPG,20070622,20.8,21,20.45,20.82,936700
DSWL,20070622,12.69,13.04,12.59,12.63,49800
DTLK,20070622,6.76,6.85,6.75,6.82,14600
DTSI,20070622,22.43,23.56,22.36,22.97,479100
DVAX,20070622,42.7,43.6,42,42.5,40400
DWCH,20070622,5.85,6.04,5.75,5.86,24600
DWSN,20070622,60.73,61.14,59.27,60.15,220200
DXCM,20070622,7.74,7.95,7.54,7.83,2097800
DXPE,20070622,45.28,45.49,44.04,44.53,281200
DXYN,20070622,12.58,12.68,12.5,12.5,14300
DYNT,20070622,5.25,5.35,5.2,5.2,25300
EAGL,20070622,46.46,46.55,46.45,46.53,1180000
EBAY,20070622,13.3474,13.6547,13.3347,13.3726,29211800
EBIX,20070622,4.38,4.4411,4.3644,4.4144,2400
EBTC,20070622,15.95,15.95,15.95,15.95,100
ECHO,20070622,12.23,12.35,12.11,12.3,17000
ECOL,20070622,21.67,21.83,21.41,21.51,152900
ECPG,20070622,11.93,12,11.65,11.67,1943400
EDAP,20070622,6.04,6.12,5.97,5.98,10500
EDGW,20070622,7.81,7.81,7.66,7.76,16100
EDUC,20070622,7.75,8.04,7.75,7.77,3100
EEFT,20070622,30.01,30.1,29.26,29.52,787800
EFII,20070622,29.02,29.34,28.64,28.93,1079900
EFOI,20070622,6.95,7,6.85,6.93,37100
EFSC,20070622,25.39,25.59,24.96,25.59,151500
EFUT,20070622,20.51,21.1,18.75,18.9,620600
EGBN,20070622,16.66,16.66,16.35,16.35,10800
EGHT,20070622,1.4,1.4,1.35,1.35,473900
EGLE,20070622,31680,32184,31348.8,31694.4,3864200
EGLT,20070622,16.51,16.51,16.14,16.14,482500
EGOV,20070622,6.49,6.58,6.4,6.42,507000
EHTH,20070622,18.03,18.31,17.98,18,959400
ELGX,20070622,4.42,4.47,4.15,4.47,36300
ELNK,20070622,7.35,7.35,7.17,7.25,3205900
ELON,20070622,170.2,171.3,166.3,167.1,1058800
ELOS,20070622,24.98,25.37,24.98,25.31,175600
ELSE,20070622,5.74,6.86,5.66,6.4,66300
ELTK,20070622,4.29,4.35,4.29,4.35,8500
EMCI,20070622,16.0333,16.3,16.0333,16.2067,120800
EMITF,20070622,2691.6,2726.4,2691.6,2713.2,4600
EMKR,20070622,20.8,21.08,20.56,20.84,4988600
EMMS,20070622,37.84,37.88,36.96,37.68,845800
ENDP,20070622,34.68,34.91,34.01,34.09,1263600
ENOC,20070622,40.85,40.91,38.54,38.54,522100
ENTG,20070622,11.99,12,11.67,11.87,3051300
EPAY,20070622,12.29,12.34,11.84,12.23,203900
EPIX,20070622,5.87,5.92,5.56,5.67,161600
EQIX,20070622,84.83,85.39,83.05,84.15,532200
ERIC,20070622,39.68,39.93,38.96,39.2,1598700
ERIE,20070622,53.5,53.79,53.12,53.49,382700
ESBK,20070622,23.7,23.73,23.7,23.73,300
ESCA,20070622,9.33,9.46,9.33,9.4,3300
ESEA,20070622,15.24,15.24,14.57,14.88,135900
ESGR,20070622,115.04,116.24,111.76,116.24,761500
ESIO,20070622,21.09,21.25,20.63,21.05,331700
ESLT,20070622,44.73,44.85,44.5,44.6,34000
ESMC,20070622,3.96,3.97,3.92,3.95,3300
ESRX,20070622,25.065,25.1175,24.425,24.555,1517500
ESSA,20070622,11.41,11.45,11.4,11.4,21600
ETFC,20070622,233.2,235.8,229.2,230.9,9926400
EVBS,20070622,22.18,22.18,22.18,22.18,200
EVEP,20070622,36.73,37.09,36.73,37.06,24700
EVOL,20070622,2.29,2.29,2.19,2.22,67800
EWBC,20070622,40.04,40.06,39.34,39.38,1648200
EXAC,20070622,14.47,14.47,14.18,14.18,3300
EXAS,20070622,2.9,2.92,2.87,2.89,16000
EXEL,20070622,12.03,12.07,11.74,11.87,1328700
EXFO,20070622,6.75,6.8,6.64,6.69,53400
EXLS,20070622,18.96,19.2,18.52,18.52,1883600
EXPD,20070622,41.39,42.04,41.08,41.46,2100300
EXPE,20070622,29.07,29.18,28.94,29,2726200
EXPO,20070622,11.37,11.525,11.085,11.13,378300
EXTR,20070622,3.77,3.84,3.74,3.84,1925500
EZPW,20070622,13.46,13.59,13.25,13.39,476000
FALC,20070622,11.01,11.04,10.92,11.02,1070800
FARM,20070622,20.81,21.17,20.59,21.14,55800
FARO,20070622,33.3,33.59,32.91,33.31,1803500
FAST,20070622,21.25,21.455,20.875,20.9,1058300
FBIZ,20070622,19.95,19.95,19.95,19.95,100
FBMS,20070622,24.94,24.94,24.94,24.94,0
FBNC,20070622,19.07,19.15,18.64,18.96,149200
FBSS,20070622,24.05,24.05,24.05,24.05,600
FCAP,20070622,17.75,17.75,17.75,17.75,0
FCBC,20070622,30.66,31.06,30.3,31.06,128300
FCCO,20070622,16.69,16.69,16.69,16.69,0
FCCY,20070622,16.88,17.22,16.88,17.22,400
FCEL,20070622,94.56,95.88,93,93.6,3316600
FCNCA,20070622,191.87,193.26,190,191.89,19200
FDEF,20070622,28.52,28.73,28.5,28.56,4900
FEIM,20070622,10.09,10.65,10.08,10.65,8900
FELE,20070622,23.05,23.055,22.56,22.97,788100
FFBC,20070622,14.56,14.62,14.36,14.53,455100
FFHL,20070622,7.54,7.64,7.14,7.15,276600
FFIC,20070622,16.03,16.17,15.75,15.82,193900
FFIN,20070622,12.7267,12.8034,12.5167,12.68,231200
FFIV,20070622,20.875,21.035,20.475,20.693,651300
FFKT,20070622,29.29,30.3,29.29,29.5,885600
FHCO,20070622,2.15,2.15,2.15,2.15,2000
FINL,20070622,10.16,10.25,10,10.13,1883500
FISI,20070622,20.45,20.55,20.45,20.55,3300
FISV,20070622,29,29.02,28.445,28.475,2421900
FITB,20070622,42.12,42.23,41.25,41.35,6372300
FIZZ,20070622,12.03,12.37,11.65,11.71,175500
FLEX,20070622,11.28,11.44,11.06,11.1,5830500
FLIC,20070622,13.5,13.5,13.5,13.5,100
FLIR,20070622,43.64,43.81,42.77,43.28,918800
FLML,20070622,21.46,21.68,21.03,21.17,598300
FLWS,20070622,8.99,9.04,8.76,8.98,273600
FLXS,20070622,14.12,14.12,13.91,13.91,2600
FMBI,20070622,35.66,35.97,35.46,35.68,716900
FNLC,20070622,16.08,16.2,15.98,16.2,4100
FNSR,20070622,31.52,31.52,30.4,30.4,5415700
FOLD,20070622,11.09,11.57,10.75,10.83,774600
FONR,20070622,5.12,5.18,5.12,5.17,6300
FORD,20070622,3.35,3.47,3.35,3.37,57900
FORM,20070622,41.55,41.55,40.42,41.05,652100
FORR,20070622,26.64,27.27,26.61,26.99,231300
FORTY,20070622,13.44,13.44,13.4,13.4,200
FOSL,20070622,30.71,30.89,30,30.23,1057200
FRBK,20070622,9.63,9.71,9.62,9.66,16300
FRED,20070622,13.29,13.65,13.27,13.58,707100
FRME,20070622,24.43,24.44,23.81,24.32,228500
FRPT,20070622,23.74,24.46,22.33,23.84,12657800
FSBK,20070622,26.95,26.95,26.69,26.75,34200
FSLR,20070622,80,84.9,79.05,84.64,5489200
FSTR,20070622,26.72,27.09,26.7,27.04,121300
FTEK,20070622,36.05,36.38,35.24,35.9,3523200
FUEL,20070622,1.55,1.62,1.55,1.55,20900
FULT,20070622,14.49,14.51,14.26,14.27,832800
FUNC,20070622,19.92,19.92,19.75,19.75,3000
FUND,20070622,11.69,11.69,10.83,11.33,46600
FWRD,20070622,34.37,34.6,33.6,34.18,883100
GABC,20070622,13.67,13.7,13.54,13.7,6400
GAIA,20070622,17.03,17.15,16.8,16.86,265900
GAIN,20070622,14.56,14.94,14.41,14.94,1461000
GASS,20070622,18,18,17.41,17.72,27500
GBCI,20070622,21.01,21.01,20.65,20.93,587700
GCBC,20070622,6.8,6.8,6.8,6.8,900
GENE,20070622,18.25,18.25,17.5,17.5,4200
GERN,20070622,7.24,7.3,7.08,7.09,2218600
GFED,20070622,30.01,30.01,30,30,600
GGAL,20070622,10.07,10.19,9.89,9.93,100500
GHDX,20070622,17.93,18.37,17.35,17.8,202700
GIFI,20070622,34.91,35.12,33.84,34.72,368800
GIGA,20070622,1.72,1.72,1.59,1.65,30500
GIGM,20070622,70.15,70.6,67.6,68.6,1062500
GIII,20070622,8.265,8.42,8,8.125,1669300
GILD,20070622,19.755,19.8725,19.365,19.62,4707600
GILT,20070622,9.34,9.34,9.1,9.17,164800
GLAD,20070622,22.44,22.74,22.12,22.12,221600
GLBL,20070622,25.68,26.5,25.57,26.5,3789500
GLBZ,20070622,17.33,17.33,17.33,17.33,0
GLDD,20070622,9.53,9.69,9.05,9.36,1254700
GLNG,20070622,17.05,17.07,16.77,16.88,4275500
GLRE,20070622,23.4,24.34,23.14,23.4,1022400
GLUU,20070622,14.49,14.5,13.52,13.52,887100
GNCMA,20070622,12.86,12.99,12.67,12.95,1137800
GNTX,20070622,9.755,9.825,9.65,9.73,2083900
GNVC,20070622,27.2,27.3,24.7,24.7,6994600
GOLD,20070622,22.16,22.4,21.89,22.28,262400
GOOD,20070622,18.96,19.5,18.84,19.5,15000
GOODO,20070622,24.98,25.05,24.98,25.05,600
GOODP,20070622,25.69,25.69,25.69,25.69,1500
GOOG,20070622,258.21,262.495,258.05,262.49,7288200
GPIC,20070622,13.8,14.18,13.28,13.91,53200
GPOR,20070622,19.48,19.86,19.29,19.67,925500
GPRE,20070622,18.49,18.5,18.2,18.35,6200
GPRO,20070622,57.35,57.43,56.4,56.5,563100
GRIF,20070622,34.8,35.59,34.8,35.19,500
GRMN,20070622,70.68,71.4,69.46,70.83,8910400
GROW,20070622,25.3,25.8,24.37,24.49,1947700
GRVY,20070622,51.44,51.44,50.8,50.8,1600
GSBC,20070622,26.9,27.61,26.4,26.4,172800
GSIT,20070622,4.45,4.57,4.45,4.57,15300
GSOL,20070622,21.55,22.75,20.76,20.78,1823400
GT,20070622,34.55,34.72,33.99,34.67,2631600
GTIM,20070622,5.78,5.9,5.78,5.9,1600
GTLS,20070622,27.5,28.8,26.85,28.15,1223200
GTXI,20070622,17.41,17.5,16.53,16.53,425800
GUID,20070622,13.25,13.36,12.95,13.28,145100
GYRO,20070622,58.01,58.01,58.01,58.01,0
HAFC,20070622,17,17.05,16.84,16.9,646400
HAIN,20070622,14.34,14.43,14.205,14.215,1120400
HALL,20070622,12.64,12.81,12.33,12.33,587500
HALO,20070622,9.86,9.94,9.66,9.66,7150900
HAS,20070622,31.63,31.65,31.22,31.3,2058900
HAYN,20070622,89.08,90.53,88.71,90,1571300
HBAN,20070622,22.06,22.06,21.74,21.8,3606600
HBHC,20070622,38.22,38.61,37.73,38.11,566200
HBIO,20070622,5.12,5.19,5.11,5.13,507600
HBNC,20070622,8.1867,8.1867,8.1867,8.1867,0
HCSG,20070622,12.446,12.566,12.3887,12.4727,289000
HDNG,20070622,33.9,34.65,33.33,33.56,1284000
HDSN,20070622,1.11,1.13,1.07,1.13,44800
HEES,20070622,26.81,27.53,26.73,26.75,774000
HELE,20070622,28.06,28.38,27.61,28.12,3870200
HEOP,20070622,17.97,18.2,17.95,18.07,1300
HFBC,20070622,15.79,15.79,15.79,15.79,18800
HFWA,20070622,23.19,23.5,23.19,23.5,7300
HIBB,20070622,25.6,26.21,25.6,26.03,1103300
HIFS,20070622,31.15,31.15,31.15,31.15,0
HIHO,20070622,4.7,4.7,4.52,4.69,14600
HIMX,20070622,5.85,5.85,5.75,5.8,457800
HLIT,20070622,8.65,8.72,8.49,8.56,1760700
HMNF,20070622,35.38,35.38,35.37,35.37,400
HMSY,20070622,6.2667,6.4,6.11,6.11,2534500
HOFT,20070622,22.08,22.62,21.53,21.61,206200
HOLX,20070622,28.04,28.376,27.846,27.896,1537100
HOMB,20070622,5.47,5.5825,5.3975,5.5825,313900
HOVNP,20070622,24.07,24.08,23.4,23.41,14500
HSIC,20070622,53.45,53.45,52.48,52.83,828600
HSII,20070622,50.34,50.46,49.63,50.46,487500
HSKA,20070622,2.34,2.54,2.34,2.43,234400
HSTM,20070622,3.38,3.5,3.36,3.5,4600
HTBK,20070622,23.3,23.8,23.15,23.8,295200
HTLD,20070622,16.45,16.45,16.06,16.18,1313900
HTLF,20070622,24.28,24.52,23.6,24.52,375800
HUBG,20070622,36.17,36.26,35.19,35.31,777700
HURC,20070622,46.99,47.59,46.62,46.86,655000
HURN,20070622,73.69,75.14,72.42,73.47,454000
HWAY,20070622,47.7,48.14,47.41,47.72,723400
HWBK,20070622,32,32.25,31.06,31.06,1500
HWCC,20070622,29.4,29.53,28.09,28.49,1683000
HWKN,20070622,15.27,15.37,15.27,15.37,900
HYGS,20070622,1.3,1.3,1.26,1.28,185800
IART,20070622,48.76,48.88,48.16,48.29,468400
IBCP,20070622,17.04,17.12,16.8,17.07,458600
IBKC,20070622,49.98,50.28,49.63,50.28,239600
IBKR,20070622,26.79,26.79,26,26.41,5875900
IBOC,20070622,26.08,26.15,25.81,25.98,517200
ICAD,20070622,3.5,3.74,3.44,3.74,119700
ICCC,20070622,5.66,5.66,5.57,5.57,1500
ICFI,20070622,18.72,18.89,18.12,18.36,54800
ICLR,20070622,43.36,43.62,42.88,43,183700
ICON,20070622,22.46,22.51,21.93,22.41,1156900
ICUI,20070622,42.73,42.93,42.41,42.8,342100
IDCC,20070622,33.17,33.49,32.53,32.79,1287500
IDSA,20070622,11.2,11.2,10.9267,11.0333,59300
IDSY,20070622,14.14,14.45,13.77,14.45,1239300
IDTI,20070622,15.34,15.45,15.12,15.12,2989900
IDXX,20070622,22.7025,22.785,22.66,22.715,267600
IESC,20070622,30.98,31.44,30.18,31.32,699100
IFON,20070622,3.32,3.32,3.23,3.25,28400
IGLD,20070622,12.9,12.93,12.6,12.73,97400
IIIN,20070622,18.99,18.99,18.35,18.4,554600
IIJI,20070622,8.25,8.33,8.21,8.33,56200
IIVI,20070622,13.5,13.57,13.21,13.34,339700
IKNX,20070622,9.26,9.6,9,9.19,1200
ILMN,20070622,39.66,39.81,39.11,39.61,1043800
IMGN,20070622,5.66,5.7,5.48,5.51,133400
IMKTA,20070622,33.95,34.31,32.95,32.95,291200
IMMR,20070622,13.73,13.9,13.22,13.43,3937000
IMMU,20070622,4.59,4.73,4.3,4.33,7285500
IMOS,20070622,7.15,7.21,7.1,7.13,1275800
INAP,20070622,13.72,13.79,13.28,13.64,1104600
INCY,20070622,6.33,6.38,6.15,6.2,1429100
INDB,20070622,29.66,29.84,29.42,29.46,236500
INFI,20070622,10.89,11.03,10.75,10.91,16100
INFN,20070622,23.6,24.48,23.5,24.41,183800
INFO,20070622,2.15,2.15,2.15,2.15,1100
INGN,20070622,3.8,3.96,3.65,3.75,159400
ININ,20070622,19.24,19.25,19.02,19.12,1614900
INOD,20070622,3.94,4.1,3.94,4.01,17400
INSM,20070622,0.71,0.77,0.71,0.72,1714100
INTC,20070622,24.18,24.23,23.69,23.7,71449100
INTG,20070622,16.42,17.04,16.2,17.04,8600
INTL,20070622,25.32,25.42,24.86,25.11,243500
INTU,20070622,29.95,30,29.49,29.84,4546400
INTX,20070622,9.75,9.77,9.58,9.58,17100
INWK,20070622,15.75,16.4,15.57,15.9,1887600
IOSP,20070622,30.155,30.73,29.42,30.55,221500
IPAR,20070622,18.042,18.042,17.575,17.575,477500
IPAS,20070622,5.28,5.33,5.23,5.33,1893600
IPCC,20070622,52.63,53.29,52.23,53,307200
IPGP,20070622,21.28,21.39,20.85,21.25,495800
IPHS,20070622,14,14.11,13.76,13.79,1425800
IRBT,20070622,19.99,20.74,19.66,20.03,682100
IRIX,20070622,5.76,5.87,5.55,5.55,24400
ISBC,20070622,5.3765,5.4157,5.3569,5.4157,839200
ISCA,20070622,52.93,52.99,52.4,52.41,251300
ISIG,20070622,4.16,4.19,4,4.09,10300
ISIL,20070622,33.39,33.59,32.46,32.65,2394200
ISLE,20070622,24.32,24.65,23.98,24.39,596300
ISNS,20070622,15.72,16.04,15.7,16.04,400
ISRG,20070622,138.5,139.73,137.01,137.55,496500
ISRL,20070622,43.99,43.99,38.75,39.39,10400
ISSC,20070622,23.54,23.66,22.66,22.83,385600
ITIC,20070622,50.24,50.24,49.5,49.5,700
ITRI,20070622,73.76,74.86,73.61,74.18,787600
ITRN,20070622,12.73,12.73,12.62,12.66,23900
IVAC,20070622,20.22,20.92,20,20.89,752500
IXYS,20070622,9.7,9.84,9.61,9.84,682500
JAKK,20070622,28.4,28.4,27.4,27.67,429400
JASO,20070622,47.82,49.935,46.655,49.5,1481200
JAZZ,20070622,16.62,16.95,16.61,16.64,32800
JBHT,20070622,28.3,28.4,27.96,28.07,1201200
JBLU,20070622,11.24,11.44,11.2,11.37,8457700
JBSS,20070622,10.77,11.22,10.7,11.22,22700
JCOM,20070622,35.06,35.18,34.16,34.58,811800
JCTCF,20070622,3.655,3.8,3.655,3.8,1900
JJSF,20070622,37.75,38.15,37.47,37.65,175000
JKHY,20070622,25.5,25.57,25,25.21,979700
JMBA,20070622,46.3,46.8,46.25,46.8,7566500
JOBS,20070622,8.96,9.105,8.935,9.05,46100
JOUT,20070622,19.9,19.94,19.77,19.9,21100
JRJC,20070622,8.9,9.03,8.9,8.95,22200
JRVR,20070622,33.68,34,33.66,34,426800
JXSB,20070622,12,12,12,12,0
KALU,20070622,76.82,77.15,75.26,75.26,1927800
KCAP,20070622,18.56,19.22,18.06,19.22,870700
KELYA,20070622,27.22,27.42,26.9,27.04,515600
KELYB,20070622,29.14,29.14,29.02,29.02,200
KEQU,20070622,11.7,11.94,10.74,11.89,6400
KERX,20070622,10.07,10.12,9.99,10.07,661800
KFFB,20070622,10.01,10.1,10.01,10.1,3300
KFRC,20070622,15.86,15.87,15.56,15.56,399800
KIRK,20070622,4,4.01,3.87,3.88,21200
KLAC,20070622,56.39,56.82,55.92,56.24,5193800
KLIC,20070622,10.94,11,10.52,10.53,3139200
KONA,20070622,18.95,19.2,18.78,19.2,14000
KOOL,20070622,50.2,50.2,48.6,49,6315600
KOPN,20070622,4.22,4.32,4.08,4.12,8344400
KOSS,20070622,9.575,9.575,9.575,9.575,100
KRNY,20070622,13.55,13.77,13.46,13.54,327800
KTCC,20070622,5.75,5.8,5.42,5.5,164400
KTEC,20070622,21.35,23.1,21.35,23.1,129700
KVHI,20070622,9.01,9.03,8.87,8.89,100700
KZ,20070622,5,5,4.89,4.92,123300
LABL,20070622,26.2,26.633,24.746,24.746,598900
LAKE,20070622,13.74,14.01,13.74,14.01,300
LAMR,20070622,63.73,63.73,62.22,62.52,969600
LANC,20070622,41.68,41.73,41.33,41.57,495200
LARK,20070622,28,28,28,28,0
LAWS,20070622,38.68,39.5,37.26,37.26,106700
LAYN,20070622,42.93,42.94,42.01,42.21,515100
LBAI,20070622,13.45,13.54,13.23,13.38,196400
LBIX,20070622,4.3,4.37,4.2,4.2,58900
LBTYA,20070622,20.8789,20.8789,20.5008,20.5212,4025600
LBTYB,20070622,41,41,40.75,40.75,400
LBTYK,20070622,38.87,39.04,38.38,38.38,1612500
LCUT,20070622,21.4,21.5,20.83,21.33,379500
LECO,20070622,37.295,37.875,37.21,37.44,410200
LENS,20070622,4.43,4.53,4.43,4.5,1700
LFUS,20070622,35.2,35.46,34.79,35.19,470000
LGCY,20070622,27.4,27.4,26.6,26.76,52000
LGND,20070622,42.72,43.02,41.16,41.64,8471700
LHCG,20070622,25.15,25.49,24.75,25.27,676000
LINC,20070622,14.75,14.9,14.5,14.5,82400
LION,20070622,17.08,17.24,17.08,17.24,900
LIOX,20070622,5.92,5.98,5.86,5.96,553900
LJPC,20070622,4.46,4.49,4.4,4.45,137600
LKFN,20070622,14.5133,14.5133,14.0133,14.48,144200
LLNW,20070622,19,19,18.51,18.6,680900
LLTC,20070622,35.96,36.25,35.58,35.68,5898000
LMAT,20070622,6.12,6.25,6.12,6.25,1400
LMCA,20070622,38.7367,38.7367,38.3967,38.4367,1232600
LMIA,20070622,24.46,24.53,23.61,24.29,105000
LMNX,20070622,11.98,12.16,11.87,12.04,349400
LNCE,20070622,23.91,24.15,23.1,23.8,320900
LNDC,20070622,12.7,12.7,12.33,12.33,2393100
LOGI,20070622,27.68,27.74,27.25,27.42,584200
LORL,20070622,49.31,51.56,48.99,50.06,165400
LPNT,20070622,38.72,39.06,38.6,38.69,1353300
LPSN,20070622,6.25,6.27,6.01,6.01,3978000
LPTH,20070622,5.04,5.04,4.95,4.95,7700
LQDT,20070622,19.41,19.41,18.87,18.87,394000
LRCX,20070622,53.9,54.58,53.07,53.11,3041300
LSBK,20070622,12,12,12,12,800
LSCC,20070622,6,6.01,5.8,5.92,2278200
LSTR,20070622,45.79,46.13,45.21,45.35,988100
LTRX,20070622,1.24,1.27,1.24,1.25,43400
LUNA,20070622,5.06,5.08,4.8,4.95,118600
LWAY,20070622,10.2,10.45,10.15,10.22,34200
LXRX,20070622,23.59,23.8,22.68,22.96,9299500
LYTS,20070622,17.52,17.82,17.4,17.7,703100
MAGS,20070622,10.34,10.34,10.2,10.2,4000
MANH,20070622,7.01,7.055,6.8275,6.84,1000200
MANT,20070622,31.57,31.73,30.82,31.32,468300
MARPS,20070622,31.29,31.6,31,31,1000
MAT,20070622,25.54,25.66,25.25,25.33,4766600
MATR,20070622,30.15,30.75,29.65,29.8,408900
MATW,20070622,43.4,43.95,43,43.01,523900
MAYS,20070622,23,23,23,23,0
MBFI,20070622,35.5,35.5,35.02,35.02,1025900
MBFIP,20070622,25.19,25.19,25.19,25.19,200
MBLX,20070622,139.8,144,133.5,135.78,1274700
MBRG,20070622,33.25,33.25,32.98,33.2,1300
MBRX,20070622,7.69,7.89,7.55,7.75,2216800
MBTF,20070622,14.25,14.5,14.07,14.38,1663500
MBVT,20070622,22.59,22.9,22.59,22.9,4400
MBWM,20070622,28.1,28.25,27.71,27.94,1095800
MCBC,20070622,15.3,15.39,15.14,15.33,206500
MCHP,20070622,38.47,38.47,37.66,37.8,2990100
MCHX,20070622,14.64,15.31,14.23,15.31,831500
MCRI,20070622,27.16,27.24,26,26.13,270500
MDCA,20070622,8.41,8.41,8.25,8.25,17700
MDCO,20070622,18.25,18.34,17.4,18,2304900
MDM,20070622,4.65,4.96,4.65,4.96,51900
MDRX,20070622,25.97,26.12,25.04,25.04,1026200
MENT,20070622,12.95,13.13,12.84,12.99,3198300
MEOH,20070622,25.95,26.34,25.5,25.78,414000
MERC,20070622,9.91,10.06,9.71,9.71,617000
MFNC,20070622,9.25,9.25,9.25,9.25,0
MFRI,20070622,28,28.07,27.48,27.6,53300
MFSF,20070622,19.25,19.25,18.3,18.36,1800
MGEE,20070622,21.48,21.5733,21.1333,21.34,164000
MGIC,20070622,2.31,2.38,2.31,2.33,57900
MGLN,20070622,46.61,46.79,46.2,46.58,507900
MGPI,20070622,15.95,16.55,15.5,15.92,722600
MGRC,20070622,31.42,31.77,31.11,31.51,336000
MGYR,20070622,14.46,14.46,14.25,14.25,10000
MHGC,20070622,23.63,24.06,23.47,23.47,348700
MIDD,20070622,20.69,20.69,20.17,20.29,172900
MIND,20070622,19.51,19.66,18.81,18.95,136200
MINI,20070622,30.25,30.58,29.96,30.25,464800
MKSI,20070622,27.84,28.07,27.42,27.5,1826500
MKTX,20070622,17.03,17.24,16.67,17.02,752500
MLAB,20070622,23,23.97,23,23.81,700
MLHR,20070622,34.75,35,34.27,34.52,1083700
MLNX,20070622,20.12,20.16,19.91,19.98,40600
MMLP,20070622,41,41.36,40.76,41.3,22500
MMSI,20070622,9.4,9.504,9.288,9.376,570300
MNDO,20070622,2.84,2.85,2.76,2.8,18300
MNKD,20070622,12.87,12.94,12.38,12.6,2301100
MNOV,20070622,8.78,8.78,8.5,8.65,4500
MNRO,20070622,16.3373,16.4127,16.11,16.1727,95800
MNST,20070622,7.535,7.605,7.365,7.3933,3803100
MNTA,20070622,11.31,11.55,11.15,11.49,1032500
MOBI,20070622,10.03,10.03,10.03,10.03,0
MOCO,20070622,11.34,11.39,11.13,11.33,8100
MORN,20070622,47.03,47.34,46.37,47.02,296900
MOSY,20070622,8.29,8.75,8.25,8.75,2446400
MPEL,20070622,11.72,11.73,11.41,11.55,1426400
MPET,20070622,1.57,1.57,1.5,1.53,218700
MPWR,20070622,17.3,17.43,16.78,17.01,159400
MRCY,20070622,12.2,12.38,12.16,12.38,494000
MRLN,20070622,20.13,20.47,19.79,20.46,1341000
MRTN,20070622,12.4067,12.5133,12.3,12.4667,329200
MRVC,20070622,3.07,3.13,3.05,3.13,1415000
MRVL,20070622,17.71,18,17.4,18,46177900
MSBF,20070622,11.46,11.46,11.4,11.4,5200
MSCC,20070622,22.94,23.15,22.53,22.97,1198100
MSEX,20070622,18.76,19.01,18.6,18.6,26900
MSFG,20070622,16.36,16.52,16.17,16.52,276600
MSFT,20070622,30,30.1,29.45,29.49,88345200
MSON,20070622,6.01,6.17,5.8,6.02,11400
MSTR,20070622,95.81,96.08,94.85,95.48,220500
MTEX,20070622,155.5,156,152.5,154,387600
MTRX,20070622,25.01,25.23,24.32,24.96,730200
MTSC,20070622,43.17,43.67,42.53,43.32,335800
MTSL,20070622,1.43,1.43,1.43,1.43,100
MU,20070622,13.12,13.23,12.81,12.83,22683300
MVIS,20070622,43.76,44.32,42.4,44.32,893400
MXIM,20070622,33.59,33.59,33.11,33.33,6096400
MXWL,20070622,13.75,13.81,13.24,13.49,1808200
MYGN,20070622,18.355,18.49,18.025,18.125,594100
NAII,20070622,7.13,7.21,7.12,7.21,2800
NANO,20070622,6.4,6.69,6.4,6.59,84200
NATH,20070622,15.3,15.8,15.3,15.79,41100
NATI,20070622,22,22,21.68,21.7733,337900
NAVG,20070622,52.98,53.55,52.54,53.55,280600
NAVI,20070622,7.45,7.63,7.19,7.27,47000
NBIX,20070622,12.02,12.19,11.64,11.81,1200200
NBTB,20070622,22.25,22.32,22,22.1,401300
NCIT,20070622,16.99,17.74,16.74,17.39,39900
NCMI,20070622,27.91,28.08,27.31,27.71,665600
NCTY,20070622,44.79,46.56,44.76,46.29,221700
NDAQ,20070622,30.26,30.7,29.77,29.89,3717900
NDSN,20070622,24.925,24.99,24.63,24.73,506500
NEOG,20070622,8.3329,8.3595,8.1493,8.3595,21600
NEON,20070622,2.47,2.73,2.47,2.6,3700
NEWS,20070622,14.04,14.42,14,14.42,607100
NEWT,20070622,10,10,9.5,9.95,12000
NFLX,20070622,2.86,2.8743,2.8,2.8114,1060800
NICE,20070622,36.15,36.26,35.62,35.95,225700
NICK,20070622,10.92,11.05,10.91,11.03,18100
NIHD,20070622,80.76,80.84,79.66,80.25,1368000
NILE,20070622,61.27,62.3,58.4,58.4,283400
NKSH,20070622,20.2,20.32,20.2,20.31,900
NKTR,20070622,10,10.11,9.74,9.85,2070800
NLST,20070622,3.55,3.65,3.42,3.43,64700
NMRX,20070622,11.5,11.63,11.39,11.63,9400
NNBR,20070622,12.35,12.49,11.87,11.87,2593700
NOVN,20070622,23.46,23.6,23.11,23.42,639100
NRIM,20070622,25.81,25.91,25.77,25.86,1700
NSEC,20070622,18.58,18.58,18.58,18.58,300
NSIT,20070622,21.58,21.76,21.45,21.62,603300
NSSC,20070622,6.27,6.45,6.13,6.17,59100
NSYS,20070622,7.75,7.75,7.75,7.75,300
NTAP,20070622,32.19,32.19,31.11,31.2,8829400
NTCT,20070622,8.01,8.4,7.92,8.15,3111900
NTEC,20070622,2.69,2.69,2.57,2.62,9500
NTES,20070622,16.96,17.25,16.95,16.96,883200
NTGR,20070622,37.47,37.47,36.24,36.74,447300
NTRI,20070622,66.77,67.54,66.33,66.81,580600
NTRS,20070622,65.32,65.32,63.9,64.12,1811700
NTWK,20070622,15.6,16,15.6,15.8,9700
NUAN,20070622,16.96,16.98,16.1,16.65,10169600
NURO,20070622,229.92,235.2,227.28,230.64,1529700
NUTR,20070622,16.28,16.5,16.14,16.5,17900
NUVA,20070622,26.1,26.32,25.85,26.01,244400
NVAX,20070622,3.03,3.07,3,3.07,6950400
NVDA,20070622,28.681,29.261,28.247,29.095,14749600
NVEC,20070622,32.32,34.32,32.32,33.75,450300
NVGN,20070622,8.6,8.7,8.57,8.6,31900
NVLS,20070622,30.89,31.06,30.3,30.44,3452100
NVMI,20070622,2.9,2.9,2.75,2.89,1400
NWFL,20070622,32.75,32.75,32.75,32.75,100
NWPX,20070622,33.35,34.32,33.16,33.8,1184800
NXST,20070622,14.37,14.37,13.82,13.82,1172800
NXTM,20070622,12.95,13.08,12.26,12.35,1075600
NYMX,20070622,5.97,5.97,5.88,5.88,13700
NYNY,20070622,39.25,39.45,37.85,38.5,222600
OBAS,20070622,22.4,22.9,22.4,22.6,11200
OBCI,20070622,1.72,1.98,1.6,1.74,117800
OCFC,20070622,17.86,18.07,17.75,17.75,1257400
OCLS,20070622,305.2,305.2,283.85,290.5,29400
ODFL,20070622,13.24,13.4178,13.1422,13.1645,418500
OFIX,20070622,44.83,45.06,44.06,44.23,1929500
OFLX,20070622,19.25,19.31,18.93,19.12,3300
OIIM,20070622,10.5,10.5,10.3,10.35,66900
OKSB,20070622,23.79,23.9,23.55,23.79,158200
OLBK,20070622,9.9,9.9,9.9,9.9,100
OLED,20070622,5.92,5.99,5.92,5.92,45200
OMAB,20070622,27.14,27.31,26.87,27.24,139100
OMCL,20070622,21.08,21.08,20.65,20.88,648900
ONEQ,20070622,102.48,102.65,101.46,101.63,21000
ONVI,20070622,8.52,8.52,8.2,8.4,8900
OPHC,20070622,391.6,391.6,391.6,391.6,0
OPOF,20070622,25.77,25.83,25.76,25.79,1000
OPTT,20070622,167.7,169.9,157.9,158.5,31100
OPXA,20070622,21.24,21.64,20.8,21.4,6200
ORBC,20070622,16.31,17.41,16.31,16.41,2726400
ORBK,20070622,22.55,22.82,22.55,22.68,34000
OREX,20070622,157.5,157.9,142.5,142.8,776100
ORIT,20070622,14.36,14.74,14.3,14.74,486000
ORLY,20070622,36.58,36.89,36.08,36.17,1540800
OSBC,20070622,29.73,30.08,28.8,30.08,366000
OSBCP,20070622,10.3,10.3,10.3,10.3,900
OSHC,20070622,12.69,12.69,12.62,12.62,600
OSIR,20070622,13.05,13.35,12.51,13.35,913000
OSIS,20070622,27.04,27.04,26.8,26.91,167000
OSTK,20070622,18.78,18.85,18.56,18.64,427600
OSUR,20070622,8.07,8.21,8.01,8.11,483700
OTEX,20070622,10.995,11.055,10.84,10.87,342900
OTIV,20070622,6.24,6.4,6.18,6.37,60400
OTTR,20070622,31.26,31.46,30.74,30.86,324100
OVBC,20070622,25.25,25.25,25.25,25.25,500
OZRK,20070622,7.1,7.1475,7.0275,7.035,182300
PAAS,20070622,27.5,27.68,27.06,27.49,754900
PANL,20070622,16.38,16.48,16.01,16.3,329900
PATK,20070622,10.3133,10.8267,9.84,10.6533,11200
PAYX,20070622,40.13,40.25,39.63,39.69,2417100
PBCT,20070622,19.22,19.35,18.97,19.01,6753100
PBHC,20070622,12.25,12.25,12.25,12.25,0
PBIB,20070622,23.1,23.1,23.1,23.1,0
PBIP,20070622,13.59,13.6,13.55,13.59,1900
PCAR,20070622,59.636,59.69,58.256,58.309,4200400
PCBK,20070622,15.78,16.21,15.78,16.16,13600
PCLN,20070622,65.92,66.04,64.85,64.85,1955500
PCTI,20070622,8.97,9.03,8.86,8.89,70100
PCYO,20070622,7.75,8.15,7.74,8.15,2500
PDCO,20070622,37.47,37.52,36.98,37.05,966500
PDEX,20070622,1.58,1.61,1.57,1.6,9800
PDFS,20070622,12.11,12.11,11.63,11.82,492500
PDLI,20070622,23.89,24.1,23.55,23.61,1715400
PEBK,20070622,19.41,19.89,19.31,19.78,800
PEBO,20070622,26.39,26.59,25.95,26.59,155400
PEGA,20070622,5.225,5.32,5.205,5.315,348300
PEIX,20070622,185.55,200.1,185.55,192.45,3505000
PENN,20070622,62.05,62.25,61.6,61.6,1116700
PERY,20070622,30.67,31.09,29.72,30.17,150900
PESI,20070622,15,15.4,15,15,80900
PETS,20070622,13.01,13.11,12.92,12.95,383900
PFBC,20070622,41.6,41.61,40.52,40.66,473700
PFBI,20070622,15.5,15.8,15.06,15.57,2200
PFBX,20070622,25.2,25.2,25.05,25.05,2700
PFIN,20070622,11.45,11.45,11.16,11.16,400
PFSW,20070622,0.92,0.95,0.91,0.92,45300
PGNX,20070622,22.57,22.97,22.18,22.38,645300
PGTI,20070622,11.19,11.19,11,11.05,159100
PHII,20070622,29.5,29.55,29.5,29.53,900
PHIIK,20070622,28.81,29.15,28.2,29,195900
PHMD,20070622,6.3,6.4,6.25,6.35,35600
PICO,20070622,44.81,44.94,44,44.12,377200
PKBK,20070622,17.49,17.49,17.25,17.26,1800
PKOH,20070622,25.25,25.34,24.35,24.35,902700
PLAB,20070622,15.05,15.12,14.81,15.03,797600
PLBC,20070622,12.89,13.46,12.63,13.37,1100
PLCE,20070622,53.08,53.42,51.94,53.01,620000
PLPC,20070622,53.33,54.55,51.97,52.08,273300
PLUG,20070622,3.03,3.05,2.97,3.05,8238800
PLUS,20070622,9.49,9.5,9.41,9.5,9600
PLXS,20070622,23.24,23.41,22.89,23.13,1117900
PMBC,20070622,14.18,14.5,14.18,14.5,6900
PNBK,20070622,215,215,214,214,2400
PNFP,20070622,29.52,29.98,29.21,29.74,191700
PNNT,20070622,14.46,14.58,14.06,14.06,2092300
PNRA,20070622,46.01,47,46.01,46.69,1218700
PNRG,20070622,57.95,57.95,56.84,56.84,64200
PNTR,20070622,8,8.09,7.78,7.88,43500
PODD,20070622,13.9,14.67,13.85,13.85,816000
POOL,20070622,41.12,41.17,40.14,40.18,1337400
POWL,20070622,30.12,30.65,29.8,29.98,211000
PPBI,20070622,10.51,10.66,10.44,10.49,3900
PPHM,20070622,0.94,0.98,0.94,0.94,21650800
PRAA,20070622,19.85,19.9033,19.5867,19.6333,173300
PRAN,20070622,17.46,17.76,17.46,17.46,3000
PRCP,20070622,9.65,9.8,9.65,9.79,4900
PRFT,20070622,20.8,20.89,20.35,20.46,1216400
PRFZ,20070622,59.26,59.3,58.47,58.55,40400
PRGS,20070622,22.2267,22.32,21.6667,21.8,1533700
PRGX,20070622,15.49,15.75,15.05,15.16,41000
PRKR,20070622,119.2,121,115.3,121,2076600
PROV,20070622,24.36,24.49,24.2,24.32,2400
PRSC,20070622,27.63,27.72,27.34,27.64,261300
PRTS,20070622,9.25,9.41,9.18,9.41,1052600
PRXL,20070622,20.16,20.225,19.505,19.595,451900
PSDV,20070622,1.46,1.47,1.44,1.45,53000
PSEC,20070622,17.04,17.3,16.88,17.04,2179600
PSMT,20070622,23.13,23.2,22.57,22.64,650000
PSTI,20070622,22,22,20,20,3200
PTEN,20070622,27.09,27.66,27,27.66,9566000
PTIE,20070622,8.61,8.92,8.56,8.89,514000
PTNR,20070622,15.95,16.16,15.8,15.95,245000
PTSI,20070622,19.36,19.53,18.79,19.31,726800
PVTB,20070622,29.43,29.52,27.7,28.42,1937500
PWOD,20070622,34.25,34.94,34.25,34.75,4900
PXLW,20070622,1.45,1.46,1.37,1.37,252600
PZZA,20070622,14.28,14.525,14.075,14.265,656700
QBAK,20070622,20.58,21,20.58,21,6900
QCLN,20070622,22.84,22.97,22.78,22.88,8400
QCOM,20070622,43.26,43.68,42.8,42.99,17760100
QCRH,20070622,16.96,17.08,16.58,17.08,1400
QDEL,20070622,15.62,15.67,15.11,15.4,777800
QGEN,20070622,18.12,18.33,17.75,17.8,1127000
QLTI,20070622,7.51,7.65,7.43,7.47,936500
QQEW,20070622,22.08,22.08,22.04,22.04,200
QQQ,20070622,47.64,47.71,47.14,47.29,153419800
QQQX,20070622,19.17,19.25,18.93,18.95,50500
QQXT,20070622,21,21,21,21,0
QSII,20070622,19.135,19.26,18.625,18.86,428000
QTEC,20070622,21.9,21.9,21.79,21.8,4900
QUIK,20070622,2.71,2.72,2.61,2.71,129700
RADA,20070622,3.04,3.04,3.04,3.04,1500
RAIL,20070622,50.77,51.11,49.36,50.13,486500
RAND,20070622,3.36,3.4,3.26,3.4,1800
RARE,20070622,26.81,26.98,26.51,26.6,542600
RAVN,20070622,17.425,17.62,17.19,17.505,193200
RBCAA,20070622,16.85,16.92,16.37,16.37,149300
RBPAA,20070622,20.93,21.35,20.47,20.47,130800
RCII,20070622,26.67,26.67,26.18,26.33,807200
RCKY,20070622,16.56,17,16.53,16.89,28500
RCMT,20070622,8.17,8.26,8.09,8.14,9700
RDCM,20070622,1.36,1.42,1.36,1.42,16700
RDNT,20070622,9.01,9.2,8.59,9.2,185700
RDWR,20070622,7.16,7.245,7.125,7.195,72500
RECN,20070622,32.76,32.76,32.03,32.47,566700
REFR,20070622,13.21,13.21,12.79,12.92,96900
REGN,20070622,18.25,18.37,17.91,17.93,1852000
RELL,20070622,9.51,9.55,9.41,9.44,19600
RELV,20070622,72.1,73.08,71.19,71.19,38500
RFIL,20070622,2.845,2.905,2.825,2.825,1300
RGCO,20070622,13.91,14.005,13.815,13.9,800
RGEN,20070622,3.71,3.95,3.71,3.9,73900
RGLD,20070622,24.6,24.85,24.28,24.62,554400
RICK,20070622,9.29,9.29,9,9.22,33600
RIGL,20070622,9.42,9.48,9.11,9.11,814900
RLOG,20070622,6.83,6.85,6.5,6.5,3600
RMBS,20070622,18.95,19.1,18.51,18.65,1836300
RMCF,20070622,16.11,16.23,15.98,16.19,8800
RMTI,20070622,5.4,5.75,5.4,5.45,57100
RNST,20070622,22.9,23.59,22.9,23.42,283100
RNWK,20070622,8.25,8.29,8.11,8.19,4475000
ROCK,20070622,21.51,21.98,21.09,21.31,275800
ROIA,20070622,7.21,7.21,7.08,7.14,6800
ROIAK,20070622,7.2,7.21,7.13,7.15,673200
ROLL,20070622,41.72,42.08,41.09,41.96,277600
ROSG,20070622,107.25,107.25,102.15,103.5,20500
ROST,20070622,7.84,7.8725,7.775,7.8275,2227400
RPRX,20070622,12.71,12.88,12.6,12.77,63100
RRGB,20070622,38.81,39.67,38.06,38.57,368100
RSYS,20070622,12.85,12.99,12.61,12.85,338500
RTIX,20070622,10.93,11.3,10.51,10.81,2966200
RUSHA,20070622,15.488,15.608,14.874,15.041,230600
RUSHB,20070622,15.041,15.168,14.381,14.394,11500
RUTH,20070622,17.27,17.51,17.2,17.4,581300
RVSB,20070622,14.06,14.19,13.8,14.19,24200
RYAAY,20070622,38,38.22,37.63,38.15,810700
SAFM,20070622,44.3,44.33,43.8,43.85,751300
SAFT,20070622,41.52,41.74,41.12,41.12,448800
SAIA,20070622,17.92,18.3,17.66,17.7867,303600
SALM,20070622,11.17,11.69,10.75,10.95,279600
SANM,20070622,3.32,3.4,3.27,3.39,12847200
SASR,20070622,32.42,32.52,31.73,32.39,181500
SBAC,20070622,33.09,33.33,32.77,32.82,937100
SBBX,20070622,14.5,14.5,14.5,14.5,0
SBCF,20070622,107.8,108.65,107.5,108.65,477400
SBGI,20070622,14.32,14.57,14.06,14.17,1464200
SBNY,20070622,33.84,34,33.43,33.76,333900
SBSA,20070622,4.35,4.52,4.32,4.52,849800
SBSI,20070622,20.5714,20.8857,20.3524,20.8857,142700
SBUX,20070622,13.02,13.02,12.75,12.77,35135300
SCHL,20070622,35.74,35.74,34.82,35.34,662100
SCHN,20070622,50.17,50.28,49.2,49.64,504000
SCKT,20070622,0.85,0.88,0.85,0.86,9400
SCLN,20070622,2.5,2.54,2.45,2.5,88200
SCON,20070622,286.2,288,280.8,288,19300
SCSC,20070622,33.64,33.98,32.35,32.93,423600
SCSS,20070622,16.08,16.19,15.97,16.02,1441200
SCVL,20070622,18.5933,18.9933,18.5133,18.5933,284800
SEAC,20070622,7.75,7.85,7.67,7.67,3415600
SEED,20070622,8.41,8.65,8.23,8.33,40100
SEIC,20070622,28.92,28.97,28.35,28.66,1016100
SENEA,20070622,26.75,26.75,26.75,26.75,1900
SENEB,20070622,27.39,27.39,27.39,27.39,0
SFBC,20070622,16.09,16.09,16.09,16.09,200
SFLY,20070622,22.79,23,22.07,22.07,1468300
SFNC,20070622,28.17,28.34,27.26,27.93,146800
SGEN,20070622,9.69,9.84,9.49,9.5,5077600
SGMA,20070622,9.19,9.37,9.17,9.27,1900
SGMO,20070622,8.45,8.49,8.26,8.47,3428500
SGMS,20070622,34.81,35.1,34.22,34.25,1117400
SGRP,20070622,1.04,1.05,1.04,1.05,500
SHBI,20070622,28.96,29.15,28.02,28.3,904000
SHEN,20070622,17.1385,17.1755,16.7785,17.125,66800
SHLD,20070622,171.64,172.12,170.38,170.38,1295600
SHLM,20070622,21.66,21.82,21.55,21.6,360400
SHLO,20070622,14.02,14.93,14,14.3,665600
SHOO,20070622,9.4815,9.6059,9.3481,9.4519,632600
SIEB,20070622,4.1,4.16,4.1,4.16,2700
SIFI,20070622,12.15,12.2,11.89,11.89,1100
SIFY,20070622,8.85,8.85,8.7,8.75,55600
SIGI,20070622,26.35,26.35,25.97,26.09,708900
SIGM,20070622,25.41,26,24.42,24.92,1395600
SILC,20070622,18.65,19.39,18.57,18.81,43200
SIMO,20070622,25.67,25.71,24.87,25.45,443300
SINA,20070622,40.92,41.23,40.36,40.8,911700
SIRI,20070622,2.93,3.03,2.92,3.01,55852400
SIVB,20070622,54.13,54.13,53.23,53.69,1629500
SIVBO,20070622,25,25,25,25,500
SKYW,20070622,26.92,26.94,26.14,26.4,1734400
SLAB,20070622,35.35,35.38,34.15,34.65,1427300
SLGN,20070622,27.51,27.815,27.465,27.5,195200
SLMAP,20070622,48.45,48.75,48.45,48.6,2700
SMBC,20070622,7.345,7.345,7.325,7.325,1300
SMCI,20070622,10.99,11.14,10.52,10.53,921700
SMIT,20070622,8.56,8.86,8.56,8.84,7100
SMMF,20070622,19.65,19.93,19.65,19.93,1200
SMRT,20070622,12.69,12.79,12.4,12.57,905000
SMSI,20070622,54.16,59.76,54,58.6,6187400
SMTC,20070622,17.59,17.68,17.25,17.37,2336700
SMTX,20070622,5.4,5.5,5.2,5.44,138900
SNAK,20070622,3.02,3.11,3.01,3.08,49000
SNBC,20070622,86.8,87.75,85.55,87.05,270700
SNCR,20070622,28.09,28.19,26.63,26.92,1510500
SNFCA,20070622,5.64,5.81,5.64,5.81,500
SNHY,20070622,21.2193,21.2327,20.5433,20.5613,1017200
SNMX,20070622,14.05,14.07,13.7,13.91,367600
SNPS,20070622,26.69,26.9,26.41,26.59,3423000
SNSS,20070622,25.2,25.2,23.16,24,47500
SOFO,20070622,2.3,2.3,2.24,2.24,142900
SOHU,20070622,28.11,29.96,28,29.87,2171300
SONA,20070622,14.21,14.21,14.21,14.21,100
SONC,20070622,21.81,22.28,21.43,21.48,2373300
SONS,20070622,42.75,43.75,42.25,42.95,7247900
SORL,20070622,7.26,7.28,7.18,7.2,18000
SPAN,20070622,26,27.43,23.78,24.25,201400
SPAR,20070622,21.177,21.311,19.183,19.57,4815500
SPEX,20070622,820.8,843.6,817,817,6600
SPIL,20070622,11.52,11.59,11.36,11.42,1395900
SPLS,20070622,24.73,24.79,24.18,24.28,14921500
SPNC,20070622,11.25,11.28,11.11,11.23,487600
SPNS,20070622,3.05,3.05,2.82,2.97,9400
SPPI,20070622,6.61,6.72,6.58,6.65,90200
SPRT,20070622,5.39,5.4,5.25,5.31,196600
SPTN,20070622,31.94,32.17,31.38,31.56,456100
SPWR,20070622,60.99,64.88,60.31,64.18,4907400
SRCE,20070622,24.67,24.77,24.11,24.65,142300
SRCL,20070622,44.62,45.13,44.27,44.28,544200
SRDX,20070622,37.26,37.69,36.85,37.04,209200
SSBI,20070622,10.85,10.94,10.82,10.94,4000
SSFN,20070622,14.75,14.75,14.75,14.75,0
SSRI,20070622,36.4,36.53,35.55,35.74,505500
SSYS,20070622,23.53,23.835,23.305,23.5,168600
STAA,20070622,4.12,4.2,4.11,4.11,46900
STBA,20070622,32.71,33.21,32.68,33.21,408000
STEM,20070622,29.4,29.64,29.04,29.04,469500
STFC,20070622,31.4,31.58,31.16,31.42,161200
STKL,20070622,11,11.33,10.91,11.14,408700
STLD,20070622,21.125,21.21,20.755,20.905,2125900
STLY,20070622,21.64,22.03,21.12,21.12,1825900
STMP,20070622,14.05,14.12,14,14.03,210700
STRA,20070622,122.17,122.17,120.78,121.25,141000
STRL,20070622,22.43,22.62,22,22.48,1133100
STRM,20070622,3.85,4.12,3.85,4.09,21200
STRS,20070622,33.5,33.5,30.97,30.97,511400
STRT,20070622,47.98,47.98,47.02,47.31,1400
SUMR,20070622,5.2,5.2,5.2,5.2,0
SUNW,20070622,5.11,5.14,5.08,5.08,54185400
SVBI,20070622,17.15,17.15,17.15,17.15,0
SWHC,20070622,16.31,16.55,16.16,16.31,740700
SWIR,20070622,25.77,26.17,25.6,25.83,403100
SWKS,20070622,7.3,7.32,7.17,7.21,3150500
SYBT,20070622,16.2267,16.2267,15.74,16.0133,172500
SYKE,20070622,18.62,18.73,18.4,18.46,628800
SYMC,20070622,19.96,20.15,19.83,19.91,20992800
SYNA,20070622,34.55,35.05,34,35,1023200
SYNL,20070622,43.5,43.59,40.18,41.74,501800
SYNT,20070622,16.1,16.35,15.86,15.86,533200
SYPR,20070622,8.14,8.16,8.1,8.13,23400
SYUT,20070622,26,26,23.1,24.75,288400
TACT,20070622,6.29,6.35,6.19,6.19,41500
TAIT,20070622,2.71,2.71,2.6,2.6,8200
TASR,20070622,13.42,13.63,13.15,13.43,6966900
TAST,20070622,15.46,15.74,15.41,15.74,384800
TAYD,20070622,5.96,5.96,5.86,5.9,11300
TBBK,20070622,23.33,24.03,23.07,23.31,208100
TCBI,20070622,22.1,22.21,21.88,22.21,934300
TCBK,20070622,22.6,22.84,22.49,22.84,216500
TCX,20070622,5,5.04,4.72,4.92,181400
TEAM,20070622,12.32,12.39,11.42,11.88,56300
TECD,20070622,37.74,37.78,37.48,37.6,777600
TECH,20070622,56.69,56.69,55.34,55.9,214900
TESO,20070622,31.82,32.1,31.65,32,79900
TESS,20070622,12.88,13.7,12.88,13.14,78700
TFSL,20070622,11.96,12.05,11.84,12.01,7255900
TGEN,20070622,2.78,2.85,2.72,2.76,169100
THFF,20070622,28,28.69,28,28.53,134500
THLD,20070622,1.51,1.52,1.45,1.45,97800
THRM,20070622,8.36,8.46,8.2,8.37,101600
TICC,20070622,16.17,16.44,16.14,16.27,479400
TINY,20070622,11.37,11.75,11.17,11.49,2641600
TISA,20070622,3.12,3.12,3.09,3.11,1300
TIVO,20070622,5.82,6.03,5.81,5.99,2420900
TLT,20070622,83.05,83.77,82.95,83.76,2119200
TORM,20070622,2.38,2.49,2.35,2.48,8500
TRIB,20070622,11.28,11.28,11.05,11.15,15200
TRMB,20070622,15.995,16.025,15.625,15.785,1054500
TRMK,20070622,25.5,25.67,25.19,25.36,460100
TRNS,20070622,5.62,5.62,5.61,5.61,700
TROW,20070622,52.26,52.78,51.55,51.88,1754600
TRST,20070622,9.79,9.9,9.7,9.9,897800
TRUE,20070622,19.09,19.87,18.66,19.8,20600
TSBK,20070622,17.98,18.25,17.75,17.75,80000
TSCO,20070622,13.0275,13.3725,13.025,13.25,722000
TSEM,20070622,22.5,23.25,22.2,23.25,70500
TSRA,20070622,43.71,44,42.58,42.74,540600
TSRI,20070622,3.93,4.02,3.83,3.9,5400
TTEC,20070622,32.52,32.54,31.2,31.26,1437000
TTEK,20070622,21.95,22.35,21.75,22.04,804100
TTGT,20070622,14.44,14.64,14.1,14.1,1004700
TTMI,20070622,13.01,13.45,12.99,13.14,1970800
TTWO,20070622,20.49,21.08,20.43,20.82,2917300
TUES,20070622,13,13.2,12.93,13.2,1239000
TVIA,20070622,0.25,0.26,0.25,0.26,134200
TWER,20070622,79.6,79.6,78,78.8,89200
TWIN,20070622,37.775,37.875,36.905,37.525,574400
TWMC,20070622,4.9,5.05,4.88,4.88,62500
TXN,20070622,37.47,37.62,36.95,37.11,12568500
TXRH,20070622,12.73,12.73,12.52,12.6,822200
TZOO,20070622,26.75,27.09,26.09,26.09,652500
UBCP,20070622,10.59,10.59,10.45,10.45,5000
UBFO,20070622,19.58,20.27,19.2,19.68,64100
UBNK,20070622,14.4,14.4,14.35,14.4,12200
UBOH,20070622,15.49,15.87,15.07,15.87,2900
UBSH,20070622,23.63,23.72,23.25,23.69,149300
UBSI,20070622,31.86,32.03,31.34,31.56,524800
UCBA,20070622,12.32,12.5,12.01,12.5,2600
UCBI,20070622,26.33,26.51,26,26.06,538100
UCFC,20070622,10.43,10.45,10.19,10.36,327200
UCTT,20070622,14.36,14.36,14.08,14.1,2142200
UEIC,20070622,36.65,37.5,35.82,37.2,361000
UEPS,20070622,24.43,24.58,23.93,24.4,1518100
UFCS,20070622,35.38,35.49,34.45,34.65,145400
UFPI,20070622,45.56,46,44.08,44.87,308100
UFPT,20070622,5.24,5.32,5.19,5.25,11700
UHAL,20070622,79.6,80.05,77.31,79.4,410200
ULBI,20070622,10.36,10.38,10.21,10.21,24800
ULTI,20070622,29.07,29.07,28.52,28.83,288900
UMBF,20070622,37.42,37.53,36.88,37.12,390900
UMPQ,20070622,24.07,24.07,23.4,23.5,762300
UNAM,20070622,13.17,13.25,13.13,13.25,1800
UNFI,20070622,27.4,27.67,27.17,27.31,508200
UNTY,20070622,11.7,11.73,11.45,11.7,5100
URBN,20070622,23.64,23.82,23.1,23.26,4471700
URRE,20070622,1316.4,1332,1294.8,1332,6893200
USAK,20070622,15.85,16.13,15.62,15.76,1065300
USAP,20070622,38.77,38.77,37.51,37.76,827600
USAT,20070622,10.86,11.1,10.6,10.96,41700
USEG,20070622,33.54,34.02,33,33,132000
USLM,20070622,37.47,37.81,37.47,37.58,1000
UTEK,20070622,13.32,13.39,13.12,13.32,458500
UTHR,20070622,31.765,31.9,31.29,31.34,888600
UTMD,20070622,30.12,30.44,30,30.21,1300
UTSI,20070622,15.57,15.81,15.36,15.72,4566300
UVSP,20070622,22.55,22.61,22,22.27,150400
VALU,20070622,47.25,47.25,45.69,45.69,40400
VASC,20070622,9.31,9.5,9.26,9.38,19100
VBFC,20070622,274.4,274.4,274.4,274.4,500
VDSI,20070622,22.13,22.13,21.16,21.4,776700
VECO,20070622,20.87,20.89,20.48,20.89,1597800
VIA,20070622,41.56,41.82,40.88,41.07,72900
VIAB,20070622,41.65,41.87,40.84,40.99,4856300
VICL,20070622,55.1,55.6,54.7,55.5,75500
VICR,20070622,12.85,13.1,12.79,13.08,303900
VIRC,20070622,6.75,6.88,6.75,6.86,14300
VIVO,20070622,21.69,21.85,21.13,21.21,901900
VLGEA,20070622,23.55,23.88,22.745,23.88,57100
VNDA,20070622,21.51,21.71,20.5,21.18,4258700
VOD,20070622,31.38,31.55,31.15,31.25,2622300
VOXX,20070622,13.08,13.24,12.69,12.83,223700
VRSN,20070622,29.15,29.69,29.04,29.42,5287400
VRTB,20070622,22.32,22.6,22,22.24,21500
VRTX,20070622,26.92,26.93,25.94,26.2,2315200
VSAT,20070622,30.67,31,29.8,30.07,168700
VSEC,20070622,18.7525,19.4375,18.7525,19.36,10400
VVUS,20070622,4.98,5.2,4.89,4.98,6578300
WABC,20070622,45.27,45.36,44.68,44.81,632300
WAFD,20070622,23.95,24.01,23.8,23.97,785700
WASH,20070622,25.36,25.5,24.69,25.12,136500
WAYN,20070622,13.75,13.75,13.75,13.75,100
WBMD,20070622,47.9,48.05,46.22,47,80400
WDC,20070622,19.17,19.37,19.17,19.31,3981200
WDFC,20070622,33.53,33.61,32.85,33.01,147800
WERN,20070622,19.68,19.73,19.43,19.56,1180600
WEYS,20070622,25.13,25.48,24.89,25.13,40700
WFM,20070622,19.145,19.4,19.085,19.15,2904500
WILC,20070622,8.17,8.55,8.17,8.5,14500
WINA,20070622,19.4,19.4,19,19.05,13100
WINS,20070622,7.01,7.1,7.01,7.1,21100
WIRE,20070622,30.89,30.89,30,30.48,1140000
WLDN,20070622,10,10,9.74,9.93,7200
WLFC,20070622,11,11.27,11,11.13,15300
WMAR,20070622,13.71,13.94,13.52,13.52,310300
WMGI,20070622,24.74,24.85,24.33,24.55,236200
WOOF,20070622,38,38.08,37.26,37.28,564500
WPCS,20070622,1875.72,1906.52,1871.1,1906.52,44200
WPPGY,20070622,72.87,73.01,72.24,72.43,52200
WRLD,20070622,41.88,42.23,40.97,41.47,274400
WSBC,20070622,29.37,29.51,29.11,29.51,307000
WSCI,20070622,5.85,6.15,5.78,5.98,251600
WSFS,20070622,21.53,21.53,21.0867,21.0867,97800
WSTG,20070622,16.15,16.19,16.14,16.14,1700
WSTL,20070622,2.69,2.7,2.64,2.69,90500
WTBA,20070622,15.44,16.23,15.44,16.23,1957500
WTFC,20070622,44.86,45.08,44.41,44.58,494200
WVFC,20070622,16.4,16.4,16.4,16.4,0
WVVI,20070622,6.88,6.96,6.88,6.92,1400
WYNN,20070622,90.93,91.23,89.44,89.55,836400
XLNX,20070622,27.47,27.57,26.92,27,9379100
XOMA,20070622,66,66,61.6,62,17297700
XRAY,20070622,37.08,37.45,36.84,36.99,1555900
XTLB,20070622,2.65,2.65,2.52,2.53,19000
XXIA,20070622,9.21,9.3,9.12,9.27,704500
YHOO,20070622,27.68,27.79,27.31,27.38,34926900
YORW,20070622,17.53,17.53,17.3,17.4,800
YRCW,20070622,38.02,38.05,37.52,37.7,1075300
ZBRA,20070622,39.05,39.14,38.5,38.85,855600
ZEUS,20070622,32.13,33.08,31.5,31.79,247100
ZION,20070622,79.54,79.75,78.46,78.62,745800
ZIOP,20070622,4.76,5.06,4.7,4.76,15200
ZIXI,20070622,1.79,1.86,1.75,1.86,251500
ZUMZ,20070622,39.69,39.69,38.49,38.5,500900
