<ticker>,<date>,<open>,<high>,<low>,<close>,<vol>
AAME,20130910,3.94,3.95,3.89,3.9,12600
AAON,20130910,16.8333,17.1533,16.8,16.94,118500
AAPL,20130910,72.3143,72.4929,69.9286,70.6629,26542600
AAWW,20130910,47.75,48.38,47.44,48.34,120500
AAXJ,20130910,58.75,58.98,58.59,58.8,4354300
ABAX,20130910,40.97,41.48,40.79,41.4,92400
ABCB,20130910,19.5,19.5,19.15,19.26,50500
ABCD,20130910,1.51,1.58,1.45,1.58,6400
ABCO,20130910,59.09,59.77,58.85,59.65,136500
ABIO,20130910,9.87,9.94,9.45,9.73,299700
ABMD,20130910,23.62,23.85,23.46,23.57,512500
ABTL,20130910,7.55,7.88,7.26,7.28,216200
ACAD,20130910,23.1,23.21,22.3,22.93,1735000
ACAS,20130910,13.18,13.39,13.18,13.37,1429500
ACAT,20130910,56,56.75,55.32,56,124200
ACET,20130910,15.1,15.24,14.6,14.7,255300
ACFC,20130910,4.21,4.21,4.21,4.21,0
ACGL,20130910,54.07,54.35,53.5,53.71,355200
ACHC,20130910,38.76,39.78,38.68,39.19,207200
ACHN,20130910,7.41,7.5,7.28,7.49,1558300
ACIW,20130910,16.5767,16.6467,16.4633,16.5467,437500
ACLS,20130910,9.04,9.28,8.84,8.96,1611200
ACNB,20130910,16.85,17.1,16.85,16.91,6200
ACOR,20130910,37.31,37.31,36.33,36.92,201900
ACPW,20130910,3.05,3.06,2.95,3.05,208600
ACRX,20130910,10.5,11.27,10.3,11.27,467800
ACST,20130910,28.1,28.1,26.9,27.5,82000
ACTG,20130910,22.75,23.12,22.72,23.11,228100
ACTS,20130910,2.69,2.69,2.59,2.66,45500
ACUR,20130910,1.57,1.67,1.52,1.52,311800
ACWI,20130910,53.4,53.47,53.24,53.46,839600
ACWX,20130910,44.3,44.36,44.17,44.34,230600
ACXM,20130910,25.45,25.93,25.3,25.92,335400
ADBE,20130910,47.51,48.06,47.51,48.02,2831300
ADES,20130910,18.46,20.06,18.455,19.875,109300
ADHD,20130910,14.78,15.5,14.6,14.96,61800
ADI,20130910,47.52,47.94,47.52,47.88,1686100
ADP,20130910,65.3028,65.3028,64.741,64.741,3155900
ADRA,20130910,29.24,29.24,29.24,29.24,100
ADRD,20130910,23.39,23.58,23.39,23.58,10700
ADRE,20130910,37.38,37.53,37.35,37.5,8400
ADRU,20130910,23.07,23.12,23.07,23.1,4600
ADSK,20130910,37.89,38.15,37.87,38.08,2078700
ADTN,20130910,27.23,27.36,26.73,27.34,415100
ADUS,20130910,21.67,23.3,21.47,23.22,143000
AEGN,20130910,22.48,23.1,22.38,23.08,149500
AEGR,20130910,93.9,97.25,93.5,96.93,574600
AEHR,20130910,1.64,1.87,1.64,1.85,54800
AEIS,20130910,19.21,19.23,18.92,19.11,377900
AEPI,20130910,88.26,90,85.82,86,444100
AETI,20130910,6.72,6.91,6.72,6.87,5400
AEY,20130910,2.48,2.48,2.46,2.48,8200
AEZS,20130910,163,165,160,161,156200
AFAM,20130910,18.66,18.83,18.37,18.75,31900
AFH,20130910,10.05,10.1,9.95,9.99,17700
AFSI,20130910,17.395,17.525,17.325,17.34,488700
AGEN,20130910,2.85,2.95,2.82,2.85,438400
AGII,20130910,41.31,41.89,41.1,41.86,59200
AGIIL,20130910,22.26,22.3,22.11,22.14,8900
AGIO,20130910,27.09,27.72,26.13,27.72,103500
AGNC,20130910,23.09,23.1,22.57,22.67,5913600
AGNCP,20130910,25.37,25.48,25.37,25.45,21700
AGYS,20130910,12,12.21,11.95,12.21,32500
AHGP,20130910,61.67,62.81,61.67,62.49,19900
AHPI,20130910,2.45,2.45,2.3,2.32,6300
AIMC,20130910,26.66,26.91,26.07,26.65,93600
AINV,20130910,8.3,8.42,8.29,8.42,2448000
AIQ,20130910,24.89,25.07,24.61,24.81,56600
AIRM,20130910,40.31,40.57,39.78,40.39,185300
AIRT,20130910,10.95,10.98,10.6,10.75,2900
AIXG,20130910,17.18,17.23,17.05,17.13,46200
AKAM,20130910,49.14,49.46,48.89,49.43,1711700
AKRX,20130910,19.16,19.47,19.16,19.3,774500
ALCO,20130910,41.15,41.61,40.85,41.2,9700
ALGN,20130910,47,47.05,46.17,47.03,707400
ALGT,20130910,96.3,98.94,94.19,98.84,56900
ALIM,20130910,3.73,3.98,3.73,3.89,74300
ALKS,20130910,34.43,34.89,33.73,34.85,765100
ALLT,20130910,12.49,13.06,12.41,13,1462600
ALNY,20130910,58,58.34,56.9,57.2,475500
ALOG,20130910,77.86,80.74,77.86,80.58,42300
ALOT,20130910,11.86,11.86,11.86,11.86,100
ALSK,20130910,2.58,2.61,2.49,2.54,1174100
ALXN,20130910,112.92,113.86,111.49,113.62,1064600
AMAG,20130910,24.18,25.04,24.18,24.53,77900
AMAT,20130910,15.67,15.99,15.64,15.98,8640100
AMBA,20130910,17.95,18.08,17.16,17.87,1556700
AMBC,20130910,21,21.02,19.6,19.82,1845900
AMBCW,20130910,12.11,12.57,11.5,12.05,44800
AMCC,20130910,12.28,12.88,12.14,12.87,1707600
AMCN,20130910,1.79,1.83,1.79,1.81,17000
AMCX,20130910,63.67,63.89,63.05,63.51,338600
AMD,20130910,3.78,3.87,3.77,3.87,33201000
AMED,20130910,17.13,17.49,17.12,17.25,316400
AMGN,20130910,112.34,112.6,110.42,111.16,3139600
AMKR,20130910,4.29,4.3,4.28,4.3,775400
AMNB,20130910,21.7,22,21.43,21.71,10900
AMOT,20130910,8.15,8.15,8.08,8.09,16800
AMOV,20130910,19.76,20.03,19.76,20.03,10200
AMRB,20130910,8.14,8.2,8.05,8.2,1000
AMRI,20130910,11.65,11.84,11.55,11.83,262800
AMRN,20130910,7.3,7.3,7.01,7.19,4361800
AMRS,20130910,2.76,2.8,2.66,2.68,102900
AMSC,20130910,25.5,26.3,24.6,25.8,536500
AMSF,20130910,33.53,33.72,33.33,33.5,29400
AMSG,20130910,38.21,38.21,37.64,38.13,62800
AMSWA,20130910,8.2,8.38,8.14,8.34,89300
AMWD,20130910,36.49,36.5,35.92,36.18,48300
AMZN,20130910,300.86,301,297.22,300.36,1781000
ANAT,20130910,104.96,104.96,102.75,103,9800
ANCB,20130910,16.39,16.39,16.25,16.25,900
ANCX,20130910,14.54,14.91,14.44,14.8,14600
ANDA,20130910,10.08,10.08,10.08,10.08,0
ANDAU,20130910,10.96,10.96,10.96,10.96,0
ANDAW,20130910,0.48,0.48,0.48,0.48,0
ANDE,20130910,44.9067,45.2467,44.6867,45.0933,155300
ANGI,20130910,20.16,20.88,20.06,20.71,861200
ANGO,20130910,11.18,11.3,11.11,11.26,100800
ANIK,20130910,24.74,25,24.5,24.8,113800
ANIP,20130910,7.19,7.35,6.95,7.12,33600
ANSS,20130910,86.71,87.95,85.9,87.77,523100
ANTH,20130910,3.68,3.84,3.66,3.75,184900
AOSL,20130910,8.21,8.45,8.21,8.41,58200
APEI,20130910,39.77,40.19,39.77,40,99300
APOG,20130910,28.21,28.45,27.95,28.44,198200
APOL,20130910,20.66,20.8,20.37,20.79,2268000
APPY,20130910,14.48,14.64,13.28,13.6,1194100
APRI,20130910,21,21.3,20.9,21,121900
APWC,20130910,3.75,3.75,3.73,3.73,200
ARAY,20130910,6.49,6.58,6.44,6.46,544500
ARCC,20130910,17.7,17.75,17.65,17.74,1049200
ARCI,20130910,2.74,2.86,2.74,2.83,36900
ARCW,20130910,2.112,2.112,2.112,2.112,100
AREX,20130910,24.63,24.75,24.13,24.49,168000
ARIA,20130910,22.32,22.54,21.89,22.52,1971200
ARII,20130910,36.14,36.64,36.07,36.39,188400
ARKR,20130910,22.03,22.17,22.03,22.05,1000
ARLP,20130910,38.625,39.125,38.585,39,41100
ARNA,20130910,6.33,6.39,6.26,6.34,2876700
AROW,20130910,26.29,26.64,25.83,26.17,38700
ARQL,20130910,2.23,2.24,2.18,2.19,639800
ARRS,20130910,16.05,16.25,15.77,15.87,935800
ARRY,20130910,5.7,5.96,5.69,5.95,1174300
ARTNA,20130910,22.31,22.55,22.09,22.54,39700
ARTW,20130910,6.99,7.02,6.89,6.89,5900
ARTX,20130910,1.95,2.05,1.92,2.03,105100
ARWR,20130910,4.9,4.91,4.71,4.8,296300
ASBB,20130910,16.75,16.75,16.7,16.73,900
ASCMA,20130910,77.91,78.12,76.67,77.04,85900
ASFI,20130910,8.72,8.79,8.59,8.71,3600
ASML,20130910,89.73,90.46,89.6,90.37,599800
ASNA,20130910,16.69,16.92,16.69,16.91,2223400
ASPS,20130910,136.24,138,135.18,136.37,180900
ASRV,20130910,3.28,3.29,3.15,3.16,19700
ASRVP,20130910,27.08,29.25,27.08,29.25,1800
ASTC,20130910,0.84,0.84,0.74,0.81,28500
ASTE,20130910,35.72,36.3,35.24,35.58,57100
ASUR,20130910,4.46,4.89,4.44,4.55,15600
ASYS,20130910,7.04,7.31,6.97,7.14,12900
ATAI,20130910,4.58,4.77,4.58,4.76,1500
ATAX,20130910,6.91,7,6.91,6.94,76200
ATEC,20130910,23.76,24.36,23.4,23.76,86000
ATHN,20130910,109.2,112.91,108.88,112.68,252100
ATHX,20130910,1.74,1.75,1.69,1.71,415100
ATLC,20130910,3.59,3.9,3.59,3.67,8000
ATLO,20130910,21.68,21.83,21.19,21.82,17400
ATNI,20130910,47.91,47.92,47.6,47.84,23400
ATOS,20130910,74.4,78,73.5,78,235300
ATRC,20130910,9.88,9.98,9.54,9.89,120000
ATRI,20130910,240.4,242.41,240.4,242.41,700
ATRO,20130910,39.6583,39.9417,39.0083,39.45,76500
ATRS,20130910,4.37,4.44,4.33,4.39,878800
ATSG,20130910,7.02,7.05,6.87,6.94,86900
ATTU,20130910,7.37,7.39,7.24,7.37,18400
ATVI,20130910,17.4,17.41,16.89,17.15,6716900
AUBN,20130910,22.5,23,22.5,22.91,1100
AUDC,20130910,6.62,6.65,6.36,6.58,478200
AVAV,20130910,22.65,23.22,22.5,22.74,260600
AVEO,20130910,2.2,2.2,2.15,2.17,460500
AVGO,20130910,39,39.67,38.95,39.66,2434400
AVHI,20130910,16.69,16.82,16.22,16.37,24200
AVID,20130910,5.5,6.09,5.5,5.9,381000
AVNW,20130910,30.96,31.56,30.48,31.08,449400
AWRE,20130910,5.11,5.19,5.06,5.08,51800
AXAS,20130910,2.52,2.6,2.48,2.56,826300
AXDX,20130910,9.86,9.97,9.56,9.86,51000
AXGN,20130910,3.99,4.11,3.9,4.05,133500
AXTI,20130910,2.38,2.46,2.36,2.43,70800
AZPN,20130910,34.9,35.27,34.81,35.27,460900
BABY,20130910,13.77,13.95,13.59,13.85,195200
BANF,20130910,52.7,52.95,51.62,52.87,26900
BANFP,20130910,26.76,26.76,26.76,26.76,0
BANR,20130910,35.64,35.89,35.42,35.78,63700
BASI,20130910,1.34,1.39,1.34,1.36,5400
BBBY,20130910,73,73.27,71.64,71.78,1807100
BBGI,20130910,8.9,9,8.21,8.69,11200
BBOX,20130910,27.92,28.32,27.37,28.23,27100
BBRG,20130910,15.43,15.64,15.41,15.55,185000
BBRY,20130910,11.16,11.2,10.89,10.94,34307200
BBSI,20130910,66.78,67.45,66.44,67.19,26300
BCBP,20130910,10.84,10.84,10.7,10.7,5400
BCOM,20130910,14.03,14.17,13.82,13.9,3200
BCOR,20130910,20.86,21.3,20.72,21.2,841900
BCOV,20130910,10.88,11.17,10.76,11.15,573600
BCPC,20130910,49.25,50.21,48.95,49.78,91100
BCRX,20130910,6.71,6.76,6.48,6.71,877900
BDE,20130910,11,11.73,10.91,11.69,236100
BDGE,20130910,21.9,21.94,21.51,21.67,19300
BDSI,20130910,5.25,5.33,5.14,5.27,324700
BEAT,20130910,9.31,9.7,9.31,9.69,575000
BEAV,20130910,72.78,73.95,72.46,73.24,942600
BEBE,20130910,5.95,6.05,5.92,6.02,573200
BECN,20130910,34.95,35.6,34.9,35.21,878200
BELFA,20130910,17.33,17.67,17.06,17.5,3700
BELFB,20130910,17.61,17.7,17.07,17.65,14800
BFIN,20130910,8.5,8.79,8.5,8.79,7000
BGCP,20130910,5.82,5.86,5.8,5.85,885800
BGFV,20130910,16.73,16.82,16.49,16.58,229600
BIB,20130910,32.165,32.175,31.3275,31.75,53300
BICK,20130910,23.62,23.68,23.62,23.67,1200
BIDU,20130910,138,140.9,137.51,140.6,4433000
BIIB,20130910,230,230.35,224.79,228.69,932200
BIOL,20130910,1.85,2.07,1.82,1.94,635800
BIOS,20130910,11.51,11.57,11.37,11.45,552000
BIS,20130910,26.31,26.74,26.19,26.38,900
BJRI,20130910,32.03,32.03,31.46,31.69,205600
BKCC,20130910,9.9,9.91,9.79,9.84,605400
BKEP,20130910,8.41,8.52,8.4,8.48,13900
BKEPP,20130910,9.02,9.02,9,9,1000
BKMU,20130910,6.25,6.26,6.09,6.13,89900
BKSC,20130910,13.89,13.89,13.89,13.89,100
BLDP,20130910,1.66,1.68,1.58,1.58,658700
BLDR,20130910,5.91,5.93,5.78,5.79,264000
BLIN,20130910,5.15,5.45,5.15,5.45,10400
BLKB,20130910,37.22,38.32,36.74,38.31,256800
BLMN,20130910,23.48,23.86,23.42,23.63,370000
BLMT,20130910,14.05,14.08,14,14.01,5100
BLRX,20130910,2.43,2.43,2.23,2.3,214500
BLUE,20130910,27,27.79,26.51,26.89,79700
BMRC,20130910,39.92,40.35,39.45,39.57,25300
BMRN,20130910,76.25,76.34,72.91,74.43,3373300
BMTC,20130910,25.49,25.81,25.06,25.57,40000
BNCL,20130910,9.4,9.47,9.35,9.44,84500
BNCN,20130910,12.73,12.95,12.62,12.9,23400
BNDX,20130910,48.97,49.33,48.51,48.95,540300
BNSO,20130910,1.45,1.45,1.45,1.45,0
BOBE,20130910,52.83,53,52.14,52.95,307100
BOCH,20130910,5.52,5.53,5.5,5.53,8800
BOFI,20130910,15.185,16.065,15.185,15.875,204200
BOKF,20130910,65.06,65.2,64.5,65.16,35800
BONT,20130910,11.16,11.94,11.16,11.74,332400
BOOM,20130910,23,23.39,22.69,23.12,87500
BOSC,20130910,4.06,4.28,3.83,3.95,18600
BOTJ,20130910,8.4,8.65,8.4,8.65,500
BPFH,20130910,10.6,10.73,10.54,10.7,420000
BPFHP,20130910,23.5,23.5,23.49,23.5,300
BPFHW,20130910,4.32,4.32,4.32,4.32,0
BPOP,20130910,31.02,31.28,30.88,31.07,1358900
BPOPM,20130910,21.5,21.6,21.22,21.41,1200
BPOPN,20130910,22.03,22.35,22.03,22.21,6100
BRCD,20130910,7.72,7.73,7.6,7.65,7452400
BREW,20130910,12.42,12.48,12.09,12.34,48700
BRID,20130910,8.99,9,8.95,8.95,13000
BRKL,20130910,9.18,9.19,9.08,9.18,137400
BRKR,20130910,20.71,20.76,19.85,20.46,662300
BRKS,20130910,9.3,9.42,9.23,9.36,157400
BSET,20130910,15.01,15.48,15.01,15.41,17900
BSFT,20130910,35.02,35.79,35.02,35.76,298900
BSPM,20130910,5.53,5.53,5.39,5.39,16800
BSQR,20130910,2.8,2.8,2.75,2.76,18800
BSRR,20130910,14.85,15.19,14.35,15.09,13600
BSTC,20130910,17.93,18.24,17.93,18.16,25900
BUR,20130910,2.95,2.95,2.95,2.95,1000
BUSE,20130910,4.95,4.99,4.92,4.99,131700
BV,20130910,9.42,9.45,9.05,9.1,828900
BVSN,20130910,10.17,10.28,9.92,10.1,18600
BWEN,20130910,6.75,7.13,6.57,6.86,356700
BWINA,20130910,23.29,23.5,23.29,23.49,800
BWINB,20130910,24.11,24.39,23.58,24.22,30400
BWLD,20130910,106.45,107.37,106,107.27,166200
BYFC,20130910,1.28,1.48,1.08,1.12,19900
CA,20130910,30.08,30.59,30,30.58,3250000
CAAS,20130910,7.05,7.98,7.03,7.91,444800
CAC,20130910,37.42,37.81,37.3,37.8,29000
CACB,20130910,6.16,6.16,5.92,6.09,37700
CACC,20130910,109.53,111.4,109.53,110.84,33100
CADC,20130910,3.55,3.77,3.25,3.77,4500
CAKE,20130910,42.61,42.8,42.46,42.69,269500
CALD,20130910,8.42,8.5,8.23,8.34,339700
CALI,20130910,2.23,2.4,2.22,2.35,76500
CALL,20130910,12.99,13.68,12.78,13.52,321200
CALM,20130910,23.675,23.9,23.08,23.275,65900
CAMP,20130910,17.35,17.49,17.22,17.39,192900
CAMT,20130910,1.7,1.71,1.64,1.7,27300
CAR,20130910,28.37,29.27,28.37,29.14,1484600
CARB,20130910,15.5,15.62,15.3,15.62,110800
CART,20130910,3.02,3.04,2.83,2.85,1500
CARV,20130910,6.05,6.24,5.67,6.24,2000
CARZ,20130910,38.9,38.9,38.41,38.59,95800
CASH,20130910,36.01,38.19,36.01,37.98,28900
CASM,20130910,1.38,1.38,1.35,1.36,19800
CASS,20130910,52.69,53.36,52.3,53.04,16800
CASY,20130910,69.97,70.96,69.1,70.35,288900
CATM,20130910,35.9,36.41,35.68,36.15,186900
CATY,20130910,22.47,22.75,22.34,22.75,226800
CAVM,20130910,40,40.21,39.58,40.09,469900
CBAK,20130910,1.7,1.79,1.7,1.72,38300
CBAN,20130910,6.44,6.44,6.43,6.43,300
CBF,20130910,22.15,22.57,21.99,22.16,192200
CBLI,20130910,35.2,35.2,34,34.6,68900
CBMX,20130910,45.9,46.2,45,45,99600
CBMXW,20130910,0.38,0.38,0.38,0.38,0
CBOE,20130910,45.9,46.23,45.62,45.89,455900
CBPO,20130910,25.12,25.89,25.03,25.89,27500
CBRL,20130910,99.56,100.76,99.08,100.67,233200
CBSH,20130910,43.51,43.63,43.14,43.57,334000
CCBG,20130910,11.76,11.96,11.76,11.92,7900
CCCL,20130910,21.44,21.6,21.44,21.6,14600
CCCR,20130910,9.7,9.87,9.43,9.73,66200
CCIH,20130910,5.01,5.19,4.88,5.01,213400
CCMP,20130910,37.55,38,37.38,37.5,150500
CCNE,20130910,17.28,17.44,16.91,16.91,17700
CCOI,20130910,30.78,31.1,30.65,31.09,284200
CCRN,20130910,5.91,5.95,5.82,5.89,59400
CCUR,20130910,7.82,7.9,7.76,7.76,44500
CCXI,20130910,6.61,6.78,6.06,6.25,1505500
CDNS,20130910,13.41,13.56,13.36,13.51,2305300
CDTI,20130910,8,8,7.6,7.65,71400
CDW,20130910,23,23.24,22.59,23.03,125600
CDXS,20130910,1.83,1.87,1.8,1.84,240900
CDZI,20130910,5.12,5.27,5.03,5.27,27500
CECE,20130910,13.65,13.73,13.05,13.13,118300
CECO,20130910,2.67,2.7,2.65,2.67,564900
CELG,20130910,75.145,75.5,73.91,74.37,1961600
CELGZ,20130910,8.6,8.6,8.06,8.19,82600
CEMI,20130910,3.47,3.5,3.35,3.36,51400
CEMP,20130910,9.07,9.37,8.98,9.18,111700
CENT,20130910,6.34,6.41,6.25,6.34,209400
CENTA,20130910,6.21,6.25,6.09,6.18,209800
CENX,20130910,8.48,8.71,8.45,8.66,656500
CERN,20130910,47.65,48.4,47.55,48.14,1469200
CERS,20130910,5.8,5.85,5.75,5.76,313900
CETV,20130910,4.69,4.81,4.6,4.74,639300
CEVA,20130910,17.52,17.66,17,17.06,146000
CFBK,20130910,1.39,1.39,1.35,1.36,3900
CFFI,20130910,50.5,51.43,50.43,50.8,9400
CFFN,20130910,12.48,12.55,12.4,12.51,723200
CFNB,20130910,16.24,16.24,15.83,15.95,1500
CFNL,20130910,16.63,16.76,16.42,16.63,291500
CG,20130910,25.44,25.91,25.36,25.45,286700
CGEN,20130910,9.75,9.95,9.74,9.91,176500
CGIX,20130910,9.9,9.9,9.51,9.9,14100
CGNX,20130910,30.8,32.25,30.785,32.215,381500
CGO,20130910,13.68,13.7,13.59,13.68,34800
CHCI,20130910,1.96,1.96,1.91,1.94,84600
CHCO,20130910,41.63,41.73,41.2,41.62,15100
CHDN,20130910,83,84.22,83,84.05,40700
CHEF,20130910,22.3,22.3,22.1,22.26,34000
CHFC,20130910,27.46,27.52,27.02,27.52,62400
CHFN,20130910,10.26,10.28,10.2,10.23,31800
CHI,20130910,12.45,12.56,12.38,12.56,156300
CHKE,20130910,12,12.15,11.92,12.06,21800
CHKP,20130910,57.09,58.67,57.09,58.45,996500
CHMG,20130910,33.85,33.85,31.51,33.7,7300
CHNR,20130910,4.31,4.44,4.31,4.31,1200
CHRW,20130910,58.65,59.32,58.63,59.22,1229200
CHSCP,20130910,33.21,33.29,32.98,33.07,37500
CHTR,20130910,126.95,128.38,126.7,127.44,418000
CHUY,20130910,35.64,37.03,35.11,37.03,177100
CHW,20130910,8.33,8.38,8.28,8.32,223000
CHY,20130910,12.16,12.24,12.1,12.19,238100
CIDM,20130910,14.9,15,14.6,14.6,19900
CIFC,20130910,7.56,7.99,7.46,7.67,1800
CINF,20130910,46.63,46.74,46.32,46.62,1525400
CISG,20130910,4.95,5.04,4.91,5.02,23600
CIZN,20130910,17.68,17.68,17.68,17.68,0
CJJD,20130910,0.57,0.57,0.47,0.55,9200
CKEC,20130910,19.48,19.49,19.34,19.42,352500
CLAC,20130910,9.69,9.7,9.69,9.7,4900
CLACU,20130910,10.19,10.19,10.19,10.19,0
CLACW,20130910,0.6,0.6,0.6,0.6,0
CLBH,20130910,10.3,10.3,10.07,10.2,3800
CLCT,20130910,15.35,15.37,15.01,15.08,33900
CLDX,20130910,24.78,24.98,24.3,24.58,1064000
CLFD,20130910,13.15,13.15,12.95,13.01,31600
CLIR,20130910,8.9,9,8.79,8.82,47300
CLMS,20130910,10.15,10.21,10.1,10.17,69300
CLMT,20130910,29.84,30.5,29.76,30.33,258700
CLNE,20130910,13,13.06,12.47,12.48,1892300
CLNT,20130910,5.5,5.72,5.21,5.3,180500
CLRO,20130910,8.29,8.31,8.2,8.2,2500
CLSN,20130910,1.26,1.29,1.23,1.27,1664800
CLUB,20130910,11.62,11.87,11.45,11.62,17400
CLVS,20130910,59.85,64.79,59.46,64.34,708700
CLWT,20130910,3.77,3.82,3.48,3.52,20600
CMCO,20130910,22.89,23.02,22.46,22.84,91200
CMCSA,20130910,42.45,42.84,42.41,42.84,10896800
CME,20130910,72.83,73.74,72.73,73.23,1817900
CMLS,20130910,42.16,42.64,41.84,41.92,741400
CMRX,20130910,19.19,19.76,18.35,19.03,165900
CMTL,20130910,24.9,24.98,24.64,24.72,34600
CNAT,20130910,8.69,8.98,8.51,8.62,38200
CNBKA,20130910,32.58,32.8,31.96,32.41,6000
CNET,20130910,0.61,0.61,0.61,0.61,2900
CNIT,20130910,4.07,4.29,3.9,4.01,99800
CNMD,20130910,33.45,33.57,33.23,33.44,69700
CNOB,20130910,14.4,14.69,14.06,14.5,19900
CNSL,20130910,17.02,17.38,16.91,17.36,208600
CNTF,20130910,6.25,6.85,6.25,6.6,283300
CNTY,20130910,5.74,5.95,5.54,5.59,684000
COBZ,20130910,9.43,9.61,9.4,9.49,78300
COHR,20130910,57.83,59.49,57.5,59.46,49100
COHU,20130910,10.47,10.62,10.08,10.46,41800
COKE,20130910,64,64.24,63.75,64,17000
COLB,20130910,23.94,24.28,23.82,24.27,140400
COLM,20130910,29.5,29.56,29.325,29.55,32800
CONE,20130910,19.44,19.55,19.05,19.1,91000
CONN,20130910,53.17,55.24,53.17,55.2,1649700
COOL,20130910,25.2,26.04,23.94,25.62,983200
CORE,20130910,16.5925,16.6925,16.41,16.5125,18900
CORT,20130910,1.77,1.77,1.72,1.74,58800
COST,20130910,115.85,117.56,115.53,117.32,1665600
COWN,20130910,3.31,3.42,3.31,3.36,685900
CPAH,20130910,14.5,15.7,14.2,14.5,27500
CPHC,20130910,11.11,11.19,11.11,11.11,1900
CPIX,20130910,4.86,4.86,4.5,4.58,53800
CPLA,20130910,57.43,58.14,56.6,57.14,126100
CPLP,20130910,9,9.05,8.82,8.97,433800
CPRT,20130910,33.22,33.78,33.12,33.42,1116900
CPRX,20130910,2.18,2.4,2.18,2.36,3628500
CPSI,20130910,57.75,58.57,57.12,58.3,75100
CPSS,20130910,6.18,6.2,6.02,6.07,73400
CPST,20130910,22.8,23.4,22.6,23.2,2727800
CRAI,20130910,18.53,19.55,18.2,19.4,20800
CRAY,20130910,24.92,25.45,24.57,25.42,175600
CRDS,20130910,32.6,32.6,31.8,32.6,22700
CREE,20130910,57.94,60.4,57.81,60.04,3545100
CREG,20130910,21,22.5,20.7,21.4,123900
CRESY,20130910,8.05,8.4,8.05,8.35,118600
CRIS,20130910,4.42,4.47,4.28,4.31,540600
CRME,20130910,2.35,2.35,2.3,2.34,53700
CRMT,20130910,42.2,43.27,42.2,43.16,22800
CRNT,20130910,3.82,3.9,3.78,3.86,854000
CROX,20130910,12.79,13.37,12.65,13.31,6277700
CRUS,20130910,23.7,23.79,22.53,23.09,3909800
CRVL,20130910,34.87,35.36,34.6,35.17,30000
CRWS,20130910,7.43,7.43,7.32,7.42,20700
CRZO,20130910,34.47,34.53,33.35,34.53,807300
CSBK,20130910,12.29,12.39,12.1,12.23,10800
CSCO,20130910,24.03,24.25,24,24.16,29305500
CSFL,20130910,9.61,9.99,9.6,9.92,68500
CSGP,20130910,161.38,165.74,161.38,165.57,119600
CSGS,20130910,24.05,24.09,23.75,24.06,168500
CSII,20130910,21.53,22,21.3,21.46,160600
CSIQ,20130910,14.42,14.6,13.89,14.09,2506800
CSOD,20130910,53.5,53.97,52.57,53.33,587500
CSPI,20130910,7.12,7.35,7.11,7.33,5400
CSQ,20130910,9.99,10.03,9.94,10.01,502900
CSTE,20130910,41.17,42.68,41,42.5,247100
CSWC,20130910,34.88,35.5,34.88,35.38,20600
CSX,20130910,25.85,26.06,25.77,26.06,5684700
CTAS,20130910,49.57,49.99,49.54,49.75,511200
CTBI,20130910,38.3,38.9,37.87,38.5,27700
CTG,20130910,17.79,18.02,17.23,17.85,62100
CTHR,20130910,7.65,8.2,7.63,7.93,400700
CTIB,20130910,5,5,4.98,4.98,1000
CTIC,20130910,1.14,1.15,1.11,1.12,982100
CTRL,20130910,20,20,18.75,18.75,80300
CTRN,20130910,17.6,17.77,17.43,17.65,62900
CTRP,20130910,23.75,24.725,23.66,24.655,2464900
CTSH,20130910,39.5,39.745,39.345,39.63,1769600
CTWS,20130910,30.88,31.36,30.62,31.23,21300
CTXS,20130910,72.44,72.62,71.44,71.86,1257300
CUBA,20130910,8.82,8.89,8.71,8.89,9600
CUI,20130910,5.82,5.85,5.7,5.77,58600
CUNB,20130910,17.05,17.13,16.76,17.03,13900
CUTR,20130910,9.92,9.99,9.77,9.9,123600
CVBF,20130910,13.37,13.38,13.17,13.34,363300
CVCO,20130910,56.97,57.91,55.64,56.22,17200
CVCY,20130910,9.9,9.99,9.9,9.99,1300
CVGI,20130910,7.84,8,7.78,7.95,206800
CVGW,20130910,27.83,28.69,27.66,28.69,58200
CVLT,20130910,86.1,87.01,85.58,86.99,163700
CVLY,20130910,18.1,18.1,18,18.03,1900
CVTI,20130910,5.55,5.69,5.5,5.69,22500
CVV,20130910,12.39,12.44,11.51,12.24,154500
CWBC,20130910,5.61,5.82,5.61,5.82,9000
CWCO,20130910,13.33,13.61,13.33,13.55,127000
CWST,20130910,5.69,5.74,5.59,5.69,171400
CXDC,20130910,4.26,4.3,4.23,4.28,41200
CY,20130910,11.52,11.76,11.41,11.73,2965200
CYAN,20130910,5.36,5.53,5.35,5.38,22100
CYBE,20130910,5.72,5.75,5.62,5.62,22600
CYCC,20130910,42.48,46.8,42.48,44.04,1113000
CYCCP,20130910,6.39,6.94,6.31,6.93,3000
CYNO,20130910,22.81,23.52,22.8,23.15,225100
CYOU,20130910,30.45,31.27,30.25,31.17,141000
CYTK,20130910,8.82,8.94,8.65,8.7,489600
CYTR,20130910,2.43,2.47,2.39,2.4,71700
CYTX,20130910,36.75,40.2,36.6,38.4,883700
CYTXW,20130910,0.75,0.95,0.75,0.85,43600
CZFC,20130910,8.69,8.77,8.69,8.75,1800
CZNC,20130910,19.84,20,19.55,19.96,21600
CZR,20130910,24.45,25.94,24.43,25.47,2217500
CZWI,20130910,7.21,7.47,7.2,7.37,23300
DAIO,20130910,2.53,2.56,2.47,2.5,29800
DAKT,20130910,11,11.1,10.95,10.99,72800
DAVE,20130910,15.99,16.27,15.99,16.19,4000
DCIX,20130910,31.12,31.2,29.92,30.16,275200
DCOM,20130910,16.53,16.53,16.36,16.5,100800
DCTH,20130910,6.56,6.56,6.08,6.24,1462700
DENN,20130910,5.82,5.99,5.82,5.94,574500
DEPO,20130910,7.5,7.57,7.3,7.51,652500
DEST,20130910,28.78,29.33,28.3,29.24,42300
DFRG,20130910,18.75,19.95,18.64,19,150400
DFVS,20130910,44.72,44.72,44.72,44.72,100
DGAS,20130910,19.56,19.7,18.5,18.95,48200
DGICA,20130910,14.17,14.23,14.01,14.19,8800
DGICB,20130910,18.68,18.68,18.15,18.15,400
DGII,20130910,9.93,10.01,9.68,9.7,276300
DGLY,20130910,15.1,16.72,15.01,16.35,278700
DGRE,20130910,25.02,25.38,25.02,25.18,7900
DGRS,20130910,25.49,25.57,25.4,25.56,17200
DGRW,20130910,25.56,25.56,25.16,25.33,31200
DHIL,20130910,106.1,109.73,106.1,109.37,4600
DHRM,20130910,2,2,1.87,1.91,39500
DIOD,20130910,25.91,26.07,25.58,25.9,240300
DISCA,20130910,78.67,79.03,77.76,77.94,1002200
DISCB,20130910,77.55,77.55,77.55,77.55,0
DISCK,20130910,36.02,36.245,35.68,35.74,207300
DISH,20130910,46.53,46.77,46.2,46.73,1379900
DJCO,20130910,132.7,132.7,132.7,132.7,100
DLBS,20130910,37.34,37.5,37.06,37.5,9800
DLHC,20130910,0.76,0.79,0.76,0.79,1200
DLTR,20130910,53.91,54.37,53.39,54.37,1108500
DMLP,20130910,24.4,24.4,24.05,24.25,37400
DMRC,20130910,19.94,20.26,19.92,20.09,12500
DNBF,20130910,19.5,19.5,19.44,19.44,600
DNKN,20130910,43.12,43.53,42.99,43.5,653000
DORM,20130910,50.58,50.95,49.98,50.31,174700
DRAD,20130910,2.73,2.73,2.6,2.69,36100
DRAM,20130910,8.4,10.2,8.34,9.42,96400
DRRX,20130910,1.12,1.23,1.12,1.2,959000
DRWI,20130910,72.5,72.5,69.25,70,46100
DRYS,20130910,4800,4830,4365,4440,31922000
DSCI,20130910,13.69,13.9,13.46,13.5,32200
DSGX,20130910,11.61,11.63,11.49,11.63,12300
DSPG,20130910,6.97,7.05,6.91,7.03,22100
DSWL,20130910,2.51,2.58,2.49,2.54,11600
DTLK,20130910,13.95,14,13.79,13.99,118600
DTSI,20130910,20.52,20.59,20.31,20.49,41600
DTUS,20130910,41.38,41.43,41.32,41.43,4200
DTYS,20130910,34.58,34.67,34.3,34.65,37000
DVAX,20130910,12.5,12.5,11.8,11.9,1468700
DVCR,20130910,5.02,5.02,5.02,5.02,0
DWCH,20130910,30.51,30.64,29.59,29.67,52700
DWSN,20130910,35.76,35.88,35.06,35.54,107500
DXCM,20130910,27.6,28.11,27.6,27.99,434700
DXJS,20130910,27.7,27.94,27.7,27.93,11300
DXLG,20130910,6.35,6.53,6.29,6.46,150500
DXPE,20130910,72.34,74.17,72.33,73.89,101300
DXPS,20130910,26.7,26.81,26.7,26.76,2500
DXYN,20130910,11.84,11.86,11.58,11.66,105300
DYNT,20130910,3.33,3.36,3.19,3.32,67700
DYSL,20130910,0.64,0.73,0.64,0.72,2800
EA,20130910,27.32,27.44,26.83,26.95,3072500
EAC,20130910,15.56,15.82,15.42,15.47,26900
EAGLU,20130910,10.12,10.12,10.12,10.12,100
EBAY,20130910,22.3368,22.5432,22.2989,22.5221,8747700
EBIX,20130910,11.28,11.32,10.54,10.73,905000
EBMT,20130910,10.87,10.87,10.85,10.85,200
EBSB,20130910,8.1985,8.3088,8.1985,8.2435,9500
EBTC,20130910,18.02,18.36,17.76,18.03,17800
ECHO,20130910,21.09,21.15,21.05,21.1,512000
ECOL,20130910,28.19,28.2,27.96,28.15,50400
ECPG,20130910,43.7,44.16,43.6,43.86,191000
ECYT,20130910,14.6,15.15,14.55,15.14,214800
EDAP,20130910,2.68,2.68,2.53,2.57,38700
EDGW,20130910,6.16,6.25,5.75,5.9,19100
EDUC,20130910,2.99,3.06,2.99,3,12100
EEFT,20130910,37.39,37.88,36.84,37.55,193700
EEI,20130910,11.69,11.84,11.43,11.43,13500
EEMA,20130910,55.66,55.84,55.58,55.84,2200
EFII,20130910,30.9,31.73,30.83,31.26,311200
EFSC,20130910,16.73,16.81,16.55,16.74,22600
EFUT,20130910,3.42,3.61,3.4,3.5,46100
EGAN,20130910,13.95,14.96,13.84,14.35,270000
EGBN,20130910,27,27.64,26.84,27.3,130100
EGHT,20130910,9.76,9.89,9.69,9.81,607200
EGLE,20130910,1904.4,1933.2,1695.6,1785.6,1802000
EGOV,20130910,21.71,22.04,21.59,21.79,403200
EGT,20130910,1.25,1.27,1.24,1.24,17300
EHTH,20130910,28.79,28.94,28.42,28.57,57900
ELGX,20130910,16.73,16.94,16.69,16.93,287700
ELNK,20130910,5.33,5.33,5.06,5.09,989000
ELON,20130910,21.5,21.6,21.1,21.3,55000
ELOS,20130910,8.3,8.3,8.19,8.21,104100
ELSE,20130910,4.4,4.4,4.4,4.4,0
ELTK,20130910,1.39,1.4,1.32,1.35,25600
EMCB,20130910,72.79,72.79,72.45,72.56,71300
EMCF,20130910,25.65,25.65,25.65,25.65,0
EMCI,20130910,18.94,18.9867,18.2067,18.9867,40500
EMIF,20130910,33.23,33.26,33.12,33.19,33400
EMITF,20130910,66,69,66,69,3600
EMKR,20130910,4.49,4.7,4.43,4.45,319800
EML,20130910,15.87,15.87,15.27,15.51,49500
EMMS,20130910,12.56,14.04,12.56,13.84,384100
ENDP,20130910,44.42,44.73,43.37,44.18,3043700
ENG,20130910,1.25,1.28,1.23,1.24,210300
ENOC,20130910,14.95,15.07,14.77,14.96,166000
ENPH,20130910,7.76,7.8,7.53,7.79,417300
ENSG,20130910,19.705,20,19.47,19.96,64600
ENT,20130910,8.09,8.25,8,8.2,206300
ENTA,20130910,18.93,19.3,18.6,19.29,96200
ENTG,20130910,10,10.1,9.97,10.03,992800
EPAY,20130910,27.82,28.3,27.78,28.1,102000
EPZM,20130910,32.12,33.1,31.5,32.92,105500
EQIX,20130910,177.94,178.93,176.38,177.23,487600
ERIC,20130910,13.44,13.44,13.27,13.4,3770500
ERIE,20130910,74.99,75.78,74.59,74.81,20900
ERII,20130910,6.35,6.35,5.8,5.88,784100
ERS,20130910,3.7,3.71,3.7,3.71,13100
ESBK,20130910,23,23,22.23,22.23,800
ESCA,20130910,8.43,8.47,8.3,8.36,17300
ESEA,20130910,1.77,1.78,1.55,1.59,525200
ESGR,20130910,136.1,138.84,136.1,138.43,12700
ESIO,20130910,11.98,12.2,11.89,12.2,71700
ESLT,20130910,46.22,46.92,46.22,46.88,31100
ESMC,20130910,1.4,1.49,1.4,1.49,4700
ESPR,20130910,15.16,15.76,14.89,14.97,231300
ESRX,20130910,65,65.69,64.71,65.61,4027800
ESSA,20130910,10.5,10.5,10.36,10.45,4200
ESXB,20130910,3.62,3.65,3.61,3.61,4500
ETFC,20130910,16.87,17.47,16.84,17.1,6937800
ETRM,20130910,15.75,16.35,15.75,16.35,249900
EUFN,20130910,22.66,22.7,22.57,22.67,268200
EVBS,20130910,6.05,6.15,6.05,6.08,5200
EVEP,20130910,36.4,37.73,36.4,37.24,233800
EVK,20130910,3.01,3.02,2.95,3,4200
EVOL,20130910,8.52,8.52,8.3,8.34,22500
EWBC,20130910,29.43,29.51,29.23,29.39,579100
EXA,20130910,13.81,13.99,13.75,13.81,13000
EXAC,20130910,19.28,19.49,19.17,19.18,8200
EXAS,20130910,12.78,13.07,12.72,12.83,1049900
EXEL,20130910,5.6,5.64,5.46,5.59,2013400
EXFO,20130910,5,5.13,5,5.11,9800
EXLS,20130910,28.19,28.38,27.76,28.35,97800
EXPD,20130910,43.81,44.5,43.65,44.29,1992800
EXPE,20130910,50.83,52.49,50.83,51.84,4636600
EXPO,20130910,33.825,34.18,33.52,34.11,23100
EXTR,20130910,4.02,4.07,4.01,4.03,437200
EZPW,20130910,17.56,17.81,17.42,17.81,244800
FALC,20130910,1.01,1.05,0.99,1.04,69600
FANG,20130910,44.51,45,43.73,44.38,270200
FARM,20130910,14.62,14.99,14.34,14.67,21300
FARO,20130910,39.7,40.26,39.5,40.22,49000
FAST,20130910,49.18,50.31,49.12,50.26,1988900
FB,20130910,44.24,44.26,43.23,43.6,54540200
FBIZ,20130910,32.68,32.76,32.6,32.75,5700
FBMS,20130910,14.47,14.47,14.36,14.47,1300
FBNC,20130910,14.34,14.83,14.34,14.81,12000
FBNK,20130910,14.25,14.26,14.13,14.24,29700
FBRC,20130910,27.06,27.3,26.86,27.22,29200
FBSS,20130910,15.64,15.64,13.07,13.07,1400
FCAP,20130910,20.75,20.99,20.75,20.91,2000
FCBC,20130910,15.43,15.5,15.35,15.45,41700
FCCO,20130910,10.61,10.65,10.6,10.6,700
FCCY,20130910,9.91,10.15,9.91,10.13,3700
FCEL,20130910,16.56,16.68,15.48,15.48,3325200
FCNCA,20130910,206.91,207.7,203.5,204,26300
FDEF,20130910,25.46,25.46,24.66,24.92,26300
FDML,20130910,16.9,17.25,16.77,16.98,265500
FDUS,20130910,19.12,19.24,18.9,19.04,54800
FEIM,20130910,11.02,11.16,10.75,10.84,5300
FELE,20130910,37.5,38.28,37.02,38.27,120100
FES,20130910,4.71,5.06,4.68,4.96,34100
FFBC,20130910,15.25,15.29,15.08,15.26,220600
FFBCW,20130910,4.95,5,4.95,5,400
FFHL,20130910,1.45,1.49,1.36,1.4,105200
FFIC,20130910,18.38,18.38,18.1,18.31,61900
FFIN,20130910,29.065,29.065,28.755,28.9,116100
FFIV,20130910,88.88,90.22,88.4,89.96,1428800
FFKT,20130910,20.46,20.83,20.42,20.55,6800
FFNW,20130910,11.01,11.16,10.85,10.98,80800
FHCO,20130910,9.1,9.2,8.98,9.07,58500
FIBK,20130910,24,24.5,23.96,24.49,101600
FINL,20130910,21.93,22.14,21.75,22.07,273600
FISI,20130910,19.12,19.36,19.11,19.36,12500
FISV,20130910,49.945,50.055,49.55,49.99,530200
FITB,20130910,18.57,18.58,18.39,18.5,8942900
FIVE,20130910,46.58,48.99,46.01,48.09,6126500
FIZZ,20130910,17.1,17.1,16.8,17.09,14700
FLAT,20130910,55.43,55.43,55.34,55.35,12300
FLDM,20130910,21.54,21.74,21.31,21.71,168300
FLEX,20130910,9.5,9.7,9.48,9.49,7200500
FLIC,20130910,24.5933,25.02,24.3867,24.9733,12000
FLIR,20130910,32.2,32.41,32.14,32.39,1202000
FLL,20130910,2.8,2.8,2.72,2.78,16300
FLML,20130910,6.74,6.89,6.17,6.5,44100
FLWS,20130910,5.45,5.45,5.16,5.27,240400
FLXS,20130910,22.63,23.56,22.51,22.59,29500
FMBI,20130910,15.21,15.34,15.06,15.17,180300
FMNB,20130910,6.15,6.19,6.12,6.12,4600
FNGN,20130910,57.94,59.14,57.89,59.1,238900
FNHC,20130910,9.41,9.7,9.26,9.7,9100
FNLC,20130910,16.85,17.23,16.52,16.65,15800
FNSR,20130910,23.53,23.88,23.2,23.68,2801900
FOLD,20130910,2.74,2.91,2.61,2.66,811300
FONE,20130910,32.16,32.31,32.16,32.31,2100
FONR,20130910,5.5,5.55,5.41,5.48,39900
FORD,20130910,1.9,1.9,1.84,1.84,7200
FORM,20130910,6.97,7.12,6.89,7.1,543600
FORR,20130910,33.25,33.91,32.97,32.99,53500
FORTY,20130910,24.11,24.11,24.11,24.11,200
FOSL,20130910,114.54,115.42,112.84,115.29,928600
FOX,20130910,32.41,32.46,32.13,32.25,555500
FOXA,20130910,32.25,32.44,32.08,32.22,8393200
FOXF,20130910,17.75,18.06,17.46,17.7,153900
FRAN,20130910,18.43,18.94,18.27,18.86,2258700
FRBK,20130910,3.27,3.27,3.1,3.27,13000
FRED,20130910,16.09,16.16,15.82,16.02,119700
FRGI,20130910,34.5,35.6,34.47,35.54,969200
FRME,20130910,17.41,17.47,17.15,17.35,61800
FRP,20130910,9.22,9.54,9.19,9.28,48500
FSBK,20130910,6.36,6.5,6.29,6.49,1500
FSBW,20130910,16.98,17.15,16.9,17.01,10500
FSC,20130910,10.59,10.74,10.57,10.7,1526900
FSCFL,20130910,22.5,22.5,21.91,22.2,8000
FSFG,20130910,22.68,22.68,22.68,22.68,300
FSFR,20130910,13.75,13.9,13.72,13.87,80600
FSLR,20130910,38.83,39.83,38.72,39.73,4828300
FSTR,20130910,43.87,44.9,43.24,44.68,14400
FTCS,20130910,30.52,30.56,30.46,30.55,30600
FTEK,20130910,4,4.04,3.91,3.98,114300
FTNT,20130910,20.7,20.89,20.33,20.59,2421600
FTR,20130910,4.35,4.36,4.28,4.32,6145700
FTSL,20130910,49.41,49.41,49.31,49.39,11700
FULLL,20130910,25.39,25.4,25.39,25.4,1000
FULT,20130910,12.01,12.03,11.89,11.99,769600
FUNC,20130910,8.55,8.69,8.46,8.58,3000
FUND,20130910,7.35,7.45,7.33,7.38,40300
FWRD,20130910,38.17,38.77,37.92,38.72,66900
GABC,20130910,24.64,24.93,24.51,24.8,8900
GAIA,20130910,5.52,5.55,5.27,5.34,13800
GAIN,20130910,7.16,7.22,7.11,7.22,74900
GALE,20130910,48.2,48.2,44,46,2148700
GALT,20130910,7.65,8.71,7.51,8.57,502200
GALTU,20130910,20,20.95,20,20.95,1000
GALTW,20130910,4,4.97,3.91,4.5,25600
GARS,20130910,14.85,14.95,14.51,14.82,43700
GASS,20130910,9.06,9.22,9.05,9.15,101600
GBCI,20130910,24.18,24.28,24.05,24.23,262900
GBDC,20130910,17.51,17.97,17.39,17.86,239000
GBLI,20130910,23.63,24.35,23.62,24.04,23100
GBNK,20130910,12,12.07,11.93,12.04,47900
GCBC,20130910,13.305,13.375,13.25,13.375,900
GCVRZ,20130910,1.82,1.88,1.82,1.87,665400
GENC,20130910,5.9667,5.9867,5.6667,5.8333,41800
GENE,20130910,11.85,12.1,11.8,12,94200
GEOS,20130910,75.33,75.98,74.18,75.86,103100
GERN,20130910,1.7,1.7,1.59,1.65,615700
GEVO,20130910,28.5,29.4,28.05,28.35,324600
GFED,20130910,12.28,12.29,12,12,1200
GFN,20130910,5.1,5.1,4.95,5.08,3700
GFNCP,20130910,99,99,99,99,600
GGAL,20130910,8.1,8.79,8.1,8.44,1574400
GHDX,20130910,34.1,34.74,33.75,34.6,135700
GIFI,20130910,24.14,24.16,23.42,24.08,39500
GIGA,20130910,1.28,1.31,1.28,1.3,8600
GIGM,20130910,4.9,5,4.85,5,19500
GIII,20130910,26.75,27.545,26.42,27.47,218100
GILD,20130910,63.16,63.56,62.45,62.86,4835700
GILT,20130910,4.78,4.78,4.7,4.7,26700
GK,20130910,54.44,55.22,54.35,54.82,61000
GLAD,20130910,8.4,8.65,8.39,8.6,128500
GLBS,20130910,9.68,10.76,9.68,10.04,15900
GLBZ,20130910,12.24,12.28,12.24,12.26,14300
GLDD,20130910,6.8,6.85,6.7,6.83,427900
GLDI,20130910,15.69,15.72,15.67,15.72,12200
GLNG,20130910,38.34,38.76,38.13,38.19,430000
GLRE,20130910,27.9,28.12,27.33,28.12,101400
GLUU,20130910,2.43,2.55,2.39,2.42,1777300
GMAN,20130910,13.99,13.99,13.75,13.77,94400
GMLP,20130910,32.67,33.58,32.5,33.44,66400
GNCMA,20130910,9.23,9.23,9.01,9.11,52900
GNMA,20130910,47.33,47.61,47.11,47.22,3600
GNMK,20130910,11.56,11.77,11.48,11.75,139400
GNTX,20130910,12.31,12.46,12.23,12.395,904100
GNVC,20130910,0.67,0.68,0.54,0.62,427400
GOGO,20130910,12.29,12.36,12.07,12.25,543700
GOLD,20130910,75.6,75.62,72.64,73.43,1380400
GOOD,20130910,18.05,18.05,17.78,17.94,27300
GOODO,20130910,24.99,24.99,24.55,24.55,1200
GOODP,20130910,25.1,25.1,25.1,25.1,1000
GOOG,20130910,445,446,442,444.335,1287800
GPIC,20130910,8.1,8.14,8.04,8.05,28400
GPOR,20130910,61,63.79,60.61,63.53,3094800
GPRE,20130910,16.76,17.02,16.68,16.98,383800
GRFS,20130910,15.52,15.79,15.3,15.79,246400
GRID,20130910,32.92,33.05,32.92,32.96,10700
GRIF,20130910,30.8,31.39,30.59,30.95,8500
GRMN,20130910,42.5,42.77,42.3,42.65,1568200
GROW,20130910,3,3.05,2.98,3.01,10300
GRPN,20130910,11.25,11.38,10.85,11.19,19410700
GRVY,20130910,8.96,9.2,8.96,9.04,14800
GSBC,20130910,26.68,27.07,26.28,27.06,56200
GSIT,20130910,6.82,7.15,6.69,7.04,90000
GSM,20130910,13.54,13.88,13.52,13.83,278200
GSOL,20130910,6.53,6.81,6.53,6.68,12500
GSVC,20130910,13.95,14.01,13.65,13.92,211500
GT,20130910,21.47,22.28,21.24,21.97,6893000
GTIM,20130910,2.35,2.48,2.3,2.48,16000
GTLS,20130910,121.11,122.04,119.92,121.98,174400
GTWN,20130910,14.58,14.65,14.58,14.65,200
GTXI,20130910,1.53,1.63,1.53,1.59,1504900
GUID,20130910,8.37,8.45,8.3,8.42,22900
GULF,20130910,17.24,17.77,17.24,17.54,15700
GURE,20130910,1.98,2.04,1.78,1.81,352700
GWPH,20130910,13.87,14.1,13.06,13.82,21800
GYRO,20130910,71.68,72,71.5,71.52,2300
HA,20130910,7.3,7.47,7.3,7.46,527200
HAFC,20130910,16.14,16.28,16,16.17,167000
HAIN,20130910,39.925,40,39.39,39.5,324400
HALL,20130910,8.47,8.49,8.37,8.49,12900
HALO,20130910,9.32,9.45,9.08,9.24,1202400
HAS,20130910,48.24,48.67,46.92,47.17,2604700
HAWK,20130910,24.97,25.33,24.65,24.95,80500
HAYN,20130910,45.36,46.13,45.36,45.43,59900
HBAN,20130910,8.62,8.72,8.57,8.71,15560500
HBANP,20130910,1235.03,1273.99,1235.03,1237.05,100
HBCP,20130910,17.26,17.54,17.26,17.5,1800
HBHC,20130910,32,32.31,31.78,32.03,589400
HBIO,20130910,5.34,5.39,5.3,5.31,46000
HBK,20130910,14.53,15.24,14.53,15.24,21700
HBMD,20130910,8.26,8.5,8.26,8.5,9600
HBNC,20130910,15.3333,15.3733,15.0533,15.3333,25900
HCAP,20130910,15.2,15.25,15.05,15.25,33600
HCCI,20130910,16.47,17.08,16.43,16.66,38100
HCKT,20130910,6.5,6.62,6.41,6.48,220300
HCOM,20130910,25.65,26.1,25.29,25.87,19300
HCSG,20130910,25.07,25.13,24.84,25.03,211200
HDNG,20130910,14.75,14.87,14.53,14.7,28900
HDS,20130910,22.6,22.65,21.29,21.97,9570200
HDSN,20130910,1.88,1.95,1.88,1.93,371400
HEES,20130910,25,25.56,24.98,25.19,81100
HELE,20130910,41.25,41.6,40.84,41.31,135700
HEOP,20130910,6.3,6.37,6.29,6.36,17200
HFBC,20130910,11.14,11.25,11.14,11.16,6800
HFBL,20130910,17.35,17.35,17.35,17.35,0
HFWA,20130910,15.87,16,15.53,15.72,11000
HGSH,20130910,7.63,7.93,7.56,7.67,12600
HIBB,20130910,52,53.12,52,53.1,310200
HIFS,20130910,72.47,72.5,71.56,71.56,1100
HIHO,20130910,2.17,2.18,2.1,2.15,4900
HIIQ,20130910,11.58,11.7,11.35,11.51,49700
HIMX,20130910,8.2,8.5,8.15,8.47,8690200
HLIT,20130910,7.38,7.52,7.37,7.45,599500
HMNF,20130910,7.7,7.78,7.65,7.65,7200
HMNY,20130910,8.3,9.43,7.84,8.3,112000
HMST,20130910,20.02,20.08,19.81,19.89,62800
HMSY,20130910,23.89,23.98,23.58,23.83,586700
HMTV,20130910,11.79,11.79,11.42,11.42,4500
HNH,20130910,23.5,23.5,22.68,22.98,14600
HNRG,20130910,7.08,7.09,6.9,7.09,57600
HOFT,20130910,14.14,14.34,13.89,14,10700
HOLI,20130910,14.6,14.97,14.33,14.44,682400
HOLX,20130910,21.77,21.8,20.33,20.53,10242900
HOMB,20130910,13.55,14.045,13.55,14,210000
HOTR,20130910,4.6,4.63,4.45,4.51,15900
HOTRW,20130910,0.75,0.75,0.75,0.75,0
HOVNP,20130910,16,16,15.28,15.74,31000
HPJ,20130910,1.25,1.29,1.23,1.23,18300
HRZN,20130910,13.51,13.55,13.44,13.54,31400
HSIC,20130910,104.15,104.89,103.72,104.85,436800
HSII,20130910,16.43,16.76,16.02,16.55,47200
HSKA,20130910,6.3,6.3,6.02,6.18,51600
HSNI,20130910,56.17,56.6,55.69,56.2,194200
HSON,20130910,3.12,3.19,2.81,3.02,148400
HSTM,20130910,35.41,35.99,34.23,35.87,105400
HTBI,20130910,16.4,16.4,16.35,16.39,34300
HTBK,20130910,7.19,7.25,7.17,7.22,12500
HTBX,20130910,9.85,10.07,9.85,9.92,11600
HTHT,20130910,19.96,19.98,19.58,19.89,93800
HTLD,20130910,14.29,14.43,14.22,14.4,314000
HTLF,20130910,28,28.45,27.89,28.07,33400
HUBG,20130910,37.77,38.71,37.54,38.12,240000
HURC,20130910,27.14,27.29,26.42,27,26000
HURN,20130910,48.99,50.54,48.61,50.4,87500
HWAY,20130910,21.97,22.2,21.82,22,373800
HWBK,20130910,13.98,13.98,13.63,13.63,1900
HWCC,20130910,13.04,13.4,12.89,13.28,37500
HWKN,20130910,39.24,39.43,38.67,38.94,8200
HYGS,20130910,11.56,11.6,11,11.1,55600
HYLS,20130910,50.24,50.32,50.2,50.29,8400
HZNP,20130910,2.6,2.67,2.57,2.65,716600
IART,20130910,40.86,41.09,40.31,40.75,158500
IBB,20130910,207.78,207.78,204.84,206.27,707900
IBCP,20130910,10,10.1,9.73,10.01,220300
IBKC,20130910,55.63,56.15,55.15,55.95,98500
IBKR,20130910,17.44,17.44,17.27,17.44,254000
IBOC,20130910,21.81,22.05,21.53,22.03,120000
IBTX,20130910,35.81,37.18,35.81,36.71,17000
ICAD,20130910,5.51,5.64,5.51,5.64,15300
ICCC,20130910,4.3,4.3,4.1,4.11,600
ICFI,20130910,33.61,34.29,33.29,34.1,55200
ICLN,20130910,9.56,9.6,9.49,9.54,18000
ICLR,20130910,37.09,37.8,36.87,37.34,529900
ICON,20130910,34.45,34.63,33.97,34.29,517400
ICPT,20130910,49.65,50.98,49.31,50.56,127600
ICUI,20130910,69.17,69.99,68.89,69.48,165500
IDCC,20130910,37.54,37.67,37.25,37.4,228700
IDRA,20130910,2.3,2.31,2.2,2.25,300000
IDSA,20130910,2.04,2.05,2,2.04,29100
IDSY,20130910,6.84,6.84,6.7,6.7,12300
IDTI,20130910,9.23,9.39,9.23,9.37,1214800
IDXX,20130910,48.305,48.645,48.245,48.595,223500
IEP,20130910,77.43,77.99,76.6,77.4,74200
IESC,20130910,4.13,4.17,4,4.14,19300
IFEU,20130910,31.06,31.06,31.03,31.05,13100
IFGL,20130910,32.79,32.95,32.78,32.95,38900
IFON,20130910,0.57,0.58,0.57,0.58,7600
IGLD,20130910,5.91,6.27,5.75,6.1,93600
IGOV,20130910,97.54,97.64,97.33,97.39,264100
III,20130910,3.44,3.54,3.44,3.53,185600
IIIN,20130910,15.97,16.05,15.74,15.91,25500
IIJI,20130910,15,15.01,14.86,14.95,43800
IIN,20130910,3.6,3.6,3.6,3.6,0
IIVI,20130910,20.31,20.78,20.21,20.76,167500
IKNX,20130910,18.28,18.28,18.28,18.28,0
ILMN,20130910,80.98,82,80.31,80.91,697600
IMGN,20130910,18.07,18.25,17.63,18.25,793000
IMI,20130910,5.7,5.74,5.46,5.67,529700
IMKTA,20130910,27.56,27.56,26.64,26.96,46400
IMMR,20130910,13.79,13.88,13.45,13.5,267000
IMMU,20130910,6.32,6.7,6.27,6.52,1294500
IMMY,20130910,6.21,6.55,6,6.38,18900
IMOS,20130910,17.7,17.8,16.85,17.06,366600
INAP,20130910,7.15,7.15,6.87,7.08,150900
INBK,20130910,27.7,28.8,27.32,27.32,9900
INCY,20130910,37.69,38.37,36.5,37.01,3342900
INDB,20130910,36.25,36.26,35.71,36.19,33100
INDY,20130910,21.3,21.53,21.3,21.4,410800
INFI,20130910,21.1,21.6,20.82,21.57,814300
INFN,20130910,11.05,11.13,10.95,11.09,1706500
ININ,20130910,59.74,60.05,59.72,59.99,45800
INOD,20130910,2.77,2.77,2.59,2.64,34000
INSM,20130910,15.39,15.5,14.91,15.14,318100
INSY,20130910,11.6567,11.6567,11.1867,11.2934,109900
INTC,20130910,23.07,23.13,22.93,22.99,31707700
INTG,20130910,19.45,19.45,19.25,19.25,300
INTL,20130910,20,20.16,19.88,20.16,54500
INTU,20130910,65.94,66.33,65.53,66.32,1618300
INTX,20130910,9.45,9.45,9.3,9.32,38700
INVE,20130910,7.4,7.6,7.3,7.6,55900
INWK,20130910,11.09,11.09,10.95,11.03,121000
IOSP,20130910,43.13,43.49,42.39,43.28,94800
IPAR,20130910,28.38,28.8,28.07,28.72,108100
IPAS,20130910,1.9,1.9,1.81,1.88,112500
IPCC,20130910,60.09,60.57,59.96,60.53,20600
IPCI,20130910,1.83,1.87,1.83,1.85,104700
IPDN,20130910,36.32,37.52,36,36.16,7100
IPGP,20130910,60.5,61.42,60.42,61.36,320900
IPHS,20130910,50.37,51.2,50.37,50.79,66600
IPXL,20130910,21.07,21.22,20.67,20.88,407300
IQNT,20130910,8.6,8.76,8.51,8.76,981000
IRBT,20130910,35.49,36.73,35.31,35.94,442100
IRDM,20130910,6.96,7.1,6.89,6.9,573500
IRG,20130910,15.36,16,15.25,15.75,21500
IRIX,20130910,5.95,6.25,5.85,6.25,35700
IROQ,20130910,16,16,15.8,15.8,300
IRWD,20130910,13.31,13.44,13.17,13.3,840400
ISBC,20130910,8.4196,8.4431,8.3412,8.4392,68300
ISCA,20130910,31.78,32.56,31.48,32.47,123200
ISHG,20130910,93.3,93.56,93.14,93.48,44000
ISIG,20130910,2.67,2.79,2.67,2.75,39200
ISIL,20130910,10.89,11,10.84,10.89,1639200
ISLE,20130910,7.53,7.68,7.45,7.51,43400
ISM,20130910,23.05,23.05,22.65,22.7,8400
ISNS,20130910,7.15,7.25,7.12,7.2,5800
ISRG,20130910,385,387.14,376.88,376.97,717500
ISRL,20130910,112,114,112,112.51,1500
ISSC,20130910,8.32,8.32,7.95,8.2,19500
ITIC,20130910,74.35,74.41,72.86,73.14,10000
ITRI,20130910,39.32,39.59,38.92,39.49,221300
ITRN,20130910,18.5,18.53,18.37,18.45,19500
IVAC,20130910,5.94,6.16,5.94,6.14,70900
IXYS,20130910,9.61,10,9.61,9.85,54200
JACK,20130910,39.99,40.39,39.8,40.38,340500
JAKK,20130910,5.07,5.13,5.01,5.08,246600
JASO,20130910,9.5,9.88,8.95,9.05,4401200
JAZZ,20130910,87.56,88,87.04,87.49,474300
JBHT,20130910,74.04,75,74.02,74.99,489400
JBLU,20130910,6.33,6.62,6.33,6.61,6310700
JBSS,20130910,22.53,22.53,22.02,22.33,20300
JCOM,20130910,49.89,51.16,49.89,51.13,268500
JCS,20130910,12,12.16,11.8,11.95,27900
JCTCF,20130910,13.03,13.17,13.02,13.02,4400
JIVE,20130910,12.53,12.96,12.44,12.86,1152500
JJSF,20130910,76.82,76.82,75.41,76.45,53700
JKHY,20130910,51.64,51.78,51.31,51.56,246500
JMBA,20130910,13.02,13.17,12.97,13.05,177600
JOBS,20130910,33.405,33.405,32.945,33.245,77100
JOUT,20130910,26.15,26.95,26.13,26.78,12600
JRJC,20130910,1.83,1.83,1.78,1.79,63800
JSM,20130910,21,21.17,21,21,23200
JTPY,20130910,4.5,4.6,4.5,4.59,2200
JVA,20130910,6.4,6.45,6.34,6.36,38800
JXSB,20130910,19.43,19.44,19.43,19.44,300
KALU,20130910,70.45,71.25,70.45,70.94,651700
KCAP,20130910,8.82,8.86,8.68,8.86,221400
KELYA,20130910,19.2,19.55,19.2,19.44,141400
KELYB,20130910,19.3,19.3,19.3,19.3,0
KEQU,20130910,16.41,16.47,16.4,16.45,1900
KERX,20130910,9.41,9.45,9.22,9.25,1176700
KEYW,20130910,13,13.42,12.71,12.81,258800
KFFB,20130910,8.03,8.23,8.03,8.23,400
KFRC,20130910,17.1,17.3,17.1,17.29,69800
KGJI,20130910,1.16,1.19,1.15,1.15,39800
KINS,20130910,5.24,5.24,5.19,5.19,400
KIRK,20130910,19.5,19.55,19.13,19.22,91400
KLAC,20130910,59.06,59.96,58.99,59.63,1653600
KLIC,20130910,11.48,11.58,11.41,11.52,608000
KMDA,20130910,12.92,13.04,12.82,12.9,38600
KNDI,20130910,5.56,5.72,5.25,5.54,1421400
KONA,20130910,11.42,11.57,11.4,11.51,10800
KONE,20130910,2.45,2.88,2.45,2.88,700
KOOL,20130910,21.8,22.6,21.6,22.2,15600
KOPN,20130910,3.48,3.66,3.44,3.52,161500
KOSS,20130910,5.1,5.1,5.1,5.1,1200
KRNY,20130910,9.52,9.52,9.25,9.48,11800
KTCC,20130910,9.75,9.77,9.6,9.67,54300
KTEC,20130910,13.8,13.97,13.61,13.63,3400
KTOS,20130910,8.95,9.06,8.85,9.05,835700
KVHI,20130910,13.06,13.18,13.02,13.09,17600
KWEB,20130910,28.85,28.85,28.82,28.82,600
KZ,20130910,13.88,14.25,13.4,13.45,760400
LABL,20130910,32.55,33.33,32.19,32.42,55800
LAKE,20130910,4.13,4.15,4.06,4.1,10300
LAMR,20130910,43.49,44.37,43.49,43.78,1177400
LANC,20130910,74.46,74.78,73.91,74.77,67700
LAND,20130910,16.25,16.5,16.2,16.5,28500
LARK,20130910,19.6,19.99,19.37,19.67,3900
LAWS,20130910,11.43,11.88,11.2,11.5,1800
LAYN,20130910,19.86,20.23,19.6,20.04,110200
LBAI,20130910,11.02,11.19,10.9,11.16,57600
LBIX,20130910,4.77,4.78,4.56,4.74,14900
LBTYA,20130910,39.3919,39.7905,39.3919,39.5912,1596700
LBTYB,20130910,77.38,77.38,77.38,77.38,500
LBTYK,20130910,73.56,74.12,73.42,73.6,1065700
LCNB,20130910,19.48,20.15,19.07,20.14,6400
LCUT,20130910,13.98,14.1,13.91,14.08,22800
LECO,20130910,65.55,67.16,65.26,67.13,303800
LEDS,20130910,0.91,0.93,0.89,0.91,105900
LFUS,20130910,77.9,79.13,77.54,78.96,68800
LFVN,20130910,16.94,17.01,16.59,17.01,299900
LGCY,20130910,27,27.11,26.84,26.94,127600
LGND,20130910,48.49,48.9,46.71,47.05,220000
LHCG,20130910,23.48,23.48,22.88,23.12,38700
LIFE,20130910,74.8,74.83,74.7,74.75,807800
LINC,20130910,5.14,5.14,4.96,5.05,29200
LION,20130910,14.25,14.65,14.11,14.54,125400
LIOX,20130910,3.61,3.65,3.59,3.6,248700
LIVE,20130910,1.6533,1.7167,1.5933,1.6067,39800
LKFN,20130910,21.8533,21.9467,21.5133,21.94,37000
LKQ,20130910,30.73,31.35,30.32,31.35,1809000
LLNW,20130910,2.05,2.05,2.01,2.02,256000
LLTC,20130910,39.37,39.82,39.21,39.82,1826500
LMAT,20130910,6.69,6.94,6.6,6.67,9700
LMCA,20130910,48.4567,48.6367,47.95,48.3567,328800
LMIA,20130910,12.26,12.88,12.26,12.82,139500
LMNR,20130910,22.87,22.99,22.22,22.49,43500
LMNX,20130910,20.25,20.38,19.91,20.05,131900
LMOS,20130910,15.77,16.48,15.64,16.39,33300
LNCE,20130910,28.18,28.45,28.04,28.24,95300
LNDC,20130910,13.37,13.43,13.22,13.3,102600
LOAN,20130910,1.75,1.76,1.71,1.76,19500
LOGI,20130910,8.49,8.53,8.45,8.48,605100
LOGM,20130910,31.67,31.94,30.99,31.85,168200
LOPE,20130910,36.43,36.92,36.3,36.55,461100
LORL,20130910,67.93,68.1,65.7,66.57,39700
LPLA,20130910,38.11,38.18,38,38.1,638600
LPNT,20130910,45.69,46.26,45.37,45.84,254000
LPSN,20130910,9.47,9.63,9.44,9.55,436800
LPTH,20130910,1.57,1.59,1.46,1.5,44300
LPTN,20130910,89.46,89.46,85.96,87.64,13200
LQDT,20130910,35.22,35.22,33.44,34,680200
LRAD,20130910,1.4,1.42,1.31,1.36,343600
LRCX,20130910,49.55,50.25,49.43,50.21,1828100
LSBK,20130910,11.5,11.5,11.35,11.5,900
LSCC,20130910,4.95,4.96,4.92,4.93,310600
LSTR,20130910,56.25,57.69,56.15,57.64,263400
LTBR,20130910,9.05,9.1,8.45,8.55,23200
LTRX,20130910,1.43,1.43,1.4,1.42,22000
LULU,20130910,71.95,71.99,69.74,70.07,3318900
LUNA,20130910,1.21,1.24,1.19,1.22,11200
LVNTA,20130910,21.4963,21.5946,21.1057,21.4005,42600
LWAY,20130910,14.13,14.24,13.44,13.69,23900
LXRX,20130910,16.31,16.38,15.47,15.61,952500
LYTS,20130910,7.38,7.43,7.26,7.34,17000
MACK,20130910,4.19,4.2,4,4.07,1931100
MAGS,20130910,3.45,3.56,3.45,3.53,9300
MAMS,20130910,4.49,4.49,4.4,4.4,1800
MANH,20130910,22.75,23.345,22.66,23.125,102900
MANT,20130910,28.03,28.88,27.76,28.5,174900
MARK,20130910,3.59,3.8,3.3,3.6,90600
MARPS,20130910,17,17,16.47,16.86,3800
MASI,20130910,25.62,25.87,25.55,25.86,193100
MAT,20130910,42.01,42.42,41.9,42.1,1505700
MATR,20130910,4,4.2,4,4.03,23000
MATW,20130910,37.95,38.24,37.44,38.2,58000
MAYS,20130910,25.5,25.5,25.5,25.5,0
MBFI,20130910,27.43,27.86,27.43,27.78,195700
MBII,20130910,13.21,13.3,12.9,12.9,29700
MBLX,20130910,7.62,7.74,7.5,7.56,48000
MBRG,20130910,19.24,19.24,18.68,19.14,16600
MBTF,20130910,3.85,3.88,3.8,3.81,42000
MBVT,20130910,29.25,29.75,28.76,29.36,20500
MBWM,20130910,20.13,20.76,19.88,20.63,31600
MCBC,20130910,4.87,4.87,4.75,4.82,19800
MCEP,20130910,23.5,23.74,23.06,23.35,59500
MCHP,20130910,39.27,39.48,39.15,39.43,1101000
MCHX,20130910,7.25,7.31,6.95,7.02,108000
MCRI,20130910,19.7,19.7,19.1,19.21,66800
MDCA,20130910,24.12,24.39,24.03,24.37,51600
MDCO,20130910,32.27,33.77,32.22,33.75,1790800
MDIV,20130910,20.55,20.61,20.52,20.6,196900
MDLZ,20130910,31.33,31.46,30.69,31.04,7407400
MDM,20130910,5.29,5.29,5.2,5.22,7500
MDRX,20130910,14.7,14.91,14.66,14.86,1123400
MDSO,20130910,47.13,49.38,47.13,49.35,202700
MDXG,20130910,4,4.15,3.85,3.93,706300
MEIP,20130910,8.11,8.66,7.93,8.12,61000
MELI,20130910,129.44,132.85,127.82,131.54,794200
MEMP,20130910,20.38,20.74,20.11,20.67,149800
MENT,20130910,22.8,22.92,22.61,22.81,433900
MEOH,20130910,49.35,50.76,49.33,50.52,515100
MERC,20130910,6.88,6.91,6.8,6.89,14900
MFNC,20130910,9.54,9.54,9.51,9.51,300
MFRI,20130910,10.49,10.59,10.49,10.54,1200
MFSF,20130910,15.13,15.13,15.13,15.13,100
MGCD,20130910,10.02,10.12,9.96,10,12300
MGEE,20130910,34.3467,34.6533,33.8067,34.6533,42100
MGI,20130910,20.78,20.79,20.39,20.65,76300
MGIC,20130910,6.67,6.67,6.55,6.57,56200
MGLN,20130910,57.1,58.33,56.7,58.07,217900
MGPI,20130910,4.98,5,4.93,4.93,15000
MGRC,20130910,34.73,35.23,34.6,35.23,51900
MGYR,20130910,7.5,7.5,7.45,7.45,3100
MHGC,20130910,7.13,7.2,7,7.06,114400
MHLD,20130910,12.93,13.01,12.86,12.89,176600
MICT,20130910,5.5,5.55,5.47,5.47,4100
MICTW,20130910,1.17,1.17,1.17,1.17,200
MIDD,20130910,68.3333,69.37,67.8333,69.2233,93900
MIND,20130910,14.79,14.98,14.74,14.83,54300
MINI,20130910,31,31.3,30.83,31.08,90300
MITK,20130910,5.33,5.44,5.28,5.41,234700
MITL,20130910,5.04,5.29,5,5.17,202800
MKSI,20130910,26.31,26.36,26.05,26.22,184200
MKTX,20130910,54.23,54.68,53.81,54.61,87000
MLAB,20130910,66.56,66.99,65.5,65.83,16200
MLHR,20130910,26.1,26.1,25.85,26.03,371300
MLNK,20130910,2.84,2.89,2.8,2.82,149900
MLNX,20130910,37.72,38.9,37.72,38.34,713400
MLVF,20130910,11.99,12.49,11.9,11.95,23700
MMLP,20130910,44.32,45,44.25,44.92,31900
MMSI,20130910,13.04,13.06,12.93,12.98,110200
MMYT,20130910,13.63,13.85,13.41,13.66,16200
MNDO,20130910,1.71,1.74,1.71,1.74,30400
MNGA,20130910,0.69,0.7,0.69,0.69,12300
MNKD,20130910,5.99,6.09,5.87,6.05,4897600
MNOV,20130910,2.34,2.34,2.28,2.33,13000
MNRO,20130910,44.68,46.07,44.5,44.94,301400
MNST,20130910,18.8467,18.8467,18.5967,18.6767,1063300
MNTA,20130910,15.44,15.56,15.27,15.43,234100
MNTX,20130910,10.75,11.06,10.71,10.92,112100
MOBI,20130910,3.3,3.83,3.3,3.59,214600
MOCO,20130910,13.98,14.1,13.96,13.98,2500
MOFG,20130910,24.38,25.66,24.16,25.47,20300
MORN,20130910,77.56,78.76,77.56,78.42,32200
MOSY,20130910,3.74,3.85,3.73,3.75,110300
MPAA,20130910,9.74,10.1,9.55,10.05,97400
MPB,20130910,11.64,11.7,11.61,11.7,2300
MPEL,20130910,29.76,30.63,29.68,30.36,5049300
MPET,20130910,1,1.02,1,1.01,77100
MPWR,20130910,30.87,31.09,30.67,31.05,266900
MRCC,20130910,13.79,13.85,13.65,13.8,46500
MRCY,20130910,9.06,9.1,8.99,9.1,153700
MRLN,20130910,26,26.26,26,26.24,42600
MRTN,20130910,17.43,17.54,17.29,17.43,123200
MRTX,20130910,8.49,8.84,8.38,8.49,23800
MRVL,20130910,12.88,13,12.68,12.8,9017200
MSBF,20130910,7.07,7.07,7.07,7.07,0
MSCC,20130910,25.95,26.24,25.6,26.13,394200
MSEX,20130910,20.15,20.53,20.14,20.5,22600
MSFG,20130910,15.41,15.58,15.39,15.53,35100
MSFT,20130910,31.9,32.4,31.79,32.39,56887900
MSLI,20130910,1.03,1.04,1.01,1.01,5000
MSON,20130910,4.49,4.92,4.43,4.58,10300
MSTR,20130910,96.54,98.36,96.54,98.22,30000
MTEX,20130910,34.75,35,34.7,34.8,56400
MTGE,20130910,20.24,20.24,19.77,20.02,610600
MTRX,20130910,16.6,17.19,16.34,17.19,95800
MTSC,20130910,60.37,60.59,59.4,60.45,122100
MTSI,20130910,17,17.07,16.82,16.97,92100
MTSL,20130910,1.7,1.79,1.7,1.77,5000
MU,20130910,15.9,16.65,15.86,16.26,80821300
MVIS,20130910,2.2,2.23,2.06,2.08,128700
MXIM,20130910,28.49,28.64,28.37,28.6,2374400
MXWL,20130910,9.3,9.48,9.16,9.26,316500
MYGN,20130910,28.96,28.96,26.66,26.85,2775600
MYL,20130910,37.53,38.56,37.39,38.24,11219400
MYRG,20130910,23.95,24.48,23.48,24.37,196100
MZOR,20130910,16.68,17.05,16.56,16.78,212600
NAII,20130910,5.21,5.25,5.13,5.13,1600
NANO,20130910,15.52,15.68,15.37,15.5,100500
NATH,20130910,55.13,55.22,53.18,55.03,17900
NATI,20130910,29.32,29.94,29.08,29.91,411300
NATL,20130910,26.72,27.25,26.71,27.23,10100
NATR,20130910,18.55,18.77,18.18,18.64,53600
NAUH,20130910,3.38,3.49,3.38,3.42,31900
NAVG,20130910,55.56,56.39,55.49,56.24,28000
NBIX,20130910,12.05,12.17,11.31,11.74,8953800
NBN,20130910,10.42,10.5,10.42,10.44,3200
NBTB,20130910,21.96,21.96,21.6,21.93,139400
NCIT,20130910,5.95,6.04,5.81,5.97,8700
NCLH,20130910,31.43,31.94,31.2,31.75,370800
NCMI,20130910,18.08,18.35,17.91,18.33,222900
NCTY,20130910,2.72,2.73,2.68,2.72,29900
NDAQ,20130910,30.8,31.1,30.75,30.98,845700
NDLS,20130910,45.58,45.69,44.06,44.36,404600
NDSN,20130910,70.74,72.15,70.44,72.1,232300
NEO,20130910,2.42,2.42,2.31,2.32,73500
NEOG,20130910,37.76,38.9267,37.4667,38.78,76700
NEON,20130910,7.12,7.17,6.96,6.99,509100
NEPT,20130910,3.44,3.54,3.43,3.44,74800
NETE,20130910,52.6,53,52.6,53,500
NEWS,20130910,14.27,15.12,14.25,15.11,30700
NEWT,20130910,14.25,14.35,14.25,14.25,27500
NFBK,20130910,12.21,12.28,12.12,12.27,181600
NFEC,20130910,2.34,2.34,2.25,2.26,69700
NFLX,20130910,42.4943,44.7486,42.4014,44.7229,5240200
NICE,20130910,38.3,38.94,38.28,38.81,100100
NICK,20130910,16.2,16.2,16.03,16.12,10200
NIHD,20130910,6.78,7.1,6.77,7.02,4079600
NILE,20130910,38.38,38.62,37.96,38.57,40300
NKSH,20130910,35.58,35.88,35.27,35.78,4000
NKTR,20130910,13.44,13.8,13.1,13.78,1340500
NLNK,20130910,16.1,16.5,15.7,15.78,280100
NLST,20130910,0.9,0.97,0.9,0.91,161300
NMRX,20130910,10.02,10.35,10.02,10.28,35500
NNBR,20130910,14.51,15.2,14.5,15.18,184700
NRCIA,20130910,16.61,16.9,15.97,16.3,11900
NRCIB,20130910,27.75,27.95,27.55,27.78,6300
NRIM,20130910,23.7,24.24,23.35,24.08,24700
NSEC,20130910,7.15,7.15,7.04,7.04,2600
NSIT,20130910,19.1,19.48,19,19.43,185900
NSSC,20130910,4.92,4.98,4.86,4.93,25600
NSTG,20130910,8.29,14.1,8.29,13,937300
NSYS,20130910,4.95,5.12,4.65,4.94,16600
NTAP,20130910,42.86,43.31,42.85,43.09,4123300
NTCT,20130910,25.15,25.46,25.06,25.39,172600
NTES,20130910,72.69,73.3,72.22,73.29,586400
NTGR,20130910,29.52,29.54,29.08,29.29,228300
NTIC,20130910,15.5,15.7,15.5,15.55,4900
NTRI,20130910,12.96,13,12.76,12.92,202700
NTRS,20130910,55.96,56.3,55.83,56.02,1141000
NTWK,20130910,10.05,10.25,10.01,10.22,174900
NUAN,20130910,20.01,20.01,19.63,19.97,3622300
NURO,20130910,6.36,6.52,6.2,6.2,14800
NUTR,20130910,22.75,23.18,22.65,23.17,33100
NUVA,20130910,24.13,24.23,23.84,24.09,276800
NVAX,20130910,3.38,3.4,3.32,3.36,2291000
NVDA,20130910,15.24,15.46,15.17,15.45,7306000
NVDQ,20130910,15.19,15.31,15.14,15.29,98700
NVEC,20130910,50.12,50.15,49.88,49.96,14300
NVGN,20130910,3.71,3.85,3.71,3.85,28700
NVMI,20130910,8.99,8.99,8.76,8.89,32400
NWBI,20130910,13.62,13.67,13.52,13.67,384000
NWBO,20130910,3.35,3.38,3.26,3.34,81900
NWBOW,20130910,2,2,2,2,0
NWFL,20130910,29.04,29.1,28.92,28.92,500
NWLI,20130910,205.51,207.75,205.5,206.8,1800
NWPX,20130910,29.3,29.72,29.23,29.71,14800
NWS,20130910,16.53,16.72,16.41,16.72,846200
NWSA,20130910,16.38,16.57,16.25,16.56,4301700
NXPI,20130910,38.74,39.15,38.65,39.11,1671700
NXST,20130910,34.71,35.78,34.53,35.29,494900
NXTM,20130910,12.62,12.73,12.42,12.53,209100
NYMT,20130910,6.26,6.27,6.19,6.21,308200
NYMTP,20130910,21.11,21.5,21.04,21.25,6700
NYMX,20130910,6.9,6.99,6.63,6.71,103200
NYNY,20130910,14.75,15.3,14.75,15.05,4400
OBAS,20130910,5.83,5.83,5.72,5.72,1200
OBCI,20130910,2.62,2.69,2.62,2.68,3500
OCC,20130910,4.44,4.48,4.41,4.41,2100
OCFC,20130910,16.58,16.72,16.4,16.72,12600
OCLR,20130910,1.05,1.09,1.03,1.06,929100
OCLS,20130910,14.05,14.85,14.05,14.65,78400
OCRX,20130910,8.75,8.99,8.65,8.97,14700
ODFL,20130910,45.24,46,45.04,45.99,306800
OFED,20130910,16.95,16.95,16.95,16.95,0
OFIX,20130910,23.21,23.35,23.06,23.23,124500
OFLX,20130910,18.85,18.95,18.52,18.61,2000
OFS,20130910,12.06,12.21,12.05,12.16,4500
OGXI,20130910,9.27,9.35,9,9.26,59100
OHRP,20130910,7.29,7.45,7,7.44,88400
OIIM,20130910,3,3.06,3,3.06,22400
OKSB,20130910,14.82,14.9,14.66,14.89,13500
OLBK,20130910,13.09,13.31,13.09,13.28,2100
OLED,20130910,36.32,36.5,35.17,36.23,666500
OMAB,20130910,28.06,28.28,27.07,27.32,23100
OMCL,20130910,23.32,23.88,23.31,23.75,199300
OMED,20130910,16.2,16.62,16.01,16.18,104300
OMER,20130910,5.31,5.41,5.16,5.34,201500
OMEX,20130910,36,37.08,36,36.12,990000
ONB,20130910,13.85,13.9,13.71,13.9,1059400
ONEQ,20130910,148.59,148.59,146.61,147,25100
ONTX,20130910,268.3,270.5,262.7,264,57700
ONVI,20130910,4.96,5.19,4.77,5.13,4100
OPHC,20130910,15,16.2,13.9,16.2,26300
OPOF,20130910,12.76,12.78,12.76,12.78,300
OPTT,20130910,17.8,17.8,17.4,17.5,21600
OPXA,20130910,1.71,1.74,1.55,1.6,1655700
ORBC,20130910,4.85,4.85,4.75,4.79,47100
ORBK,20130910,12.2,12.4,12.19,12.26,156100
OREX,20130910,70.5,70.9,68.8,69.3,554800
ORIG,20130910,18.52,18.79,18.34,18.58,207900
ORIT,20130910,15.82,15.91,15.6,15.82,94100
ORLY,20130910,124.62,126.3,124.05,125.34,581400
ORMP,20130910,7.12,7.4,6.98,6.98,84700
ORRF,20130910,16.13,16.59,15.9,16.26,42600
OSBC,20130910,5.93,5.96,5.76,5.77,11900
OSBCP,20130910,11.21,11.3,11.21,11.3,2600
OSHC,20130910,14.7,14.75,14.53,14.53,2500
OSIR,20130910,17.5,17.5,17.25,17.49,186700
OSIS,20130910,73,73.85,72.6,73.77,114800
OSM,20130910,23.24,23.48,23.01,23.33,25200
OSN,20130910,1.98,2.16,1.98,2.16,200
OSTK,20130910,28.63,30.1,28.63,29.93,280200
OSUR,20130910,5.18,5.31,5.16,5.29,427900
OTEL,20130910,8.23,8.4,8.21,8.4,8600
OTEX,20130910,35.775,35.835,35.46,35.755,194800
OTIV,20130910,1.74,1.82,1.7,1.71,263300
OTTR,20130910,26.93,27.25,26.74,27.24,87400
OVAS,20130910,13.98,14.37,12.93,14.27,104000
OVBC,20130910,20.57,21.4,20,20.35,2900
OVLY,20130910,8.41,8.41,8.01,8.01,300
OXLC,20130910,16,16.14,16,16.12,13900
OXLCO,20130910,23.7,23.75,23.7,23.75,600
OZRK,20130910,23.575,23.75,23.45,23.59,152400
PAAS,20130910,11.67,11.85,11.56,11.57,3075100
PACB,20130910,3.71,3.86,3.61,3.8,675400
PACW,20130910,34.06,34.43,33.93,34.39,408500
PAGG,20130910,28.37,28.62,28.37,28.56,12000
PATK,20130910,19.1333,19.3333,19.1333,19.2,59800
PAYX,20130910,39.7,40.09,39.69,39.99,1344600
PBCT,20130910,14.42,14.44,14.3,14.37,3818900
PBHC,20130910,14.12,14.18,14.09,14.18,500
PBIB,20130910,1.46,1.5,1.45,1.49,11600
PBIP,20130910,10.15,10.18,9.84,9.84,16400
PBMD,20130910,2.45,2.45,2.34,2.34,44400
PBSK,20130910,14.93,15.09,14.93,15.07,600
PCAR,20130910,55.58,56.22,55.49,55.98,1087200
PCBK,20130910,13.53,13.53,13.08,13.28,16600
PCH,20130910,39,39.37,38.85,39.28,303400
PCLN,20130910,970.75,979.93,968.56,977.5,407500
PCMI,20130910,9.38,9.5,9.33,9.5,18300
PCO,20130910,1.96,1.97,1.93,1.96,243300
PCOM,20130910,23.62,23.91,23.46,23.5,22200
PCRX,20130910,37.3,37.83,36.81,37.25,247900
PCTI,20130910,8.98,8.99,8.81,8.91,37300
PCYO,20130910,4.94,5.05,4.94,5.02,113200
PDCE,20130910,58.25,59.4,57.35,59.3,497700
PDCO,20130910,40.41,40.89,40.25,40.65,391800
PDEX,20130910,2,2,1.91,1.91,8500
PDFS,20130910,21.45,21.9,21.34,21.87,328700
PDLI,20130910,7.87,7.89,7.75,7.77,1637700
PEBK,20130910,12.2,12.93,12.2,12.35,3000
PEBO,20130910,21.43,21.53,20.83,20.95,24400
PEGA,20130910,19.12,19.12,18.84,18.99,58600
PEIX,20130910,3.77,3.84,3.71,3.72,192100
PENN,20130910,55.5,56,55.2,55.37,596100
PERF,20130910,4.85,4.86,4.85,4.85,17800
PERI,20130910,12.94,12.99,12.7,12.8,225100
PERY,20130910,18.41,18.6,18.28,18.46,70800
PESI,20130910,2.9,2.9,2.8,2.8,276100
PETS,20130910,15.95,16.58,15.83,16.56,444900
PETX,20130910,9.36,10,9.36,9.79,13200
PFBC,20130910,16.29,16.37,16.13,16.36,10600
PFBI,20130910,11.72,12.23,11.72,11.81,7400
PFBX,20130910,11.85,12.18,11.75,11.75,800
PFIN,20130910,7.11,7.2,7.11,7.2,5400
PFLT,20130910,13.26,13.38,13.13,13.26,167700
PFMT,20130910,10.8,10.94,10.72,10.82,106700
PFPT,20130910,28.42,29.75,28.33,29.44,151100
PFSW,20130910,5.5,5.64,5.49,5.61,100000
PGC,20130910,16.88,17.04,16.72,17.02,4600
PGNX,20130910,6.03,6.11,5.85,6.01,465000
PGTI,20130910,10.86,11.13,10.78,11.12,479200
PHII,20130910,36.5,36.52,36.4,36.52,1300
PHIIK,20130910,36.42,37.25,36.34,37.17,17800
PHMD,20130910,81.15,82,80.55,81.45,102300
PICO,20130910,21.6,21.72,21.53,21.65,40500
PKBK,20130910,8.95,9.15,8.95,9.14,9900
PKOH,20130910,35.14,35.38,35.14,35.28,14700
PLAB,20130910,7.68,7.75,7.57,7.62,171600
PLBC,20130910,6.79,6.79,6.46,6.49,1200
PLCE,20130910,54.97,55.44,54.79,55.3,220500
PLPC,20130910,71,71.24,70.28,70.6,1700
PLPM,20130910,2.53,2.53,2.44,2.5,55600
PLUG,20130910,0.79,0.8,0.63,0.68,7677500
PLUS,20130910,55,55.69,54.93,55.24,16100
PLXS,20130910,34.89,35.21,34.62,34.81,93300
PMBC,20130910,6.31,6.42,6.24,6.24,18300
PMD,20130910,12.86,12.87,12.78,12.78,7000
PME,20130910,1.47,1.6,1.47,1.49,39900
PNBK,20130910,14,14,13.9,14,7000
PNFP,20130910,29.02,29.59,28.87,29.54,154100
PNNT,20130910,11.57,11.66,11.54,11.59,452500
PNQI,20130910,58.88,59.15,58.72,59.15,100700
PNRA,20130910,168.13,168.87,164.05,164.63,651500
PNRG,20130910,50.5,50.5,48,48,400
PNTR,20130910,4.74,4.98,4.3,4.37,67200
PODD,20130910,35.54,35.9,35.23,35.84,240900
POOL,20130910,54.26,55,54.24,54.98,75100
POPE,20130910,65.51,66,65.51,65.85,800
POWI,20130910,55.19,56.01,55.14,55.93,97300
POWL,20130910,57.65,58.37,57.35,58.21,30000
PPBI,20130910,13.12,13.25,13.04,13.12,20100
PPC,20130910,16,16.05,15.77,15.79,974300
PPHM,20130910,1.43,1.45,1.4,1.42,2109600
PRAA,20130910,57.92,59.34,57.57,59.31,638700
PRAN,20130910,29.4,30.66,28.2,30.3,591500
PRCP,20130910,11.2,11.73,11,11.2,171900
PRFT,20130910,16.05,16.34,15.87,16.27,83300
PRFZ,20130910,87.91,87.98,87.53,87.98,41900
PRGS,20130910,25,25.36,25,25.15,163100
PRGX,20130910,6.37,6.5,6.31,6.48,35000
PRIM,20130910,24.97,25,24.43,24.57,147700
PRKR,20130910,31.6,33.8,31.6,33.6,699100
PRMW,20130910,2.79,2.85,2.6,2.62,192200
PROV,20130910,18.05,18.3,18,18.12,100700
PRPH,20130910,1.99,2.05,1.9,1.98,17100
PRSC,20130910,28.21,28.4,27.77,28.1,49500
PRSS,20130910,5.91,5.91,5.71,5.76,19800
PRTA,20130910,19.94,20.53,19.56,19.99,103900
PRTS,20130910,0.97,1,0.97,0.99,199800
PRXL,20130910,48.55,48.86,48.11,48.69,307600
PSAU,20130910,23,23.07,22.62,22.72,5700
PSCC,20130910,45.71,45.71,45.58,45.66,2500
PSCD,20130910,42.72,43.07,42.72,43,15100
PSCE,20130910,43.88,44.01,43.37,44.01,4400
PSCF,20130910,36.4,36.52,36.3,36.43,6800
PSCH,20130910,48.03,48.3,47.99,48.3,27000
PSCI,20130910,39.83,40.08,39.74,40.08,8500
PSCM,20130910,37.89,37.95,37.81,37.81,4000
PSCT,20130910,39.59,39.85,39.52,39.85,34900
PSCU,20130910,31.75,31.86,31.65,31.86,2400
PSDV,20130910,3.8,3.83,3.72,3.75,265900
PSEC,20130910,11.45,11.47,11.41,11.44,2954100
PSIX,20130910,57.08,57.35,56.64,56.92,75400
PSMT,20130910,89.28,90.52,88.78,90.4,54900
PSTB,20130910,6.12,6.17,5.97,6.09,30200
PSTI,20130910,3.04,3.08,3.02,3.05,49500
PTCT,20130910,21.01,22.37,20.83,21.86,151400
PTEN,20130910,20.63,20.86,20.25,20.79,2325200
PTIE,20130910,2.71,2.81,2.65,2.7,236900
PTLA,20130910,25.55,25.76,25.26,25.69,70300
PTNR,20130910,7.18,7.25,7.03,7.15,233800
PTSI,20130910,14.1,14.18,13.93,14.18,21200
PTX,20130910,2.73,2.75,2.68,2.75,59700
PVTB,20130910,22.22,22.46,22.04,22.39,232500
PVTBP,20130910,25.98,26,25.98,26,1100
PWOD,20130910,45.8,46.79,45.8,46.26,4900
PXLW,20130910,4.21,4.26,4.06,4.08,197600
PZZA,20130910,34.29,34.48,34.02,34.445,68200
QABA,20130910,31.9,31.93,31.19,31.93,5700
QADA,20130910,13.1,13.25,13.1,13.18,15100
QADB,20130910,11.21,11.24,11.13,11.21,600
QBAK,20130910,8.4,8.4,8.4,8.4,100
QCLN,20130910,15.68,15.9,15.68,15.85,25700
QCOM,20130910,69.39,70.37,69.39,70.09,14610600
QCRH,20130910,15.86,16,15.8,15.96,6900
QDEL,20130910,27.3,27.57,26.85,26.97,148900
QGEN,20130910,21.04,21.1,20.9,20.94,405900
QIWI,20130910,31.1,32.78,30.93,32.75,326900
QLTI,20130910,4.38,4.45,4.36,4.39,14400
QLYS,20130910,21.72,22.99,21.66,22.77,248600
QNST,20130910,9.45,9.49,9.37,9.45,142800
QPACU,20130910,10.33,10.69,10.29,10.3,3800
QQEW,20130910,33.11,33.2,33.05,33.2,230200
QQQ,20130910,78.27,78.32,77.92,78.21,27619300
QQQC,20130910,20.24,20.45,20.22,20.42,14200
QQQX,20130910,16.59,16.64,16.52,16.62,34000
QQXT,20130910,31.88,31.94,31.79,31.93,18600
QSII,20130910,21.39,21.43,20.95,21.24,368600
QTEC,20130910,31.95,32.06,31.92,32.06,7200
QUIK,20130910,2.75,2.8,2.73,2.77,204900
RADA,20130910,2.76,2.82,2.76,2.82,11900
RAIL,20130910,18.38,18.61,18.21,18.6,102600
RAND,20130910,2.96,2.96,2.93,2.93,300
RAVN,20130910,32.25,32.64,32.04,32.59,89000
RBCAA,20130910,27.09,27.22,27.09,27.22,16600
RBCN,20130910,11.84,12.23,11.47,12,760700
RBPAA,20130910,1.42,1.49,1.42,1.43,11400
RCII,20130910,37.28,37.86,37.17,37.82,410700
RCKY,20130910,17.31,17.5,17.23,17.38,17100
RCMT,20130910,5.97,5.97,5.76,5.8,15400
RCON,20130910,1.86,1.86,1.77,1.77,19300
RDCM,20130910,5.13,5.3,4.81,5.21,57200
RDHL,20130910,10.07,10.1,10.07,10.1,1500
RDI,20130910,6.32,6.42,6.32,6.41,33500
RDNT,20130910,2.53,2.58,2.4,2.48,127300
RDWR,20130910,14.99,15.14,14.79,14.85,126600
RECN,20130910,12.97,13,12.64,12.85,113800
REFR,20130910,4.16,4.34,4.16,4.23,70900
REGI,20130910,15.95,15.97,15.12,15.16,499500
REGN,20130910,279.8,279.95,275.28,276.64,584700
REIS,20130910,17,17.35,16.85,16.88,9700
RELL,20130910,11.11,11.32,11.11,11.32,12300
RELV,20130910,16.31,16.31,15.75,15.96,5100
REXX,20130910,20.8,20.8,20.25,20.44,388100
RFIL,20130910,6.6,6.6,6.5,6.55,46100
RGCO,20130910,18.23,18.79,18.23,18.79,1800
RGEN,20130910,10.1,10.17,9.92,10.04,366600
RGLD,20130910,54.73,54.73,52.26,53.58,1058000
RGLS,20130910,10.08,10.22,9.68,9.75,95100
RICK,20130910,12.28,12.49,12.02,12.19,300800
RIGL,20130910,3.85,3.93,3.72,3.79,856100
RLJE,20130910,16.83,17.1,16.65,16.65,4800
RLOG,20130910,5.15,5.26,5.05,5.1,8000
RMBS,20130910,8.97,9.17,8.93,9.12,743700
RMCF,20130910,12.25,12.32,12.01,12.21,14700
RMGN,20130910,8.25,8.25,7.99,8.08,6400
RMTI,20130910,8.41,8.55,8.12,8.51,1475200
RNET,20130910,37.75,37.99,37.14,37.31,109300
RNST,20130910,26.4,26.52,26.03,26.5,40900
RNWK,20130910,7.88,8.12,7.85,8.05,225200
ROCK,20130910,13.76,13.86,13.65,13.8,117100
ROIA,20130910,2.36,2.45,2.36,2.36,2000
ROIAK,20130910,2.36,2.44,2.36,2.42,66200
ROIC,20130910,13.25,13.41,13.17,13.26,810200
ROLL,20130910,60.45,61.43,60.45,61.31,47600
ROSG,20130910,3.41,3.42,3.19,3.29,292300
ROST,20130910,34.815,34.97,34.63,34.935,1027100
RP,20130910,21.47,21.89,21.47,21.88,202000
RPRX,20130910,23.74,24.42,23.72,24.22,449200
RPXC,20130910,16.74,17.23,16.71,17.17,369300
RRGB,20130910,66.51,67.82,66.51,67.71,162700
RSYS,20130910,3.52,3.53,3.45,3.47,120800
RTIX,20130910,3.51,3.56,3.47,3.51,169300
RTK,20130910,2.08,2.12,2.07,2.11,2212900
RUSHA,20130910,27.03,27.85,26.82,27.71,71900
RUSHB,20130910,23.31,24,23.31,23.92,6900
RUTH,20130910,11.67,12.04,11.53,12.03,193500
RVLT,20130910,27.1,29.2,25.5,25.7,1456600
RVSB,20130910,2.68,2.73,2.67,2.73,10000
RYAAY,20130910,47.37,47.39,46.16,46.39,365800
SAAS,20130910,8.5,8.6,8.5,8.56,327300
SAEX,20130910,1364.85,1368.9,1324.35,1359.45,21200
SAFM,20130910,65.83,66.23,63.9,64.02,286600
SAFT,20130910,50.61,51.44,50.1,51.24,18600
SAIA,20130910,30.93,32.81,30.62,32.79,250100
SAL,20130910,25.72,26.75,25.72,26.72,700
SALE,20130910,35,35.19,33.5,33.98,207600
SALM,20130910,8.16,8.21,8.11,8.18,34100
SAMG,20130910,13.26,13.9,12.64,13.2,44600
SANM,20130910,16.94,17.63,16.83,17.63,1234700
SANW,20130910,8.46,9,8.4,8.79,104400
SASR,20130910,23,23.15,22.93,23.1,53200
SATS,20130910,42.09,42.65,41.92,42.58,75400
SAVE,20130910,32.13,33.18,31.87,32.75,2054800
SBAC,20130910,77.18,78.26,77.11,78.26,1089600
SBBX,20130910,6.65,6.72,6.6,6.61,1300
SBCF,20130910,10.45,10.6,10.4,10.5,82500
SBFG,20130910,8,8.05,8,8.05,600
SBGI,20130910,27.31,29.2,27.14,28.42,3310400
SBLK,20130910,57.5,57.65,50.5,53.3,210600
SBNY,20130910,89.14,89.57,88.52,89.32,192300
SBNYW,20130910,59.78,59.78,59.78,59.78,0
SBRA,20130910,22.88,22.97,21.9,22.41,265700
SBRAP,20130910,24.4,24.48,24.4,24.4,11400
SBSA,20130910,4.11,4.25,4.05,4.09,54500
SBSI,20130910,25.75,25.9,25.35,25.57,26100
SBUX,20130910,36.49,37.16,36.465,37.105,5889700
SCHL,20130910,31.1,31.44,30.92,31.3,83300
SCHN,20130910,26.82,27.46,26.64,27.14,287300
SCLN,20130910,5.26,5.31,5.24,5.3,343800
SCMP,20130910,5.88,5.9,5.66,5.79,125100
SCON,20130910,23.25,25.35,23.25,24.3,403500
SCOR,20130910,28.24,28.45,27.8,28.21,378300
SCSC,20130910,32.11,32.52,32,32.31,178800
SCSS,20130910,24.79,25.05,24.45,24.65,824000
SCTY,20130910,30.44,36.75,30.44,36.58,7378000
SCVL,20130910,26.47,27.03,26.14,26.6,62400
SEAC,20130910,11.51,11.65,11.37,11.54,253500
SEED,20130910,1.46,1.46,1.44,1.44,2900
SEIC,20130910,30.27,30.57,30.17,30.57,444200
SENEA,20130910,29.21,29.79,29.21,29.54,17900
SENEB,20130910,27.42,27.42,27.42,27.42,100
SEV,20130910,4.97,5.05,4.93,4.93,500
SFBC,20130910,15.23,15.25,15.15,15.15,3400
SFLY,20130910,57.6,58.53,56.89,57.89,455900
SFM,20130910,38.05,39.46,36.87,38.22,593700
SFNC,20130910,26.25,27.62,26.25,27.37,50300
SFST,20130910,13.25,13.27,13.25,13.27,1300
SGC,20130910,12.02,12.26,12,12,7100
SGEN,20130910,46.7,47.2,45.86,47.19,1298000
SGMA,20130910,4.62,4.62,4.62,4.62,200
SGMO,20130910,11.09,11.32,10.66,10.78,817000
SGMS,20130910,14.9,15.08,14.8,14.91,444600
SGOC,20130910,13.4,13.64,13,13.6,79700
SGRP,20130910,1.89,2,1.89,1.96,21400
SGYP,20130910,4.91,4.97,4.73,4.79,508700
SGYPW,20130910,1.95,1.95,1.95,1.95,0
SHBI,20130910,8.4,8.95,8.4,8.8,18700
SHEN,20130910,8.885,8.975,8.715,8.96,49900
SHIP,20130910,10,10.15,9,9.05,137300
SHLD,20130910,53.02,59.24,52.9,56.64,3779100
SHLM,20130910,27.74,28.13,27.39,27.48,176900
SHLO,20130910,12.45,12.5,12.33,12.38,17100
SHOO,20130910,37.1867,37.7333,36.3467,37.06,220300
SHOR,20130910,5.65,5.76,5.65,5.76,769100
SHOS,20130910,31.96,32.35,31.62,31.74,127200
SHPG,20130910,116.71,117.05,116.21,116.95,559500
SIEB,20130910,1.61,1.64,1.61,1.64,1200
SIFI,20130910,11.5,11.68,11.4,11.53,18600
SIFY,20130910,1.88,1.96,1.88,1.91,128400
SIGI,20130910,23.53,23.82,23.42,23.72,90900
SIGM,20130910,5.87,5.98,5.66,5.75,551000
SILC,20130910,32.05,32.24,31.8,32.03,19300
SIMO,20130910,12,12.08,11.92,12,150900
SINA,20130910,83.15,84.8,82.57,84.56,2022600
SINO,20130910,2.63,2.81,2.54,2.64,30000
SIRI,20130910,3.83,3.85,3.81,3.85,29818900
SIVB,20130910,83.93,84.7,83.68,84.61,155500
SIVBO,20130910,25.5,25.5,25.5,25.5,700
SKYW,20130910,13.61,14.26,13.61,14.24,329800
SKYY,20130910,24.25,24.4,24.23,24.4,51400
SLAB,20130910,40.42,40.93,40.35,40.89,162500
SLGN,20130910,47.37,47.75,47.16,47.67,205000
SLM,20130910,8.8893,8.8929,8.7964,8.8429,1915000
SLMAP,20130910,46.65,46.65,45.56,46.2,3400
SLMBP,20130910,70.5,70.5,70.5,70.5,0
SLP,20130910,4.71,4.83,4.67,4.83,27200
SLRC,20130910,22.27,22.39,22.2,22.38,173900
SLVO,20130910,18.13,18.21,18.1,18.2,6400
SMBC,20130910,13.885,13.885,13.385,13.385,400
SMCI,20130910,13.24,13.28,13.1,13.27,85500
SMED,20130910,2.66,2.71,2.61,2.62,79200
SMIT,20130910,2.58,2.64,2.54,2.54,33500
SMMF,20130910,8.4,8.5,8.39,8.5,2200
SMRT,20130910,12.98,13,12.66,12.82,100400
SMSI,20130910,4.2,4.32,3.88,4.04,92400
SMTC,20130910,30.74,31.36,30.6,31.34,426900
SMTX,20130910,1.93,1.93,1.89,1.89,10300
SNAK,20130910,9.32,9.45,9.3,9.3,28500
SNBC,20130910,18.6,18.85,18.55,18.75,33600
SNCR,20130910,36.44,37.2,36.28,36.39,240700
SNFCA,20130910,6.34,6.4,6.22,6.39,8300
SNHY,20130910,33.41,33.86,32.85,33.69,74300
SNMX,20130910,3.33,3.4,3.24,3.33,31900
SNPS,20130910,37.72,37.72,36.95,37.24,554300
SNSS,20130910,29.28,29.4,28.74,29.04,147800
SOCL,20130910,18.98,19,18.75,18.93,69100
SODA,20130910,62.5,66.16,62.08,64.59,2253100
SOFO,20130910,9.15,9.29,8.85,8.86,34800
SOHO,20130910,4.5,4.57,4.5,4.52,6800
SOHU,20130910,64.57,65.59,64.1,65.41,858000
SONA,20130910,9.64,10.02,9.64,10.02,5800
SONC,20130910,16.91,16.97,16.79,16.86,293600
SONS,20130910,18.75,19.1,18.1,18.1,2489300
SORL,20130910,3.47,3.5,3.25,3.5,62400
SOXX,20130910,65.93,66.87,65.93,66.85,52300
SPAN,20130910,21.42,22.1,21.42,21.82,7300
SPAR,20130910,6.14,6.25,6.05,6.23,55000
SPEX,20130910,206.53,217.74,202.35,204.25,104100
SPHS,20130910,4.75,4.75,4.51,4.67,112000
SPIL,20130910,5.88,5.88,5.81,5.86,292200
SPLK,20130910,59.98,61.21,59.47,60.35,1386500
SPLS,20130910,14.3,14.61,14.29,14.56,9005500
SPNC,20130910,16.24,16.51,16.02,16.26,245400
SPNS,20130910,6.19,6.19,6,6.12,273000
SPPI,20130910,8.16,8.32,8.09,8.22,1074200
SPRT,20130910,5.76,5.8,5.68,5.74,302300
SPSC,20130910,69.12,69.69,67.46,68.11,39600
SPTN,20130910,20.98,21.04,20.62,20.79,31300
SPU,20130910,1.84,1.98,1.84,1.98,23100
SPWR,20130910,24.15,24.6,23.86,24.16,2830800
SQQQ,20130910,85.12,86.36,85.08,85.4,1886100
SRCE,20130910,26.83,27.07,26.52,26.8,24400
SRCL,20130910,115.02,115.35,114.33,114.78,198200
SRDX,20130910,20.68,20.68,20.18,20.48,86000
SREV,20130910,13.25,13.34,13.04,13.32,1510300
SRPT,20130910,37.17,37.3,36.4,36.98,620100
SSBI,20130910,10.01,10.01,10.01,10.01,0
SSFN,20130910,5.15,5.15,5.14,5.14,300
SSH,20130910,11.34,11.37,10.7,10.95,190300
SSNC,20130910,36.82,38.15,36.55,37.99,818600
SSRI,20130910,7.57,7.82,7.56,7.7,1566900
SSYS,20130910,104.31,104.4,102.26,103.8,929200
STAA,20130910,12.37,12.65,12.21,12.62,124000
STB,20130910,6.27,6.42,6.27,6.32,153600
STBA,20130910,22.87,23.07,22.73,23.04,32800
STBZ,20130910,15.76,16.45,15.76,15.92,456100
STEM,20130910,20.04,20.04,19.68,19.92,278000
STFC,20130910,19.18,19.73,19.11,19.47,24600
STKL,20130910,9.61,9.88,9.55,9.73,468500
STLD,20130910,16.22,16.64,16.19,16.48,3506900
STLY,20130910,3.41,3.57,3.41,3.45,20000
STML,20130910,37.08,37.75,35.95,36.62,106300
STMP,20130910,44.21,44.56,43.67,44.07,121400
STPP,20130910,41.84,41.88,41.74,41.76,800
STRA,20130910,41.01,41.83,40.4,40.91,171700
STRL,20130910,9.76,9.85,9.63,9.71,42100
STRM,20130910,7.15,7.37,7.08,7.15,57400
STRS,20130910,12.88,12.88,12.72,12.72,500
STRT,20130910,37.98,38.22,37.65,37.91,15500
STRZA,20130910,26.1,26.24,25.86,25.99,980200
STRZB,20130910,26.01,26.01,26.01,26.01,0
STX,20130910,40.5,41.87,40.4,41.07,5173600
SUMR,20130910,3.41,3.41,3.26,3.26,12300
SUNS,20130910,18.24,18.25,18.12,18.23,22900
SUPN,20130910,6.88,7,6.63,6.72,390800
SVA,20130910,6.18,6.19,6,6.08,858300
SVBI,20130910,4.86,5.04,4.78,4.8,3600
SVVC,20130910,23.74,23.74,23.3,23.46,21300
SWHC,20130910,10.69,10.84,10.6,10.63,2884900
SWIR,20130910,12.6,12.65,12.51,12.51,40200
SWKS,20130910,26.22,26.46,26.02,26.33,2768800
SYBT,20130910,17.6933,17.7467,17.4733,17.74,24000
SYKE,20130910,17.46,17.61,17.26,17.45,105600
SYMC,20130910,25.61,25.7,25.22,25.23,7082800
SYMX,20130910,0.78,0.81,0.78,0.79,37400
SYNA,20130910,39.58,40.2,39.32,40.18,578500
SYNC,20130910,2.82,2.82,2.72,2.74,129200
SYNL,20130910,16.39,16.39,15.86,16.35,8700
SYNT,20130910,37.255,37.355,36.64,37.33,99000
SYPR,20130910,3.07,3.11,3.07,3.11,30700
SYUT,20130910,4.9,4.92,4.86,4.86,16100
TACT,20130910,8.95,9.86,8.94,9.75,111700
TAIT,20130910,1.02,1.02,1.02,1.02,0
TASR,20130910,12.21,12.49,12.16,12.28,819100
TAST,20130910,6.19,6.3,6.16,6.24,46600
TATT,20130910,7.75,7.84,7.66,7.66,2600
TAX,20130910,17.09,17.3,16.96,17.13,18400
TAYD,20130910,8.7,8.7,8.7,8.7,200
TBBK,20130910,17.55,17.97,17.46,17.94,457200
TBNK,20130910,21.82,21.94,21.61,21.81,22900
TCBI,20130910,45.28,45.78,44.65,45.77,192400
TCBIL,20130910,21.71,21.8,21.12,21.64,16300
TCBIP,20130910,22.55,22.7,22.3,22.5,10700
TCBK,20130910,20.88,21.14,20.5,20.82,11200
TCCO,20130910,6.49,6.68,6.49,6.5,3400
TCPC,20130910,15.73,15.89,15.6,15.81,289700
TCRD,20130910,15.86,15.95,15.79,15.95,286800
TCX,20130910,9.48,9.52,9.12,9.12,26000
TDIV,20130910,22.42,22.75,22.42,22.74,67100
TEAR,20130910,12.7,12.82,12.61,12.73,400600
TECD,20130910,50.05,50.71,50,50.49,149400
TECH,20130910,78.22,78.26,76.57,77.51,157500
TESO,20130910,16.43,16.58,16.37,16.48,168800
TESS,20130910,32.43,32.43,31.82,32.33,23100
TFSL,20130910,11.25,11.25,11.17,11.23,140400
TGA,20130910,7.23,7.36,7.23,7.34,100700
TGTX,20130910,6.32,6.48,6.21,6.23,144700
THFF,20130910,31.35,31.7,31.06,31.55,17200
THLD,20130910,4.61,4.61,4.41,4.48,428700
THRM,20130910,17.59,18.21,17.47,18.2,480500
THST,20130910,5.7,5.7,5.49,5.64,18900
TICC,20130910,10.02,10.07,9.96,10.05,753900
TILE,20130910,18.54,19.01,17.96,18.99,189300
TINY,20130910,3.05,3.08,3.01,3.06,131800
TIPT,20130910,7.97,7.97,7.3,7.76,7700
TISA,20130910,2.85,3.14,2.85,3.03,55500
TITN,20130910,16.75,17.36,16.73,17.31,419200
TIVO,20130910,12.02,12.12,11.91,12.06,2861700
TLF,20130910,8.35,8.52,8.25,8.44,48500
TLT,20130910,102.77,103.34,102.36,102.38,8071100
TNAV,20130910,5.93,6.07,5.64,5.67,150000
TNGO,20130910,23.47,23.72,22.7,23.06,1104300
TNXP,20130910,3.4,3.89,3.4,3.86,51300
TOPS,20130910,140.7,140.7,126.7,133,13500
TORM,20130910,11.06,11.08,11.06,11.08,400
TOWN,20130910,15.19,15.29,14.69,15.18,29400
TQQQ,20130910,43.69,43.74,43.105,43.585,1583000
TRCB,20130910,7.55,7.55,7.43,7.43,600
TREE,20130910,26.17,26.6,26.1,26.26,46300
TRIB,20130910,19.95,20.07,19.6,19.98,23700
TRIP,20130910,74.25,74.64,72.25,72.62,2320500
TRMB,20130910,27.75,28.21,27.62,28.2,1308000
TRMK,20130910,25.15,25.4,25.09,25.37,264800
TRNS,20130910,8.32,8.41,8.1,8.1,4100
TROV,20130910,7.86,8,7.63,8,113500
TROVW,20130910,5.4,5.4,5.4,5.4,0
TROW,20130910,71.82,72.22,71.22,72.04,1104000
TRS,20130910,37.8,37.92,35.48,35.54,357500
TRST,20130910,5.92,6,5.86,6,239400
TSBK,20130910,9.15,9.21,9,9.14,2400
TSC,20130910,12.76,12.76,12.52,12.61,141700
TSCO,20130910,63.71,64.67,63.32,64.65,432400
TSEM,20130910,4.66,4.77,4.66,4.75,59000
TSLA,20130910,161.44,167.5,160.63,166.37,8967700
TSRA,20130910,19.53,19.98,19.42,19.79,517900
TSRI,20130910,3.21,3.4,3.1,3.1,800
TSRO,20130910,38.5,39.79,37.93,39.72,182300
TST,20130910,2.22,2.22,2.18,2.18,20900
TTEC,20130910,24.28,24.46,24.05,24.43,77800
TTEK,20130910,24.06,24.34,23.83,24.26,330700
TTGT,20130910,4.64,4.64,4.42,4.49,21100
TTMI,20130910,9.66,9.74,9.4,9.72,157700
TTPH,20130910,10.44,10.6,10.16,10.28,54300
TTS,20130910,24.77,25.85,24.61,25.79,342500
TTWO,20130910,18.57,18.6,18.12,18.14,1747300
TUES,20130910,12.76,14.32,12.76,13.94,1245100
TWER,20130910,48.8,50.4,48.4,50,332800
TWIN,20130910,26.25,26.25,25.92,26.11,16200
TWMC,20130910,4.59,4.74,4.59,4.68,32900
TXN,20130910,39.9,40.36,39.88,40.31,6432100
TXRH,20130910,25.08,25.08,24.91,24.97,1509100
TYPE,20130910,26.21,26.46,26.16,26.42,131700
TZOO,20130910,27.79,28.43,27.79,28.08,51000
UBCP,20130910,6.9,6.96,6.9,6.91,4500
UBFO,20130910,4.18,4.35,4.18,4.35,9000
UBNK,20130910,16.09,16.21,15.92,16.1,30900
UBNT,20130910,33.9,34.53,33.77,34.45,520400
UBOH,20130910,12.52,12.65,12.5,12.5,1800
UBSH,20130910,22.54,22.66,22.32,22.58,59800
UBSI,20130910,28.9,29.43,28.76,29.39,166400
UCBA,20130910,10.08,10.08,10,10.03,10100
UCBI,20130910,15.5,16.03,15.47,16,678500
UCFC,20130910,3.94,3.95,3.91,3.94,80600
UCTT,20130910,6.92,6.93,6.79,6.84,41000
UEIC,20130910,31.76,32.07,31.57,31.98,70000
UEPS,20130910,11.57,11.59,10.62,11.08,536400
UFCS,20130910,28.41,28.78,27.72,28.02,41200
UFPI,20130910,41.1,41.21,40.42,40.76,72700
UFPT,20130910,21.71,21.84,21.5,21.71,11400
UG,20130910,25.25,25.33,25.25,25.32,1800
UHAL,20130910,168.96,170.54,168.16,169.27,22600
UIHC,20130910,8.82,8.82,8.62,8.78,38800
ULBI,20130910,3.9,3.9,3.76,3.76,3900
ULTA,20130910,102.04,104.26,101.09,103.67,783200
ULTI,20130910,143.91,146.37,143.91,146.32,119200
UMBF,20130910,58,58,55.2,55.37,473700
UMPQ,20130910,17.3,17.45,17.14,17.19,1602800
UNAM,20130910,11.95,11.95,11.65,11.65,1200
UNB,20130910,21.05,21.35,21.01,21.35,3000
UNFI,20130910,59.69,59.99,58.88,59.59,312400
UNIS,20130910,32.3,32.5,29.3,31,2723800
UNTY,20130910,7.43,7.8,7.35,7.61,7300
UNXL,20130910,17.23,17.63,16.65,16.73,1150500
URBN,20130910,39.55,39.7,37.83,38.35,14161100
URRE,20130910,33.36,34.68,33,33.36,184000
USAK,20130910,5.5,5.7,5.5,5.69,6200
USAP,20130910,31.29,32.3,31.05,31.83,21000
USAT,20130910,1.95,2.02,1.9,1.96,158500
USATP,20130910,18.25,18.25,18.25,18.25,0
USCR,20130910,20.08,20.13,19.8,20,49300
USEG,20130910,12.06,12.12,11.7,11.76,77100
USLM,20130910,59.1,59.1,58.16,58.54,13700
UTEK,20130910,29.68,29.93,29.48,29.88,196000
UTHR,20130910,76.61,77.17,75.23,77.14,663600
UTMD,20130910,50.25,51.75,50.13,50.13,5800
UTSI,20130910,2.7,2.71,2.68,2.7,26000
UVSP,20130910,19.2,19.32,19.14,19.24,13600
VALU,20130910,8.9,9,8.84,8.92,2500
VASC,20130910,16.35,16.69,16.18,16.58,47300
VBFC,20130910,26.08,26.24,26.08,26.24,4100
VCIT,20130910,81.64,81.79,81.39,81.46,153800
VCLT,20130910,80.39,80.63,79.91,79.93,18600
VCSH,20130910,78.96,79.01,78.91,78.98,633900
VDSI,20130910,8.1,8.1,7.96,7.99,113500
VECO,20130910,36.02,36.46,35.63,35.9,399100
VGIT,20130910,62.51,62.61,62.51,62.51,11300
VGLT,20130910,64.7,65.03,64.53,64.53,3500
VGSH,20130910,60.72,60.72,60.69,60.7,17700
VIA,20130910,80.87,81.29,80.87,80.91,21000
VIAB,20130910,81,81.11,80.5,80.75,3415400
VICL,20130910,12.4,12.4,12.1,12.3,1375100
VICR,20130910,7.94,7.99,7.89,7.92,22300
VIP,20130910,11.2,11.26,11.01,11.22,849600
VIRC,20130910,2.25,2.29,2.24,2.25,4700
VISN,20130910,2.2,2.48,1.91,1.96,273700
VIVO,20130910,23.71,24.15,23.71,23.82,162700
VLGEA,20130910,37.2,37.2,36.55,36.71,7700
VLTC,20130910,5.4,5.4,5.27,5.35,33900
VMBS,20130910,50.65,50.67,50.55,50.55,25700
VNDA,20130910,11.74,11.99,11.55,11.93,434800
VNET,20130910,15.81,16.37,15.21,15.97,449400
VNQI,20130910,55.37,55.53,55.19,55.49,111200
VNR,20130910,27.4,27.54,27.3,27.33,342800
VNRAP,20130910,25.67,26.8,25.67,25.7,35800
VOD,20130910,32.88,33.03,32.56,33.01,20189200
VONE,20130910,77.77,77.87,77.64,77.85,19600
VONG,20130910,79.44,79.67,79.43,79.67,19200
VONV,20130910,76.09,76.13,75.89,76.11,11000
VOXX,20130910,12.45,12.86,12.42,12.74,123700
VRA,20130910,18.87,19.07,18.74,18.97,414100
VRML,20130910,2.83,2.83,2.7,2.72,64600
VRNT,20130910,36.24,36.9,36.06,36.89,383600
VRSK,20130910,63.9,64.67,63.8,64.66,606400
VRSN,20130910,49.65,49.99,49.65,49.9,1396900
VRTB,20130910,6.72,6.72,6.48,6.56,5300
VRTS,20130910,167.65,170.9,164,166.25,101900
VRTU,20130910,29.19,29.43,29.09,29.41,202400
VRTX,20130910,82.45,82.74,79.5,81.32,1295700
VSAT,20130910,64.81,65.71,64.24,65.26,163700
VSEC,20130910,22.185,22.675,22.11,22.51,20300
VSTM,20130910,14.38,14.68,14.05,14.44,118800
VTHR,20130910,78.22,78.28,78.18,78.28,700
VTIP,20130910,49,49.02,48.96,49,164100
VTNR,20130910,3.24,3.24,3.14,3.17,29400
VTWG,20130910,89.57,89.71,89.23,89.7,14300
VTWO,20130910,83.8,84.09,83.54,84.08,24000
VTWV,20130910,78.21,78.4,78.18,78.4,8400
VVUS,20130910,10.92,10.95,10.32,10.46,5194000
VWOB,20130910,74.6,74.69,74.31,74.68,12700
VXUS,20130910,49.79,49.81,49.56,49.78,190200
WABC,20130910,47.19,47.99,47.19,47.73,138200
WAFD,20130910,20.95,21.06,20.65,20.84,537200
WAFDW,20130910,6.75,6.75,6.75,6.75,0
WASH,20130910,31.11,31.52,30.86,31.45,15500
WAYN,20130910,10.56,10.73,10.52,10.73,10700
WBB,20130910,13.8,13.84,13.7,13.8,1700
WBKC,20130910,19.85,19.85,19.85,19.85,0
WBMD,20130910,33.16,33.71,33.02,33.46,2442500
WDC,20130910,65.75,66.44,65.21,66.09,2628600
WDFC,20130910,59.91,60.99,59.7,60.88,39600
WEBK,20130910,17.27,17.27,16.98,16.98,1700
WEN,20130910,8.01,8.22,7.99,8.19,6085600
WERN,20130910,24.14,24.41,23.99,24.4,373000
WETF,20130910,11.72,12.19,11.72,12.12,1503200
WEYS,20130910,24.75,25.09,24.52,24.98,6300
WFBI,20130910,12.5,12.84,12.04,12.51,7200
WFM,20130910,55.1,55.49,54.93,55.48,1744700
WHF,20130910,15.26,15.57,15.25,15.43,43700
WHFBL,20130910,24.88,24.88,24.72,24.8,6800
WHLR,20130910,4.1,4.24,4.09,4.16,14000
WIFI,20130910,7.15,7.15,6.98,7.05,139500
WILC,20130910,7.14,7.15,7.1,7.12,7300
WILN,20130910,3.3,3.3,3.28,3.3,30900
WIN,20130910,8.43,8.53,8.4,8.49,4770800
WINA,20130910,73.8,75.45,73.78,74.3,13700
WIRE,20130910,38.96,39.86,38.34,39.8,51000
WLB,20130910,13.09,13.15,12.9,12.95,19700
WLDN,20130910,3.64,3.65,3.46,3.62,16800
WLFC,20130910,14.28,14.38,14.09,14.36,7400
WMAR,20130910,11.13,11.51,11.13,11.44,45100
WMGI,20130910,24.84,25.59,24.84,25.54,432500
WMGIZ,20130910,0.5,0.52,0.42,0.5,135600
WOOD,20130910,49.7,49.75,49.44,49.67,54800
WOOF,20130910,28.13,28.4,27.98,28.29,516100
WPCS,20130910,78.98,80.3,77.66,79.2,10300
WPPGY,20130910,100.28,100.75,99.59,100.44,36100
WPRT,20130910,28.86,29.25,28.77,29,554500
WRLD,20130910,87.05,87.44,86.08,86.79,43900
WSBC,20130910,29.15,29.48,29.04,29.46,28400
WSBF,20130910,9.95,10,9.95,9.98,5700
WSCI,20130910,6.51,6.69,6.5,6.69,11200
WSFS,20130910,20,20.1567,19.6533,20.1233,12400
WSFSL,20130910,25.4,25.4,25.4,25.4,200
WSTC,20130910,21.9,22.22,21.65,22.09,68900
WSTG,20130910,12.93,12.94,12.8,12.94,8500
WSTL,20130910,3.11,3.14,3,3.13,308200
WTBA,20130910,12.66,12.91,12.5,12.79,17800
WTFC,20130910,40.69,41.01,40.42,41,526200
WTFCW,20130910,19.71,19.71,19.71,19.71,0
WVFC,20130910,11.5,11.52,11.5,11.52,300
WVVI,20130910,5.3,5.32,5.1,5.15,1200
WWD,20130910,41.03,41.68,40.98,41.08,268100
WYNN,20130910,146.47,149.9,146.27,149.24,1377400
XBKS,20130910,6.15,6.38,6.15,6.19,5200
XGTI,20130910,70.2,70.2,63.6,68.64,80100
XGTIW,20130910,19.44,21.96,19.44,19.8,16800
XLNX,20130910,46.7,47.24,46.66,46.97,3136100
XOMA,20130910,100,100.2,96.4,97.2,713800
XONE,20130910,64.48,64.99,62.32,62.7,3406600
XPLR,20130910,4.22,4.22,3.94,3.94,6300
XRAY,20130910,43.41,44.42,43.4,44.38,1571600
XTLB,20130910,6.08,6.08,5.99,6.04,1500
XXIA,20130910,15.24,15.51,15.01,15.38,338300
YDIV,20130910,20.36,20.36,20.29,20.29,400
YHOO,20130910,29.43,29.63,29.08,29.48,13007500
YNDX,20130910,35.4,35.88,34.85,35,2561600
YOD,20130910,1.6,1.63,1.51,1.6,28300
YORW,20130910,19.95,19.95,19.29,19.49,27400
YRCW,20130910,18.25,21.87,18.11,20.95,1552400
YY,20130910,48,49.82,47.03,48.88,3580600
Z,20130910,97.44,98.97,95,98.97,804300
ZAGG,20130910,4.63,4.79,4.34,4.67,1092000
ZBRA,20130910,46.66,47.41,46.48,47.38,127500
ZEUS,20130910,27.72,27.98,26.79,27.04,22100
ZGNX,20130910,15.2,17.92,14.48,15.44,2912900
ZION,20130910,29.2,29.26,28.99,29.21,1463900
ZIONW,20130910,5.99,6,5.64,6,603300
ZIOP,20130910,3.31,3.44,3.18,3.24,692800
ZIXI,20130910,4.62,4.65,4.56,4.6,172900
ZLTQ,20130910,8.1,8.47,8.01,8.45,141300
ZN,20130910,1.97,2.01,1.9,1.96,35000
ZNGA,20130910,3.12,3.13,3,3.03,13509700
ZUMZ,20130910,28.07,28.36,27.71,28.13,269300
