<ticker>,<date>,<open>,<high>,<low>,<close>,<vol>
AAME,20070815,3.08,3.14,3.07,3.14,2000
AAON,20070815,6.0039,6.2551,6.0039,6.0397,53900
AAPL,20070815,17.5343,17.8371,17.0929,17.1286,35458900
AAWW,20070815,51.86,53.39,50.76,50.86,129600
ABAX,20070815,19.87,20.32,19.14,19.27,172900
ABCB,20070815,19.5,20.58,19.27,19.27,36700
ABCO,20070815,28.08,28.755,28.01,28.085,106800
ABMD,20070815,10.8,11.17,10.66,10.94,289700
ABTL,20070815,14.75,15.05,13.8,14.05,123100
ACAD,20070815,15.73,16.02,15.11,15.16,322000
ACAS,20070815,39.55,39.9,37.45,37.45,3192000
ACAT,20070815,17.19,17.66,16.41,17.24,227500
ACET,20070815,8.71,9.17,8.71,8.81,55600
ACFC,20070815,12.91,13.05,12.65,12.65,5400
ACGL,20070815,22.6967,22.85,22.2533,22.2633,315900
ACHN,20070815,6.56,7.25,6.56,7.24,19700
ACIW,20070815,8.8633,9.2267,8.67,8.7133,248000
ACLS,20070815,19.92,20.16,19.2,19.32,678300
ACOR,20070815,17.3,17.5,16.4,16.96,382900
ACPW,20070815,8,8.35,7.55,7.55,166600
ACTG,20070815,11.16,11.65,11.1,11.19,218800
ACTS,20070815,4.73,4.83,4.65,4.68,92000
ACXM,20070815,22.76,22.84,22.16,22.6,1487000
ADBE,20070815,40.22,41.25,40.12,40.18,5243200
ADES,20070815,5.515,5.53,5.255,5.405,16000
ADI,20070815,37.33,37.99,36.66,36.83,3035700
ADP,20070815,41.8788,42.3529,41.2644,41.4398,2215700
ADRA,20070815,31.37,32,31.29,31.3,29700
ADRD,20070815,29.85,30.3,29.18,29.36,319900
ADRE,20070815,42.21,42.96,41.07,41.18,582700
ADRU,20070815,30.53,30.97,30.15,30.4,414600
ADSK,20070815,43.22,45,42.38,42.61,3049600
ADTN,20070815,25.01,25.47,24.81,24.85,450800
AEHR,20070815,6.7,7.06,6.7,6.7,5900
AEIS,20070815,17.01,17.13,16.53,16.53,610000
AEPI,20070815,37.11,37.96,36.18,36.21,42900
AETI,20070815,6.19,6.24,5.75,6,29800
AEZS,20070815,1518,1524,1392,1404,167200
AFAM,20070815,18.25,18.49,17.47,17.9,31600
AFSI,20070815,7.025,7.25,6.675,6.695,419700
AGEN,20070815,2.66,2.84,2.56,2.61,508300
AGII,20070815,26.84,26.84,26.84,26.84,0
AGYS,20070815,15.8,16.18,15.08,15.66,362800
AHGP,20070815,24.01,25.11,23.5,23.5,122400
AHPI,20070815,5.76,5.76,5.76,5.76,400
AIMC,20070815,16.22,16.26,15.39,15.5,162100
AINV,20070815,20.56,20.58,19.45,19.5,2729900
AIRM,20070815,14.12,14.4167,13.44,13.5067,122300
AIRT,20070815,8,8.54,8,8.23,11400
AIXG,20070815,7.56,7.66,7.38,7.42,32100
AKAM,20070815,32.04,32.59,31.15,31.75,6520700
AKRX,20070815,7.23,7.55,7.2,7.41,354500
ALCO,20070815,49.7,52.88,49.03,49.29,40600
ALGN,20070815,26.57,27,26.16,26.16,607400
ALGT,20070815,30.83,31,30.18,30.18,116500
ALKS,20070815,16.59,17.32,16.5,16.56,1427300
ALLT,20070815,6.38,6.39,6.18,6.2,86100
ALNY,20070815,24.36,25.08,23.31,23.63,345700
ALOG,20070815,66.25,66.65,64.86,65.08,91600
ALOT,20070815,9.14,9.23,9.1,9.23,1400
ALSK,20070815,13.54,14.05,13.51,13.7,240900
ALXN,20070815,29.535,30.035,29.25,29.385,848400
AMAG,20070815,53.5,54.15,52.33,52.87,345900
AMAT,20070815,20.57,20.83,20.3,20.36,38085300
AMCC,20070815,3,3.08,2.93,2.97,11854700
AMD,20070815,12.45,12.54,11.85,11.95,47127900
AMED,20070815,38.58,39.3,38.55,38.85,594100
AMGN,20070815,50.91,51.65,50.49,50.59,21215700
AMKR,20070815,10.79,11.1,10.41,10.47,2854500
AMNB,20070815,20.5,20.75,20.5,20.75,1300
AMOT,20070815,5.14,5.14,4.72,4.8,10600
AMOV,20070815,27.32,27.955,26.26,26.835,13700
AMPH,20070815,17.61,17.61,16.51,17.01,95500
AMRB,20070815,22.6,23.41,22.55,23.16,39900
AMRI,20070815,14.07,14.71,13.66,14,272200
AMRN,20070815,0.38,0.4,0.38,0.39,116200
AMSC,20070815,206.5,216.7,201.2,204.6,515800
AMSF,20070815,15.07,15.49,14.21,14.25,219500
AMSG,20070815,22.98,23.69,22.76,22.76,140500
AMSWA,20070815,10.41,10.82,10.36,10.45,98400
AMTD,20070815,15.86,16.18,15.5,15.53,4852000
AMWD,20070815,26.91,27.75,26.91,27.1,147700
AMZN,20070815,73.02,75.15,72.26,72.38,6375800
ANAT,20070815,127.78,131.7,121.37,122.38,7000
ANCX,20070815,7.31,7.39,7.26,7.27,9900
ANDE,20070815,31.3333,32.22,30.5467,30.62,274900
ANGO,20070815,18.28,19.45,18.25,18.33,276600
ANIK,20070815,16.75,17.04,16.29,16.56,57400
ANSS,20070815,29.7,30.62,29.7,29.97,753400
APOG,20070815,26.37,27.35,25.95,25.99,168900
APOL,20070815,57.38,58.15,56.26,56.35,1442100
ARAY,20070815,19.74,20.23,19.4,19.42,307400
ARCC,20070815,15.49,15.82,14.85,14.92,993100
ARCI,20070815,7,7.09,6.25,6.57,46400
ARCW,20070815,1.964,1.964,1.964,1.964,400
ARIA,20070815,4.32,4.56,4.3,4.35,700500
ARII,20070815,29.86,30.21,29.05,29.28,333200
ARKR,20070815,35.27,37.14,35.27,36.89,15200
ARLP,20070815,18,18,15.945,16.07,251600
ARNA,20070815,12.2,12.87,12.04,12.46,607200
AROW,20070815,21.61,21.75,21.17,21.44,9900
ARQL,20070815,6.05,6.25,5.92,6.1,333900
ARRS,20070815,14.51,14.99,14.38,14.39,1300100
ARRY,20070815,10.41,11.25,10.35,10.79,343900
ARTNA,20070815,18.97,18.97,18.5,18.5,2000
ARTW,20070815,13.83,13.9,13.83,13.85,600
ARTX,20070815,3.1,3.25,2.88,3.1,88100
ARWR,20070815,5,5.12,4.94,4.97,112300
ASFI,20070815,33.6,36.44,33.6,34.62,318900
ASML,20070815,27.58,27.65,26.63,26.69,6196100
ASRV,20070815,3.76,3.88,3.7,3.7,2900
ASRVP,20070815,25.15,25.15,25.15,25.15,0
ASTE,20070815,50.23,51.82,49.15,49.29,183400
ASYS,20070815,10.54,11,9.95,10.49,200500
ATEC,20070815,43.2,45.24,43.2,44.64,10200
ATLO,20070815,21.2,21.2,21,21,300
ATNI,20070815,29.86,30.19,28.49,28.63,92000
ATRC,20070815,10.49,10.55,10,10.16,36200
ATRI,20070815,102.92,104.94,100.51,101,900
ATRO,20070815,27.0833,27.4917,26.35,26.4083,18900
ATTU,20070815,0.53,0.58,0.5,0.5,154000
ATVI,20070815,9.675,9.695,9.165,9.185,7861900
AUBN,20070815,24.29,24.29,24.29,24.29,0
AUDC,20070815,5.08,5.08,4.85,4.89,435800
AVAV,20070815,19.45,20.16,19.33,19.44,35500
AVID,20070815,31.3,32.06,31.3,31.5,514200
AWRE,20070815,4.38,4.39,4.16,4.16,24700
AXTI,20070815,4.71,4.71,4.62,4.69,33000
AZPN,20070815,11.06,11.71,11.01,11.34,931700
BABY,20070815,14.98,15.31,14.77,14.93,134600
BANF,20070815,41.16,42.27,40.84,41.04,29600
BANFP,20070815,24.6,24.6,24.6,24.6,0
BANR,20070815,217.42,224,216.3,216.79,85800
BASI,20070815,7.55,7.55,7.21,7.21,2400
BBBY,20070815,34.03,34.36,33.46,33.57,3656000
BBGI,20070815,7.28,7.62,7.06,7.25,6900
BBOX,20070815,39.21,40.5,39.06,39.71,393000
BBRY,20070815,206,208.74,196,197.75,8628700
BBSI,20070815,24.76,25.47,24.61,24.91,59500
BCBP,20070815,16,16,16,16,200
BCPC,20070815,12.4933,12.8867,12.2267,12.2533,44800
BCRX,20070815,10,10.68,9.93,10.4,446700
BDSI,20070815,4.35,4.4,4.17,4.33,98800
BEAV,20070815,36.79,37.1,34.82,35.07,1348700
BEBE,20070815,13.27,13.39,13.01,13.02,1022200
BECN,20070815,11.71,12.08,11.5,11.69,1719100
BELFA,20070815,34.54,35.11,34.21,34.21,3300
BELFB,20070815,30.86,32.1,30.55,30.75,33500
BFIN,20070815,14.21,14.84,14.18,14.38,76000
BGFV,20070815,20.24,20.55,19.85,19.96,205400
BIDU,20070815,18.764,19.15,17.92,17.988,2677900
BIIB,20070815,59.53,60.2,58.39,58.46,3638600
BIOS,20070815,5.07,5.25,5.07,5.18,55700
BJRI,20070815,20.5,21.46,20.5,20.58,173900
BKCC,20070815,12.76,13,12.6,12.75,197000
BKMU,20070815,10.97,11.38,10.91,11.05,245600
BKSC,20070815,15.35,15.44,15.01,15.3,1500
BLDP,20070815,4.5,4.53,4.37,4.4,319900
BLDR,20070815,13.22,13.42,12.89,13,206800
BLKB,20070815,24.57,25.31,24.4,24.95,324700
BLUE,20070815,0.88,0.91,0.81,0.89,198600
BMRC,20070815,30.79,31.76,30.79,31,1100
BMRN,20070815,19.55,20.58,19.55,19.82,2042400
BMTC,20070815,21.56,22.25,21.53,22.22,800
BNCL,20070815,8.75,9,8.75,8.85,77700
BNCN,20070815,16.75,16.76,16.75,16.75,2400
BNSO,20070815,2.77,2.77,2.7,2.73,3600
BOBE,20070815,32.36,32.7,31.64,31.68,457200
BOCH,20070815,9.6,9.6,9.57,9.6,400
BOFI,20070815,1.835,1.855,1.825,1.825,12500
BOKF,20070815,47.9,48.93,47.38,47.47,55100
BONT,20070815,21.01,21.22,19.52,19.7,534200
BOOM,20070815,39.76,41.89,39.73,40.69,607300
BOSC,20070815,9.64,10,9.64,10,3300
BPFH,20070815,24.89,25.95,24.89,25.37,573400
BPOP,20070815,118.4,121.6,113.6,113.8,2222500
BPOPM,20070815,22.2,22.2,22.2,22.2,100
BPOPN,20070815,24.95,24.95,24.75,24.75,17400
BRCD,20070815,6.78,6.87,6.6,6.72,7307900
BRID,20070815,7.5,7.5,7.48,7.5,500
BRKL,20070815,11.12,11.66,10.95,11.37,508600
BRKR,20070815,7.5,7.64,7.36,7.45,317800
BRKS,20070815,14.15,14.4,14.07,14.14,2203800
BSET,20070815,12.53,12.91,11.95,12.3,27300
BSQR,20070815,5.87,5.9,5.58,5.74,49400
BSRR,20070815,27.25,28.18,27.04,27.04,24300
BUSE,20070815,20.7,21,20.43,20.49,38400
BWINA,20070815,27.55,27.55,27.55,27.55,0
BWINB,20070815,27.69,28,27.07,27.07,27600
BWLD,20070815,33.27,33.5,31.86,31.99,542400
BYFC,20070815,10.25,10.25,10.25,10.25,0
CA,20070815,23.4518,23.7455,23.0699,23.1384,3175900
CAAS,20070815,6.98,6.98,6.65,6.7,122700
CACB,20070815,22.69,23.5,22.61,22.71,93200
CACC,20070815,25.12,25.83,24.8,25.51,63900
CAKE,20070815,25.27,25.95,25.14,25.17,818200
CALD,20070815,9.06,9.14,8.77,8.85,142700
CALL,20070815,1.38,1.43,1.09,1.185,96200
CALM,20070815,8.35,8.62,7.745,7.915,430800
CAMP,20070815,3.85,3.97,3.83,3.85,58600
CAMT,20070815,3.01,3.2,3.01,3.1,82000
CART,20070815,14.013,14.013,14.013,14.013,0
CARV,20070815,15.95,16.09,15.95,16,6400
CASH,20070815,39.5,39.56,39.5,39.56,200
CASM,20070815,5.35,5.59,4.8,4.97,22000
CASS,20070815,34.2,36.28,34.2,35.25,10000
CASY,20070815,26.45,27.1,25.98,26.03,398700
CATY,20070815,31.86,33.92,31.86,32.03,499800
CAVM,20070815,27.72,28.32,26.36,26.5,378100
CBAK,20070815,23.45,23.5,21.25,21.75,602900
CBAN,20070815,18.51,18.51,18.51,18.51,100
CBLI,20070815,202.8,206,200.2,201.4,26800
CBMX,20070815,90,90,90,90,0
CBRL,20070815,36.6,36.77,35.97,35.99,461900
CBSH,20070815,44.8,45.89,44.47,45.26,189400
CCBG,20070815,30.57,31.13,30.14,30.56,29500
CCMP,20070815,40.12,41.88,40.11,40.46,335600
CCNE,20070815,12.6,12.6,12.6,12.6,1700
CCOI,20070815,24.4,25.97,24.34,25,665000
CCRN,20070815,16.85,17.61,16.77,16.95,176900
CCUR,20070815,1.42,1.44,1.38,1.4,201700
CDNS,20070815,20.51,20.95,20.27,20.45,3540400
CDZI,20070815,21.2,21.2,18.94,19.13,53900
CECE,20070815,11.91,12.06,11.62,11.74,67600
CECO,20070815,27.3,27.65,26.55,26.6,1138900
CELG,20070815,30.1,30.795,29.87,30.105,5357300
CENT,20070815,12.01,12.86,11.97,12.52,484000
CENTA,20070815,11.95,12.77,11.88,12.33,335400
CENX,20070815,45.29,45.59,42.55,43.08,1100800
CERN,20070815,14.0475,14.495,14.035,14.0675,555400
CERS,20070815,6.85,7.03,6.66,6.73,129600
CETV,20070815,84.5,85.46,80.94,81.02,244200
CEVA,20070815,8.2,9,8.2,8.8,122700
CFBK,20070815,30.35,31.3,30.2,30.2,1500
CFFI,20070815,40.5,41.55,40.5,41,1500
CFFN,20070815,30.86,32.81,30.86,32.44,128700
CFNB,20070815,13.2,13.2,12.52,12.8,600
CFNL,20070815,8.88,9.12,8.77,8.8,49500
CGEN,20070815,2.74,2.84,2.68,2.71,5900
CGNX,20070815,10.765,11.275,10.595,10.83,346600
CHCI,20070815,1.74,1.85,1.74,1.81,54700
CHCO,20070815,31.46,33.27,31.46,32.08,77300
CHDN,20070815,47.18,48.55,47.18,47.57,29400
CHFC,20070815,22.81,24.23,22.61,22.75,48900
CHFN,20070815,32.6445,32.6445,32.5357,32.572,2900
CHKE,20070815,36.23,37.52,36.23,36.71,88200
CHKP,20070815,23.2,23.47,22.79,22.82,1460600
CHNR,20070815,8.6,8.96,8.51,8.6,42600
CHRS,20070815,8.9,9.1,8.55,8.6,2358800
CHRW,20070815,47.54,48.5,46.52,46.65,1011800
CHSCP,20070815,25.21,25.46,25.18,25.42,9400
CHTR,20070815,2.68,3.1,2.45,2.57,61589700
CINF,20070815,39.47,40.83,39.32,39.72,817800
CIZN,20070815,19.25,19.25,19.25,19.25,0
CKEC,20070815,16.77,17.23,16.48,16.79,174600
CLBH,20070815,11.3,11.3,10.5,11.01,5200
CLCT,20070815,14.75,15.47,14.28,14.36,24900
CLMS,20070815,21.93,22.85,20.71,20.78,358000
CLMT,20070815,49.69,49.69,48.04,48.51,29700
CLNE,20070815,13.4,14,12.55,12.82,696800
CLRO,20070815,6.2,6.35,6.15,6.3,11000
CLUB,20070815,16.29,16.82,15.95,15.95,153500
CLWT,20070815,14.465,14.85,13.53,14.025,50200
CMCO,20070815,24.26,24.75,23.58,23.6,197400
CMCSA,20070815,25.45,25.87,25.06,25.09,25059000
CMLS,20070815,75.2,77.04,74.16,74.64,389200
CMTL,20070815,40.95,42.17,40.39,40.53,278500
CNBKA,20070815,19.26,20.37,19.26,19.7,2600
CNET,20070815,7.8,8.08,7.74,7.9,1598200
CNMD,20070815,28.64,29.38,28.38,28.5,215600
CNOB,20070815,11.95,12.09,11.71,11.8,16500
CNSL,20070815,18.17,18.71,17.88,17.9,276500
CNTF,20070815,22.8,23.3,22.2,23.25,318400
CNTY,20070815,7.16,7.24,6.74,6.9,189700
COBZ,20070815,16.11,16.88,16.11,16.12,73800
COGT,20070815,13.89,14.19,13.79,14.03,644900
COHR,20070815,27.9,28.77,27.79,28.12,205000
COHU,20070815,20.4,21.34,19.93,20.05,120200
COKE,20070815,53.21,54.98,53.02,53.88,28200
COLB,20070815,26.08,26.28,25.29,25.29,113700
COLM,20070815,29.715,29.785,28.505,28.505,252800
CONN,20070815,23.33,23.77,22.44,22.44,105400
COOL,20070815,87.78,87.78,48.72,86.52,49000
CORE,20070815,8.3,8.4275,8.1775,8.32,136000
CORT,20070815,2.24,2.34,2.02,2.06,75300
COST,20070815,60.9,60.9,58.29,58.49,6956000
COWN,20070815,11.73,11.94,11.29,11.47,272700
CPLA,20070815,44.71,45.71,44.05,44.05,267200
CPLP,20070815,27.68,27.9,25.9,27.41,182000
CPRT,20070815,14.15,14.53,14.1,14.345,272700
CPRX,20070815,3.05,3.05,2.88,2.88,4800
CPSI,20070815,26.1,27.41,25.53,26,65300
CPSS,20070815,4.8,4.88,4.46,4.68,371900
CPST,20070815,20.4,21,20.2,20.2,593500
CRAI,20070815,51.49,52.43,50.81,51.66,122900
CRAY,20070815,7.09,7.4,7.06,7.11,239400
CREE,20070815,24.99,25.15,23.53,23.73,1622200
CRESY,20070815,19.06,19.45,18.74,18.86,103100
CRIS,20070815,1.01,1.03,1,1.01,88400
CRME,20070815,46.5,47.85,46,46.65,329200
CRMT,20070815,11.47,11.47,10.61,10.9,75700
CRNT,20070815,15.3,15.45,13.85,14.02,1509700
CROX,20070815,51.75,52.58,48.6,49.02,4598900
CRUS,20070815,6.68,6.78,6.62,6.73,658100
CRVL,20070815,12.94,13.3,12.885,12.98,58700
CRWS,20070815,3.9,4.09,3.55,4,34100
CRZO,20070815,38.86,40.28,38.33,38.78,782800
CSBK,20070815,10.23,10.42,10.08,10.22,71300
CSCO,20070815,30.15,30.74,29.89,29.92,67223000
CSFL,20070815,16.99,16.99,16.8,16.94,1400
CSGP,20070815,55.19,57.12,55.19,56,197200
CSGS,20070815,22.43,23.27,22.36,22.52,1131700
CSIQ,20070815,8.35,8.35,7.84,7.85,270000
CSPI,20070815,7.72,7.81,7.71,7.71,5200
CSTR,20070815,31.91,32.55,31.76,31.84,223900
CSWC,20070815,28.0825,28.8725,27.5,27.665,15600
CSX,20070815,14.8467,15.0233,13.9533,14.09,10305200
CTAS,20070815,36.61,36.98,36.03,36.1,692800
CTBI,20070815,26.99,27.4,26.77,26.77,178400
CTHR,20070815,3.99,4.1,3.99,4.1,50900
CTIB,20070815,3.01,5.59,3.01,4.4,572900
CTIC,20070815,18.2,18.2,16.75,17.35,208400
CTRN,20070815,23.95,26.01,23.68,24.86,684800
CTRP,20070815,9.585,9.6975,9.375,9.5,831600
CTSH,20070815,20.0525,20.21,19.49,19.51,1749500
CTWS,20070815,24.95,24.95,24.05,24.16,6700
CTXS,20070815,32.54,33.83,32,32.27,6456200
CUBA,20070815,13.32,13.34,13.25,13.25,2200
CUTR,20070815,22.86,22.86,21.93,21.93,218400
CVBF,20070815,10.41,11,10.35,10.43,306200
CVCO,20070815,34.95,35.53,34.45,34.64,65400
CVCY,20070815,13,13,11.07,11.07,700
CVGI,20070815,13.82,14.08,13.46,13.51,115600
CVGW,20070815,16.62,17.56,16.59,17.4,228300
CVLT,20070815,17.37,18.02,16.7,17,384100
CVLY,20070815,18.46,18.46,18,18.46,600
CVTI,20070815,6.8,6.83,6.69,6.75,13400
CWBC,20070815,12.1,12.45,12.01,12.45,700
CWCO,20070815,29.82,32.18,29.54,29.81,91600
CWST,20070815,10.56,11.32,10.56,10.77,300500
CYAN,20070815,1.04,1.08,1.04,1.08,3100
CYBE,20070815,12.13,12.32,11.85,11.88,12600
CYCC,20070815,446.88,448.56,393.12,430.92,98300
CYCCP,20070815,5.97,5.97,5.97,5.97,100
CYNO,20070815,31.38,32.11,30.5,30.77,193700
CYTK,20070815,30.24,30.96,27.42,27.48,374900
CYTR,20070815,25.62,26.46,23.87,23.94,909300
CYTX,20070815,92.85,93,83.55,83.7,122400
CZFC,20070815,12.9,12.9,12.75,12.75,2500
CZNC,20070815,18.9,18.9,18.57,18.57,300
CZWI,20070815,8.6,8.6,8.51,8.51,900
DAIO,20070815,3.33,3.35,3.25,3.31,1400
DAKT,20070815,26.49,26.49,24.63,24.89,843200
DAVE,20070815,17.72,18.14,17.71,17.9,21200
DCOM,20070815,11.48,12.03,11.48,11.65,107900
DCTH,20070815,65.76,68.32,64,66.4,75400
DELT,20070815,6.1,6.1,6.1,6.1,200
DENN,20070815,3.88,3.94,3.75,3.79,504200
DEPO,20070815,2.05,2.12,2.05,2.06,210500
DGAS,20070815,12.325,12.36,12.3,12.3,2700
DGICA,20070815,14.7,15.1,14.57,14.57,28200
DGICB,20070815,17.75,17.75,17.75,17.75,0
DGII,20070815,14.86,15,14.41,14.6,119800
DHIL,20070815,74,75.12,73,73,3600
DIOD,20070815,27.78,28.47,27.62,27.69,402500
DISCA,20070815,24.2,24.5,23.67,23.74,1381200
DISCB,20070815,24.26,24.29,23.76,23.76,1900
DISH,20070815,38.98,39.59,38.72,38.79,2108800
DJCO,20070815,42.75,42.75,42.75,42.75,0
DLTR,20070815,12.4467,12.5834,12.23,12.2534,947200
DMLP,20070815,19.33,19.98,19.33,19.81,29400
DMRC,20070815,8.91,9.15,8.55,8.56,112200
DORM,20070815,7.05,7.075,6.99,7.03,2900
DRAD,20070815,3.26,3.26,3.14,3.14,12800
DRAM,20070815,65.34,65.34,63.18,63.18,14200
DRRX,20070815,4.85,5.11,4.73,4.78,433300
DRYS,20070815,84855,87825,81750,82380,1302300
DSGX,20070815,3.7,3.78,3.5,3.57,60000
DSPG,20070815,16.19,16.62,15.9,15.99,255000
DSWL,20070815,9.87,10.26,9.84,9.96,16700
DTLK,20070815,4.79,4.85,4.6,4.63,34300
DTSI,20070815,25.03,26.2,25.03,25.6,331300
DVAX,20070815,38.7,43.1,37.6,40.7,108000
DWCH,20070815,5.17,5.3,5.12,5.22,8400
DWSN,20070815,63.63,65.6,62.49,62.72,160900
DXCM,20070815,8.03,8.16,7.98,8.01,180300
DXPE,20070815,36.15,36.32,35.34,35.34,76300
DXYN,20070815,10.78,11.03,10.5,11,11400
DYNT,20070815,7.5,7.55,7.45,7.55,11900
EBAY,20070815,14.5895,14.8547,14.5263,14.5389,14277800
EBIX,20070815,5,5,4.9444,5,1300
EBTC,20070815,13.8,13.8,13.8,13.8,0
ECHO,20070815,9.51,9.68,9.5,9.59,10600
ECOL,20070815,19.02,19.7,18.9,18.9,117000
ECPG,20070815,9.66,10.17,9.66,10.05,164800
EDAP,20070815,5.8,5.8,5.62,5.8,19400
EDGW,20070815,8.3,8.46,8.29,8.43,10100
EDUC,20070815,6.5,6.6,6.48,6.6,1700
EEFT,20070815,27.15,27.73,26.24,26.27,520300
EFII,20070815,25.84,25.95,25.11,25.18,337800
EFOI,20070815,5.65,5.67,5.4,5.4,85000
EFSC,20070815,21.75,25.32,21.53,22.46,33500
EFUT,20070815,14.02,14.02,12.86,13.12,45000
EGBN,20070815,15,15.44,14.95,15.38,1500
EGHT,20070815,1.32,1.32,1.3,1.3,277700
EGLE,20070815,35265.6,35971.2,34272,34329.6,399500
EGLT,20070815,13.55,13.93,13.35,13.36,77400
EGOV,20070815,7.27,7.39,7.18,7.21,193800
EHTH,20070815,21.45,21.8,19.87,19.95,331700
ELGX,20070815,3.37,3.57,3.32,3.57,47800
ELNK,20070815,6.46,6.53,6.13,6.15,2314400
ELON,20070815,222.5,235,216.2,219.5,951300
ELOS,20070815,24.3,24.45,23.98,24.36,317100
ELSE,20070815,5.56,5.59,4.93,4.93,15900
ELTK,20070815,2.62,2.69,2.46,2.46,28300
EMCI,20070815,15.9867,16.6133,15.9467,16.1133,28900
EMITF,20070815,2555.4,2561.4,2476.8,2476.8,7100
EMKR,20070815,34.88,36.48,34.36,34.76,597200
EMMS,20070815,24,26,24,25.32,640900
ENDP,20070815,31.34,32.14,30.73,30.81,1069000
ENOC,20070815,33.35,33.35,31.58,31.95,164700
ENTG,20070815,9.44,9.52,9.34,9.4,1422100
EPAY,20070815,12.23,12.71,12.2,12.23,88800
EPIX,20070815,4.27,4.47,4.25,4.33,78700
EQIX,20070815,88.14,90.64,87,88.54,449900
ERIC,20070815,35.7,36.37,35.32,35.41,2539700
ERIE,20070815,54.94,55.81,54.85,55.16,74700
ESBK,20070815,20.03,20.03,19.71,19.89,3300
ESCA,20070815,8.3,8.73,8.3,8.7,800
ESEA,20070815,13.3,13.32,12.72,12.91,119700
ESGR,20070815,105.5,113.25,103.5,105.11,21400
ESIO,20070815,22.84,23.21,22.27,22.28,205400
ESLT,20070815,42.28,43.11,41.85,42.2,32500
ESMC,20070815,6.05,6.23,5.83,6.07,38900
ESRX,20070815,24.25,24.775,24.205,24.47,3615700
ESSA,20070815,10.36,10.36,10.28,10.3,42200
ETFC,20070815,148.2,152.1,132.9,139.1,31509700
EVBS,20070815,19.65,19.71,19.46,19.46,3500
EVEP,20070815,34.59,35.59,33.36,33.51,114600
EVOL,20070815,1.81,1.88,1.8,1.81,36000
EWBC,20070815,35.65,36.09,34.92,35.01,534400
EXAC,20070815,15.74,15.74,15.06,15.06,14900
EXAS,20070815,2.93,2.97,2.85,2.97,17200
EXEL,20070815,9.9,10.65,9.76,10.13,979200
EXFO,20070815,6.64,6.64,6.39,6.41,34100
EXLS,20070815,18.34,19.44,18.11,18.13,127000
EXPD,20070815,46.67,47.86,45.25,45.31,1509400
EXPE,20070815,28.56,28.95,28.24,28.39,4128000
EXPO,20070815,11.57,12.235,11.555,12.235,173400
EXTR,20070815,3.65,3.68,3.4,3.4,652400
EZPW,20070815,11.42,11.57,11.04,11.21,606700
FALC,20070815,10.12,10.36,9.91,10.03,187600
FARM,20070815,21.2,22.24,21.14,21.3,15200
FARO,20070815,37.5,37.96,37.25,37.48,335700
FAST,20070815,23,23.45,22.73,22.735,1509500
FBIZ,20070815,18.8,18.8,18.7,18.77,600
FBMS,20070815,22.01,22.01,22.01,22.01,0
FBNC,20070815,18.74,19.34,18.71,18.77,21300
FBSS,20070815,19.05,20.98,19.05,19.75,1500
FCAP,20070815,17,17,17,17,0
FCBC,20070815,29.12,31.27,29.12,30.05,22200
FCCO,20070815,15.51,15.55,15.5,15.5,900
FCCY,20070815,16,16.13,15.25,15.3,5900
FCEL,20070815,98.4,99.6,92.88,94.08,1104000
FCNCA,20070815,171.52,172.21,166.97,169.99,10400
FDEF,20070815,25.51,25.9,25.51,25.63,1000
FEIM,20070815,10.3,10.32,10,10.11,3600
FELE,20070815,22.465,23.125,22.38,22.545,174100
FFBC,20070815,11.69,12.24,11.69,11.84,540200
FFHL,20070815,6.39,6.56,6.14,6.21,116800
FFIC,20070815,15.88,16.7,15.88,16.46,131900
FFIN,20070815,12.69,13.3334,12.6334,12.83,41600
FFIV,20070815,17.185,17.535,16.755,17.078,1528800
FFKT,20070815,29.98,30.38,29.51,30.38,6000
FHCO,20070815,2.25,2.25,2.1,2.1,5100
FINL,20070815,6,6.09,5.72,5.75,1309500
FISI,20070815,17,17.15,16.94,16.94,4700
FISV,20070815,23.965,24.275,23.75,23.78,2127700
FITB,20070815,37.35,38.81,37.3,37.38,4780500
FIZZ,20070815,9.72,9.77,9.6,9.61,70100
FLEX,20070815,11.35,11.35,11.02,11.02,6279200
FLIC,20070815,12.4,12.6667,12.4,12.6667,6600
FLIR,20070815,47.2,48.74,46.57,47.55,566400
FLML,20070815,13.24,13.32,12.88,13,896400
FLWS,20070815,9.77,9.9,9.71,9.81,281700
FLXS,20070815,13.28,13.28,13.12,13.28,4400
FMBI,20070815,32.19,33.45,32.1,32.29,518900
FNLC,20070815,15.41,15.58,15.4,15.4,2400
FNSR,20070815,29.76,30.72,29.04,29.04,4066000
FOLD,20070815,11.81,12.24,10,11.51,29200
FONR,20070815,6.52,7.11,6.51,6.9,39400
FORD,20070815,2.82,2.88,2.8,2.8,18700
FORM,20070815,40.11,41.2,39.75,40.42,656300
FORR,20070815,25.02,25.55,24.95,25,54500
FORTY,20070815,12.42,12.42,12.42,12.42,100
FOSL,20070815,30.38,32.03,30.05,31.15,1935800
FRBK,20070815,8.06,8.06,8,8,1100
FRED,20070815,10.54,10.55,9.93,9.93,584800
FRME,20070815,19.91,20.94,19.91,20.02,43100
FRPT,20070815,16.25,16.28,14.39,14.91,1274700
FSBK,20070815,27.55,27.55,26.17,26.17,13600
FSLR,20070815,90.64,92.15,86.39,87.54,3040900
FSTR,20070815,37.6,38.11,36.75,36.85,360300
FTEK,20070815,29.45,30.16,29.45,29.96,386900
FUEL,20070815,1.49,1.52,1.46,1.49,153200
FULT,20070815,13.78,14.43,13.57,14.08,680900
FUNC,20070815,19.19,19.19,19.01,19.01,1100
FUND,20070815,10.28,10.4,9.32,10.03,87200
FWRD,20070815,33.63,34.55,33.5,33.8,223400
GABC,20070815,12.26,12.51,11.91,12.34,18200
GAIA,20070815,16.91,17.19,16.28,17,194900
GAIN,20070815,12.64,12.64,12,12.02,115100
GASS,20070815,17.25,17.46,16.59,17.08,62700
GBCI,20070815,20.52,21.18,20.39,20.44,191200
GCBC,20070815,6.25,6.25,6.25,6.25,0
GENE,20070815,18.1,18.1,18.1,18.1,500
GERN,20070815,6.28,6.6,6.2,6.39,972300
GFED,20070815,29.29,29.29,29.28,29.28,300
GGAL,20070815,7.8,7.89,7.2,7.4,380600
GHDX,20070815,19.94,20.06,19.1,19.22,71300
GIFI,20070815,34.89,35.79,34.24,34.32,120300
GIGA,20070815,1.9,2.16,1.9,2.07,19200
GIGM,20070815,59.75,64,59,62.35,2660500
GIII,20070815,7.5,7.745,7,7.075,69100
GILD,20070815,18.82,19.475,18.82,18.905,7805300
GILT,20070815,9.95,10.14,9.69,9.7,100300
GLAD,20070815,19.5,20.02,18.87,18.98,112400
GLBL,20070815,23.07,23.9,22.78,22.85,1726200
GLBZ,20070815,16.18,16.18,16.18,16.18,0
GLDD,20070815,8.96,9,8.31,8.57,713500
GLNG,20070815,17.57,17.89,17.02,17.11,240100
GLRE,20070815,19.56,20.05,19.49,19.6,45900
GLUU,20070815,8.9,9.04,8.55,8.56,122800
GNCMA,20070815,12.57,13.02,12.48,12.87,329600
GNTX,20070815,9.955,10.215,9.88,9.92,1015500
GNVC,20070815,23,23.6,21.1,21.1,250500
GOLD,20070815,22.88,23.43,22.85,23.02,717100
GOOD,20070815,18.4,18.91,18.25,18.8,21200
GOODO,20070815,24,24,24,24,400
GOODP,20070815,23.8,23.8,23.8,23.8,0
GOOG,20070815,254.5,255.845,248.355,248.775,5409600
GPIC,20070815,12.04,12.5,12.04,12.32,48500
GPOR,20070815,17.9,18.47,17.74,17.9,417900
GPRE,20070815,17.4,17.49,17.16,17.32,1200
GPRO,20070815,60.91,61.91,60.37,60.82,433300
GRIF,20070815,32.84,34.99,32.5,34.99,700
GRMN,20070815,92.1,94.75,90.3,91.2,4122700
GROW,20070815,22.18,22.5,20.86,20.94,534400
GRVY,20070815,34.88,37.12,33.52,34.88,20400
GSBC,20070815,26.2,26.36,25.58,25.59,31000
GSIT,20070815,2.6,2.74,2.5,2.6,40500
GSOL,20070815,17.94,18.92,17.48,18.06,255900
GT,20070815,27.26,27.57,25.89,26,6412900
GTIM,20070815,4.97,4.97,3.95,4.76,29900
GTLS,20070815,25.75,27.44,25.53,26.9,221100
GTXI,20070815,17.12,17.76,16.83,16.91,188300
GUID,20070815,13.2,13.22,11.41,12.07,129100
GYRO,20070815,49,49.01,49,49,1400
HAFC,20070815,15.25,15.77,15.12,15.22,303700
HAIN,20070815,14.435,14.96,14.36,14.44,257100
HALL,20070815,11.03,11.3,10.9,10.92,41700
HALO,20070815,8.54,9.11,8.49,8.58,264300
HAS,20070815,27.19,28.23,27.07,27.61,2925000
HAYN,20070815,74.23,75.41,70.75,71.51,246300
HBAN,20070815,16.75,17.36,16.44,16.53,4177700
HBHC,20070815,35.6,36.4,35.6,35.69,219200
HBIO,20070815,4.79,4.96,4.75,4.84,27300
HBNC,20070815,7.7778,7.7807,7.7778,7.7778,500
HCSG,20070815,13.18,13.4267,12.8067,12.84,479100
HDNG,20070815,27.22,28.58,26.82,26.96,105400
HDSN,20070815,1.2,1.2,1.16,1.19,3100
HEES,20070815,19.71,19.84,18.29,18.45,423200
HELE,20070815,21.34,22.4,21.17,21.93,153400
HEOP,20070815,15.87,15.87,14.6,14.6,2500
HFBC,20070815,15.48,15.48,15.48,15.48,100
HFWA,20070815,22.62,22.78,22.51,22.51,1800
HIBB,20070815,23.55,24.07,22.91,23,1217000
HIFS,20070815,29.76,29.76,29.76,29.76,100
HIHO,20070815,4.17,4.44,4.08,4.44,7100
HIMX,20070815,5,5.08,4.95,5,318800
HLIT,20070815,8.53,8.57,8.03,8.05,1839400
HMNF,20070815,29.67,29.67,29.67,29.67,500
HMSY,20070815,8.0533,8.4167,7.9167,8,246000
HOFT,20070815,18.71,18.71,17.71,17.87,68100
HOLX,20070815,25.476,25.75,24.9,24.996,1768700
HOMB,20070815,5.1175,5.4825,5.0875,5.2925,18500
HOVNP,20070815,14,14,12.86,13.3,57900
HSIC,20070815,56.83,56.91,55.26,55.8,1073600
HSII,20070815,47.19,48.01,45.78,45.93,279500
HSKA,20070815,2.1,2.1,2.01,2.03,26600
HSTM,20070815,2.56,2.7,2.56,2.6,46900
HTBK,20070815,20.49,21.25,20.39,20.52,97600
HTLD,20070815,14.85,15.3,14.85,14.9,630400
HTLF,20070815,19.01,19.78,18.55,18.62,24000
HUBG,20070815,32.54,33.61,32.42,32.42,349400
HURC,20070815,42.59,43.04,40.4,40.46,97300
HURN,20070815,65.18,66.01,60.66,61.77,405100
HWAY,20070815,48.18,50.14,48.18,49,464100
HWBK,20070815,31.2,31.2,31.2,31.2,0
HWCC,20070815,18.11,18.2,17.31,17.4,397300
HWKN,20070815,14.55,14.55,14.55,14.55,0
HYGS,20070815,1.29,1.29,1.15,1.28,178000
IART,20070815,47.79,48.69,47.65,47.9,248500
IBCP,20070815,11.01,11.38,10.9,10.96,147000
IBKC,20070815,44.85,46.71,44.37,44.8,30100
IBKR,20070815,24.97,25.74,23.74,24.06,486200
IBOC,20070815,21.4,22.55,21.17,21.51,258300
ICAD,20070815,2.86,3.2,2.82,3,42800
ICCC,20070815,3.94,3.94,3.78,3.78,4700
ICFI,20070815,21.39,21.7,20.24,20.9,142400
ICLR,20070815,44.67,45.46,44.67,45.2,132700
ICON,20070815,19.99,20.28,19.51,19.58,859000
ICUI,20070815,34.85,37.5,34.65,36.36,160800
IDCC,20070815,24.08,24.36,23.54,23.67,772800
IDSA,20070815,6.4867,6.7333,6,6.0067,64000
IDSY,20070815,9.86,10,9.44,9.78,83400
IDTI,20070815,15.46,15.52,15.15,15.17,4082800
IDXX,20070815,26.535,26.9775,26.29,26.5,189100
IESC,20070815,23.27,24.11,22.41,22.41,144000
IFON,20070815,2.22,2.33,2.16,2.16,82700
IGLD,20070815,11.19,11.19,10.8,10.9,94900
IIIN,20070815,19.72,20.03,18.23,18.3,294500
IIJI,20070815,7.29,7.34,7.16,7.2,122200
IIVI,20070815,14.005,14.595,13.81,14.005,116400
IKNX,20070815,8.85,8.85,8.85,8.85,300
ILMN,20070815,45.45,46.67,44.75,44.79,821000
IMGN,20070815,4.33,4.5,4.33,4.41,104600
IMKTA,20070815,30.94,31.68,29.49,31.19,163900
IMMR,20070815,14.96,15.22,13.51,13.59,953800
IMMU,20070815,2.45,2.54,2.35,2.38,1128800
IMOS,20070815,6.64,6.73,6.34,6.42,481900
INAP,20070815,14.52,14.72,13.81,13.94,711600
INCY,20070815,5.11,5.25,5,5,677000
INDB,20070815,27.57,28.82,27.29,27.3,38000
INFI,20070815,10.11,10.17,9.98,10.02,4400
INFN,20070815,18.81,19.06,17.81,17.98,214500
INFO,20070815,1.98,2.08,1.96,2.05,15300
INGN,20070815,3.98,4.02,3.91,3.93,62100
ININ,20070815,19.08,19.79,19.02,19.19,148500
INOD,20070815,3.85,3.86,3.56,3.85,11500
INSM,20070815,0.6,0.66,0.58,0.62,997700
INTC,20070815,23.78,23.99,23.21,23.22,63252400
INTG,20070815,17,17,17,17,100
INTL,20070815,25.52,25.56,25.5,25.54,974300
INTU,20070815,27.79,28.57,27.79,28.21,3820800
INTX,20070815,9,9,8.7,8.78,42200
INWK,20070815,13.87,14.9,13.87,14.52,318400
IOSP,20070815,21.51,23,21.32,21.99,356600
IPAR,20070815,14.12,14.314,13.82,13.834,79300
IPAS,20070815,4.29,4.41,4.19,4.19,277500
IPCC,20070815,40.97,41.76,39.81,40.21,204200
IPGP,20070815,18.18,18.34,18,18.09,74700
IPHS,20070815,14.32,14.86,14.11,14.21,116400
IRBT,20070815,21.6,23.05,20.9,22.24,540400
IRIX,20070815,2.9,3.15,2.85,3.05,79600
ISBC,20070815,4.9373,5.1647,4.898,4.9529,318500
ISCA,20070815,47.23,47.96,47.04,47.06,108200
ISIG,20070815,4.83,5,4.81,5,39300
ISIL,20070815,32.44,32.98,31.81,31.97,1646900
ISLE,20070815,18.41,18.95,18,18.17,237200
ISNS,20070815,13.93,14.09,13.93,13.96,1400
ISRG,20070815,196.5,201.81,193.34,194.61,813700
ISRL,20070815,42.6,42.6,42.6,42.6,100
ISSC,20070815,15.56,16,14.75,14.84,331600
ITIC,20070815,42.5,42.5,42.5,42.5,0
ITRI,20070815,82.13,82.31,80.44,80.69,695800
ITRN,20070815,13.16,13.47,13.04,13.1,100400
IVAC,20070815,14.21,15.26,14.15,15.01,537400
IXYS,20070815,9.87,10.02,9.56,9.85,157500
JAKK,20070815,21.93,22.69,21.93,22.09,460100
JASO,20070815,53.015,54.21,48.285,48.75,1318800
JAZZ,20070815,13.06,13.06,12.46,12.75,6000
JBHT,20070815,27.12,28.16,26.84,26.96,1699600
JBLU,20070815,9.35,9.35,8.7,8.86,6046700
JBSS,20070815,11.08,11.25,10.34,10.5,31900
JCOM,20070815,34.05,34.77,33.56,33.81,495300
JCTCF,20070815,4.64,4.64,4.555,4.555,1500
JJSF,20070815,36.27,37.34,35.81,35.95,32800
JKHY,20070815,25.55,25.86,24.69,24.72,551300
JMBA,20070815,33.1,34.75,32.6,32.7,1219000
JOBS,20070815,8.24,8.48,8.2,8.38,76000
JOUT,20070815,18.94,18.94,17.08,17.08,16500
JRJC,20070815,10.5,11.69,10.13,10.47,368700
JRVR,20070815,31.1,31.4,30.9,30.9,84300
JXSB,20070815,12.23,12.25,12.23,12.25,500
KALU,20070815,63.03,65.9,62.12,63.6,698600
KCAP,20070815,14.69,14.69,12.85,13.68,291700
KELYA,20070815,22.35,22.74,22.17,22.38,235700
KELYB,20070815,28,28,28,28,0
KEQU,20070815,14.5,14.5,14.28,14.34,2500
KERX,20070815,9.86,10.22,9.54,9.58,374900
KFFB,20070815,9.89,9.89,9.51,9.52,2000
KFRC,20070815,14.68,15.02,14.5,14.52,115400
KIRK,20070815,1.84,1.87,1.75,1.78,16500
KLAC,20070815,57.21,58.28,56.62,57.02,4816900
KLIC,20070815,8.35,8.53,7.96,7.96,1425800
KONA,20070815,18.2,18.2,17.41,17.54,52200
KOOL,20070815,43.6,46.8,43.2,46.2,199600
KOPN,20070815,3.5,3.5,3.4,3.44,172500
KOSS,20070815,10.08,10.08,10.08,10.08,0
KRNY,20070815,11.7,12.35,11.7,11.8,106300
KTCC,20070815,4.98,5.04,4.96,4.97,7900
KTEC,20070815,26.5,26.92,24.38,24.72,37500
KVHI,20070815,9.93,9.93,9.69,9.75,119100
KZ,20070815,4,4,3.78,3.78,71900
LABL,20070815,23.812,25.033,23.218,23.712,32400
LAKE,20070815,12.04,12.09,11.87,11.9,11700
LAMR,20070815,50.5,51.12,50.14,50.22,1562900
LANC,20070815,38.78,39.23,37.86,37.88,106200
LARK,20070815,28.45,28.46,27.91,27.91,800
LAWS,20070815,37.99,37.99,35.15,35.2,17100
LAYN,20070815,43.97,44.94,42.19,42.44,179700
LBAI,20070815,11.96,12.5,11.93,12.25,64200
LBIX,20070815,3.01,3.01,2.92,2.94,99600
LBTYA,20070815,21.303,21.6249,21.1242,21.1957,2905700
LBTYB,20070815,40.6,40.6,40.6,40.6,100
LBTYK,20070815,39.79,40,39.28,39.42,986300
LCUT,20070815,19.57,19.6,19.29,19.3,129300
LECO,20070815,34.385,35.16,33.49,33.605,187700
LENS,20070815,3.51,3.52,3.31,3.31,36000
LFUS,20070815,31.28,32.01,31.11,31.41,254500
LGCY,20070815,21.33,21.33,20,20.04,97800
LGND,20070815,36.66,38.4,36.3,36.72,1231600
LHCG,20070815,22.61,23.03,20.72,20.98,1918600
LINC,20070815,13.12,13.58,13,13.36,15800
LION,20070815,14,14,13.86,13.96,3800
LIOX,20070815,4.1,4.29,4.1,4.17,554300
LJPC,20070815,4.62,4.68,4.35,4.41,73900
LKFN,20070815,15.82,16.1133,15.1333,15.1467,35800
LLNW,20070815,7.9,8,7.22,7.43,773500
LLTC,20070815,34.75,34.95,34.31,34.4,6876000
LMAT,20070815,6.06,6.06,6,6,1200
LMCA,20070815,37.9167,37.9167,37.2167,37.2167,791900
LMIA,20070815,23.13,23.39,22,22.08,72400
LMNX,20070815,13.66,14.51,13.57,13.75,282100
LNCE,20070815,25.07,26,24.96,25.08,191000
LNDC,20070815,10.51,11.03,10.29,10.7,152800
LOGI,20070815,25.95,26.27,25.67,25.77,1040000
LORL,20070815,39.68,40.42,39.03,39.03,95800
LPNT,20070815,28.5,28.92,28.22,28.26,960900
LPSN,20070815,5.04,5.24,4.98,5.03,208700
LPTH,20070815,4.58,4.62,4.18,4.45,7100
LQDT,20070815,13.08,13.55,12.93,12.96,145800
LRCX,20070815,52,53.76,51.38,51.5,3380900
LSBK,20070815,10.04,10.04,10.04,10.04,0
LSCC,20070815,4.7,4.94,4.69,4.75,1310200
LSTR,20070815,42.5,43.06,42.27,42.42,837600
LTRX,20070815,1.24,1.3,1.23,1.3,9700
LULU,20070815,17.625,17.625,16.055,16.725,764500
LUNA,20070815,3.91,4,3.7,3.77,81200
LWAY,20070815,11.66,12.29,11.09,11.74,52500
LXRX,20070815,21.7,22.61,21.7,22.12,93300
LYTS,20070815,17.26,17.5,16.89,16.91,168600
MAGS,20070815,8.38,8.42,8.18,8.18,56200
MANH,20070815,6.91,7.08,6.7875,6.81,231000
MANT,20070815,33.25,34.68,33.24,34.08,200100
MARPS,20070815,30.7,30.7,30.5,30.63,2000
MASI,20070815,20.5,20.94,20.36,20.4,77200
MAT,20070815,22.8,23.57,22.51,22.55,6372800
MATR,20070815,24.99,25.62,24.86,25.03,226300
MATW,20070815,40.37,41.4,39.8,40,285800
MAYS,20070815,22.02,22.02,22.02,22.02,0
MBFI,20070815,33.98,35.31,33.97,34.03,335200
MBFIP,20070815,25.18,25.18,25.05,25.05,5600
MBLX,20070815,130.86,133.98,130.08,130.8,140400
MBRG,20070815,29.14,30,29.02,30,2400
MBRX,20070815,2.97,3.15,2.96,2.98,33900
MBTF,20070815,11.81,11.95,11.58,11.65,17200
MBVT,20070815,23.22,23.5,23.22,23.22,400
MBWM,20070815,21.1,21.83,21,21.07,127700
MCBC,20070815,12,12.67,11.93,11.98,123700
MCHP,20070815,37.36,38.11,37.13,37.25,2702200
MCHX,20070815,9.36,10.31,9.28,9.37,1950100
MCRI,20070815,27.04,27.04,25.75,26.4,106300
MDCA,20070815,9.52,9.98,9.52,9.91,13300
MDCO,20070815,15.26,16.2,15.11,15.8,805300
MDM,20070815,4.34,4.34,4.1,4.1,23500
MDRX,20070815,23.4,24.02,23.13,23.15,794200
MELI,20070815,30.21,30.21,28.05,28.56,991700
MENT,20070815,12.73,12.82,12.02,12.06,1804000
MEOH,20070815,21.81,22,20.61,20.67,675300
MERC,20070815,8.18,8.18,7.83,7.87,416700
MFNC,20070815,9,9,9,9,2900
MFRI,20070815,24.69,24.9,22.86,22.99,38600
MFSF,20070815,17.5,18.25,17.5,17.7,3400
MGEE,20070815,21.86,22.8,21.86,22.0067,59700
MGIC,20070815,2.07,2.14,2.05,2.1,18400
MGLN,20070815,41.07,42,40.59,40.69,176500
MGPI,20070815,16.25,16.36,15.85,15.87,178400
MGRC,20070815,31.24,31.96,30.67,30.67,88400
MGYR,20070815,11.36,11.36,10.81,10.82,33500
MHGC,20070815,17.53,18.44,17.33,18.06,260900
MIDD,20070815,22.2033,22.8067,21.9667,21.98,201200
MIND,20070815,17.01,17.24,16.7,16.7,67700
MINI,20070815,22.89,23.29,21.7,21.84,465500
MKSI,20070815,21.6,22.26,21.39,21.45,431300
MKTX,20070815,15.58,15.91,15.01,15.42,279100
MLAB,20070815,21.52,21.96,20.03,21.96,6700
MLHR,20070815,27.48,28.21,26.71,26.83,456900
MLNX,20070815,16.39,16.45,16,16.21,293300
MMLP,20070815,38.26,38.26,37,37.11,23700
MMSI,20070815,9.664,9.92,9.592,9.672,80600
MNDO,20070815,2.47,2.47,2.36,2.43,74100
MNKD,20070815,8.65,9.24,8.17,9.22,625000
MNOV,20070815,8.33,8.33,8.07,8.07,500
MNRO,20070815,15.572,16.2167,15.568,15.648,43400
MNST,20070815,7.5383,7.57,7.3233,7.3783,1436000
MNTA,20070815,10.36,10.75,9.95,10.41,512600
MOCO,20070815,11.31,11.35,10.53,11.33,4600
MORN,20070815,57.81,58.77,56.96,57.26,171100
MOSY,20070815,6.51,6.66,6.38,6.6,63400
MPEL,20070815,12.22,12.25,10.86,11.25,5537600
MPET,20070815,1.33,1.43,1.33,1.39,224200
MPWR,20070815,18.61,19.15,18.52,18.78,495400
MRCY,20070815,11.84,12.37,11.83,11.95,111300
MRLN,20070815,16.8,16.93,16.74,16.79,37400
MRTN,20070815,11.0933,11.2667,10.78,10.8467,176400
MRVC,20070815,2.31,2.35,2.23,2.31,2017600
MRVL,20070815,17.28,17.54,16.87,16.94,9189400
MSBF,20070815,10.15,10.19,10,10.19,600
MSCC,20070815,23.82,24.13,22.88,22.93,1867100
MSEX,20070815,18.29,18.74,18.15,18.41,43200
MSFG,20070815,16.65,17.03,16.38,16.44,40400
MSFT,20070815,28.24,28.99,28.05,28.1,48119800
MSON,20070815,4.4,4.49,4.2,4.24,34700
MSTR,20070815,69.8,72.22,69.75,70.5,260200
MTEX,20070815,87.5,89.1,84.1,84.6,268100
MTRX,20070815,19.74,20.49,18.8,18.86,679300
MTSC,20070815,40.07,41.34,40.05,40.14,86900
MTSL,20070815,1.14,1.14,1.14,1.14,5200
MU,20070815,11.49,11.75,11.04,11.06,20549300
MVIS,20070815,37.6,38.96,37.44,37.92,582300
MXIM,20070815,30.17,30.58,29.63,29.69,3953300
MXWL,20070815,13.11,13.15,12.56,12.96,52400
MYGN,20070815,20.54,21.3,20.235,20.235,535600
NAII,20070815,6.69,7.1,6.64,6.96,15000
NANO,20070815,7.29,7.53,7.11,7.12,63600
NATH,20070815,17.45,17.87,17.45,17.45,13800
NATI,20070815,20.74,21.5733,20.7133,21.1067,285600
NAVG,20070815,47.65,48.55,47.33,47.33,132200
NAVI,20070815,7.95,7.97,7.57,7.7,63600
NBIX,20070815,10.32,10.48,9.53,9.57,1323400
NBTB,20070815,19.37,20.48,19.37,19.62,197000
NCIT,20070815,16.85,17.06,16.47,16.82,7500
NCMI,20070815,22.91,24.06,22.53,22.63,336500
NCTY,20070815,41.97,42.09,37.81,37.98,834700
NDAQ,20070815,32.52,32.52,30.81,30.97,4068100
NDSN,20070815,23.21,24.05,22.905,22.935,173900
NEOG,20070815,9.5307,9.836,9.2729,9.2818,36300
NEON,20070815,5.4,6.22,5.4,5.88,24000
NEPT,20070815,3.75,3.75,3.6,3.6,200
NEWS,20070815,10.4,11.04,9.7,9.75,239900
NEWT,20070815,8.3,8.4,7.9,8.4,29900
NFLX,20070815,2.5043,2.5571,2.4843,2.4914,775200
NICE,20070815,33.55,33.62,33.11,33.18,224000
NICK,20070815,8.8,8.91,8.55,8.8,40200
NIHD,20070815,73.93,75.55,70.97,71.11,1822200
NILE,20070815,82.03,83.02,77.01,77.67,573900
NKSH,20070815,19.99,20.1,19.1,19.5,1300
NKTR,20070815,8.51,8.64,8.35,8.45,2123400
NLST,20070815,1.97,2.06,1.85,1.85,65200
NMRX,20070815,7.85,9,7.85,8.14,38000
NNBR,20070815,9.24,9.27,9.05,9.05,76400
NOVN,20070815,16.74,16.78,16.11,16.22,558500
NRIM,20070815,27.47,27.47,27.01,27.24,800
NSEC,20070815,17.04,17.04,17.04,17.04,100
NSIT,20070815,23.3,24.02,22.98,23.84,547600
NSSC,20070815,5.75,5.76,5.61,5.61,155400
NSYS,20070815,6.96,7.39,6.96,7.39,200
NTAP,20070815,23.95,24.75,23.51,24.16,13437900
NTCT,20070815,9.46,9.57,9.27,9.49,85300
NTEC,20070815,1.65,1.68,1.62,1.63,92600
NTES,20070815,14.31,14.85,14.13,14.3,2729300
NTGR,20070815,28.56,29.7,28.21,29.05,763000
NTRI,20070815,51.55,52.76,50.14,50.19,771700
NTRS,20070815,60.73,62.17,59.95,60.51,1558000
NTWK,20070815,15.6,15.8,15.4,15.5,24400
NUAN,20070815,18.3,18.89,18.01,18.15,3155000
NURO,20070815,189.6,189.6,182.88,184.32,347000
NUTR,20070815,14.82,14.82,14.27,14.29,16600
NUVA,20070815,28.78,30,28.78,28.84,411300
NVAX,20070815,3.22,3.29,2.92,2.95,425000
NVDA,20070815,29.988,30.415,28.834,28.874,11590000
NVEC,20070815,31.63,32.47,31.63,31.79,68100
NVGN,20070815,7.13,7.49,7.07,7.31,24600
NVLS,20070815,25.93,26.6,25.63,26,5002300
NVMI,20070815,2.3,2.65,2.3,2.55,121100
NWFL,20070815,31,31,31,31,4100
NWPX,20070815,32.56,32.99,32.11,32.17,79600
NXST,20070815,8.45,8.64,8.4,8.44,119000
NXTM,20070815,13.09,13.59,13,13.17,313300
NYMX,20070815,5.01,5.09,4.81,4.9,20300
NYNY,20070815,23.15,23.7,21.9,22.05,215200
OBAS,20070815,18.8,19.1,17.55,17.55,6600
OBCI,20070815,2.27,2.3,2.2,2.2,34200
OCFC,20070815,14.74,15.7,14.68,15.33,61700
OCLS,20070815,288.75,310.1,287,300.3,77300
ODFL,20070815,12.1555,12.6578,11.8889,11.9155,387200
OFIX,20070815,45.91,46.61,44.64,44.87,123400
OFLX,20070815,15.32,15.32,14.83,15.05,3700
OIIM,20070815,13.64,13.84,13.15,13.18,145800
OKSB,20070815,20.08,21.64,20.08,20.41,112000
OLBK,20070815,9.62,9.62,9.05,9.05,11400
OLED,20070815,11.59,11.69,11.59,11.68,54400
OMAB,20070815,25.16,25.52,24.52,24.78,50000
OMCL,20070815,24.16,24.65,23.53,23.68,271600
OMEX,20070815,70.08,71.04,66.6,68.4,368500
ONEQ,20070815,97.85,98.98,96.65,96.65,13800
ONVI,20070815,8,8.3,8,8.28,20300
OPHC,20070815,312,312,312,312,0
OPOF,20070815,22.25,22.25,20.97,22,9500
OPTT,20070815,123.9,126.1,120.8,122.3,69400
OPXA,20070815,18.04,18.04,18.04,18.04,100
ORBC,20070815,7.56,8.21,7.56,8,913400
ORBK,20070815,20.77,21.1,20.77,20.99,63800
OREX,20070815,137,145,135.4,139,30100
ORIT,20070815,13.26,13.9,13.2,13.6,103800
ORLY,20070815,33.41,33.41,32.11,32.19,697500
OSBC,20070815,26.24,26.7,25.81,25.81,60300
OSBCP,20070815,9.95,9.95,9.95,9.95,0
OSHC,20070815,10.76,10.76,10.76,10.76,0
OSIR,20070815,12.63,13.05,12.5,12.53,80500
OSIS,20070815,24.67,25.63,24.64,24.79,227800
OSTK,20070815,20.58,21.79,19.51,19.68,459100
OSUR,20070815,9.09,9.53,9.09,9.17,377700
OTEX,20070815,9.295,9.565,9.015,9.345,520400
OTIV,20070815,4.87,4.96,4.7,4.8,78300
OTTR,20070815,33.76,35.02,33.5,33.52,120100
OVBC,20070815,25,25,25,25,1000
OZRK,20070815,7,7.185,7,7.085,60900
PAAS,20070815,26.4,26.42,25.06,25.12,1803100
PANL,20070815,15.01,15.42,14.75,14.82,340100
PATK,20070815,10.2733,10.4667,10.2733,10.3,3200
PAYX,20070815,44.48,44.92,43.82,44,4451200
PBCT,20070815,15.8,16.28,15.61,15.96,2182600
PBHC,20070815,10.29,10.29,10.28,10.28,500
PBIB,20070815,22.3,22.3,22.22,22.22,700
PBIP,20070815,13,13.07,13,13,5600
PCAR,20070815,53.914,55.461,52.166,52.453,1838500
PCBK,20070815,14.87,15.24,14.77,14.84,19000
PCLN,20070815,73.08,75.74,72.91,75.37,1601700
PCTI,20070815,7.3,7.48,7.2,7.28,122300
PCYO,20070815,7.54,7.68,7.29,7.32,9200
PDCO,20070815,37.12,37.7,36.86,36.91,753300
PDEX,20070815,1.66,1.66,1.61,1.62,500
PDFS,20070815,9.9,9.96,9.75,9.75,228400
PDLI,20070815,22.64,23.2,22.06,22.1,2440000
PEBK,20070815,17.62,17.84,17.62,17.73,1400
PEBO,20070815,25.13,25.83,24.5,24.6,42500
PEGA,20070815,5.48,5.715,5.44,5.575,123700
PEIX,20070815,186.6,188.25,180.15,184.2,396100
PENN,20070815,56.2,56.66,55.62,56.18,441000
PERY,20070815,27.11,27.54,26,26.21,135600
PESI,20070815,13.5,13.5,12.75,13.05,53100
PETS,20070815,14.25,14.37,13.95,13.97,195000
PFBC,20070815,39.09,39.74,38.75,39.3,66200
PFBI,20070815,14.01,14.04,14,14.02,400
PFBX,20070815,21.09,21.09,21.09,21.09,100
PFIN,20070815,10.75,10.75,10.67,10.7,2600
PFSW,20070815,1.05,1.05,1,1.03,169100
PGNX,20070815,22.85,24.28,22.72,22.97,343500
PGTI,20070815,10.27,10.7,10.27,10.31,49400
PHII,20070815,29.08,29.08,28.37,28.37,210100
PHIIK,20070815,28.3,30.1,28.3,28.32,55400
PHMD,20070815,5,5,4.75,4.75,112900
PICO,20070815,42.11,44.24,41.68,41.81,188400
PKBK,20070815,16.09,17.04,16.09,16.1,1800
PKOH,20070815,25.62,26.42,24.59,24.59,68000
PLAB,20070815,11.86,12.14,11.62,11.75,695300
PLBC,20070815,12.75,13,12.74,13,1700
PLCE,20070815,31.11,31.97,30.99,31.11,926500
PLPC,20070815,45.89,48,45.21,45.21,2500
PLUG,20070815,2.52,2.61,2.45,2.55,374200
PLUS,20070815,7.63,7.63,7.63,7.63,0
PLXS,20070815,22.11,23.03,22.11,22.22,472500
PMBC,20070815,17.93,17.93,16.07,16.16,42500
PNBK,20070815,200,200.6,200,200,400
PNFP,20070815,25.5,26.55,25.07,25.09,60600
PNNT,20070815,13.01,13.24,12.75,12.8,323000
PNRA,20070815,44.08,44.95,43.44,43.54,844600
PNRG,20070815,54.41,54.45,54.41,54.41,200
PNTR,20070815,8.5,8.6,8.39,8.39,15000
PODD,20070815,15,15.59,14.54,15,92900
POOL,20070815,33.42,33.9,33.21,33.39,617400
POWI,20070815,26.5,27,25.04,25.25,248000
POWL,20070815,32.85,32.85,30.65,30.67,51500
PPBI,20070815,10.4,10.4,10.04,10.04,3600
PPHM,20070815,0.62,0.63,0.6,0.62,503800
PRAA,20070815,16.7,17.1467,16.2967,16.5867,197800
PRAN,20070815,17.04,17.04,15.54,15.66,6700
PRCP,20070815,8.42,8.75,8.42,8.67,45500
PRFT,20070815,21.94,22.14,21.02,21.09,631700
PRFZ,20070815,54,54.5,52.95,52.95,401600
PRGS,20070815,19.7267,20.4733,19.6933,19.7667,223700
PRGX,20070815,13.61,14.2,13.22,13.47,73600
PRKR,20070815,122.8,129,118.3,123,99400
PROV,20070815,18.31,18.31,18.02,18.07,10600
PRSC,20070815,29,29.31,28.41,28.43,73800
PRTS,20070815,8.7,8.99,8.43,8.53,49000
PRXL,20070815,21.35,21.72,20.89,20.95,162900
PSDV,20070815,0.81,0.86,0.72,0.83,193600
PSEC,20070815,15.15,16.22,14.76,15.25,128300
PSMT,20070815,20.9,21.15,20.42,20.42,53300
PSTI,20070815,6,8,6,6,53900
PTEN,20070815,22.62,22.71,21.84,21.93,3797000
PTIE,20070815,8.91,9.18,8.78,8.8,132100
PTNR,20070815,15,15.42,14.83,14.88,364100
PTSI,20070815,18.08,18.62,18.05,18.09,27500
PVTB,20070815,29.8,30.22,28.55,29.07,182600
PWOD,20070815,31.15,31.2,31.15,31.2,900
PXLW,20070815,1.06,1.15,1.05,1.09,154800
PZZA,20070815,12.45,13.1,12.39,12.905,350900
QBAK,20070815,23.22,23.22,22.98,22.98,600
QCLN,20070815,22.4,23.33,22.4,22.45,134300
QCOM,20070815,37.7,37.98,35.76,36.09,35633100
QCRH,20070815,14.5,14.5,14.19,14.19,500
QDEL,20070815,14.62,15.31,14.12,14.9,364100
QGEN,20070815,16.98,17.1,16.77,16.78,646000
QLTI,20070815,6.04,6.19,5.81,5.9,1449700
QQEW,20070815,21.72,21.83,21.37,21.38,23700
QQQ,20070815,46.68,47.09,45.81,45.9,214854100
QQQX,20070815,17.56,17.94,17,17.08,95600
QQXT,20070815,21.02,21.02,21.02,21.02,0
QSII,20070815,19.16,19.405,18.91,18.95,364100
QTEC,20070815,21.28,21.41,20.98,21.02,10900
QUIK,20070815,3.2,3.23,3.14,3.15,137500
RADA,20070815,3.6,3.98,3.58,3.96,33200
RAIL,20070815,42.32,43.39,41.57,41.62,523100
RAND,20070815,4.06,4.06,3.94,4.02,1100
RARE,20070815,26.81,27.36,26.72,26.75,354700
RAVN,20070815,17.89,19,17.58,18.045,91800
RBCAA,20070815,14.79,15.05,14.75,14.89,60400
RBPAA,20070815,20.18,20.5,19.58,19.74,31800
RCII,20070815,18.73,19.19,18.71,18.74,1580200
RCKY,20070815,10.01,10.32,9.63,9.79,126200
RCMT,20070815,8,8,7.36,7.36,43900
RDCM,20070815,0.79,0.83,0.79,0.81,26400
RDNT,20070815,8.59,9.1,8.5,8.87,170800
RDWR,20070815,6.75,6.985,6.75,6.815,77100
RECN,20070815,30.68,31.7,30.11,30.15,415000
REFR,20070815,13.5,13.69,12.75,12.79,148500
REGN,20070815,16.76,17.22,16.18,16.22,558700
RELL,20070815,8.12,8.65,7.75,7.75,94000
RELV,20070815,73.43,73.57,68.25,69.65,71600
REXX,20070815,9.11,9.11,8.75,9,90100
RFIL,20070815,2.755,2.775,2.725,2.75,8600
RGCO,20070815,13.515,13.97,13.515,13.79,400
RGEN,20070815,4.15,4.15,4,4.13,34400
RGLD,20070815,27.98,28.6,27.4,27.65,539900
RICK,20070815,10.25,10.25,9.38,9.41,94500
RIGL,20070815,8.72,9.5,8.72,8.77,154700
RLOG,20070815,5.75,5.97,5.75,5.85,11500
RMBS,20070815,13.23,13.6,13,13.04,2210200
RMCF,20070815,15.74,16.01,15.73,15.79,5500
RMTI,20070815,5.61,5.61,5.45,5.5,4700
RNST,20070815,18.92,20.1,18.5,18.51,53800
RNWK,20070815,5.69,5.78,5.5,5.56,7024700
ROCK,20070815,18.08,18.59,17.85,18.16,392100
ROIA,20070815,3.93,4.02,3.78,3.86,58800
ROIAK,20070815,3.74,3.95,3.64,3.84,842400
ROLL,20070815,35.52,36.48,35.39,35.56,205900
ROSG,20070815,93.6,93.75,93.6,93.75,1400
ROST,20070815,6.78,6.815,6.47,6.5275,3075900
RPRX,20070815,12.97,13.13,12.77,12.77,56000
RRGB,20070815,37.67,39.2,37.44,38.01,504900
RSYS,20070815,10.75,11.28,10.75,10.92,178600
RTIX,20070815,10.72,11.38,10.69,10.7,107400
RUSHA,20070815,16.928,17.689,16.842,16.962,173300
RUSHB,20070815,15.488,16.061,15.281,15.348,31900
RUTH,20070815,16.28,16.89,16.23,16.43,399200
RVSB,20070815,14.4,14.67,13.62,14.37,69200
RYAAY,20070815,40,40.27,38.88,39,543000
SAFM,20070815,39.61,40.59,39.03,39.08,290000
SAFT,20070815,33.36,34.29,33.05,33.06,138200
SAIA,20070815,12.0667,12.2,11.7533,11.8133,341000
SALM,20070815,7.61,8.21,7.61,7.81,199900
SANM,20070815,1.94,2.06,1.93,1.99,5825500
SASR,20070815,28.33,29.22,28.32,28.32,69600
SBAC,20070815,31.25,31.36,30.22,30.44,4510300
SBBX,20070815,12.59,12.6,12.32,12.5,1200
SBCF,20070815,89.55,96.6,89.55,92.6,53800
SBGI,20070815,12.27,12.41,12.05,12.21,479500
SBNY,20070815,31.16,32.81,31.05,31.7,193900
SBSA,20070815,2.89,2.92,2.81,2.86,259200
SBSI,20070815,18.8286,20.4381,18.8286,18.9714,46900
SBUX,20070815,13.505,13.665,13.25,13.285,14940500
SCHL,20070815,32.69,33.14,32.17,32.19,545200
SCHN,20070815,52.09,53.02,49.65,49.86,363900
SCKT,20070815,0.95,0.95,0.88,0.88,18100
SCLN,20070815,1.92,1.93,1.75,1.77,284600
SCMP,20070815,11.91,12.44,11.5,12.09,3100
SCON,20070815,279,279,271.8,275.4,26700
SCOR,20070815,21.98,23.04,21.98,22.55,68300
SCSC,20070815,27.94,28.63,27.85,28.07,251700
SCSS,20070815,15.3,15.31,14.64,14.66,1179200
SCVL,20070815,13.7667,14.0733,13.5667,13.64,77100
SEAC,20070815,6.26,6.84,6.26,6.49,237400
SEED,20070815,8.54,8.75,8.53,8.72,101700
SEIC,20070815,25.05,25.76,24.64,24.69,1037200
SENEA,20070815,26.7,26.7,26.7,26.7,0
SENEB,20070815,27,27,27,27,0
SFBC,20070815,14.44,14.44,14.29,14.44,2100
SFLY,20070815,25.85,26.05,23.78,24.1,460900
SFNC,20070815,25.12,26,24.23,24.23,35900
SFST,20070815,19.69,19.69,19.69,19.69,100
SGEN,20070815,10.34,10.78,10.24,10.5,450100
SGMA,20070815,9.98,9.98,9.76,9.82,1900
SGMO,20070815,9.96,10.34,9.9,10.2,480900
SGMS,20070815,35.12,35.91,34.1,34.24,975400
SGRP,20070815,1.02,1.02,1.02,1.02,100
SHBI,20070815,23.17,23.41,23.14,23.27,1100
SHEN,20070815,17.6755,18.009,17.5755,17.5755,14400
SHLD,20070815,137.2,137.4,133.51,134.22,3186900
SHLM,20070815,20.05,21.07,19.81,19.85,202400
SHLO,20070815,10.03,10.49,9.8,10.23,10100
SHOO,20070815,7.3955,7.5081,7.1289,7.1467,465600
SHOR,20070815,14.51,14.94,13.72,13.86,243300
SIEB,20070815,3.58,3.58,3.26,3.36,1700
SIFI,20070815,10.2,10.24,10.2,10.2,2300
SIFY,20070815,7.38,7.78,7.21,7.21,264500
SIGI,20070815,20.45,21.07,19.94,19.95,496600
SIGM,20070815,31.83,32.39,30.8,30.89,977200
SILC,20070815,19.85,20.5,19.41,19.66,130000
SIMO,20070815,17.84,18.11,17.53,17.81,491600
SINA,20070815,38.13,38.64,37.6,38.11,916500
SIRI,20070815,2.91,2.96,2.88,2.88,22959600
SIVB,20070815,52.53,54.3,51.2,52.31,582000
SIVBO,20070815,23.76,23.94,23.58,23.94,1500
SKYW,20070815,24.02,24.49,22.68,22.74,622300
SLAB,20070815,35.63,36.22,35.48,35.5,1084300
SLGN,20070815,25.96,26.04,24.84,24.89,159700
SLMAP,20070815,46,46,40.9,44.3,3700
SMBC,20070815,7.35,7.35,7.35,7.35,0
SMCI,20070815,8.68,8.9,8.68,8.7,40500
SMIT,20070815,7.61,7.76,7.56,7.65,9000
SMMF,20070815,19.24,19.24,19.24,19.24,200
SMRT,20070815,9.3,9.49,9.08,9.1,434000
SMSI,20070815,60.08,62.64,55.6,56.4,2000800
SMTC,20070815,16.5,16.59,15.74,15.76,999200
SMTX,20070815,2.29,2.3,2.13,2.21,378400
SNAK,20070815,2.72,2.73,2.61,2.63,8700
SNBC,20070815,79.3,83.1,77.15,80.55,90500
SNCR,20070815,30,30.81,28.27,28.39,1051000
SNFCA,20070815,4.5,4.51,4.5,4.5,700
SNHY,20070815,17.2667,17.5333,16.4333,16.6067,192000
SNMX,20070815,11.94,12.98,11.94,12.79,318200
SNPS,20070815,24.64,25.4,24.64,24.76,1428800
SNSS,20070815,18.42,19.2,18,18.36,24100
SOFO,20070815,1.87,1.95,1.87,1.9,167300
SOHU,20070815,31.7,32.38,31.11,31.31,281700
SONA,20070815,12.65,12.65,12.62,12.62,200
SONC,20070815,21.73,22.31,21.71,21.76,599900
SONS,20070815,29.75,30,27.55,28.2,8065600
SORL,20070815,7.15,7.15,6.77,7,34300
SPAN,20070815,15.96,17.15,15.6,15.77,37800
SPAR,20070815,12.96,13.37,12.59,12.59,497800
SPEX,20070815,760,798,748.6,794.2,27900
SPIL,20070815,9.52,9.57,9.08,9.14,2099900
SPLS,20070815,22.46,23.37,22.37,22.61,7068400
SPNC,20070815,13.43,13.75,13.29,13.67,376200
SPNS,20070815,2.22,2.28,2.17,2.28,3900
SPPI,20070815,4.4,4.5,4.26,4.39,370000
SPRT,20070815,5.06,5.15,4.8,4.84,212500
SPTN,20070815,26.25,26.63,25,25.06,278700
SPWR,20070815,70.98,71.62,68.05,68.74,1027000
SRCE,20070815,21.04,22.64,21.04,22,74700
SRCL,20070815,48.15,49.28,47.26,47.41,548300
SRDX,20070815,49,50.17,48.2,49.47,111100
SSBI,20070815,9.97,9.97,9.97,9.97,200
SSFN,20070815,15.6,15.6,15.6,15.6,500
SSRI,20070815,34,34.36,30.99,31.12,1419300
SSYS,20070815,23.41,24.79,23.305,24.005,131100
STAA,20070815,3.28,3.37,3.18,3.31,69300
STBA,20070815,32.3,32.88,31.21,31.6,55700
STEM,20070815,25.56,26.88,25.2,25.92,423800
STFC,20070815,27.25,28.07,26.85,26.85,51700
STKL,20070815,12.29,12.93,12.29,12.43,507200
STLD,20070815,19.025,19.11,18.29,18.3,1960600
STLY,20070815,16.44,16.77,15.99,16.63,97800
STMP,20070815,11.94,12.08,11.91,11.92,210800
STRA,20070815,154.1,155.49,152.25,152.58,150000
STRL,20070815,21.82,22,21.6,21.62,76300
STRM,20070815,3.01,3.01,2.95,2.97,11400
STRS,20070815,30.14,31.84,30.14,30.75,12700
STRT,20070815,47,47,46.55,47,3100
SUMR,20070815,4.96,5.04,4.64,4.8,35100
SUNW,20070815,4.67,4.72,4.64,4.65,75745700
SVBI,20070815,12.98,12.98,12.75,12.88,3600
SWHC,20070815,18.66,18.66,17.75,18.16,1032100
SWIR,20070815,19.77,20.12,19,19.05,707000
SWKS,20070815,7.47,7.62,7.15,7.18,4123400
SYBT,20070815,16.3533,16.9933,16.3533,16.4667,39200
SYKE,20070815,16.48,16.72,16.16,16.18,230100
SYMC,20070815,17.76,18.37,17.76,17.87,18646900
SYNA,20070815,38.63,39.32,37.63,37.76,591500
SYNL,20070815,20.65,21.1,19.96,20.34,159300
SYNT,20070815,18.73,18.75,17.68,17.805,206300
SYPR,20070815,8.3,8.57,8.12,8.4,20400
SYUT,20070815,28.6,29.59,28.6,28.75,25600
TACT,20070815,5.99,6.09,5.91,5.93,8400
TAIT,20070815,1.98,1.98,1.79,1.79,18800
TASR,20070815,14.11,14.43,13.71,13.8,2550700
TAST,20070815,10.35,10.49,10.2,10.2,136900
TAYD,20070815,6.51,6.52,6.4,6.46,12600
TBBK,20070815,19.26,19.84,19.12,19.5,118300
TCBI,20070815,20.34,21.28,20.3,20.32,134700
TCBK,20070815,21.06,22.35,21.06,21.85,95900
TCX,20070815,4,4.36,3.96,4.08,171200
TEAM,20070815,11.5,11.7,11.5,11.53,4600
TECD,20070815,34.75,35.1,34.25,34.25,766400
TECH,20070815,60.76,62.46,60.76,61.28,122600
TESO,20070815,29,29.25,28.4,28.53,138000
TESS,20070815,8.2067,8.8333,8.2067,8.8333,124100
TFSL,20070815,10.6,10.97,10.5,10.84,1197500
TGEN,20070815,1.55,1.7,1.54,1.56,42000
THFF,20070815,27.17,28.24,26.99,26.99,28600
THLD,20070815,0.8,0.85,0.74,0.78,76700
THRM,20070815,8.2,8.35,7.98,8.02,108400
TICC,20070815,12.03,12.67,11.77,11.83,300600
TINY,20070815,10.51,10.96,10.48,10.76,114800
TISA,20070815,3.22,3.41,3.13,3.32,43700
TIVO,20070815,5.83,5.95,5.65,5.8,1500100
TLT,20070815,86.65,86.75,86.25,86.25,1101700
TORM,20070815,2.07,2.22,2.06,2.11,6800
TRIB,20070815,10.2,10.58,10.04,10.53,29000
TRMB,20070815,18.38,18.73,17.75,17.81,776100
TRMK,20070815,24.97,25.98,24.66,24.81,213200
TRNS,20070815,7.33,7.48,7.09,7.48,1300
TROW,20070815,48.88,50.19,48.15,48.35,1612000
TRST,20070815,9.75,10.29,9.75,9.84,324900
TRUE,20070815,19.3,19.31,19.3,19.31,1100
TSBK,20070815,15.51,15.69,15.5,15.69,700
TSCO,20070815,11.555,11.6625,11.35,11.545,563800
TSEM,20070815,23.25,23.25,21.45,21.45,901000
TSRA,20070815,33.65,34.02,32.64,33.14,628000
TSRI,20070815,4.01,4.08,4,4.04,2200
TTEC,20070815,33.07,33.54,31.19,31.26,510800
TTEK,20070815,19.99,20.42,18.9,19.05,1554000
TTGT,20070815,12.27,12.78,12.06,12.4,106700
TTMI,20070815,10.16,10.57,9.94,10.06,243300
TTWO,20070815,13.5,13.5,12.57,12.6,2922800
TUES,20070815,10.55,11.31,10.41,10.48,441100
TWER,20070815,59,61,56,56,87700
TWIN,20070815,26.875,27.61,26.27,26.27,60100
TWMC,20070815,4.48,4.59,4.47,4.56,6800
TXN,20070815,32.9,33.09,32.17,32.32,18650400
TXRH,20070815,12.12,12.41,12.12,12.23,661100
TYPE,20070815,12.01,12.13,12,12,20600
TZOO,20070815,18.45,18.76,17.67,17.68,215300
UBCP,20070815,10.57,10.57,10.57,10.57,0
UBFO,20070815,18.78,19.95,18.78,19.12,25200
UBNK,20070815,11.14,11.34,11.04,11.19,12600
UBOH,20070815,15,15,15,15,700
UBSH,20070815,21.58,22.88,21.18,21.18,31500
UBSI,20070815,27.2,28.7,27.06,27.31,120700
UCBA,20070815,12.1,12.1,12,12,9200
UCBI,20070815,23.48,24.52,23.15,23.67,417300
UCFC,20070815,6.81,6.94,6.72,6.76,101800
UCTT,20070815,14.3,14.68,14.09,14.29,279200
UEIC,20070815,27.71,28.24,26.59,26.71,191400
UEPS,20070815,22.77,23.31,22.29,22.33,282500
UFCS,20070815,37.34,39,37.02,37.83,159600
UFPI,20070815,35.54,36.65,35,35.02,149500
UFPT,20070815,5.17,5.25,5.12,5.15,7500
UHAL,20070815,60.5,62,58.83,59,64000
ULBI,20070815,12.08,12.17,12.06,12.17,44500
ULTI,20070815,31.91,32.82,31.63,31.67,182900
UMBF,20070815,38.5,40.45,38.5,39.18,220800
UMPQ,20070815,21.41,22.17,21.25,21.46,558900
UNAM,20070815,12.14,12.14,12.14,12.14,0
UNFI,20070815,28.82,29.39,28.18,28.25,558500
UNTY,20070815,10.37,10.48,10.37,10.41,1700
URBN,20070815,20.44,21.55,20.43,21,2799000
URRE,20070815,981.6,1024.8,928.8,962.4,683600
USAK,20070815,16.06,16.25,15.87,15.96,37300
USAP,20070815,31.58,32.92,30.9,31.21,77100
USAT,20070815,9.36,9.39,8.83,8.93,90600
USEG,20070815,29.52,29.94,28.02,28.68,114200
USLM,20070815,33.24,33.55,33.24,33.5,1400
UTEK,20070815,12.81,13.29,12.79,12.9,251100
UTHR,20070815,32.345,32.875,32.3,32.34,433000
UTMD,20070815,30.97,31.88,30.57,31.48,7100
UTSI,20070815,8.28,8.7,7.98,8.25,2216000
UVSP,20070815,21.97,23.18,21.5,22.73,18500
VALU,20070815,51.55,51.9,50.09,50.61,6300
VASC,20070815,8.37,8.63,8.34,8.42,34200
VBFC,20070815,254.24,254.24,254.24,254.24,0
VDSI,20070815,27.25,28.83,27.1,27.45,1216500
VECO,20070815,15.54,16.3,15.54,16.02,1135300
VIA,20070815,37.83,39.09,37.52,37.58,77100
VIAB,20070815,37.75,39.11,37.5,37.59,2773200
VICL,20070815,49.1,49.9,47.5,49.7,54000
VICR,20070815,12.33,12.67,12,12.06,158800
VIRC,20070815,5.26,5.35,5.2,5.34,6600
VIVO,20070815,25.18,25.76,24.9,25.16,339100
VLGEA,20070815,21.69,22,21.51,21.51,5900
VNDA,20070815,15.64,16.08,15.16,15.26,1023400
VOD,20070815,31.58,31.8,31.08,31.12,1560000
VOXX,20070815,10.37,10.71,10.35,10.37,131600
VRSN,20070815,28.69,30.36,28.61,29.51,39408900
VRTB,20070815,17.8,17.96,16,16.28,158700
VRTU,20070815,13.52,13.7,12.01,12.09,41700
VRTX,20070815,34.9,36.76,34.7,34.9,1737600
VSAT,20070815,30.44,31.26,30.09,30.19,159700
VSEC,20070815,19.38,19.38,18.31,18.455,66600
VVUS,20070815,5.09,5.25,5.02,5.07,520000
WABC,20070815,44.1,46.16,43.12,43.22,341600
WAFD,20070815,24.37,25.11,24.04,24.11,1014500
WASH,20070815,24.1,25.56,24.01,24.71,30500
WAYN,20070815,12.58,12.58,12.58,12.58,0
WBMD,20070815,51.35,52.2,49.73,50.44,195900
WDC,20070815,19.57,20.74,19.54,19.98,5132900
WDFC,20070815,34.27,35.91,34.27,34.56,66400
WERN,20070815,19.31,19.79,19.19,19.2,786400
WEYS,20070815,28.11,29.81,28.11,29.09,15000
WFM,20070815,20.675,21.15,20.625,20.75,2528100
WILC,20070815,7.7,7.94,7.61,7.88,5700
WINA,20070815,19.25,19.9,19.01,19.35,7600
WINS,20070815,5.73,5.79,5.72,5.76,43400
WIRE,20070815,25.14,25.6,24.05,24.14,447500
WLDN,20070815,9.82,10.1,9.76,9.98,26200
WLFC,20070815,13.25,13.25,13.08,13.17,2600
WMAR,20070815,14.05,14.52,13.87,13.87,153000
WMGI,20070815,25.35,25.94,25.3,25.51,296100
WOOF,20070815,39.22,40.55,39.22,39.51,427900
WPCS,20070815,1715.56,1721.72,1575.42,1578.5,54900
WPPGY,20070815,70,70.32,68.68,68.77,64500
WRLD,20070815,29.56,30.41,29.26,29.42,423100
WSBC,20070815,23.86,25,23.76,23.91,121600
WSCI,20070815,4.48,4.58,4.14,4.15,43600
WSFS,20070815,19.12,20.0267,19.0167,19.3567,28100
WSTG,20070815,14.53,14.65,14.34,14.34,6300
WSTL,20070815,2.06,2.3,2,2.17,452900
WTBA,20070815,16,16,15.71,15.72,15900
WTFC,20070815,39.1,40.99,38.8,38.98,211800
WVFC,20070815,16.4,16.4,16.4,16.4,700
WVVI,20070815,6.6,6.73,6.5,6.7,7200
WYNN,20070815,112.26,117.69,111.41,114.47,2211400
XLNX,20070815,24.55,25.11,24.25,24.34,8724100
XOMA,20070815,44.6,46.8,42.8,43,1218400
XRAY,20070815,38.22,38.58,37,37.05,793000
XTLB,20070815,1.63,1.68,1.5,1.54,257000
XXIA,20070815,8.97,9.36,8.94,9.04,191000
YHOO,20070815,23.56,24,23.25,23.32,18769400
YORW,20070815,17.25,17.81,17.2,17.68,2900
YRCW,20070815,30.75,31.56,30.06,30.14,1607600
ZBRA,20070815,34.62,35.14,34.56,34.66,515500
ZEUS,20070815,23.78,24.43,23.07,23.08,143700
ZION,20070815,70.69,73.32,69.17,69.33,1714000
ZIOP,20070815,4.09,4.25,4.01,4.14,27600
ZIXI,20070815,1.79,1.85,1.75,1.78,201000
ZUMZ,20070815,39.7,41.66,39.3,39.96,910800
