<ticker>,<date>,<open>,<high>,<low>,<close>,<vol>
AAME,20130125,3.34,3.4,3.25,3.3,5400
AAON,20130125,10.3155,10.3289,10.0045,10.04,88900
AAPL,20130125,64.5271,65.1757,62.1429,62.84,43141900
AAWW,20130125,47.05,47.17,46.56,46.82,149700
AAXJ,20130125,60.4,60.4,59.91,60.25,647200
ABAX,20130125,40.5,40.78,39.57,39.9,74400
ABCB,20130125,13.29,13.29,12.96,13.18,26800
ABCD,20130125,1.26,1.28,1.21,1.22,28300
ABCO,20130125,53.87,54.54,53.04,53.88,224900
ABIO,20130125,16.8,16.8,15.54,15.96,44800
ABMD,20130125,13.12,13.21,12.93,13.19,470600
ABTL,20130125,4,4.11,3.99,4.05,10100
ACAD,20130125,6,6.25,5.85,6.19,3403000
ACAS,20130125,12.97,13.19,12.94,13.1,3375200
ACAT,20130125,37.06,38.48,37.06,38.32,229800
ACET,20130125,10.38,10.58,10.35,10.45,103600
ACFC,20130125,3.7,3.71,3.6,3.67,4300
ACGL,20130125,45.76,45.76,45.1,45.32,534500
ACHC,20130125,26.63,26.79,25.99,26.3,490800
ACHN,20130125,9.32,9.42,9.17,9.36,419900
ACIW,20130125,15.71,15.71,15.5133,15.6167,107100
ACLS,20130125,5.4,5.6,5.2,5.52,681800
ACNB,20130125,16.08,16.24,16.08,16.18,800
ACOR,20130125,29.48,29.54,29.11,29.43,589900
ACPW,20130125,4.05,4.06,3.97,4.01,83600
ACRX,20130125,5.35,5.45,4.82,5.14,347600
ACST,20130125,24.9,26.5,24.5,24.8,18600
ACTG,20130125,25.68,25.83,25.29,25.71,310400
ACTS,20130125,2.12,2.16,1.92,1.98,151700
ACUR,20130125,2.1,2.1,1.91,1.98,306600
ACWI,20130125,49.93,50.05,49.82,50.05,594500
ACWX,20130125,43.15,43.19,42.97,43.18,247900
ACXM,20130125,18.57,18.75,18.33,18.51,240700
ADBE,20130125,38.04,38.53,38.02,38.32,3272900
ADES,20130125,11.27,12.185,11.16,11.815,143000
ADI,20130125,43.8,43.98,43.55,43.8,2142300
ADP,20130125,52.6601,52.6778,52.2651,52.5811,1451900
ADRA,20130125,26.9,26.9,26.6,26.63,1800
ADRD,20130125,21.98,22.06,21.9,21.96,15600
ADRE,20130125,40.97,41.17,40.87,41.05,48700
ADRU,20130125,21.85,21.92,21.85,21.92,3300
ADSK,20130125,39.5,40,38.9,38.99,8054700
ADTN,20130125,20.8,20.84,20.31,20.63,674900
ADUS,20130125,8.25,8.4,8.13,8.3,57100
AEGN,20130125,23.84,23.97,23.46,23.76,156700
AEGR,20130125,28.12,28.65,27.99,28.44,358900
AEHR,20130125,0.89,0.97,0.89,0.89,3500
AEIS,20130125,15.01,15.42,14.97,15.42,305000
AEPI,20130125,63.18,63.55,62.72,63,23700
AETI,20130125,5,5,5,5,2300
AEY,20130125,2.3,2.3,2.25,2.26,4900
AEZS,20130125,262,262,256,259,253900
AFAM,20130125,19.75,19.89,19.4,19.67,49000
AFSI,20130125,16.615,16.76,16.515,16.68,205400
AGEN,20130125,4.23,4.23,4.13,4.17,41700
AGII,20130125,37.23,37.6,36.62,36.89,83600
AGIIL,20130125,25.15,25.15,25.04,25.06,18700
AGNC,20130125,31.66,31.78,31.25,31.33,4017500
AGNCP,20130125,26.1,26.21,26,26.19,16600
AGYS,20130125,8.37,8.37,8.22,8.25,30000
AHGP,20130125,50.93,51,49.84,50.25,50400
AHPI,20130125,2.74,2.74,2.7,2.7,1100
AIMC,20130125,24,24.76,23.9,24.21,201700
AINV,20130125,8.91,8.94,8.78,8.81,1424400
AIRM,20130125,43.98,44.35,43.61,44.12,305800
AIRT,20130125,8.82,8.9,8.57,8.9,2300
AIXG,20130125,14.39,14.52,14.29,14.46,80800
AKAM,20130125,40.8,41.49,40.69,41.15,2563600
AKRX,20130125,14.4,14.55,14.31,14.46,517200
ALCO,20130125,40.05,40.49,39.23,39.63,4600
ALGN,20130125,27.82,28.61,27.58,28.59,1209800
ALGT,20130125,73.38,74.5,73.22,74.01,139000
ALIM,20130125,1.72,1.76,1.7,1.7,7800
ALKS,20130125,21.9,22.08,21.8,22.02,735700
ALLT,20130125,13.86,14.26,13.72,14.17,608800
ALNY,20130125,24,24.78,23.88,24.77,650100
ALOG,20130125,78.28,78.7,77.42,78.48,161600
ALOT,20130125,10.21,10.21,10,10.09,15700
ALSK,20130125,1.93,1.94,1.81,1.83,953500
ALXN,20130125,94.9,95.44,93.7,94.68,1437900
AMAG,20130125,15.75,15.98,15.6,15.76,84000
AMAT,20130125,12.76,12.98,12.74,12.83,18953000
AMBA,20130125,11.71,11.9,11.52,11.84,77100
AMCC,20130125,9.14,9.37,9.14,9.34,451000
AMCN,20130125,2.3,2.43,2.05,2.2,35300
AMCX,20130125,58.77,60.95,57.7,58.16,828200
AMD,20130125,2.84,2.93,2.82,2.85,33659600
AMED,20130125,11.55,11.85,11.54,11.6,333200
AMGN,20130125,82.73,83.43,82.09,83.42,7235100
AMKR,20130125,4.79,4.95,4.75,4.78,868700
AMNB,20130125,20.43,20.43,20.03,20.13,6000
AMOT,20130125,6.85,6.85,6.7,6.8,11700
AMOV,20130125,24.87,25,24.75,24.95,5600
AMRB,20130125,7.13,7.15,7.06,7.06,2200
AMRI,20130125,5.88,6,5.61,5.96,142500
AMRN,20130125,8.45,8.51,8.32,8.39,2328700
AMRS,20130125,3.14,3.18,3.02,3.16,503300
AMSC,20130125,27.9,28,27,27.5,300700
AMSF,20130125,28.6,28.6,28.05,28.45,84500
AMSG,20130125,31.85,31.85,31.47,31.65,79500
AMSWA,20130125,8.6,8.6,8.46,8.54,20900
AMWD,20130125,27.85,28.19,27.23,27.81,117900
AMZN,20130125,275,284.72,274.4,283.99,4974900
ANAT,20130125,77.18,78.02,76.85,77.14,28200
ANCB,20130125,14,14.1,14,14.1,5400
ANCX,20130125,15.05,15.5,14.94,15.04,36000
ANDA,20130125,9.95,9.95,9.95,9.95,200
ANDAU,20130125,10.05,10.05,10.05,10.05,0
ANDAW,20130125,0.25,0.25,0.25,0.25,0
ANDE,20130125,31.04,31.06,30.62,31,64900
ANGI,20130125,11.64,11.75,11.55,11.68,336500
ANGO,20130125,12.39,12.4,12.15,12.24,135500
ANIK,20130125,10.45,10.66,10.4,10.55,74700
ANSS,20130125,73,73.54,72.89,73.52,207400
ANTH,20130125,5.28,5.36,5.04,5.12,15345400
AOSL,20130125,8.9,8.9,8.66,8.78,47000
APEI,20130125,38.42,38.84,37.47,38.16,77900
APOG,20130125,25.45,25.49,25.16,25.36,131700
APOL,20130125,20.73,20.79,20.1,20.7,2259300
APPY,20130125,16.56,16.72,15.68,16,147400
APRI,20130125,24.8,27,24.4,26.6,264800
APWC,20130125,4.13,4.26,4.05,4.25,15700
ARAY,20130125,5.06,5.12,5.02,5.1,292500
ARCC,20130125,17.79,17.85,17.66,17.77,1402200
ARCI,20130125,1.4,1.4,1.36,1.36,3900
ARCW,20130125,2.372,2.372,2.372,2.372,0
AREX,20130125,26.17,26.3,25.69,25.83,442800
ARIA,20130125,19.4,19.96,19.39,19.88,4242400
ARII,20130125,37.56,37.6,35.32,36.45,303000
ARKR,20130125,17.19,17.19,17.13,17.19,2000
ARLP,20130125,32.2,32.38,31.5,32,76600
ARNA,20130125,8.73,8.78,8.62,8.71,5345000
AROW,20130125,24.15,24.36,23.6,23.75,226400
ARQL,20130125,2.51,2.52,2.46,2.49,697000
ARRS,20130125,16.81,16.85,16.66,16.77,847200
ARRY,20130125,3.9,3.93,3.85,3.88,419500
ARTNA,20130125,23.01,23.32,22.45,22.5,19000
ARTW,20130125,6.82,6.82,6.71,6.71,800
ARTX,20130125,1.01,1.01,0.95,1,6600
ARWR,20130125,2,2.05,1.95,1.99,296400
ASBB,20130125,16.95,16.95,16.95,16.95,100
ASCMA,20130125,63.22,63.46,62.61,63.27,42200
ASFI,20130125,9.49,9.49,9.45,9.48,4300
ASML,20130125,72.69,74.24,72.52,74.04,3442900
ASNA,20130125,16.7,17.04,16.66,16.88,1415300
ASPS,20130125,92.19,92.8,90.44,91.59,99500
ASRV,20130125,2.92,3.02,2.91,2.91,9400
ASRVP,20130125,26.2,26.2,26.2,26.2,0
ASTC,20130125,0.87,0.9,0.85,0.89,12600
ASTE,20130125,35.19,35.22,34.8,35.21,113700
ASUR,20130125,6.81,6.81,6.65,6.76,4000
ASYS,20130125,4.03,4.07,4.02,4.02,15800
ATAI,20130125,5.6,5.72,5.4,5.54,10600
ATAX,20130125,7.17,7.2,7.1,7.1,65200
ATEC,20130125,20.52,20.52,19.8,20.04,27200
ATHN,20130125,89.67,90.34,88.46,89.07,323900
ATHX,20130125,1.28,1.28,1.23,1.25,492100
ATLC,20130125,3.38,3.39,3.18,3.24,19600
ATLO,20130125,21.4,21.56,21.17,21.4,8700
ATNI,20130125,43.78,44.12,42.59,42.91,103900
ATOS,20130125,66.15,66.15,63.75,65.4,4500
ATRC,20130125,7.53,7.64,7.46,7.62,64600
ATRI,20130125,199.4,199.44,199.4,199.44,900
ATRO,20130125,19.1,19.1917,19,19.15,73800
ATRS,20130125,3.92,3.96,3.75,3.85,1595000
ATSG,20130125,4.51,4.56,4.34,4.44,159800
ATTU,20130125,7.55,8.1,7.2,8.04,96400
ATVI,20130125,11.35,11.41,11.3,11.39,4060100
AUBN,20130125,21.06,21.25,21,21,3200
AUDC,20130125,3.75,3.75,3.7,3.72,29100
AVAV,20130125,22.91,23.01,22.75,22.93,149700
AVEO,20130125,7.75,7.9,7.72,7.8,594800
AVGO,20130125,33.83,34.28,33.82,34.16,3508800
AVHI,20130125,14.81,14.99,14.5,14.7,44300
AVID,20130125,7.41,7.42,7.26,7.27,130100
AVNW,20130125,44.4,44.4,42.96,43.44,254000
AWRE,20130125,5.59,5.92,5.52,5.87,39300
AXAS,20130125,2.2,2.2,2.12,2.14,619600
AXDX,20130125,4.23,4.23,4.22,4.22,4500
AXTI,20130125,2.92,2.93,2.84,2.9,74700
AZPN,20130125,28.67,29.12,28.5,29,285600
BABY,20130125,12.31,12.33,12.08,12.1,128800
BANF,20130125,41.25,41.26,39.13,40.18,43900
BANFP,20130125,26.3,26.3,26.3,26.3,0
BANR,20130125,30.12,30.34,29.8,30.15,204600
BASI,20130125,1.54,1.6,1.54,1.6,18400
BBBY,20130125,59.44,59.95,58.84,59.78,3212400
BBGI,20130125,5,5.02,4.9,4.96,10200
BBOX,20130125,24.84,24.84,23.98,24.22,36100
BBRG,20130125,13.73,14.24,13.69,14.1,343600
BBRY,20130125,18.09,18.24,17.4,17.54,57585500
BBSI,20130125,41.5,41.6,40.06,40.39,35800
BCBP,20130125,9.68,9.7,9.62,9.64,1000
BCOM,20130125,4.43,4.43,4.43,4.43,0
BCOR,20130125,14.5,14.76,14.5,14.65,776500
BCOV,20130125,8.74,8.82,8.55,8.7,187700
BCPC,20130125,38.34,38.49,38.02,38.41,59300
BCRX,20130125,1.57,1.62,1.53,1.6,370000
BDE,20130125,8.86,8.86,8.46,8.55,103600
BDGE,20130125,20.57,20.59,20.26,20.34,8700
BDSI,20130125,4.25,4.31,4.19,4.31,127600
BEAT,20130125,2.24,2.24,2.13,2.17,12500
BEAV,20130125,51.14,51.79,50.81,51.73,683900
BEBE,20130125,4.14,4.15,4.06,4.09,367200
BECN,20130125,36.68,37.24,35.98,36.87,445900
BELFA,20130125,16.62,16.62,16.62,16.62,0
BELFB,20130125,18.24,18.39,17.9,18,32600
BFIN,20130125,7.69,7.69,7.4,7.51,10700
BGCP,20130125,3.61,3.71,3.57,3.67,1701300
BGFV,20130125,13.99,14.14,13.77,13.85,110900
BIB,20130125,16.16,16.415,16.08,16.37,13100
BICK,20130125,25.65,25.65,25.49,25.56,12700
BIDU,20130125,108.08,109.53,107.5,108.01,2864900
BIIB,20130125,146.52,147.49,144.55,146.2,1182900
BIOC,20130125,18.12,18.12,17.85,18.12,2600
BIOL,20130125,2.73,2.8,2.73,2.78,38800
BIOS,20130125,11.9,11.99,11.74,11.79,546800
BIS,20130125,59.19,59.2,58.06,58.06,1800
BJRI,20130125,33.56,33.56,32.68,32.84,398600
BKCC,20130125,10.52,10.52,10.4,10.41,429700
BKEP,20130125,7.99,8.12,7.75,7.85,40100
BKEPP,20130125,8.65,8.65,8.65,8.65,0
BKMU,20130125,4.91,4.91,4.82,4.83,72000
BKSC,20130125,11.67,11.67,11.67,11.67,0
BLDP,20130125,0.68,0.7,0.68,0.68,112100
BLDR,20130125,6.3,6.32,6.16,6.3,411700
BLIN,20130125,7.6,7.85,7.55,7.6,45900
BLKB,20130125,25.22,25.47,25.02,25.27,142300
BLMN,20130125,18.41,18.5,17.8,18.28,1121500
BLMT,20130125,12.94,12.95,12.8,12.95,3200
BLRX,20130125,3.75,3.84,3.54,3.58,179500
BMRC,20130125,39.43,39.43,38.9,39.31,8100
BMRN,20130125,54.61,55.51,54.61,55.4,890400
BMTC,20130125,22.51,22.51,21.87,22.27,143700
BNCL,20130125,9.34,9.4,9.3,9.35,82900
BNCN,20130125,8.19,8.22,8.05,8.22,49600
BNSO,20130125,1.38,1.41,1.38,1.41,17300
BOBE,20130125,45.36,45.36,44.26,44.5,118100
BOCH,20130125,4.94,4.94,4.8,4.83,12700
BOFI,20130125,7.5375,7.5925,7.49,7.5425,127700
BOKF,20130125,56.26,56.35,55.7,55.95,80600
BONT,20130125,13.48,13.95,13.36,13.56,166300
BOOM,20130125,15.86,16.08,15.53,15.99,65200
BOSC,20130125,4.48,4.48,4.17,4.17,19300
BOTJ,20130125,6.28,6.86,6.25,6.86,2600
BPFH,20130125,9.45,9.53,9.26,9.33,279300
BPFHW,20130125,4.49,4.49,3.05,3.06,3000
BPOP,20130125,26.06,26.32,25.61,26.18,2231800
BPOPM,20130125,23.15,23.15,22.9,22.9,1400
BPOPN,20130125,23.52,23.97,23.52,23.96,300
BRCD,20130125,5.74,5.79,5.7,5.73,2545700
BREW,20130125,6.53,6.53,6.26,6.39,22500
BRID,20130125,6.48,6.48,6.48,6.48,700
BRKL,20130125,8.94,8.95,8.82,8.88,212700
BRKR,20130125,16.83,17.17,16.7,17.17,375100
BRKS,20130125,9.41,9.58,9.32,9.58,430000
BSET,20130125,13.89,13.89,13.73,13.84,30300
BSFT,20130125,34.8,35.8,34.15,35.65,242200
BSPM,20130125,7.21,7.63,7.21,7.42,25600
BSQR,20130125,3.52,3.58,3.52,3.57,9500
BSRR,20130125,12.42,12.49,12.07,12.34,13400
BSTC,20130125,15.37,15.37,15.02,15.25,16500
BUR,20130125,4.62,4.7,4.55,4.55,700
BUSE,20130125,4.63,4.63,4.51,4.52,148300
BV,20130125,7.53,7.86,7.4,7.77,785700
BVSN,20130125,8.22,8.45,8.22,8.33,50800
BWEN,20130125,2.48,2.5,2.33,2.44,80200
BWINA,20130125,23,23.88,23,23.75,900
BWINB,20130125,22.7,22.85,22.52,22.74,70200
BWLD,20130125,78.1,78.46,75.58,76.24,539000
BYFC,20130125,0.99,1.49,0.99,1.23,228000
CA,20130125,24.99,25.29,24.89,25.05,3318800
CAAS,20130125,5.43,5.51,5.23,5.44,34000
CAC,20130125,34.26,34.43,33.48,33.79,14100
CACB,20130125,6.95,6.95,6.77,6.84,5300
CACC,20130125,98.77,98.77,97.14,97.41,21200
CADC,20130125,6.48,6.48,6,6.36,39300
CAKE,20130125,33.42,33.42,33.09,33.23,1092500
CALD,20130125,4.65,4.7,4.55,4.56,76400
CALI,20130125,3.16,3.19,2.92,2.92,90300
CALL,20130125,13.8,13.93,13.5,13.73,568700
CALM,20130125,21.045,21.085,20.855,21.075,65000
CAMP,20130125,8.43,8.54,8.3,8.35,110700
CAMT,20130125,1.35,1.38,1.34,1.35,28600
CAR,20130125,21.61,22.18,21.47,21.99,1109400
CARB,20130125,9.64,9.78,9.43,9.73,73000
CART,20130125,2.52,2.52,2.5,2.5,1000
CARV,20130125,4.28,4.28,4.28,4.28,1500
CARZ,20130125,30.51,30.56,30.26,30.45,4600
CASH,20130125,23.15,23.15,22.96,23.15,2700
CASM,20130125,1.94,1.99,1.94,1.99,1100
CASS,20130125,39.5,39.5,38.51,38.74,45200
CASY,20130125,54.17,54.82,53.7,54.81,209000
CATM,20130125,25.84,26.09,25.69,25.86,260100
CATY,20130125,19.19,19.31,19.03,19.26,412100
CAVM,20130125,31.78,32.17,31.02,31.94,473600
CBAK,20130125,1.8,1.8,1.7,1.74,22600
CBAN,20130125,5.3,5.3,5.15,5.2,1700
CBF,20130125,16.66,16.8,16.64,16.72,176300
CBLI,20130125,30,30,29.2,29.8,127200
CBMX,20130125,63,68.1,63,63.75,164900
CBMXW,20130125,0.28,0.28,0.28,0.28,0
CBOE,20130125,33.35,33.42,33.07,33.39,409300
CBPO,20130125,18.36,19.11,18.36,18.89,22100
CBRL,20130125,64.84,64.84,64.07,64.58,149100
CBSH,20130125,37.41,37.41,37.07,37.17,357400
CCBG,20130125,11.66,11.92,11.65,11.77,7600
CCCL,20130125,25.2,26,24.4,25.2,65500
CCIH,20130125,4.22,4.36,4.21,4.32,66900
CCMP,20130125,37.54,37.75,36.84,37.38,201700
CCNE,20130125,16.8,16.8,16.46,16.6,7100
CCOI,20130125,24.14,24.18,23.77,24.17,189500
CCRN,20130125,5.43,5.46,5.18,5.36,100400
CCUR,20130125,6.15,6.49,6.07,6.47,85000
CCXI,20130125,11.37,11.37,11.23,11.33,8800
CDNS,20130125,13.98,14.22,13.92,14.2,2495500
CDTI,20130125,11.9,12.9,11.5,11.75,156000
CDXS,20130125,2.34,2.36,2.28,2.32,27900
CDZI,20130125,7,7,6.81,6.88,10500
CECE,20130125,10.75,10.84,10.6,10.79,29600
CECO,20130125,3.44,3.52,3.28,3.49,598000
CELG,20130125,48.21,49.95,48.15,49.88,5181700
CELGZ,20130125,7.06,7.15,7,7.15,70500
CEMI,20130125,5.27,5.35,5.21,5.24,15900
CEMP,20130125,6.55,6.79,6.52,6.67,15400
CENT,20130125,9.47,9.54,9.33,9.37,114800
CENTA,20130125,9.51,9.61,9.41,9.44,201500
CENX,20130125,8.96,8.97,8.7,8.86,472800
CERN,20130125,41.665,41.94,41.425,41.69,896700
CERS,20130125,3.01,3.04,2.99,3,150900
CETV,20130125,5.77,5.91,5.68,5.81,84400
CEVA,20130125,17.69,17.9,17.37,17.5,146500
CFBK,20130125,1.7,1.75,1.62,1.62,14500
CFFI,20130125,41.7,41.95,40.26,41.37,4100
CFFN,20130125,11.88,11.9,11.78,11.86,570500
CFNB,20130125,15.79,16,15.54,15.55,1200
CFNL,20130125,16.34,16.34,15.95,16.01,198700
CG,20130125,30.05,31.74,29.74,30.98,191800
CGEN,20130125,5.64,5.65,5.55,5.58,116100
CGNX,20130125,19.68,19.95,19.575,19.95,125600
CGO,20130125,14.43,14.43,14.34,14.37,26200
CHCI,20130125,1.32,1.44,1.3,1.44,51200
CHCO,20130125,36.83,36.83,36.15,36.4,37600
CHDN,20130125,66.48,66.73,65.71,66.26,14700
CHEF,20130125,15.64,15.85,15.5,15.75,41800
CHFC,20130125,24.34,24.34,23.8,24.12,32300
CHFN,20130125,11.13,11.24,11.06,11.23,2700
CHI,20130125,12.62,12.62,12.56,12.61,163800
CHKE,20130125,14.02,14.24,13.96,14.11,12800
CHKP,20130125,49.01,49.35,48.75,49.34,1950500
CHMG,20130125,28.5,28.5,28.5,28.5,100
CHNR,20130125,5.64,5.64,5.64,5.64,100
CHRW,20130125,67.28,67.49,66.58,67.19,733200
CHSCP,20130125,31.22,31.23,30.97,30.97,10700
CHTR,20130125,79.61,80.75,79.15,80.68,928400
CHUY,20130125,26,28.38,25.8,28.27,3286000
CHW,20130125,8.91,8.98,8.88,8.91,278500
CHY,20130125,12.76,12.82,12.72,12.81,216700
CIDM,20130125,13.8,14.1,13.6,13.6,31700
CINF,20130125,42.51,42.83,42.33,42.78,563100
CISG,20130125,6.63,6.69,6.54,6.61,26700
CIZN,20130125,18.55,18.95,18.55,18.78,2500
CJJD,20130125,1.1,1.1,0.91,1.02,13700
CKEC,20130125,15.67,16.55,15.66,16.47,301500
CLBH,20130125,9.15,9.3,9.04,9.3,17300
CLCT,20130125,11.09,11.16,10.9,10.96,41700
CLDX,20130125,7.36,7.38,7.18,7.31,501200
CLFD,20130125,4.96,5,4.91,4.95,6900
CLIR,20130125,4.84,4.9,4.67,4.72,12800
CLMS,20130125,10.03,10.03,9.89,9.96,337100
CLMT,20130125,33,33.05,32.86,32.92,344600
CLNE,20130125,13.4,13.42,13.03,13.19,820200
CLNT,20130125,4.43,4.88,4.35,4.7,407100
CLRO,20130125,6.74,6.87,6.65,6.87,39200
CLSN,20130125,7.56,7.84,7.44,7.72,2873800
CLUB,20130125,10.3,10.36,10.2,10.36,57300
CLVS,20130125,19.9,20.26,19.74,19.99,87400
CLWT,20130125,3.29,3.29,3.29,3.29,200
CMCO,20130125,19,19,17.42,17.48,164000
CMCSA,20130125,39.92,39.92,39.5,39.76,10395400
CME,20130125,57.35,57.71,57.02,57.7,1705100
CMLS,20130125,23.52,24.4,23.12,24.32,1044900
CMTL,20130125,26.51,26.83,26.42,26.54,73800
CNBKA,20130125,31.16,31.89,31.16,31.5,2500
CNET,20130125,0.87,0.87,0.77,0.8,18600
CNIT,20130125,0.96,0.99,0.96,0.99,8000
CNMD,20130125,29.44,29.44,28.96,29.27,125900
CNOB,20130125,11.98,11.99,11.68,11.88,11000
CNSL,20130125,17.17,17.17,16.9,16.96,112100
CNTF,20130125,6.4,6.5,6.25,6.25,122300
CNTY,20130125,2.96,2.97,2.9,2.96,10900
COBZ,20130125,7.47,7.73,7.27,7.73,167900
COHR,20130125,53.95,58.67,52.88,56.78,426600
COHU,20130125,10.58,10.66,10.27,10.31,32700
COKE,20130125,64.9,64.9,64.06,64.26,12800
COLB,20130125,20,20.22,20,20.2,298100
COLM,20130125,25.18,25.705,25.045,25.605,138200
CONE,20130125,22.04,22.5,21.75,21.86,344600
CONN,20130125,28.94,29.02,27.57,27.74,500000
COOL,20130125,28.98,29.4,28.56,29.4,322900
CORE,20130125,12.595,12.6925,12.38,12.585,46600
CORT,20130125,2.06,2.08,1.92,2.08,806800
COST,20130125,102.96,103.13,102.01,102.36,1612700
COWN,20130125,2.66,2.66,2.61,2.66,207800
CPAH,20130125,18.5,22,18.2,19.9,72900
CPHC,20130125,10.32,10.32,10.32,10.32,200
CPIX,20130125,4.11,4.13,4.08,4.08,94900
CPLA,20130125,28.66,28.66,27.75,28.22,46400
CPLP,20130125,8.01,8.08,7.81,7.95,255600
CPRT,20130125,32.47,33.05,32.34,33,860900
CPRX,20130125,0.55,0.57,0.54,0.56,307800
CPSI,20130125,53.01,54.5,52.9,54.21,170900
CPSS,20130125,6.32,6.49,6.16,6.47,56600
CPST,20130125,15.6,15.6,15.2,15.6,1670100
CRAI,20130125,17.68,17.77,17.09,17.65,20300
CRAY,20130125,18.65,18.84,18.2,18.45,323600
CRDS,20130125,46,47,46,46.8,7200
CREE,20130125,41.12,42.76,40.9,41.97,2691900
CREG,20130125,11.2,11.2,10.9,10.9,1000
CRESY,20130125,9.03,9.16,8.86,9.02,87300
CRIS,20130125,3.06,3.21,3.02,3.14,311400
CRME,20130125,2.05,2.1,2,2.05,160600
CRMT,20130125,40.91,40.96,40.35,40.88,60800
CRNT,20130125,4.79,4.89,4.7,4.87,40600
CROX,20130125,14.64,14.94,14.58,14.85,1642400
CRUS,20130125,27.78,30.15,27.63,29.42,10044200
CRVL,20130125,22.265,22.34,21.95,22.3,10600
CRWS,20130125,4.89,4.96,4.89,4.95,68700
CRZO,20130125,21.9,22.39,21.64,21.87,554100
CSBK,20130125,11.5,11.5,11.3,11.36,3300
CSCO,20130125,21.1,21.25,21.05,21.15,28356900
CSFL,20130125,8.68,8.68,8.56,8.65,18100
CSGP,20130125,93,93,91.46,92.27,175500
CSGS,20130125,18.32,18.5,18.04,18.18,334100
CSII,20130125,14.54,14.9,14.46,14.8,76800
CSIQ,20130125,4.59,4.68,4.48,4.5,499800
CSOD,20130125,31.55,32.67,31.47,32.13,217500
CSPI,20130125,6.28,6.34,6.2,6.2,13600
CSQ,20130125,10.39,10.49,10.3,10.42,509400
CSTE,20130125,19.37,19.5,19.25,19.3,85300
CSTR,20130125,48.97,52.78,48.7,52.06,2544000
CSWC,20130125,25.58,25.74,25.475,25.5375,7700
CSX,20130125,22.18,22.45,21.9,22.24,11657500
CTAS,20130125,42.49,42.59,42.01,42.51,442200
CTBI,20130125,33.19,33.19,32.4,32.99,43900
CTHR,20130125,3.9,4.05,3.87,3.98,70400
CTIB,20130125,5.08,5.2,5.03,5.11,4500
CTIC,20130125,1.47,1.49,1.43,1.48,987200
CTRN,20130125,12.5,12.59,12.32,12.57,75400
CTRP,20130125,11,11,9.535,9.82,16065600
CTSH,20130125,38.74,38.945,38.39,38.815,2556400
CTWS,20130125,29.78,29.9,29.52,29.67,54400
CTXS,20130125,69.64,71.71,69.03,71.55,2221700
CUBA,20130125,8.52,8.62,8.49,8.62,18200
CUI,20130125,5.65,5.8,5.65,5.71,28100
CUNB,20130125,12.23,12.23,12.23,12.23,0
CUTR,20130125,10.5,10.5,10.35,10.5,39100
CVBF,20130125,11.01,11.05,10.85,10.98,232700
CVCO,20130125,51.58,51.75,51.05,51.39,34700
CVCY,20130125,8.57,8.79,8.57,8.79,1200
CVGI,20130125,7.67,7.85,7.31,7.63,198800
CVGW,20130125,23.72,24.1,23.36,23.82,140400
CVLT,20130125,74.22,74.74,73.5,74.37,355100
CVLY,20130125,15.59,15.59,15.05,15.38,1900
CVTI,20130125,5.85,6.23,5.84,6.23,28500
CVV,20130125,11.06,11.35,11,11.12,32800
CWBC,20130125,3.77,3.85,3.36,3.56,4400
CWCO,20130125,8.7,8.89,8.62,8.87,59000
CWST,20130125,4.3,4.5,4.3,4.34,160400
CXDC,20130125,4.15,4.31,4.11,4.26,53800
CY,20130125,10.05,10.09,9.75,9.87,6394600
CYAN,20130125,5.03,5.29,4.96,4.96,8000
CYBE,20130125,6.88,7.31,6.88,7.05,3600
CYCC,20130125,64.32,70.44,61.8,70.2,526500
CYCCP,20130125,10.23,10.26,9.98,10.25,2800
CYNO,20130125,26.49,26.51,26.07,26.2,132000
CYOU,20130125,31.72,31.72,29.61,29.92,343400
CYTK,20130125,6.3,6.6,6.3,6.3,485200
CYTR,20130125,2.13,2.18,2.09,2.09,165700
CYTX,20130125,40.95,42.15,40.5,41.85,310700
CYTXW,20130125,1.45,1.45,1.45,1.45,1400
CZFC,20130125,9.25,9.25,9.25,9.25,200
CZNC,20130125,19.6,19.67,19.45,19.55,11800
CZR,20130125,7.93,8.11,7.87,8.11,728900
CZWI,20130125,6.2,6.21,6.2,6.2,1700
DAIO,20130125,1.71,1.77,1.66,1.69,6100
DAKT,20130125,11.8,11.84,11.56,11.65,137100
DAVE,20130125,9.07,9.25,9,9.04,14300
DCIX,20130125,54.72,54.96,54.16,54.56,258200
DCOM,20130125,13.69,14.21,13.69,13.87,264200
DCTH,20130125,23.2,23.68,22.72,23.2,1105900
DENN,20130125,5.19,5.23,5.1,5.2,569000
DEPO,20130125,6.24,6.24,6.1,6.21,212100
DEST,20130125,23,23,22.74,22.98,39900
DFRG,20130125,15.85,16.26,15.78,15.97,16700
DFVS,20130125,38.78,39.05,38.78,39.05,600
DGAS,20130125,19.53,19.59,19.4,19.59,6900
DGICA,20130125,13.13,13.44,13.06,13.3,14800
DGICB,20130125,18.75,18.75,18.75,18.75,0
DGII,20130125,9.48,9.7,9.11,9.63,165900
DGLY,20130125,3.73,3.73,3.58,3.59,1300
DHIL,20130125,70,70.71,69.01,70.01,15000
DHRM,20130125,1.87,1.92,1.87,1.87,17900
DIOD,20130125,19.15,19.37,18.89,19.26,119300
DISCA,20130125,68.37,69.08,68.22,69,907400
DISCB,20130125,66.97,66.97,66.97,66.97,0
DISCK,20130125,31.375,31.445,31.06,31.4,430700
DISH,20130125,36.86,37.82,36.65,37.73,3596200
DJCO,20130125,99.5,99.5,97.09,97.09,700
DLBS,20130125,29.93,30.32,29.84,30.24,19900
DLHC,20130125,1.13,1.13,1.03,1.04,39000
DLTR,20130125,41.1,41.31,40.77,41.05,2941900
DMLP,20130125,22.25,22.32,22.16,22.21,23500
DMRC,20130125,22,22.09,21.51,21.74,14800
DNBF,20130125,15.9,16.19,15.9,16.19,8400
DNKN,20130125,36.75,37.22,36.37,36.85,716700
DORM,20130125,36.72,37.02,36.24,36.91,332400
DRAD,20130125,1.89,1.89,1.79,1.82,54700
DRAM,20130125,6.84,8.1,6.66,7.2,39900
DRRX,20130125,1.13,1.14,1.07,1.09,300000
DRWI,20130125,56,57.5,55.25,55.75,79200
DRYS,20130125,3225,3240,3165,3195,2454400
DSCI,20130125,12.24,12.41,12.2,12.41,31200
DSGX,20130125,9.53,9.53,9.39,9.41,1900
DSPG,20130125,6.2,6.22,6.1,6.19,25400
DSWL,20130125,2.55,2.55,2.45,2.54,8900
DTLK,20130125,8.94,9.11,8.76,8.89,122500
DTSI,20130125,19.22,19.46,18.92,19.01,41800
DTUS,20130125,40.43,40.71,40.43,40.71,4700
DTYS,20130125,27.61,28.06,27.61,28.02,16200
DVAX,20130125,30.6,30.8,29.9,30.4,1183100
DWCH,20130125,13.24,13.57,12.85,13.14,30200
DWSN,20130125,26,26.74,25.96,26.73,53100
DXCM,20130125,14.97,15.55,14.86,15.5,727900
DXLG,20130125,4.4,4.54,4.35,4.53,122500
DXPE,20130125,55.18,56,54.38,55.98,41200
DXYN,20130125,4,4.21,4,4.21,18100
DYNT,20130125,3.73,3.73,3.35,3.61,27700
DYSL,20130125,1.14,1.19,1.04,1.09,27900
EA,20130125,14.31,14.92,14.31,14.77,3965900
EAC,20130125,10.25,10.62,10.25,10.43,19800
EAGL,20130125,10,10.01,9.97,9.98,416100
EAGLW,20130125,0.95,1.14,0.95,1.09,473700
EBAY,20130125,23.5789,23.8568,23.5453,23.8021,13331000
EBIX,20130125,16.88,17.08,16.65,16.8,325200
EBMT,20130125,10.82,10.84,10.73,10.75,16400
EBSB,20130125,7.067,7.1405,7.0507,7.0874,9500
EBTC,20130125,16.77,17.08,16.54,16.87,7300
ECHO,20130125,18.87,18.87,18.48,18.78,91400
ECOL,20130125,23.72,23.75,23.03,23.31,57000
ECPG,20130125,29,30.04,29,29.63,715000
ECYT,20130125,9.56,9.7,9.39,9.46,196400
EDAP,20130125,2.72,2.85,2.67,2.68,122000
EDGW,20130125,4.15,4.18,4.15,4.15,39100
EDUC,20130125,3.88,3.98,3.88,3.91,6000
EEFT,20130125,24.84,24.92,24.54,24.69,118000
EEI,20130125,13.22,13.25,12.9,13,1500
EEMA,20130125,57.35,57.35,56.58,56.83,8700
EFII,20130125,21.03,23.3,21,22.61,1976700
EFSC,20130125,13.64,13.79,13.36,13.39,35700
EFUT,20130125,3.91,3.91,3.91,3.91,500
EGAN,20130125,7.1,7.25,6.9,7.15,74400
EGBN,20130125,21.75,22.4,21.75,22.11,65300
EGHT,20130125,7.6,7.6,6.75,7.08,4944900
EGLE,20130125,752.4,781.2,752.4,774,71200
EGOV,20130125,16.73,16.89,16.4,16.6,236400
EGT,20130125,1.99,2.1,1.98,2.01,28500
EHTH,20130125,25.56,25.8,24.77,25.03,94900
ELGX,20130125,15.19,15.68,15.13,15.63,981900
ELNK,20130125,6.6,6.67,6.55,6.62,569400
ELON,20130125,22.9,23.3,22.1,22.6,120200
ELOS,20130125,9.45,9.8,9.39,9.66,116400
ELSE,20130125,3.76,3.76,3.76,3.76,200
ELTK,20130125,1.27,1.27,1.25,1.26,1500
EMCB,20130125,81.93,81.93,81.17,81.38,41900
EMCF,20130125,21,21,21,21,0
EMCI,20130125,16.8533,17.04,16.7067,16.7867,9100
EMIF,20130125,35.81,35.81,35.62,35.73,5100
EMITF,20130125,104.4,104.4,102,102,1200
EMKR,20130125,5.55,5.79,5.41,5.76,365400
EML,20130125,16.08,16.08,15.37,15.79,20600
EMMS,20130125,7.8,7.8,7.52,7.52,128000
ENDP,20130125,28.38,28.56,28.2,28.51,1677000
ENG,20130125,0.61,0.64,0.61,0.62,58000
ENOC,20130125,15.1,15.3,14.81,15.01,232700
ENPH,20130125,3.75,3.75,3.65,3.68,74300
ENSG,20130125,14.33,14.34,14.075,14.295,77300
ENTG,20130125,9.74,9.95,9.71,9.94,1620700
EPAY,20130125,28.98,29.82,28.87,29.8,350700
EQIX,20130125,223.45,226.34,221.96,225.25,460000
ERIC,20130125,10.74,10.79,10.65,10.72,8122900
ERIE,20130125,69.61,70.21,69.41,69.75,60200
ERII,20130125,3.41,3.6,3.36,3.52,97600
ESBK,20130125,23.14,23.14,23.14,23.14,200
ESCA,20130125,5.48,5.51,5.42,5.47,7700
ESEA,20130125,1.04,1.04,1.01,1.04,40000
ESGR,20130125,120.66,121.03,119.31,120.97,18600
ESIO,20130125,10.66,10.84,10.48,10.66,117400
ESLT,20130125,38.53,38.53,38.28,38.37,2100
ESMC,20130125,1.01,1.01,1.01,1.01,5800
ESRX,20130125,53.42,54.2,53.29,54.16,6900800
ESSA,20130125,11.02,11.02,10.75,10.81,18700
ETFC,20130125,10,10.36,9.87,10.33,11719400
ETRM,20130125,41.85,43.65,41.7,42.9,332900
EUFN,20130125,21.27,21.27,21.11,21.24,60300
EVBS,20130125,5.44,5.6,5.43,5.5,3600
EVEP,20130125,57.3,58.4,57,58.07,277800
EVK,20130125,2.01,2.01,2,2,2400
EVOL,20130125,6.24,6.48,6.21,6.48,39600
EWBC,20130125,23.29,23.55,23.12,23.46,860600
EXA,20130125,9.92,10.08,9.6,9.99,35500
EXAC,20130125,18.75,18.96,18.63,18.8,48100
EXAS,20130125,11.46,11.52,11.35,11.42,381400
EXEL,20130125,4.63,4.78,4.58,4.78,1776000
EXFO,20130125,5.3,5.38,5.26,5.37,13800
EXLS,20130125,29.62,29.88,29.44,29.75,53000
EXPD,20130125,43.44,43.56,43.08,43.54,1503900
EXPE,20130125,63.41,66.86,63.41,66.49,2729000
EXPO,20130125,27.745,27.745,27.075,27.305,40200
EXTR,20130125,3.55,3.63,3.53,3.61,492200
EZPW,20130125,23.41,23.55,23.19,23.47,317300
FALC,20130125,2.63,2.71,2.57,2.7,66900
FANG,20130125,21.55,22.71,21.55,22,71100
FARM,20130125,13.25,14.03,13.25,13.66,64000
FARO,20130125,32.92,33.63,32.8,33.09,109400
FAST,20130125,48.59,48.99,48.31,48.96,1529700
FB,20130125,31.41,31.93,31.13,31.54,54363500
FBIZ,20130125,23.51,23.55,23.26,23.52,3200
FBMS,20130125,10,10.25,10,10.25,5200
FBNC,20130125,12.64,12.69,12.25,12.39,48500
FBNK,20130125,14.08,14.08,13.96,14.04,19300
FBRC,20130125,16.08,16.28,15.84,16.2,133800
FBSS,20130125,12.2,12.2,12.1,12.1,1300
FCAP,20130125,19.98,19.98,19.98,19.98,0
FCBC,20130125,15.88,15.98,15.57,15.75,23500
FCCO,20130125,9,9.13,9,9,2100
FCCY,20130125,9,9,9,9,0
FCEL,20130125,13.56,13.92,13.44,13.8,812900
FCNCA,20130125,169.53,173.49,168.81,171.72,13100
FDEF,20130125,20.26,20.26,19.57,20.05,8600
FDML,20130125,9.49,9.7,9.4,9.47,250600
FDUS,20130125,17.47,17.97,17.46,17.6,64500
FEIM,20130125,8.98,9.25,8.92,9.22,7300
FELE,20130125,33.005,33.005,32.495,32.88,35400
FES,20130125,2.65,2.65,2.52,2.53,49600
FFBC,20130125,15.15,15.15,14.83,14.93,158700
FFBCW,20130125,5.45,5.45,4.75,4.75,3400
FFHL,20130125,1.75,1.86,1.5,1.53,27700
FFIC,20130125,15.41,15.41,15.12,15.22,77200
FFIN,20130125,21.27,21.27,20.595,20.775,91800
FFIV,20130125,103.54,106.17,103.54,105.43,1804100
FFKT,20130125,14.05,14.34,14.05,14.3,39900
FFNW,20130125,8.03,8.03,7.84,7.99,5000
FHCO,20130125,7.62,7.67,7.52,7.59,62900
FIBK,20130125,16.23,16.41,16.03,16.07,38100
FINL,20130125,18.19,18.5,18.19,18.33,585100
FISI,20130125,19.45,19.5,19.13,19.25,15000
FISV,20130125,40.435,40.56,40.165,40.425,676200
FITB,20130125,16.42,16.46,16.25,16.37,5722500
FIVE,20130125,34.98,35.04,33.86,34.5,445000
FIZZ,20130125,14,14.06,13.85,13.96,78900
FLAT,20130125,61.6,61.66,61.51,61.54,800
FLDM,20130125,16.12,16.46,16.12,16.38,56500
FLEX,20130125,6.1,6.45,6.06,6.44,18317900
FLIC,20130125,19.7467,19.7867,19.3333,19.4533,6400
FLIR,20130125,24.25,24.34,24.08,24.19,818800
FLML,20130125,4.1,4.1,4.05,4.09,28400
FLWS,20130125,3.81,3.81,3.73,3.76,73600
FLXS,20130125,23.22,23.22,22.35,22.91,6500
FMBI,20130125,12.79,12.8,12.64,12.68,335200
FMNB,20130125,6.58,6.6,6.28,6.5,9900
FNGN,20130125,32.41,33.1,32.08,32.66,462800
FNHC,20130125,5.51,5.51,5.51,5.51,0
FNLC,20130125,16.64,16.72,16.44,16.56,23600
FNSR,20130125,13.95,14.7,13.92,14.31,3901000
FOLD,20130125,3.7,3.72,3.56,3.62,461100
FONE,20130125,26.75,26.75,26.53,26.56,1200
FONR,20130125,5.48,5.68,5.47,5.68,20500
FORD,20130125,1.92,1.98,1.85,1.85,29800
FORM,20130125,5.07,5.13,5.02,5.06,147700
FORR,20130125,27.3,27.61,27.3,27.6,77100
FORTY,20130125,16.98,16.98,16.32,16.82,27400
FOSL,20130125,107,107.49,105.63,107.46,640100
FRAN,20130125,28.69,29.25,28.5,28.75,560500
FRBK,20130125,2.2,2.21,2.2,2.21,8600
FRED,20130125,12.95,13.05,12.93,13.01,756400
FRGI,20130125,17.62,18.08,17.56,18.07,43900
FRME,20130125,14.92,14.92,14.57,14.77,101100
FRP,20130125,9.52,9.93,9.52,9.84,106500
FSBK,20130125,5.85,5.93,5.85,5.85,7700
FSBW,20130125,14.5,14.51,14.26,14.3,6200
FSC,20130125,10.69,10.73,10.62,10.69,1006400
FSFG,20130125,20.8,20.8,20.8,20.8,2800
FSLR,20130125,30.34,30.93,30.08,30.21,2802100
FSTR,20130125,44.25,44.65,42.99,43.59,29900
FTEK,20130125,4.44,4.5,4.41,4.45,46600
FTNT,20130125,20.02,20.92,19.91,20.83,2926600
FTR,20130125,4.47,4.54,4.44,4.46,7441500
FULT,20130125,10.72,10.86,10.71,10.8,1388000
FUNC,20130125,7.09,7.11,7.07,7.1,1400
FUND,20130125,7.08,7.09,7.05,7.08,46800
FWRD,20130125,38.22,38.36,37.92,38.08,91500
GABC,20130125,21.85,21.88,21.47,21.54,57000
GAIA,20130125,3.03,3.28,3.02,3.23,19100
GAIN,20130125,7.38,7.4,7.25,7.34,126100
GALE,20130125,35.2,35.4,34.6,34.8,966200
GALT,20130125,2.45,2.6,2.3,2.38,39400
GALTU,20130125,5.54,5.54,5.54,5.54,0
GALTW,20130125,0.53,0.53,0.53,0.53,0
GASS,20130125,9.85,9.94,9.7,9.85,92000
GBCI,20130125,15.43,15.61,15.12,15.42,330300
GBDC,20130125,16,16.01,15.89,15.92,267900
GBLI,20130125,21.42,21.65,21.16,21.24,17900
GBNK,20130125,10.25,10.25,9.9,10.15,126200
GCBC,20130125,10.64,10.64,10.64,10.64,0
GCVRZ,20130125,1.88,1.9,1.85,1.89,107900
GENC,20130125,5,5.0067,4.9133,4.9133,9800
GENE,20130125,12.5,14.5,12.5,13.1,106600
GEOS,20130125,93.93,93.93,92.06,93.31,29000
GERN,20130125,1.71,1.73,1.64,1.67,1365700
GEVO,20130125,32.4,32.7,30.6,31.05,535200
GFED,20130125,9.58,9.58,8.24,8.91,8800
GFN,20130125,4.88,4.9,4.64,4.89,6100
GGAL,20130125,6.6,6.7,6.5,6.55,55500
GHDX,20130125,29.66,29.81,28.95,28.98,283200
GIFI,20130125,23.99,23.99,23.01,23.23,42100
GIGA,20130125,1.59,1.59,1.59,1.59,0
GIGM,20130125,4.85,4.95,4.85,4.85,20900
GIII,20130125,17.68,18.36,17.68,18.07,76700
GILD,20130125,39.2,39.685,39.185,39.68,4561100
GILT,20130125,5.31,5.33,5.28,5.29,42100
GK,20130125,35.97,36.11,35.31,36,41100
GLAD,20130125,9,9.02,8.87,8.95,87700
GLBS,20130125,9.56,9.56,8.6,8.64,12800
GLBZ,20130125,11.38,11.38,11.35,11.36,4400
GLDD,20130125,9.45,9.52,9.3,9.35,432700
GLNG,20130125,39.95,40.76,39.82,40.47,581500
GLRE,20130125,23.16,23.27,22.71,22.79,229000
GLUU,20130125,2.33,2.35,2.25,2.3,1492300
GMAN,20130125,11.74,11.75,11.56,11.59,81000
GMLP,20130125,31.8,32.21,31.67,32.03,103700
GNCMA,20130125,8.47,8.47,8.07,8.09,61000
GNMA,20130125,50.02,50.04,49.98,50.03,6600
GNMK,20130125,11.19,11.32,11.14,11.32,83800
GNTX,20130125,9.605,9.645,9.5,9.55,877300
GNVC,20130125,1.8,1.8,1.73,1.76,17300
GOLD,20130125,96.04,96.36,94.2,94.77,497900
GOOD,20130125,18.65,18.65,18.36,18.43,46500
GOODO,20130125,25.35,25.35,25.35,25.35,600
GOODP,20130125,25.7,25.7,25.36,25.65,400
GOOG,20130125,375.385,379.24,375.125,376.835,2225800
GPIC,20130125,7.8,7.8,7.73,7.78,6300
GPOR,20130125,41.79,42.36,41.48,41.85,1047600
GPRE,20130125,7.89,8.02,7.88,8,116300
GRFS,20130125,12.795,13.095,12.76,13.025,423800
GRID,20130125,31.6,31.7,31.36,31.7,600
GRIF,20130125,29.8,30.2,28.5,29.91,4400
GRMN,20130125,38.82,39.22,38.62,38.77,1067800
GROW,20130125,4.08,4.39,4.03,4.04,40300
GRPN,20130125,5.18,5.36,5.18,5.27,15949300
GRVY,20130125,10.08,10.24,9.92,10.24,47500
GSBC,20130125,25.82,25.93,25.25,25.37,42400
GSIT,20130125,6.57,6.68,6.45,6.58,34400
GSM,20130125,15.18,15.34,14.85,15.16,240300
GSOL,20130125,7.39,7.49,7.22,7.47,29500
GSVC,20130125,8.55,8.66,8.5,8.6,187300
GT,20130125,13.66,13.98,13.66,13.87,2436400
GTIM,20130125,2.9,2.9,2.79,2.79,6100
GTLS,20130125,63.72,66.29,63.53,66.18,543800
GTWN,20130125,11.3,11.3,11.3,11.3,500
GTXI,20130125,4.98,4.99,4.8,4.87,68300
GUID,20130125,12.87,13,12.81,12.99,102700
GULF,20130125,15.74,15.74,15.74,15.74,16600
GURE,20130125,1.22,1.24,1.22,1.23,44600
GYRO,20130125,73.65,74.75,73.14,74.75,5900
HA,20130125,6.64,6.64,6.51,6.53,880400
HAFC,20130125,15.9,16.11,15.71,16,344000
HAIN,20130125,27.605,28.77,27.595,28.755,1011100
HALL,20130125,9.03,9.04,8.81,8.91,29200
HALO,20130125,8.34,8.44,8.18,8.31,754500
HAS,20130125,37.42,37.66,36.6,37.31,7321800
HAYN,20130125,50.42,50.49,49.63,50.34,62200
HBAN,20130125,7.04,7.04,6.92,6.93,7991300
HBANP,20130125,1260,1260,1260,1260,100
HBCP,20130125,19.3,19.3,19.19,19.22,1300
HBHC,20130125,33,33,31.2,31.46,1329500
HBIO,20130125,4.76,4.8,4.7,4.76,83900
HBK,20130125,11.5,11.5,11.5,11.5,0
HBMD,20130125,6.84,6.84,6.84,6.84,0
HBNC,20130125,13.2,13.28,12.9467,13.14,20700
HCCI,20130125,15.09,15.36,15.04,15.25,11500
HCKT,20130125,3.97,4,3.89,3.9,143800
HCOM,20130125,19.69,19.8,19.55,19.7,13300
HCSG,20130125,24.65,24.65,24.3,24.43,292500
HDNG,20130125,10.86,10.94,10.65,10.8,46000
HDSN,20130125,3.92,3.92,3.75,3.78,40500
HEES,20130125,18.93,19.75,18.77,19.74,180900
HELE,20130125,36.16,36.44,35.95,36.42,97700
HEOP,20130125,5.8,5.8,5.7,5.8,11800
HFBC,20130125,8.81,8.88,8.76,8.83,13800
HFBL,20130125,17.7,17.7,17.7,17.7,0
HFWA,20130125,14.55,14.6,14.31,14.4,13600
HGSH,20130125,3.44,3.71,3.44,3.5,9900
HIBB,20130125,53.57,54.11,53.07,54.05,276300
HIFS,20130125,67.7,67.7,67,67.49,1000
HIHO,20130125,1.8,1.83,1.8,1.83,1200
HIMX,20130125,3,3.04,2.99,3.02,219900
HLIT,20130125,5.6,5.61,5.43,5.46,625800
HMNF,20130125,6.2,6.4,5.2,5.31,91200
HMNY,20130125,3.74,3.8,3.33,3.61,8000
HMST,20130125,25.7,25.7,24.55,25.18,193700
HMSY,20130125,28.54,28.72,28.13,28.3,703700
HNH,20130125,15.85,16.06,15.4,15.51,9000
HNRG,20130125,8.05,8.05,7.77,7.85,6600
HOFT,20130125,14.89,14.91,14.73,14.84,10700
HOLI,20130125,12.85,13.16,12.65,13.06,354400
HOLX,20130125,23.42,23.9,23.27,23.74,2103000
HOMB,20130125,8.815,8.845,8.65,8.755,67400
HOTR,20130125,2.38,2.7,2.38,2.7,800
HOTRW,20130125,0.32,0.32,0.32,0.32,500
HOVNP,20130125,14.6,14.99,14.6,14.9,17500
HPJ,20130125,0.97,1.02,0.95,0.95,19300
HRZN,20130125,15.25,15.39,15.12,15.37,60300
HSIC,20130125,87.53,87.9,87.06,87.79,436800
HSII,20130125,15.34,15.38,15.21,15.36,156500
HSKA,20130125,8.2,8.2,8,8.1,2200
HSNI,20130125,59.38,60.12,59.11,59.55,306200
HSON,20130125,4.67,4.67,4.4,4.43,16100
HSTM,20130125,25.15,25.15,24.77,24.97,81500
HTBI,20130125,13.87,14.02,13.85,13.95,34500
HTBK,20130125,6.83,6.89,6.59,6.6,98100
HTHT,20130125,17.9,18.12,17.51,17.81,142600
HTLD,20130125,14.07,14.19,13.85,13.91,531800
HTLF,20130125,26.13,26.2,25.72,26.06,26800
HUBG,20130125,37.34,37.4,36.96,37.1,478500
HURC,20130125,29,29.2,28.62,28.89,14200
HURN,20130125,33.23,33.28,32.92,33.26,52700
HWAY,20130125,10.51,10.51,10.28,10.4,185200
HWBK,20130125,7.75,7.9,7.75,7.9,800
HWCC,20130125,11.35,11.35,10.96,11.06,131600
HWKN,20130125,39.42,39.42,37.83,38.16,54400
HYGS,20130125,8.26,8.34,8.25,8.28,4400
HZNP,20130125,2.34,2.35,2.3,2.35,237400
IART,20130125,42.49,43.12,42.44,42.74,66900
IBB,20130125,145.38,146.12,144.36,146.04,405200
IBCP,20130125,4.26,4.3,4.04,4.27,37200
IBKC,20130125,52.17,52.17,49.52,51.44,253500
IBKR,20130125,13.71,14,13.66,13.98,1304200
IBOC,20130125,19.82,19.82,19.33,19.62,121400
ICAD,20130125,5.13,5.29,5.1,5.12,27200
ICCC,20130125,3.9,3.95,3.82,3.94,2000
ICFI,20130125,23.49,23.77,22.62,22.8,78700
ICLN,20130125,7.49,7.49,7.41,7.49,9400
ICLR,20130125,29,29.43,28.83,29.21,584300
ICON,20130125,24.08,24.32,23.92,24.04,620100
ICPT,20130125,37.3,38.5,37.3,38.49,42000
ICUI,20130125,63.23,63.95,62.2,63.91,58300
IDCC,20130125,44.9,45.11,44.54,44.7,298700
IDRA,20130125,0.71,0.73,0.7,0.7,27200
IDSA,20130125,3.8,3.8,3.59,3.65,13500
IDSY,20130125,5.58,5.58,5.5,5.55,2200
IDTI,20130125,7.67,7.79,7.67,7.76,1059200
IDXX,20130125,48.425,49.875,48.32,49.73,752800
IEP,20130125,63.9,63.9,62.5,63.1,38400
IESC,20130125,4.52,4.7,4.5,4.5,800
IFEU,20130125,31.04,31.13,31.04,31.13,900
IFGL,20130125,33.63,33.63,33.33,33.45,204900
IFON,20130125,0.61,0.65,0.61,0.64,1600
IGLD,20130125,2.94,3.05,2.92,3.05,1400
IGOV,20130125,102.9,102.95,102.47,102.61,16000
III,20130125,1.1,1.15,1.1,1.15,131700
IIIN,20130125,13.83,13.83,13.7,13.81,77400
IIJI,20130125,12.68,12.79,12.68,12.73,5400
IIN,20130125,4.66,4.66,4.66,4.66,0
IIVI,20130125,17.53,17.72,17.38,17.6,236000
IKNX,20130125,8.05,8.05,8,8,300
ILMN,20130125,50.97,52.25,50.92,52.06,1021200
IMGN,20130125,15.6,15.7,14.51,15.04,1456700
IMI,20130125,9.4,9.6,9.35,9.46,54800
IMKTA,20130125,18,18,17.79,17.98,51600
IMMR,20130125,6.7,6.75,6.47,6.53,42100
IMMU,20130125,2.87,2.87,2.7,2.73,561100
IMMY,20130125,8.25,8.25,8.25,8.25,200
IMOS,20130125,11.1,11.26,11.02,11.19,47100
INAP,20130125,7.11,7.2,7.03,7.15,117800
INCY,20130125,18.34,18.72,18.07,18.7,2089100
INDB,20130125,31.42,31.75,30.73,31.02,122900
INDY,20130125,25.91,26,25.85,25.91,218800
INFI,20130125,35.62,35.86,34.84,35.65,371200
INFN,20130125,6.88,7.13,6.88,7.07,1422300
ININ,20130125,40.43,40.9,40.43,40.75,48500
INOD,20130125,3.62,3.62,3.37,3.47,81800
INSM,20130125,6.26,6.33,6.15,6.25,29300
INTC,20130125,21.04,21.07,20.88,20.96,107633700
INTG,20130125,21.76,21.94,21.76,21.94,1200
INTL,20130125,17.57,17.77,17.1,17.51,69900
INTU,20130125,63.63,64.14,63.48,63.71,1516000
INTX,20130125,10.44,10.5,10.3,10.36,34100
INVE,20130125,14,14.3,14,14.2,19100
INWK,20130125,14.63,14.63,14.28,14.49,127200
IOSP,20130125,41.03,41.3,40.69,40.94,79400
IPAR,20130125,21.1,21.31,20.68,20.81,61200
IPAS,20130125,2.21,2.21,2.09,2.15,179300
IPCC,20130125,59.35,59.53,58.32,58.67,22700
IPCI,20130125,2.3,2.32,2.19,2.27,52800
IPGP,20130125,67.45,69.27,67.26,68.99,409700
IPHS,20130125,51.06,51.43,50.67,51.24,37200
IPXL,20130125,19.8,20.21,19.74,20.15,664400
IQNT,20130125,2.79,2.79,2.66,2.7,571000
IRBT,20130125,23.65,23.85,22.81,23.24,466600
IRDM,20130125,7.18,7.2,7.07,7.12,638300
IRG,20130125,13.63,14.4,13.5,14.15,59300
IRIX,20130125,4,4.02,3.97,3.97,5100
IROQ,20130125,14.81,14.83,14.57,14.79,1500
IRWD,20130125,13.44,13.49,13.18,13.25,484500
ISBC,20130125,7.0196,7.0706,6.9412,6.9922,104900
ISCA,20130125,27.71,28.14,26.06,26.45,625100
ISHG,20130125,97.22,97.22,96.76,96.78,41700
ISIG,20130125,2.1,2.21,2.1,2.21,7800
ISIL,20130125,9.02,9.3,9.01,9.07,773200
ISLE,20130125,6.21,6.62,6.09,6.54,175500
ISM,20130125,24.34,24.35,24.12,24.27,13100
ISNS,20130125,4.99,5.15,4.99,5.15,500
ISRG,20130125,576.57,580.8,572.27,577.82,498000
ISRL,20130125,101.54,101.54,96.91,99.6,400
ISSC,20130125,4.07,4.37,4.07,4.18,14000
ITIC,20130125,66.16,66.16,64.96,65.53,800
ITRI,20130125,46.49,47.45,46.22,47.26,437900
ITRN,20130125,14.2,14.2,14,14.05,6700
IVAC,20130125,4.31,4.31,4.25,4.27,76900
IXYS,20130125,9.66,9.73,9.33,9.48,66500
JACK,20130125,29.28,29.78,29.22,29.55,339800
JAKK,20130125,13.05,13.05,12.85,12.93,85800
JASO,20130125,5.7,5.77,5.55,5.62,165700
JAZZ,20130125,57.49,57.5,56.87,57.35,315500
JBHT,20130125,67.6,67.89,66.49,67.56,1278700
JBLU,20130125,6.33,6.42,6.25,6.35,5548200
JBSS,20130125,19.56,20.02,19.4,19.83,52600
JCOM,20130125,31.87,31.97,31.55,31.7,272900
JCS,20130125,10.83,11.05,10.83,10.99,11800
JCTCF,20130125,8.325,8.425,8.32,8.33,9900
JIVE,20130125,14.95,15.32,14.84,15.08,477200
JJSF,20130125,65.77,66.28,64.79,66.06,60700
JKHY,20130125,41.74,41.9,41.34,41.51,278800
JMBA,20130125,12.85,12.95,12.6,12.65,780500
JOBS,20130125,26.62,26.755,26.26,26.585,25100
JOUT,20130125,21.14,21.14,20.52,20.58,6200
JRJC,20130125,1.55,1.56,1.5,1.55,19600
JSM,20130125,25,25,24.69,24.82,34700
JVA,20130125,8.23,8.84,8.14,8.62,536400
JXSB,20130125,18.5,18.55,18,18,4900
KALU,20130125,63.2,63.2,62.01,62.65,103100
KCAP,20130125,10.13,10.24,9.93,10.05,280900
KELYA,20130125,16.78,16.82,16.46,16.61,226300
KELYB,20130125,17.08,17.08,17.08,17.08,0
KEQU,20130125,12.55,12.55,11.89,12.35,1600
KERX,20130125,3.48,3.54,3.2,3.43,2502400
KEYW,20130125,12.71,12.73,12.56,12.71,66300
KFFB,20130125,8.02,8.2,8,8.2,2400
KFRC,20130125,14,14.04,13.87,13.99,125400
KGJI,20130125,1.22,1.25,1.2,1.21,150000
KINS,20130125,5.06,5.09,5.06,5.07,5000
KIRK,20130125,10.5,10.79,10.45,10.62,114500
KLAC,20130125,53.5,57.97,53.5,56.34,7161700
KLIC,20130125,12.61,12.8,12.53,12.59,974000
KNDI,20130125,3.71,3.75,3.66,3.74,39800
KONA,20130125,8.34,8.63,8.33,8.51,13400
KONE,20130125,3.3,3.36,3.18,3.36,7700
KOOL,20130125,19.8,19.8,19,19,5100
KOPN,20130125,3.35,3.39,3.23,3.23,162600
KOSS,20130125,5.08,5.09,4.85,5.06,8600
KRNY,20130125,9.96,9.96,9.84,9.94,21100
KTCC,20130125,11.49,11.69,11.3,11.5,58300
KTEC,20130125,11.25,12.39,11.25,12.39,22200
KTOS,20130125,4.74,4.79,4.67,4.77,354500
KVHI,20130125,14.35,14.35,14.11,14.28,69200
KZ,20130125,6.22,6.24,6.19,6.2,114400
LABL,20130125,23.75,23.81,23.21,23.41,18500
LAKE,20130125,4.9,5,4.9,4.95,3300
LAMR,20130125,42.21,42.47,42.01,42.22,320000
LANC,20130125,72.71,73.18,72.27,73.12,56400
LARK,20130125,20.3,20.5,20.3,20.5,400
LAWS,20130125,11.9,12.03,11.82,11.99,2800
LAYN,20130125,23.49,23.79,23.14,23.32,77000
LBAI,20130125,9.64,9.88,9.6,9.88,108900
LBIX,20130125,3.75,3.75,3.61,3.75,2100
LBTYA,20130125,34.6806,34.977,34.3587,34.9668,1197100
LBTYB,20130125,67.99,67.99,67.99,67.99,0
LBTYK,20130125,63.8,64.11,63.48,64.02,411200
LCNB,20130125,14.15,14.15,14.11,14.15,200
LCUT,20130125,10.81,11.29,10.63,10.86,28300
LECO,20130125,52.9,53.68,52.85,53.53,536200
LEDS,20130125,0.74,0.82,0.73,0.74,116300
LFUS,20130125,64.6,65,64.53,64.76,48800
LFVN,20130125,19.11,19.11,17.64,18.34,184800
LGCY,20130125,25.43,25.55,25.01,25.48,395700
LGND,20130125,19.63,19.86,19.35,19.85,79000
LHCG,20130125,21.39,21.58,21.28,21.56,54300
LIFE,20130125,61.66,63.7,61.42,63.49,2238200
LINC,20130125,5.26,5.36,5.12,5.22,91000
LION,20130125,10.45,10.7,10.45,10.6,26700
LIOX,20130125,3.95,3.98,3.83,3.96,171800
LIVE,20130125,1.19,1.2267,1.1733,1.2167,6200
LKFN,20130125,16.9467,16.9467,16.4133,16.5333,77000
LKQ,20130125,23.2,23.43,22.84,23.38,1301300
LLNW,20130125,2.5,2.5,2.42,2.45,356300
LLTC,20130125,36.41,36.82,36.41,36.7,1895300
LMAT,20130125,6.22,6.25,6.2,6.25,6800
LMCA,20130125,37.0167,37.0167,36.3667,36.9167,439800
LMIA,20130125,21.53,21.64,21.14,21.63,26700
LMNR,20130125,22,22,21.07,21.36,7500
LMNX,20130125,18.44,18.7,18.41,18.6,132000
LMOS,20130125,9.61,9.64,9.34,9.62,40000
LNCE,20130125,26,26,25.7,25.96,155600
LNDC,20130125,11.9,12.26,11.9,12.03,151300
LOAN,20130125,1.1,1.2,1.1,1.2,16200
LOGI,20130125,6.96,6.99,6.93,6.96,862000
LOGM,20130125,24,24.51,23.39,23.47,143700
LOPE,20130125,22.77,23.74,22.36,23.63,702500
LORL,20130125,58.69,58.76,57.86,58.68,83600
LPLA,20130125,29.85,30.82,29.7,30.7,524000
LPNT,20130125,42.73,43.07,42.51,43.07,107600
LPSN,20130125,13.82,14.18,13.63,14.08,245600
LPTH,20130125,0.85,0.89,0.85,0.87,3900
LPTN,20130125,70,70,69.16,69.58,12400
LQDT,20130125,41.2,42.32,40.89,41.83,642700
LRAD,20130125,1.1,1.15,1.07,1.1,50400
LRCX,20130125,39.97,42.12,39.91,41.84,5572000
LSBK,20130125,10.41,10.41,10.41,10.41,0
LSCC,20130125,4.45,4.75,4.27,4.36,5012500
LSTR,20130125,59.51,59.51,58.49,59.32,346200
LTBR,20130125,8.7,8.75,8.25,8.25,9600
LTRX,20130125,1.95,2,1.95,2,43500
LULU,20130125,67.43,69.96,67.39,69.83,2763400
LUNA,20130125,1.28,1.32,1.28,1.32,4300
LVNTA,20130125,17.8133,18.6732,17.6388,18.6364,547400
LWAY,20130125,10.24,10.35,10.1,10.34,25700
LXRX,20130125,14.77,15.26,14.7,14.98,726200
LYTS,20130125,7.09,7.34,6.85,6.87,147100
MACK,20130125,6.18,6.23,6.06,6.11,152100
MAGS,20130125,4.26,4.31,4.26,4.28,4000
MANH,20130125,15.875,16.1675,15.77,16.095,194600
MANT,20130125,26.61,26.65,25.94,26.14,90300
MARK,20130125,1.3,1.35,1.28,1.32,26300
MARPS,20130125,15.06,15.08,14.88,15.08,2100
MASI,20130125,21.32,21.41,20.97,21.16,320400
MAT,20130125,38.11,38.12,37.05,37.15,4418500
MATR,20130125,4.47,4.54,4.25,4.34,6500
MATW,20130125,32.88,32.88,31.97,32.21,84000
MAYS,20130125,21.77,21.77,21.77,21.77,0
MBFI,20130125,21.65,21.78,21.51,21.62,168500
MBLX,20130125,9.24,9.42,8.94,9,98000
MBRG,20130125,18.41,18.41,18.11,18.11,2100
MBTF,20130125,3.28,3.6,3.28,3.47,200600
MBVT,20130125,28.79,28.79,28.15,28.26,14100
MBWM,20130125,16.8,16.8,16.63,16.7,11500
MCBC,20130125,3.78,3.87,3.61,3.63,81800
MCEP,20130125,21.17,21.85,21.16,21.78,96200
MCHP,20130125,33.28,33.52,33.21,33.3,1824300
MCHX,20130125,3.73,3.73,3.51,3.52,104300
MCRI,20130125,10.48,10.48,10.07,10.19,11200
MDCA,20130125,12.15,12.2,11.95,12.15,15200
MDCO,20130125,30.31,30.56,30.09,30.34,429300
MDIV,20130125,20.94,20.94,20.85,20.93,155800
MDLZ,20130125,27.83,27.89,27.69,27.78,12066800
MDM,20130125,4.01,4.4,4.01,4.4,38000
MDRX,20130125,10.57,10.91,10.55,10.83,2443900
MDSO,20130125,22.99,23.125,22.68,22.925,215400
MEIP,20130125,6.25,6.25,5.7,5.73,72500
MELI,20130125,88.27,89.8,88,89.24,484000
MEMP,20130125,18.4,18.78,18.22,18.73,253700
MENT,20130125,16.84,17.42,16.83,17.33,914600
MEOH,20130125,34.87,35.29,34.67,35.27,307700
MERC,20130125,6.91,7.09,6.86,7.01,106200
MFNC,20130125,7.25,7.4,7.25,7.4,3800
MFRI,20130125,5.82,6.03,5.82,6.01,5900
MFSF,20130125,12.25,12.49,12.25,12.31,1300
MGCD,20130125,5.96,6.02,5.96,6.02,200
MGEE,20130125,35.0467,35.0467,34.4733,34.7867,35500
MGIC,20130125,4.67,4.73,4.61,4.67,76900
MGLN,20130125,51.51,51.56,50.75,51.04,152600
MGPI,20130125,3.45,3.48,3.31,3.43,22600
MGRC,20130125,29.03,29.18,28.84,29.12,154400
MGYR,20130125,4.64,4.85,4.63,4.75,9100
MHGC,20130125,5.32,5.35,5.2,5.31,89100
MHLD,20130125,10.5,10.64,10.4,10.49,246800
MIDD,20130125,46.9767,47.7267,46.6533,47.3333,92500
MIND,20130125,15.12,15.58,15.12,15.58,83600
MINI,20130125,24.18,24.52,23.93,24.49,238200
MITK,20130125,3.31,3.47,3.2,3.36,288800
MITL,20130125,3.5,3.6,3.5,3.56,11400
MKSI,20130125,28.28,28.81,27.88,28.76,347900
MKTX,20130125,37.55,38.08,37.3,37.69,209800
MLAB,20130125,51.07,52.45,51.07,51.84,2600
MLHR,20130125,24.12,24.24,23.9,24.17,320100
MLNK,20130125,2.7,2.7,2.35,2.38,642600
MLNX,20130125,50.35,53.56,49.82,50.13,2089000
MLVF,20130125,11.52,11.6,11.3,11.3,5700
MMLP,20130125,34.25,34.48,33.91,34.3,87800
MMSI,20130125,14.16,14.31,14.03,14.21,114600
MMYT,20130125,14.52,14.82,14.38,14.52,43200
MNDO,20130125,2.22,2.22,2.18,2.19,6800
MNGA,20130125,1.73,1.73,1.56,1.63,5200
MNKD,20130125,2.59,2.6,2.52,2.56,2114700
MNOV,20130125,1.67,1.72,1.65,1.72,20500
MNRO,20130125,35.83,36.23,35.01,36.18,574900
MNST,20130125,15.79,15.9467,15.5133,15.57,1573600
MNTA,20130125,12.5,12.71,12.46,12.69,573700
MNTX,20130125,9.02,9.49,9.02,9.43,87300
MOBI,20130125,2.09,2.12,2,2.03,43000
MOCO,20130125,14.04,14.1,13.85,13.95,6200
MOFG,20130125,22.8,23.89,22.8,23.37,21500
MORN,20130125,66.16,66.45,65.84,66.33,72500
MOSY,20130125,3.35,3.6,3.32,3.55,129200
MPAA,20130125,6.54,6.87,6.26,6.8,40000
MPB,20130125,11.05,11.05,11.05,11.05,100
MPEL,20130125,20.21,20.49,20.14,20.39,2234300
MPET,20130125,1.04,1.09,1.04,1.07,95400
MPWR,20130125,23.48,23.48,23.17,23.41,170700
MRCC,20130125,15.11,15.25,15.11,15.2,5700
MRCY,20130125,8,8.04,7.84,7.92,76700
MRLN,20130125,20.98,21.39,20.26,21.11,19300
MRTN,20130125,13.94,13.94,13.58,13.6733,79100
MRVL,20130125,9.18,9.36,9.12,9.16,8464200
MSBF,20130125,6.9,6.9,6.9,6.9,0
MSCC,20130125,19.18,20.54,19,20.25,1098500
MSEX,20130125,19.4,19.4,19.16,19.26,39100
MSFG,20130125,13.02,13.12,12.95,13.07,27100
MSFT,20130125,27.58,28.23,27.39,27.88,81853100
MSLI,20130125,1,1,0.93,0.97,2000
MSON,20130125,7.16,7.26,6.96,7.18,23600
MSTR,20130125,96,104.51,95.79,101.81,195500
MTEX,20130125,6.29,6.64,6.25,6.64,800
MTGE,20130125,25.54,25.59,25.14,25.21,542100
MTRX,20130125,14.65,14.65,14.33,14.41,268100
MTSC,20130125,56.94,56.94,55.87,56.47,84900
MTSI,20130125,16.03,16.42,15.89,16.33,101800
MTSL,20130125,3.92,4.29,3.92,4.29,269700
MU,20130125,7.89,8.08,7.83,7.87,30083200
MVIS,20130125,1.86,1.92,1.86,1.9,66600
MXIM,20130125,31.05,31.85,31,31.63,3617600
MXWL,20130125,9.42,9.75,9.34,9.6,469500
MYGN,20130125,26.94,27.34,26.43,27.21,801200
MYL,20130125,28.39,28.6,28.32,28.46,3546100
MYRG,20130125,22.14,22.32,22,22.14,163100
NAII,20130125,5.38,5.43,5.3,5.32,3100
NANO,20130125,15.06,15.57,15.06,15.43,349900
NATH,20130125,40.93,41.4,40.22,40.95,13300
NATI,20130125,27.82,28.29,27.75,28.22,231900
NATL,20130125,30.68,30.87,30.02,30.34,30100
NATR,20130125,14.41,14.7,14.2,14.46,58800
NAUH,20130125,4.04,4.04,3.86,3.88,6600
NAVG,20130125,53.98,53.98,53.11,53.5,39200
NBIX,20130125,9.21,9.21,8.82,9,315100
NBN,20130125,9.41,9.41,9.28,9.28,2700
NBTB,20130125,20.84,20.84,20.31,20.52,84800
NCIT,20130125,5.1,5.26,5.06,5.13,45200
NCLH,20130125,27.5,27.9,26.27,27.35,870600
NCMI,20130125,15.04,15.04,14.88,14.95,116400
NCTY,20130125,3.09,3.15,3.09,3.13,64900
NDAQ,20130125,27.7,27.72,27.37,27.7,621100
NDSN,20130125,67.5,67.8,67.14,67.62,118800
NEO,20130125,2.86,2.89,2.8,2.89,47900
NEOG,20130125,31.56,31.8,31.2533,31.6133,58700
NEON,20130125,5.02,5.1,4.92,5,170300
NEPT,20130125,2.79,2.88,2.6,2.66,254000
NETE,20130125,31,32,31,31,8500
NEWS,20130125,14.54,14.54,14.13,14.27,32100
NEWT,20130125,10.25,10.75,10.15,10.5,114400
NFBK,20130125,11.15,11.5,11.14,11.45,7848700
NFEC,20130125,0.89,0.95,0.89,0.94,13000
NFLX,20130125,20.81,24.6686,20.8014,24.2229,27349300
NICE,20130125,37,37.23,36.75,37.05,149000
NICK,20130125,13.1,13.34,12.76,13.27,28200
NIHD,20130125,7.25,7.39,7.03,7.26,3475800
NILE,20130125,32.09,32.69,31.67,32.56,243400
NKSH,20130125,32.4,32.76,32,32.16,2600
NKTR,20130125,8.64,9.11,8.6,9.1,1159000
NLNK,20130125,11.6,11.62,11.43,11.52,45900
NLST,20130125,0.75,0.79,0.72,0.73,321500
NMRX,20130125,12.17,12.17,11.91,12,85000
NNBR,20130125,9.44,9.55,9.23,9.4,25700
NRIM,20130125,21.56,22.06,21.5,21.66,10400
NSEC,20130125,8.5,8.5,8.5,8.5,0
NSIT,20130125,19.73,19.87,19.2,19.33,241100
NSSC,20130125,3.6,3.6,3.6,3.6,19700
NSYS,20130125,2.96,2.96,2.96,2.96,0
NTAP,20130125,35.64,36.19,35.52,36.15,6799700
NTCT,20130125,26.4,26.74,26.26,26.63,321400
NTES,20130125,46.88,47.13,46.14,46.88,1042500
NTGR,20130125,39.64,40.33,39.64,40.11,199700
NTIC,20130125,12.97,13.25,12.87,13,4300
NTRI,20130125,9.06,9.25,8.95,8.99,442400
NTRS,20130125,50.92,51.35,50.57,51.32,1126000
NTWK,20130125,6.71,6.92,6.63,6.8,97400
NUAN,20130125,22.81,23.6,22.7,23.58,2973400
NURO,20130125,12,12,11.04,11.76,56200
NUTR,20130125,17.26,17.4,17.18,17.36,26100
NUVA,20130125,17.99,18.08,17.81,17.91,368800
NVAX,20130125,1.89,1.9,1.82,1.87,815600
NVDA,20130125,12.21,12.42,12.15,12.41,9847900
NVDQ,20130125,9.69,9.8,9.46,9.58,83700
NVEC,20130125,55.62,55.76,54.51,54.7,11500
NVGN,20130125,6.11,6.11,6.06,6.1,2500
NVMI,20130125,9.07,9.49,9.07,9.4,303100
NWBI,20130125,12.37,12.4,12.3,12.31,590100
NWBO,20130125,3.25,3.3,3.23,3.3,70000
NWBOW,20130125,1.66,1.67,1.66,1.66,4000
NWFL,20130125,29.79,29.79,29.79,29.79,400
NWLI,20130125,163.16,164.49,163.05,163.15,2500
NWPX,20130125,24.5,24.5,24.17,24.49,20300
NWS,20130125,27.89,27.89,27.65,27.83,1328600
NWSA,20130125,27.19,27.3,26.98,27.21,13733500
NXPI,20130125,29.7,30.27,29.58,30.09,2469200
NXST,20130125,13.53,14.13,13.35,14.04,420700
NXTM,20130125,11.46,11.84,11.4,11.76,351700
NYMT,20130125,6.98,6.99,6.89,6.9,1582700
NYMX,20130125,6.75,6.93,6.73,6.78,49900
NYNY,20130125,9.85,10.5,9.85,10.15,15500
OBAS,20130125,5.8,5.8,5.8,5.8,0
OBCI,20130125,2.5,2.55,2.32,2.43,8200
OCC,20130125,4,4.05,4,4.05,5900
OCFC,20130125,13.75,13.75,13.16,13.21,77100
OCLR,20130125,1.67,1.68,1.61,1.63,388400
OCLS,20130125,27.3,27.65,25.55,26.95,88600
ODFL,20130125,37.9,37.9,37.3,37.57,615400
OFED,20130125,14.59,14.59,14.59,14.59,0
OFIX,20130125,37.97,38.2,37.44,37.9,98900
OFLX,20130125,14.31,14.31,13.53,13.65,1800
OFS,20130125,14.2,14.2,14.07,14.19,30800
OGXI,20130125,12.3,12.5,12.11,12.31,33600
OIIM,20130125,3.08,3.14,3.07,3.09,25900
OKSB,20130125,12.53,12.8,12.42,12.51,94000
OLBK,20130125,11.55,11.77,11.46,11.59,2700
OMAB,20130125,25.27,25.6,25.04,25.27,9300
OMCL,20130125,16.25,16.25,15.6,15.76,245600
OMER,20130125,5.57,5.74,5.56,5.71,54700
OMEX,20130125,38.28,38.28,37.08,37.56,379600
ONEQ,20130125,124.49,124.49,123.37,123.78,6100
ONVI,20130125,3.54,3.54,3.54,3.54,0
OPHC,20130125,29.2,35.2,23.2,25.2,736800
OPOF,20130125,12.6,12.6,12.6,12.6,1100
OPTT,20130125,21,21.2,20.5,20.8,26000
OPXA,20130125,1.24,1.27,1.2,1.27,31200
OPXAW,20130125,0.01,0.01,0.01,0.01,100
ORBC,20130125,4.18,4.2,4.1,4.19,56900
ORBK,20130125,9.2,9.39,9.16,9.36,25600
OREX,20130125,57.8,59.4,57,57.9,1159300
ORIG,20130125,16.35,16.58,16.16,16.55,872400
ORIT,20130125,16.08,16.1,15.35,15.45,358200
ORLY,20130125,91.69,92.66,91.25,92.17,957500
ORRF,20130125,11.39,11.5,11.25,11.32,10600
OSBC,20130125,1.6,1.7,1.55,1.61,36500
OSBCP,20130125,8.45,8.45,8.28,8.32,3300
OSHC,20130125,15.25,15.25,15.24,15.24,1500
OSIR,20130125,8.71,8.72,8.42,8.45,78700
OSIS,20130125,57.78,60.62,57.3,59.88,509400
OSM,20130125,24.48,24.58,24.38,24.52,12400
OSN,20130125,2.7,2.97,2.7,2.97,6200
OSTK,20130125,16.63,16.9,16.1,16.41,363700
OSUR,20130125,6.93,6.99,6.85,6.93,340400
OTEX,20130125,28.32,29.79,28.32,29.635,817600
OTIV,20130125,1.36,1.4,1.31,1.35,153600
OTTR,20130125,26.55,26.71,26.28,26.46,67000
OVBC,20130125,17.9,17.9,17.57,17.6,3600
OVLY,20130125,8.19,8.25,8.19,8.25,400
OXLC,20130125,15.47,15.49,15.34,15.44,16400
OZRK,20130125,18.31,18.585,18.245,18.51,175800
PAAS,20130125,17.55,17.83,17.51,17.61,1595000
PACB,20130125,2.47,2.63,2.45,2.63,471100
PACW,20130125,27.64,27.7,27.26,27.7,176800
PAGG,20130125,32.48,32.65,32.4,32.6,8100
PANL,20130125,28.35,28.8,28.2,28.58,1196300
PATK,20130125,10.4867,11.3333,10.28,11.3267,164300
PAYX,20130125,31.75,31.87,31.54,31.84,3416300
PBCT,20130125,12.56,12.6,12.38,12.47,9000900
PBHC,20130125,10.4,10.4,10.4,10.4,100
PBIB,20130125,1.27,1.5,1.27,1.48,4100
PBIP,20130125,7.69,7.69,7.69,7.69,0
PBMD,20130125,3.62,3.62,3.62,3.62,0
PBSK,20130125,14.55,14.55,14.51,14.55,800
PCAR,20130125,47.86,48.29,47.73,48.23,2081300
PCBK,20130125,10,10.27,9.98,10.15,56100
PCH,20130125,44.05,44.22,43.56,44.22,274400
PCLN,20130125,682,719.37,681.05,718.82,1574900
PCMI,20130125,6.37,6.4,6.27,6.34,19400
PCO,20130125,1.44,1.45,1.39,1.4,286600
PCOM,20130125,11.47,11.75,11.37,11.7,62700
PCRX,20130125,20,20,19.47,19.88,157100
PCTI,20130125,7.5,7.79,7.46,7.63,139000
PCYO,20130125,3.5,3.5,3.25,3.45,73200
PDCE,20130125,37.42,38.75,36.87,38.53,598100
PDCO,20130125,36.65,36.96,36.54,36.64,470700
PDEX,20130125,2.14,2.14,2.07,2.12,4800
PDFS,20130125,13.75,14.49,13.67,14.41,126200
PDLI,20130125,6.7,6.73,6.5,6.71,4220200
PEBK,20130125,10.14,10.45,10.14,10.35,11600
PEBO,20130125,21.13,21.13,20.31,20.63,38400
PEGA,20130125,11.72,11.93,11.575,11.725,203800
PEIX,20130125,5.1,5.1,4.8,4.8,1172500
PENN,20130125,48.35,48.35,47.6,47.93,1612500
PERF,20130125,6.45,6.5,6.41,6.41,3600
PERI,20130125,10.94,11,10.26,10.76,595100
PERY,20130125,20.29,20.29,19.93,19.99,73600
PESI,20130125,3.95,4,3.85,4,13100
PETS,20130125,12.51,12.52,12.21,12.28,156600
PFBC,20130125,14.98,15,14.81,15,24100
PFBI,20130125,11.09,11.35,11.09,11.35,2900
PFBX,20130125,10.98,10.99,10.65,10.99,500
PFIN,20130125,8.53,9,8.5,9,21000
PFLT,20130125,13.26,13.35,13.2,13.35,11900
PFMT,20130125,11.41,11.7,10.93,11.34,192900
PFPT,20130125,13.09,13.52,13.03,13.48,290500
PFSW,20130125,3.22,3.3,3.12,3.24,97600
PGC,20130125,14.63,14.64,14.4,14.54,5000
PGNX,20130125,2.98,2.98,2.88,2.91,204800
PGTI,20130125,4.74,4.94,4.7,4.85,33400
PHII,20130125,32.9,32.9,32.54,32.54,400
PHIIK,20130125,33.4,33.74,32.52,32.91,34000
PHMD,20130125,74.15,75.15,73,74.95,107000
PICO,20130125,20.31,20.42,20.01,20.16,46800
PKBK,20130125,5.75,5.95,5.6,5.81,13800
PKOH,20130125,22.67,23.25,22.61,22.77,50900
PLAB,20130125,6.03,6.13,5.98,6.04,383000
PLBC,20130125,4.6,4.6,4.1,4.11,6000
PLCE,20130125,50.07,50.86,49.96,50.23,383700
PLPC,20130125,67.23,68.12,66.5,68.12,6900
PLPM,20130125,2.8,2.94,2.66,2.9,14000
PLUG,20130125,0.47,0.49,0.47,0.49,89300
PLUS,20130125,47.19,47.19,44.46,45.31,14200
PLXS,20130125,26.91,27,26.26,26.76,214100
PMBC,20130125,5.95,5.95,5.59,5.71,17500
PMD,20130125,11.92,12.15,11.75,12.1,14600
PNBK,20130125,14.7,16,14,16,7800
PNFP,20130125,21.2,21.33,21.02,21.13,143900
PNNT,20130125,11.19,11.19,11.03,11.1,385000
PNQI,20130125,44.77,45.75,44.77,45.59,15400
PNRA,20130125,158.44,160.85,157.37,160.12,703600
PNRG,20130125,24.75,25,24.75,25,200
PNTR,20130125,2.65,2.65,2.65,2.65,0
PODD,20130125,23.92,24.24,23.76,24.2,181000
POOL,20130125,45.57,45.85,45.19,45.85,116900
POPE,20130125,60.39,60.5,60.39,60.44,600
POWI,20130125,37.47,37.95,37.06,37.5,140900
POWL,20130125,43.65,43.98,42.81,43.75,26200
PPBI,20130125,11.2,11.32,11.2,11.32,68800
PPC,20130125,8.49,8.69,8.43,8.65,580000
PPHM,20130125,2.09,2.09,1.98,2.07,3095700
PRAA,20130125,34.9767,35.4533,34.7333,35.0567,68700
PRAN,20130125,13.56,13.56,13.02,13.02,44300
PRCP,20130125,8.72,9.05,8.51,8.64,604100
PRFT,20130125,11.63,11.63,11.44,11.53,84600
PRFZ,20130125,73.9,74.15,73.64,73.87,19500
PRGS,20130125,24,24.19,23.83,24.14,496000
PRGX,20130125,6.75,6.83,6.6,6.83,334400
PRIM,20130125,18.71,18.94,18.45,18.85,184500
PRKR,20130125,27.4,27.5,26.4,27.4,301900
PRMW,20130125,1.19,1.27,1.19,1.24,69200
PROV,20130125,18.97,18.97,18.4,18.46,93400
PRPH,20130125,1.51,1.51,1.51,1.51,100
PRSC,20130125,19,19.18,18.85,18.94,73600
PRSS,20130125,5.8,6.28,5.8,6.27,246900
PRTA,20130125,5.89,6.25,5.87,6.11,54600
PRTS,20130125,1.9,1.9,1.81,1.83,23300
PRXL,20130125,34.65,34.78,34.31,34.43,703100
PSAU,20130125,34.75,34.75,34.22,34.49,10500
PSCC,20130125,36.12,36.3,36.09,36.29,4700
PSCD,20130125,35.36,35.56,35.27,35.48,6400
PSCE,20130125,35.54,35.61,35.45,35.54,3900
PSCF,20130125,32.63,32.69,32.55,32.63,8900
PSCH,20130125,37.98,38.05,37.76,38.04,9300
PSCI,20130125,34.59,34.82,34.47,34.6,9700
PSCM,20130125,34.74,34.87,34.57,34.87,1800
PSCT,20130125,33.17,33.18,32.87,32.97,18800
PSCU,20130125,30.87,30.87,30.75,30.82,1000
PSDV,20130125,1.33,1.4,1.33,1.36,16000
PSEC,20130125,11.41,11.42,11.35,11.36,3290600
PSMT,20130125,77.41,78,77.05,77.9,118900
PSTB,20130125,5.47,5.5,5.37,5.44,41200
PSTI,20130125,3.12,3.21,3.03,3.05,559600
PTEN,20130125,20.2,20.4,19.87,20.15,3205100
PTIE,20130125,2.82,2.82,2.66,2.69,152600
PTNR,20130125,5.71,5.83,5.71,5.77,45700
PTSI,20130125,9.89,9.89,9.89,9.89,200
PVTB,20130125,17.23,17.34,17,17.1,418800
PVTBP,20130125,25.95,26,25.83,25.97,12500
PWOD,20130125,41.31,41.31,40.75,41.2,5300
PXLW,20130125,2.56,2.67,2.55,2.67,12700
PZZA,20130125,28.325,28.37,28.025,28.235,55400
QABA,20130125,26.67,26.67,26.51,26.59,1600
QADA,20130125,13.56,13.65,13.31,13.31,5500
QADB,20130125,12.57,12.6,12.4,12.4,4900
QBAK,20130125,8.88,8.88,8.88,8.88,900
QCLN,20130125,10.3,10.39,10.3,10.37,3200
QCOM,20130125,64.18,64.52,63.37,63.66,15996500
QCRH,20130125,14.85,14.85,14.85,14.85,200
QDEL,20130125,21.93,22.64,21.61,22.6,255100
QGEN,20130125,20,20.31,19.94,20.29,547300
QLTI,20130125,8.1,8.1,8.02,8.08,9000
QLYS,20130125,14.88,15.01,14.25,14.64,38100
QNST,20130125,5.7,5.74,5.54,5.62,58500
QQEW,20130125,27.93,28.04,27.85,28.02,40700
QQQ,20130125,66.89,67.19,66.74,67,39248700
QQQC,20130125,15.03,15.03,15.03,15.03,300
QQQX,20130125,16.22,16.49,15.8,16.25,62500
QQXT,20130125,26.28,26.46,26.27,26.45,14300
QSII,20130125,19,19.18,18.12,18.9,956200
QTEC,20130125,27.68,27.89,27.68,27.85,24200
QUIK,20130125,2.09,2.1,2.05,2.06,121600
RADA,20130125,2.24,2.24,2.24,2.24,1000
RAIL,20130125,24.75,24.91,24.45,24.81,74100
RAND,20130125,2.57,2.57,2.57,2.57,200
RAVN,20130125,27.94,28.16,27.76,28.04,80300
RBCAA,20130125,22.12,22.12,21.34,21.53,57800
RBCN,20130125,6.56,6.69,6.4,6.47,248300
RBPAA,20130125,1.46,1.69,1.29,1.64,38600
RCII,20130125,35.2,35.2,34.65,34.98,675300
RCKY,20130125,13.8,14.26,13.8,14.15,12300
RCMT,20130125,5.45,5.51,5.45,5.5,5900
RCON,20130125,1.62,1.85,1.62,1.72,55800
RDCM,20130125,4.01,4.01,3.64,3.88,5100
RDHL,20130125,11,11,11,11,0
RDI,20130125,5.97,5.97,5.86,5.93,11200
RDNT,20130125,2.84,2.85,2.82,2.83,34700
RDWR,20130125,17.915,18.1,17.77,18.035,137500
RECN,20130125,11.99,12.08,11.95,12.01,332000
REFR,20130125,3.55,3.6,3.45,3.55,167600
REGI,20130125,6.35,6.37,6.02,6.17,238900
REGN,20130125,173.6,175.15,170.8,174.48,717300
REIS,20130125,14.15,14.15,13.79,13.8,14000
RELL,20130125,12.04,12.07,11.92,12.07,55300
RELV,20130125,8.96,8.96,8.82,8.89,1500
REXX,20130125,13.84,14.04,13.65,14.02,510700
RFIL,20130125,5.89,6,5.75,5.85,78300
RGCO,20130125,18.18,18.2,18.1,18.1,1300
RGEN,20130125,6.95,7.1,6.93,7.1,99100
RGLD,20130125,79.14,79.27,76.06,76.69,714400
RGLS,20130125,5.87,5.98,5.62,5.75,37500
RICK,20130125,8.4,8.61,8.39,8.51,25400
RIGL,20130125,6.68,6.76,6.63,6.7,420200
RLJE,20130125,14.13,14.4,13.65,14.1,1500
RLOG,20130125,7,7,6.91,6.99,11900
RMBS,20130125,5.2,5.66,5.2,5.48,2112900
RMCF,20130125,11.98,11.98,11.74,11.75,7300
RMTI,20130125,7.02,7.05,6.63,6.8,225700
RNET,20130125,21.17,22.08,21.03,22,44800
RNST,20130125,19.18,19.19,18.85,19.06,66600
RNWK,20130125,7.68,7.7,7.56,7.59,131700
ROCK,20130125,17.37,17.45,16.97,17.41,123500
ROIA,20130125,1.2,1.25,1.1,1.12,4900
ROIAK,20130125,1.28,1.29,1.18,1.26,201100
ROIC,20130125,13.18,13.18,13.08,13.11,148100
ROLL,20130125,53.55,54.19,53.27,53.93,74400
ROSG,20130125,4.64,4.82,4.59,4.64,520700
ROST,20130125,30.65,30.675,30.38,30.545,2228900
RP,20130125,23.25,23.49,22.87,23.06,274500
RPRX,20130125,18.73,19.05,18.2,18.61,393500
RPXC,20130125,9.84,10.49,9.84,10.42,163500
RRGB,20130125,37.2,37.43,36.95,37.43,115500
RSYS,20130125,3.76,3.85,3.74,3.81,157400
RTIX,20130125,4.17,4.2,4.09,4.12,460600
RUSHA,20130125,23.84,24.11,23.72,24.06,173900
RUSHB,20130125,19.85,20.02,19.8,20,67300
RUTH,20130125,7.68,7.68,7.49,7.59,70100
RVLT,20130125,9.9,13.1,9.7,10.6,1686600
RVSB,20130125,2.07,2.14,1.98,2.06,15300
RYAAY,20130125,38.48,39.42,38.48,39.38,641200
SAAS,20130125,5.78,5.85,5.7,5.8,151300
SAFM,20130125,50,50.69,49.69,49.97,245100
SAFT,20130125,48.28,48.28,47.35,47.57,25300
SAIA,20130125,16.7267,16.9667,16.6,16.7333,61200
SAL,20130125,24.75,24.75,24.53,24.53,1000
SALM,20130125,5.42,5.46,5.32,5.35,9300
SANM,20130125,11.8,11.96,11.5,11.73,672600
SANW,20130125,7.96,8.03,7.85,7.86,9700
SASR,20130125,19.79,19.86,19.12,19.35,37900
SATS,20130125,36.17,36.35,35.54,36.19,108300
SAVE,20130125,19.8,19.84,19.57,19.75,352600
SBAC,20130125,71.8,71.93,70.8,71.35,1488100
SBBX,20130125,5.74,5.74,5.74,5.74,200
SBCF,20130125,8.45,8.45,7.85,8.4,832600
SBGI,20130125,13.5,14,13.42,13.81,579300
SBLK,20130125,36.15,36.15,35.05,35.55,7400
SBNY,20130125,75.26,75.39,74.46,74.93,164900
SBNYW,20130125,46.25,46.25,46.25,46.25,0
SBRA,20130125,24.39,24.69,24.27,24.63,200200
SBSA,20130125,2.78,2.93,2.78,2.93,6400
SBSI,20130125,20.0476,20.1143,19.8857,19.9524,105800
SBUX,20130125,28.34,28.635,28.185,28.405,15399600
SCHL,20130125,29.82,29.82,29.25,29.51,199700
SCHN,20130125,30.5,30.77,29.95,30.36,375600
SCLN,20130125,4.96,5.03,4.91,4.98,248600
SCMP,20130125,5.22,5.34,4.97,5.23,279600
SCON,20130125,50.4,54,50.4,52.2,121000
SCOR,20130125,14.43,14.64,14.33,14.61,142700
SCSC,20130125,32.79,32.9,28.4,29.06,860300
SCSS,20130125,23.49,24,22.57,23.16,10882100
SCTY,20130125,15.9,15.95,15.21,15.49,649700
SCVL,20130125,21.07,21.3,21.03,21.2,69900
SEAC,20130125,11.1,11.1,10.97,11.06,358700
SEED,20130125,1.67,1.74,1.63,1.68,92500
SEIC,20130125,25.45,25.58,25.22,25.53,404600
SENEA,20130125,31.61,31.61,30,30.57,9100
SENEB,20130125,31.1,31.1,31.1,31.1,0
SEV,20130125,4.09,4.09,4.06,4.06,300
SFBC,20130125,11.8,11.83,11.8,11.83,1200
SFLY,20130125,32.72,33.59,32.35,33.14,776400
SFNC,20130125,25.61,25.61,25.17,25.32,28800
SFST,20130125,10.14,10.42,10.12,10.42,1500
SGC,20130125,11.51,11.55,11.11,11.36,3400
SGEN,20130125,29.67,30.41,29.53,30.3,492400
SGMA,20130125,5.4,5.41,5.27,5.28,7600
SGMO,20130125,9.6,10.05,9.54,9.79,607700
SGMS,20130125,9.3,9.3,9.14,9.18,236400
SGOC,20130125,5.16,5.64,5,5.2,4200
SGRP,20130125,1.8,1.8,1.8,1.8,500
SGYP,20130125,5.69,5.8,5.61,5.74,400800
SGYPU,20130125,13.8,13.8,13.8,13.8,0
SGYPW,20130125,2.61,2.61,2.61,2.61,200
SHBI,20130125,5.4,5.42,5.3,5.3,8400
SHEN,20130125,7.17,7.195,6.97,7.04,43700
SHIP,20130125,7.85,8.8,7.55,8.7,76400
SHLD,20130125,45.7,45.88,44.89,45.12,755500
SHLM,20130125,31.74,31.88,31.09,31.37,206200
SHLO,20130125,10.86,11,10.27,10.52,10900
SHOO,20130125,31.6133,31.8467,31.2067,31.5467,327700
SHOR,20130125,4.7,4.9,4.7,4.86,179600
SHOS,20130125,35.2,36,35.2,35.69,161500
SHPG,20130125,99.74,100.95,99.66,100.87,212100
SIEB,20130125,1.62,1.62,1.62,1.62,0
SIFI,20130125,11.68,11.81,11.65,11.78,4000
SIFY,20130125,2.3,2.37,2.24,2.31,268900
SIGI,20130125,20.17,20.17,19.91,20.12,168600
SIGM,20130125,5.55,5.65,5.48,5.65,703200
SILC,20130125,24.55,24.65,23.83,24.34,87000
SIMO,20130125,15.55,15.75,15.43,15.51,399500
SINA,20130125,56.93,57.23,55.62,56.59,1500700
SINO,20130125,1.96,1.96,1.85,1.92,25700
SIRI,20130125,3.11,3.15,3.09,3.15,33794900
SIVB,20130125,61.41,64.24,60.76,64.15,789600
SIVBO,20130125,25.2,25.2,25.2,25.2,0
SKYW,20130125,12.78,13.06,12.74,12.94,462700
SKYY,20130125,21.5,21.79,21.48,21.72,78700
SLAB,20130125,42.1,43.04,42.05,42.81,193400
SLGN,20130125,42.03,42.15,41.92,42.14,341200
SLM,20130125,6.0536,6.0571,5.9821,6.0357,1437000
SLMAP,20130125,48.98,49,48.51,48.6,9100
SLMBP,20130125,59.95,59.95,58.97,59.05,2700
SLP,20130125,4.28,4.39,4.26,4.33,7400
SLRC,20130125,24.69,24.77,24.5,24.67,309700
SMBC,20130125,11.475,11.59,11.475,11.59,500
SMCI,20130125,12.69,12.69,12.18,12.4,248800
SMED,20130125,2.63,2.73,2.52,2.65,23300
SMIT,20130125,3,3,3,3,1000
SMMF,20130125,5.95,6.02,5.95,6.02,1300
SMRT,20130125,8.5,8.5,8.08,8.36,89600
SMSI,20130125,6.04,6.32,6.04,6.24,32300
SMTC,20130125,29.61,29.9,29.55,29.84,310800
SMTX,20130125,2.45,2.5,2.44,2.47,8200
SNAK,20130125,7.05,7.26,7.05,7.1,31100
SNBC,20130125,16.9,17,15.95,16.3,98900
SNCR,20130125,23.58,24.27,23.35,24.26,200700
SNFCA,20130125,11.77,12.2,11.66,12.15,215400
SNHY,20130125,27.5,27.79,27.04,27.77,56100
SNMX,20130125,1.66,1.69,1.53,1.66,188900
SNPS,20130125,32.9,33.61,32.64,33.61,1148100
SNSS,20130125,28.32,28.86,28.08,28.68,403700
SOCL,20130125,13.99,13.99,13.86,13.95,7800
SODA,20130125,52,53.99,51.95,53.23,1576700
SOFO,20130125,6.2,6.2,6.15,6.19,2900
SOHU,20130125,50.57,50.68,49.2,49.29,748100
SONA,20130125,8.97,9.1,8.97,9.07,9200
SONC,20130125,11.45,11.49,10.98,11.22,503700
SONS,20130125,11.5,11.55,11.25,11.45,1259200
SORL,20130125,3.05,3.23,3.05,3.13,28400
SOXX,20130125,56,56.6,55.95,56.32,278500
SPAN,20130125,19.27,19.79,19.25,19.54,1900
SPAR,20130125,5.58,5.59,5.44,5.47,52500
SPEX,20130125,115.9,116.47,115.14,115.14,900
SPIL,20130125,5.16,5.2,5.13,5.19,568100
SPLK,20130125,33.62,34.9,33.29,33.63,2140700
SPLS,20130125,12.98,13.05,12.79,12.97,7007500
SPNC,20130125,16.47,16.59,16.28,16.38,123000
SPNS,20130125,4.8,4.95,4.6,4.79,146300
SPPI,20130125,11.62,11.9,11.54,11.8,639900
SPRT,20130125,4.09,4.17,4.08,4.17,106100
SPSC,20130125,37.54,38.2,37.15,37.79,23300
SPTN,20130125,15.74,15.74,15.35,15.67,73200
SPU,20130125,2.73,2.73,2.62,2.67,21600
SPWR,20130125,7.99,8.2,7.94,7.99,1167000
SQQQ,20130125,148.44,149.32,146.36,147.68,1364100
SRCE,20130125,22.19,22.19,22,22.11,48300
SRCL,20130125,94.98,95.18,93.87,94.5,321900
SRDX,20130125,24.12,24.56,23.68,24,63200
SREV,20130125,6.26,6.37,6.15,6.28,386800
SRPT,20130125,25.56,28,25.18,27.91,2351800
SSBI,20130125,7.58,7.94,7.58,7.93,2900
SSFN,20130125,4,4,4,4,0
SSH,20130125,5.7,6,5.61,5.89,84200
SSNC,20130125,22.37,23.08,22.27,22.75,222000
SSRI,20130125,12.5,12.65,12.27,12.27,1506400
SSYS,20130125,85.61,88.85,85.61,87.11,762500
STAA,20130125,5.23,5.27,5.2,5.25,100600
STB,20130125,6.5,6.52,6.45,6.52,60100
STBA,20130125,18.41,18.41,17.95,18.1,41300
STBZ,20130125,16.15,16.2,15.97,16.07,47300
STEM,20130125,20.16,20.64,20.04,20.28,152200
STFC,20130125,14.6,15.04,14.54,14.9,28700
STKL,20130125,6.75,6.98,6.75,6.98,347700
STLD,20130125,15.32,15.38,14.92,15.24,2283800
STLY,20130125,4.61,4.67,4.5,4.55,7900
STMP,20130125,26.57,26.66,26.28,26.61,93900
STPP,20130125,36.08,36.13,36.01,36.13,400
STRA,20130125,56.3,56.6,54.06,55.28,107100
STRL,20130125,10.15,10.15,9.94,10.13,38800
STRM,20130125,5.64,5.64,5.47,5.48,38400
STRS,20130125,10.35,10.76,10.25,10.31,2600
STRT,20130125,29.37,29.96,29.28,29.28,7300
STRZA,20130125,15.9,16.29,15.72,16.21,3824900
STRZB,20130125,15.17,16.19,15.17,16.16,1400
STX,20130125,37.13,37.56,36.92,37.25,8976200
SUMR,20130125,1.82,1.9,1.75,1.79,72000
SUNS,20130125,18.82,18.82,18.48,18.59,82600
SUPN,20130125,7.43,7.69,7.4,7.48,109800
SVA,20130125,3.3,3.3,3.01,3.19,303200
SVBI,20130125,3.47,3.65,3.32,3.64,8200
SVVC,20130125,17.81,18,17.8,18,75700
SWHC,20130125,8.93,8.95,8.8,8.83,1811500
SWIR,20130125,8.68,8.75,8.58,8.75,64500
SWKS,20130125,21.58,21.81,20.98,21.05,4192600
SYBT,20130125,14.78,14.88,14.68,14.74,87700
SYKE,20130125,15.48,15.48,15.05,15.36,128400
SYMC,20130125,21.68,22.14,21.67,22.13,11192800
SYMX,20130125,1.12,1.14,1.07,1.07,13700
SYNA,20130125,37.34,39.75,36.4,36.43,4724000
SYNC,20130125,5.98,6.09,5.73,6.08,551200
SYNL,20130125,14.2,14.5,14.2,14.39,3100
SYNT,20130125,28.185,28.185,27.775,28.06,82000
SYPR,20130125,4.02,4.05,3.95,4.01,28200
SYUT,20130125,4.67,4.72,4.44,4.47,26300
TACT,20130125,7.68,8.04,7.68,7.8,18300
TAIT,20130125,1.01,1.04,1,1.04,3600
TASR,20130125,9.36,9.41,9.1,9.18,631900
TAST,20130125,5.9,5.96,5.76,5.91,52300
TATT,20130125,6.02,6.23,6.02,6.19,400
TAX,20130125,14.47,14.6,14.28,14.33,5800
TAYD,20130125,8.99,9.33,8.85,9.25,9100
TBBK,20130125,11.26,11.69,11.23,11.45,344800
TBNK,20130125,22.63,22.63,22.4,22.55,239900
TCBI,20130125,41.85,42.5,41.25,42.32,960700
TCBIL,20130125,25.41,25.45,25.37,25.37,2300
TCBIW,20130125,33.34,33.34,33.34,33.34,0
TCBK,20130125,16.79,16.79,16.5,16.55,121500
TCCO,20130125,5.27,5.27,5.27,5.27,100
TCPC,20130125,14.85,14.88,14.72,14.78,78500
TCRD,20130125,14.9,14.93,14.81,14.85,64700
TCX,20130125,8.24,8.4,8,8.2,544800
TDIV,20130125,20.53,20.64,20.52,20.55,21100
TEAR,20130125,5.37,5.5,5.31,5.5,75900
TECD,20130125,49.51,49.98,49.43,49.95,270600
TECH,20130125,70.04,71.16,69.35,71.12,171400
TESO,20130125,11.83,12.01,11.76,11.82,213900
TESS,20130125,21.86,22.15,21.5,22.06,63800
TFSL,20130125,10.1,10.12,9.93,9.96,646100
TGA,20130125,8.31,8.55,8.25,8.53,126000
THFF,20130125,29.68,29.68,29.01,29.24,36100
THLD,20130125,5.25,5.54,4.91,4.97,3236800
THRM,20130125,13.64,13.76,13.55,13.69,76700
TICC,20130125,10.45,10.5,10.23,10.34,422200
TILE,20130125,16.33,16.51,16.14,16.51,394300
TINY,20130125,3.74,3.76,3.57,3.68,86500
TISA,20130125,3.57,3.67,3.55,3.55,22200
TITN,20130125,29.04,29.78,28.64,29.61,591100
TIVO,20130125,12.32,12.65,12.25,12.61,1852700
TLF,20130125,5.76,5.89,5.76,5.77,600
TLT,20130125,118.42,118.6,117.77,118.03,8750600
TNAV,20130125,7.9,8.03,7.81,7.82,155500
TNGO,20130125,14.99,15.34,14.58,15.29,318900
TOPS,20130125,77,77,77,77,600
TORM,20130125,13.05,13.05,12.61,12.75,1100
TOWN,20130125,15.22,15.39,15,15.12,47900
TQQQ,20130125,27.875,28.25,27.7,28,1776000
TREE,20130125,17.23,17.44,17.09,17.21,17100
TRIB,20130125,15.7,15.81,15.25,15.35,41400
TRIP,20130125,45.13,46.05,44.76,45.96,1657100
TRMB,20130125,31.645,32.015,31.515,31.78,548800
TRMK,20130125,23,23.17,22.73,23.07,322900
TRNS,20130125,6.88,6.95,6.5,6.5,3000
TROV,20130125,8.54,8.54,6.87,7.34,402500
TROVW,20130125,3.08,3.08,2.23,2.45,105800
TROW,20130125,72.16,72.36,71.5,72.09,1178400
TRS,20130125,30.63,30.8,30.24,30.43,198900
TRST,20130125,5.21,5.21,5.14,5.15,323100
TSBK,20130125,7.71,7.8,7.45,7.8,71100
TSCO,20130125,46.955,48.065,46.615,47.93,535100
TSEM,20130125,8.4,8.5,8.4,8.5,7700
TSLA,20130125,37,37.54,36.8,36.98,1287700
TSRA,20130125,17.84,18,17.66,17.77,172100
TSRI,20130125,3.32,3.32,3.2,3.3,5300
TSRO,20130125,18.15,18.2,17.91,18.17,27900
TST,20130125,1.62,1.66,1.6,1.61,32800
TTEC,20130125,18.34,18.35,18.12,18.23,64000
TTEK,20130125,28.95,29.26,28.85,29.09,209700
TTGT,20130125,4.82,4.82,4.6,4.74,37300
TTMI,20130125,8.17,8.2,8.04,8.1,194400
TTS,20130125,17.67,18,17.67,18,365100
TTWO,20130125,12.7,12.92,12.6,12.82,945000
TUES,20130125,7.32,7.78,7.32,7.62,246800
TWER,20130125,68.2,69,66.2,66.6,183500
TWIN,20130125,22.06,23.11,22.06,22.82,103200
TWMC,20130125,3.35,3.4,3.35,3.4,200
TXN,20130125,33.15,33.28,32.71,32.8,8437500
TXRH,20130125,17.74,17.74,17.51,17.6,954500
TYPE,20130125,18.49,18.97,18.42,18.72,196700
TZOO,20130125,23.91,23.91,22.4,22.76,582800
UBCP,20130125,6.48,6.48,6.25,6.25,600
UBFO,20130125,3.47,3.57,3.46,3.46,8400
UBNK,20130125,14.74,14.84,14.61,14.63,69900
UBNT,20130125,11.67,11.84,11.64,11.72,125200
UBOH,20130125,10.57,10.75,10.57,10.75,2600
UBSH,20130125,17,17.09,16.61,16.83,124100
UBSI,20130125,26,26,25.59,25.8,237800
UCBA,20130125,9.85,9.87,9.85,9.87,7800
UCBI,20130125,10.4,10.5,10.24,10.31,201400
UCFC,20130125,3.31,3.32,3.21,3.26,14200
UCTT,20130125,5.25,5.59,5.25,5.58,98000
UEIC,20130125,19.23,20.02,19,19.11,156800
UEPS,20130125,5.25,5.39,5.23,5.33,149400
UFCS,20130125,23.88,23.88,23.25,23.41,28700
UFPI,20130125,40.35,41.16,39.99,40.3,68900
UFPT,20130125,19.14,19.14,18.5,18.7,9200
UG,20130125,20.45,21,20.11,20.11,3300
UHAL,20130125,131.56,132.86,129.95,132.4,29200
UIHC,20130125,5.95,6,5.86,5.95,56900
ULBI,20130125,3.12,3.14,2.91,2.94,54800
ULTA,20130125,98.29,100.6,98.02,100.4,674500
ULTI,20130125,96.43,98.23,96.43,98.16,194300
UMBF,20130125,44.67,44.8,44.32,44.65,111000
UMPQ,20130125,12.64,12.84,12.62,12.74,514600
UNAM,20130125,12.8,12.8,12.8,12.8,0
UNB,20130125,19.82,19.82,19.52,19.52,300
UNFI,20130125,51.82,52.74,51.38,52.6,356100
UNIS,20130125,24.1,24.1,23.1,23.2,686600
UNTY,20130125,6.16,6.16,6.03,6.14,1600
UNXL,20130125,13.89,14.9,13.5,14.67,728500
URBN,20130125,42.8,43.81,42.64,43.62,2131800
URRE,20130125,47.28,47.88,45.72,46.08,157400
USAK,20130125,3.66,4,3.66,3.79,44400
USAP,20130125,33.8,33.8,32.75,33.23,14500
USAT,20130125,2.1,2.16,2.04,2.12,206400
USATP,20130125,18,18,18,18,100
USCR,20130125,11.9,12,10.15,11.8,186500
USEG,20130125,14.04,15,14.04,15,499500
USLM,20130125,47.57,47.65,46.01,46.45,2700
UTEK,20130125,39.58,39.99,39.23,39.65,180300
UTHR,20130125,53.32,53.65,53.12,53.51,241500
UTMD,20130125,40.65,40.77,39.42,40.32,3300
UTSI,20130125,3.06,3.09,2.91,2.97,347600
UVSP,20130125,16.65,16.74,16.4,16.44,59500
VALU,20130125,9.56,9.89,9.56,9.75,3000
VASC,20130125,16.17,16.36,16.07,16.29,48400
VBFC,20130125,20.32,20.32,19.36,20.32,5500
VCIT,20130125,87.53,87.57,87.36,87.46,273300
VCLT,20130125,91.03,91.03,90.44,90.65,196100
VCSH,20130125,80.31,80.35,80.28,80.31,666700
VDSI,20130125,7.89,7.9,7.75,7.78,100900
VECO,20130125,32.38,32.97,32.07,32.89,488700
VGIT,20130125,65.28,65.29,65.1,65.12,160400
VGLT,20130125,73.87,73.93,73.5,73.61,411900
VGSH,20130125,60.86,60.87,60.84,60.84,14600
VIA,20130125,61.76,62.78,61.66,61.81,43600
VIAB,20130125,59.05,59.39,58.61,59.02,2402900
VICL,20130125,34.3,34.3,32.6,33.4,318100
VICR,20130125,5.38,5.38,5.33,5.34,98900
VIRC,20130125,2.61,2.68,2.61,2.68,900
VISN,20130125,3.98,3.99,3.7,3.95,2500
VIVO,20130125,20.85,21.46,20.72,21.31,190800
VLGEA,20130125,30.44,30.62,30,30.5,12100
VMBS,20130125,52.18,52.18,52.04,52.07,78700
VNDA,20130125,4.3,4.31,4.2,4.27,174200
VNET,20130125,10.2,10.24,9.99,10.03,176600
VNQI,20130125,55.58,55.73,55.42,55.61,124200
VOD,20130125,26.88,27.07,26.85,27.07,13247000
VONE,20130125,68.85,68.96,68.71,68.93,7000
VONG,20130125,70.1,70.34,70.05,70.16,13400
VONV,20130125,67.65,67.75,67.5,67.74,21700
VOXX,20130125,9.19,9.3,9.02,9.1,110400
VRA,20130125,24.44,25.9,24.37,25.48,831100
VRML,20130125,1.41,1.41,1.35,1.39,39900
VRNT,20130125,33.83,33.9,33.63,33.8,336200
VRSK,20130125,55.09,55.27,54.77,54.99,625800
VRSN,20130125,40.98,43.37,40.63,42.96,8780800
VRTB,20130125,5.88,5.88,5.88,5.88,200
VRTS,20130125,143,143.77,140.58,140.8,62500
VRTU,20130125,19.28,19.47,19,19.37,140000
VRTX,20130125,47.4,47.69,46.7,46.85,1302000
VSAT,20130125,38.8,39.21,38.45,38.72,123400
VSEC,20130125,12.54,12.55,12.34,12.395,3500
VSTM,20130125,10.25,10.32,9.89,10.01,9800
VTHR,20130125,68.93,69.24,68.93,69.21,4000
VTIP,20130125,50.1,50.1,50.05,50.08,173500
VTWG,20130125,73.97,74.17,73.92,74.1,4500
VTWO,20130125,71.35,71.51,71.07,71.31,10800
VTWV,20130125,68.85,68.85,68.51,68.78,2000
VVUS,20130125,13,13.02,12.3,12.39,4984600
VXUS,20130125,48.35,48.35,48.11,48.29,353400
WABC,20130125,43.68,44.32,43.68,44.1,116200
WAFD,20130125,17.41,17.5,17.22,17.32,259900
WAFDW,20130125,3.5,3.5,3.5,3.5,0
WASH,20130125,26.15,26.15,25.7,25.84,42100
WAYN,20130125,9.49,9.55,9.49,9.52,2900
WBKC,20130125,18.71,18.9,18.71,18.73,400
WBMD,20130125,16.08,17.06,16.02,16.65,389000
WDC,20130125,47.88,48.58,47.72,48.08,3379000
WDFC,20130125,53.7,54.03,53.51,53.88,30400
WEBK,20130125,15.13,15.13,15.13,15.13,300
WEN,20130125,5.16,5.2,5.1,5.17,2878000
WERN,20130125,24.72,24.77,24.22,24.56,371000
WETF,20130125,8.74,8.78,8.61,8.71,1160200
WEYS,20130125,23.08,23.08,22.69,22.79,14700
WFBI,20130125,11,11,11,11,800
WFM,20130125,47.055,47.885,47,47.825,1940000
WHF,20130125,14.82,14.87,14.66,14.76,82600
WHLR,20130125,6.08,6.18,6.03,6.05,7400
WIFI,20130125,7.84,7.84,7.67,7.7,56000
WILC,20130125,5.5,5.5,5.37,5.4,4700
WILN,20130125,4.54,4.59,4.53,4.58,15900
WIN,20130125,9.73,9.76,9.58,9.65,5583000
WINA,20130125,61.8,63.53,61.51,62.11,3300
WIRE,20130125,32.36,32.97,32.13,32.8,35900
WLB,20130125,10,10.06,9.9,9.99,10000
WLDN,20130125,2.15,2.22,2.15,2.18,9200
WLFC,20130125,14.75,14.84,14.69,14.82,7500
WMAR,20130125,10.96,11.05,10.83,11.01,53500
WMGI,20130125,21.28,21.34,20.96,21.13,271700
WOOD,20130125,47.85,47.85,47.25,47.64,101600
WOOF,20130125,21.46,21.88,21.45,21.78,713200
WPCS,20130125,80.08,92.4,64.68,69.3,63800
WPPGY,20130125,77.27,77.59,77.01,77.5,44300
WPRT,20130125,28.4,28.5,27.92,28.21,558300
WRLD,20130125,75,75.24,74.18,75.12,81400
WSBC,20130125,22.85,22.85,22.34,22.52,58200
WSBF,20130125,7.2,7.32,6.69,7.16,71300
WSCI,20130125,6.37,6.46,6.26,6.28,2900
WSFS,20130125,14.8933,15.0467,14.8933,15.0233,16400
WSFSL,20130125,25.62,25.73,25.58,25.73,5100
WSTG,20130125,12.44,12.46,12.2,12.23,4300
WSTL,20130125,1.87,1.87,1.82,1.84,44400
WTBA,20130125,11.24,11.39,10.93,10.99,18000
WTFC,20130125,38,38,37.25,37.62,198700
WTFCW,20130125,18.39,18.39,18.39,18.39,0
WVFC,20130125,9.14,9.3,9.07,9.23,1400
WVVI,20130125,4,4.01,3.99,4.01,1900
WWD,20130125,39.11,39.58,38.6,38.9,382000
WYNN,20130125,123.06,124.34,122.7,123.93,930800
XBKS,20130125,5.65,5.83,5.5,5.83,35700
XLNX,20130125,36.88,37.24,36.68,36.85,3174200
XOMA,20130125,54.2,54.4,52.8,53.8,207600
XPLR,20130125,4.9,5.1,4.88,5,21900
XRAY,20130125,41.78,42.45,41.54,42.33,1009300
XXIA,20130125,18.93,18.96,18.6,18.8,665200
YHOO,20130125,20.43,20.48,20.23,20.37,14954200
YNDX,20130125,23.43,24.26,23.28,23.95,3926100
YOD,20130125,1.2,1.2,1.11,1.17,260000
YORW,20130125,18.29,18.47,18.06,18.31,21500
YRCW,20130125,6.8,7,6.6,6.69,270700
YY,20130125,13.21,13.35,13.2,13.25,55800
Z,20130125,36.37,36.38,34.89,35.35,462800
ZAGG,20130125,7.3,7.4,7.17,7.24,806300
ZBRA,20130125,43.06,43.19,42.63,42.86,155600
ZEUS,20130125,21.34,21.34,20.66,20.86,30800
ZGNX,20130125,11.6,11.68,11.2,11.52,474300
ZION,20130125,22.74,23.06,22.66,22.98,3090600
ZIONW,20130125,3.45,3.81,3.45,3.81,24400
ZIOP,20130125,4.07,4.19,4.02,4.19,664700
ZIXI,20130125,3.13,3.19,3.08,3.19,245200
ZLTQ,20130125,4.43,4.6,4.38,4.51,24400
ZN,20130125,1.5,1.52,1.03,1.19,1404400
ZNGA,20130125,2.47,2.53,2.45,2.49,11005300
ZUMZ,20130125,20.8,21.57,20.75,21.56,705800
