<ticker>,<date>,<open>,<high>,<low>,<close>,<vol>
AAL,20140623,44.31,44.88,43.8,44.36,18457800
AAME,20140623,3.95,4,3.74,3.93,22200
AAOI,20140623,23.46,23.57,22.84,23.06,237800
AAON,20140623,22.1867,22.1867,21.8,21.9733,64900
AAPL,20140623,91.32,91.62,90.6,90.83,43694300
AAWW,20140623,35.61,36.35,35.53,36.26,321700
AAXJ,20140623,62.36,62.39,62.21,62.32,144300
ABAX,20140623,44.29,44.79,43.78,44.39,131800
ABCB,20140623,21.46,21.61,21.27,21.28,81900
ABCD,20140623,2.08,2.08,1.91,2,40200
ABCO,20140623,51.3,51.49,50.73,51.43,141500
ABDC,20140623,14.05,14.4,14,14.31,27000
ABIO,20140623,10.01,10.36,10.01,10.22,101000
ABMD,20140623,23.63,23.67,22.89,23.26,146700
ABTL,20140623,13.12,13.22,12.98,13.12,73400
ABY,20140623,40,40,38.22,39.22,525000
ACAD,20140623,23.09,23.36,22.87,22.97,671200
ACAS,20140623,14.87,15.03,14.81,14.97,2769300
ACAT,20140623,38.85,39.45,38.29,38.55,236300
ACET,20140623,17.41,17.93,17.41,17.51,231000
ACFC,20140623,4.24,4.24,4.1,4.1,5000
ACGL,20140623,57.54,58,57.2,57.25,195600
ACHC,20140623,47.42,47.65,46.91,47.59,345500
ACHN,20140623,8.12,8.33,7.51,7.77,9278700
ACIW,20140623,18.82,18.9267,18.6367,18.7433,195500
ACLS,20140623,7.92,8.08,7.72,8.04,124500
ACNB,20140623,19.5,19.58,19.5,19.58,600
ACOR,20140623,34.88,35.4,34.53,35.13,695700
ACPW,20140623,2.81,2.86,2.79,2.79,27100
ACRX,20140623,10.3,10.7,10.3,10.52,674500
ACSF,20140623,14.26,14.4,14.06,14.25,65600
ACST,20140623,11.8,12.1,11.3,11.3,316600
ACTG,20140623,16.95,17.22,16.74,16.89,208400
ACTS,20140623,2.37,2.4,2.33,2.38,52700
ACUR,20140623,1.08,1.13,1.03,1.11,188200
ACWI,20140623,61.24,61.26,60.96,61.15,657600
ACWX,20140623,48.9,49.02,48.8,49.02,968100
ACXM,20140623,21.65,22.06,21.52,21.83,615000
ADBE,20140623,72.67,73.16,72.29,72.89,2354400
ADES,20140623,23.45,23.6,22.84,23.04,113600
ADHD,20140623,19.81,19.96,18.25,18.41,205200
ADI,20140623,54.78,54.96,54.45,54.52,893900
ADMP,20140623,5.15,5.38,5.05,5.34,182900
ADMS,20140623,19.37,19.75,19.21,19.31,41000
ADP,20140623,69.6751,69.8771,69.2363,69.5523,921100
ADRA,20140623,29.47,29.47,29.47,29.47,100
ADRD,20140623,25.77,25.77,25.68,25.68,1800
ADRE,20140623,38.78,38.94,38.67,38.85,17300
ADRU,20140623,25.83,25.83,25.8,25.8,700
ADSK,20140623,56.12,56.43,55.84,56.17,885600
ADTN,20140623,22.03,22.18,21.8,21.81,391500
ADUS,20140623,22.15,22.45,21.96,22.33,36300
ADXS,20140623,3.14,3.16,3.08,3.15,131100
ADXSW,20140623,1.15,1.15,1.13,1.14,2500
AEGN,20140623,23.32,23.32,22.86,23.04,196300
AEGR,20140623,34.69,35.04,33.87,34.02,486100
AEHR,20140623,2.2,2.22,2.09,2.19,28600
AEIS,20140623,18.91,19.08,18.68,18.79,254000
AEPI,20140623,39.28,39.6,37.4,37.93,26900
AERI,20140623,19.9,21,19.66,20.59,210900
AETI,20140623,6.58,6.72,6.58,6.66,8700
AEY,20140623,2.99,3,2.88,2.88,25500
AEZS,20140623,111,114,109,112,394300
AFAM,20140623,21.81,21.88,21.3,21.81,59900
AFH,20140623,16,16,15.65,15.68,80200
AFSI,20140623,21.305,21.4,21.125,21.345,364300
AGEN,20140623,3.56,3.62,3.37,3.43,318100
AGII,20140623,50.34,50.45,49.55,49.78,155400
AGIIL,20140623,24.21,24.28,24.2,24.26,13900
AGIO,20140623,48.63,48.64,43.46,44.02,738700
AGNC,20140623,23.74,24.06,23.73,23.92,4850200
AGNCB,20140623,24.79,24.88,24.79,24.84,49000
AGNCP,20140623,26.21,26.43,26.21,26.43,8800
AGND,20140623,48.15,48.15,48.15,48.15,0
AGRX,20140623,7.9,12.55,7.9,10.33,1831500
AGTC,20140623,31.18,32.65,30.47,31.27,56700
AGYS,20140623,13.84,13.84,13.75,13.78,185700
AGZD,20140623,50.08,50.08,50.08,50.08,0
AHGP,20140623,62.69,65.65,62.38,64.84,176200
AHPI,20140623,2.38,2.38,2.3,2.37,1600
AIMC,20140623,37.3,37.3,36.77,36.94,120100
AINV,20140623,8.37,8.43,8.32,8.4,3486200
AIQ,20140623,26.82,28.67,26.82,27.95,56300
AIRM,20140623,51.35,51.69,51.02,51.66,258100
AIRR,20140623,19.35,19.52,19.21,19.27,21700
AIRT,20140623,12.85,12.99,12.85,12.96,7300
AIXG,20140623,14.64,14.78,14.57,14.78,63900
AKAM,20140623,61,62.35,60.95,62.12,1892800
AKAO,20140623,15.71,16.04,15.29,15.87,111700
AKBA,20140623,29.75,30.39,28.47,28.68,225500
AKER,20140623,3.78,3.94,3.76,3.94,9200
AKRX,20140623,30,30.48,29.67,29.73,941200
ALCO,20140623,39.32,39.48,38.6,39.33,4100
ALDR,20140623,18.01,19.37,17.56,18.83,217700
ALDX,20140623,7.02,7.25,6.79,7.2,15700
ALGN,20140623,52.25,52.74,52.06,52.51,925900
ALGT,20140623,117.14,117.73,115.02,116.93,86100
ALIM,20140623,6.02,6.02,5.67,5.94,157700
ALKS,20140623,51.03,51.81,50.39,50.5,674700
ALLT,20140623,13.23,13.32,13.11,13.17,95600
ALNY,20140623,70.82,70.82,66.78,67.03,723500
ALOG,20140623,76.39,76.91,75.5,76.58,84100
ALOT,20140623,13.93,13.93,13.68,13.86,1300
ALQA,20140623,6.27,6.48,5.87,5.91,98300
ALSK,20140623,1.77,1.8,1.76,1.76,209200
ALXN,20140623,166.22,166.22,161.51,161.66,968400
AMAG,20140623,20.05,20.44,19.96,20.41,450500
AMAT,20140623,22.76,22.99,22.7,22.9,20573600
AMBA,20140623,29.9,30.5,29.51,30.44,1103000
AMBC,20140623,27.75,27.75,27.04,27.32,285700
AMBCW,20140623,17.59,17.62,17,17.61,11700
AMCC,20140623,11.09,11.28,10.9,10.93,519600
AMCN,20140623,2.39,2.42,2.28,2.38,215100
AMCX,20140623,61.19,61.19,60.26,60.66,928300
AMD,20140623,4.06,4.08,3.9,4.01,49638300
AMDA,20140623,71.1,73.35,69.75,70.35,18000
AMED,20140623,13.79,13.85,13.53,13.62,190100
AMGN,20140623,120.68,120.85,118.5,119.13,2317900
AMKR,20140623,10.65,11.2,10.63,11.11,3372300
AMNB,20140623,22.01,22.22,22.01,22.1,24600
AMOT,20140623,16.2,16.22,15.53,15.83,36900
AMOV,20140623,19.5,19.5,19.4,19.49,6900
AMRB,20140623,8.64,8.88,8.62,8.72,3000
AMRI,20140623,20,20.45,19.56,19.79,586700
AMRK,20140623,11.34,11.6,11,11.48,25200
AMRN,20140623,1.61,1.62,1.56,1.56,1624100
AMRS,20140623,3.95,4.04,3.88,4.04,405900
AMSC,20140623,15.5,15.9,15.2,15.3,522300
AMSF,20140623,39.31,40.51,39.22,39.95,108200
AMSG,20140623,50.53,50.53,49.81,50.19,181500
AMSWA,20140623,9.88,10.07,9.85,10.06,51300
AMTX,20140623,10.84,11.2,10,10.17,205600
AMWD,20140623,31.4,31.75,31.16,31.5,46900
AMZN,20140623,323.33,327.55,321.41,327.24,2609600
ANAT,20140623,116.27,116.92,114.32,115.84,23600
ANCB,20140623,19.13,19.13,19.13,19.13,0
ANCX,20140623,14.43,14.83,14.29,14.31,69400
ANDE,20140623,52.2,52.5,51.43,51.7,186800
ANGI,20140623,12,12.19,11.62,12.12,871000
ANGO,20140623,16.16,16.17,15.94,16.09,93300
ANIK,20140623,46.57,46.65,45.5,46.02,233200
ANIP,20140623,37.13,37.74,36.04,36.55,127000
ANSS,20140623,74.84,74.99,74.27,74.41,548900
ANTH,20140623,3.55,3.55,3.49,3.52,109400
AOSL,20140623,9.08,9.19,9.06,9.1,61700
APEI,20140623,34.17,34.23,33.61,33.88,86800
APOG,20140623,31.41,31.77,30.96,31.05,75900
APOL,20140623,29.34,29.7,28.98,29.65,1511600
APPY,20140623,18.4,18.72,18.16,18.64,186200
APRI,20140623,22,22.3,22,22.1,55200
APWC,20140623,2.54,2.55,2.54,2.54,500
AQXP,20140623,9.58,9.58,9.04,9.04,39800
ARAY,20140623,9.51,9.57,9.19,9.21,1152200
ARCB,20140623,43.02,43.08,42.17,42.26,133100
ARCC,20140623,17.15,17.22,17.09,17.22,2155800
ARCI,20140623,4.01,4.06,3.99,4.04,9600
ARCW,20140623,17.26,17.62,16.6,17.23,94700
ARDM,20140623,9.11,9.2,8.95,8.95,7100
ARDX,20140623,14.68,15.88,14.36,15.15,99600
AREX,20140623,22.51,23.04,22.45,23,732900
ARGS,20140623,7.47,7.77,6.65,6.89,57400
ARIA,20140623,6.66,6.71,6.55,6.57,3735000
ARII,20140623,67.65,68.97,67.33,68.44,218000
ARIS,20140623,2.91,3.04,2.91,3.02,2100
ARKR,20140623,21.19,21.43,21.1,21.21,6500
ARLP,20140623,45.13,46.06,45.05,46.06,190700
ARNA,20140623,6.05,6.12,5.9,5.98,4923400
AROW,20140623,25.53,25.86,25.52,25.75,13100
ARQL,20140623,1.51,1.54,1.45,1.46,538700
ARRS,20140623,33.63,34.13,32.95,33.03,1913900
ARRY,20140623,4.38,4.43,4.23,4.28,999200
ARTNA,20140623,22.5,22.79,22.38,22.4,9800
ARTW,20140623,5.99,5.99,5.85,5.98,1200
ARTX,20140623,4.28,4.72,4.2,4.66,1129900
ARWR,20140623,15.73,15.73,14.61,15.05,2281200
ASBB,20140623,20.2,20.2,20,20,1600
ASCMA,20140623,64.02,64.26,63.06,64.11,38700
ASFI,20140623,8.49,8.49,8.37,8.42,12900
ASML,20140623,92.5,93.23,92.25,92.94,1050400
ASNA,20140623,16.91,17.2,16.91,17.18,838300
ASPS,20140623,114.99,118.12,114.07,117.72,139000
ASRV,20140623,3.47,3.53,3.47,3.51,5000
ASRVP,20140623,26.55,26.58,26.55,26.55,2000
ASTC,20140623,3.35,3.35,3.2,3.33,53800
ASTE,20140623,43.37,43.74,42.45,42.58,74100
ASUR,20140623,6.17,6.19,5.91,5.91,3100
ASYS,20140623,11.24,11.28,11.01,11.17,8100
ATAI,20140623,4.62,4.75,4.62,4.7,8900
ATAX,20140623,6,6.08,6,6.05,125400
ATEC,20140623,15.72,16.2,15.6,15.96,402100
ATHN,20140623,126.48,126.97,122.74,123.97,662400
ATHX,20140623,1.58,1.61,1.53,1.55,499300
ATLC,20140623,2.85,2.97,2.85,2.97,4100
ATLO,20140623,22.5,22.51,22.02,22.22,12900
ATNI,20140623,55.44,55.88,55.41,55.67,46900
ATOS,20140623,24.9,25.5,24.45,24.9,144800
ATRC,20140623,18.91,19,18.7,18.75,103900
ATRI,20140623,320.46,320.46,316.51,316.51,4700
ATRO,20140623,57.05,60.16,56.42,60.07,161900
ATRS,20140623,3.05,3.06,3,3.01,536400
ATSG,20140623,8.35,8.35,8.04,8.17,187700
ATTU,20140623,8.33,8.37,8.14,8.25,15100
ATVI,20140623,22.11,22.15,21.78,22.09,8967000
AUBN,20140623,24.44,24.44,24.44,24.44,0
AUDC,20140623,6.67,6.85,6.66,6.74,142800
AVAV,20140623,31.65,32.3,31.15,31.82,279500
AVEO,20140623,1.56,1.59,1.5,1.52,1038400
AVGO,20140623,71.61,71.96,70.79,71.24,1334900
AVHI,20140623,16.64,17,16.5,16.74,43800
AVNW,20140623,15.12,15.72,14.4,14.52,464700
AWRE,20140623,5.72,5.76,5.7,5.72,12800
AXAS,20140623,5.58,5.96,5.55,5.91,6410900
AXDX,20140623,29.01,30.89,28.72,30.56,352900
AXGN,20140623,2.86,2.88,2.83,2.83,7700
AXTI,20140623,2.1,2.14,2.09,2.09,61800
AZPN,20140623,45.57,46.14,45.29,46.12,447900
BABY,20140623,25.88,25.96,24.95,24.99,228100
BANF,20140623,61.36,62.11,61.1,61.22,16900
BANFP,20140623,27,27.04,27,27.04,400
BANR,20140623,40.36,40.36,39.44,39.7,51400
BANX,20140623,25.77,26.14,25.36,25.36,23300
BASI,20140623,2.6,2.62,2.55,2.6,30000
BBBY,20140623,60.1,61.56,60.1,60.98,4294500
BBGI,20140623,5.49,5.92,5.42,5.58,42300
BBOX,20140623,22.76,23.12,22.67,22.78,51100
BBRG,20140623,16.03,16.13,15.89,15.97,52800
BBRY,20140623,9.91,10.14,9.86,10.12,37527900
BBSI,20140623,48.29,48.29,46.82,46.82,59000
BCBP,20140623,13.4,13.5,13.4,13.48,4500
BCOM,20140623,19.25,19.47,19.05,19.47,7300
BCOR,20140623,18.57,18.57,18.35,18.51,317600
BCOV,20140623,10.69,10.77,10.36,10.58,226100
BCPC,20140623,54.01,54.01,53.29,53.6,70400
BCRX,20140623,12.23,12.86,11.93,12,2388900
BDE,20140623,11.65,12.04,11.65,11.96,99300
BDGE,20140623,24.11,24.4,24.11,24.28,6800
BDSI,20140623,12.49,12.58,12.04,12.15,564600
BEAT,20140623,7.76,7.83,7.62,7.76,177600
BEAV,20140623,94.06,94.71,93.54,93.95,947200
BEBE,20140623,3.37,3.42,3.33,3.33,346900
BECN,20140623,33.29,33.79,33.06,33.27,602000
BELFA,20140623,24.16,24.8,24.16,24.8,600
BELFB,20140623,25.8,25.85,25.09,25.67,38700
BFIN,20140623,10.54,10.6,10.36,10.57,67500
BGCP,20140623,7.46,7.63,7.41,7.61,1171800
BGFV,20140623,11.81,11.96,11.71,11.83,109700
BIB,20140623,45.82,46.24,44.75,44.9,233300
BICK,20140623,26.6,26.6,26.56,26.56,400
BIDU,20140623,174,178.92,174,177.54,3289500
BIIB,20140623,318.01,321.89,312.87,313.46,890800
BIOC,20140623,22.83,22.83,18.87,20.52,74500
BIOL,20140623,2.07,2.07,1.96,1.97,220000
BIOS,20140623,8.11,8.28,8.08,8.21,651800
BIS,20140623,14.38,14.76,14.33,14.75,294400
BJRI,20140623,35.59,35.86,35.09,35.83,162000
BKCC,20140623,8.85,8.94,8.82,8.91,544700
BKEP,20140623,9.18,9.2,9.06,9.14,11600
BKEPP,20140623,9.89,9.94,9.76,9.76,4600
BKMU,20140623,6.03,6.03,5.85,5.88,34300
BKSC,20140623,15.24,15.24,15,15,1900
BLDP,20140623,4.33,4.35,4.14,4.23,2746900
BLDR,20140623,7.36,7.53,7.35,7.45,213900
BLFS,20140623,2.1,2.2,2.02,2.1,135100
BLIN,20140623,4.5,4.55,4.2,4.5,8300
BLKB,20140623,35.35,35.69,35.28,35.39,124400
BLMN,20140623,22.43,22.84,22.24,22.78,940500
BLMT,20140623,17.45,17.68,17.15,17.16,12300
BLRX,20140623,2.17,2.17,2.01,2.16,38100
BLUE,20140623,40.09,41.11,38.52,38.8,510400
BLVD,20140623,9.81,9.82,9.8,9.82,600
BLVDU,20140623,10.04,10.04,10.04,10.04,0
BLVDW,20140623,0.7,0.7,0.7,0.7,0
BMRC,20140623,44.68,44.99,44.5,44.7,3200
BMRN,20140623,65.26,66.3,64.04,64.24,1068300
BMTC,20140623,29.67,29.67,29.02,29.37,29800
BNCL,20140623,13.54,13.6,13.49,13.55,81900
BNCN,20140623,17.52,17.78,17.37,17.48,107600
BNDX,20140623,51.28,51.28,51.21,51.26,172600
BNFT,20140623,45.93,47.28,44.61,47.09,106900
BNSO,20140623,1.98,1.98,1.69,1.84,3100
BOBE,20140623,50.39,50.86,50.16,50.67,253800
BOCH,20140623,6.37,6.38,6.23,6.24,6300
BOFI,20140623,18.6625,18.73,18.1475,18.265,378500
BOKF,20140623,65.71,65.71,65.04,65.26,72600
BONT,20140623,10.3,10.57,10.11,10.53,176000
BOOM,20140623,22.71,22.72,22.2,22.45,22800
BOSC,20140623,3.97,4.1,3.79,4.1,49500
BOTJ,20140623,8.85,8.85,8.85,8.85,100
BPFH,20140623,13.25,13.55,13.25,13.37,303700
BPFHP,20140623,24.85,24.85,24.81,24.81,1600
BPFHW,20140623,6.25,6.25,6.25,6.25,100
BPOP,20140623,33.7,33.86,33.54,33.75,740300
BPOPM,20140623,21.97,22,21.55,21.85,2800
BPOPN,20140623,22.7,22.7,22.66,22.66,4700
BPTH,20140623,3.3,3.34,3.14,3.23,509700
BRCD,20140623,9.15,9.29,9.14,9.26,3329300
BREW,20140623,10.93,11,10.64,10.77,38100
BRID,20140623,8.59,8.59,8.55,8.55,800
BRKL,20140623,9.19,9.3,9.18,9.26,134900
BRKR,20140623,23.88,23.91,23.54,23.87,603500
BRKS,20140623,9.94,9.97,9.82,9.88,338500
BSET,20140623,12.26,12.32,11.88,12.07,84800
BSF,20140623,8.71,9.05,8.49,8.85,27900
BSFT,20140623,24.86,25.56,24.74,25.27,247400
BSPM,20140623,10.22,10.57,10.22,10.29,10100
BSQR,20140623,3.19,3.38,3.15,3.17,13400
BSRR,20140623,15.55,15.67,15.3,15.47,11200
BSTC,20140623,27.87,27.95,27.55,27.63,23600
BUR,20140623,3.59,3.84,3.41,3.83,6200
BUSE,20140623,5.78,5.85,5.75,5.84,82500
BV,20140623,7.69,7.9,7.69,7.86,645800
BVSN,20140623,10.05,10.08,9.87,9.92,10800
BWEN,20140623,9.59,9.68,9.2,9.33,165000
BWFG,20140623,16.3,16.68,16.3,16.52,42800
BWINA,20140623,24,24,24,24,300
BWINB,20140623,26.1,26.17,25.86,25.92,16000
BWLD,20140623,158.24,166.35,158.24,166.25,1103900
BYBK,20140623,5.5,5.5,5.5,5.5,200
BYFC,20140623,1.53,1.59,1.53,1.59,500
CA,20140623,28.84,28.84,28.59,28.76,1830200
CAAS,20140623,8.81,9.24,8.81,8.97,127500
CAC,20140623,38.13,38.34,38.1,38.17,10200
CACB,20140623,4.9,5.08,4.9,5.06,148300
CACC,20140623,125.99,126.74,123.66,124.1,36100
CACQ,20140623,11.87,11.99,11.61,11.98,455900
CADC,20140623,3.5,3.5,3.5,3.5,0
CAKE,20140623,46.4,46.74,46.14,46.7,628500
CALD,20140623,11.16,11.42,11.06,11.31,309700
CALI,20140623,2.24,2.3,2.19,2.21,14800
CALL,20140623,15.45,15.46,14.85,15.18,411400
CALM,20140623,36.465,36.565,35.885,36.045,94200
CAMP,20140623,20.15,20.94,20.02,20.92,784400
CAMT,20140623,3.2,3.45,3.2,3.36,273100
CAR,20140623,58.51,58.69,57.15,57.71,1084900
CARA,20140623,17.39,17.43,16.23,17.2,119100
CARB,20140623,11.53,11.64,11.19,11.54,108400
CART,20140623,5,5,5,5,0
CARV,20140623,10.25,10.25,10.25,10.25,100
CARZ,20140623,40.9,41.18,40.77,40.92,12000
CASH,20140623,40.61,40.71,39.87,40.23,20800
CASI,20140623,1.64,1.8,1.64,1.78,38700
CASM,20140623,1.98,2.09,1.98,2.04,21600
CASS,20140623,49.94,51.02,49.85,50.7,33500
CASY,20140623,69.88,70.3,68.98,70.13,290100
CATM,20140623,33.99,34.21,33.65,34.18,347400
CATY,20140623,25.64,25.83,25.43,25.55,313600
CATYW,20140623,7.45,7.45,7.45,7.45,0
CAVM,20140623,51.28,51.38,50.47,50.5,835500
CBAK,20140623,2.37,2.41,2.31,2.36,24500
CBAN,20140623,6.17,6.17,6.02,6.02,4300
CBAY,20140623,6.5,6.5,6.5,6.5,1000
CBF,20140623,24.62,24.76,24.52,24.67,56400
CBLI,20140623,10.6,10.8,10.4,10.8,46500
CBMG,20140623,15.88,15.88,13,13.19,26800
CBMX,20140623,34.5,35.1,33.9,34.35,71600
CBOE,20140623,48.96,49.36,48.77,49.23,605200
CBPO,20140623,44.55,50,42.76,43.44,110500
CBRL,20140623,99.5,99.75,98.61,99.31,158400
CBSH,20140623,46.17,46.27,45.75,45.84,253500
CCBG,20140623,13.5,13.59,13.31,13.51,32200
CCCR,20140623,3.1,3.15,2.75,3.15,150800
CCIH,20140623,15.39,15.77,14.45,15.42,548600
CCMP,20140623,44.5,44.71,43.95,44.35,67800
CCNE,20140623,16.87,16.87,16.36,16.36,9000
CCOI,20140623,35.01,35.03,34.65,34.7,571600
CCRN,20140623,6.51,6.51,6.36,6.4,451900
CCUR,20140623,7.88,7.97,7.83,7.88,19400
CCXI,20140623,6.05,6.05,5.69,5.78,141200
CDNS,20140623,17.19,17.43,17.05,17.38,3261100
CDTI,20140623,14.35,14.75,13.65,13.8,353000
CDW,20140623,32.03,32.28,31.84,31.98,764300
CDXS,20140623,1.43,1.49,1.42,1.48,20100
CDZI,20140623,8.51,8.68,8.4,8.4,13300
CECE,20140623,15.35,15.47,15.14,15.42,33400
CECO,20140623,4.99,4.99,4.83,4.89,534600
CELG,20140623,85.565,86.99,85.125,85.495,2397600
CELGZ,20140623,2.71,2.71,2.6,2.7,11900
CEMI,20140623,3.42,3.54,3.41,3.41,17700
CEMP,20140623,11.05,11.19,10.75,10.95,160200
CENT,20140623,9.96,10.01,9.58,9.58,1283000
CENTA,20140623,10,10.11,9.57,9.58,979400
CENX,20140623,15.69,15.82,15.64,15.75,381300
CERN,20140623,52.15,52.2,51.4,51.65,2087900
CERS,20140623,4.08,4.15,4.06,4.13,448400
CERU,20140623,6.79,6.79,5.84,6.32,89200
CETV,20140623,2.74,2.77,2.68,2.7,385000
CEVA,20140623,15.13,15.14,14.81,14.84,50800
CFBK,20140623,1.48,1.48,1.48,1.48,200
CFFI,20140623,35.65,35.7,35.01,35.1,27500
CFFN,20140623,12.09,12.09,11.96,12.01,385600
CFNB,20140623,14.27,14.59,14.16,14.28,26600
CFNL,20140623,18.49,18.57,18.3,18.33,51100
CG,20140623,34.67,35.1,34.15,34.83,469300
CGEN,20140623,9.04,9.23,8.99,9.08,148900
CGIX,20140623,11.08,11.28,10.87,11,70400
CGNX,20140623,38.38,39.16,38.26,39.02,694300
CGO,20140623,14.79,14.8,14.66,14.71,12500
CHCI,20140623,1.16,1.19,1.14,1.18,98700
CHCO,20140623,45.6,46.28,45.17,45.86,48000
CHDN,20140623,88.86,89.18,87.08,89.09,32700
CHEF,20140623,19.83,20,19.64,19.8,55300
CHFC,20140623,28.35,28.35,27.85,28,327000
CHFN,20140623,10.98,11.02,10.91,11.02,369900
CHI,20140623,13.98,14,13.83,13.96,149200
CHKE,20140623,15.2,15.35,15.08,15.11,37700
CHKP,20140623,67.79,67.84,66.94,67.02,790600
CHMG,20140623,28.31,28.76,27.85,27.94,11400
CHNR,20140623,3.45,3.45,3.45,3.45,100
CHRW,20140623,63.92,64.04,63.65,63.81,1183700
CHSCN,20140623,27.39,27.39,27.19,27.3,10000
CHSCO,20140623,29.26,29.49,29.26,29.48,12200
CHSCP,20140623,31.09,31.46,30.86,31.39,10800
CHTR,20140623,151.85,154.63,151,151.63,1145700
CHUY,20140623,34.11,34.38,33.68,34.09,77100
CHW,20140623,9.68,9.69,9.63,9.65,139100
CHY,20140623,14.94,15.04,14.83,14.93,177700
CIDM,20140623,29.9,30.5,28.9,29.7,413000
CIFC,20140623,8.92,8.92,8.7,8.72,10800
CINF,20140623,48.87,48.96,48.46,48.65,341700
CISG,20140623,7.1,7.3,7,7.2,39600
CIZN,20140623,18.89,18.9,18.33,18.9,400
CJJD,20140623,1.55,1.56,1.51,1.51,14700
CKEC,20140623,34.6,34.87,34.19,34.48,174600
CLAC,20140623,9.83,9.83,9.83,9.83,100
CLACU,20140623,10.85,11,10.31,10.31,700
CLBH,20140623,10.28,10.29,10.14,10.14,1400
CLCT,20140623,19.83,20.67,19.67,20.64,60700
CLDX,20140623,16.86,17.45,16.47,16.57,1629600
CLFD,20140623,18.84,19.63,18.8,18.97,159500
CLIR,20140623,10,10,9.48,9.7,22700
CLMS,20140623,13.19,13.35,13.17,13.28,63500
CLMT,20140623,31.55,32.44,31.49,32.12,609500
CLNE,20140623,11.1,11.39,11.07,11.27,1104200
CLNT,20140623,5.75,5.8,5.72,5.79,18400
CLRO,20140623,9.66,9.77,9.46,9.69,10200
CLSN,20140623,3.54,3.55,3.42,3.49,59200
CLUB,20140623,5.8,5.84,5.69,5.69,239900
CLVS,20140623,41.75,43.11,41.01,41.1,480500
CLWT,20140623,5,5.21,5,5.02,4900
CMCO,20140623,27.99,27.99,27.09,27.43,76800
CMCSA,20140623,52.65,52.77,52.36,52.43,7969900
CMCT,20140623,22.53,22.54,21.84,22.01,7800
CME,20140623,71.65,72.28,71.39,72.19,794300
CMFN,20140623,14.11,14.6,14.1,14.5,57800
CMLS,20140623,53.36,54.16,51.44,52.72,4036300
CMRX,20140623,23.26,23.55,22.38,22.78,195000
CMTL,20140623,39.38,39.38,38.17,38.26,124800
CNAT,20140623,8.6,8.7,8.25,8.31,674400
CNBKA,20140623,36.39,37.68,36.01,36.54,8000
CNCE,20140623,10.46,10.46,9.44,9.56,186700
CNET,20140623,0.85,0.88,0.79,0.88,36900
CNIT,20140623,4.17,4.23,4.14,4.19,6300
CNMD,20140623,44.83,44.83,43.67,43.85,133600
CNOB,20140623,19.01,19.1,18.96,19.06,30500
CNSL,20140623,21.59,21.69,21.48,21.56,227300
CNTF,20140623,7.25,7.25,6.9,6.95,67000
CNTY,20140623,6,6,5.76,5.87,143500
COBZ,20140623,10.75,10.89,10.7,10.77,28200
COHR,20140623,66.12,67,66.1,66.85,122000
COHU,20140623,10.77,10.78,10.65,10.71,61900
COKE,20140623,74.23,75.92,74.23,75.11,27100
COLB,20140623,26.41,26.58,26.12,26.27,123300
COLM,20140623,42.16,42.315,41.715,42.005,50000
COMM,20140623,24.18,24.41,23.99,24.31,1278000
CONE,20140623,24.18,24.88,23.86,24.65,842700
CONN,20140623,48.31,49.57,47.95,49.11,631500
COOL,20140623,11.4,11.64,10.98,11.16,47900
CORE,20140623,23.005,23.1325,22.895,23.0675,86300
CORI,20140623,7.15,7.25,6.91,7.24,105200
CORT,20140623,2.56,2.94,2.5,2.91,591400
COST,20140623,115.2,115.32,114.51,115.22,1509500
COVS,20140623,5.67,5.93,5.56,5.71,95200
COWN,20140623,4.45,4.45,4.35,4.38,716400
CPAH,20140623,11.6,11.6,11.6,11.6,100
CPHC,20140623,10.75,10.84,10.75,10.76,12600
CPIX,20140623,4.42,4.54,4.42,4.49,34000
CPLA,20140623,56.02,56.46,54.46,54.8,72100
CPLP,20140623,11,11,10.91,10.99,195500
CPRT,20140623,35.08,35.18,34.89,34.96,493500
CPRX,20140623,2.48,2.69,2.48,2.61,1023200
CPSI,20140623,62.11,62.45,61.1,61.2,101900
CPSS,20140623,7.58,7.77,7.56,7.75,48400
CPST,20140623,31,31.2,30.4,30.6,1667600
CPTA,20140623,18.58,18.7,18.33,18.56,33600
CRAI,20140623,23.02,23.14,22.88,23.04,18500
CRAY,20140623,25.35,25.57,24.87,25.27,313100
CRDS,20140623,62.8,63.8,59.4,62,118100
CRDT,20140623,75.51,75.68,75.51,75.68,800
CREE,20140623,48.77,48.86,48.26,48.59,1178000
CREG,20140623,26,26.4,23.7,24,218500
CRESY,20140623,12.25,12.96,12.2,12.77,144500
CRIS,20140623,1.75,1.77,1.68,1.69,1830600
CRME,20140623,8.1,8.16,7.87,8.14,126400
CRMT,20140623,36.92,37.38,36.92,37.06,16400
CRNT,20140623,2.55,2.58,2.5,2.55,125900
CROX,20140623,14.82,14.87,14.6,14.69,638300
CRTN,20140623,4.35,4.44,4.05,4.22,14900
CRTO,20140623,34.01,34.73,33.81,34.44,376000
CRUS,20140623,23.09,23.86,23.05,23.78,1455300
CRVL,20140623,43.82,44.01,43,43.37,76900
CRWS,20140623,7.95,8.36,7.9,8,30500
CRZO,20140623,68.48,69.15,67.28,67.9,862900
CSBK,20140623,12.59,12.65,12.53,12.62,116500
CSCO,20140623,24.81,24.9,24.65,24.7,18752200
CSFL,20140623,11.23,11.47,11.23,11.29,270800
CSGP,20140623,158.82,159.37,155.51,156.14,465200
CSGS,20140623,25.43,25.58,25.26,25.55,117300
CSII,20140623,31.31,31.46,30.71,30.95,103000
CSIQ,20140623,29.28,29.48,28.5,29.21,3245600
CSOD,20140623,45.31,46.34,44.76,46.14,923400
CSPI,20140623,7,7,6.7,6.86,2400
CSQ,20140623,11.97,11.99,11.91,11.95,314800
CSTE,20140623,47.49,47.54,47.26,47.41,150100
CSWC,20140623,35.24,35.56,35.09,35.16,65100
CSX,20140623,31,31.09,30.65,30.81,7954600
CTAS,20140623,64.05,64.25,63.01,63.18,461100
CTBI,20140623,34.59,34.83,34.33,34.45,35900
CTG,20140623,15.58,15.58,14.91,15,29400
CTHR,20140623,2.21,2.23,2.17,2.18,41200
CTIB,20140623,4.75,4.83,4.75,4.77,1400
CTIC,20140623,2.98,3,2.92,2.92,1155900
CTRE,20140623,19.32,19.59,18.7,18.86,121100
CTRL,20140623,18.18,19.33,18.18,19.26,930900
CTRN,20140623,21.59,21.75,20.95,21.21,122800
CTRP,20140623,29.94,30.29,29.465,29.54,1605000
CTSH,20140623,49.47,49.6,49.02,49.37,2096600
CTWS,20140623,33,33.24,32.81,33.18,23400
CTXS,20140623,64.8,65.24,64.4,65.06,2109500
CUBA,20140623,8.15,8.18,8.09,8.15,12700
CUI,20140623,9.48,9.79,9.46,9.69,251300
CUNB,20140623,19.29,19.5,19.03,19.11,13100
CUTR,20140623,9.38,9.54,9.23,9.37,103500
CVBF,20140623,16.22,16.34,16.14,16.19,476500
CVCO,20140623,82.76,82.92,81.3,81.85,48400
CVCY,20140623,12.69,12.71,11.67,11.9,14800
CVGI,20140623,9.8,10.45,9.78,10.3,503500
CVGW,20140623,34.03,34.2,33.63,33.87,34100
CVLT,20140623,49.14,49.25,48.28,48.9,367800
CVLY,20140623,21.02,21.02,20.13,20.31,12800
CVTI,20140623,12.6,12.7,12.36,12.7,76400
CVV,20140623,11.95,12.17,11.85,12.11,13200
CWAY,20140623,10.68,10.72,10.52,10.71,10200
CWBC,20140623,6.65,6.8,6.61,6.62,4000
CWCO,20140623,12.31,12.45,11.62,11.76,222900
CWST,20140623,5.38,5.42,5.26,5.36,124400
CXDC,20140623,8.54,8.69,8.22,8.26,437500
CY,20140623,11.04,11.09,10.98,10.98,1134400
CYAN,20140623,4.78,4.78,4.61,4.61,17700
CYBE,20140623,8.1,8.19,7.92,7.95,9200
CYCC,20140623,37.44,40.32,37.44,38.28,230600
CYCCP,20140623,8.59,8.59,8.59,8.59,0
CYHHZ,20140623,0.07,0.07,0.06,0.07,292600
CYNO,20140623,20.38,20.76,20.35,20.68,324300
CYOU,20140623,25.26,25.48,25,25.21,66800
CYRN,20140623,3.16,3.17,2.98,3.03,73600
CYTK,20140623,4.86,4.98,4.74,4.77,770900
CYTR,20140623,4.83,4.91,4.63,4.65,1466300
CYTX,20140623,36.45,36.6,35.4,36,182400
CYTXW,20140623,0.57,0.57,0.57,0.57,0
CZFC,20140623,10.95,11,10.85,10.99,1600
CZNC,20140623,19,19.17,18.63,19.02,25400
CZR,20140623,18.37,18.44,17.78,17.84,1086400
CZWI,20140623,8.36,8.41,8.34,8.41,700
DAIO,20140623,2.9,2.92,2.85,2.91,9300
DAKT,20140623,12.12,12.12,11.72,11.93,200900
DAVE,20140623,30.29,30.53,29.59,29.8,47200
DCIX,20140623,20.48,20.96,20.4,20.4,240600
DCOM,20140623,15.65,15.76,15.57,15.71,154100
DCTH,20140623,2.86,3,2.77,2.8,130200
DENN,20140623,6.54,6.6,6.45,6.56,502600
DEPO,20140623,13.25,13.5,13.21,13.46,680800
DEST,20140623,22.83,23.09,22.05,22.46,91900
DFRG,20140623,27.89,28.21,27.62,27.93,320500
DFVS,20140623,39,39.26,39,39.25,10500
DGAS,20140623,20.16,20.46,20.07,20.25,42300
DGICA,20140623,15.4,15.5,15.29,15.36,12100
DGICB,20140623,25.5,25.5,22.5,24.3,7100
DGII,20140623,9.07,9.12,8.95,9.08,43800
DGLD,20140623,60.37,60.45,59.99,59.99,17700
DGLY,20140623,3.43,3.55,3.25,3.26,15400
DGRE,20140623,26.4,26.4,26.25,26.37,23600
DGRS,20140623,28.63,28.66,28.63,28.66,600
DGRW,20140623,29.19,29.19,29.02,29.09,25600
DHIL,20140623,126.16,128.45,126.16,128.45,2100
DHRM,20140623,6.03,6.03,5.8,5.98,124800
DIOD,20140623,29.01,29.41,28.75,29.37,221200
DISCA,20140623,73.68,75.63,73.31,74.45,2706900
DISCB,20140623,77,77,77,77,0
DISCK,20140623,36.62,37.33,36.39,36.8,215500
DISH,20140623,62.47,62.69,61.32,62.49,2694900
DJCO,20140623,209.96,219.68,203.87,219.68,1400
DLBS,20140623,29.37,29.78,29.37,29.78,6200
DLHC,20140623,1.78,1.79,1.75,1.76,3900
DLTR,20140623,53.78,53.87,53.39,53.5,1263300
DMLP,20140623,29.3,30.03,29.12,30,40200
DMRC,20140623,34.73,34.74,33.97,34.16,29900
DNBF,20140623,22.75,22.75,22.75,22.75,0
DNKN,20140623,43.6,43.7,43.18,43.45,1319700
DORM,20140623,51.41,51.67,48.61,48.66,733600
DOX,20140623,47.5,47.71,47.09,47.23,996500
DPRX,20140623,9.86,9.98,9.28,9.41,48400
DRAD,20140623,3.68,3.68,3.6,3.61,15200
DRAM,20140623,8.07,8.13,7.77,7.98,13100
DRNA,20140623,18.45,18.46,17.78,17.86,101000
DRRX,20140623,1.63,1.63,1.56,1.59,478700
DRWI,20140623,36.75,39.25,36.75,38.75,560400
DRYS,20140623,5055,5115,5010,5100,5737600
DSCI,20140623,10.89,11.26,10.65,11.23,76000
DSGX,20140623,14.75,14.84,14.4,14.55,17200
DSLV,20140623,38.34,38.62,37.99,38.23,134500
DSPG,20140623,8.68,8.7,8.4,8.41,70500
DSWL,20140623,2,2.05,2,2.04,43500
DTLK,20140623,9.77,9.79,9.48,9.55,122100
DTSI,20140623,18.03,18.22,17.91,18.11,39700
DTUS,20140623,38.18,38.18,38.13,38.13,600
DTYS,20140623,27.45,27.72,27.42,27.7,23200
DVAX,20140623,16,16.2,15.7,15.7,837900
DVCR,20140623,6.87,7.04,6.83,7.04,3200
DWCH,20140623,14.15,14.41,13.85,14.32,84900
DWSN,20140623,30.08,30.28,29.46,30,29600
DXCM,20140623,40.97,41.55,40.53,40.91,788300
DXGE,20140623,27.97,27.98,27.89,27.93,28300
DXJS,20140623,30.13,30.15,30.01,30.11,25600
DXKW,20140623,22.61,22.78,22.61,22.78,200
DXLG,20140623,5.25,5.43,5.11,5.24,291200
DXPE,20140623,72.43,73.4,72.43,73.09,166300
DXPS,20140623,26.28,26.39,26.2,26.35,1300
DXYN,20140623,11.21,11.27,11.03,11.16,83100
DYNT,20140623,3.62,3.8,3.62,3.75,6400
DYSL,20140623,1.79,1.85,1.75,1.85,74400
EA,20140623,36.98,37.11,36.82,36.9,2719600
EAC,20140623,15.78,15.88,15.38,15.58,18900
EAGL,20140623,9.75,9.75,9.75,9.75,0
EAGLU,20140623,10.34,10.34,10.3,10.3,1400
EAGLW,20140623,0.65,0.65,0.65,0.65,0
EBAY,20140623,20.8295,20.9095,20.5895,20.7958,9423200
EBIO,20140623,12.18,12.18,10.89,11.16,29800
EBIX,20140623,14.34,14.75,14.31,14.5,407100
EBMT,20140623,10.5,10.5,10.47,10.47,400
EBSB,20140623,10.5065,10.5719,10.3554,10.5596,13300
EBTC,20140623,20.37,20.38,20.19,20.38,2300
ECHO,20140623,18.84,19.06,18.54,18.92,196100
ECOL,20140623,48.87,49.25,48.37,48.93,119700
ECPG,20140623,45.55,45.61,44.82,45.46,105400
ECYT,20140623,6.53,7.12,6.53,6.84,2526500
EDAP,20140623,4.22,4.43,4.21,4.42,846200
EDGW,20140623,7.99,7.99,7.59,7.84,42500
EDUC,20140623,3.85,3.88,3.83,3.88,7600
EEFT,20140623,49.2,49.2,47.76,48.12,262800
EEI,20140623,10.44,10.64,10.35,10.64,3700
EEMA,20140623,58.46,58.77,58.46,58.77,17400
EFII,20140623,42.47,42.89,42.3,42.87,168600
EFSC,20140623,17.84,18,17.77,17.91,17300
EFUT,20140623,3.92,3.92,3.92,3.92,1200
EGAN,20140623,6.52,6.55,6.43,6.46,105500
EGBN,20140623,32.47,32.9,32.29,32.52,62500
EGHT,20140623,7.65,8.05,7.56,7.93,1354800
EGLE,20140623,1256.4,1281.6,1231.2,1242,234600
EGLT,20140623,14.76,14.76,13.12,13.49,56100
EGOV,20140623,15.73,15.99,15.72,15.84,226300
EGRX,20140623,13,13.25,12.85,13.07,85600
EGT,20140623,0.9,0.9,0.8,0.81,3800
EHTH,20140623,37.31,37.75,37.24,37.3,282200
EIGI,20140623,15.55,16.09,15.28,15.88,467100
ELGX,20140623,15.18,15.24,14.63,14.81,209700
ELNK,20140623,3.43,3.55,3.43,3.54,545800
ELON,20140623,24.9,24.9,24.3,24.9,50800
ELOS,20140623,10.7,10.85,10.54,10.82,88800
ELSE,20140623,4.31,4.31,4.25,4.26,600
ELTK,20140623,1.6,1.6,1.49,1.51,28100
EMCB,20140623,77.83,77.83,77.39,77.66,4500
EMCF,20140623,26.45,27.9,26.45,27.04,1100
EMCG,20140623,25.02,25.18,25.02,25.18,3000
EMCI,20140623,21.2933,21.66,21.16,21.1667,13000
EMIF,20140623,35.89,35.89,35.44,35.62,2600
EMITF,20140623,10.2,10.2,10.2,10.2,709400
EMKR,20140623,3.99,3.99,3.91,3.98,62600
EML,20140623,15.49,15.5,15.21,15.39,17300
EMMS,20140623,12.12,12.28,12,12.12,140400
ENDP,20140623,69.57,70.35,68.43,68.8,751700
ENG,20140623,3.06,3.29,3.03,3.15,323000
ENOC,20140623,18.51,18.7,18.17,18.39,187400
ENPH,20140623,8.49,8.7,8.41,8.48,196300
ENSG,20140623,15.275,15.55,15.115,15.465,177300
ENT,20140623,12.11,12.25,11.85,12.15,328100
ENTA,20140623,45.87,46.1,44.22,44.5,221600
ENTG,20140623,13.7,13.86,13.54,13.7,812400
ENZY,20140623,13.81,13.89,13.22,13.28,67400
EPAY,20140623,30.24,30.32,29.63,30.27,224900
EPZM,20140623,28.44,29.51,27.22,27.75,315100
EQIX,20140623,208.91,209.26,206.35,209.05,612300
ERIC,20140623,12.44,12.49,12.43,12.49,10107500
ERIE,20140623,75.85,75.95,75.23,75.5,47600
ERII,20140623,5.91,5.91,5.41,5.5,467700
ERS,20140623,4.1,4.18,4.05,4.09,16500
ESBK,20140623,23,23.95,23,23.95,2900
ESCA,20140623,16.3,16.62,16.2,16.6,53800
ESEA,20140623,1.16,1.19,1.15,1.17,73000
ESGR,20140623,144.59,147.38,144.59,146.01,41800
ESIO,20140623,7.18,7.21,6.99,7.06,100000
ESLT,20140623,61.95,62.28,61.66,61.91,21400
ESMC,20140623,1.48,1.59,1.44,1.58,16300
ESPR,20140623,15.25,15.25,14.93,15.09,17600
ESRX,20140623,68.62,68.74,68.03,68.65,4439400
ESSA,20140623,10.86,10.86,10.58,10.72,59100
ESXB,20140623,4.04,4.06,3.99,4,22700
ETFC,20140623,21.28,21.34,20.96,20.97,3797700
ETRM,20140623,27.75,27.75,26.25,26.7,1705000
EUFN,20140623,25.66,25.76,25.61,25.72,100900
EVAR,20140623,7.29,7.29,7.29,7.29,0
EVBS,20140623,6.5,6.51,6.33,6.5,4100
EVEP,20140623,38.29,39.94,37.87,39.7,541200
EVK,20140623,6.08,6.4,5.84,6.19,9100
EVOK,20140623,8.26,8.3,8,8.12,14200
EVOL,20140623,7.9,8.04,7.9,8.03,25800
EWBC,20140623,35.3,35.49,35.2,35.29,289100
EXA,20140623,10.1,10.83,10,10.66,45600
EXAC,20140623,24.94,25.07,24.92,24.98,23000
EXAS,20140623,16.9,17.74,16.9,16.95,1082800
EXEL,20140623,3.75,3.8,3.65,3.68,1783800
EXFO,20140623,4.36,4.46,4.35,4.36,21000
EXLS,20140623,29.48,29.48,28.58,28.79,95000
EXPD,20140623,44.58,44.63,44.01,44.34,867800
EXPE,20140623,78.54,78.54,77.67,77.83,1027000
EXPO,20140623,36.5,36.85,36.25,36.76,69300
EXTR,20140623,4.19,4.24,4.11,4.15,1015500
EZPW,20140623,11.52,11.76,11.32,11.55,1026600
FALC,20140623,1.67,1.7,1.65,1.67,9700
FANG,20140623,90.38,91.51,89.12,91.41,1253800
FARM,20140623,21.13,21.51,21.13,21.27,29400
FARO,20140623,47.44,48.22,46.58,47.96,136600
FAST,20140623,49.85,50.38,49.67,49.83,641100
FATE,20140623,6.3,6.46,6.01,6.28,11400
FB,20140623,64.32,65.66,64.22,65.37,34560100
FBIZ,20140623,48.05,48.25,47.35,47.8,24600
FBMS,20140623,14.28,14.28,14.23,14.26,1000
FBNC,20140623,18.27,18.27,17.99,18.08,25700
FBNK,20140623,15.72,15.82,15.54,15.74,21300
FBRC,20140623,27.74,27.74,27.45,27.51,36400
FBSS,20140623,16,16,15.8,15.8,1000
FCAP,20140623,20.66,20.66,20.66,20.66,0
FCBC,20140623,14.3,14.35,14.18,14.27,27900
FCCO,20140623,10.65,10.75,10.65,10.75,300
FCCY,20140623,10.45,10.49,10.29,10.29,12200
FCEL,20140623,29.4,29.52,28.2,29.04,4466800
FCNCA,20140623,252.5,253,249,251.78,41000
FDEF,20140623,28.27,28.43,28.15,28.16,8100
FDML,20140623,20.1,20.5,19.86,20.28,187900
FDUS,20140623,19.57,19.82,19.5,19.51,65800
FEIM,20140623,10.94,11.05,10.85,11.03,7500
FELE,20140623,40.8,40.8,40.1,40.16,91100
FES,20140623,4.5,4.64,4.45,4.49,10700
FEYE,20140623,37.04,39.45,37.01,39.02,5405500
FFBC,20140623,17.38,17.61,16.96,17.04,208700
FFBCW,20140623,5.75,5.75,5.75,5.75,0
FFHL,20140623,1.23,1.27,1.23,1.27,3200
FFIC,20140623,20.36,20.45,20.1,20.31,64800
FFIN,20140623,31.67,31.78,31.38,31.43,113900
FFIV,20140623,109.05,109.26,108.5,108.81,766800
FFKT,20140623,20.1,20.13,19.77,20.02,50500
FFNW,20140623,11.02,11.02,10.88,10.95,25400
FHCO,20140623,5.52,5.52,5.48,5.5,98700
FIBK,20140623,26.48,26.8,26.46,26.74,67700
FINL,20140623,30.4,30.42,30.01,30.16,387800
FISI,20140623,23.39,23.7,23,23.36,25300
FISV,20140623,60.29,60.41,59.83,60.31,484200
FITB,20140623,21.53,21.64,21.44,21.53,4576000
FITBI,20140623,27.23,27.23,26.94,27.05,28000
FIVE,20140623,40.21,40.67,39.49,40.49,1170800
FIVN,20140623,7.34,7.45,6.84,6.9,274400
FIZZ,20140623,19.07,19.46,18.7,19.38,79700
FLAT,20140623,58.41,58.41,58.41,58.41,0
FLDM,20140623,28.77,29.13,28.14,28.6,184600
FLEX,20140623,11.15,11.15,11.04,11.08,2685200
FLIC,20140623,25.5867,26.3267,25.5867,25.9267,4800
FLIR,20140623,35.53,35.59,35.17,35.29,344300
FLL,20140623,1.41,1.45,1.37,1.4,24600
FLML,20140623,15,15.14,14.52,14.87,343800
FLWS,20140623,5.62,5.62,5.59,5.6,75800
FLXN,20140623,13.97,14.5,13.28,14.04,24200
FLXS,20140623,35.97,35.97,33.42,33.6,30100
FMB,20140623,49.62,50.2,49.59,49.63,3300
FMBH,20140623,20.1,20.1,20.1,20.1,0
FMBI,20140623,17.12,17.25,17,17.08,225500
FMI,20140623,24.27,24.5,23.54,24.4,213600
FMNB,20140623,7.79,7.82,7.67,7.72,4500
FNGN,20140623,49.72,50,48.19,48.39,337600
FNHC,20140623,25.97,26.6,25.65,26.02,209000
FNJN,20140623,4.51,4.66,4.08,4.11,44900
FNLC,20140623,16.68,16.75,16.32,16.61,23500
FNSR,20140623,19.78,19.91,19.64,19.71,2015100
FOLD,20140623,2.88,2.92,2.82,2.9,574600
FONE,20140623,38.15,38.15,38,38.14,4000
FONR,20140623,12.76,12.83,12.2,12.29,46000
FORD,20140623,1.25,1.27,1.22,1.27,1800
FORM,20140623,7.97,8.1,7.89,8.06,181100
FORR,20140623,36.89,37.27,36.72,37.1,63100
FORTY,20140623,29.58,29.61,29.58,29.6,1800
FOSL,20140623,105.26,105.84,104.97,105.19,830000
FOX,20140623,33.77,33.8,33.46,33.53,4288100
FOXA,20140623,34.59,34.78,34.34,34.34,9499600
FOXF,20140623,17.12,17.24,16.36,17.05,141900
FPRX,20140623,14.53,14.53,13.86,14.26,184000
FRAN,20140623,14.89,15.01,14.82,14.91,666000
FRBA,20140623,6.23,6.23,6.23,6.23,0
FRBK,20140623,5.1,5.38,5.03,5.35,282500
FRED,20140623,15.01,15.19,14.82,15.01,211000
FRGI,20140623,44.94,45.5,44.36,45.45,224200
FRME,20140623,20.26,20.43,20.11,20.23,76100
FRP,20140623,14.68,14.77,14.5,14.67,38200
FRSH,20140623,9.17,9.39,9.1,9.27,105300
FSBK,20140623,8.05,8.14,8.01,8.01,2200
FSBW,20140623,17.25,17.62,17.25,17.42,21800
FSC,20140623,9.5,9.58,9.5,9.56,1551100
FSCFL,20140623,24.6,24.7,24.42,24.7,5900
FSFG,20140623,24.12,24.12,24.12,24.12,0
FSFR,20140623,14.5,14.52,14.33,14.46,29800
FSLR,20140623,68.91,71.57,67.89,70.15,5198700
FSNN,20140623,6.42,6.45,6.1,6.1,3000
FSTR,20140623,52.75,52.81,52.05,52.6,12500
FTCS,20140623,35.62,35.68,35.49,35.52,5100
FTD,20140623,29.43,29.95,29.22,29.89,163200
FTEK,20140623,6.1,6.1,5.85,6,120400
FTGC,20140623,34.12,34.16,33.92,33.98,614900
FTHI,20140623,20.7,20.72,20.58,20.71,17800
FTLB,20140623,20.45,20.52,20.4,20.5,29200
FTNT,20140623,24.33,24.44,24.14,24.18,1008300
FTR,20140623,5.75,5.76,5.64,5.71,4367600
FTSL,20140623,49.88,49.93,49.84,49.9,48500
FUEL,20140623,27.8,30.81,27.51,30.33,898000
FULLL,20140623,26.99,26.99,26.02,26.02,10100
FULT,20140623,12.44,12.46,12.27,12.29,1099900
FUNC,20140623,8.9,8.9,8.86,8.9,8400
FUND,20140623,8.42,8.5,8.4,8.45,58100
FV,20140623,19.64,19.75,19.64,19.68,152300
FWRD,20140623,45.71,45.71,45.04,45.34,122700
GABC,20140623,27.5,27.99,27.04,27.55,11400
GAIA,20140623,8.3,8.3,8.05,8.3,55700
GAIN,20140623,7.45,7.52,7.4,7.42,314700
GALE,20140623,60.2,64.6,59.4,62.6,5180800
GALT,20140623,14.98,16.02,14.59,14.69,457700
GALTU,20140623,40,40,39.32,39.32,500
GALTW,20140623,10.37,10.54,9.74,9.75,3500
GARS,20140623,14.85,14.85,14.65,14.66,34900
GASS,20140623,11.19,11.9,11.15,11.55,253800
GBCI,20140623,28.23,28.37,27.81,27.82,179400
GBDC,20140623,17.29,17.29,17,17.04,265000
GBLI,20140623,26.26,26.26,25.76,25.9,12100
GBNK,20140623,14.04,14.04,13.75,13.9,10600
GCBC,20140623,13.275,13.275,13.275,13.275,300
GCVRZ,20140623,0.48,0.49,0.48,0.49,76600
GENC,20140623,7.4,7.4,7.2933,7.4,11600
GENE,20140623,5.4,5.7,5.35,5.4,62400
GEOS,20140623,54.7,55.06,53.29,54.4,161700
GERN,20140623,3.05,3.13,2.99,3.1,6223000
GEVO,20140623,13.5,13.8,13.2,13.2,261500
GFED,20140623,12.5,12.51,12.5,12.5,1300
GFN,20140623,9.32,9.67,9.32,9.45,45800
GFNCP,20140623,106.97,106.99,106.97,106.99,1100
GFNSL,20140623,25.35,25.41,25.25,25.25,5100
GGAL,20140623,14.59,15.24,14,15.14,1697100
GHDX,20140623,27.07,27.45,26.93,27.35,126700
GIFI,20140623,21.61,21.61,20.98,21.16,13700
GIGA,20140623,3.45,3.45,3.2,3.23,557100
GIGM,20140623,5.05,5.1,5,5,187000
GIII,20140623,40.625,40.625,39.88,40.185,87700
GILD,20140623,81.27,82.23,80.58,80.8,7484600
GILT,20140623,4.72,4.78,4.71,4.71,19900
GK,20140623,51.99,52.09,51.35,51.47,33000
GLAD,20140623,9.72,9.97,9.7,9.75,192900
GLADO,20140623,25.97,25.97,25.97,25.97,100
GLBS,20140623,14,14.48,14,14.4,45500
GLBZ,20140623,12.4,12.56,12.4,12.56,3500
GLDD,20140623,8.05,8.06,7.92,7.94,165000
GLDI,20140623,13.86,13.87,13.83,13.84,20500
GLMD,20140623,8.75,9.64,8.75,9.3,11500
GLNG,20140623,56.03,56.57,55.58,56.41,647100
GLPI,20140623,32.98,33.2,32.81,33.08,848000
GLRE,20140623,33.58,33.58,33.1,33.34,130800
GLUU,20140623,3.89,3.91,3.81,3.85,1745900
GLYC,20140623,7.9,8.29,7.01,7.05,218800
GMAN,20140623,4.23,4.25,4.15,4.16,159600
GMLP,20140623,37.1,38.5,35.5,36.38,376900
GNCA,20140623,22.7,23.99,21.01,22.03,37200
GNCMA,20140623,10.89,11.19,10.86,11.16,133600
GNMA,20140623,49.86,49.86,49.73,49.73,5700
GNMK,20140623,13.48,13.54,13.23,13.54,153700
GNTX,20140623,14.505,14.545,14.43,14.475,333100
GNVC,20140623,2.57,2.58,2.5,2.54,16300
GOGO,20140623,18.35,19.82,18.25,19.49,3921200
GOLD,20140623,82.36,84.63,82.24,84.62,870900
GOOD,20140623,17.5,17.5,17.42,17.47,56600
GOODO,20140623,25.25,25.25,25.25,25.25,0
GOODP,20140623,25.39,25.39,25.39,25.39,300
GOOG,20140623,555,565,554.25,564.95,1534600
GOOGL,20140623,564.35,574.44,563.5,574.29,1724000
GPIC,20140623,8.11,8.11,8.11,8.11,300
GPOR,20140623,65.24,65.87,64.7,65,1032500
GPRE,20140623,32.35,32.95,32.03,32.4,774000
GPRO,20140623,0,0,0,0,0
GRFS,20140623,22.395,22.395,20.39,21.92,2660700
GRID,20140623,37.8,37.9,37.43,37.71,2800
GRIF,20140623,27.22,27.65,26.92,27.17,12900
GRMN,20140623,60.03,60.72,59.9,60.08,883700
GROW,20140623,3.52,3.54,3.39,3.49,35500
GRPN,20140623,6.23,6.63,6.18,6.49,21041900
GRVY,20140623,6.8,6.88,6.8,6.8,4700
GSBC,20140623,30.39,30.5,30.04,30.33,18800
GSIT,20140623,5.43,5.51,5.42,5.5,122300
GSM,20140623,21.54,21.57,21.17,21.33,345900
GSOL,20140623,7.96,8.06,7.81,7.87,81400
GSVC,20140623,10,10.15,9.96,10.13,149400
GT,20140623,27.76,27.78,27.44,27.57,2332100
GTIM,20140623,3.78,3.84,3.61,3.64,28400
GTLS,20140623,82.39,82.75,81.05,81.52,378600
GTWN,20140623,16.22,16.74,15.97,16.74,2400
GTXI,20140623,1.39,1.39,1.34,1.34,257900
GUID,20140623,9.65,9.72,9.51,9.66,17700
GULF,20140623,21.99,22.03,21.81,21.81,427100
GURE,20140623,2.03,2.15,2.03,2.12,142400
GWPH,20140623,96.92,97.64,93.55,93.77,2117000
GYRO,20140623,5.31,5.31,5.11,5.17,3800
HA,20140623,13.99,14.09,13.86,14.06,1024300
HAFC,20140623,21.86,21.98,21.5,21.56,93800
HAIN,20140623,44.23,44.275,43.545,43.665,442300
HALL,20140623,10.91,11.01,10.78,10.92,30900
HALO,20140623,10.17,10.63,10.1,10.21,2040200
HAS,20140623,52.78,53.86,52.76,53.77,1639800
HAWK,20140623,25.9,26.19,25.65,26.07,129400
HAYN,20140623,55.61,55.71,54.51,54.62,14600
HBAN,20140623,9.6,9.68,9.57,9.66,7891500
HBANP,20140623,1330,1330.2,1330,1330,100
HBCP,20140623,20.26,20.45,20.25,20.29,36200
HBHC,20140623,35.1,35.1,34.51,34.63,253900
HBIO,20140623,3.9,3.94,3.85,3.87,171300
HBK,20140623,13.01,13.16,13.01,13.15,500
HBMD,20140623,9.57,9.57,9.57,9.57,100
HBNC,20140623,14.3667,14.5,14.1333,14.24,19000
HBP,20140623,4.5,4.5,4.27,4.47,4500
HCAC,20140623,9.72,9.78,9.71,9.76,82100
HCACU,20140623,10.12,10.12,10.12,10.12,0
HCACW,20140623,0.45,0.45,0.45,0.45,100
HCAP,20140623,14.5,14.5,14.46,14.46,800
HCCI,20140623,17.56,18,17.41,17.82,49100
HCKT,20140623,6.05,6.05,5.94,6.02,35100
HCOM,20140623,28.45,28.94,28.35,28.79,15000
HCSG,20140623,29.71,29.71,29.42,29.53,213100
HDNG,20140623,11.89,12.02,11.64,11.67,103100
HDS,20140623,28.54,28.85,28.11,28.19,1016100
HDSN,20140623,2.89,2.94,2.84,2.88,29500
HEAR,20140623,10.02,10.08,9.76,9.87,66400
HEES,20140623,36.6,36.67,35.96,36.39,244100
HELE,20140623,59.93,60.49,59.75,59.98,155600
HEOP,20140623,7.74,7.74,7.59,7.63,13300
HFBC,20140623,11.51,11.59,11.5,11.59,2600
HFBL,20140623,18.78,18.78,18.78,18.78,0
HFWA,20140623,16.28,16.41,16.17,16.19,47200
HGSH,20140623,3.19,3.25,2.97,3.19,85200
HIBB,20140623,53.85,54.06,53.47,54.02,135200
HIFS,20140623,74.85,75.95,73.61,74.04,5600
HIHO,20140623,2.62,2.69,2.62,2.69,2700
HIIQ,20140623,11.26,11.35,10.72,10.75,51500
HIMX,20140623,6.9,7.18,6.8,6.89,4542300
HLIT,20140623,7.47,7.51,7.41,7.46,517500
HMHC,20140623,19.4,19.44,19.19,19.32,947700
HMNF,20140623,11.08,11.2,10.99,10.99,4800
HMNY,20140623,3.98,4.18,3.98,4.18,1000
HMST,20140623,19,19.1,18.78,18.94,32800
HMSY,20140623,19.73,19.73,19.22,19.4,616300
HMTV,20140623,11.56,11.56,11.35,11.53,6500
HNH,20140623,24.55,24.75,24.36,24.47,19300
HNNA,20140623,14.67,14.67,13.4,14.48,15900
HNRG,20140623,9.72,9.85,9.61,9.8,35600
HOFT,20140623,14.57,14.69,14.25,14.46,69400
HOLI,20140623,24.5,24.6,23.66,23.95,362800
HOLX,20140623,25.54,25.6,25.31,25.44,1086000
HOMB,20140623,16.8,16.965,16.73,16.795,169600
HOTR,20140623,2.64,2.75,2.43,2.68,25000
HOTRW,20140623,0.39,0.39,0.39,0.39,0
HOVNP,20140623,12.85,12.97,12.76,12.79,4700
HPJ,20140623,4.75,4.8,4.56,4.75,124800
HRTX,20140623,12.89,13.73,12.68,13.01,221300
HRZN,20140623,14.01,14.25,13.94,14.18,62300
HSIC,20140623,119.37,120.08,119.06,120.05,298600
HSII,20140623,18.01,18.02,17.75,17.76,107200
HSKA,20140623,10.48,10.82,10.38,10.67,19100
HSNI,20140623,58.19,59.06,57.77,58.63,633500
HSON,20140623,3.95,3.97,3.73,3.93,9100
HSTM,20140623,25.28,25.67,25,25.5,115500
HTBI,20140623,15.74,15.74,15.55,15.57,53100
HTBK,20140623,8.04,8.04,7.94,7.97,9200
HTBX,20140623,4.99,5.4,4.98,5.39,17200
HTHT,20140623,24.6,24.87,24.54,24.79,293500
HTLD,20140623,21.88,21.94,21.57,21.63,167800
HTLF,20140623,24.9,25.07,24.53,24.96,18900
HUBG,20140623,48.88,50.4,48.53,50.26,536200
HURC,20140623,28.1,29.18,27.99,28.86,20900
HURN,20140623,70.54,70.54,69.42,70.24,73300
HWAY,20140623,16.32,16.66,16.26,16.66,170600
HWBK,20140623,12.89,12.89,12.89,12.89,900
HWCC,20140623,12.37,12.46,12.15,12.15,39600
HWKN,20140623,37.04,37.5,37.04,37.29,17800
HYGS,20140623,18.9,19.17,18.51,18.75,75600
HYLS,20140623,52.9,52.95,52.88,52.92,49500
HYND,20140623,24.48,24.48,23.93,24.08,700
HYZD,20140623,25.19,25.2,25.19,25.19,1000
HZNP,20140623,16.18,16.2,15.15,15.5,2091800
IART,20140623,47.75,47.87,46.89,47.11,97700
IBB,20140623,255.55,256.73,252.5,252.91,1068900
IBCP,20140623,12.99,13.18,12.87,13.15,98100
IBKC,20140623,69.43,69.82,68.89,69.03,180600
IBKR,20140623,23.24,23.6,23.02,23.37,675000
IBOC,20140623,26.8,26.94,26.21,26.3,112800
IBTX,20140623,55.27,55.62,54.6,55.55,99500
ICAD,20140623,6.44,6.44,5.94,6.07,112700
ICCC,20140623,4.65,4.65,4.65,4.65,100
ICFI,20140623,36.21,36.37,35.57,35.73,56500
ICLN,20140623,11.86,11.86,11.75,11.82,28400
ICLR,20140623,47.99,48.09,47.39,47.58,395400
ICON,20140623,43.58,43.74,42.89,42.99,659700
ICPT,20140623,272.28,282.95,267,273.98,317400
ICUI,20140623,61,61.54,60.7,61.21,70100
IDCC,20140623,47.76,47.86,46.7,47.07,412700
IDRA,20140623,3.1,3.12,3,3.04,955900
IDSA,20140623,5.43,5.44,5.26,5.37,16000
IDSY,20140623,5.21,5.21,5.07,5.07,2800
IDTI,20140623,15.21,15.3,14.95,15.04,3203700
IDXX,20140623,65.84,66.635,65.405,66.31,204100
IEP,20140623,100,100.71,100,100.03,84500
IESC,20140623,6.18,6.18,5.83,6.17,8600
IFEU,20140623,38.47,38.47,38.06,38.35,5900
IFGL,20140623,32.34,32.34,32.22,32.32,163000
IFON,20140623,2.24,2.24,2.11,2.11,119800
IGLD,20140623,11.19,11.19,11.03,11.14,2500
IGOV,20140623,104.25,104.46,103.98,104.27,20700
III,20140623,4.93,5.1,4.85,5.03,153300
IIIN,20140623,19.5,19.68,19.5,19.64,29500
IIJI,20140623,11.41,11.69,11.41,11.64,2800
IIN,20140623,8.1,8.9,8.1,8.8,42100
IIVI,20140623,14.22,14.28,14.03,14.27,163300
IKGH,20140623,3.06,3.16,3.02,3.08,55300
IKNX,20140623,23.49,23.5,23.16,23.26,1200
ILMN,20140623,175.61,175.67,169.88,170.67,1048800
IMGN,20140623,13.3,13.54,13.08,13.24,484300
IMI,20140623,2.24,2.25,2.2,2.22,123300
IMKTA,20140623,26.44,26.51,26.25,26.27,34800
IMMR,20140623,11.5,11.54,11.28,11.42,79800
IMMU,20140623,3.7,3.72,3.54,3.55,547100
IMMY,20140623,6.38,6.59,6.08,6.59,3800
IMOS,20140623,24.13,24.19,23.63,23.77,169300
INAP,20140623,7.17,7.19,7.04,7.12,122200
INBK,20140623,22.01,22.01,21.7,21.8,17000
INCY,20140623,56.3,56.95,55.67,56.13,1005500
INDB,20140623,38.15,38.23,37.74,38.07,40000
INDY,20140623,29.01,29.01,28.64,28.79,70800
INFI,20140623,12.25,12.45,11.83,12.06,307200
INFN,20140623,9.29,9.39,9.19,9.33,845800
INGN,20140623,18.56,19.44,18.52,19.14,43300
ININ,20140623,54,55.56,53.48,55.44,114100
INOD,20140623,3.07,3.1,3.04,3.07,7000
INSM,20140623,18.7,19.16,18.29,18.52,1092400
INSY,20140623,14.455,14.885,14.455,14.76,375400
INTC,20140623,30.1,30.31,29.85,30.23,26529600
INTG,20140623,19,19.01,19,19.01,700
INTL,20140623,20.2,20.2,19.94,19.99,46900
INTU,20140623,79.5,79.7,79.17,79.67,1000000
INTX,20140623,4.48,4.48,4.35,4.35,81500
INVE,20140623,10.13,10.95,10.11,10.84,89400
INVT,20140623,28.9,31.2,28.5,29.3,102000
INWK,20140623,7.11,7.16,7,7.07,196200
IOSP,20140623,42.74,43.06,42.68,42.76,26100
IPAR,20140623,30.04,30.55,29.86,29.99,85700
IPAS,20140623,1.3,1.3,1.27,1.27,96100
IPCC,20140623,65.45,65.71,64.8,65.36,36500
IPCI,20140623,3.66,3.7,3.62,3.67,56400
IPDN,20140623,31.04,32.8,30.8,32.8,4500
IPGP,20140623,68.67,69.12,68,68.25,171900
IPHS,20140623,56.46,56.82,56.19,56.57,57500
IPKW,20140623,26.59,26.72,26.59,26.68,4700
IPWR,20140623,8.2,8.5,8.1,8.44,46000
IPXL,20140623,30.24,30.49,29.92,30.36,1162900
IQNT,20140623,14.98,14.98,14.66,14.87,274600
IRBT,20140623,39.03,39.89,37.8,39.5,819400
IRDM,20140623,8.37,8.37,8.08,8.22,934400
IRDMB,20140623,322,322,322,322,100
IRG,20140623,14.67,14.67,14.5,14.53,24000
IRIX,20140623,8.27,8.45,8.16,8.31,14100
IROQ,20140623,16.35,16.35,16.35,16.35,100
IRWD,20140623,14.74,15.28,14.74,15.01,638600
ISBC,20140623,11.05,11.15,11.05,11.09,5160800
ISCA,20140623,32.25,32.46,32.14,32.38,46200
ISHG,20140623,95.66,95.88,95.66,95.88,5200
ISIG,20140623,3.3,3.32,3.24,3.28,3300
ISIL,20140623,15.9,15.93,15.48,15.55,1278100
ISLE,20140623,7.47,7.75,7.44,7.69,247600
ISM,20140623,24.36,24.37,24.21,24.26,500
ISNS,20140623,3.91,3.91,3.6,3.6,21200
ISRG,20140623,406.51,409.31,400.79,402.97,373700
ISRL,20140623,127.2,132.79,127.2,131.72,1700
ISSC,20140623,7,7.21,6.8,6.93,87000
ITCI,20140623,18.87,19.1,16.14,18.95,142600
ITIC,20140623,63.65,64.68,62.53,63.18,15900
ITRI,20140623,40,40.49,40,40.34,259600
ITRN,20140623,24.71,24.78,24.65,24.7,4500
IVAC,20140623,8.2,8.47,8.05,8.21,111600
IXYS,20140623,11.09,11.18,10.81,10.81,125700
JACK,20140623,60.68,60.84,59.85,60.79,359300
JAKK,20140623,7.8,7.94,7.68,7.91,589100
JASO,20140623,11.18,11.3,10.75,10.77,3295600
JAZZ,20140623,155.51,156.34,153.17,153.5,616900
JBHT,20140623,77.22,77.22,75.82,76.11,1007000
JBLU,20140623,10.59,10.66,10.37,10.46,4716600
JBSS,20140623,26.59,27.01,26.24,26.4,21400
JCOM,20140623,50.04,50.27,49.66,50.18,368200
JCS,20140623,12.6,12.67,12.32,12.67,4300
JCTCF,20140623,10.39,10.39,10.39,10.39,0
JD,20140623,25.11,26.46,25.1,26.37,5598200
JIVE,20140623,8.12,8.31,8.04,8.17,1353600
JJSF,20140623,94.44,94.44,92.84,93.01,34000
JKHY,20140623,58.62,59.59,58.62,59.51,417700
JMBA,20140623,11.64,11.91,11.64,11.86,86700
JOBS,20140623,31.305,31.845,30.75,31.67,37900
JOUT,20140623,25.69,26.01,25.69,25.71,8000
JRJC,20140623,4.32,4.57,4.03,4.25,612900
JSM,20140623,21.81,21.94,21.7,21.89,13100
JTPY,20140623,2.09,2.16,1.96,2.15,4600
JVA,20140623,7.05,7.05,6.88,6.96,27900
JXSB,20140623,21.08,21.08,21.08,21.08,0
KALU,20140623,71.99,72.38,71.2,71.43,93300
KANG,20140623,17.67,18.11,17.43,17.93,115500
KCAP,20140623,8.15,8.15,8.1,8.15,273700
KELYA,20140623,17.7,17.82,17.32,17.48,191500
KELYB,20140623,17,17,17,17,0
KEQU,20140623,16.4,16.65,16.4,16.4,3600
KERX,20140623,15.02,15.03,14.76,14.89,1029000
KEYW,20140623,11.59,11.76,11.55,11.6,240500
KFFB,20140623,8.49,8.5,8.49,8.5,500
KFRC,20140623,21.7,21.96,21.4,21.47,132800
KGJI,20140623,1.32,1.33,1.29,1.29,220500
KIN,20140623,19.04,19.27,18.51,18.82,69100
KINS,20140623,6.62,6.64,6.59,6.64,2400
KIRK,20140623,18.05,18.14,17.86,18.01,96000
KITE,20140623,29.74,30.93,28.77,30.53,685000
KLAC,20140623,70.09,70.35,69.73,70.31,956200
KLIC,20140623,14.19,14.23,14.03,14.13,417700
KMDA,20140623,7.37,7.38,7.13,7.22,89900
KNDI,20140623,12.7,13.37,12.53,13.09,1359200
KONA,20140623,19.4,19.5,19.01,19.39,71500
KONE,20140623,5,5,4.46,4.69,6200
KOOL,20140623,28,29.2,28,28.4,214300
KOPN,20140623,3.4,3.43,3.27,3.35,146000
KOSS,20140623,3.21,3.21,3.21,3.21,1300
KPTI,20140623,42.32,43.99,41.2,43.11,263300
KRNY,20140623,15.14,15.15,15,15.02,71800
KTCC,20140623,10.55,10.75,10.53,10.71,8600
KTEC,20140623,11.72,11.74,11.71,11.73,800
KTOS,20140623,7.96,7.96,7.77,7.81,380200
KTWO,20140623,15.35,15.59,15.26,15.42,78700
KVHI,20140623,13.4,13.4,13.06,13.14,9300
KWEB,20140623,35.18,35.25,34.81,35.25,9700
KZ,20140623,8.6,8.88,8.28,8.74,247300
LABL,20140623,37.95,38,37.51,37.73,29500
LAKE,20140623,7.17,7.2,7.17,7.2,1500
LALT,20140623,24.96,24.98,24.96,24.98,26900
LAMR,20140623,51.38,51.65,51.17,51.57,1053000
LANC,20140623,94.06,94.51,93.63,94.17,58800
LAND,20140623,12.79,12.92,12.61,12.62,9500
LARK,20140623,20.33,20.33,19.54,20.32,5300
LAWS,20140623,16.08,16.35,15.96,16.3,6000
LAYN,20140623,13.54,13.63,13.18,13.24,154400
LBAI,20140623,10.65,10.75,10.53,10.63,57800
LBIX,20140623,4.15,4.15,4.15,4.15,500
LBTYA,20140623,42.88,42.9,42.34,42.72,3722400
LBTYB,20140623,44.38,44.6,44.03,44.6,1500
LBTYK,20140623,40.9,41.07,40.58,40.78,3139500
LCNB,20140623,16,16,14.75,15.01,92700
LCUT,20140623,16.07,16.4,15.5,15.71,30000
LE,20140623,34.74,35.27,33.02,33.31,511300
LECO,20140623,70.39,70.64,69.65,69.75,301000
LEDS,20140623,1.06,1.11,1.04,1.06,79600
LFUS,20140623,91.88,92.12,91.36,91.67,81400
LFVN,20140623,9.45,9.45,9.1,9.17,1045000
LGCY,20140623,30.78,31.47,30.73,31.4,302700
LGCYP,20140623,25.29,25.39,25.23,25.28,56800
LGIH,20140623,18.17,18.62,18.15,18.44,95500
LGND,20140623,66.27,66.38,62,62.35,400700
LHCG,20140623,20,20.3,19.71,20.19,23000
LINC,20140623,3.93,4.03,3.9,3.97,175700
LION,20140623,13.44,13.44,13.25,13.32,22400
LIOX,20140623,5.74,5.81,5.64,5.75,261400
LIVE,20140623,4.45,4.84,4.31,4.59,2696000
LJPC,20140623,9,9.06,8.68,8.97,32700
LKFN,20140623,25.6933,25.6933,25.2133,25.34,56200
LKQ,20140623,26.3,26.7,25.96,26.04,2354200
LLNW,20140623,3,3.07,2.97,3.03,351000
LLTC,20140623,47.58,47.93,47.54,47.63,758700
LMAT,20140623,7.16,7.22,7.09,7.14,11800
LMCA,20140623,44.1467,44.7033,44.0867,44.5667,555600
LMIA,20140623,13.4,13.58,13.29,13.55,26900
LMNR,20140623,23.02,23.1,22.8,22.93,22900
LMNX,20140623,17.86,17.9,17.56,17.68,162100
LMOS,20140623,14.72,14.93,14.36,14.59,67400
LNCE,20140623,26.8,26.96,26.42,26.46,277900
LNDC,20140623,11.9,11.98,11.75,11.86,30900
LOAN,20140623,2.9,3.1,2.9,3.01,10700
LOGI,20140623,13.3,13.33,13.16,13.24,250400
LOGM,20140623,46.93,47.22,46.34,46.84,408600
LOPE,20140623,46.19,46.38,45.2,45.85,158300
LORL,20140623,73.65,73.76,72.99,73.17,49200
LPCN,20140623,5.9,5.97,5.65,5.78,49700
LPLA,20140623,50.63,50.78,49.89,50.37,822200
LPNT,20140623,65.26,66.02,64.99,65.27,542700
LPSN,20140623,9.18,9.5,9.15,9.43,464000
LPTH,20140623,1.3,1.33,1.26,1.33,13900
LPTN,20140623,54.04,55.72,52.92,53.06,10200
LQDT,20140623,15.12,15.94,15.1,15.85,572200
LRAD,20140623,2,2.03,1.98,2.02,81100
LRCX,20140623,66.92,67.85,66.82,67.57,1583400
LSBK,20140623,12.26,12.26,12.26,12.26,200
LSCC,20140623,8.47,8.49,8.2,8.31,990200
LSTR,20140623,64.58,64.58,63.46,63.56,272300
LTBR,20140623,12.5,13.2,12.3,12.85,169100
LTRX,20140623,1.99,2.03,1.95,2,10700
LULU,20140623,41.73,41.94,41.04,41.25,6328200
LUNA,20140623,1.37,1.39,1.37,1.39,3300
LVNTA,20140623,34.8649,34.914,34.3538,34.8894,276300
LWAY,20140623,13.59,13.75,13.53,13.65,12900
LXRX,20140623,11.48,11.9,11.27,11.34,882900
LYTS,20140623,7.92,7.96,7.79,7.92,25700
MACK,20140623,6.97,7,6.76,6.77,2471200
MAGS,20140623,3.95,3.95,3.79,3.91,1000
MAMS,20140623,5.47,5.63,5.21,5.35,7300
MANH,20140623,34.76,34.97,34.42,34.56,240500
MANT,20140623,29.32,29.32,29.05,29.23,81600
MAR,20140623,63.74,63.85,63.33,63.79,1390100
MARK,20140623,7.63,7.7,7.41,7.66,4600
MARPS,20140623,16.49,16.5,16.45,16.45,1400
MASI,20140623,23.7,24.18,23.6,23.83,603800
MAT,20140623,39.29,39.55,39.08,39.43,1649700
MATR,20140623,5.03,5.17,5,5.08,40000
MATW,20140623,40.35,40.41,40.14,40.38,71800
MAYS,20140623,48.64,48.64,47.5,48.05,1700
MBFI,20140623,27.36,27.52,27.3,27.42,119300
MBII,20140623,11.6,11.87,11.35,11.57,66800
MBLX,20140623,5.76,5.76,5.4,5.46,56400
MBRG,20140623,19.04,19.04,18.23,18.45,35400
MBTF,20140623,5.74,5.75,5.67,5.74,24300
MBUU,20140623,19.25,19.53,18.82,18.9,46600
MBVT,20140623,31.09,31.52,30.73,31.16,7300
MBWM,20140623,21.32,21.61,21.05,21.48,33400
MCBC,20140623,5.29,5.33,5.2,5.32,85100
MCEP,20140623,22.35,22.44,22,22.26,92400
MCHP,20140623,49.36,49.67,49.13,49.48,1005300
MCHX,20140623,11.45,11.96,11.33,11.87,428800
MCRI,20140623,15.28,15.33,15,15.05,27700
MDCA,20140623,20.12,20.52,20.02,20.48,153300
MDCO,20140623,29.51,29.6,28.89,29.21,532700
MDIV,20140623,22.31,22.33,22.25,22.3,176300
MDLZ,20140623,37.49,37.49,37.07,37.23,5863600
MDM,20140623,4.6,4.6,4.58,4.58,9500
MDRX,20140623,15.49,15.75,15.35,15.66,1484800
MDSO,20140623,42.86,42.86,42,42.38,363100
MDWD,20140623,10.94,10.95,10.82,10.86,16300
MDXG,20140623,6.62,6.83,6.62,6.75,446200
MEET,20140623,2.28,2.37,2.2,2.35,855500
MEIP,20140623,6.5,6.51,6.13,6.18,215100
MELI,20140623,91.49,93.71,91.08,92.78,556200
MEMP,20140623,24.15,24.64,24.02,24.18,381700
MENT,20140623,21.62,21.82,21.37,21.75,561400
MEOH,20140623,61.95,62.05,61.27,61.46,703000
MERC,20140623,9.52,9.74,9.36,9.5,66100
MFNC,20140623,13.53,13.53,13.53,13.53,0
MFRI,20140623,12.04,12.42,11.75,11.98,29400
MFSF,20140623,18.8,18.99,18.8,18.94,500
MGCD,20140623,8.35,8.55,8.31,8.4,4400
MGEE,20140623,38.88,38.99,38.6,38.97,64900
MGI,20140623,14.05,14.63,14,14.55,545500
MGIC,20140623,7.39,7.43,7.15,7.17,116000
MGLN,20140623,63.3,63.3,62.41,62.84,223600
MGNX,20140623,22.91,23.7,22.69,23.09,368300
MGPI,20140623,7.9,8,7.82,7.99,22100
MGRC,20140623,35.63,36.08,35.63,35.76,53300
MGYR,20140623,7.92,7.92,7.92,7.92,0
MHGC,20140623,7.97,7.99,7.73,7.85,145800
MHLD,20140623,11.99,12.06,11.84,11.99,480400
MICT,20140623,4.26,4.26,4.26,4.26,300
MICTW,20140623,0.87,0.87,0.87,0.87,0
MIDD,20140623,81.9667,82.2167,81.2,81.3333,122800
MIND,20140623,14.12,14.27,13.93,14.01,42800
MINI,20140623,48.02,48.64,47.79,48.21,201600
MITK,20140623,3.58,3.59,3.45,3.49,174500
MITL,20140623,10.89,10.89,10.63,10.74,193100
MKSI,20140623,30.47,30.72,30.05,30.55,245400
MKTX,20140623,55.65,56.22,55.32,56.02,137600
MLAB,20140623,88.74,88.79,86.61,87.69,32300
MLHR,20140623,32.12,32.12,31.58,31.8,228900
MLNK,20140623,3.7,3.7,3.57,3.67,110000
MLNX,20140623,37,38.03,36,36.85,522100
MLVF,20140623,10.59,10.6,10.51,10.51,2800
MMLP,20140623,40.87,41.43,40.76,41.4,139900
MMSI,20140623,14.59,14.59,14.05,14.14,97900
MMYT,20140623,33.77,33.99,32.89,33.44,433100
MNDO,20140623,2.41,2.41,2.28,2.4,73900
MNGA,20140623,1.56,1.61,1.54,1.57,918300
MNKD,20140623,10.37,10.79,10.25,10.73,8890400
MNOV,20140623,1.85,2.05,1.82,1.96,35800
MNRO,20140623,55.44,55.94,53.81,53.98,217200
MNST,20140623,24.2467,24.46,24.1267,24.4167,1363600
MNTA,20140623,12.31,12.37,12.09,12.17,566700
MNTX,20140623,16.97,16.98,16.55,16.55,49300
MOBI,20140623,8.1,8.24,7.68,7.86,565100
MOBL,20140623,10.61,10.69,9.76,10.24,550200
MOCO,20140623,16.19,16.41,15.65,15.92,10200
MOFG,20140623,24,24.05,23.84,23.92,6200
MORN,20140623,72.42,72.7,72.04,72.23,70000
MOSY,20140623,2.99,3.1,2.92,2.96,314200
MPAA,20140623,24.42,24.43,23.93,24.08,149200
MPB,20140623,15,15.18,15,15.18,400
MPEL,20140623,33.5,33.5,32.63,33.21,2183200
MPET,20140623,2.08,2.09,2.02,2.04,84600
MPWR,20140623,42.24,42.65,42.08,42.48,183900
MRCC,20140623,13.49,13.57,13.37,13.49,33400
MRCY,20140623,11.74,11.74,11.5,11.65,59000
MRLN,20140623,17.96,17.96,17.66,17.67,11500
MRTN,20140623,22.69,22.84,21.88,21.97,171500
MRTX,20140623,21.69,22.97,21.6,22.49,31300
MRVC,20140623,13.35,14.07,13.35,13.6,5000
MRVL,20140623,14.78,14.83,14.64,14.71,5762600
MSBF,20140623,8,8.01,8,8,2300
MSCC,20140623,26.54,27.45,26.54,27.39,567700
MSEX,20140623,21.02,21.12,20.91,20.96,38700
MSFG,20140623,17.16,17.18,16.82,16.97,19600
MSFT,20140623,41.71,42,41.69,41.99,18743900
MSLI,20140623,2.58,2.58,2.26,2.29,153600
MSON,20140623,6.79,6.79,6.7,6.76,3400
MSTR,20140623,143.87,144.85,143.36,144.08,57400
MTEX,20140623,13.29,13.29,12.95,13,10100
MTGE,20140623,20.41,20.5,20.36,20.4,422700
MTGEP,20140623,25,25.02,25,25.02,46900
MTRX,20140623,35.6,35.92,33.43,33.84,732500
MTSC,20140623,66.82,68,66.82,67.88,55900
MTSI,20140623,22.62,23.25,22.38,23.03,127900
MTSL,20140623,1.52,1.6,1.52,1.6,2300
MU,20140623,32.29,32.3,31.25,31.26,48594600
MVIS,20140623,2.09,2.36,2.08,2.19,3018500
MXIM,20140623,34.46,34.6,34.1,34.17,2564200
MXWL,20140623,16.49,16.98,15.68,15.98,633200
MYGN,20140623,37.5,37.77,36.84,37.01,681500
MYL,20140623,51,51.68,50.73,50.78,2416800
MYRG,20140623,24.85,25.08,24.45,24.65,46800
MZOR,20140623,16.78,17.42,16.6,16.94,31800
NAII,20140623,5.89,5.9,5.26,5.62,38400
NANO,20140623,17.79,17.84,17.65,17.84,98300
NATH,20140623,56.45,56.65,55.52,56,10000
NATI,20140623,32.05,32.14,31.67,31.72,344400
NATL,20140623,28.15,28.58,28,28.27,11100
NATR,20140623,16.24,16.29,15.81,15.98,20500
NAUH,20140623,3.17,3.24,3.17,3.19,9900
NAVG,20140623,65.22,66.15,64.83,65.79,50600
NAVI,20140623,17.46,17.77,17.45,17.68,4459900
NBIX,20140623,15.19,15.32,14.8,14.92,425100
NBN,20140623,9.65,9.65,9.5,9.59,14100
NBTB,20140623,23.65,23.96,23.6,23.75,62800
NCIT,20140623,9.6,9.6,8.95,8.95,29100
NCLH,20140623,32.03,32.51,31.92,32.42,1073500
NCMI,20140623,17.46,17.46,16.96,17.26,314600
NCTY,20140623,2.38,2.4,2.27,2.35,39000
NDAQ,20140623,37.79,39.24,37.79,38.87,2542800
NDLS,20140623,34.08,35.13,33.79,34.84,168500
NDSN,20140623,80.49,81.58,79.95,80.87,223100
NEO,20140623,3.28,3.65,3.24,3.33,929600
NEOG,20140623,39.51,39.51,38.81,39.18,120000
NEON,20140623,3.2,3.3,3.05,3.08,1000000
NEPT,20140623,2.73,2.8,2.68,2.78,291700
NETE,20140623,22,22,18.5,18.5,24900
NEWS,20140623,13.5,14.35,13.5,14.25,311000
NEWT,20140623,13.4,13.65,13.2,13.55,9800
NFBK,20140623,13.08,13.11,13,13.09,170600
NFEC,20140623,2.52,2.62,2.44,2.45,26400
NFLX,20140623,62.7743,63.1229,62.2214,62.7886,1527300
NGHC,20140623,17.31,17.97,17,17.25,934900
NICE,20140623,40.74,40.84,40.38,40.65,98500
NICK,20140623,14.41,14.46,14.39,14.39,59200
NIHD,20140623,0.67,0.71,0.63,0.7,4864900
NILE,20140623,27.82,28.08,27.45,27.93,171400
NKSH,20140623,31.57,31.6,31.23,31.23,4700
NKTR,20140623,13.24,13.43,13.01,13.18,958600
NLNK,20140623,25.82,26.38,25.35,26.12,273900
NLST,20140623,1.14,1.14,1.1,1.1,336700
NMIH,20140623,11.73,11.75,11.45,11.49,226000
NMRX,20140623,11.87,11.89,11.65,11.65,11200
NNBR,20140623,26.16,26.16,24.79,25.41,137100
NRCIA,20140623,14.79,14.79,13.95,14.04,16500
NRCIB,20140623,42.69,42.69,42.1,42.1,1400
NRIM,20140623,25.48,25.5,25.01,25.1,15700
NSEC,20140623,11.72,11.72,11.72,11.72,0
NSIT,20140623,28.86,28.86,28.1,28.25,206900
NSSC,20140623,5.15,5.16,5.05,5.08,40400
NSTG,20140623,15.91,16,14.79,15.06,124300
NSYS,20140623,4.57,4.57,4.38,4.41,2600
NTAP,20140623,35.95,36.1,35.33,35.85,2596800
NTCT,20140623,42.13,42.85,42.01,42.8,178500
NTES,20140623,76.64,77.19,76,76.71,324700
NTGR,20140623,33.76,33.99,33.6,33.9,119200
NTIC,20140623,21.49,21.49,20.78,21,6600
NTRI,20140623,17.06,17.25,16.98,17,335400
NTRS,20140623,64.3,64.47,63.75,64.11,777400
NTWK,20140623,3.78,3.91,3.78,3.88,21900
NUAN,20140623,19.47,19.61,19.39,19.51,3570500
NURO,20140623,7.6,8,7.52,7.52,35600
NUTR,20140623,23.86,23.94,23.75,23.8,11300
NUVA,20140623,35.81,36.28,35.05,35.3,225700
NVAX,20140623,5.01,5.06,4.82,4.89,4996200
NVCN,20140623,7.11,7.11,6.25,6.25,3000
NVDA,20140623,18.68,18.72,18.46,18.71,10355000
NVDQ,20140623,15.73,15.73,15.3,15.51,172400
NVEC,20140623,55.92,55.92,54.02,54.08,8800
NVEE,20140623,9.98,10,9.98,10,600
NVFY,20140623,4.2,4.38,4.16,4.28,53100
NVGN,20140623,3.66,3.77,3.52,3.68,68100
NVMI,20140623,11.57,11.7,11.55,11.68,50600
NWBI,20140623,13.46,13.47,13.35,13.44,281200
NWBO,20140623,7.48,7.65,7.3,7.55,1473800
NWBOW,20140623,3.75,4.7,3.75,4.7,400
NWFL,20140623,27.8,28.74,27.8,28.73,1300
NWLI,20140623,247.8,250.5,247.8,250.01,4800
NWPX,20140623,38.5,38.99,38.42,38.85,40300
NWS,20140623,17.04,17.14,16.76,16.84,469200
NWSA,20140623,17.69,17.71,17.27,17.37,3982800
NXPI,20140623,67.36,67.39,65.96,66.06,2275600
NXST,20140623,43.47,43.54,42.78,43.18,370200
NXTM,20140623,14.16,14.54,14.02,14.45,393400
NYMT,20140623,8.14,8.15,8.12,8.12,871200
NYMTP,20140623,23.88,23.9,23.71,23.89,14800
NYMX,20140623,4.98,5.09,4.95,4.98,99200
NYNY,20140623,37.3,37.8,35.3,35.65,151000
OBAS,20140623,5.92,5.92,5.92,5.92,0
OBCI,20140623,3,3.01,3,3.01,4200
OCC,20140623,3.93,3.93,3.77,3.9,1000
OCFC,20140623,16.11,16.35,16.11,16.18,61000
OCLR,20140623,2.29,2.29,2.23,2.27,393300
OCLS,20140623,14.85,15,14.45,14.85,66100
OCRX,20140623,7.27,7.4,7.26,7.4,42000
ODFL,20140623,63.52,63.89,62.79,62.86,460900
OFED,20140623,18.24,18.24,17.16,17.91,1100
OFIX,20140623,35.3,35.31,34.18,34.3,199300
OFLX,20140623,19.21,20.01,19.21,19.62,4800
OFS,20140623,12.8,12.98,12.77,12.89,17900
OGXI,20140623,3.57,3.6,3.41,3.56,192700
OHRP,20140623,9.93,11.77,9.82,11.4,880600
OIIM,20140623,3.31,3.42,3.3,3.39,7700
OKSB,20140623,16.81,17.33,16.71,17.18,65000
OLBK,20140623,17.19,17.19,16.43,16.64,45400
OLED,20140623,29.68,29.87,29.23,29.58,508400
OMAB,20140623,32.1,32.44,31.24,31.78,108200
OMCL,20140623,27.74,27.81,27.43,27.53,142700
OMED,20140623,24.45,24.49,23.02,23.09,190300
OMER,20140623,14.4,15.95,14.37,15.36,580600
OMEX,20140623,19.56,21.12,19.2,19.2,776900
ONB,20140623,14.3,14.31,14.05,14.13,373100
ONEQ,20140623,169.99,171.22,169.99,171.06,2300
ONTX,20140623,51.6,51.6,49,49.9,120100
ONVI,20140623,4.96,4.96,4.85,4.85,200
OPB,20140623,29.15,29.18,28.28,28.68,67100
OPHC,20140623,12.6,12.6,12.5,12.5,2100
OPHT,20140623,44.27,44.38,42.14,42.62,303800
OPOF,20140623,15.1,15.1,15,15.03,600
OPTT,20140623,16.5,17.1,16.4,16.9,134600
OPXA,20140623,1.65,1.66,1.62,1.64,99300
ORBC,20140623,6.79,6.84,6.33,6.37,378300
ORBK,20140623,15.05,15.31,14.99,15.17,80700
OREX,20140623,60.7,62.8,60.6,61,2665600
ORIG,20140623,19.89,19.97,19.59,19.67,147800
ORIT,20140623,15.42,15.42,15.22,15.33,70700
ORLY,20140623,150.65,151.04,149.5,149.82,532000
ORMP,20140623,10.06,10.38,9.75,9.99,55500
ORRF,20140623,16.65,16.75,16.65,16.65,2500
OSBC,20140623,4.75,4.81,4.74,4.75,7000
OSBCP,20140623,13.52,13.52,13.47,13.47,28900
OSHC,20140623,14.56,14.8,14.56,14.8,4300
OSIR,20140623,15.88,15.98,15.53,15.91,89600
OSIS,20140623,65.94,67.44,65.9,66.76,264000
OSM,20140623,24.44,24.56,24.36,24.56,7100
OSN,20140623,2.94,3.27,2.91,3.21,20000
OSTK,20140623,15.52,15.64,15.23,15.34,96300
OSUR,20140623,8.92,9,8.53,8.62,911500
OTEL,20140623,4.9,4.98,4.9,4.9,7600
OTEX,20140623,47.44,47.92,47.4,47.85,182200
OTIV,20140623,2.45,2.53,2.33,2.35,213800
OTTR,20140623,29.56,29.65,29.29,29.59,90800
OVAS,20140623,9.2,9.2,8.52,8.74,49900
OVBC,20140623,22.9,22.91,22.37,22.49,800
OVLY,20140623,10.01,10.05,10.01,10.04,2700
OXBR,20140623,5.54,5.57,5.48,5.48,9800
OXBRW,20140623,1.24,1.25,1.17,1.19,36300
OXFD,20140623,18.18,18.18,17.43,17.84,44700
OXLC,20140623,16.85,16.93,16.8,16.84,53100
OXLCN,20140623,25.2,25.34,25.15,25.2,15500
OXLCO,20140623,24.41,24.65,24.4,24.44,8600
OZRK,20140623,33.27,33.875,33.27,33.52,304900
PAAS,20140623,14.71,15.1,14.69,15.07,1243600
PACB,20140623,6.4,6.45,6.27,6.35,538000
PACW,20140623,44.5,44.65,43.28,43.33,1075900
PAGG,20140623,30.74,31.14,30.74,31.13,142100
PAHC,20140623,20.61,21.52,20.24,20.92,270400
PARN,20140623,7.89,8.33,7.78,8.17,125800
PATK,20140623,28.9,28.9333,27.5667,28.04,47600
PAYX,20140623,41.64,41.66,41.29,41.58,1184300
PBCT,20140623,14.94,15,14.88,14.96,2625400
PBHC,20140623,14.96,14.96,14.96,14.96,0
PBIB,20140623,0.95,0.96,0.94,0.96,3500
PBIP,20140623,11.33,11.36,11.26,11.36,1100
PBMD,20140623,1.21,1.21,1.12,1.17,14200
PBPB,20140623,16.18,16.25,15.63,15.71,1159900
PBSK,20140623,14.51,14.51,14.5,14.5,900
PCAR,20140623,64.4,64.65,63.93,64.03,882400
PCBK,20140623,14.48,14.48,14.08,14.21,18500
PCH,20140623,40.52,40.88,40.26,40.34,154000
PCLN,20140623,1200.12,1208.41,1195.03,1205.6,421200
PCMI,20140623,10.04,10.35,10.03,10.28,11800
PCO,20140623,1.69,1.69,1.65,1.68,195200
PCOM,20140623,24.65,25,24.59,24.98,25900
PCRX,20140623,87.92,90,87.92,89.28,481100
PCTI,20140623,7.46,7.5,7.32,7.34,109200
PCTY,20140623,23.25,23.53,22.47,22.51,193200
PCYG,20140623,13.2,13.22,12.12,12.39,125600
PCYO,20140623,6.3,6.43,6.05,6.18,110800
PDCE,20140623,68.92,69.83,67.54,67.76,492400
PDCO,20140623,39.96,40.04,39.77,39.84,630800
PDEX,20140623,2.08,2.08,2.08,2.08,200
PDFS,20140623,21.01,21.35,20.91,21.25,368100
PDLI,20140623,9.82,9.83,9.66,9.7,1688300
PEBK,20140623,16.12,16.15,15.85,15.89,2800
PEBO,20140623,25.78,26.49,25.78,26.22,26500
PEGA,20140623,21.29,21.43,21.15,21.25,232800
PEGI,20140623,33.16,33.19,32.11,32.69,744900
PEIX,20140623,15,15.25,14.73,15.16,690400
PENN,20140623,11.95,12.04,11.81,11.98,643500
PERF,20140623,6.52,6.52,6.5,6.5,1600
PERI,20140623,10.07,10.23,9.97,10.13,138000
PERY,20140623,17.23,17.52,17.21,17.49,68900
PESI,20140623,4.32,4.61,4.32,4.41,38600
PETS,20140623,13.25,13.32,13.18,13.21,164100
PETX,20140623,15.2,15.94,15,15.8,161400
PFBC,20140623,24.01,24.2,23.56,24.1,14900
PFBI,20140623,15.56,15.74,15.12,15.69,15700
PFBX,20140623,13.38,13.38,13.38,13.38,400
PFIE,20140623,5.24,5.54,5.14,5.49,489300
PFIN,20140623,7.95,8.08,7.95,8,6600
PFIS,20140623,50.43,51.75,50.43,51.41,49500
PFLT,20140623,13.95,13.95,13.85,13.85,65900
PFMT,20140623,10,10,9.79,9.91,313500
PFPT,20140623,37.53,38.38,37.51,37.79,308100
PFSW,20140623,7.95,8,7.85,7.93,7600
PGC,20140623,19.36,19.57,19.17,19.35,7900
PGNX,20140623,4.35,4.37,4.25,4.28,947900
PGTI,20140623,8.76,8.91,8.63,8.66,351900
PHII,20140623,39.7,40,39.7,39.88,300
PHIIK,20140623,43.45,43.7,42.61,43.16,13100
PHMD,20140623,62.4,63,61.25,62.2,60100
PICO,20140623,22.25,22.47,22.22,22.34,60000
PIH,20140623,8.58,8.66,8.41,8.45,36600
PINC,20140623,28.72,29.09,28.7,28.95,675900
PKBK,20140623,11.82,11.95,11.62,11.62,7900
PKOH,20140623,57.39,58.65,57.02,58.04,39400
PLAB,20140623,8.56,8.77,8.5,8.74,262200
PLBC,20140623,7.25,7.25,7.25,7.25,0
PLCE,20140623,50.94,51.17,50.58,51.03,342900
PLKI,20140623,45.42,45.8,44.27,44.51,160200
PLPC,20140623,54.79,54.79,53.94,54.22,1400
PLPM,20140623,2.79,2.79,2.64,2.74,278200
PLUG,20140623,4.88,4.94,4.72,4.8,9903200
PLUS,20140623,58.62,58.66,57.5,58.3,23700
PLXS,20140623,43.23,43.38,42.81,43.16,159700
PMBC,20140623,6.73,6.73,6.6,6.68,4400
PMD,20140623,14.16,14.36,14.16,14.16,5900
PME,20140623,2.6,2.83,2.6,2.74,54700
PNBK,20140623,14,14,14,14,1800
PNFP,20140623,39.04,39.12,38.65,38.7,285200
PNNT,20140623,11.1,11.15,11.06,11.09,794300
PNQI,20140623,66.43,67.09,66.36,67.08,24800
PNRA,20140623,149.09,150.92,149.04,150.55,517800
PNRG,20140623,61.51,61.51,59.13,60,2000
PNTR,20140623,9,9.02,8.74,8.86,10000
PODD,20140623,39.23,39.78,37.7,37.97,762900
POOL,20140623,57.18,57.51,56.72,57.2,264800
POPE,20140623,67,68,67,67.96,3100
POWI,20140623,58.27,58.9,57.41,58.31,277100
POWL,20140623,64,64.58,63.63,64.43,42100
PPBI,20140623,14.21,14.24,13.82,13.95,42500
PPC,20140623,25.84,26.16,25.15,25.22,990800
PPHM,20140623,1.9,1.9,1.81,1.83,1182100
PPHMP,20140623,24.2,24.2,24.01,24.12,9300
PPSI,20140623,8.3,8.39,8.3,8.39,3800
PRAA,20140623,59.31,59.54,58.58,58.96,349600
PRAN,20140623,12.84,12.9,12.3,12.54,571000
PRCP,20140623,13.19,13.36,13.03,13.08,45900
PRFT,20140623,19.09,19.25,18.76,19.15,101400
PRFZ,20140623,100.75,100.75,99.84,100.04,67800
PRGS,20140623,22.42,22.46,22.21,22.3,203400
PRGX,20140623,6.4,6.5,6.38,6.45,80700
PRIM,20140623,30.41,30.59,29.75,30,178200
PRKR,20140623,12.5,23.5,12.1,18.5,39163300
PRMW,20140623,4.65,4.81,4.61,4.67,95200
PROV,20140623,14.4,14.43,14.07,14.08,58500
PRPH,20140623,1.65,1.65,1.5,1.57,718600
PRSC,20140623,37.96,37.97,37.1,37.35,57600
PRSS,20140623,5.18,5.21,5.11,5.21,9600
PRTA,20140623,23.79,24.17,22.61,22.71,237100
PRTS,20140623,3.85,3.88,3.6,3.63,128100
PRXL,20140623,55.27,55.93,54.59,54.66,621000
PSAU,20140623,22.29,22.69,22.29,22.6,5200
PSCC,20140623,50.58,50.63,50.3,50.3,3700
PSCD,20140623,47.66,47.66,47.39,47.41,5100
PSCE,20140623,54.51,54.7,54.22,54.22,4300
PSCF,20140623,39.87,39.87,39.48,39.48,5500
PSCH,20140623,56.5,56.55,56.03,56.14,5300
PSCI,20140623,45.38,45.38,45.11,45.29,6600
PSCM,20140623,46.49,46.49,46.26,46.34,3600
PSCT,20140623,46.24,46.38,46.2,46.35,10900
PSCU,20140623,36.24,36.24,36.14,36.18,3000
PSDV,20140623,4,4.2,3.96,4,124400
PSEC,20140623,10.42,10.47,10.33,10.44,4808300
PSIX,20140623,77.43,77.43,75.85,76.34,33800
PSMT,20140623,86.32,87.5,86.04,87.36,133400
PSTB,20140623,6.71,6.83,6.63,6.67,61200
PSTI,20140623,3.2,3.21,3.17,3.18,72500
PTC,20140623,37.75,38,37.65,37.94,835700
PTCT,20140623,26.9,26.92,25.65,26.6,270100
PTEN,20140623,35.04,35.05,34.37,34.58,1199900
PTIE,20140623,5.66,5.79,5.47,5.73,233600
PTLA,20140623,30.03,30.5,29.05,29.37,352700
PTNR,20140623,8.22,8.23,8.15,8.2,41700
PTSI,20140623,28.98,28.98,27.91,27.91,42800
PTX,20140623,8.58,8.76,8.44,8.74,506500
PVTB,20140623,29.31,29.46,29.11,29.2,294800
PVTBP,20140623,26.74,26.74,26.26,26.27,6000
PWOD,20140623,44.5,45.4,44.5,45,7400
PXLW,20140623,7.85,7.86,7.66,7.72,472900
PZZA,20140623,42.14,42.57,42,42.38,211000
QABA,20140623,36.02,36.02,35.8,35.81,3800
QADA,20140623,21.2,21.49,21.09,21.14,9400
QADB,20140623,17.28,17.76,17.28,17.57,2500
QAT,20140623,23.78,23.78,23.61,23.62,54800
QBAK,20140623,7.5,8.22,7.5,8.22,900
QCLN,20140623,20.27,20.45,20.12,20.37,78800
QCOM,20140623,79.63,79.99,79.32,79.43,6145600
QCRH,20140623,17.15,17.22,17.15,17.2,7200
QDEL,20140623,24.11,24.11,23.25,23.39,163300
QGEN,20140623,24.3,24.56,24.18,24.23,995400
QINC,20140623,21.01,21.02,20.93,20.96,2400
QIWI,20140623,39.76,40,38.27,38.54,1071100
QLTI,20140623,5.19,5.2,5.19,5.2,27400
QLYS,20140623,25.9,25.9,24.67,24.8,186800
QNST,20140623,5.8,6.01,5.58,5.61,155200
QPAC,20140623,10.2,10.28,10.2,10.28,529300
QPACU,20140623,10.99,11,10.96,11,3400
QPACW,20140623,1,1.05,1,1.01,18700
QQEW,20140623,38.62,38.7,38.54,38.66,276200
QQQ,20140623,92.74,92.82,92.51,92.79,20837900
QQQC,20140623,22.52,22.52,21.95,22.1,11500
QQQX,20140623,19.07,19.07,18.8,18.86,46800
QQXT,20140623,35.54,35.68,35.54,35.63,4200
QRHC,20140623,44.8,46,44,45.92,53500
QSII,20140623,16.34,16.35,16.08,16.24,348700
QTEC,20140623,39.65,39.78,39.65,39.68,8900
QTNT,20140623,8.03,8.39,7.78,8.34,23400
QUIK,20140623,5.45,5.45,5.16,5.18,561900
QUMU,20140623,14.25,14.37,14.12,14.31,9900
QUNR,20140623,23.85,24.48,23.81,23.9,265300
QURE,20140623,13,13.47,12.3,12.64,84800
QYLD,20140623,25.15,25.15,25.15,25.15,2200
RADA,20140623,2.8,2.82,2.8,2.8,8700
RAIL,20140623,25.48,25.75,24.96,25.42,31300
RAND,20140623,3.25,3.25,3.18,3.18,8600
RARE,20140623,47.11,48.76,44.62,44.77,125800
RAVN,20140623,33.86,33.96,32.78,32.85,107000
RBCAA,20140623,23.26,23.59,23.07,23.38,11600
RBCN,20140623,8.43,8.51,8.32,8.41,197100
RBPAA,20140623,1.95,1.95,1.79,1.79,23900
RCII,20140623,28.59,28.85,28.26,28.43,335500
RCKY,20140623,14.85,15.04,14.82,14.82,5700
RCMT,20140623,6.4,6.42,6.19,6.22,19400
RCON,20140623,4.38,4.56,4.24,4.32,61100
RDCM,20140623,5.35,5.35,5.21,5.35,13900
RDHL,20140623,17.62,18.32,17.62,17.91,4200
RDI,20140623,8.58,8.65,8.41,8.47,77700
RDNT,20140623,7.4,7.48,6.98,7.15,453200
RDUS,20140623,9.7,10,9.15,9.99,79900
RDVY,20140623,21.32,21.32,21.26,21.26,300
RDWR,20140623,16.96,17.13,16.76,16.8,121400
RECN,20140623,12.61,12.68,12.49,12.63,135100
REFR,20140623,5.57,5.89,5.56,5.64,36900
REGI,20140623,11.36,11.48,11.12,11.2,365300
REGN,20140623,285,285.05,275.02,280.22,1647100
REIS,20140623,19.66,19.9,19.52,19.77,12700
RELL,20140623,9.97,10.01,9.9,9.93,55800
RELV,20140623,12.46,12.46,12.32,12.32,2200
REPH,20140623,8,8.18,7.67,8.01,36300
RESN,20140623,7.35,7.7,7.35,7.63,26900
REXX,20140623,18.65,18.99,18.33,18.36,837800
RFIL,20140623,6.23,6.35,6.19,6.3,29300
RGCO,20140623,19.3,19.45,19.3,19.45,500
RGEN,20140623,21.98,22.07,21.21,21.6,696800
RGLD,20140623,73.5,75.67,73.41,75.28,680200
RGLS,20140623,8.12,8.2,7.77,7.89,72400
RGSE,20140623,1088,1168,1052,1136,1140600
RIBT,20140623,5.31,5.31,5.08,5.16,42300
RIBTW,20140623,1.67,1.67,1.58,1.58,800
RICK,20140623,10.47,10.55,10.34,10.34,37400
RIGL,20140623,3.94,3.94,3.9,3.93,432900
RLJE,20140623,10.62,10.8,10.26,10.77,2700
RLOG,20140623,6.03,6.21,5.96,6.1,15000
RMBS,20140623,14.6,14.82,14.45,14.53,623600
RMCF,20140623,12.5,12.56,12.38,12.38,11500
RMGN,20140623,1.8,2.12,1.8,2.09,232900
RMTI,20140623,11.95,12.15,11.51,11.54,961000
RNET,20140623,52.87,53.61,52.05,52.7,123500
RNST,20140623,29.07,29.53,29.07,29.45,40100
RNWK,20140623,7.68,7.73,7.63,7.69,28200
ROBO,20140623,27.65,27.7,27.51,27.67,12800
ROCK,20140623,16.53,16.64,16.39,16.49,52800
ROIA,20140623,4.61,4.79,4.61,4.73,2600
ROIAK,20140623,4.66,4.84,4.51,4.78,216800
ROIC,20140623,15.73,15.75,15.54,15.58,481000
ROLL,20140623,63.48,64.59,63.06,64.08,98100
ROSG,20140623,4.25,4.28,4.15,4.28,120400
ROST,20140623,33.9,34.015,33.715,33.99,1480300
RP,20140623,22.15,22.34,21.96,22.03,232500
RPRX,20140623,17.5,17.5,16.78,16.81,109700
RPXC,20140623,17.42,17.42,17.11,17.14,295400
RRGB,20140623,72.99,74.3,71.72,72.42,106200
RSYS,20140623,3.26,3.26,3.11,3.23,155800
RTIX,20140623,4.58,4.61,4.5,4.5,144000
RTK,20140623,2.6,2.7,2.54,2.61,3433000
RTRX,20140623,11.32,11.7,11.3,11.63,274900
RUSHA,20140623,34.33,34.84,33.71,33.9,100800
RUSHB,20140623,31.64,31.64,30.55,30.59,6600
RUTH,20140623,12.36,12.37,12.23,12.35,139800
RVLT,20140623,23.6,24,23,23.5,152100
RVNC,20140623,32.41,33.1,32.12,32.93,135400
RVSB,20140623,3.78,3.78,3.71,3.71,2700
RXDX,20140623,7.71,8.19,7.71,7.87,44500
RXII,20140623,29.3,30.3,29.2,29.5,80900
RYAAY,20140623,54.05,54.25,53.21,53.46,156800
SAAS,20140623,8.67,8.77,8.59,8.73,113100
SABR,20140623,20.1,20.44,19.61,19.75,822700
SAEX,20140623,1135.35,1183.95,1134,1138.05,25600
SAFM,20140623,97.11,97.17,93.3,93.41,337400
SAFT,20140623,51.43,51.99,50.92,51.38,97200
SAIA,20140623,43.88,43.97,42.86,43.28,181500
SAL,20140623,30.53,30.62,30.53,30.55,1000
SALE,20140623,26.94,27.05,26.01,26.88,870800
SALM,20140623,9.4,9.45,9.28,9.42,19900
SAMG,20140623,17.22,17.56,17.16,17.55,9300
SANM,20140623,22.73,22.81,22.31,22.61,659200
SANW,20140623,6.26,6.27,5.86,6.09,97600
SASR,20140623,24.4,24.71,23.87,23.97,59800
SATS,20140623,52.87,53.21,52.25,52.38,176600
SAVE,20140623,63.89,64.94,63.37,63.5,888200
SBAC,20140623,98.34,98.99,97.79,98.23,679200
SBBX,20140623,8.91,9.5,8.91,9.08,11900
SBCF,20140623,10.61,10.8,10.59,10.63,36600
SBFG,20140623,8.25,8.25,8.23,8.24,2800
SBGI,20140623,29.36,29.6,28.57,29.24,1478400
SBLK,20140623,69,70.7,68.95,69.55,162000
SBNY,20140623,123,123.84,122.13,122.5,345300
SBNYW,20140623,92.32,92.32,92.32,92.32,100
SBRA,20140623,28.54,28.54,28.04,28.2,349500
SBRAP,20140623,25.05,25.23,25.02,25.16,11200
SBSA,20140623,5.55,5.7,5.52,5.53,30200
SBSI,20140623,27.6,28.2,27.6,28.02,85700
SBUX,20140623,38.265,38.4,38.095,38.365,2390100
SCAI,20140623,28.64,29.76,28.54,29.46,179000
SCHL,20140623,33.26,33.26,32.81,33.01,74700
SCHN,20140623,25.8,26.02,25.57,25.57,210900
SCLN,20140623,5.19,5.23,5.03,5.12,260800
SCMP,20140623,7.35,7.44,7.14,7.2,122900
SCON,20140623,44.55,44.55,42,43.65,104300
SCOR,20140623,35.96,36.13,35.64,35.96,128200
SCSC,20140623,37.5,37.84,37.3,37.68,55800
SCSS,20140623,19.9,20.05,19.73,19.92,344400
SCTY,20140623,68.8,70.8,67.7,70,7266200
SCVL,20140623,20.3,20.6,20.15,20.51,75300
SCYX,20140623,8.5,8.58,8.2,8.51,53600
SEAC,20140623,7.9,7.99,7.69,7.71,489400
SEED,20140623,2.25,2.29,2.23,2.24,55800
SEIC,20140623,32.43,32.56,32.26,32.56,578100
SEMI,20140623,17.28,17.55,17.04,17.04,57300
SENEA,20140623,30.38,30.38,29.81,29.89,12200
SENEB,20140623,30.98,30.98,30.78,30.78,400
SEV,20140623,8.38,8.44,8.35,8.38,1800
SFBC,20140623,17.49,17.49,17.49,17.49,0
SFBS,20140623,30.0033,30.6767,30.0033,30.2667,28900
SFLY,20140623,42.77,43.09,42.33,42.66,469700
SFM,20140623,31.09,31.63,30.94,31.55,1289200
SFNC,20140623,40.82,41.12,40.01,40.29,31800
SFST,20140623,13.46,13.6,13.43,13.6,2600
SGBK,20140623,25.7,26.03,25.05,25.89,42100
SGC,20140623,16.97,17.05,16.49,16.98,9900
SGEN,20140623,41.51,41.95,40.22,40.48,905600
SGMA,20140623,12.2,12.44,12.14,12.32,21100
SGMO,20140623,15.83,16,15.15,15.42,800500
SGMS,20140623,11.04,11.59,10.94,11.48,1169000
SGNL,20140623,116.4,123,116.4,117.6,6500
SGOC,20140623,9.04,9.08,8.72,8.88,28300
SGRP,20140623,1.53,1.53,1.45,1.45,3200
SGYP,20140623,4.06,4.14,3.93,3.98,1132200
SGYPW,20140623,1.65,1.65,1.65,1.65,0
SHBI,20140623,9.24,9.24,8.95,9.02,5400
SHEN,20140623,14.135,14.43,13.89,14.28,60800
SHIP,20140623,6.65,6.9,6.65,6.9,6400
SHLD,20140623,41.11,42.07,39.47,39.73,1016000
SHLM,20140623,37.58,37.68,37.1,37.43,110200
SHLO,20140623,18.78,19.49,18.78,19.24,68400
SHOO,20140623,32.62,32.99,32.43,32.81,350400
SHOR,20140623,6.61,6.79,6.52,6.53,366000
SHOS,20140623,21.51,21.98,21.51,21.84,144100
SHPG,20140623,222.48,228.35,219.6,227.4,1774000
SIEB,20140623,2.9,2.9,2.9,2.9,600
SIFI,20140623,11.52,11.53,11.21,11.28,7700
SIFY,20140623,2.25,2.33,2.23,2.28,239800
SIGI,20140623,25.1,25.32,24.75,24.86,154100
SIGM,20140623,4.4,4.61,4.39,4.46,537800
SILC,20140623,43.47,43.57,42.12,43.16,92600
SIMO,20140623,18.29,18.32,17.75,17.8,192000
SINA,20140623,44.89,45.95,44.75,45.54,1644500
SINO,20140623,2.3,2.35,2.23,2.26,4800
SIRI,20140623,3.39,3.43,3.38,3.42,27239800
SIVB,20140623,118.77,119.76,117.55,118.09,335600
SIVBO,20140623,26.22,27,25.83,26.48,34200
SKYW,20140623,12.08,12.08,11.8,11.96,254900
SKYY,20140623,27.02,27.08,26.85,27.05,29600
SLAB,20140623,48.78,49.48,48.74,49.34,271000
SLGN,20140623,50.15,50.15,49.74,50.03,159500
SLM,20140623,8.38,8.41,8.29,8.32,4110700
SLMAP,20140623,48.8,48.8,48.3,48.55,4000
SLMBP,20140623,72.3,72.3,72.3,72.3,200
SLP,20140623,5.67,5.68,5.6,5.65,15600
SLRC,20140623,20.72,20.75,20.57,20.58,309200
SLVO,20140623,15.54,15.54,15.44,15.47,18000
SMBC,20140623,17.7,17.99,17.675,17.75,7300
SMCI,20140623,26.22,26.25,25.62,25.68,373000
SMED,20140623,4.38,4.45,4.31,4.37,24000
SMIT,20140623,2.95,2.95,2.75,2.75,2700
SMMF,20140623,10.34,10.45,10.33,10.45,900
SMRT,20140623,13.94,13.99,13.74,13.81,46300
SMSI,20140623,3.76,3.76,3.68,3.76,64200
SMTC,20140623,26.94,27,26.59,26.8,418300
SMTX,20140623,1.78,1.84,1.78,1.82,13200
SNAK,20140623,12.28,12.28,11.95,12,77900
SNBC,20140623,19.85,19.9,19.65,19.75,43300
SNCR,20140623,34.58,34.96,34.19,34.73,247500
SNFCA,20140623,4.39,4.39,4.21,4.24,3300
SNHY,20140623,40.55,41.14,39.5,39.69,71300
SNMX,20140623,9.51,9.65,8.92,9.27,976300
SNPS,20140623,38.58,38.98,38.57,38.97,370100
SNSS,20140623,38.4,39.3,38.22,38.52,361900
SOCL,20140623,18.85,19.19,18.85,19.19,145600
SODA,20140623,36.27,36.63,35.5,35.52,1107100
SOFO,20140623,10.9,10.9,10.5,10.5,1300
SOHO,20140623,7.44,7.57,7.44,7.53,8900
SOHU,20140623,56.63,56.69,55.25,56.15,425700
SONA,20140623,10.54,10.69,10.37,10.69,3300
SONC,20140623,22.53,22.84,22.28,22.65,1932800
SONS,20140623,18.2,18.9,17.95,18.5,2973800
SORL,20140623,3.07,3.18,3.07,3.12,25700
SOXX,20140623,86.74,86.74,86.21,86.31,476200
SP,20140623,21.28,21.29,20.93,21.17,57800
SPAN,20140623,21.01,22.13,21.01,22.06,3400
SPAR,20140623,5.16,5.16,5.02,5.1,91500
SPCB,20140623,9.65,10,9.6,9.98,141000
SPEX,20140623,34.96,35.53,33.82,34.96,945000
SPHS,20140623,2.19,2.2,2.1,2.19,75600
SPIL,20140623,8.12,8.12,8.04,8.06,308300
SPLK,20140623,50.65,52.62,50.28,52.49,3414700
SPLS,20140623,11.27,11.28,11.16,11.23,4309200
SPNC,20140623,23.27,23.44,23.11,23.28,289800
SPNS,20140623,7.8,7.99,7.76,7.97,93800
SPPI,20140623,8.3,8.47,8.23,8.25,1233400
SPRT,20140623,2.4,2.48,2.36,2.39,789300
SPSC,20140623,60.9,61.66,60.21,61.5,46200
SPTN,20140623,21.23,21.4,20.86,21.31,200100
SPU,20140623,1.36,1.37,1.33,1.35,24700
SPWH,20140623,8.08,8.63,8.08,8.5,290100
SPWR,20140623,39.5,40.67,39.03,39.99,3093500
SQBG,20140623,10.63,11.97,10.63,11.43,116900
SQQQ,20140623,44.79,45.08,44.67,44.68,1914700
SRCE,20140623,31.32,31.32,30.72,30.92,71500
SRCL,20140623,118.83,119.73,118.16,118.62,293200
SRDX,20140623,21.44,21.57,21.33,21.48,40900
SREV,20140623,5.52,5.52,5.45,5.51,748600
SRNE,20140623,6.2,6.65,6.11,6.34,354300
SRPT,20140623,31.96,32.66,31.86,32.23,662700
SSBI,20140623,11.15,11.2,11.15,11.18,1800
SSFN,20140623,4.36,4.36,4.36,4.36,100
SSH,20140623,5.9,5.91,5.8,5.83,67600
SSNC,20140623,44.95,45.53,44.53,44.53,235900
SSRI,20140623,8.34,8.67,8.25,8.6,1187400
SSYS,20140623,102.49,108.9,102.15,108.66,1351000
STAA,20140623,16.78,16.78,16.44,16.53,118100
STB,20140623,6.66,6.68,6.6,6.61,122800
STBA,20140623,24.35,24.81,24.3,24.64,62300
STBZ,20140623,16.85,16.96,16.66,16.76,37300
STEM,20140623,25.92,26.04,23.4,23.52,7062600
STFC,20140623,23.2,23.2,22.86,22.91,13500
STKL,20140623,13.43,13.55,13.42,13.5,215200
STLD,20140623,18.08,18.18,17.75,17.8,2368200
STLY,20140623,2.69,2.69,2.67,2.67,14500
STML,20140623,15.23,15.27,14.71,14.91,106200
STMP,20140623,34.52,34.71,33.93,34.2,123600
STPP,20140623,37.61,37.61,37.57,37.57,400
STRA,20140623,52.64,53,52.31,52.68,102300
STRL,20140623,9.46,9.46,9.29,9.36,59900
STRM,20140623,4.55,4.61,4.45,4.49,18100
STRS,20140623,16.25,16.26,16.02,16.25,1500
STRT,20140623,72.29,72.29,68.08,68.73,25300
STRZA,20140623,29.62,29.62,29.25,29.39,681700
STRZB,20140623,29.45,29.45,29.45,29.45,100
STX,20140623,56.28,56.41,55.38,55.95,1853700
SUMR,20140623,2.86,2.88,2.75,2.75,235100
SUNS,20140623,16.89,16.89,16.75,16.82,58100
SUPN,20140623,10.65,10.99,10.6,10.74,365200
SVA,20140623,5.6,5.74,5.56,5.68,353100
SVBI,20140623,4.69,4.74,4.6,4.6,4300
SVVC,20140623,20.88,21.01,20.82,20.95,29600
SWHC,20140623,15.42,15.71,15.12,15.3,2782400
SWIR,20140623,20.41,20.66,20.21,20.32,415200
SWKS,20140623,48.86,49.1,47.68,47.89,2608500
SYBT,20140623,19.4733,19.6667,19.4,19.5667,89600
SYKE,20140623,20.62,20.78,20.49,20.61,226600
SYMC,20140623,22.13,22.31,21.96,22.2,3607400
SYMX,20140623,1.72,1.75,1.61,1.61,279500
SYNA,20140623,91.33,91.5,88.42,89.18,1060600
SYNC,20140623,2.52,2.55,2.46,2.53,59200
SYNL,20140623,16.04,16.38,16.03,16.21,2800
SYNT,20140623,41.76,42.095,41.555,41.94,69600
SYPR,20140623,5.76,5.95,5.53,5.62,87500
SYRX,20140623,4.2,4.23,3.92,4.05,120000
SYUT,20140623,6.92,7.22,6.77,7.07,88000
TACT,20140623,10.4,10.4,9.85,9.98,5200
TAIT,20140623,1.02,1.02,0.96,1.01,19200
TASR,20140623,13.82,13.82,13.57,13.7,611300
TAST,20140623,7.27,7.34,7.17,7.24,143500
TATT,20140623,7.48,7.5,7.42,7.45,9600
TAX,20140623,31.16,31.73,30.97,31.65,237300
TAYD,20140623,8.91,9.02,8.89,8.91,11100
TBBK,20140623,11.88,11.88,11.68,11.74,360500
TBIO,20140623,3.59,3.9,3.44,3.89,76400
TBNK,20140623,21.06,21.13,20.62,20.89,24800
TBPH,20140623,33.16,35.24,33.16,34.87,401700
TCBI,20140623,54.45,54.49,53.76,53.92,208400
TCBIL,20140623,24.24,24.24,24.14,24.24,2600
TCBIP,20140623,24.5,24.5,24.44,24.48,20400
TCBIW,20140623,39.42,39.42,39.42,39.42,0
TCBK,20140623,22.93,23.11,22.75,23,27600
TCCO,20140623,4.4,4.67,4.4,4.67,400
TCFC,20140623,21.55,22.02,21.55,22.02,1400
TCPC,20140623,17.7,17.85,17.61,17.76,289600
TCRD,20140623,13.51,13.57,13.38,13.42,350400
TCX,20140623,13.59,13.69,13.3,13.41,15400
TDIV,20140623,26.55,26.56,26.44,26.54,99300
TEAR,20140623,4.68,4.7,4.5,4.56,303000
TECD,20140623,61,61,60.13,60.54,198200
TECH,20140623,91.75,92.68,91,91.78,93700
TEDU,20140623,11.35,11.92,11.33,11.53,552000
TESO,20140623,20.61,21.11,20.35,21,269600
TESS,20140623,30.65,30.65,30.2,30.38,19700
TFSL,20140623,14.06,14.08,13.93,13.99,110600
TGA,20140623,7.59,7.65,7.43,7.48,197300
TGEN,20140623,7.25,7.25,6.59,6.84,45000
TGLS,20140623,11.99,12.6,11.55,12.4,9800
TGTX,20140623,8.45,9.7,8.37,9.69,675300
THFF,20140623,32.55,32.78,32.11,32.35,18300
THLD,20140623,4.07,4.13,3.92,3.94,428900
THRM,20140623,43.11,43.23,42.3,42.87,386500
THST,20140623,5.1,5.1,5,5,6800
TICC,20140623,9.53,9.61,9.5,9.54,748600
TILE,20140623,18.5,18.7,18.34,18.45,312000
TINY,20140623,3.24,3.3,3.23,3.28,45000
TIPT,20140623,9.71,9.93,9.03,9.9,127000
TISA,20140623,3.62,3.68,3.61,3.68,5400
TITN,20140623,15.59,15.71,15.42,15.65,94500
TIVO,20140623,12.53,12.68,12.45,12.59,1186400
TLF,20140623,8.84,9,8.79,9,45300
TLOG,20140623,5.54,5.55,5.01,5.25,77900
TLT,20140623,112.12,112.18,111.41,111.45,5822200
TNAV,20140623,5.84,5.94,5.76,5.94,99900
TNDM,20140623,17.1,17.1,16.55,16.73,142000
TNGO,20140623,15.27,15.31,14.98,15.26,220900
TNXP,20140623,12.48,13.77,12.45,13.11,249800
TOPS,20140623,22.1,22.5,21.2,21.6,189300
TORM,20140623,9.5,9.54,9.5,9.5,1800
TOUR,20140623,15,15.79,14.22,14.62,501300
TOWN,20140623,16.4,16.55,16.28,16.34,31200
TQQQ,20140623,72.05,72.26,71.58,72.19,1445900
TRCB,20140623,8.5,8.5,8.41,8.41,1800
TRCH,20140623,3.99,3.99,3.89,3.89,42800
TREE,20140623,27.63,28.28,27.16,28.28,357900
TRIB,20140623,23.41,23.41,23,23.1,63600
TRIP,20140623,103.66,104.31,102.17,103.87,1225200
TRMB,20140623,37.9,37.97,37.43,37.67,912800
TRMK,20140623,24.33,24.58,24.26,24.38,175800
TRNS,20140623,10.11,10.25,10,10.25,43400
TROV,20140623,3.48,3.58,3.48,3.5,55100
TROVW,20140623,2.67,2.67,2.67,2.67,0
TROW,20140623,83.51,83.73,83.02,83.47,1036700
TRS,20140623,37.87,37.87,37.55,37.65,148200
TRST,20140623,6.71,6.71,6.53,6.55,253200
TRUE,20140623,13.5,13.9,13.22,13.29,322800
TRVN,20140623,4.55,4.68,4.24,4.3,60600
TSBK,20140623,10.63,10.63,10.32,10.58,1100
TSC,20140623,14.25,14.36,14.2,14.25,80100
TSCO,20140623,62.96,63.57,62.49,63,1273200
TSEM,20140623,9.34,9.34,9.12,9.18,64600
TSLA,20140623,229.51,238.99,228.22,237.22,7800100
TSRA,20140623,22.45,22.48,22.2,22.27,332200
TSRI,20140623,2.99,3,2.99,3,400
TSRO,20140623,30.3,30.96,29.9,30.15,200700
TST,20140623,2.48,2.48,2.42,2.45,22700
TTEC,20140623,27.92,28.28,27.73,27.9,79500
TTEK,20140623,27.47,27.74,27.06,27.31,252700
TTGT,20140623,8.21,8.28,7.8,8.22,173000
TTMI,20140623,8.27,8.27,8.14,8.16,223300
TTPH,20140623,13.9,13.93,13.54,13.77,245700
TTS,20140623,16.17,16.4,15.94,16.24,219200
TTWO,20140623,21.41,21.54,21.17,21.52,1370600
TUES,20140623,18.92,19.02,18.32,18.36,669100
TVIX,20140623,3.17,3.23,3,3.01,8574600
TVIZ,20140623,23.17,23.17,23.17,23.17,200
TWER,20140623,35.8,37.2,35,35.2,527800
TWIN,20140623,33.62,33.66,33.08,33.25,35300
TWMC,20140623,3.2,3.3,3.19,3.22,82300
TWOU,20140623,15.4,16.75,15.31,16.62,207500
TXN,20140623,47.98,48.17,47.82,48.08,3002600
TXRH,20140623,26.1,26.32,25.89,26.3,562900
TYPE,20140623,27.45,27.83,27.25,27.81,158300
TZOO,20140623,18.94,19.32,18.94,19.22,79300
UAE,20140623,22.66,22.66,22.04,22.2,50300
UBCP,20140623,8.14,8.15,8.11,8.14,4300
UBFO,20140623,5.63,5.77,5.51,5.61,1300
UBNK,20140623,13.8,13.8,13.68,13.68,161800
UBNT,20140623,44.5,46.39,44.35,46.06,1080800
UBOH,20140623,13.49,13.56,13.15,13.15,4100
UBSH,20140623,26.2,26.2,25.63,25.77,94900
UBSI,20140623,32.29,32.4,31.88,31.88,283100
UCBA,20140623,11.75,11.75,11.53,11.53,107200
UCBI,20140623,16.64,16.89,16.46,16.63,199900
UCFC,20140623,4.1,4.1,3.98,4.02,174900
UCTT,20140623,9.05,9.06,8.8,8.93,261200
UEIC,20140623,47.37,48.12,47.2,47.55,86800
UEPS,20140623,11,11.14,10.86,11.03,118400
UFCS,20140623,29.7,29.82,29.19,29.69,63900
UFPI,20140623,48.2,48.62,47.63,47.89,29900
UFPT,20140623,27.35,27.35,26.99,27.25,14500
UG,20140623,27.3,27.5,26.88,27.5,1900
UGLD,20140623,16.2,16.32,16.1,16.27,126200
UHAL,20140623,286.2,290.99,286.2,290.4,31100
UIHC,20140623,17.87,17.89,17.1,17.51,278000
ULBI,20140623,3.75,3.93,3.61,3.77,2100
ULTA,20140623,95,95.44,94.11,94.67,620000
ULTI,20140623,135.34,136.43,133.78,135.39,177100
UMBF,20140623,62.62,62.62,61.21,61.57,139400
UMPQ,20140623,17.94,17.94,17.55,17.63,1260000
UNAM,20140623,12.57,12.64,12.52,12.52,2400
UNB,20140623,25.45,25.45,24.45,24.6,900
UNFI,20140623,63.82,63.88,63.31,63.84,415300
UNIS,20140623,31.3,31.6,30.8,31,235700
UNTY,20140623,9.35,9.35,9.35,9.35,0
UNXL,20140623,7.81,7.83,7.4,7.43,272000
URBN,20140623,34.18,34.47,33.98,34.01,1535100
URRE,20140623,32.16,32.64,32.16,32.4,31300
USAK,20140623,19.19,19.4,18.95,19.24,120600
USAP,20140623,30.74,30.74,30.46,30.51,12500
USAT,20140623,2.08,2.08,2.03,2.05,99800
USATP,20140623,16.26,16.26,16,16,1000
USCR,20140623,24.75,25.42,24.37,25.32,77300
USEG,20140623,25.74,25.8,25.2,25.26,94000
USLM,20140623,67.72,67.74,66.14,67,3500
USLV,20140623,51.9,52.26,51.18,51.92,327600
UTEK,20140623,22.36,22.36,21.76,21.85,636200
UTHR,20140623,89.99,89.99,86.68,87.72,478400
UTMD,20140623,52.08,53,51.6,53,3400
UTSI,20140623,2.8,2.82,2.8,2.82,12300
UVSP,20140623,20.66,20.76,20.37,20.48,22400
VALU,20140623,15.59,15.6,15.5,15.5,3100
VASC,20140623,21.45,21.59,21.15,21.26,73900
VBFC,20140623,21.92,22.08,21.76,21.76,2200
VCIT,20140623,86.04,86.13,85.96,86,180100
VCLT,20140623,89.67,89.69,89.16,89.19,27100
VCSH,20140623,80.2,80.22,80.16,80.19,843700
VCYT,20140623,16.5,17.45,16.01,16.82,211400
VDSI,20140623,12.18,12.18,11.75,11.97,163200
VECO,20140623,34.45,34.91,33.89,34.22,557400
VGIT,20140623,63.72,63.72,63.65,63.65,23600
VGLT,20140623,70.07,70.09,69.77,69.78,8700
VGSH,20140623,60.93,60.93,60.88,60.9,17700
VIA,20140623,86.18,86.32,85.35,85.49,10300
VIAB,20140623,85.95,86,85.31,85.42,1325800
VICL,20140623,11.7,12,11.6,11.7,644100
VICR,20140623,8.11,8.12,7.86,7.91,53900
VIDI,20140623,25.56,25.58,25.47,25.58,24400
VIIX,20140623,39.84,40.17,38.89,38.99,41800
VIIZ,20140623,18.12,18.14,17.96,18.01,1700
VIP,20140623,8.6,8.73,8.41,8.68,2598400
VIRC,20140623,2.65,2.69,2.61,2.61,36400
VISN,20140623,18.53,18.88,18.17,18.68,12600
VIVO,20140623,20.27,20.33,20.02,20.11,116500
VLGEA,20140623,23.87,24.2,23.65,23.89,16100
VLTC,20140623,1.99,2.01,1.92,1.93,14700
VMBS,20140623,52.56,52.57,52.5,52.51,79700
VNDA,20140623,14.85,16.13,14.85,15.93,1093600
VNET,20140623,29.35,29.78,28.71,29.36,547300
VNOM,20140623,36,36,33.99,34.22,322900
VNQI,20140623,57.97,57.99,57.75,57.9,52600
VNR,20140623,31.59,31.82,31.53,31.66,404500
VNRAP,20140623,25.7,25.87,25.69,25.87,7200
VNRBP,20140623,24.8,24.83,24.76,24.82,29900
VOD,20140623,32.57,32.69,32.48,32.52,5746100
VONE,20140623,90.68,90.68,90.38,90.46,15500
VONG,20140623,92.73,92.74,92.51,92.66,16000
VONV,20140623,88.56,88.73,88.43,88.56,27600
VOXX,20140623,8.58,8.94,8.56,8.91,167200
VRA,20140623,22.65,22.67,22.14,22.17,471900
VRML,20140623,2.64,2.76,2.64,2.69,22300
VRNS,20140623,25.93,26,25.05,25.47,108300
VRNT,20140623,49.89,50.28,49.34,49.66,482200
VRSK,20140623,60.31,60.59,59.88,60.37,719900
VRSN,20140623,50.87,51.26,50.62,51.24,765800
VRTB,20140623,4.19,4.33,4.13,4.16,1500
VRTS,20140623,208.66,215,208.37,212.85,83900
VRTU,20140623,36.09,36.22,35.48,36.01,141100
VRTX,20140623,64.76,67.6,64.72,66.61,2166100
VSAR,20140623,29.22,30.62,28.13,28.87,323400
VSAT,20140623,57.52,57.75,56.75,56.87,187400
VSEC,20140623,32.85,32.85,31.275,31.895,12500
VSTM,20140623,9.9,9.99,9.22,9.32,248300
VTHR,20140623,91.12,91.12,90.81,90.88,2900
VTIP,20140623,50.11,50.11,50.04,50.05,88300
VTL,20140623,26.49,30.2,25.51,29.1,88900
VTNR,20140623,9.88,9.9,9.5,9.82,215600
VTWG,20140623,100.43,100.43,99.8,99.9,7300
VTWO,20140623,94.4,94.75,94.17,94.34,20300
VTWV,20140623,89.48,89.48,88.8,88.83,3500
VUSE,20140623,26.57,26.57,26.46,26.46,45800
VVUS,20140623,5.5,5.52,5.28,5.3,1435000
VWOB,20140623,80.35,80.56,80.21,80.38,25100
VXUS,20140623,54.97,54.97,54.74,54.93,433400
WABC,20140623,52.4,52.4,51.53,51.64,154200
WAFD,20140623,22.17,22.66,21.98,22.65,780800
WAFDW,20140623,6.05,6.05,6.05,6.05,0
WASH,20140623,36.79,36.91,36.61,36.83,18400
WATT,20140623,13.62,13.98,13.23,13.61,87100
WAYN,20140623,13.2,13.44,13.2,13.32,1500
WB,20140623,19.88,19.94,19.17,19.48,1082300
WBB,20140623,14.95,15.14,14.95,15.08,24400
WBKC,20140623,22.24,22.24,22.24,22.24,0
WBMD,20140623,48.73,49.58,48.73,49.35,552800
WDC,20140623,91.15,91.68,90.17,91.59,891200
WDFC,20140623,73.83,74.32,73.21,73.61,50900
WEBK,20140623,18.9,18.9,18.9,18.9,0
WEN,20140623,8.6,8.72,8.58,8.6,3415200
WERN,20140623,26.67,26.92,26.22,26.28,391900
WETF,20140623,12.16,12.32,12.09,12.25,2212100
WEYS,20140623,27.63,27.63,27.41,27.52,3500
WFBI,20140623,15.37,15.37,15.37,15.37,0
WFM,20140623,39.23,39.66,38.96,39.24,6412600
WHF,20140623,14.33,14.33,13.98,14.05,49500
WHFBL,20140623,24.96,25.5,24.92,25.15,11700
WHLR,20140623,4.64,4.85,4.64,4.67,7500
WHLRP,20140623,25.15,25.3,25.01,25.3,10500
WHLRW,20140623,0.8,0.8,0.8,0.8,0
WIFI,20140623,6.33,6.48,6.33,6.45,351900
WILC,20140623,7.1,7.41,7.05,7.39,43700
WILN,20140623,3.1,3.16,3.1,3.13,143600
WIN,20140623,10.18,10.22,10.13,10.19,5735800
WINA,20140623,66.27,68,66.27,66.75,17600
WIRE,20140623,50.45,50.45,49.2,49.48,38500
WIX,20140623,17.62,17.83,16.89,17.77,165900
WLB,20140623,36.85,37.15,36.35,36.52,123600
WLDN,20140623,7.38,8.6,7.34,8.31,231100
WLFC,20140623,24.76,26.19,24.71,24.99,102600
WMAR,20140623,10.75,10.75,10.08,10.38,42700
WMGI,20140623,32.34,32.5,32.06,32.2,312800
WMGIZ,20140623,1.2,1.34,1.2,1.3,17400
WOOD,20140623,53.27,53.31,53.14,53.26,4200
WOOF,20140623,35.55,36.12,35.54,35.91,595200
WPCS,20140623,12.54,13.86,11.66,12.54,269300
WPPGY,20140623,107.28,107.47,106.67,107.47,95400
WPRT,20140623,16.3,16.94,16.2,16.91,804200
WRLD,20140623,79.01,79.49,77.29,77.66,106300
WSBC,20140623,30.96,31.3,30.6,30.81,40300
WSBF,20140623,11.59,11.59,11.37,11.56,157200
WSCI,20140623,8.88,8.88,8.55,8.69,7100
WSFS,20140623,24.0267,24.08,23.8467,23.9933,22700
WSFSL,20140623,26.35,26.35,26,26.05,4500
WSTC,20140623,27.01,27.28,26.74,26.89,257900
WSTG,20140623,15.31,15.43,15.25,15.36,20600
WSTL,20140623,2.41,2.41,2.31,2.33,287400
WTBA,20140623,15.75,15.75,15.4,15.65,27300
WTFC,20140623,45.93,46.08,45.49,45.66,107700
WTFCW,20140623,23,23,23,23,0
WVFC,20140623,10.88,10.88,10.88,10.88,200
WVVI,20140623,5.4,5.54,5.4,5.51,7100
WWD,20140623,49.53,50,49.5,49.85,347000
WYNN,20140623,199.07,201.45,197.18,201.16,1393900
XBKS,20140623,6.15,6.33,6.15,6.26,11100
XCRA,20140623,8.92,8.93,8.75,8.85,180000
XGTI,20140623,23.04,23.16,22.08,22.2,122000
XGTIW,20140623,10.56,10.56,10.56,10.56,0
XIV,20140623,43.88,44.84,43.39,44.74,5990900
XLNX,20140623,47.47,47.69,47.25,47.33,1230500
XLRN,20140623,34.64,35.92,34.48,34.61,243300
XNCR,20140623,11.25,11.41,11.22,11.23,32600
XOMA,20140623,95.6,100,95,96.4,1660400
XONE,20140623,34.75,35.97,33.95,35.15,610600
XPLR,20140623,6.05,6.16,6.01,6.04,11600
XRAY,20140623,47.74,47.82,47.38,47.55,802100
XTLB,20140623,3.2,3.2,3.1,3.1,700
XXIA,20140623,11.34,11.84,11.14,11.81,565400
YDIV,20140623,21.83,21.84,21.55,21.67,11300
YHOO,20140623,34.13,34.22,33.37,33.64,26206300
YNDX,20140623,35.26,35.6,34.39,35.6,2891700
YOD,20140623,3.37,3.39,3.03,3.1,770000
YORW,20140623,20.71,20.73,20.52,20.63,10300
YRCW,20140623,26.87,27.6,26.59,26.99,759300
YY,20140623,70.99,72.86,70.21,72.33,936300
Z,20140623,134.54,136.95,132.31,133.98,1211800
ZAGG,20140623,4.68,4.84,4.67,4.78,308800
ZBRA,20140623,79,79.6,78.84,79.56,254800
ZEUS,20140623,23.9,24.17,23.72,24.03,21700
ZFGN,20140623,20.24,20.25,19.84,19.95,367600
ZGNX,20140623,16,16.4,15.6,16.24,3289200
ZION,20140623,30.16,30.18,29.84,30.04,1542000
ZIONW,20140623,6.4,6.4,5.4,5.4,34000
ZIOP,20140623,4.35,4.45,4.24,4.35,525100
ZIV,20140623,45.13,45.49,44.95,45.33,47600
ZIXI,20140623,3.45,3.49,3.41,3.41,139600
ZLTQ,20140623,16.23,16.83,16.08,16.54,301000
ZN,20140623,2.1,2.17,2.1,2.13,47300
ZNGA,20140623,3.06,3.15,3.03,3.12,14362000
ZUMZ,20140623,27.23,27.26,26.8,26.99,201000
