<ticker>,<date>,<open>,<high>,<low>,<close>,<vol>
AAL,20140526,39.11,39.11,39.11,39.11,0
AAME,20140526,3.59,3.59,3.59,3.59,0
AAOI,20140526,18.76,18.76,18.76,18.76,0
AAON,20140526,20.8533,20.8533,20.8533,20.8533,0
AAPL,20140526,87.7329,87.7329,87.7329,87.7329,0
AAWW,20140526,36.7,36.7,36.7,36.7,0
AAXJ,20140526,62.15,62.15,62.15,62.15,0
ABAX,20140526,41.76,41.76,41.76,41.76,0
ABCB,20140526,20.9,20.9,20.9,20.9,0
ABCD,20140526,2.31,2.31,2.31,2.31,0
ABCO,20140526,48.34,48.34,48.34,48.34,0
ABDC,20140526,14.95,14.95,14.95,14.95,0
ABIO,20140526,9.8,9.8,9.8,9.8,0
ABMD,20140526,21.1,21.1,21.1,21.1,0
ABTL,20140526,12.17,12.17,12.17,12.17,0
ACAD,20140526,19.8,19.8,19.8,19.8,0
ACAS,20140526,14.73,14.73,14.73,14.73,0
ACAT,20140526,37.27,37.27,37.27,37.27,0
ACET,20140526,17.62,17.62,17.62,17.62,0
ACFC,20140526,4.12,4.12,4.12,4.12,0
ACGL,20140526,56.86,56.86,56.86,56.86,0
ACHC,20140526,43.15,43.15,43.15,43.15,0
ACHN,20140526,2.83,2.83,2.83,2.83,0
ACIW,20140526,18.0167,18.0167,18.0167,18.0167,0
ACLS,20140526,7.04,7.04,7.04,7.04,0
ACNB,20140526,19.64,19.64,19.64,19.64,0
ACOR,20140526,32.12,32.12,32.12,32.12,0
ACPW,20140526,2.7,2.7,2.7,2.7,0
ACRX,20140526,9.16,9.16,9.16,9.16,0
ACSF,20140526,13.66,13.66,13.66,13.66,0
ACST,20140526,8.7,8.7,8.7,8.7,0
ACTG,20140526,15.07,15.07,15.07,15.07,0
ACTS,20140526,1.72,1.72,1.72,1.72,0
ACUR,20140526,1.23,1.23,1.23,1.23,0
ACWI,20140526,59.49,59.49,59.49,59.49,0
ACWX,20140526,47.99,47.99,47.99,47.99,0
ACXM,20140526,22.5,22.5,22.5,22.5,0
ADBE,20140526,64.3,64.3,64.3,64.3,0
ADES,20140526,22.2,22.2,22.2,22.2,0
ADHD,20140526,17.2,17.2,17.2,17.2,0
ADI,20140526,52.39,52.39,52.39,52.39,0
ADMP,20140526,5.74,5.74,5.74,5.74,0
ADMS,20140526,18.49,18.49,18.49,18.49,0
ADP,20140526,69.2273,69.2273,69.2273,69.2273,0
ADRA,20140526,28.36,28.36,28.36,28.36,0
ADRD,20140526,25.26,25.26,25.26,25.26,0
ADRE,20140526,38.51,38.51,38.51,38.51,0
ADRU,20140526,25.56,25.56,25.56,25.56,0
ADSK,20140526,52,52,52,52,0
ADTN,20140526,22.31,22.31,22.31,22.31,0
ADUS,20140526,23.33,23.33,23.33,23.33,0
ADXS,20140526,2.56,2.56,2.56,2.56,0
ADXSW,20140526,0.75,0.75,0.75,0.75,0
AEGN,20140526,24.11,24.11,24.11,24.11,0
AEGR,20140526,31.66,31.66,31.66,31.66,0
AEHR,20140526,1.91,1.91,1.91,1.91,0
AEIS,20140526,19.19,19.19,19.19,19.19,0
AEPI,20140526,32.82,32.82,32.82,32.82,0
AERI,20140526,15.95,15.95,15.95,15.95,0
AETI,20140526,6.31,6.31,6.31,6.31,0
AEY,20140526,2.69,2.69,2.69,2.69,0
AEZS,20140526,107,107,107,107,0
AFAM,20140526,21.36,21.36,21.36,21.36,0
AFH,20140526,14.35,14.35,14.35,14.35,0
AFSI,20140526,22.595,22.595,22.595,22.595,0
AGEN,20140526,2.64,2.64,2.64,2.64,0
AGII,20140526,47.02,47.02,47.02,47.02,0
AGIIL,20140526,24.39,24.39,24.39,24.39,0
AGIO,20140526,33.89,33.89,33.89,33.89,0
AGNC,20140526,23.58,23.58,23.58,23.58,0
AGNCB,20140526,24.87,24.87,24.87,24.87,0
AGNCP,20140526,26,26,26,26,0
AGND,20140526,48.21,48.21,48.21,48.21,0
AGRX,20140526,5.54,5.54,5.54,5.54,0
AGTC,20140526,13.2,13.2,13.2,13.2,0
AGYS,20140526,14.24,14.24,14.24,14.24,0
AGZD,20140526,49.92,49.92,49.92,49.92,0
AHGP,20140526,64.11,64.11,64.11,64.11,0
AHPI,20140526,2.4,2.4,2.4,2.4,0
AIMC,20140526,34.6,34.6,34.6,34.6,0
AINV,20140526,8.28,8.28,8.28,8.28,0
AIQ,20140526,29.83,29.83,29.83,29.83,0
AIRM,20140526,49.03,49.03,49.03,49.03,0
AIRR,20140526,18.81,18.81,18.81,18.81,0
AIRT,20140526,11.77,11.77,11.77,11.77,0
AIXG,20140526,14.22,14.22,14.22,14.22,0
AKAM,20140526,53.65,53.65,53.65,53.65,0
AKAO,20140526,13.48,13.48,13.48,13.48,0
AKBA,20140526,22.76,22.76,22.76,22.76,0
AKER,20140526,3.92,3.92,3.92,3.92,0
AKRX,20140526,28.33,28.33,28.33,28.33,0
ALCO,20140526,36.97,36.97,36.97,36.97,0
ALDR,20140526,10.08,10.08,10.08,10.08,0
ALDX,20140526,6.74,6.74,6.74,6.74,0
ALGN,20140526,54.13,54.13,54.13,54.13,0
ALGT,20140526,116.91,116.91,116.91,116.91,0
ALIM,20140526,5.4,5.4,5.4,5.4,0
ALKS,20140526,45.59,45.59,45.59,45.59,0
ALLT,20140526,13.74,13.74,13.74,13.74,0
ALNY,20140526,58.75,58.75,58.75,58.75,0
ALOG,20140526,76.92,76.92,76.92,76.92,0
ALOT,20140526,14.22,14.22,14.22,14.22,0
ALQA,20140526,6.55,6.55,6.55,6.55,0
ALSK,20140526,1.81,1.81,1.81,1.81,0
ALXN,20140526,162.3,162.3,162.3,162.3,0
AMAG,20140526,17.55,17.55,17.55,17.55,0
AMAT,20140526,20.04,20.04,20.04,20.04,0
AMBA,20140526,25.9,25.9,25.9,25.9,0
AMBC,20140526,28.24,28.24,28.24,28.24,0
AMBCW,20140526,18.6,18.6,18.6,18.6,0
AMCC,20140526,9.12,9.12,9.12,9.12,0
AMCN,20140526,2.08,2.08,2.08,2.08,0
AMCX,20140526,61.04,61.04,61.04,61.04,0
AMD,20140526,4.02,4.02,4.02,4.02,0
AMDA,20140526,92.7,92.7,92.7,92.7,0
AMED,20140526,14.72,14.72,14.72,14.72,0
AMGN,20140526,114.33,114.33,114.33,114.33,0
AMKR,20140526,9.53,9.53,9.53,9.53,0
AMNB,20140526,21.56,21.56,21.56,21.56,0
AMOT,20140526,13.11,13.11,13.11,13.11,0
AMOV,20140526,20.19,20.19,20.19,20.19,0
AMRB,20140526,8.94,8.94,8.94,8.94,0
AMRI,20140526,15.9,15.9,15.9,15.9,0
AMRK,20140526,11.44,11.44,11.44,11.44,0
AMRN,20140526,1.35,1.35,1.35,1.35,0
AMRS,20140526,3.37,3.37,3.37,3.37,0
AMSC,20140526,14.5,14.5,14.5,14.5,0
AMSF,20140526,38.65,38.65,38.65,38.65,0
AMSG,20140526,42.18,42.18,42.18,42.18,0
AMSWA,20140526,9.75,9.75,9.75,9.75,0
AMWD,20140526,27.75,27.75,27.75,27.75,0
AMZN,20140526,312.24,312.24,312.24,312.24,0
ANAT,20140526,113.7,113.7,113.7,113.7,0
ANCB,20140526,19.25,19.25,19.25,19.25,0
ANCX,20140526,14.93,14.93,14.93,14.93,0
ANDE,20140526,45.66,45.66,45.66,45.66,0
ANGI,20140526,10.36,10.36,10.36,10.36,0
ANGO,20140526,14.14,14.14,14.14,14.14,0
ANIK,20140526,45.9,45.9,45.9,45.9,0
ANIP,20140526,30.73,30.73,30.73,30.73,0
ANSS,20140526,74.88,74.88,74.88,74.88,0
ANTH,20140526,2.98,2.98,2.98,2.98,0
AOSL,20140526,7.99,7.99,7.99,7.99,0
APEI,20140526,35.5,35.5,35.5,35.5,0
APOG,20140526,30.03,30.03,30.03,30.03,0
APOL,20140526,27.28,27.28,27.28,27.28,0
APPY,20140526,15.6,15.6,15.6,15.6,0
APRI,20140526,22.5,22.5,22.5,22.5,0
APWC,20140526,2.75,2.75,2.75,2.75,0
AQXP,20140526,8.91,8.91,8.91,8.91,0
ARAY,20140526,8.46,8.46,8.46,8.46,0
ARCB,20140526,41.44,41.44,41.44,41.44,0
ARCC,20140526,17.06,17.06,17.06,17.06,0
ARCI,20140526,3.38,3.38,3.38,3.38,0
ARCW,20140526,12.8,12.8,12.8,12.8,0
AREX,20140526,18.74,18.74,18.74,18.74,0
ARGS,20140526,8.27,8.27,8.27,8.27,0
ARIA,20140526,6.3,6.3,6.3,6.3,0
ARII,20140526,65.34,65.34,65.34,65.34,0
ARIS,20140526,2.79,2.79,2.79,2.79,0
ARKR,20140526,21.68,21.68,21.68,21.68,0
ARLP,20140526,45.14,45.14,45.14,45.14,0
ARNA,20140526,6.19,6.19,6.19,6.19,0
AROW,20140526,25.62,25.62,25.62,25.62,0
ARQL,20140526,1.41,1.41,1.41,1.41,0
ARRS,20140526,31.03,31.03,31.03,31.03,0
ARRY,20140526,4.1,4.1,4.1,4.1,0
ARTNA,20140526,22.09,22.09,22.09,22.09,0
ARTW,20140526,5.99,5.99,5.99,5.99,0
ARTX,20140526,4.44,4.44,4.44,4.44,0
ARWR,20140526,11.39,11.39,11.39,11.39,0
ASBB,20140526,19.7,19.7,19.7,19.7,0
ASCMA,20140526,63.41,63.41,63.41,63.41,0
ASFI,20140526,8.2,8.2,8.2,8.2,0
ASML,20140526,83.52,83.52,83.52,83.52,0
ASNA,20140526,17.24,17.24,17.24,17.24,0
ASPS,20140526,103.5,103.5,103.5,103.5,0
ASRV,20140526,3.5,3.5,3.5,3.5,0
ASRVP,20140526,27.45,27.45,27.45,27.45,0
ASTC,20140526,2.34,2.34,2.34,2.34,0
ASTE,20140526,39.92,39.92,39.92,39.92,0
ASUR,20140526,6.15,6.15,6.15,6.15,0
ASYS,20140526,8.4,8.4,8.4,8.4,0
ATAI,20140526,4.56,4.56,4.56,4.56,0
ATAX,20140526,6.01,6.01,6.01,6.01,0
ATEC,20140526,17.52,17.52,17.52,17.52,0
ATHN,20140526,120.92,120.92,120.92,120.92,0
ATHX,20140526,1.56,1.56,1.56,1.56,0
ATLC,20140526,2.99,2.99,2.99,2.99,0
ATLO,20140526,22.49,22.49,22.49,22.49,0
ATNI,20140526,55.25,55.25,55.25,55.25,0
ATOS,20140526,23.25,23.25,23.25,23.25,0
ATRC,20140526,15.59,15.59,15.59,15.59,0
ATRI,20140526,316.99,316.99,316.99,316.99,0
ATRO,20140526,54.97,54.97,54.97,54.97,0
ATRS,20140526,3,3,3,3,0
ATSG,20140526,9.25,9.25,9.25,9.25,0
ATTU,20140526,9.2,9.2,9.2,9.2,0
ATVI,20140526,20.68,20.68,20.68,20.68,0
AUBN,20140526,24.01,24.01,24.01,24.01,0
AUDC,20140526,6.02,6.02,6.02,6.02,0
AVAV,20140526,32.53,32.53,32.53,32.53,0
AVEO,20140526,1.07,1.07,1.07,1.07,0
AVGO,20140526,70.55,70.55,70.55,70.55,0
AVHI,20140526,16.71,16.71,16.71,16.71,0
AVNW,20140526,13.56,13.56,13.56,13.56,0
AWRE,20140526,5.73,5.73,5.73,5.73,0
AXAS,20140526,5.11,5.11,5.11,5.11,0
AXDX,20140526,22.55,22.55,22.55,22.55,0
AXGN,20140526,2.57,2.57,2.57,2.57,0
AXTI,20140526,2.16,2.16,2.16,2.16,0
AZPN,20140526,44.45,44.45,44.45,44.45,0
BABY,20140526,24.14,24.14,24.14,24.14,0
BANF,20140526,58.61,58.61,58.61,58.61,0
BANFP,20140526,27.05,27.05,27.05,27.05,0
BANR,20140526,38.33,38.33,38.33,38.33,0
BANX,20140526,25.25,25.25,25.25,25.25,0
BASI,20140526,2.63,2.63,2.63,2.63,0
BBBY,20140526,61.36,61.36,61.36,61.36,0
BBGI,20140526,6.98,6.98,6.98,6.98,0
BBOX,20140526,23.6,23.6,23.6,23.6,0
BBRG,20140526,15.6,15.6,15.6,15.6,0
BBRY,20140526,7.23,7.23,7.23,7.23,0
BBSI,20140526,46.76,46.76,46.76,46.76,0
BCBP,20140526,13.38,13.38,13.38,13.38,0
BCOM,20140526,18.45,18.45,18.45,18.45,0
BCOR,20140526,19.5,19.5,19.5,19.5,0
BCOV,20140526,9.97,9.97,9.97,9.97,0
BCPC,20140526,54.49,54.49,54.49,54.49,0
BCRX,20140526,9.01,9.01,9.01,9.01,0
BDE,20140526,10.83,10.83,10.83,10.83,0
BDGE,20140526,24.15,24.15,24.15,24.15,0
BDSI,20140526,9.33,9.33,9.33,9.33,0
BEAT,20140526,7.05,7.05,7.05,7.05,0
BEAV,20140526,95.25,95.25,95.25,95.25,0
BEBE,20140526,4.27,4.27,4.27,4.27,0
BECN,20140526,34.28,34.28,34.28,34.28,0
BELFA,20140526,21.94,21.94,21.94,21.94,0
BELFB,20140526,23.98,23.98,23.98,23.98,0
BFIN,20140526,9.99,9.99,9.99,9.99,0
BGCP,20140526,7.07,7.07,7.07,7.07,0
BGFV,20140526,11.32,11.32,11.32,11.32,0
BIB,20140526,38.74,38.74,38.74,38.74,0
BICK,20140526,25.94,25.94,25.94,25.94,0
BIDU,20140526,167.63,167.63,167.63,167.63,0
BIIB,20140526,299.71,299.71,299.71,299.71,0
BIOC,20140526,13.32,13.32,13.32,13.32,0
BIOL,20140526,1.88,1.88,1.88,1.88,0
BIOS,20140526,7.42,7.42,7.42,7.42,0
BIS,20140526,17.25,17.25,17.25,17.25,0
BJRI,20140526,31.27,31.27,31.27,31.27,0
BKCC,20140526,8.72,8.72,8.72,8.72,0
BKEP,20140526,9.03,9.03,9.03,9.03,0
BKEPP,20140526,9.85,9.85,9.85,9.85,0
BKMU,20140526,6.02,6.02,6.02,6.02,0
BKSC,20140526,15.12,15.12,15.12,15.12,0
BLDP,20140526,3.2,3.2,3.2,3.2,0
BLDR,20140526,7.31,7.31,7.31,7.31,0
BLFS,20140526,2.3,2.3,2.3,2.3,0
BLIN,20140526,4.6,4.6,4.6,4.6,0
BLKB,20140526,34.19,34.19,34.19,34.19,0
BLMN,20140526,21.21,21.21,21.21,21.21,0
BLMT,20140526,17.95,17.95,17.95,17.95,0
BLRX,20140526,1.99,1.99,1.99,1.99,0
BLUE,20140526,22.54,22.54,22.54,22.54,0
BLVD,20140526,9.85,9.85,9.85,9.85,0
BLVDU,20140526,10.03,10.03,10.03,10.03,0
BLVDW,20140526,0.7,0.7,0.7,0.7,0
BMRC,20140526,43.8,43.8,43.8,43.8,0
BMRN,20140526,56.48,56.48,56.48,56.48,0
BMTC,20140526,28.2,28.2,28.2,28.2,0
BNCL,20140526,13.44,13.44,13.44,13.44,0
BNCN,20140526,16.44,16.44,16.44,16.44,0
BNDX,20140526,50.98,50.98,50.98,50.98,0
BNFT,20140526,34.98,34.98,34.98,34.98,0
BNSO,20140526,1.4,1.4,1.4,1.4,0
BOBE,20140526,47.13,47.13,47.13,47.13,0
BOCH,20140526,6.39,6.39,6.39,6.39,0
BOFI,20140526,19.75,19.75,19.75,19.75,0
BOKF,20140526,63.29,63.29,63.29,63.29,0
BONT,20140526,11.42,11.42,11.42,11.42,0
BOOM,20140526,20.67,20.67,20.67,20.67,0
BOSC,20140526,4.32,4.32,4.32,4.32,0
BOTJ,20140526,8.85,8.85,8.85,8.85,0
BPFH,20140526,12.51,12.51,12.51,12.51,0
BPFHP,20140526,24.5,24.5,24.5,24.5,0
BPFHW,20140526,5.33,5.33,5.33,5.33,0
BPOP,20140526,29.29,29.29,29.29,29.29,0
BPOPM,20140526,21.3,21.3,21.3,21.3,0
BPOPN,20140526,22.18,22.18,22.18,22.18,0
BPTH,20140526,2.68,2.68,2.68,2.68,0
BRCD,20140526,8.46,8.46,8.46,8.46,0
BREW,20140526,11.48,11.48,11.48,11.48,0
BRID,20140526,8.85,8.85,8.85,8.85,0
BRKL,20140526,8.97,8.97,8.97,8.97,0
BRKR,20140526,20.68,20.68,20.68,20.68,0
BRKS,20140526,9.39,9.39,9.39,9.39,0
BSET,20140526,13.95,13.95,13.95,13.95,0
BSFT,20140526,21.71,21.71,21.71,21.71,0
BSPM,20140526,9.66,9.66,9.66,9.66,0
BSQR,20140526,3.35,3.35,3.35,3.35,0
BSRR,20140526,15.98,15.98,15.98,15.98,0
BSTC,20140526,26.82,26.82,26.82,26.82,0
BUR,20140526,3.26,3.26,3.26,3.26,0
BUSE,20140526,5.59,5.59,5.59,5.59,0
BV,20140526,6.53,6.53,6.53,6.53,0
BVSN,20140526,8.83,8.83,8.83,8.83,0
BWEN,20140526,11.31,11.31,11.31,11.31,0
BWFG,20140526,18.1,18.1,18.1,18.1,0
BWINA,20140526,23.99,23.99,23.99,23.99,0
BWINB,20140526,26.49,26.49,26.49,26.49,0
BWLD,20140526,144.09,144.09,144.09,144.09,0
BYBK,20140526,5.02,5.02,5.02,5.02,0
BYFC,20140526,1.37,1.37,1.37,1.37,0
CA,20140526,29.19,29.19,29.19,29.19,0
CAAS,20140526,8.34,8.34,8.34,8.34,0
CAC,20140526,36.14,36.14,36.14,36.14,0
CACB,20140526,4.28,4.28,4.28,4.28,0
CACC,20140526,128.55,128.55,128.55,128.55,0
CACQ,20140526,12.04,12.04,12.04,12.04,0
CADC,20140526,3.9,3.9,3.9,3.9,0
CAKE,20140526,45.52,45.52,45.52,45.52,0
CALD,20140526,10.89,10.89,10.89,10.89,0
CALI,20140526,1.99,1.99,1.99,1.99,0
CALL,20140526,14.38,14.38,14.38,14.38,0
CALM,20140526,34.23,34.23,34.23,34.23,0
CAMP,20140526,18.23,18.23,18.23,18.23,0
CAMT,20140526,3.23,3.23,3.23,3.23,0
CAR,20140526,56.1,56.1,56.1,56.1,0
CARA,20140526,14.12,14.12,14.12,14.12,0
CARB,20140526,11,11,11,11,0
CART,20140526,4.82,4.82,4.82,4.82,0
CARV,20140526,11.66,11.66,11.66,11.66,0
CARZ,20140526,39.48,39.48,39.48,39.48,0
CASH,20140526,36.25,36.25,36.25,36.25,0
CASM,20140526,2.2,2.2,2.2,2.2,0
CASS,20140526,49.56,49.56,49.56,49.56,0
CASY,20140526,67.81,67.81,67.81,67.81,0
CATM,20140526,32.08,32.08,32.08,32.08,0
CATY,20140526,23.91,23.91,23.91,23.91,0
CAVM,20140526,46.48,46.48,46.48,46.48,0
CBAK,20140526,2.15,2.15,2.15,2.15,0
CBAN,20140526,6.01,6.01,6.01,6.01,0
CBF,20140526,23.71,23.71,23.71,23.71,0
CBLI,20140526,11.4,11.4,11.4,11.4,0
CBMX,20140526,31.95,31.95,31.95,31.95,0
CBOE,20140526,49.82,49.82,49.82,49.82,0
CBPO,20140526,43.67,43.67,43.67,43.67,0
CBRL,20140526,99.25,99.25,99.25,99.25,0
CBSH,20140526,43.49,43.49,43.49,43.49,0
CCBG,20140526,13.17,13.17,13.17,13.17,0
CCCR,20140526,3.77,3.77,3.77,3.77,0
CCIH,20140526,13.02,13.02,13.02,13.02,0
CCMP,20140526,42.1,42.1,42.1,42.1,0
CCNE,20140526,16.43,16.43,16.43,16.43,0
CCOI,20140526,36.74,36.74,36.74,36.74,0
CCRN,20140526,5.6,5.6,5.6,5.6,0
CCUR,20140526,8.06,8.06,8.06,8.06,0
CCXI,20140526,4.85,4.85,4.85,4.85,0
CDNS,20140526,16.94,16.94,16.94,16.94,0
CDTI,20140526,12.6,12.6,12.6,12.6,0
CDW,20140526,28.45,28.45,28.45,28.45,0
CDXS,20140526,1.34,1.34,1.34,1.34,0
CDZI,20140526,8.46,8.46,8.46,8.46,0
CECE,20140526,14.41,14.41,14.41,14.41,0
CECO,20140526,4.73,4.73,4.73,4.73,0
CELG,20140526,75.065,75.065,75.065,75.065,0
CELGZ,20140526,2.65,2.65,2.65,2.65,0
CEMI,20140526,3.28,3.28,3.28,3.28,0
CEMP,20140526,9.1,9.1,9.1,9.1,0
CENT,20140526,7.77,7.77,7.77,7.77,0
CENTA,20140526,7.87,7.87,7.87,7.87,0
CENX,20140526,13.84,13.84,13.84,13.84,0
CERN,20140526,53.12,53.12,53.12,53.12,0
CERS,20140526,4.2,4.2,4.2,4.2,0
CERU,20140526,5.71,5.71,5.71,5.71,0
CETV,20140526,2.84,2.84,2.84,2.84,0
CEVA,20140526,15.13,15.13,15.13,15.13,0
CFBK,20140526,1.49,1.49,1.49,1.49,0
CFFI,20140526,34.73,34.73,34.73,34.73,0
CFFN,20140526,12.02,12.02,12.02,12.02,0
CFNB,20140526,14.97,14.97,14.97,14.97,0
CFNL,20140526,17.37,17.37,17.37,17.37,0
CG,20140526,31.4,31.4,31.4,31.4,0
CGEN,20140526,8.28,8.28,8.28,8.28,0
CGIX,20140526,11.36,11.36,11.36,11.36,0
CGNX,20140526,35.22,35.22,35.22,35.22,0
CGO,20140526,14.87,14.87,14.87,14.87,0
CHCI,20140526,1.42,1.42,1.42,1.42,0
CHCO,20140526,42.73,42.73,42.73,42.73,0
CHDN,20140526,85.19,85.19,85.19,85.19,0
CHEF,20140526,18.2,18.2,18.2,18.2,0
CHFC,20140526,28.53,28.53,28.53,28.53,0
CHFN,20140526,10.81,10.81,10.81,10.81,0
CHI,20140526,13.75,13.75,13.75,13.75,0
CHKE,20140526,13.48,13.48,13.48,13.48,0
CHKP,20140526,65.51,65.51,65.51,65.51,0
CHMG,20140526,28.19,28.19,28.19,28.19,0
CHNR,20140526,3.31,3.31,3.31,3.31,0
CHRW,20140526,59.63,59.63,59.63,59.63,0
CHSCN,20140526,27.54,27.54,27.54,27.54,0
CHSCO,20140526,30.3,30.3,30.3,30.3,0
CHSCP,20140526,31.85,31.85,31.85,31.85,0
CHTR,20140526,140.59,140.59,140.59,140.59,0
CHUY,20140526,32.76,32.76,32.76,32.76,0
CHW,20140526,9.4,9.4,9.4,9.4,0
CHY,20140526,14.4,14.4,14.4,14.4,0
CIDM,20140526,24,24,24,24,0
CIFC,20140526,8.28,8.28,8.28,8.28,0
CINF,20140526,48.61,48.61,48.61,48.61,0
CISG,20140526,7.13,7.13,7.13,7.13,0
CIZN,20140526,18.47,18.47,18.47,18.47,0
CJJD,20140526,1.63,1.63,1.63,1.63,0
CKEC,20140526,32.98,32.98,32.98,32.98,0
CLAC,20140526,9.89,9.89,9.89,9.89,0
CLACU,20140526,10.44,10.44,10.44,10.44,0
CLBH,20140526,9.93,9.93,9.93,9.93,0
CLCT,20140526,20.9,20.9,20.9,20.9,0
CLDX,20140526,13.3,13.3,13.3,13.3,0
CLFD,20140526,16.78,16.78,16.78,16.78,0
CLIR,20140526,8.79,8.79,8.79,8.79,0
CLMS,20140526,12.68,12.68,12.68,12.68,0
CLMT,20140526,31.15,31.15,31.15,31.15,0
CLNE,20140526,10,10,10,10,0
CLNT,20140526,5.33,5.33,5.33,5.33,0
CLRO,20140526,9.57,9.57,9.57,9.57,0
CLSN,20140526,3.06,3.06,3.06,3.06,0
CLUB,20140526,5.95,5.95,5.95,5.95,0
CLVS,20140526,57,57,57,57,0
CLWT,20140526,4.02,4.02,4.02,4.02,0
CMCO,20140526,30.3,30.3,30.3,30.3,0
CMCSA,20140526,51.97,51.97,51.97,51.97,0
CMCT,20140526,22.14,22.14,22.14,22.14,0
CME,20140526,71,71,71,71,0
CMFN,20140526,14.55,14.55,14.55,14.55,0
CMLS,20140526,51.68,51.68,51.68,51.68,0
CMRX,20140526,17.24,17.24,17.24,17.24,0
CMTL,20140526,32.11,32.11,32.11,32.11,0
CNAT,20140526,5.6,5.6,5.6,5.6,0
CNBKA,20140526,33.46,33.46,33.46,33.46,0
CNCE,20140526,8.65,8.65,8.65,8.65,0
CNET,20140526,0.9,0.9,0.9,0.9,0
CNIT,20140526,4.3,4.3,4.3,4.3,0
CNMD,20140526,44.35,44.35,44.35,44.35,0
CNOB,20140526,18.48,18.48,18.48,18.48,0
CNSL,20140526,20.18,20.18,20.18,20.18,0
CNTF,20140526,7.3,7.3,7.3,7.3,0
CNTY,20140526,5.81,5.81,5.81,5.81,0
COBZ,20140526,10.36,10.36,10.36,10.36,0
COHR,20140526,58.79,58.79,58.79,58.79,0
COHU,20140526,10.51,10.51,10.51,10.51,0
COKE,20140526,76.46,76.46,76.46,76.46,0
COLB,20140526,24.7,24.7,24.7,24.7,0
COLM,20140526,41.755,41.755,41.755,41.755,0
COMM,20140526,26.44,26.44,26.44,26.44,0
CONE,20140526,21.9,21.9,21.9,21.9,0
CONN,20140526,45.06,45.06,45.06,45.06,0
COOL,20140526,15.96,15.96,15.96,15.96,0
CORE,20140526,19.64,19.64,19.64,19.64,0
CORI,20140526,6.96,6.96,6.96,6.96,0
CORT,20140526,1.88,1.88,1.88,1.88,0
COST,20140526,114.94,114.94,114.94,114.94,0
COVS,20140526,5.88,5.88,5.88,5.88,0
COWN,20140526,4.02,4.02,4.02,4.02,0
CPAH,20140526,12.2,12.2,12.2,12.2,0
CPHC,20140526,11.47,11.47,11.47,11.47,0
CPIX,20140526,4.49,4.49,4.49,4.49,0
CPLA,20140526,58.25,58.25,58.25,58.25,0
CPLP,20140526,10.84,10.84,10.84,10.84,0
CPRT,20140526,36.48,36.48,36.48,36.48,0
CPRX,20140526,1.95,1.95,1.95,1.95,0
CPSI,20140526,65.68,65.68,65.68,65.68,0
CPSS,20140526,7.44,7.44,7.44,7.44,0
CPST,20140526,28.8,28.8,28.8,28.8,0
CPTA,20140526,18.39,18.39,18.39,18.39,0
CRAI,20140526,21.46,21.46,21.46,21.46,0
CRAY,20140526,28.07,28.07,28.07,28.07,0
CRDS,20140526,43,43,43,43,0
CREE,20140526,48.5,48.5,48.5,48.5,0
CREG,20140526,28.3,28.3,28.3,28.3,0
CRESY,20140526,12.25,12.25,12.25,12.25,0
CRIS,20140526,1.82,1.82,1.82,1.82,0
CRME,20140526,7.53,7.53,7.53,7.53,0
CRMT,20140526,38.34,38.34,38.34,38.34,0
CRNT,20140526,2.18,2.18,2.18,2.18,0
CROX,20140526,14.93,14.93,14.93,14.93,0
CRTO,20140526,33,33,33,33,0
CRUS,20140526,22.06,22.06,22.06,22.06,0
CRVL,20140526,46.84,46.84,46.84,46.84,0
CRWS,20140526,8.2,8.2,8.2,8.2,0
CRZO,20140526,57.48,57.48,57.48,57.48,0
CSBK,20140526,11.93,11.93,11.93,11.93,0
CSCO,20140526,24.52,24.52,24.52,24.52,0
CSFL,20140526,10.48,10.48,10.48,10.48,0
CSGP,20140526,161.35,161.35,161.35,161.35,0
CSGS,20140526,25.82,25.82,25.82,25.82,0
CSII,20140526,26.48,26.48,26.48,26.48,0
CSIQ,20140526,24.2,24.2,24.2,24.2,0
CSOD,20140526,43.25,43.25,43.25,43.25,0
CSPI,20140526,6.79,6.79,6.79,6.79,0
CSQ,20140526,11.68,11.68,11.68,11.68,0
CSTE,20140526,50.56,50.56,50.56,50.56,0
CSWC,20140526,35.29,35.29,35.29,35.29,0
CSX,20140526,29.43,29.43,29.43,29.43,0
CTAS,20140526,61.63,61.63,61.63,61.63,0
CTBI,20140526,33.37,33.37,33.37,33.37,0
CTG,20140526,15.58,15.58,15.58,15.58,0
CTHR,20140526,2.22,2.22,2.22,2.22,0
CTIB,20140526,4.71,4.71,4.71,4.71,0
CTIC,20140526,2.86,2.86,2.86,2.86,0
CTRL,20140526,17.48,17.48,17.48,17.48,0
CTRN,20140526,20.88,20.88,20.88,20.88,0
CTRP,20140526,28.005,28.005,28.005,28.005,0
CTSH,20140526,48.62,48.62,48.62,48.62,0
CTWS,20140526,31.97,31.97,31.97,31.97,0
CTXS,20140526,61.44,61.44,61.44,61.44,0
CUBA,20140526,8.31,8.31,8.31,8.31,0
CUI,20140526,7.09,7.09,7.09,7.09,0
CUNB,20140526,18.4,18.4,18.4,18.4,0
CUTR,20140526,9.73,9.73,9.73,9.73,0
CVBF,20140526,14.65,14.65,14.65,14.65,0
CVCO,20140526,78.75,78.75,78.75,78.75,0
CVCY,20140526,11.28,11.28,11.28,11.28,0
CVGI,20140526,9.56,9.56,9.56,9.56,0
CVGW,20140526,30.88,30.88,30.88,30.88,0
CVLT,20140526,51,51,51,51,0
CVLY,20140526,20.84,20.84,20.84,20.84,0
CVTI,20140526,10.99,10.99,10.99,10.99,0
CVV,20140526,12.68,12.68,12.68,12.68,0
CWAY,20140526,10.2,10.2,10.2,10.2,0
CWBC,20140526,6.64,6.64,6.64,6.64,0
CWCO,20140526,10.82,10.82,10.82,10.82,0
CWST,20140526,5.41,5.41,5.41,5.41,0
CXDC,20140526,10.06,10.06,10.06,10.06,0
CY,20140526,10.05,10.05,10.05,10.05,0
CYAN,20140526,4.62,4.62,4.62,4.62,0
CYBE,20140526,8.08,8.08,8.08,8.08,0
CYCC,20140526,37.8,37.8,37.8,37.8,0
CYCCP,20140526,9.05,9.05,9.05,9.05,0
CYHHZ,20140526,0.06,0.06,0.06,0.06,0
CYNO,20140526,21.22,21.22,21.22,21.22,0
CYOU,20140526,26.09,26.09,26.09,26.09,0
CYRN,20140526,2.97,2.97,2.97,2.97,0
CYTK,20140526,4.93,4.93,4.93,4.93,0
CYTR,20140526,3.81,3.81,3.81,3.81,0
CYTX,20140526,35.85,35.85,35.85,35.85,0
CYTXW,20140526,0.58,0.58,0.58,0.58,0
CZFC,20140526,10.56,10.56,10.56,10.56,0
CZNC,20140526,18.73,18.73,18.73,18.73,0
CZR,20140526,18.43,18.43,18.43,18.43,0
CZWI,20140526,8,8,8,8,0
DAIO,20140526,2.98,2.98,2.98,2.98,0
DAKT,20140526,13.96,13.96,13.96,13.96,0
DAVE,20140526,31.76,31.76,31.76,31.76,0
DCIX,20140526,22.32,22.32,22.32,22.32,0
DCOM,20140526,15.05,15.05,15.05,15.05,0
DCTH,20140526,2.65,2.65,2.65,2.65,0
DENN,20140526,6.67,6.67,6.67,6.67,0
DEPO,20140526,11.52,11.52,11.52,11.52,0
DEST,20140526,23.44,23.44,23.44,23.44,0
DFRG,20140526,26.41,26.41,26.41,26.41,0
DFVS,20140526,37.96,37.96,37.96,37.96,0
DGAS,20140526,19.66,19.66,19.66,19.66,0
DGICA,20140526,14.62,14.62,14.62,14.62,0
DGICB,20140526,24,24,24,24,0
DGII,20140526,8.89,8.89,8.89,8.89,0
DGLD,20140526,64.34,64.34,64.34,64.34,0
DGLY,20140526,4.25,4.25,4.25,4.25,0
DGRE,20140526,26.35,26.35,26.35,26.35,0
DGRS,20140526,27.65,27.65,27.65,27.65,0
DGRW,20140526,28.37,28.37,28.37,28.37,0
DHIL,20140526,121.54,121.54,121.54,121.54,0
DHRM,20140526,6.67,6.67,6.67,6.67,0
DIOD,20140526,27.26,27.26,27.26,27.26,0
DISCA,20140526,78.2,78.2,78.2,78.2,0
DISCB,20140526,73.79,73.79,73.79,73.79,0
DISCK,20140526,37.555,37.555,37.555,37.555,0
DISH,20140526,59.87,59.87,59.87,59.87,0
DJCO,20140526,171.88,171.88,171.88,171.88,0
DLBS,20140526,29.19,29.19,29.19,29.19,0
DLHC,20140526,1.59,1.59,1.59,1.59,0
DLTR,20140526,52.68,52.68,52.68,52.68,0
DMLP,20140526,28.61,28.61,28.61,28.61,0
DMRC,20140526,31.94,31.94,31.94,31.94,0
DNBF,20140526,21,21,21,21,0
DNKN,20140526,44.63,44.63,44.63,44.63,0
DORM,20140526,54.45,54.45,54.45,54.45,0
DOX,20140526,47.76,47.76,47.76,47.76,0
DPRX,20140526,8.85,8.85,8.85,8.85,0
DRAD,20140526,3.42,3.42,3.42,3.42,0
DRAM,20140526,8.07,8.07,8.07,8.07,0
DRNA,20140526,17.73,17.73,17.73,17.73,0
DRRX,20140526,1.34,1.34,1.34,1.34,0
DRWI,20140526,30.5,30.5,30.5,30.5,0
DRYS,20140526,4620,4620,4620,4620,0
DSCI,20140526,9.4,9.4,9.4,9.4,0
DSGX,20140526,12.66,12.66,12.66,12.66,0
DSLV,20140526,48.6,48.6,48.6,48.6,0
DSPG,20140526,8.6,8.6,8.6,8.6,0
DSWL,20140526,2.07,2.07,2.07,2.07,0
DTLK,20140526,9.31,9.31,9.31,9.31,0
DTSI,20140526,17.68,17.68,17.68,17.68,0
DTUS,20140526,37.31,37.31,37.31,37.31,0
DTYS,20140526,26.84,26.84,26.84,26.84,0
DVAX,20140526,13.8,13.8,13.8,13.8,0
DVCR,20140526,6.29,6.29,6.29,6.29,0
DWCH,20140526,13.43,13.43,13.43,13.43,0
DWSN,20140526,26.77,26.77,26.77,26.77,0
DXCM,20140526,33.18,33.18,33.18,33.18,0
DXGE,20140526,27.55,27.55,27.55,27.55,0
DXJS,20140526,28.76,28.76,28.76,28.76,0
DXKW,20140526,23.17,23.17,23.17,23.17,0
DXLG,20140526,5.16,5.16,5.16,5.16,0
DXPE,20140526,68.81,68.81,68.81,68.81,0
DXPS,20140526,26.6,26.6,26.6,26.6,0
DXYN,20140526,10.54,10.54,10.54,10.54,0
DYNT,20140526,3,3,3,3,0
DYSL,20140526,1.52,1.52,1.52,1.52,0
EA,20140526,34.88,34.88,34.88,34.88,0
EAC,20140526,16.45,16.45,16.45,16.45,0
EAGL,20140526,9.76,9.76,9.76,9.76,0
EAGLU,20140526,10.43,10.43,10.43,10.43,0
EBAY,20140526,21.9032,21.9032,21.9032,21.9032,0
EBIO,20140526,11.12,11.12,11.12,11.12,0
EBIX,20140526,16.25,16.25,16.25,16.25,0
EBMT,20140526,10.51,10.51,10.51,10.51,0
EBSB,20140526,10.433,10.433,10.433,10.433,0
EBTC,20140526,19.46,19.46,19.46,19.46,0
ECHO,20140526,18.43,18.43,18.43,18.43,0
ECOL,20140526,49.65,49.65,49.65,49.65,0
ECPG,20140526,42.58,42.58,42.58,42.58,0
ECYT,20140526,6.53,6.53,6.53,6.53,0
EDAP,20140526,3.38,3.38,3.38,3.38,0
EDGW,20140526,7.21,7.21,7.21,7.21,0
EDUC,20140526,3.66,3.66,3.66,3.66,0
EEFT,20140526,46.15,46.15,46.15,46.15,0
EEI,20140526,10.58,10.58,10.58,10.58,0
EEMA,20140526,58.95,58.95,58.95,58.95,0
EFII,20140526,40.28,40.28,40.28,40.28,0
EFSC,20140526,17.5,17.5,17.5,17.5,0
EFUT,20140526,3.96,3.96,3.96,3.96,0
EGAN,20140526,6.7,6.7,6.7,6.7,0
EGBN,20140526,32.43,32.43,32.43,32.43,0
EGHT,20140526,7.25,7.25,7.25,7.25,0
EGLE,20140526,1249.2,1249.2,1249.2,1249.2,0
EGLT,20140526,12,12,12,12,0
EGOV,20140526,17.18,17.18,17.18,17.18,0
EGRX,20140526,9.87,9.87,9.87,9.87,0
EGT,20140526,0.74,0.74,0.74,0.74,0
EHTH,20140526,35.62,35.62,35.62,35.62,0
EIGI,20140526,12.5,12.5,12.5,12.5,0
ELGX,20140526,13.22,13.22,13.22,13.22,0
ELNK,20140526,3.57,3.57,3.57,3.57,0
ELON,20140526,25.1,25.1,25.1,25.1,0
ELOS,20140526,10.53,10.53,10.53,10.53,0
ELSE,20140526,4.04,4.04,4.04,4.04,0
ELTK,20140526,1.53,1.53,1.53,1.53,0
EMCB,20140526,76.13,76.13,76.13,76.13,0
EMCF,20140526,25.6,25.6,25.6,25.6,0
EMCG,20140526,25.45,25.45,25.45,25.45,0
EMCI,20140526,21.5267,21.5267,21.5267,21.5267,0
EMIF,20140526,35.21,35.21,35.21,35.21,0
EMITF,20140526,11.4,11.4,11.4,11.4,0
EMKR,20140526,3.95,3.95,3.95,3.95,0
EML,20140526,15.55,15.55,15.55,15.55,0
EMMS,20140526,11.88,11.88,11.88,11.88,0
ENDP,20140526,73.94,73.94,73.94,73.94,0
ENG,20140526,3.57,3.57,3.57,3.57,0
ENOC,20140526,18.4,18.4,18.4,18.4,0
ENPH,20140526,8.75,8.75,8.75,8.75,0
ENSG,20140526,21.94,21.94,21.94,21.94,0
ENT,20140526,11.47,11.47,11.47,11.47,0
ENTA,20140526,39.47,39.47,39.47,39.47,0
ENTG,20140526,11.07,11.07,11.07,11.07,0
ENZY,20140526,14.44,14.44,14.44,14.44,0
EPAY,20140526,29.44,29.44,29.44,29.44,0
EPZM,20140526,23.03,23.03,23.03,23.03,0
EQIX,20140526,196.41,196.41,196.41,196.41,0
ERIC,20140526,12.25,12.25,12.25,12.25,0
ERIE,20140526,76.35,76.35,76.35,76.35,0
ERII,20140526,4.9,4.9,4.9,4.9,0
ERS,20140526,4.1,4.1,4.1,4.1,0
ESBK,20140526,22.4,22.4,22.4,22.4,0
ESCA,20140526,14.95,14.95,14.95,14.95,0
ESEA,20140526,1.22,1.22,1.22,1.22,0
ESGR,20140526,141.98,141.98,141.98,141.98,0
ESIO,20140526,7.17,7.17,7.17,7.17,0
ESLT,20140526,61.12,61.12,61.12,61.12,0
ESMC,20140526,1.5,1.5,1.5,1.5,0
ESPR,20140526,14.57,14.57,14.57,14.57,0
ESRX,20140526,70.14,70.14,70.14,70.14,0
ESSA,20140526,10.65,10.65,10.65,10.65,0
ESXB,20140526,4.24,4.24,4.24,4.24,0
ETFC,20140526,20.32,20.32,20.32,20.32,0
ETRM,20140526,28.65,28.65,28.65,28.65,0
EUFN,20140526,25.51,25.51,25.51,25.51,0
EVAR,20140526,8.3,8.3,8.3,8.3,0
EVBS,20140526,6.75,6.75,6.75,6.75,0
EVEP,20140526,35.46,35.46,35.46,35.46,0
EVK,20140526,6.35,6.35,6.35,6.35,0
EVOK,20140526,7.35,7.35,7.35,7.35,0
EVOL,20140526,8.14,8.14,8.14,8.14,0
EWBC,20140526,33.43,33.43,33.43,33.43,0
EXA,20140526,8.72,8.72,8.72,8.72,0
EXAC,20140526,22.4,22.4,22.4,22.4,0
EXAS,20140526,13.57,13.57,13.57,13.57,0
EXEL,20140526,3.44,3.44,3.44,3.44,0
EXFO,20140526,4.27,4.27,4.27,4.27,0
EXLS,20140526,28.7,28.7,28.7,28.7,0
EXPD,20140526,45.89,45.89,45.89,45.89,0
EXPE,20140526,71.39,71.39,71.39,71.39,0
EXPO,20140526,34.62,34.62,34.62,34.62,0
EXTR,20140526,3.96,3.96,3.96,3.96,0
EZPW,20140526,12.48,12.48,12.48,12.48,0
FALC,20140526,1.6,1.6,1.6,1.6,0
FANG,20140526,72.78,72.78,72.78,72.78,0
FARM,20140526,19.73,19.73,19.73,19.73,0
FARO,20140526,42.27,42.27,42.27,42.27,0
FAST,20140526,48.46,48.46,48.46,48.46,0
FATE,20140526,6.41,6.41,6.41,6.41,0
FB,20140526,61.35,61.35,61.35,61.35,0
FBIZ,20140526,43.38,43.38,43.38,43.38,0
FBMS,20140526,14.4,14.4,14.4,14.4,0
FBNC,20140526,17.87,17.87,17.87,17.87,0
FBNK,20140526,15.71,15.71,15.71,15.71,0
FBRC,20140526,26.58,26.58,26.58,26.58,0
FBSS,20140526,15.06,15.06,15.06,15.06,0
FCAP,20140526,20.15,20.15,20.15,20.15,0
FCBC,20140526,14.51,14.51,14.51,14.51,0
FCCO,20140526,10.75,10.75,10.75,10.75,0
FCCY,20140526,10.5,10.5,10.5,10.5,0
FCEL,20140526,25.56,25.56,25.56,25.56,0
FCNCA,20140526,219.27,219.27,219.27,219.27,0
FDEF,20140526,27.43,27.43,27.43,27.43,0
FDML,20140526,16.99,16.99,16.99,16.99,0
FDUS,20140526,18.1,18.1,18.1,18.1,0
FEIM,20140526,11.17,11.17,11.17,11.17,0
FELE,20140526,38.17,38.17,38.17,38.17,0
FES,20140526,4.11,4.11,4.11,4.11,0
FEYE,20140526,33.39,33.39,33.39,33.39,0
FFBC,20140526,16.16,16.16,16.16,16.16,0
FFBCW,20140526,5.01,5.01,5.01,5.01,0
FFHL,20140526,1.24,1.24,1.24,1.24,0
FFIC,20140526,19.81,19.81,19.81,19.81,0
FFIN,20140526,29.5,29.5,29.5,29.5,0
FFIV,20140526,107.75,107.75,107.75,107.75,0
FFKT,20140526,19.1,19.1,19.1,19.1,0
FFNW,20140526,11.07,11.07,11.07,11.07,0
FHCO,20140526,5.95,5.95,5.95,5.95,0
FIBK,20140526,25.86,25.86,25.86,25.86,0
FINL,20140526,29.42,29.42,29.42,29.42,0
FISI,20140526,23.2,23.2,23.2,23.2,0
FISV,20140526,59.83,59.83,59.83,59.83,0
FITB,20140526,20.54,20.54,20.54,20.54,0
FITBI,20140526,26.7,26.7,26.7,26.7,0
FIVE,20140526,36.4,36.4,36.4,36.4,0
FIVN,20140526,6.74,6.74,6.74,6.74,0
FIZZ,20140526,17.79,17.79,17.79,17.79,0
FLAT,20140526,58.56,58.56,58.56,58.56,0
FLDM,20140526,28.76,28.76,28.76,28.76,0
FLEX,20140526,10.19,10.19,10.19,10.19,0
FLIC,20140526,25.0267,25.0267,25.0267,25.0267,0
FLIR,20140526,34.38,34.38,34.38,34.38,0
FLL,20140526,1.51,1.51,1.51,1.51,0
FLML,20140526,10.16,10.16,10.16,10.16,0
FLWS,20140526,5.64,5.64,5.64,5.64,0
FLXN,20140526,12.66,12.66,12.66,12.66,0
FLXS,20140526,32.14,32.14,32.14,32.14,0
FMB,20140526,50.04,50.04,50.04,50.04,0
FMBH,20140526,21,21,21,21,0
FMBI,20140526,15.95,15.95,15.95,15.95,0
FMI,20140526,21.92,21.92,21.92,21.92,0
FMNB,20140526,7.54,7.54,7.54,7.54,0
FNGN,20140526,41,41,41,41,0
FNHC,20140526,23.95,23.95,23.95,23.95,0
FNJN,20140526,4.92,4.92,4.92,4.92,0
FNLC,20140526,16.18,16.18,16.18,16.18,0
FNSR,20140526,24.68,24.68,24.68,24.68,0
FOLD,20140526,2.22,2.22,2.22,2.22,0
FONE,20140526,36,36,36,36,0
FONR,20140526,13.44,13.44,13.44,13.44,0
FORD,20140526,1.35,1.35,1.35,1.35,0
FORM,20140526,5.94,5.94,5.94,5.94,0
FORR,20140526,36.94,36.94,36.94,36.94,0
FORTY,20140526,29.28,29.28,29.28,29.28,0
FOSL,20140526,101.72,101.72,101.72,101.72,0
FOX,20140526,34.04,34.04,34.04,34.04,0
FOXA,20140526,34.95,34.95,34.95,34.95,0
FOXF,20140526,17.4,17.4,17.4,17.4,0
FPRX,20140526,13.46,13.46,13.46,13.46,0
FRAN,20140526,16.07,16.07,16.07,16.07,0
FRBA,20140526,6.11,6.11,6.11,6.11,0
FRBK,20140526,5.02,5.02,5.02,5.02,0
FRED,20140526,16.57,16.57,16.57,16.57,0
FRGI,20140526,38.72,38.72,38.72,38.72,0
FRME,20140526,19.74,19.74,19.74,19.74,0
FRP,20140526,14.34,14.34,14.34,14.34,0
FRSH,20140526,9.34,9.34,9.34,9.34,0
FSBK,20140526,8.09,8.09,8.09,8.09,0
FSBW,20140526,17.09,17.09,17.09,17.09,0
FSC,20140526,9.33,9.33,9.33,9.33,0
FSCFL,20140526,24.5,24.5,24.5,24.5,0
FSFG,20140526,24.4,24.4,24.4,24.4,0
FSFR,20140526,14.63,14.63,14.63,14.63,0
FSLR,20140526,60.67,60.67,60.67,60.67,0
FSTR,20140526,49.43,49.43,49.43,49.43,0
FTCS,20140526,34.46,34.46,34.46,34.46,0
FTD,20140526,30.23,30.23,30.23,30.23,0
FTEK,20140526,5.23,5.23,5.23,5.23,0
FTGC,20140526,33.98,33.98,33.98,33.98,0
FTHI,20140526,20.06,20.06,20.06,20.06,0
FTLB,20140526,20,20,20,20,0
FTNT,20140526,21.93,21.93,21.93,21.93,0
FTR,20140526,5.81,5.81,5.81,5.81,0
FTSL,20140526,49.57,49.57,49.57,49.57,0
FUEL,20140526,24.53,24.53,24.53,24.53,0
FULLL,20140526,26.27,26.27,26.27,26.27,0
FULT,20140526,11.97,11.97,11.97,11.97,0
FUNC,20140526,8.37,8.37,8.37,8.37,0
FUND,20140526,8.07,8.07,8.07,8.07,0
FV,20140526,18.78,18.78,18.78,18.78,0
FWRD,20140526,43.97,43.97,43.97,43.97,0
GABC,20140526,26.48,26.48,26.48,26.48,0
GAIA,20140526,6.97,6.97,6.97,6.97,0
GAIN,20140526,7.79,7.79,7.79,7.79,0
GALE,20140526,46,46,46,46,0
GALT,20140526,11.47,11.47,11.47,11.47,0
GALTU,20140526,30.9,30.9,30.9,30.9,0
GALTW,20140526,7.62,7.62,7.62,7.62,0
GARS,20140526,14.59,14.59,14.59,14.59,0
GASS,20140526,11.02,11.02,11.02,11.02,0
GBCI,20140526,26.31,26.31,26.31,26.31,0
GBDC,20140526,16.77,16.77,16.77,16.77,0
GBLI,20140526,26.62,26.62,26.62,26.62,0
GBNK,20140526,13.35,13.35,13.35,13.35,0
GCBC,20140526,12.915,12.915,12.915,12.915,0
GCVRZ,20140526,0.5,0.5,0.5,0.5,0
GENC,20140526,6.6067,6.6067,6.6067,6.6067,0
GENE,20140526,5.4,5.4,5.4,5.4,0
GEOS,20140526,50.99,50.99,50.99,50.99,0
GERN,20140526,2.06,2.06,2.06,2.06,0
GEVO,20140526,13.95,13.95,13.95,13.95,0
GFED,20140526,12.55,12.55,12.55,12.55,0
GFN,20140526,8.69,8.69,8.69,8.69,0
GFNCP,20140526,108.25,108.25,108.25,108.25,0
GGAL,20140526,12.64,12.64,12.64,12.64,0
GHDX,20140526,26.38,26.38,26.38,26.38,0
GIFI,20140526,19.6,19.6,19.6,19.6,0
GIGA,20140526,1.22,1.22,1.22,1.22,0
GIGM,20140526,5.15,5.15,5.15,5.15,0
GIII,20140526,36.2,36.2,36.2,36.2,0
GILD,20140526,80.94,80.94,80.94,80.94,0
GILT,20140526,4.55,4.55,4.55,4.55,0
GK,20140526,50.85,50.85,50.85,50.85,0
GLAD,20140526,9.78,9.78,9.78,9.78,0
GLADO,20140526,25.78,25.78,25.78,25.78,0
GLBS,20140526,14.52,14.52,14.52,14.52,0
GLBZ,20140526,12.95,12.95,12.95,12.95,0
GLDD,20140526,7.74,7.74,7.74,7.74,0
GLDI,20140526,13.84,13.84,13.84,13.84,0
GLMD,20140526,6.51,6.51,6.51,6.51,0
GLNG,20140526,43.94,43.94,43.94,43.94,0
GLPI,20140526,34.05,34.05,34.05,34.05,0
GLRE,20140526,31.74,31.74,31.74,31.74,0
GLUU,20140526,3.78,3.78,3.78,3.78,0
GLYC,20140526,6.96,6.96,6.96,6.96,0
GMAN,20140526,4.5,4.5,4.5,4.5,0
GMLP,20140526,31.41,31.41,31.41,31.41,0
GNCA,20140526,18.9,18.9,18.9,18.9,0
GNCMA,20140526,11.39,11.39,11.39,11.39,0
GNMA,20140526,49.63,49.63,49.63,49.63,0
GNMK,20140526,9.83,9.83,9.83,9.83,0
GNTX,20140526,14.62,14.62,14.62,14.62,0
GNVC,20140526,2.26,2.26,2.26,2.26,0
GOGO,20140526,16.38,16.38,16.38,16.38,0
GOLD,20140526,75.45,75.45,75.45,75.45,0
GOOD,20140526,17.66,17.66,17.66,17.66,0
GOODO,20140526,25.3,25.3,25.3,25.3,0
GOODP,20140526,25.39,25.39,25.39,25.39,0
GOOG,20140526,552.7,552.7,552.7,552.7,0
GOOGL,20140526,563.8,563.8,563.8,563.8,0
GPIC,20140526,8.56,8.56,8.56,8.56,0
GPOR,20140526,63.02,63.02,63.02,63.02,0
GPRE,20140526,28.1,28.1,28.1,28.1,0
GRFS,20140526,20.58,20.58,20.58,20.58,0
GRID,20140526,36.97,36.97,36.97,36.97,0
GRIF,20140526,27.9,27.9,27.9,27.9,0
GRMN,20140526,57.39,57.39,57.39,57.39,0
GROW,20140526,3.47,3.47,3.47,3.47,0
GRPN,20140526,6.29,6.29,6.29,6.29,0
GRVY,20140526,7.36,7.36,7.36,7.36,0
GSBC,20140526,28.8,28.8,28.8,28.8,0
GSIT,20140526,5.81,5.81,5.81,5.81,0
GSM,20140526,20.06,20.06,20.06,20.06,0
GSOL,20140526,8.57,8.57,8.57,8.57,0
GSVC,20140526,9.3,9.3,9.3,9.3,0
GT,20140526,25.64,25.64,25.64,25.64,0
GTIM,20140526,3.6,3.6,3.6,3.6,0
GTLS,20140526,74.72,74.72,74.72,74.72,0
GTWN,20140526,14.7,14.7,14.7,14.7,0
GTXI,20140526,1.37,1.37,1.37,1.37,0
GUID,20140526,9.47,9.47,9.47,9.47,0
GULF,20140526,23.29,23.29,23.29,23.29,0
GURE,20140526,2.2,2.2,2.2,2.2,0
GWPH,20140526,67.71,67.71,67.71,67.71,0
GYRO,20140526,5.07,5.07,5.07,5.07,0
HA,20140526,14.92,14.92,14.92,14.92,0
HAFC,20140526,21.17,21.17,21.17,21.17,0
HAIN,20140526,45.795,45.795,45.795,45.795,0
HALL,20140526,9.2,9.2,9.2,9.2,0
HALO,20140526,7.96,7.96,7.96,7.96,0
HAS,20140526,53.85,53.85,53.85,53.85,0
HAWK,20140526,24.96,24.96,24.96,24.96,0
HAYN,20140526,54.49,54.49,54.49,54.49,0
HBAN,20140526,9.1,9.1,9.1,9.1,0
HBANP,20140526,1325,1325,1325,1325,0
HBCP,20140526,20.75,20.75,20.75,20.75,0
HBHC,20140526,33.42,33.42,33.42,33.42,0
HBIO,20140526,4.18,4.18,4.18,4.18,0
HBK,20140526,13.85,13.85,13.85,13.85,0
HBMD,20140526,9.93,9.93,9.93,9.93,0
HBNC,20140526,14.2933,14.2933,14.2933,14.2933,0
HBP,20140526,4.45,4.45,4.45,4.45,0
HCAC,20140526,9.71,9.71,9.71,9.71,0
HCACU,20140526,10.03,10.03,10.03,10.03,0
HCACW,20140526,0.5,0.5,0.5,0.5,0
HCAP,20140526,14.13,14.13,14.13,14.13,0
HCCI,20140526,16.93,16.93,16.93,16.93,0
HCKT,20140526,6.07,6.07,6.07,6.07,0
HCOM,20140526,25.55,25.55,25.55,25.55,0
HCSG,20140526,29.82,29.82,29.82,29.82,0
HDNG,20140526,12.29,12.29,12.29,12.29,0
HDS,20140526,25.69,25.69,25.69,25.69,0
HDSN,20140526,2.74,2.74,2.74,2.74,0
HEAR,20140526,10.56,10.56,10.56,10.56,0
HEES,20140526,33.92,33.92,33.92,33.92,0
HELE,20140526,59.47,59.47,59.47,59.47,0
HEOP,20140526,7.2,7.2,7.2,7.2,0
HFBC,20140526,11.32,11.32,11.32,11.32,0
HFBL,20140526,18.64,18.64,18.64,18.64,0
HFWA,20140526,15.59,15.59,15.59,15.59,0
HGSH,20140526,4.01,4.01,4.01,4.01,0
HIBB,20140526,53.04,53.04,53.04,53.04,0
HIFS,20140526,74.74,74.74,74.74,74.74,0
HIHO,20140526,2.61,2.61,2.61,2.61,0
HIIQ,20140526,10.15,10.15,10.15,10.15,0
HIMX,20140526,7.66,7.66,7.66,7.66,0
HLIT,20140526,7.39,7.39,7.39,7.39,0
HMHC,20140526,18.04,18.04,18.04,18.04,0
HMNF,20140526,11.05,11.05,11.05,11.05,0
HMNY,20140526,4.52,4.52,4.52,4.52,0
HMST,20140526,17.6,17.6,17.6,17.6,0
HMSY,20140526,18.13,18.13,18.13,18.13,0
HMTV,20140526,11.37,11.37,11.37,11.37,0
HNH,20140526,20.75,20.75,20.75,20.75,0
HNNA,20140526,13.5,13.5,13.5,13.5,0
HNRG,20140526,8.83,8.83,8.83,8.83,0
HOFT,20140526,14.51,14.51,14.51,14.51,0
HOLI,20140526,20.82,20.82,20.82,20.82,0
HOLX,20140526,23.82,23.82,23.82,23.82,0
HOMB,20140526,15.275,15.275,15.275,15.275,0
HOTR,20140526,2.15,2.15,2.15,2.15,0
HOTRW,20140526,0.4,0.4,0.4,0.4,0
HOVNP,20140526,13.4,13.4,13.4,13.4,0
HPJ,20140526,4.3,4.3,4.3,4.3,0
HRTX,20140526,11.15,11.15,11.15,11.15,0
HRZN,20140526,13.84,13.84,13.84,13.84,0
HSIC,20140526,116.8,116.8,116.8,116.8,0
HSII,20140526,18.85,18.85,18.85,18.85,0
HSKA,20140526,10.78,10.78,10.78,10.78,0
HSNI,20140526,55.2,55.2,55.2,55.2,0
HSON,20140526,3.64,3.64,3.64,3.64,0
HSTM,20140526,25.59,25.59,25.59,25.59,0
HTBI,20140526,15.18,15.18,15.18,15.18,0
HTBK,20140526,8.07,8.07,8.07,8.07,0
HTBX,20140526,4.48,4.48,4.48,4.48,0
HTHT,20140526,23.07,23.07,23.07,23.07,0
HTLD,20140526,21.1,21.1,21.1,21.1,0
HTLF,20140526,24.57,24.57,24.57,24.57,0
HUBG,20140526,47.35,47.35,47.35,47.35,0
HURC,20140526,26.8,26.8,26.8,26.8,0
HURN,20140526,67.96,67.96,67.96,67.96,0
HWAY,20140526,17.59,17.59,17.59,17.59,0
HWBK,20140526,13.75,13.75,13.75,13.75,0
HWCC,20140526,11.7,11.7,11.7,11.7,0
HWKN,20140526,34.47,34.47,34.47,34.47,0
HYGS,20140526,15.3,15.3,15.3,15.3,0
HYLS,20140526,52.24,52.24,52.24,52.24,0
HYND,20140526,24.01,24.01,24.01,24.01,0
HYZD,20140526,25.1,25.1,25.1,25.1,0
HZNP,20140526,13.46,13.46,13.46,13.46,0
IART,20140526,44.82,44.82,44.82,44.82,0
IBB,20140526,234.64,234.64,234.64,234.64,0
IBCP,20140526,12.73,12.73,12.73,12.73,0
IBKC,20140526,62.33,62.33,62.33,62.33,0
IBKR,20140526,22.66,22.66,22.66,22.66,0
IBOC,20140526,24.15,24.15,24.15,24.15,0
IBTX,20140526,46.95,46.95,46.95,46.95,0
ICAD,20140526,6.87,6.87,6.87,6.87,0
ICCC,20140526,4.3,4.3,4.3,4.3,0
ICFI,20140526,36.53,36.53,36.53,36.53,0
ICLN,20140526,11,11,11,11,0
ICLR,20140526,40.83,40.83,40.83,40.83,0
ICON,20140526,42.46,42.46,42.46,42.46,0
ICPT,20140526,229.82,229.82,229.82,229.82,0
ICUI,20140526,60.38,60.38,60.38,60.38,0
IDCC,20140526,37.71,37.71,37.71,37.71,0
IDRA,20140526,2.53,2.53,2.53,2.53,0
IDSA,20140526,4.62,4.62,4.62,4.62,0
IDSY,20140526,4.17,4.17,4.17,4.17,0
IDTI,20140526,12.73,12.73,12.73,12.73,0
IDXX,20140526,64.295,64.295,64.295,64.295,0
IEP,20140526,102.24,102.24,102.24,102.24,0
IESC,20140526,6.81,6.81,6.81,6.81,0
IFEU,20140526,37.92,37.92,37.92,37.92,0
IFGL,20140526,31.84,31.84,31.84,31.84,0
IFON,20140526,2.25,2.25,2.25,2.25,0
IGLD,20140526,9.74,9.74,9.74,9.74,0
IGOV,20140526,103.25,103.25,103.25,103.25,0
III,20140526,4.7,4.7,4.7,4.7,0
IIIN,20140526,20.33,20.33,20.33,20.33,0
IIJI,20140526,12.64,12.64,12.64,12.64,0
IIN,20140526,7,7,7,7,0
IIVI,20140526,13.42,13.42,13.42,13.42,0
IKGH,20140526,3.23,3.23,3.23,3.23,0
IKNX,20140526,26.47,26.47,26.47,26.47,0
ILMN,20140526,159.2,159.2,159.2,159.2,0
IMGN,20140526,11.1,11.1,11.1,11.1,0
IMI,20140526,2.46,2.46,2.46,2.46,0
IMKTA,20140526,27.31,27.31,27.31,27.31,0
IMMR,20140526,10.65,10.65,10.65,10.65,0
IMMU,20140526,3.34,3.34,3.34,3.34,0
IMMY,20140526,5.73,5.73,5.73,5.73,0
IMOS,20140526,22.73,22.73,22.73,22.73,0
INAP,20140526,7.06,7.06,7.06,7.06,0
INBK,20140526,20.05,20.05,20.05,20.05,0
INCY,20140526,47.09,47.09,47.09,47.09,0
INDB,20140526,35.33,35.33,35.33,35.33,0
INDY,20140526,29.1,29.1,29.1,29.1,0
INFI,20140526,9.4,9.4,9.4,9.4,0
INFN,20140526,9.23,9.23,9.23,9.23,0
INGN,20140526,17.02,17.02,17.02,17.02,0
ININ,20140526,48.68,48.68,48.68,48.68,0
INOD,20140526,3.07,3.07,3.07,3.07,0
INSM,20140526,13.29,13.29,13.29,13.29,0
INSY,20140526,12.83,12.83,12.83,12.83,0
INTC,20140526,26.29,26.29,26.29,26.29,0
INTG,20140526,19.16,19.16,19.16,19.16,0
INTL,20140526,18.69,18.69,18.69,18.69,0
INTU,20140526,79.59,79.59,79.59,79.59,0
INTX,20140526,4.23,4.23,4.23,4.23,0
INVE,20140526,6.7,6.7,6.7,6.7,0
INWK,20140526,7.67,7.67,7.67,7.67,0
IOSP,20140526,42.18,42.18,42.18,42.18,0
IPAR,20140526,29.21,29.21,29.21,29.21,0
IPAS,20140526,1.28,1.28,1.28,1.28,0
IPCC,20140526,65.44,65.44,65.44,65.44,0
IPCI,20140526,3.76,3.76,3.76,3.76,0
IPDN,20140526,29.2,29.2,29.2,29.2,0
IPGP,20140526,62.36,62.36,62.36,62.36,0
IPHS,20140526,53.48,53.48,53.48,53.48,0
IPKW,20140526,25.84,25.84,25.84,25.84,0
IPWR,20140526,8.13,8.13,8.13,8.13,0
IPXL,20140526,27.89,27.89,27.89,27.89,0
IQNT,20140526,14.83,14.83,14.83,14.83,0
IRBT,20140526,35.99,35.99,35.99,35.99,0
IRDM,20140526,7.55,7.55,7.55,7.55,0
IRDMB,20140526,310,310,310,310,0
IRG,20140526,15.36,15.36,15.36,15.36,0
IRIX,20140526,8.51,8.51,8.51,8.51,0
IROQ,20140526,16.1,16.1,16.1,16.1,0
IRWD,20140526,13.91,13.91,13.91,13.91,0
ISBC,20140526,10.59,10.59,10.59,10.59,0
ISCA,20140526,31.22,31.22,31.22,31.22,0
ISHG,20140526,95.61,95.61,95.61,95.61,0
ISIG,20140526,3.12,3.12,3.12,3.12,0
ISIL,20140526,13.81,13.81,13.81,13.81,0
ISLE,20140526,6.84,6.84,6.84,6.84,0
ISM,20140526,24.03,24.03,24.03,24.03,0
ISNS,20140526,4.21,4.21,4.21,4.21,0
ISRG,20140526,363.86,363.86,363.86,363.86,0
ISRL,20140526,127.4,127.4,127.4,127.4,0
ISSC,20140526,6.87,6.87,6.87,6.87,0
ITCI,20140526,15.25,15.25,15.25,15.25,0
ITIC,20140526,69.15,69.15,69.15,69.15,0
ITRI,20140526,38.92,38.92,38.92,38.92,0
ITRN,20140526,23.58,23.58,23.58,23.58,0
IVAC,20140526,7.45,7.45,7.45,7.45,0
IXYS,20140526,10.81,10.81,10.81,10.81,0
JACK,20140526,56.29,56.29,56.29,56.29,0
JAKK,20140526,8.63,8.63,8.63,8.63,0
JASO,20140526,9.63,9.63,9.63,9.63,0
JAZZ,20140526,135.37,135.37,135.37,135.37,0
JBHT,20140526,77.22,77.22,77.22,77.22,0
JBLU,20140526,9.11,9.11,9.11,9.11,0
JBSS,20140526,25.67,25.67,25.67,25.67,0
JCOM,20140526,48.09,48.09,48.09,48.09,0
JCS,20140526,10.92,10.92,10.92,10.92,0
JCTCF,20140526,9.86,9.86,9.86,9.86,0
JD,20140526,20.1,20.1,20.1,20.1,0
JIVE,20140526,8.27,8.27,8.27,8.27,0
JJSF,20140526,93.76,93.76,93.76,93.76,0
JKHY,20140526,57.95,57.95,57.95,57.95,0
JMBA,20140526,10.65,10.65,10.65,10.65,0
JOBS,20140526,32.16,32.16,32.16,32.16,0
JOUT,20140526,23.67,23.67,23.67,23.67,0
JRJC,20140526,3.05,3.05,3.05,3.05,0
JSM,20140526,22.47,22.47,22.47,22.47,0
JTPY,20140526,2.01,2.01,2.01,2.01,0
JVA,20140526,7.88,7.88,7.88,7.88,0
JXSB,20140526,20.99,20.99,20.99,20.99,0
KALU,20140526,68.89,68.89,68.89,68.89,0
KANG,20140526,14.07,14.07,14.07,14.07,0
KCAP,20140526,8.14,8.14,8.14,8.14,0
KELYA,20140526,17.89,17.89,17.89,17.89,0
KEQU,20140526,16.6,16.6,16.6,16.6,0
KERX,20140526,12.92,12.92,12.92,12.92,0
KEYW,20140526,10.98,10.98,10.98,10.98,0
KFFB,20140526,8.49,8.49,8.49,8.49,0
KFRC,20140526,22.01,22.01,22.01,22.01,0
KGJI,20140526,1.33,1.33,1.33,1.33,0
KIN,20140526,18.11,18.11,18.11,18.11,0
KINS,20140526,6.26,6.26,6.26,6.26,0
KIRK,20140526,17.92,17.92,17.92,17.92,0
KLAC,20140526,64.18,64.18,64.18,64.18,0
KLIC,20140526,14.21,14.21,14.21,14.21,0
KMDA,20140526,7.99,7.99,7.99,7.99,0
KNDI,20140526,11.47,11.47,11.47,11.47,0
KONA,20140526,19.6,19.6,19.6,19.6,0
KONE,20140526,4.76,4.76,4.76,4.76,0
KOOL,20140526,32,32,32,32,0
KOPN,20140526,3.17,3.17,3.17,3.17,0
KOSS,20140526,4,4,4,4,0
KPTI,20140526,26.43,26.43,26.43,26.43,0
KRNY,20140526,13.87,13.87,13.87,13.87,0
KTCC,20140526,10.55,10.55,10.55,10.55,0
KTEC,20140526,11.8,11.8,11.8,11.8,0
KTOS,20140526,8.17,8.17,8.17,8.17,0
KTWO,20140526,15,15,15,15,0
KVHI,20140526,13.33,13.33,13.33,13.33,0
KWEB,20140526,34.23,34.23,34.23,34.23,0
KZ,20140526,9.74,9.74,9.74,9.74,0
LABL,20140526,34.27,34.27,34.27,34.27,0
LAKE,20140526,7.11,7.11,7.11,7.11,0
LAMR,20140526,50.1,50.1,50.1,50.1,0
LANC,20140526,89.74,89.74,89.74,89.74,0
LAND,20140526,11.64,11.64,11.64,11.64,0
LARK,20140526,19.3,19.3,19.3,19.3,0
LAWS,20140526,16.12,16.12,16.12,16.12,0
LAYN,20140526,15.16,15.16,15.16,15.16,0
LBAI,20140526,10.8,10.8,10.8,10.8,0
LBIX,20140526,4.25,4.25,4.25,4.25,0
LBTYA,20140526,45.61,45.61,45.61,45.61,0
LBTYB,20140526,45.35,45.35,45.35,45.35,0
LBTYK,20140526,43.59,43.59,43.59,43.59,0
LCNB,20140526,15.43,15.43,15.43,15.43,0
LCUT,20140526,15.54,15.54,15.54,15.54,0
LE,20140526,26.79,26.79,26.79,26.79,0
LECO,20140526,65.46,65.46,65.46,65.46,0
LEDS,20140526,0.97,0.97,0.97,0.97,0
LFUS,20140526,87.88,87.88,87.88,87.88,0
LFVN,20140526,9.87,9.87,9.87,9.87,0
LGCY,20140526,27.6,27.6,27.6,27.6,0
LGCYP,20140526,25.33,25.33,25.33,25.33,0
LGIH,20140526,16.01,16.01,16.01,16.01,0
LGND,20140526,66.15,66.15,66.15,66.15,0
LHCG,20140526,20.69,20.69,20.69,20.69,0
LINC,20140526,4.14,4.14,4.14,4.14,0
LION,20140526,13.46,13.46,13.46,13.46,0
LIOX,20140526,5.69,5.69,5.69,5.69,0
LIVE,20140526,4.42,4.42,4.42,4.42,0
LJPC,20140526,7.58,7.58,7.58,7.58,0
LKFN,20140526,24.2133,24.2133,24.2133,24.2133,0
LKQ,20140526,28.13,28.13,28.13,28.13,0
LLNW,20140526,2.17,2.17,2.17,2.17,0
LLTC,20140526,45.98,45.98,45.98,45.98,0
LMAT,20140526,7.78,7.78,7.78,7.78,0
LMCA,20140526,42.2433,42.2433,42.2433,42.2433,0
LMIA,20140526,13.68,13.68,13.68,13.68,0
LMNR,20140526,22.79,22.79,22.79,22.79,0
LMNX,20140526,17.84,17.84,17.84,17.84,0
LMOS,20140526,15.16,15.16,15.16,15.16,0
LNCE,20140526,26.55,26.55,26.55,26.55,0
LNDC,20140526,12.01,12.01,12.01,12.01,0
LOAN,20140526,2.27,2.27,2.27,2.27,0
LOGI,20140526,12.5,12.5,12.5,12.5,0
LOGM,20140526,43.46,43.46,43.46,43.46,0
LOPE,20140526,44.25,44.25,44.25,44.25,0
LORL,20140526,70.94,70.94,70.94,70.94,0
LPCN,20140526,6.6,6.6,6.6,6.6,0
LPLA,20140526,47.82,47.82,47.82,47.82,0
LPNT,20140526,60.6,60.6,60.6,60.6,0
LPSN,20140526,9.89,9.89,9.89,9.89,0
LPTH,20140526,1.39,1.39,1.39,1.39,0
LPTN,20140526,54.46,54.46,54.46,54.46,0
LQDT,20140526,15.31,15.31,15.31,15.31,0
LRAD,20140526,1.96,1.96,1.96,1.96,0
LRCX,20140526,60.61,60.61,60.61,60.61,0
LSBK,20140526,12.28,12.28,12.28,12.28,0
LSCC,20140526,7.91,7.91,7.91,7.91,0
LSTR,20140526,63.71,63.71,63.71,63.71,0
LTBR,20140526,11.7,11.7,11.7,11.7,0
LTRX,20140526,1.81,1.81,1.81,1.81,0
LULU,20140526,45.3,45.3,45.3,45.3,0
LUNA,20140526,1.41,1.41,1.41,1.41,0
LVNTA,20140526,31.5528,31.5528,31.5528,31.5528,0
LWAY,20140526,12.94,12.94,12.94,12.94,0
LXRX,20140526,9.24,9.24,9.24,9.24,0
LYTS,20140526,7.72,7.72,7.72,7.72,0
MACK,20140526,7.52,7.52,7.52,7.52,0
MAGS,20140526,3.41,3.41,3.41,3.41,0
MAMS,20140526,5.44,5.44,5.44,5.44,0
MANH,20140526,32.71,32.71,32.71,32.71,0
MANT,20140526,29.82,29.82,29.82,29.82,0
MAR,20140526,59.26,59.26,59.26,59.26,0
MARK,20140526,6,6,6,6,0
MARPS,20140526,18.54,18.54,18.54,18.54,0
MASI,20140526,24.58,24.58,24.58,24.58,0
MAT,20140526,38.56,38.56,38.56,38.56,0
MATR,20140526,5.02,5.02,5.02,5.02,0
MATW,20140526,40.34,40.34,40.34,40.34,0
MAYS,20140526,46,46,46,46,0
MBFI,20140526,26.96,26.96,26.96,26.96,0
MBII,20140526,9.08,9.08,9.08,9.08,0
MBLX,20140526,5.1,5.1,5.1,5.1,0
MBRG,20140526,18.23,18.23,18.23,18.23,0
MBTF,20140526,5.11,5.11,5.11,5.11,0
MBUU,20140526,19.9,19.9,19.9,19.9,0
MBVT,20140526,29.58,29.58,29.58,29.58,0
MBWM,20140526,20.91,20.91,20.91,20.91,0
MCBC,20140526,5.04,5.04,5.04,5.04,0
MCEP,20140526,22.39,22.39,22.39,22.39,0
MCHP,20140526,46.66,46.66,46.66,46.66,0
MCHX,20140526,10.44,10.44,10.44,10.44,0
MCRI,20140526,15.44,15.44,15.44,15.44,0
MDCA,20140526,21.6,21.6,21.6,21.6,0
MDCO,20140526,27.24,27.24,27.24,27.24,0
MDIV,20140526,21.83,21.83,21.83,21.83,0
MDLZ,20140526,37.24,37.24,37.24,37.24,0
MDM,20140526,4.59,4.59,4.59,4.59,0
MDRX,20140526,14.82,14.82,14.82,14.82,0
MDSO,20140526,39.67,39.67,39.67,39.67,0
MDWD,20140526,12.5,12.5,12.5,12.5,0
MDXG,20140526,5.58,5.58,5.58,5.58,0
MEET,20140526,1.98,1.98,1.98,1.98,0
MEIP,20140526,6.1,6.1,6.1,6.1,0
MELI,20140526,84.11,84.11,84.11,84.11,0
MEMP,20140526,22.2,22.2,22.2,22.2,0
MENT,20140526,21.82,21.82,21.82,21.82,0
MEOH,20140526,59.72,59.72,59.72,59.72,0
MERC,20140526,9.19,9.19,9.19,9.19,0
MFNC,20140526,12.1,12.1,12.1,12.1,0
MFRI,20140526,9.74,9.74,9.74,9.74,0
MFSF,20140526,18.9,18.9,18.9,18.9,0
MGCD,20140526,9.7,9.7,9.7,9.7,0
MGEE,20140526,37.27,37.27,37.27,37.27,0
MGI,20140526,13.24,13.24,13.24,13.24,0
MGIC,20140526,7.99,7.99,7.99,7.99,0
MGLN,20140526,60.49,60.49,60.49,60.49,0
MGNX,20140526,18.53,18.53,18.53,18.53,0
MGPI,20140526,6.11,6.11,6.11,6.11,0
MGRC,20140526,33.85,33.85,33.85,33.85,0
MGYR,20140526,7.9,7.9,7.9,7.9,0
MHGC,20140526,7.92,7.92,7.92,7.92,0
MHLD,20140526,12.65,12.65,12.65,12.65,0
MICT,20140526,3.84,3.84,3.84,3.84,0
MICTW,20140526,0.73,0.73,0.73,0.73,0
MIDD,20140526,78.0567,78.0567,78.0567,78.0567,0
MIND,20140526,13.2,13.2,13.2,13.2,0
MINI,20140526,42.2,42.2,42.2,42.2,0
MITK,20140526,3.29,3.29,3.29,3.29,0
MITL,20140526,11.04,11.04,11.04,11.04,0
MKSI,20140526,28.79,28.79,28.79,28.79,0
MKTX,20140526,55.02,55.02,55.02,55.02,0
MLAB,20140526,76.78,76.78,76.78,76.78,0
MLHR,20140526,31.28,31.28,31.28,31.28,0
MLNK,20140526,3.84,3.84,3.84,3.84,0
MLNX,20140526,33.45,33.45,33.45,33.45,0
MLVF,20140526,10.3,10.3,10.3,10.3,0
MMLP,20140526,40.3,40.3,40.3,40.3,0
MMSI,20140526,14.03,14.03,14.03,14.03,0
MMYT,20140526,27.02,27.02,27.02,27.02,0
MNDO,20140526,2.16,2.16,2.16,2.16,0
MNGA,20140526,1.24,1.24,1.24,1.24,0
MNKD,20140526,7.77,7.77,7.77,7.77,0
MNOV,20140526,1.75,1.75,1.75,1.75,0
MNRO,20140526,53.94,53.94,53.94,53.94,0
MNST,20140526,23.2233,23.2233,23.2233,23.2233,0
MNTA,20140526,12.12,12.12,12.12,12.12,0
MNTX,20140526,16.4,16.4,16.4,16.4,0
MOBI,20140526,7.28,7.28,7.28,7.28,0
MOCO,20140526,15.33,15.33,15.33,15.33,0
MOFG,20140526,23.35,23.35,23.35,23.35,0
MORN,20140526,70.3,70.3,70.3,70.3,0
MOSY,20140526,3.25,3.25,3.25,3.25,0
MPAA,20140526,26.21,26.21,26.21,26.21,0
MPB,20140526,14.91,14.91,14.91,14.91,0
MPEL,20140526,33.89,33.89,33.89,33.89,0
MPET,20140526,2.11,2.11,2.11,2.11,0
MPWR,20140526,38.99,38.99,38.99,38.99,0
MRCC,20140526,13.78,13.78,13.78,13.78,0
MRCY,20140526,12.11,12.11,12.11,12.11,0
MRLN,20140526,20.35,20.35,20.35,20.35,0
MRTN,20140526,23.44,23.44,23.44,23.44,0
MRTX,20140526,17.95,17.95,17.95,17.95,0
MRVC,20140526,13,13,13,13,0
MRVL,20140526,15.89,15.89,15.89,15.89,0
MSBF,20140526,8,8,8,8,0
MSCC,20140526,24.33,24.33,24.33,24.33,0
MSEX,20140526,20.39,20.39,20.39,20.39,0
MSFG,20140526,16.79,16.79,16.79,16.79,0
MSFT,20140526,40.12,40.12,40.12,40.12,0
MSLI,20140526,1.55,1.55,1.55,1.55,0
MSON,20140526,5.92,5.92,5.92,5.92,0
MSTR,20140526,142.62,142.62,142.62,142.62,0
MTEX,20140526,14.71,14.71,14.71,14.71,0
MTGE,20140526,20.41,20.41,20.41,20.41,0
MTGEP,20140526,24.92,24.92,24.92,24.92,0
MTRX,20140526,33.06,33.06,33.06,33.06,0
MTSC,20140526,67.31,67.31,67.31,67.31,0
MTSI,20140526,17.45,17.45,17.45,17.45,0
MTSL,20140526,1.6,1.6,1.6,1.6,0
MU,20140526,27.33,27.33,27.33,27.33,0
MVIS,20140526,1.81,1.81,1.81,1.81,0
MXIM,20140526,34.39,34.39,34.39,34.39,0
MXWL,20140526,17.61,17.61,17.61,17.61,0
MYGN,20140526,33.22,33.22,33.22,33.22,0
MYL,20140526,48.02,48.02,48.02,48.02,0
MYRG,20140526,25.43,25.43,25.43,25.43,0
MZOR,20140526,16.68,16.68,16.68,16.68,0
NAII,20140526,5.93,5.93,5.93,5.93,0
NANO,20140526,17.24,17.24,17.24,17.24,0
NATH,20140526,49.44,49.44,49.44,49.44,0
NATI,20140526,28.12,28.12,28.12,28.12,0
NATL,20140526,28.73,28.73,28.73,28.73,0
NATR,20140526,13.86,13.86,13.86,13.86,0
NAUH,20140526,3.41,3.41,3.41,3.41,0
NAVG,20140526,61.78,61.78,61.78,61.78,0
NAVI,20140526,16.07,16.07,16.07,16.07,0
NBIX,20140526,13.03,13.03,13.03,13.03,0
NBN,20140526,9.42,9.42,9.42,9.42,0
NBTB,20140526,22.79,22.79,22.79,22.79,0
NCIT,20140526,9.5,9.5,9.5,9.5,0
NCLH,20140526,33.97,33.97,33.97,33.97,0
NCMI,20140526,15.79,15.79,15.79,15.79,0
NCTY,20140526,2.3,2.3,2.3,2.3,0
NDAQ,20140526,36.45,36.45,36.45,36.45,0
NDLS,20140526,33.15,33.15,33.15,33.15,0
NDSN,20140526,81.86,81.86,81.86,81.86,0
NEO,20140526,3.47,3.47,3.47,3.47,0
NEOG,20140526,37.48,37.48,37.48,37.48,0
NEON,20140526,3.74,3.74,3.74,3.74,0
NEPT,20140526,2.42,2.42,2.42,2.42,0
NETE,20140526,20.8,20.8,20.8,20.8,0
NEWS,20140526,12.98,12.98,12.98,12.98,0
NEWT,20140526,13.3,13.3,13.3,13.3,0
NFBK,20140526,13.05,13.05,13.05,13.05,0
NFEC,20140526,1.21,1.21,1.21,1.21,0
NFLX,20140526,57.4786,57.4786,57.4786,57.4786,0
NGHC,20140526,15.39,15.39,15.39,15.39,0
NICE,20140526,38.96,38.96,38.96,38.96,0
NICK,20140526,14.57,14.57,14.57,14.57,0
NIHD,20140526,0.61,0.61,0.61,0.61,0
NILE,20140526,31.23,31.23,31.23,31.23,0
NKSH,20140526,31.72,31.72,31.72,31.72,0
NKTR,20140526,11.68,11.68,11.68,11.68,0
NLNK,20140526,19.9,19.9,19.9,19.9,0
NLST,20140526,1.16,1.16,1.16,1.16,0
NMIH,20140526,10.25,10.25,10.25,10.25,0
NMRX,20140526,11.45,11.45,11.45,11.45,0
NNBR,20140526,23.68,23.68,23.68,23.68,0
NRCIA,20140526,14.32,14.32,14.32,14.32,0
NRCIB,20140526,40.51,40.51,40.51,40.51,0
NRIM,20140526,24.15,24.15,24.15,24.15,0
NSEC,20140526,10.1,10.1,10.1,10.1,0
NSIT,20140526,27.66,27.66,27.66,27.66,0
NSSC,20140526,6.15,6.15,6.15,6.15,0
NSTG,20140526,14.64,14.64,14.64,14.64,0
NSYS,20140526,4.74,4.74,4.74,4.74,0
NTAP,20140526,35.76,35.76,35.76,35.76,0
NTCT,20140526,39.85,39.85,39.85,39.85,0
NTES,20140526,71.04,71.04,71.04,71.04,0
NTGR,20140526,33.5,33.5,33.5,33.5,0
NTIC,20140526,21.01,21.01,21.01,21.01,0
NTRI,20140526,16.67,16.67,16.67,16.67,0
NTRS,20140526,60.36,60.36,60.36,60.36,0
NTWK,20140526,4.42,4.42,4.42,4.42,0
NUAN,20140526,15.8,15.8,15.8,15.8,0
NURO,20140526,7.6,7.6,7.6,7.6,0
NUTR,20140526,23.4,23.4,23.4,23.4,0
NUVA,20140526,33.55,33.55,33.55,33.55,0
NVAX,20140526,4.85,4.85,4.85,4.85,0
NVCN,20140526,5.75,5.75,5.75,5.75,0
NVDA,20140526,18.49,18.49,18.49,18.49,0
NVDQ,20140526,14.98,14.98,14.98,14.98,0
NVEC,20140526,52.85,52.85,52.85,52.85,0
NVEE,20140526,9.7,9.7,9.7,9.7,0
NVFY,20140526,4.11,4.11,4.11,4.11,0
NVGN,20140526,3.75,3.75,3.75,3.75,0
NVMI,20140526,10.53,10.53,10.53,10.53,0
NWBI,20140526,13.35,13.35,13.35,13.35,0
NWBO,20140526,5.83,5.83,5.83,5.83,0
NWBOW,20140526,3.89,3.89,3.89,3.89,0
NWFL,20140526,28.65,28.65,28.65,28.65,0
NWLI,20140526,235.63,235.63,235.63,235.63,0
NWPX,20140526,35.7,35.7,35.7,35.7,0
NWS,20140526,16.74,16.74,16.74,16.74,0
NWSA,20140526,17.09,17.09,17.09,17.09,0
NXPI,20140526,61.66,61.66,61.66,61.66,0
NXST,20140526,44.83,44.83,44.83,44.83,0
NXTM,20140526,13.73,13.73,13.73,13.73,0
NYMT,20140526,7.85,7.85,7.85,7.85,0
NYMTP,20140526,23.77,23.77,23.77,23.77,0
NYMX,20140526,5.35,5.35,5.35,5.35,0
NYNY,20140526,32.8,32.8,32.8,32.8,0
OBAS,20140526,5.68,5.68,5.68,5.68,0
OBCI,20140526,2.83,2.83,2.83,2.83,0
OCC,20140526,3.66,3.66,3.66,3.66,0
OCFC,20140526,16.6,16.6,16.6,16.6,0
OCLR,20140526,2.04,2.04,2.04,2.04,0
OCLS,20140526,17.65,17.65,17.65,17.65,0
OCRX,20140526,6.8,6.8,6.8,6.8,0
ODFL,20140526,62.54,62.54,62.54,62.54,0
OFED,20140526,17.94,17.94,17.94,17.94,0
OFIX,20140526,31.09,31.09,31.09,31.09,0
OFLX,20140526,19.96,19.96,19.96,19.96,0
OFS,20140526,12.72,12.72,12.72,12.72,0
OGXI,20140526,3.91,3.91,3.91,3.91,0
OHRP,20140526,7.55,7.55,7.55,7.55,0
OIIM,20140526,3.62,3.62,3.62,3.62,0
OKSB,20140526,16.18,16.18,16.18,16.18,0
OLBK,20140526,15.85,15.85,15.85,15.85,0
OLED,20140526,24.57,24.57,24.57,24.57,0
OMAB,20140526,30.94,30.94,30.94,30.94,0
OMCL,20140526,26.6,26.6,26.6,26.6,0
OMED,20140526,22.3,22.3,22.3,22.3,0
OMER,20140526,11.67,11.67,11.67,11.67,0
OMEX,20140526,17.76,17.76,17.76,17.76,0
ONB,20140526,13.73,13.73,13.73,13.73,0
ONEQ,20140526,164.57,164.57,164.57,164.57,0
ONTX,20140526,45.7,45.7,45.7,45.7,0
ONVI,20140526,4.56,4.56,4.56,4.56,0
OPB,20140526,30.15,30.15,30.15,30.15,0
OPHC,20140526,13.9,13.9,13.9,13.9,0
OPHT,20140526,38.03,38.03,38.03,38.03,0
OPOF,20140526,15.2,15.2,15.2,15.2,0
OPTT,20140526,23.3,23.3,23.3,23.3,0
OPXA,20140526,1.4,1.4,1.4,1.4,0
ORBC,20140526,6.33,6.33,6.33,6.33,0
ORBK,20140526,15.3,15.3,15.3,15.3,0
OREX,20140526,57.1,57.1,57.1,57.1,0
ORIG,20140526,17.7,17.7,17.7,17.7,0
ORIT,20140526,15.05,15.05,15.05,15.05,0
ORLY,20140526,148.64,148.64,148.64,148.64,0
ORMP,20140526,7.71,7.71,7.71,7.71,0
ORRF,20140526,16.35,16.35,16.35,16.35,0
OSBC,20140526,4.73,4.73,4.73,4.73,0
OSBCP,20140526,13.34,13.34,13.34,13.34,0
OSHC,20140526,14.85,14.85,14.85,14.85,0
OSIR,20140526,16.11,16.11,16.11,16.11,0
OSIS,20140526,56.97,56.97,56.97,56.97,0
OSM,20140526,24.44,24.44,24.44,24.44,0
OSN,20140526,2.49,2.49,2.49,2.49,0
OSTK,20140526,15.69,15.69,15.69,15.69,0
OSUR,20140526,6.28,6.28,6.28,6.28,0
OTEL,20140526,4.86,4.86,4.86,4.86,0
OTEX,20140526,47.74,47.74,47.74,47.74,0
OTIV,20140526,2.28,2.28,2.28,2.28,0
OTTR,20140526,28.19,28.19,28.19,28.19,0
OVAS,20140526,7.14,7.14,7.14,7.14,0
OVBC,20140526,21.91,21.91,21.91,21.91,0
OVLY,20140526,10,10,10,10,0
OXBR,20140526,6,6,6,6,0
OXBRW,20140526,0.99,0.99,0.99,0.99,0
OXFD,20140526,17.11,17.11,17.11,17.11,0
OXLC,20140526,16.89,16.89,16.89,16.89,0
OXLCO,20140526,23.89,23.89,23.89,23.89,0
OZRK,20140526,29.59,29.59,29.59,29.59,0
PAAS,20140526,12.79,12.79,12.79,12.79,0
PACB,20140526,4.69,4.69,4.69,4.69,0
PACW,20140526,40.37,40.37,40.37,40.37,0
PAGG,20140526,30.86,30.86,30.86,30.86,0
PAHC,20140526,18.65,18.65,18.65,18.65,0
PATK,20140526,25.4867,25.4867,25.4867,25.4867,0
PAYX,20140526,40.82,40.82,40.82,40.82,0
PBCT,20140526,14.43,14.43,14.43,14.43,0
PBHC,20140526,15,15,15,15,0
PBIB,20140526,0.93,0.93,0.93,0.93,0
PBIP,20140526,10.82,10.82,10.82,10.82,0
PBMD,20140526,1.27,1.27,1.27,1.27,0
PBPB,20140526,15.44,15.44,15.44,15.44,0
PBSK,20140526,14.2,14.2,14.2,14.2,0
PCAR,20140526,62.95,62.95,62.95,62.95,0
PCBK,20140526,13.85,13.85,13.85,13.85,0
PCH,20140526,38.88,38.88,38.88,38.88,0
PCLN,20140526,1197.12,1197.12,1197.12,1197.12,0
PCMI,20140526,9.99,9.99,9.99,9.99,0
PCO,20140526,1.59,1.59,1.59,1.59,0
PCOM,20140526,24.87,24.87,24.87,24.87,0
PCRX,20140526,76.22,76.22,76.22,76.22,0
PCTI,20140526,7.18,7.18,7.18,7.18,0
PCTY,20140526,18.64,18.64,18.64,18.64,0
PCYG,20140526,11.97,11.97,11.97,11.97,0
PCYO,20140526,5.54,5.54,5.54,5.54,0
PDCE,20140526,61.51,61.51,61.51,61.51,0
PDCO,20140526,39.08,39.08,39.08,39.08,0
PDEX,20140526,2.05,2.05,2.05,2.05,0
PDFS,20140526,19.66,19.66,19.66,19.66,0
PDLI,20140526,9.13,9.13,9.13,9.13,0
PEBK,20140526,17.02,17.02,17.02,17.02,0
PEBO,20140526,24.28,24.28,24.28,24.28,0
PEGA,20140526,20.66,20.66,20.66,20.66,0
PEGI,20140526,29.5,29.5,29.5,29.5,0
PEIX,20140526,12.52,12.52,12.52,12.52,0
PENN,20140526,11.56,11.56,11.56,11.56,0
PERF,20140526,6.5,6.5,6.5,6.5,0
PERI,20140526,10.4,10.4,10.4,10.4,0
PERY,20140526,17.08,17.08,17.08,17.08,0
PESI,20140526,4.03,4.03,4.03,4.03,0
PETS,20140526,13.39,13.39,13.39,13.39,0
PETX,20140526,12.57,12.57,12.57,12.57,0
PFBC,20140526,23.09,23.09,23.09,23.09,0
PFBI,20140526,14.62,14.62,14.62,14.62,0
PFBX,20140526,13.35,13.35,13.35,13.35,0
PFIE,20140526,3.97,3.97,3.97,3.97,0
PFIN,20140526,7.31,7.31,7.31,7.31,0
PFIS,20140526,48.61,48.61,48.61,48.61,0
PFLT,20140526,13.89,13.89,13.89,13.89,0
PFMT,20140526,8.97,8.97,8.97,8.97,0
PFPT,20140526,31.75,31.75,31.75,31.75,0
PFSW,20140526,8.03,8.03,8.03,8.03,0
PGC,20140526,18.98,18.98,18.98,18.98,0
PGNX,20140526,3.7,3.7,3.7,3.7,0
PGTI,20140526,8.22,8.22,8.22,8.22,0
PHII,20140526,41,41,41,41,0
PHIIK,20140526,44.28,44.28,44.28,44.28,0
PHMD,20140526,61.55,61.55,61.55,61.55,0
PICO,20140526,22.83,22.83,22.83,22.83,0
PIH,20140526,8.99,8.99,8.99,8.99,0
PINC,20140526,29.55,29.55,29.55,29.55,0
PKBK,20140526,11.64,11.64,11.64,11.64,0
PKOH,20140526,51.52,51.52,51.52,51.52,0
PLAB,20140526,8.77,8.77,8.77,8.77,0
PLBC,20140526,7,7,7,7,0
PLCE,20140526,47.56,47.56,47.56,47.56,0
PLKI,20140526,37.39,37.39,37.39,37.39,0
PLPC,20140526,52.96,52.96,52.96,52.96,0
PLPM,20140526,2.46,2.46,2.46,2.46,0
PLUG,20140526,4.09,4.09,4.09,4.09,0
PLUS,20140526,55.51,55.51,55.51,55.51,0
PLXS,20140526,41.82,41.82,41.82,41.82,0
PMBC,20140526,6.5,6.5,6.5,6.5,0
PMD,20140526,14.3,14.3,14.3,14.3,0
PME,20140526,3.19,3.19,3.19,3.19,0
PNBK,20140526,12.9,12.9,12.9,12.9,0
PNFP,20140526,34,34,34,34,0
PNNT,20140526,11.02,11.02,11.02,11.02,0
PNQI,20140526,63.99,63.99,63.99,63.99,0
PNRA,20140526,154.89,154.89,154.89,154.89,0
PNRG,20140526,57.85,57.85,57.85,57.85,0
PNTR,20140526,10,10,10,10,0
PODD,20140526,35.1,35.1,35.1,35.1,0
POOL,20140526,58.45,58.45,58.45,58.45,0
POPE,20140526,67.26,67.26,67.26,67.26,0
POWI,20140526,49.84,49.84,49.84,49.84,0
POWL,20140526,62.18,62.18,62.18,62.18,0
PPBI,20140526,14.12,14.12,14.12,14.12,0
PPC,20140526,25.1,25.1,25.1,25.1,0
PPHM,20140526,1.73,1.73,1.73,1.73,0
PPHMP,20140526,25.39,25.39,25.39,25.39,0
PPSI,20140526,8.6,8.6,8.6,8.6,0
PRAA,20140526,54.65,54.65,54.65,54.65,0
PRAN,20140526,9.42,9.42,9.42,9.42,0
PRCP,20140526,11.59,11.59,11.59,11.59,0
PRFT,20140526,18.48,18.48,18.48,18.48,0
PRFZ,20140526,96.43,96.43,96.43,96.43,0
PRGS,20140526,21.78,21.78,21.78,21.78,0
PRGX,20140526,6.43,6.43,6.43,6.43,0
PRIM,20140526,28.51,28.51,28.51,28.51,0
PRKR,20140526,46.7,46.7,46.7,46.7,0
PRMW,20140526,4.19,4.19,4.19,4.19,0
PROV,20140526,14.61,14.61,14.61,14.61,0
PRPH,20140526,1.87,1.87,1.87,1.87,0
PRSC,20140526,39.93,39.93,39.93,39.93,0
PRSS,20140526,5.45,5.45,5.45,5.45,0
PRTA,20140526,20.3,20.3,20.3,20.3,0
PRTS,20140526,3.43,3.43,3.43,3.43,0
PRXL,20140526,48.75,48.75,48.75,48.75,0
PSAU,20140526,20.39,20.39,20.39,20.39,0
PSCC,20140526,48.89,48.89,48.89,48.89,0
PSCD,20140526,46.54,46.54,46.54,46.54,0
PSCE,20140526,50.34,50.34,50.34,50.34,0
PSCF,20140526,38.09,38.09,38.09,38.09,0
PSCH,20140526,53.93,53.93,53.93,53.93,0
PSCI,20140526,44.29,44.29,44.29,44.29,0
PSCM,20140526,43.97,43.97,43.97,43.97,0
PSCT,20140526,43.11,43.11,43.11,43.11,0
PSCU,20140526,35.17,35.17,35.17,35.17,0
PSDV,20140526,3.66,3.66,3.66,3.66,0
PSEC,20140526,10.1,10.1,10.1,10.1,0
PSIX,20140526,77.84,77.84,77.84,77.84,0
PSMT,20140526,89.94,89.94,89.94,89.94,0
PSTB,20140526,6.51,6.51,6.51,6.51,0
PSTI,20140526,3.42,3.42,3.42,3.42,0
PTC,20140526,36.83,36.83,36.83,36.83,0
PTCT,20140526,20.03,20.03,20.03,20.03,0
PTEN,20140526,32.88,32.88,32.88,32.88,0
PTIE,20140526,4.73,4.73,4.73,4.73,0
PTLA,20140526,20.39,20.39,20.39,20.39,0
PTNR,20140526,8.27,8.27,8.27,8.27,0
PTSI,20140526,23.99,23.99,23.99,23.99,0
PTX,20140526,6.59,6.59,6.59,6.59,0
PVTB,20140526,26.77,26.77,26.77,26.77,0
PVTBP,20140526,27.95,27.95,27.95,27.95,0
PWOD,20140526,45.39,45.39,45.39,45.39,0
PXLW,20140526,6.52,6.52,6.52,6.52,0
PZZA,20140526,42.55,42.55,42.55,42.55,0
QABA,20140526,34,34,34,34,0
QADA,20140526,20.36,20.36,20.36,20.36,0
QADB,20140526,16.72,16.72,16.72,16.72,0
QAT,20140526,25.07,25.07,25.07,25.07,0
QBAK,20140526,7.44,7.44,7.44,7.44,0
QCLN,20140526,18.31,18.31,18.31,18.31,0
QCOM,20140526,79.88,79.88,79.88,79.88,0
QCRH,20140526,17.22,17.22,17.22,17.22,0
QDEL,20140526,22.18,22.18,22.18,22.18,0
QGEN,20140526,22.57,22.57,22.57,22.57,0
QINC,20140526,20.46,20.46,20.46,20.46,0
QIWI,20140526,43.85,43.85,43.85,43.85,0
QLTI,20140526,5.4,5.4,5.4,5.4,0
QLYS,20140526,23.99,23.99,23.99,23.99,0
QNST,20140526,5.66,5.66,5.66,5.66,0
QPAC,20140526,10.17,10.17,10.17,10.17,0
QPACU,20140526,10.85,10.85,10.85,10.85,0
QPACW,20140526,0.7,0.7,0.7,0.7,0
QQEW,20140526,37.34,37.34,37.34,37.34,0
QQQ,20140526,89.88,89.88,89.88,89.88,0
QQQC,20140526,21.25,21.25,21.25,21.25,0
QQQX,20140526,19.05,19.05,19.05,19.05,0
QQXT,20140526,34.8,34.8,34.8,34.8,0
QRHC,20140526,35.68,35.68,35.68,35.68,0
QSII,20140526,17.17,17.17,17.17,17.17,0
QTEC,20140526,37.76,37.76,37.76,37.76,0
QUIK,20140526,3.92,3.92,3.92,3.92,0
QUMU,20140526,15.53,15.53,15.53,15.53,0
QUNR,20140526,22.02,22.02,22.02,22.02,0
QURE,20140526,8.71,8.71,8.71,8.71,0
QYLD,20140526,25.08,25.08,25.08,25.08,0
RADA,20140526,2.9,2.9,2.9,2.9,0
RAIL,20140526,26.09,26.09,26.09,26.09,0
RAND,20140526,3.25,3.25,3.25,3.25,0
RARE,20140526,35.21,35.21,35.21,35.21,0
RAVN,20140526,31.19,31.19,31.19,31.19,0
RBCAA,20140526,23.27,23.27,23.27,23.27,0
RBCN,20140526,7.93,7.93,7.93,7.93,0
RBPAA,20140526,2.28,2.28,2.28,2.28,0
RCII,20140526,28.49,28.49,28.49,28.49,0
RCKY,20140526,14.37,14.37,14.37,14.37,0
RCMT,20140526,6.25,6.25,6.25,6.25,0
RCON,20140526,3.61,3.61,3.61,3.61,0
RDCM,20140526,5.12,5.12,5.12,5.12,0
RDHL,20140526,16.35,16.35,16.35,16.35,0
RDI,20140526,8.5,8.5,8.5,8.5,0
RDNT,20140526,6.22,6.22,6.22,6.22,0
RDVY,20140526,20.62,20.62,20.62,20.62,0
RDWR,20140526,17.19,17.19,17.19,17.19,0
RECN,20140526,12.33,12.33,12.33,12.33,0
REFR,20140526,5.59,5.59,5.59,5.59,0
REGI,20140526,11.45,11.45,11.45,11.45,0
REGN,20140526,297.77,297.77,297.77,297.77,0
REIS,20140526,18.52,18.52,18.52,18.52,0
RELL,20140526,10.29,10.29,10.29,10.29,0
RELV,20140526,13.09,13.09,13.09,13.09,0
REPH,20140526,6.67,6.67,6.67,6.67,0
REXX,20140526,18.96,18.96,18.96,18.96,0
RFIL,20140526,5.69,5.69,5.69,5.69,0
RGCO,20140526,19.12,19.12,19.12,19.12,0
RGEN,20140526,19.08,19.08,19.08,19.08,0
RGLD,20140526,63.98,63.98,63.98,63.98,0
RGLS,20140526,6.49,6.49,6.49,6.49,0
RGSE,20140526,936,936,936,936,0
RIBT,20140526,7,7,7,7,0
RIBTW,20140526,2.02,2.02,2.02,2.02,0
RICK,20140526,10.51,10.51,10.51,10.51,0
RIGL,20140526,3.13,3.13,3.13,3.13,0
RLJE,20140526,10.08,10.08,10.08,10.08,0
RLOG,20140526,5.72,5.72,5.72,5.72,0
RMBS,20140526,11.76,11.76,11.76,11.76,0
RMCF,20140526,11.67,11.67,11.67,11.67,0
RMGN,20140526,1.59,1.59,1.59,1.59,0
RMTI,20140526,10.65,10.65,10.65,10.65,0
RNET,20140526,49.55,49.55,49.55,49.55,0
RNST,20140526,27.28,27.28,27.28,27.28,0
RNWK,20140526,7.6,7.6,7.6,7.6,0
ROBO,20140526,25.98,25.98,25.98,25.98,0
ROCK,20140526,16.07,16.07,16.07,16.07,0
ROIA,20140526,4.1,4.1,4.1,4.1,0
ROIAK,20140526,4.1,4.1,4.1,4.1,0
ROIC,20140526,15.76,15.76,15.76,15.76,0
ROLL,20140526,60.93,60.93,60.93,60.93,0
ROSG,20140526,3.98,3.98,3.98,3.98,0
ROST,20140526,34.425,34.425,34.425,34.425,0
RP,20140526,21.09,21.09,21.09,21.09,0
RPRX,20140526,16.69,16.69,16.69,16.69,0
RPXC,20140526,16.49,16.49,16.49,16.49,0
RRGB,20140526,72.01,72.01,72.01,72.01,0
RSYS,20140526,3.34,3.34,3.34,3.34,0
RTIX,20140526,4.16,4.16,4.16,4.16,0
RTK,20140526,2.31,2.31,2.31,2.31,0
RTRX,20140526,13.73,13.73,13.73,13.73,0
RUSHA,20140526,32.64,32.64,32.64,32.64,0
RUSHB,20140526,29.28,29.28,29.28,29.28,0
RUTH,20140526,12.36,12.36,12.36,12.36,0
RVLT,20140526,23.3,23.3,23.3,23.3,0
RVNC,20140526,31.97,31.97,31.97,31.97,0
RVSB,20140526,3.72,3.72,3.72,3.72,0
RXDX,20140526,6.86,6.86,6.86,6.86,0
RXII,20140526,29.4,29.4,29.4,29.4,0
RYAAY,20140526,55.47,55.47,55.47,55.47,0
SAAS,20140526,8.11,8.11,8.11,8.11,0
SABR,20140526,17.09,17.09,17.09,17.09,0
SAEX,20140526,1097.55,1097.55,1097.55,1097.55,0
SAFM,20140526,85.14,85.14,85.14,85.14,0
SAFT,20140526,52.36,52.36,52.36,52.36,0
SAIA,20140526,44.4,44.4,44.4,44.4,0
SAL,20140526,30.25,30.25,30.25,30.25,0
SALE,20140526,23.87,23.87,23.87,23.87,0
SALM,20140526,8.24,8.24,8.24,8.24,0
SAMG,20140526,17.73,17.73,17.73,17.73,0
SANM,20140526,20.32,20.32,20.32,20.32,0
SANW,20140526,6.52,6.52,6.52,6.52,0
SASR,20140526,23.58,23.58,23.58,23.58,0
SATS,20140526,50.73,50.73,50.73,50.73,0
SAVE,20140526,57.49,57.49,57.49,57.49,0
SBAC,20140526,100.6,100.6,100.6,100.6,0
SBBX,20140526,9.03,9.03,9.03,9.03,0
SBCF,20140526,10.39,10.39,10.39,10.39,0
SBFG,20140526,8.2,8.2,8.2,8.2,0
SBGI,20140526,30.2,30.2,30.2,30.2,0
SBLK,20140526,55.2,55.2,55.2,55.2,0
SBNY,20140526,113.71,113.71,113.71,113.71,0
SBNYW,20140526,82.2,82.2,82.2,82.2,0
SBRA,20140526,28.75,28.75,28.75,28.75,0
SBRAP,20140526,25.24,25.24,25.24,25.24,0
SBSA,20140526,5.54,5.54,5.54,5.54,0
SBSI,20140526,25.79,25.79,25.79,25.79,0
SBUX,20140526,35.99,35.99,35.99,35.99,0
SCAI,20140526,28.72,28.72,28.72,28.72,0
SCHL,20140526,32,32,32,32,0
SCHN,20140526,25.51,25.51,25.51,25.51,0
SCLN,20140526,5.11,5.11,5.11,5.11,0
SCMP,20140526,7.44,7.44,7.44,7.44,0
SCON,20140526,38.55,38.55,38.55,38.55,0
SCOR,20140526,32.56,32.56,32.56,32.56,0
SCSC,20140526,37.24,37.24,37.24,37.24,0
SCSS,20140526,19.26,19.26,19.26,19.26,0
SCTY,20140526,52.05,52.05,52.05,52.05,0
SCVL,20140526,18.9,18.9,18.9,18.9,0
SCYX,20140526,9.01,9.01,9.01,9.01,0
SEAC,20140526,9.41,9.41,9.41,9.41,0
SEED,20140526,2.28,2.28,2.28,2.28,0
SEIC,20140526,32.26,32.26,32.26,32.26,0
SEMI,20140526,15.55,15.55,15.55,15.55,0
SENEA,20140526,30.4,30.4,30.4,30.4,0
SENEB,20140526,30.49,30.49,30.49,30.49,0
SEV,20140526,8.2,8.2,8.2,8.2,0
SFBC,20140526,17.04,17.04,17.04,17.04,0
SFBS,20140526,28.7533,28.7533,28.7533,28.7533,0
SFLY,20140526,40.82,40.82,40.82,40.82,0
SFM,20140526,27.12,27.12,27.12,27.12,0
SFNC,20140526,39.79,39.79,39.79,39.79,0
SFST,20140526,13.44,13.44,13.44,13.44,0
SGC,20140526,15.54,15.54,15.54,15.54,0
SGEN,20140526,33.16,33.16,33.16,33.16,0
SGMA,20140526,10.19,10.19,10.19,10.19,0
SGMO,20140526,13.21,13.21,13.21,13.21,0
SGMS,20140526,9.38,9.38,9.38,9.38,0
SGOC,20140526,8.4,8.4,8.4,8.4,0
SGRP,20140526,1.64,1.64,1.64,1.64,0
SGYP,20140526,3.9,3.9,3.9,3.9,0
SGYPU,20140526,11.08,11.08,11.08,11.08,0
SGYPW,20140526,1.43,1.43,1.43,1.43,0
SHBI,20140526,9.14,9.14,9.14,9.14,0
SHEN,20140526,13.46,13.46,13.46,13.46,0
SHIP,20140526,6.75,6.75,6.75,6.75,0
SHLD,20140526,37.64,37.64,37.64,37.64,0
SHLM,20140526,34.24,34.24,34.24,34.24,0
SHLO,20140526,16.72,16.72,16.72,16.72,0
SHOO,20140526,32.04,32.04,32.04,32.04,0
SHOR,20140526,6.87,6.87,6.87,6.87,0
SHOS,20140526,22.25,22.25,22.25,22.25,0
SHPG,20140526,170.73,170.73,170.73,170.73,0
SIEB,20140526,3.21,3.21,3.21,3.21,0
SIFI,20140526,11.21,11.21,11.21,11.21,0
SIFY,20140526,2.15,2.15,2.15,2.15,0
SIGI,20140526,23.72,23.72,23.72,23.72,0
SIGM,20140526,3.42,3.42,3.42,3.42,0
SILC,20140526,48.54,48.54,48.54,48.54,0
SIMO,20140526,16.04,16.04,16.04,16.04,0
SINA,20140526,46.53,46.53,46.53,46.53,0
SINO,20140526,2.51,2.51,2.51,2.51,0
SIRI,20140526,3.27,3.27,3.27,3.27,0
SIVB,20140526,106.88,106.88,106.88,106.88,0
SIVBO,20140526,25.79,25.79,25.79,25.79,0
SKYW,20140526,11.77,11.77,11.77,11.77,0
SKYY,20140526,26.28,26.28,26.28,26.28,0
SLAB,20140526,44.67,44.67,44.67,44.67,0
SLGN,20140526,48.79,48.79,48.79,48.79,0
SLM,20140526,8.82,8.82,8.82,8.82,0
SLMAP,20140526,48.18,48.18,48.18,48.18,0
SLMBP,20140526,71.74,71.74,71.74,71.74,0
SLP,20140526,6.13,6.13,6.13,6.13,0
SLRC,20140526,21.07,21.07,21.07,21.07,0
SLVO,20140526,14.95,14.95,14.95,14.95,0
SMBC,20140526,17.62,17.62,17.62,17.62,0
SMCI,20140526,21.18,21.18,21.18,21.18,0
SMED,20140526,4.12,4.12,4.12,4.12,0
SMIT,20140526,2.9,2.9,2.9,2.9,0
SMMF,20140526,11,11,11,11,0
SMRT,20140526,13.47,13.47,13.47,13.47,0
SMSI,20140526,3.32,3.32,3.32,3.32,0
SMTC,20140526,24.96,24.96,24.96,24.96,0
SMTX,20140526,1.76,1.76,1.76,1.76,0
SNAK,20140526,12.45,12.45,12.45,12.45,0
SNBC,20140526,18.75,18.75,18.75,18.75,0
SNCR,20140526,31.53,31.53,31.53,31.53,0
SNFCA,20140526,3.89,3.89,3.89,3.89,0
SNHY,20140526,37.75,37.75,37.75,37.75,0
SNMX,20140526,6.88,6.88,6.88,6.88,0
SNPS,20140526,39.09,39.09,39.09,39.09,0
SNSS,20140526,29.76,29.76,29.76,29.76,0
SOCL,20140526,17.64,17.64,17.64,17.64,0
SODA,20140526,37.81,37.81,37.81,37.81,0
SOFO,20140526,10.28,10.28,10.28,10.28,0
SOHO,20140526,7.33,7.33,7.33,7.33,0
SOHU,20140526,59.45,59.45,59.45,59.45,0
SONA,20140526,10.43,10.43,10.43,10.43,0
SONC,20140526,20.76,20.76,20.76,20.76,0
SONS,20140526,18.15,18.15,18.15,18.15,0
SORL,20140526,3.48,3.48,3.48,3.48,0
SOXX,20140526,80.31,80.31,80.31,80.31,0
SP,20140526,22.91,22.91,22.91,22.91,0
SPAN,20140526,21.04,21.04,21.04,21.04,0
SPAR,20140526,5.11,5.11,5.11,5.11,0
SPCB,20140526,8.68,8.68,8.68,8.68,0
SPEX,20140526,28.69,28.69,28.69,28.69,0
SPHS,20140526,3.18,3.18,3.18,3.18,0
SPIL,20140526,7.61,7.61,7.61,7.61,0
SPLK,20140526,45.99,45.99,45.99,45.99,0
SPLS,20140526,11.65,11.65,11.65,11.65,0
SPNC,20140526,23.78,23.78,23.78,23.78,0
SPNS,20140526,8.1,8.1,8.1,8.1,0
SPPI,20140526,7.41,7.41,7.41,7.41,0
SPRT,20140526,2.36,2.36,2.36,2.36,0
SPSC,20140526,55.53,55.53,55.53,55.53,0
SPTN,20140526,24.03,24.03,24.03,24.03,0
SPU,20140526,1.42,1.42,1.42,1.42,0
SPWH,20140526,9.08,9.08,9.08,9.08,0
SPWR,20140526,31.89,31.89,31.89,31.89,0
SQBG,20140526,9.67,9.67,9.67,9.67,0
SQQQ,20140526,49.75,49.75,49.75,49.75,0
SRCE,20140526,30.45,30.45,30.45,30.45,0
SRCL,20140526,112.48,112.48,112.48,112.48,0
SRDX,20140526,20.17,20.17,20.17,20.17,0
SREV,20140526,4.4,4.4,4.4,4.4,0
SRNE,20140526,4.92,4.92,4.92,4.92,0
SRPT,20140526,34.04,34.04,34.04,34.04,0
SSBI,20140526,11.15,11.15,11.15,11.15,0
SSFN,20140526,4.69,4.69,4.69,4.69,0
SSH,20140526,5.66,5.66,5.66,5.66,0
SSNC,20140526,42.04,42.04,42.04,42.04,0
SSRI,20140526,7.35,7.35,7.35,7.35,0
SSYS,20140526,94.82,94.82,94.82,94.82,0
STAA,20140526,14.43,14.43,14.43,14.43,0
STB,20140526,6.31,6.31,6.31,6.31,0
STBA,20140526,23.75,23.75,23.75,23.75,0
STBZ,20140526,15.97,15.97,15.97,15.97,0
STEM,20140526,16.8,16.8,16.8,16.8,0
STFC,20140526,21.79,21.79,21.79,21.79,0
STKL,20140526,13.02,13.02,13.02,13.02,0
STLD,20140526,17.77,17.77,17.77,17.77,0
STLY,20140526,2.79,2.79,2.79,2.79,0
STML,20140526,13.84,13.84,13.84,13.84,0
STMP,20140526,31.76,31.76,31.76,31.76,0
STPP,20140526,37.99,37.99,37.99,37.99,0
STRA,20140526,56.58,56.58,56.58,56.58,0
STRL,20140526,9.22,9.22,9.22,9.22,0
STRM,20140526,5.02,5.02,5.02,5.02,0
STRS,20140526,16.5,16.5,16.5,16.5,0
STRT,20140526,64.56,64.56,64.56,64.56,0
STRZA,20140526,30.45,30.45,30.45,30.45,0
STRZB,20140526,29.1,29.1,29.1,29.1,0
STX,20140526,51.95,51.95,51.95,51.95,0
SUMR,20140526,3.25,3.25,3.25,3.25,0
SUNS,20140526,17.36,17.36,17.36,17.36,0
SUPN,20140526,8.7,8.7,8.7,8.7,0
SVA,20140526,6.02,6.02,6.02,6.02,0
SVBI,20140526,4.65,4.65,4.65,4.65,0
SVVC,20140526,20.65,20.65,20.65,20.65,0
SWHC,20140526,15.37,15.37,15.37,15.37,0
SWIR,20140526,19.18,19.18,19.18,19.18,0
SWKS,20140526,41.79,41.79,41.79,41.79,0
SYBT,20140526,19.1333,19.1333,19.1333,19.1333,0
SYKE,20140526,20.07,20.07,20.07,20.07,0
SYMC,20140526,22.27,22.27,22.27,22.27,0
SYMX,20140526,1.56,1.56,1.56,1.56,0
SYNA,20140526,59.25,59.25,59.25,59.25,0
SYNC,20140526,2.29,2.29,2.29,2.29,0
SYNL,20140526,14.82,14.82,14.82,14.82,0
SYNT,20140526,40.48,40.48,40.48,40.48,0
SYPR,20140526,3.9,3.9,3.9,3.9,0
SYRX,20140526,4.16,4.16,4.16,4.16,0
SYUT,20140526,5.69,5.69,5.69,5.69,0
TACT,20140526,10.51,10.51,10.51,10.51,0
TAIT,20140526,1,1,1,1,0
TASR,20140526,13.35,13.35,13.35,13.35,0
TAST,20140526,6.86,6.86,6.86,6.86,0
TATT,20140526,7.52,7.52,7.52,7.52,0
TAX,20140526,27.6,27.6,27.6,27.6,0
TAYD,20140526,9.1,9.1,9.1,9.1,0
TBBK,20140526,15.07,15.07,15.07,15.07,0
TBIO,20140526,3.88,3.88,3.88,3.88,0
TBNK,20140526,20.48,20.48,20.48,20.48,0
TCBI,20140526,52.15,52.15,52.15,52.15,0
TCBIL,20140526,24.25,24.25,24.25,24.25,0
TCBIP,20140526,24.51,24.51,24.51,24.51,0
TCBIW,20140526,38.36,38.36,38.36,38.36,0
TCBK,20140526,23.14,23.14,23.14,23.14,0
TCCO,20140526,4.5,4.5,4.5,4.5,0
TCFC,20140526,22,22,22,22,0
TCPC,20140526,16.93,16.93,16.93,16.93,0
TCRD,20140526,13.49,13.49,13.49,13.49,0
TCX,20140526,13.83,13.83,13.83,13.83,0
TDIV,20140526,25.76,25.76,25.76,25.76,0
TEAR,20140526,4.54,4.54,4.54,4.54,0
TECD,20140526,62.82,62.82,62.82,62.82,0
TECH,20140526,88.32,88.32,88.32,88.32,0
TEDU,20140526,8.52,8.52,8.52,8.52,0
TESO,20140526,21.54,21.54,21.54,21.54,0
TESS,20140526,31.25,31.25,31.25,31.25,0
TFSL,20140526,13.4,13.4,13.4,13.4,0
TGA,20140526,6.62,6.62,6.62,6.62,0
TGEN,20140526,13.44,13.44,13.44,13.44,0
TGLS,20140526,10.5,10.5,10.5,10.5,0
TGTX,20140526,5.35,5.35,5.35,5.35,0
THFF,20140526,31.59,31.59,31.59,31.59,0
THLD,20140526,3.67,3.67,3.67,3.67,0
THRM,20140526,42.9,42.9,42.9,42.9,0
THST,20140526,5.05,5.05,5.05,5.05,0
TICC,20140526,9.63,9.63,9.63,9.63,0
TILE,20140526,18.39,18.39,18.39,18.39,0
TINY,20140526,3.35,3.35,3.35,3.35,0
TIPT,20140526,8.78,8.78,8.78,8.78,0
TISA,20140526,3.93,3.93,3.93,3.93,0
TITN,20140526,15.79,15.79,15.79,15.79,0
TIVO,20140526,12.19,12.19,12.19,12.19,0
TLF,20140526,9.5,9.5,9.5,9.5,0
TLOG,20140526,4.17,4.17,4.17,4.17,0
TLT,20140526,112.7,112.7,112.7,112.7,0
TNAV,20140526,5.76,5.76,5.76,5.76,0
TNDM,20140526,16.07,16.07,16.07,16.07,0
TNGO,20140526,15.9,15.9,15.9,15.9,0
TNXP,20140526,8.9,8.9,8.9,8.9,0
TOPS,20140526,42.9,42.9,42.9,42.9,0
TORM,20140526,10.52,10.52,10.52,10.52,0
TOUR,20140526,15.5,15.5,15.5,15.5,0
TOWN,20140526,15.52,15.52,15.52,15.52,0
TQQQ,20140526,65.22,65.22,65.22,65.22,0
TRCB,20140526,8.25,8.25,8.25,8.25,0
TRCH,20140526,4.63,4.63,4.63,4.63,0
TREE,20140526,24.18,24.18,24.18,24.18,0
TRIB,20140526,23.65,23.65,23.65,23.65,0
TRIP,20140526,94.42,94.42,94.42,94.42,0
TRMB,20140526,35.61,35.61,35.61,35.61,0
TRMK,20140526,23.59,23.59,23.59,23.59,0
TRNS,20140526,9.14,9.14,9.14,9.14,0
TROV,20140526,3.55,3.55,3.55,3.55,0
TROVW,20140526,2.8,2.8,2.8,2.8,0
TROW,20140526,80.8,80.8,80.8,80.8,0
TRS,20140526,35.48,35.48,35.48,35.48,0
TRST,20140526,6.65,6.65,6.65,6.65,0
TRUE,20140526,9.22,9.22,9.22,9.22,0
TRVN,20140526,4.46,4.46,4.46,4.46,0
TSBK,20140526,10.7,10.7,10.7,10.7,0
TSC,20140526,13.5,13.5,13.5,13.5,0
TSCO,20140526,63.74,63.74,63.74,63.74,0
TSEM,20140526,9.34,9.34,9.34,9.34,0
TSLA,20140526,207.3,207.3,207.3,207.3,0
TSRA,20140526,22.44,22.44,22.44,22.44,0
TSRI,20140526,3,3,3,3,0
TSRO,20140526,24.65,24.65,24.65,24.65,0
TST,20140526,2.62,2.62,2.62,2.62,0
TTEC,20140526,26.1,26.1,26.1,26.1,0
TTEK,20140526,26.56,26.56,26.56,26.56,0
TTGT,20140526,6.99,6.99,6.99,6.99,0
TTMI,20140526,7.53,7.53,7.53,7.53,0
TTPH,20140526,10.18,10.18,10.18,10.18,0
TTS,20140526,14.6,14.6,14.6,14.6,0
TTWO,20140526,19.65,19.65,19.65,19.65,0
TUES,20140526,15.56,15.56,15.56,15.56,0
TVIX,20140526,4.56,4.56,4.56,4.56,0
TVIZ,20140526,26.63,26.63,26.63,26.63,0
TWER,20140526,35.8,35.8,35.8,35.8,0
TWIN,20140526,31.69,31.69,31.69,31.69,0
TWMC,20140526,3.45,3.45,3.45,3.45,0
TWOU,20140526,13.28,13.28,13.28,13.28,0
TXN,20140526,46.25,46.25,46.25,46.25,0
TXRH,20140526,24.92,24.92,24.92,24.92,0
TYPE,20140526,26.64,26.64,26.64,26.64,0
TZOO,20140526,19.03,19.03,19.03,19.03,0
UAE,20140526,24.33,24.33,24.33,24.33,0
UBCP,20140526,7.8,7.8,7.8,7.8,0
UBFO,20140526,5.65,5.65,5.65,5.65,0
UBNK,20140526,13.21,13.21,13.21,13.21,0
UBNT,20140526,34.17,34.17,34.17,34.17,0
UBOH,20140526,14.35,14.35,14.35,14.35,0
UBSH,20140526,25.19,25.19,25.19,25.19,0
UBSI,20140526,29.76,29.76,29.76,29.76,0
UCBA,20140526,11.01,11.01,11.01,11.01,0
UCBI,20140526,15.53,15.53,15.53,15.53,0
UCFC,20140526,3.66,3.66,3.66,3.66,0
UCTT,20140526,8.25,8.25,8.25,8.25,0
UEIC,20140526,43.86,43.86,43.86,43.86,0
UEPS,20140526,11.09,11.09,11.09,11.09,0
UFCS,20140526,27.95,27.95,27.95,27.95,0
UFPI,20140526,49.66,49.66,49.66,49.66,0
UFPT,20140526,24.79,24.79,24.79,24.79,0
UG,20140526,34.27,34.27,34.27,34.27,0
UGLD,20140526,15.5,15.5,15.5,15.5,0
UHAL,20140526,266.15,266.15,266.15,266.15,0
UIHC,20140526,17.85,17.85,17.85,17.85,0
ULBI,20140526,3.99,3.99,3.99,3.99,0
ULTA,20140526,85.43,85.43,85.43,85.43,0
ULTI,20140526,126.83,126.83,126.83,126.83,0
UMBF,20140526,56.08,56.08,56.08,56.08,0
UMPQ,20140526,16.62,16.62,16.62,16.62,0
UNAM,20140526,13,13,13,13,0
UNB,20140526,23.51,23.51,23.51,23.51,0
UNFI,20140526,68.32,68.32,68.32,68.32,0
UNIS,20140526,28.3,28.3,28.3,28.3,0
UNTY,20140526,8.6,8.6,8.6,8.6,0
UNXL,20140526,5.24,5.24,5.24,5.24,0
URBN,20140526,32.54,32.54,32.54,32.54,0
URRE,20140526,30.6,30.6,30.6,30.6,0
USAK,20140526,16.19,16.19,16.19,16.19,0
USAP,20140526,31.98,31.98,31.98,31.98,0
USAT,20140526,1.81,1.81,1.81,1.81,0
USATP,20140526,18.04,18.04,18.04,18.04,0
USCR,20140526,25.08,25.08,25.08,25.08,0
USEG,20140526,25.38,25.38,25.38,25.38,0
USLM,20140526,59.88,59.88,59.88,59.88,0
USLV,20140526,41.88,41.88,41.88,41.88,0
UTEK,20140526,25.78,25.78,25.78,25.78,0
UTHR,20140526,99.38,99.38,99.38,99.38,0
UTMD,20140526,47.37,47.37,47.37,47.37,0
UTSI,20140526,2.64,2.64,2.64,2.64,0
UVSP,20140526,19.81,19.81,19.81,19.81,0
VALU,20140526,14.64,14.64,14.64,14.64,0
VASC,20140526,20.01,20.01,20.01,20.01,0
VBFC,20140526,23.52,23.52,23.52,23.52,0
VCIT,20140526,86.26,86.26,86.26,86.26,0
VCLT,20140526,89.36,89.36,89.36,89.36,0
VCSH,20140526,80.5,80.5,80.5,80.5,0
VCYT,20140526,14.71,14.71,14.71,14.71,0
VDSI,20140526,11.5,11.5,11.5,11.5,0
VECO,20140526,32.68,32.68,32.68,32.68,0
VGIT,20140526,64.06,64.06,64.06,64.06,0
VGLT,20140526,70.51,70.51,70.51,70.51,0
VGSH,20140526,61.05,61.05,61.05,61.05,0
VIA,20140526,85.2,85.2,85.2,85.2,0
VIAB,20140526,84.99,84.99,84.99,84.99,0
VICL,20140526,12.3,12.3,12.3,12.3,0
VICR,20140526,7.42,7.42,7.42,7.42,0
VIDI,20140526,25.49,25.49,25.49,25.49,0
VIIX,20140526,47.18,47.18,47.18,47.18,0
VIIZ,20140526,19.34,19.34,19.34,19.34,0
VIP,20140526,8.11,8.11,8.11,8.11,0
VIRC,20140526,2.05,2.05,2.05,2.05,0
VISN,20140526,18.03,18.03,18.03,18.03,0
VIVO,20140526,20.79,20.79,20.79,20.79,0
VLGEA,20140526,23.23,23.23,23.23,23.23,0
VLTC,20140526,2.19,2.19,2.19,2.19,0
VMBS,20140526,52.44,52.44,52.44,52.44,0
VNDA,20140526,10.53,10.53,10.53,10.53,0
VNET,20140526,25.87,25.87,25.87,25.87,0
VNQI,20140526,57.13,57.13,57.13,57.13,0
VNR,20140526,30.76,30.76,30.76,30.76,0
VNRAP,20140526,25.94,25.94,25.94,25.94,0
VNRBP,20140526,24.72,24.72,24.72,24.72,0
VOD,20140526,34.6,34.6,34.6,34.6,0
VONE,20140526,87.88,87.88,87.88,87.88,0
VONG,20140526,90.43,90.43,90.43,90.43,0
VONV,20140526,85.52,85.52,85.52,85.52,0
VOXX,20140526,8.47,8.47,8.47,8.47,0
VRA,20140526,26.76,26.76,26.76,26.76,0
VRML,20140526,2.59,2.59,2.59,2.59,0
VRNS,20140526,25.08,25.08,25.08,25.08,0
VRNT,20140526,45.91,45.91,45.91,45.91,0
VRSK,20140526,60.95,60.95,60.95,60.95,0
VRSN,20140526,49.92,49.92,49.92,49.92,0
VRTB,20140526,5.25,5.25,5.25,5.25,0
VRTS,20140526,187.31,187.31,187.31,187.31,0
VRTU,20140526,35.63,35.63,35.63,35.63,0
VRTX,20140526,71.04,71.04,71.04,71.04,0
VSAR,20140526,27.69,27.69,27.69,27.69,0
VSAT,20140526,54.99,54.99,54.99,54.99,0
VSEC,20140526,31.885,31.885,31.885,31.885,0
VSTM,20140526,9.03,9.03,9.03,9.03,0
VTHR,20140526,88,88,88,88,0
VTIP,20140526,49.98,49.98,49.98,49.98,0
VTL,20140526,12.55,12.55,12.55,12.55,0
VTNR,20140526,8.49,8.49,8.49,8.49,0
VTWG,20140526,94.1,94.1,94.1,94.1,0
VTWO,20140526,89.52,89.52,89.52,89.52,0
VTWV,20140526,85.09,85.09,85.09,85.09,0
VUSE,20140526,25.58,25.58,25.58,25.58,0
VVUS,20140526,4.64,4.64,4.64,4.64,0
VWOB,20140526,80.14,80.14,80.14,80.14,0
VXUS,20140526,53.65,53.65,53.65,53.65,0
WABC,20140526,49.31,49.31,49.31,49.31,0
WAFD,20140526,20.76,20.76,20.76,20.76,0
WAFDW,20140526,5.5,5.5,5.5,5.5,0
WASH,20140526,34.61,34.61,34.61,34.61,0
WATT,20140526,10.65,10.65,10.65,10.65,0
WAYN,20140526,12.01,12.01,12.01,12.01,0
WB,20140526,18.07,18.07,18.07,18.07,0
WBB,20140526,14.28,14.28,14.28,14.28,0
WBKC,20140526,22.1,22.1,22.1,22.1,0
WBMD,20140526,41.25,41.25,41.25,41.25,0
WDC,20140526,84.83,84.83,84.83,84.83,0
WDFC,20140526,72.93,72.93,72.93,72.93,0
WEBK,20140526,17.84,17.84,17.84,17.84,0
WEN,20140526,8.28,8.28,8.28,8.28,0
WERN,20140526,26.25,26.25,26.25,26.25,0
WETF,20140526,10.72,10.72,10.72,10.72,0
WEYS,20140526,27.17,27.17,27.17,27.17,0
WFBI,20140526,14.7,14.7,14.7,14.7,0
WFM,20140526,37.78,37.78,37.78,37.78,0
WHF,20140526,13.87,13.87,13.87,13.87,0
WHFBL,20140526,25.17,25.17,25.17,25.17,0
WHLR,20140526,4.6,4.6,4.6,4.6,0
WHLRP,20140526,24.9,24.9,24.9,24.9,0
WHLRW,20140526,0.62,0.62,0.62,0.62,0
WIFI,20140526,6.78,6.78,6.78,6.78,0
WILC,20140526,6.5,6.5,6.5,6.5,0
WILN,20140526,3.04,3.04,3.04,3.04,0
WIN,20140526,9.38,9.38,9.38,9.38,0
WINA,20140526,67.03,67.03,67.03,67.03,0
WIRE,20140526,48.78,48.78,48.78,48.78,0
WIX,20140526,15.43,15.43,15.43,15.43,0
WLB,20140526,28.55,28.55,28.55,28.55,0
WLDN,20140526,5.74,5.74,5.74,5.74,0
WLFC,20140526,19.29,19.29,19.29,19.29,0
WMAR,20140526,10.27,10.27,10.27,10.27,0
WMGI,20140526,30.39,30.39,30.39,30.39,0
WMGIZ,20140526,1.13,1.13,1.13,1.13,0
WOOD,20140526,51.79,51.79,51.79,51.79,0
WOOF,20140526,32.12,32.12,32.12,32.12,0
WPCS,20140526,13.2,13.2,13.2,13.2,0
WPPGY,20140526,107.36,107.36,107.36,107.36,0
WPRT,20140526,14.73,14.73,14.73,14.73,0
WRLD,20140526,79.98,79.98,79.98,79.98,0
WSBC,20140526,29.41,29.41,29.41,29.41,0
WSBF,20140526,10.8,10.8,10.8,10.8,0
WSCI,20140526,8,8,8,8,0
WSFS,20140526,22.8433,22.8433,22.8433,22.8433,0
WSFSL,20140526,26,26,26,26,0
WSTC,20140526,26.43,26.43,26.43,26.43,0
WSTG,20140526,16.61,16.61,16.61,16.61,0
WSTL,20140526,2.59,2.59,2.59,2.59,0
WTBA,20140526,14.06,14.06,14.06,14.06,0
WTFC,20140526,43.66,43.66,43.66,43.66,0
WTFCW,20140526,21.4,21.4,21.4,21.4,0
WVFC,20140526,11.73,11.73,11.73,11.73,0
WVVI,20140526,5.79,5.79,5.79,5.79,0
WWD,20140526,45.76,45.76,45.76,45.76,0
WYNN,20140526,207.86,207.86,207.86,207.86,0
XBKS,20140526,6.03,6.03,6.03,6.03,0
XCRA,20140526,9.75,9.75,9.75,9.75,0
XGTI,20140526,18.24,18.24,18.24,18.24,0
XGTIW,20140526,7.2,7.2,7.2,7.2,0
XIV,20140526,37.46,37.46,37.46,37.46,0
XLNX,20140526,46.03,46.03,46.03,46.03,0
XLRN,20140526,30.66,30.66,30.66,30.66,0
XNCR,20140526,8.04,8.04,8.04,8.04,0
XOMA,20140526,81,81,81,81,0
XONE,20140526,27.5,27.5,27.5,27.5,0
XPLR,20140526,5.27,5.27,5.27,5.27,0
XRAY,20140526,46.9,46.9,46.9,46.9,0
XTLB,20140526,2.9,2.9,2.9,2.9,0
XXIA,20140526,11.81,11.81,11.81,11.81,0
YDIV,20140526,21.5,21.5,21.5,21.5,0
YHOO,20140526,35.02,35.02,35.02,35.02,0
YNDX,20140526,32.21,32.21,32.21,32.21,0
YOD,20140526,3.23,3.23,3.23,3.23,0
YORW,20140526,20.21,20.21,20.21,20.21,0
YRCW,20140526,21.8,21.8,21.8,21.8,0
YY,20140526,63.37,63.37,63.37,63.37,0
Z,20140526,119.77,119.77,119.77,119.77,0
ZAGG,20140526,4.58,4.58,4.58,4.58,0
ZBRA,20140526,73.33,73.33,73.33,73.33,0
ZEUS,20140526,22.58,22.58,22.58,22.58,0
ZGNX,20140526,16.4,16.4,16.4,16.4,0
ZION,20140526,28.43,28.43,28.43,28.43,0
ZIONW,20140526,5.13,5.13,5.13,5.13,0
ZIOP,20140526,3.36,3.36,3.36,3.36,0
ZIV,20140526,42.27,42.27,42.27,42.27,0
ZIXI,20140526,3.31,3.31,3.31,3.31,0
ZLTQ,20140526,15.82,15.82,15.82,15.82,0
ZN,20140526,2,2,2,2,0
ZNGA,20140526,3.28,3.28,3.28,3.28,0
ZUMZ,20140526,28.79,28.79,28.79,28.79,0
