<ticker>,<date>,<open>,<high>,<low>,<close>,<vol>
AAME,20090826,0.87,0.87,0.87,0.87,200
AAON,20090826,6.477,6.5097,6.4178,6.4948,43100
AAPL,20090826,24.1314,24.2214,23.8229,23.9157,10857000
AAWW,20090826,23.93,25.2,23.73,24.88,294800
AAXJ,20090826,49.45,49.52,48.76,49.41,249600
ABAX,20090826,27.9,28,27.56,27.8,163200
ABCB,20090826,6.72,6.72,6.41,6.66,15500
ABCO,20090826,13.475,13.6,13.375,13.49,29100
ABIO,20090826,149.1,154.14,148.68,151.2,47100
ABMD,20090826,8.85,8.89,8.71,8.86,158500
ABTL,20090826,3.1,3.2,3.1,3.15,14400
ACAD,20090826,6.08,6.26,5.96,6.15,1539600
ACAS,20090826,2.5,2.51,2.42,2.5,4092800
ACAT,20090826,7.73,7.91,7.62,7.85,39800
ACET,20090826,7.13,7.13,6.88,7.02,84500
ACFC,20090826,1.92,1.95,1.82,1.92,7500
ACGL,20090826,21.23,21.4233,21.0867,21.3667,314400
ACHN,20090826,1.74,1.78,1.68,1.78,14900
ACIW,20090826,4.66,4.6933,4.5267,4.6467,260300
ACLS,20090826,2.68,2.8,2.6,2.72,873600
ACOR,20090826,21.92,22.77,21.87,22.59,564200
ACPW,20090826,3.8,3.9,3.7,3.7,106000
ACTG,20090826,9.3,9.4,9.1,9.31,128500
ACTS,20090826,2.35,2.38,2.3,2.32,66600
ACUR,20090826,6.25,6.25,5.9,5.97,15700
ACWI,20090826,39.01,39.2,38.84,39.18,78400
ACWX,20090826,38,38.11,37.74,38.04,27700
ACXM,20090826,9.8,9.86,9.57,9.63,721600
ADBE,20090826,32.52,32.76,32.15,32.51,4054700
ADES,20090826,2.09,2.15,2.065,2.125,44500
ADI,20090826,28.4,28.78,28.34,28.64,4009600
ADP,20090826,34.6707,34.6707,33.7665,33.9068,3671000
ADRA,20090826,24.4,24.5,24.35,24.4,6600
ADRD,20090826,20.44,20.5,20.42,20.46,3400
ADRE,20090826,38.64,38.75,38.34,38.62,136600
ADRU,20090826,20.12,20.15,20.12,20.15,500
ADSK,20090826,24.21,24.59,23.98,24.19,2608100
ADTN,20090826,23.62,23.83,23.34,23.4,389800
AEHR,20090826,0.81,0.83,0.81,0.82,21100
AEIS,20090826,11.03,11.29,10.99,11.08,104200
AEPI,20090826,38.98,39.13,38.33,39.07,21100
AETI,20090826,2.09,2.09,1.96,2.09,1600
AEY,20090826,1.95,1.96,1.87,1.87,14600
AEZS,20090826,558,570,540,552,1111900
AFAM,20090826,28.27,28.95,28.05,28.23,110900
AFSI,20090826,6.385,6.43,6.34,6.405,107600
AGEN,20090826,2.1,2.26,2.05,2.17,5129700
AGII,20090826,35.52,35.7,35.22,35.65,95400
AGNC,20090826,25.97,26.1,25.5,26.06,359200
AGYS,20090826,6.93,6.98,6.66,6.86,59200
AHGP,20090826,20.42,20.71,19.96,20.46,19700
AHPI,20090826,4.25,4.25,4.25,4.25,0
AIMC,20090826,10.27,10.39,9.71,9.83,91400
AINV,20090826,9.26,9.26,9.01,9.22,2387500
AIRM,20090826,11.55,11.6333,11.2967,11.42,71800
AIRT,20090826,8.89,8.99,8.86,8.86,3800
AIXG,20090826,21.94,22.14,21.4,21.86,341600
AKAM,20090826,17.8,18.2,17.7,18.1,4648000
AKRX,20090826,1.41,1.41,1.36,1.37,368400
ALCO,20090826,31.41,31.95,31.1,31.59,8400
ALGN,20090826,13.71,14,13.31,13.78,345000
ALGT,20090826,39.89,40.07,39.18,39.72,134800
ALKS,20090826,10.34,10.51,10.24,10.37,308800
ALLT,20090826,4.15,4.22,4.05,4.05,30700
ALNY,20090826,24.41,24.61,23.66,23.91,238800
ALOG,20090826,37.27,37.42,36.68,36.84,42200
ALOT,20090826,5.9,5.91,5.9,5.91,500
ALSK,20090826,8.07,8.19,8,8.18,210900
ALXN,20090826,22.47,22.6,22.305,22.49,409700
AMAG,20090826,42.26,44.02,42.08,42.28,333700
AMAT,20090826,13.23,13.43,13.16,13.32,23750200
AMCC,20090826,7.72,7.9,7.62,7.69,393900
AMCN,20090826,6.88,7.05,6.61,6.98,128400
AMD,20090826,4.03,4.08,4,4.06,20686100
AMED,20090826,44.45,44.77,43.77,44.36,628500
AMGN,20090826,60.45,61.79,60.02,61.24,6176700
AMKR,20090826,5.61,5.89,5.61,5.72,2208600
AMNB,20090826,22.69,22.78,22.44,22.54,11400
AMOT,20090826,1.99,2.01,1.99,2.01,25100
AMOV,20090826,23.58,23.58,23.45,23.455,2300
AMPH,20090826,23.17,23.51,23,23.25,17300
AMRB,20090826,8.3,8.33,7.9,8.24,2200
AMRI,20090826,8.37,8.48,8.15,8.23,84200
AMRN,20090826,1.19,1.24,1.18,1.24,1800
AMSC,20090826,331.2,342.6,330.5,339.8,870200
AMSF,20090826,17.08,17.4,16.79,17.19,75600
AMSG,20090826,20.96,21.25,20.9,21.17,116800
AMSWA,20090826,6.44,6.56,6.35,6.45,38400
AMTD,20090826,18.54,18.56,18.05,18.13,3758000
AMWD,20090826,21.76,22.63,21.74,22.17,209900
AMZN,20090826,84.1,84.76,83.38,84,3613700
ANAT,20090826,87.28,87.63,85.26,86.81,30300
ANCX,20090826,6.4,6.4,6.2,6.3,4400
ANDE,20090826,20.2533,20.52,19.7733,19.8933,349000
ANGO,20090826,13.24,13.52,13,13.16,69900
ANIK,20090826,6,6.32,6,6.27,126300
ANSS,20090826,35.9,36.5,35.77,36.23,469100
APEI,20090826,34.52,35.05,34.29,34.69,198600
APOG,20090826,14.62,14.69,14.1,14.17,93300
APOL,20090826,65.69,67.18,65.66,66.3,1699500
APPY,20090826,109.44,111.36,105.6,108.96,177700
ARAY,20090826,6.6,6.68,6.39,6.46,490400
ARCC,20090826,9.34,9.43,9.26,9.41,749200
ARCI,20090826,2.64,2.95,2.49,2.8,194700
ARCW,20090826,0.88,0.88,0.76,0.808,13500
AREX,20090826,7.57,7.67,7.46,7.65,53600
ARIA,20090826,2.19,2.26,2.13,2.21,3424000
ARII,20090826,10.32,10.4,10.16,10.31,81500
ARKR,20090826,13.91,14.12,13.85,13.86,6700
ARLP,20090826,17.175,17.2,16.825,16.95,135600
ARNA,20090826,4.9,4.97,4.75,4.95,2911000
AROW,20090826,28.43,28.86,27.67,28.37,14100
ARQL,20090826,5.9,5.93,5.82,5.83,108500
ARRS,20090826,13.64,13.68,13.38,13.43,1125900
ARRY,20090826,4.29,4.29,4.12,4.28,165300
ARTNA,20090826,17.27,17.45,16.77,17.2,66400
ARTW,20090826,4.9,5.3,4.9,5.14,5400
ARTX,20090826,1.6,1.73,1.55,1.67,54600
ARWR,20090826,0.49,0.49,0.45,0.46,136900
ASCMA,20090826,26.27,26.27,25.32,25.88,85900
ASFI,20090826,8.99,9.24,8.89,9.14,78500
ASML,20090826,27.14,27.62,27.05,27.49,3136400
ASPS,20090826,14.59,14.6,14,14.2,189700
ASRV,20090826,1.83,1.83,1.7,1.74,1100
ASRVP,20090826,20.54,20.59,20.54,20.59,300
ASTC,20090826,1.25,1.25,1.21,1.25,6100
ASTE,20090826,27.13,27.63,26.8,27.16,120800
ASUR,20090826,0.1133,0.1533,0.1133,0.14,225300
ASYS,20090826,5,5.17,4.97,5.03,16600
ATAI,20090826,6.99,7.44,6.75,7.43,9400
ATAX,20090826,5.58,5.8,5.55,5.8,29100
ATEC,20090826,54.72,55.32,53.52,54.84,58000
ATHN,20090826,39.92,40.28,39.72,40.17,411000
ATHX,20090826,1.01,1.01,0.99,0.99,9000
ATLO,20090826,25.11,26.1,24.86,26.08,17900
ATNI,20090826,46.54,48.01,45.02,47.42,112600
ATRC,20090826,3.89,3.97,3.59,3.88,60500
ATRI,20090826,134.46,136.97,134.46,136.97,4400
ATRO,20090826,8.3833,8.5083,7.925,8.3333,50700
ATSG,20090826,3.08,3.16,3.05,3.1,219200
ATVI,20090826,11.81,11.84,11.59,11.77,19103500
AUBN,20090826,24.46,24.99,23.92,24.99,3500
AUDC,20090826,1.99,1.99,1.94,1.94,26800
AVAV,20090826,28.54,28.76,27.9,27.98,77000
AVGO,20090826,17.69,17.85,17.15,17.85,708500
AVID,20090826,13.25,13.39,13.05,13.33,73900
AWRE,20090826,2.68,2.71,2.42,2.71,9800
AXAS,20090826,1.26,1.26,1.2,1.24,222500
AXTI,20090826,1.89,1.89,1.8,1.83,81300
AZPN,20090826,10.25,10.25,10,10.25,29900
BABY,20090826,14.7,14.98,14.61,14.68,118600
BANF,20090826,36.56,37.55,36.55,37.29,25500
BANFP,20090826,25.01,25.01,25,25,1800
BANR,20090826,26.74,26.88,25.48,25.9,98500
BASI,20090826,0.89,0.92,0.87,0.92,5900
BBBY,20090826,36.88,38.23,36.67,37.46,5799800
BBGI,20090826,3.98,3.98,3.47,3.56,2600
BBOX,20090826,25.1,25.5,25.05,25.38,118100
BBRY,20090826,75.1,76.1,74.25,74.83,7898800
BBSI,20090826,10.71,10.8,10.62,10.75,20400
BCBP,20090826,8.46,8.67,7.61,7.71,2400
BCPC,20090826,16.9467,17.0333,16.7867,16.9133,28800
BCRX,20090826,12.37,13.18,12,12.8,4339500
BDGE,20090826,27.35,27.6,27,27.37,10000
BDSI,20090826,5.03,5.18,5,5.13,267600
BEAT,20090826,6.78,8.5,6.73,8.4,5728700
BEAV,20090826,17.78,17.79,17.36,17.63,761800
BEBE,20090826,7.75,7.85,7.5,7.74,473900
BECN,20090826,16.86,17.19,16.57,16.85,152100
BELFA,20090826,16.27,16.9,16.27,16.87,600
BELFB,20090826,17.96,18.19,17.76,17.96,13500
BFIN,20090826,10.24,10.25,10.04,10.25,28100
BGCP,20090826,4.59,4.65,4.47,4.53,149600
BGFV,20090826,15.48,15.9,15.22,15.72,167500
BIDU,20090826,34.655,34.812,34.004,34.372,1054000
BIIB,20090826,49.59,50,49.42,49.92,1920400
BIOC,20090826,11.1,11.1,10.71,11.1,1900
BIOS,20090826,6.21,6.3,6.11,6.14,249500
BJRI,20090826,17.13,17.66,17.13,17.54,172600
BKCC,20090826,8.5,8.5,7.95,8.48,62000
BKMU,20090826,9.19,9.38,8.9,9.11,145200
BKSC,20090826,12.61,12.96,12.61,12.96,1600
BLDP,20090826,1.79,1.8,1.73,1.73,80400
BLDR,20090826,7.95,8.25,7.95,8.25,144500
BLKB,20090826,19.87,20.06,19.58,19.91,201900
BMRC,20090826,32.53,32.76,32.28,32.71,4000
BMRN,20090826,15.71,16.04,15.59,15.97,1010300
BMTC,20090826,18.07,18.15,17.98,18.12,9100
BNCL,20090826,9.03,9.29,9,9.1,76100
BNCN,20090826,7.75,7.75,7.75,7.75,0
BNSO,20090826,1.25,1.25,1.25,1.25,0
BOBE,20090826,27.8,28.28,27.74,27.99,261100
BOCH,20090826,5.98,6,5.55,5.55,300
BOFI,20090826,1.7225,1.76,1.715,1.76,3700
BOKF,20090826,45.4,46.7,44.86,45.66,167800
BONT,20090826,4.91,6.36,4.83,5.9,565400
BOOM,20090826,16.92,17.12,16.55,16.91,115100
BOSC,20090826,1.6,2.24,1.48,1.96,218500
BPFH,20090826,5.13,5.5,5.08,5.31,493800
BPOP,20090826,17.2,17.5,16.3,17,33572200
BPOPM,20090826,15.5,16,15.5,16,4700
BPOPN,20090826,16.4,16.75,16.19,16.75,6600
BRCD,20090826,7.61,7.72,7.26,7.48,19601200
BRID,20090826,9.02,9.02,8.27,8.27,7400
BRKL,20090826,10.89,11.19,10.84,10.89,293400
BRKR,20090826,10.27,10.27,9.8,10.06,347000
BRKS,20090826,7.1,7.14,6.87,6.99,123200
BSET,20090826,4.49,4.57,4.45,4.57,146300
BSQR,20090826,2.2,2.26,2.2,2.25,10400
BSRR,20090826,13.12,13.21,13,13.11,8800
BSTC,20090826,25.53,26.41,25.53,26.13,24900
BUSE,20090826,6.29,6.31,6.22,6.3,32600
BVSN,20090826,16.5,16.5,14.4,15.05,1300
BWEN,20090826,79.4,81,78.4,79.2,82000
BWINA,20090826,21.16,21.16,21.16,21.16,0
BWINB,20090826,21.77,22.08,21.53,22.08,18700
BWLD,20090826,39.84,41.69,39.57,41.63,1118900
BYFC,20090826,5.11,5.11,5.11,5.11,0
CA,20090826,22.8156,22.8356,22.457,22.7658,3590700
CAAS,20090826,8.58,8.6,8.31,8.45,72100
CAC,20090826,32.69,33.43,32.57,33.38,10100
CACB,20090826,1.36,1.38,1.28,1.28,152800
CACC,20090826,31.16,31.45,30.56,31.39,20300
CAKE,20090826,19.11,19.4,18.64,18.81,1584400
CALD,20090826,2.64,2.75,2.55,2.74,72200
CALI,20090826,22.74,22.74,22.74,22.74,100
CALM,20090826,14.985,15.06,14.7,14.78,145200
CAMP,20090826,2.16,2.2,2.1,2.15,32000
CAMT,20090826,0.87,0.95,0.87,0.95,6200
CART,20090826,7,7,7,7,0
CARV,20090826,6.2,6.94,6,6.94,500
CASH,20090826,22.49,22.49,22,22.45,1200
CASM,20090826,2.44,2.45,2.01,2.05,1315500
CASS,20090826,32.4,32.97,32.08,32.66,10000
CASY,20090826,27.69,28.61,27.69,28.38,386000
CATM,20090826,7.96,8.09,7.9,8.06,170300
CATY,20090826,9.65,10.03,9.62,9.7,681600
CAVM,20090826,20.51,20.99,20.3,20.58,599000
CBAK,20090826,15.7,15.75,15.25,15.45,83400
CBAN,20090826,6.49,6.49,6.05,6.05,700
CBLI,20090826,83.2,88.2,82.8,84.6,232600
CBMX,20090826,970.5,973.5,951,963,9800
CBMXW,20090826,17.3,17.3,17.3,17.3,100
CBRL,20090826,28.43,29.18,28.34,28.55,352900
CBSH,20090826,38.32,38.78,37.81,38.01,450000
CCBG,20090826,15.03,15.44,14.82,15.06,17900
CCMP,20090826,34.1,34.8,33.91,34.52,114500
CCNE,20090826,16.8,16.9,16.51,16.75,24500
CCOI,20090826,10.17,10.17,9.84,10.07,181700
CCRN,20090826,8.99,9.15,8.79,8.97,68200
CCUR,20090826,4.25,4.79,3.77,4.63,1078100
CDNS,20090826,5.9,6.04,5.87,5.94,1189600
CDTI,20090826,7.5,8.25,7.5,7.9,10900
CDZI,20090826,11.53,11.85,11.13,11.54,35500
CECE,20090826,3.46,3.46,3.4,3.43,31300
CECO,20090826,23.9,24.58,23.62,24.29,1040300
CELG,20090826,26.655,27.385,26.605,27.035,2721000
CENT,20090826,13.31,13.34,13,13.18,261800
CENTA,20090826,11.89,12.02,11.68,11.9,361100
CENX,20090826,11.17,11.24,10.75,11.06,3224200
CERN,20090826,16.035,16.1275,15.7475,15.995,526000
CERS,20090826,2.24,2.4,2.15,2.18,6037900
CETV,20090826,29.56,30.3,29.13,30.14,281500
CEVA,20090826,8.89,8.95,8.74,8.83,49000
CFBK,20090826,13.6,13.6,13.6,13.6,1100
CFFI,20090826,18,18,18,18,0
CFFN,20090826,33.81,33.9,33.4,33.56,118400
CFNB,20090826,12.31,12.7,12.11,12.7,2000
CFNL,20090826,7.61,7.82,7.55,7.71,281200
CGEN,20090826,2.35,2.5,2.35,2.45,36500
CGNX,20090826,8.145,8.225,8.125,8.165,83700
CHCI,20090826,0.61,0.98,0.6,0.76,3440900
CHCO,20090826,32.31,32.99,32.3,32.81,54700
CHDN,20090826,39.41,39.89,37.75,39.89,32500
CHFC,20090826,21.42,21.73,21.18,21.67,33000
CHFN,20090826,11.9023,11.9023,11.9023,11.9023,0
CHKE,20090826,21.5,21.8,21.01,21.19,72500
CHKP,20090826,28.29,28.39,28.04,28.18,1690400
CHNR,20090826,11.4,11.4,10.37,10.7,38000
CHRS,20090826,5.5,5.54,5.25,5.32,2252200
CHRW,20090826,57.05,58.15,57.05,57.35,1293800
CHSCP,20090826,27.25,27.25,27.22,27.25,4600
CIDM,20090826,10.5,10.6,10.3,10.3,6400
CINF,20090826,25.12,25.42,25.01,25.24,955600
CISG,20090826,19.42,19.42,17.42,17.9,423500
CIZN,20090826,26.18,27.45,26.18,27.39,9500
CKEC,20090826,10.25,10.45,10,10.41,47900
CLBH,20090826,3.84,3.84,3.83,3.83,300
CLCT,20090826,4.18,4.45,4.1,4.45,36200
CLDX,20090826,6.47,6.54,6.31,6.36,131700
CLFD,20090826,2.4,2.5,2.35,2.4,85000
CLMS,20090826,11.65,12,11.53,11.8,149100
CLMT,20090826,13.5,14.24,13.5,14.11,76000
CLNE,20090826,10.7,10.97,10.56,10.91,596900
CLRO,20090826,2.76,2.85,2.76,2.8,6300
CLSN,20090826,3.46,3.55,3.44,3.44,2600
CLUB,20090826,3.13,3.31,3.1,3.25,73000
CLWT,20090826,6.215,6.545,6.215,6.49,8900
CMCO,20090826,13.63,13.88,13.25,13.36,397300
CMCSA,20090826,15.2,15.35,15.06,15.14,23875600
CME,20090826,53.6,55.496,53.3,55.252,1067500
CMLS,20090826,12,12.32,11.68,11.92,42900
CMTL,20090826,34.34,34.89,34.24,34.45,147400
CNBKA,20090826,24.27,24.84,23.7,24.84,3400
CNMD,20090826,18.02,18.17,17.94,18.07,74400
CNOB,20090826,9.56,9.6,9.42,9.5,55500
CNSL,20090826,14.4,14.41,14.04,14.32,149600
CNTF,20090826,13.3,13.75,12.95,13.45,267900
CNTY,20090826,2.9,2.94,2.79,2.88,158500
COBZ,20090826,4.7,4.81,4.7,4.78,78100
COGT,20090826,10.6,10.62,10.36,10.41,393600
COHR,20090826,22.89,23.25,22.74,23.15,107600
COHU,20090826,12.36,12.69,12.18,12.34,82600
COKE,20090826,55.22,55.65,54.36,55.53,9300
COLB,20090826,15.3,15.4,15.06,15.3,200400
COLM,20090826,18.765,19.24,18.725,19.215,304700
CONN,20090826,12.88,13.18,12.66,13.18,169800
COOL,20090826,68.88,71.4,68.46,69.3,25500
CORE,20090826,7.375,7.475,7.375,7.4625,83500
CORT,20090826,1.04,1.07,1,1.07,3600
COST,20090826,49.87,50.36,49.54,50.23,5574800
COWN,20090826,6.67,6.71,6.55,6.7,24300
CPHC,20090826,7,7,7,7,0
CPIX,20090826,16.93,17,16.75,16.78,25100
CPLA,20090826,64.86,65.81,63.76,64.11,158500
CPLP,20090826,8.02,8.02,7.82,7.92,45400
CPRT,20090826,18.015,18.12,17.75,18.035,147600
CPRX,20090826,0.5,0.5,0.49,0.49,9100
CPSI,20090826,39.4,40,39.4,39.99,103000
CPSS,20090826,0.83,0.88,0.83,0.85,16600
CPST,20090826,27.6,28.4,25.6,26.2,13627900
CRAI,20090826,28.39,28.69,28.11,28.4,73700
CRAY,20090826,7.65,7.71,7.62,7.71,206400
CREE,20090826,36.04,36.87,36.04,36.63,1510300
CRESY,20090826,11.66,11.74,11.4,11.46,86800
CRIS,20090826,1.5,1.55,1.47,1.55,189900
CRME,20090826,21.45,22.35,21.45,22.25,1636100
CRMT,20090826,20.67,21.39,20.48,20.72,103900
CRNT,20090826,7.07,7.07,6.9,7.06,53700
CROX,20090826,6.87,6.92,6.54,6.59,2835000
CRUS,20090826,5.03,5.14,4.98,5.09,273600
CRVL,20090826,14.36,15,14.16,14.935,55400
CRWS,20090826,2.8,2.8,2.8,2.8,0
CRZO,20090826,21.39,21.39,20.67,20.93,486600
CSBK,20090826,10.77,10.83,10.49,10.69,15900
CSCO,20090826,21.91,22,21.81,21.93,33585000
CSFL,20090826,8.5,8.5,7.86,8.49,190100
CSGP,20090826,39.02,39.23,38.77,39.11,59800
CSGS,20090826,15.86,15.98,15.62,15.85,109300
CSII,20090826,8.96,8.99,8.78,8.86,18800
CSIQ,20090826,15.56,15.73,14.7,14.76,1967000
CSPI,20090826,3.61,3.61,3.61,3.61,0
CSTR,20090826,32.55,34.49,32.51,33.44,1365000
CSWC,20090826,19.3825,19.96,19.3825,19.955,4400
CSX,20090826,14.8133,14.8233,14.2833,14.35,7430700
CTAS,20090826,27.57,27.99,27.51,27.87,1025600
CTBI,20090826,27.38,28.15,27.25,27.69,42000
CTHR,20090826,0.96,0.96,0.36,0.42,10500
CTIB,20090826,2.22,2.22,2.13,2.13,300
CTIC,20090826,8.2,8.2,7.9,7.95,19233400
CTRN,20090826,23.84,23.91,23.26,23.78,202900
CTRP,20090826,12.615,12.8725,12.53,12.6275,752900
CTSH,20090826,17.705,17.975,17.425,17.5,5273800
CTWS,20090826,22.54,22.7,22.3,22.56,9000
CTXS,20090826,35.65,36.19,35.48,35.91,2027500
CUBA,20090826,6.3,6.32,6.26,6.28,5400
CUTR,20090826,8.86,9.02,8.85,9.01,39900
CVBF,20090826,7.48,7.72,7.36,7.51,1119100
CVCO,20090826,33.21,34.26,32.63,33.58,23400
CVCY,20090826,5.35,5.35,5.35,5.35,0
CVGI,20090826,4.6,4.87,4.33,4.82,212800
CVGW,20090826,18.2,18.55,18.17,18.28,199000
CVLT,20090826,18.81,19,18.7,18.89,165600
CVLY,20090826,6.5,6.95,6.45,6.95,1400
CVTI,20090826,4.33,4.5,4.15,4.4,14900
CVV,20090826,3.37,3.37,3.37,3.37,600
CWBC,20090826,2.65,2.65,2.62,2.65,500
CWCO,20090826,18.92,19.05,18.75,19,59300
CWST,20090826,3.08,3.08,2.85,2.88,109300
CYAN,20090826,2.43,2.44,2.4,2.41,6600
CYBE,20090826,6.05,6.26,6.04,6.26,2900
CYCC,20090826,82.32,84.84,81.48,81.48,76200
CYCCP,20090826,1.33,1.33,1.33,1.33,0
CYNO,20090826,11.34,11.7,11.33,11.43,67500
CYOU,20090826,37.62,38.39,37.29,38.33,265500
CYTK,20090826,17.76,18.6,17.76,18.42,467500
CYTR,20090826,6.93,7,6.58,6.79,688600
CYTX,20090826,48.3,48.6,46.65,48.15,99400
CYTXW,20090826,1.55,1.55,1.55,1.55,2600
CZFC,20090826,4.5,4.5,4.5,4.5,0
CZNC,20090826,20.39,20.69,19.91,20.17,33300
CZWI,20090826,5.05,5.05,5.05,5.05,0
DAIO,20090826,3.23,3.23,3.2,3.2,9400
DAKT,20090826,8.45,8.45,8.25,8.25,383100
DAVE,20090826,6,6.19,5.86,5.95,6500
DCOM,20090826,12.49,12.7,12.29,12.33,99400
DCTH,20090826,49.44,49.44,47.36,48.8,124000
DENN,20090826,2.62,2.62,2.57,2.61,429300
DEPO,20090826,3.26,3.26,3.1,3.23,201800
DEST,20090826,10.625,10.815,10.315,10.5,21100
DGAS,20090826,12.6,12.835,12.41,12.83,8400
DGICA,20090826,15.79,15.79,15.19,15.43,20800
DGICB,20090826,15.52,15.66,15.52,15.66,1900
DGII,20090826,9.1,9.19,8.98,9.04,240500
DGLY,20090826,2.55,2.55,2.45,2.45,36300
DHIL,20090826,53.65,54.28,53.65,54.28,1000
DIOD,20090826,20.92,21.2,20.7,20.81,172200
DISCA,20090826,26.67,26.86,26.31,26.84,1733500
DISCB,20090826,26.58,26.58,26.58,26.58,100
DISCK,20090826,12,12.135,11.905,12.1,667500
DISH,20090826,16.84,16.9,16.6,16.75,3372700
DJCO,20090826,55.04,55.04,55,55,300
DLTR,20090826,16.7334,17.13,16.57,16.71,5064000
DMLP,20090826,22.92,22.92,22.4,22.54,31400
DMRC,20090826,13.59,13.64,13.49,13.64,5300
DNBF,20090826,7.35,7.35,7.35,7.35,0
DORM,20090826,7.415,7.45,7.205,7.36,24500
DRAD,20090826,2.04,2.05,2,2.03,22900
DRAM,20090826,28.44,30.42,28.44,30.06,22000
DRRX,20090826,2.49,2.6,2.45,2.5,105900
DRYS,20090826,8640,8745,8490,8535,12947200
DSGX,20090826,4.23,4.25,4.2,4.24,5100
DSPG,20090826,8.99,9.13,8.74,9.04,50800
DSWL,20090826,3.93,4.19,3.86,4.08,21800
DTLK,20090826,3.45,3.57,3.41,3.45,5200
DTSI,20090826,27.7,28,26.96,27.17,52600
DVAX,20090826,15.6,16.4,15.5,16.1,240000
DWCH,20090826,1.6,2,1.6,1.99,134800
DWSN,20090826,25.5,25.7,25.01,25.69,81100
DXCM,20090826,8.27,8.29,8.07,8.2,751400
DXPE,20090826,10.75,10.97,10.64,10.79,61200
DXYN,20090826,3.16,3.5,3.03,3.21,17100
DYNT,20090826,4.3,4.3,3.75,4.3,8500
EBAY,20090826,9.3347,9.3979,9.1663,9.3768,16228400
EBIX,20090826,14.6333,14.8933,14.6333,14.8367,50600
EBSB,20090826,3.8358,3.9461,3.7868,3.9379,21700
EBTC,20090826,13.17,14.3,13.17,14.05,5500
ECOL,20090826,18.38,18.63,18.24,18.57,44900
ECPG,20090826,14.39,14.6,14.15,14.59,55900
EDAP,20090826,3.69,3.86,3.35,3.41,531400
EDGW,20090826,3.05,3.05,2.95,2.95,12100
EDUC,20090826,4.86,4.86,4.86,4.86,500
EEFT,20090826,23.47,23.63,23.01,23.47,140900
EEI,20090826,15.71,15.71,15.53,15.7,7300
EFII,20090826,11.08,11.17,10.76,10.96,190200
EFOI,20090826,1,1.07,0.98,1.04,47100
EFSC,20090826,12.07,12.15,11.84,12.1,25500
EFUT,20090826,8.09,8.28,8,8.03,12800
EGBN,20090826,9.57,9.68,9.28,9.5,11000
EGHT,20090826,1.1,1.15,0.88,0.92,3814700
EGLE,20090826,7128,7228.8,7084.8,7228.8,1469700
EGOV,20090826,7.93,7.97,7.73,7.76,106500
EHTH,20090826,18.32,18.65,18.28,18.3,164400
ELGX,20090826,4.7,4.74,4.59,4.74,129400
ELNK,20090826,8.6,8.67,8.52,8.67,844100
ELON,20090826,101.8,103,99,101,189000
ELOS,20090826,9.94,9.94,9.51,9.9,55100
ELSE,20090826,3.01,3.07,3.01,3.01,14800
ELTK,20090826,1.23,1.46,1.23,1.28,11800
EMCI,20090826,14.3533,14.56,14.12,14.4,8700
EMIF,20090826,27.46,27.52,27.1,27.11,8400
EMITF,20090826,1679.4,1710,1679.4,1685.4,3100
EMKR,20090826,4.44,4.6,4.32,4.56,739200
EMMS,20090826,3.04,3.32,3,3,397700
ENDP,20090826,22.35,22.54,22.01,22.47,3261700
ENG,20090826,4.6,4.93,4.52,4.92,216400
ENOC,20090826,28.37,28.47,27.82,28.17,115100
ENSG,20090826,7.5,7.5,7.35,7.45,59200
ENTG,20090826,3.83,3.93,3.72,3.92,596500
EPAY,20090826,11.97,12.24,11.92,12.03,103800
EQIX,20090826,86.55,86.55,83.66,84.95,691200
ERIC,20090826,9.39,9.39,9.25,9.36,4371900
ERIE,20090826,38.31,38.47,38.13,38.35,46900
ERII,20090826,5.29,5.3,5.11,5.27,522100
ESBK,20090826,16.7,16.86,16.67,16.8,700
ESCA,20090826,1.89,1.99,1.88,1.88,5600
ESEA,20090826,4.54,4.58,4.42,4.45,103100
ESGR,20090826,62.18,63.98,62.18,63.25,33100
ESIO,20090826,12.26,12.66,12.22,12.56,76800
ESLT,20090826,70.69,70.69,69.2,69.2,8900
ESMC,20090826,2.1,2.12,2.02,2.02,41500
ESRX,20090826,36.235,36.555,35.83,36.315,2852700
ESSA,20090826,13.57,13.57,13.36,13.5,20900
ETFC,20090826,13.5,14.2,13.4,14,59235000
ETRM,20090826,295.2,301.5,295.2,299.7,84700
EVBS,20090826,8.73,8.88,8.73,8.88,900
EVEP,20090826,21.32,21.71,21.1,21.65,181700
EVK,20090826,1.69,1.69,1.68,1.68,2600
EVOL,20090826,5.98,5.98,5.85,5.93,30600
EWBC,20090826,9.72,10.18,9.67,9.8,937700
EXAC,20090826,15.8,15.91,14.74,15.38,13700
EXAS,20090826,2.4,2.42,2.28,2.36,56500
EXEL,20090826,5.73,5.95,5.73,5.78,570000
EXFO,20090826,3.04,3.06,3.02,3.05,2100
EXLS,20090826,12.19,12.54,12.03,12.43,56000
EXPD,20090826,33.28,33.44,32.81,32.89,1169800
EXPE,20090826,22.86,23.42,22.67,22.86,2452800
EXPO,20090826,12.855,12.96,12.68,12.71,62500
EXTR,20090826,2.61,2.69,2.46,2.69,419900
EZPW,20090826,13.19,13.54,13.15,13.4,381600
FALC,20090826,5.2,5.2,5.03,5.15,154200
FARM,20090826,20.36,20.92,20.07,20.92,12900
FARO,20090826,17.27,17.27,16.9,17.16,51600
FAST,20090826,18.185,18.55,18.075,18.28,1118300
FBIZ,20090826,7.7,8.31,7.5,8.31,500
FBMS,20090826,7.07,7.07,7.07,7.07,100
FBNC,20090826,18.57,18.6,18.21,18.6,35900
FBSS,20090826,14.85,14.85,14.85,14.85,0
FCAP,20090826,17.7,17.7,16.81,16.83,3100
FCBC,20090826,12.95,13.13,12.81,13.11,88900
FCCO,20090826,6.8,6.8,6.76,6.76,900
FCCY,20090826,8,8,8,8,0
FCEL,20090826,45,46.68,45,45.72,291300
FCNCA,20090826,140.08,144.06,139.09,144.06,9300
FDEF,20090826,17.74,18.01,17.66,17.98,18700
FDML,20090826,13.16,13.38,12.76,13.1,144200
FEIM,20090826,3.1,3.19,3.09,3.19,4600
FELE,20090826,16.42,16.53,16.055,16.34,57600
FFBC,20090826,8.24,8.54,8.09,8.38,186700
FFHL,20090826,1.36,1.43,1.36,1.41,7800
FFIC,20090826,13.18,13.5,12.77,13.37,132500
FFIN,20090826,16.9,17.15,16.7434,16.9067,58500
FFIV,20090826,34.29,34.97,33.97,34.05,1257700
FFKT,20090826,19.31,19.89,19.11,19.87,15200
FFNW,20090826,7.32,7.45,7.26,7.43,49400
FHCO,20090826,7.57,7.67,7.35,7.65,407700
FINL,20090826,8.4,8.54,8.26,8.38,401300
FISI,20090826,13.31,13.51,13.01,13.22,18000
FISV,20090826,24.845,24.945,24.645,24.73,1007200
FITB,20090826,10.6,10.87,10.5,10.74,18050300
FIZZ,20090826,10.71,11.11,10.7,10.96,26300
FLEX,20090826,5.67,5.79,5.59,5.72,8002700
FLIC,20090826,19.8333,19.9933,19.4267,19.9933,15800
FLIR,20090826,22.77,23.05,22.51,22.97,974600
FLML,20090826,9.35,9.47,9.11,9.35,50700
FLWS,20090826,3.11,3.39,3.07,3.39,236400
FLXS,20090826,8.84,8.84,8.41,8.83,2300
FMBI,20090826,10.19,10.64,10.06,10.46,269300
FNLC,20090826,19.79,19.85,19.5,19.74,11800
FNSR,20090826,6.4,6.96,6.4,6.56,3033500
FOLD,20090826,10.24,10.56,9.93,10.19,13600
FONR,20090826,1.91,2.05,1.91,1.95,14400
FORD,20090826,1.75,1.75,1.69,1.7,28600
FORM,20090826,21.9,22.31,21.83,22.04,232300
FORR,20090826,23.52,23.68,23.27,23.5,43500
FORTY,20090826,8.92,8.92,8.68,8.68,2700
FOSL,20090826,24.37,25.62,24.37,25.09,620500
FRBK,20090826,6.5,6.8,6.29,6.7,10000
FRED,20090826,13.25,13.89,13.25,13.57,548100
FRME,20090826,6.97,7.14,6.87,7,107800
FRPT,20090826,5.22,5.42,5.18,5.42,1226100
FSBK,20090826,12.3,12.96,12.25,12.68,7900
FSFG,20090826,10.95,10.99,10.87,10.99,2000
FSLR,20090826,127.16,128.8,124.6,126.75,3452600
FSTR,20090826,30.86,31.35,30.56,30.93,75600
FTEK,20090826,10.14,10.38,10.11,10.32,101300
FUEL,20090826,0.41,0.44,0.39,0.4,399600
FULT,20090826,7.44,7.69,7.39,7.54,932500
FUNC,20090826,11.24,11.24,11.2,11.2,500
FUND,20090826,5.55,5.6,5.42,5.56,59800
FWRD,20090826,24.09,24.35,23.76,24.13,65800
GABC,20090826,17.15,17.22,16.86,17.14,15100
GAIA,20090826,5.82,5.95,5.69,5.9,41100
GAIN,20090826,5.03,5.25,4.89,5.25,60900
GALT,20090826,2.58,2.82,2.46,2.82,30000
GASS,20090826,5,5.01,4.95,5,21600
GBCI,20090826,15.08,15.68,15.03,15.46,319300
GBNK,20090826,8.8,9.3,8.7,9.2,80500
GCBC,20090826,7.25,7.25,7.25,7.25,0
GENC,20090826,4.8,4.8933,4.68,4.8667,23900
GENE,20090826,7.4,7.4,7.4,7.4,100
GERN,20090826,6.53,7.05,6.47,6.93,1982000
GFED,20090826,5.49,5.5,5.49,5.5,800
GFN,20090826,1.35,1.59,1.35,1.37,21000
GGAL,20090826,4.03,4.03,3.88,3.92,30500
GHDX,20090826,20.92,21.04,20.4,20.55,98100
GIFI,20090826,15.14,15.33,14.76,15.27,62100
GIGA,20090826,1.9,1.94,1.82,1.86,15000
GIGM,20090826,24.4,24.4,24,24.2,406500
GIII,20090826,7.185,7.285,7.075,7.22,139500
GILD,20090826,23.115,23.28,23.03,23.115,5009800
GILT,20090826,4.16,4.32,4.1,4.11,42600
GLAD,20090826,7.52,7.69,7.35,7.58,202600
GLBL,20090826,9.52,9.66,9.21,9.55,2042700
GLBZ,20090826,8.3,8.3,8.3,8.3,0
GLDD,20090826,6.78,6.9,6.65,6.79,425400
GLNG,20090826,10.1,10.24,10,10.07,110000
GLRE,20090826,18.38,18.71,18.38,18.57,108300
GLUU,20090826,0.9,0.9,0.85,0.86,49500
GNCMA,20090826,6.98,7.05,6.82,6.99,74400
GNTX,20090826,7.105,7.175,6.995,7.03,998700
GNVC,20090826,7.9,9,7.8,8.2,4964300
GOLD,20090826,56.7,56.83,55.78,56.59,992800
GOOD,20090826,13.5,13.77,13.31,13.62,18900
GOODO,20090826,17.3,17.3,17.3,17.3,0
GOODP,20090826,18.32,18.32,17.28,17.32,1700
GOOG,20090826,236.38,236.5,233.35,234,1988400
GPIC,20090826,6.25,6.25,5.87,5.87,3900
GPOR,20090826,7.68,7.83,7.51,7.7,174700
GPRE,20090826,7.93,8.03,7.9,8.03,53300
GPRO,20090826,39.47,39.7,39.13,39.56,740200
GRIF,20090826,32.19,32.21,31.37,31.93,6400
GRMN,20090826,30.94,32.75,30.79,31.84,6446100
GROW,20090826,11.92,12.12,11.81,11.97,57500
GRVY,20090826,18.4,18.4,17.2,17.6,179400
GSBC,20090826,21.3,22.14,21.3,22.09,29500
GSIT,20090826,3.93,3.97,3.76,3.95,32600
GSM,20090826,7.97,8.15,7.83,8.15,62200
GSOL,20090826,7.67,7.69,7.28,7.58,71000
GT,20090826,17.41,17.47,16.69,17,4297800
GTIM,20090826,1.4,1.4,1.4,1.4,500
GTLS,20090826,20.53,20.74,20,20.37,144100
GTXI,20090826,9.5,9.75,9.5,9.65,125100
GUID,20090826,4.25,4.26,4.11,4.15,27300
GULF,20090826,15.15,15.45,15.15,15.26,3800
GYRO,20090826,38,38,38,38,0
HA,20090826,7.23,7.45,7.08,7.41,724100
HAFC,20090826,1.7,1.72,1.65,1.65,185200
HAIN,20090826,8.275,8.695,8.25,8.33,1227300
HALL,20090826,7.28,7.36,7.14,7.24,41700
HALO,20090826,7.54,7.76,7.46,7.68,161200
HAS,20090826,27.72,28,27.55,27.83,2195000
HAWK,20090826,25.5,25.75,23.75,24.25,639600
HAYN,20090826,26.25,26.59,26,26.32,59400
HBAN,20090826,4.4,4.53,4.34,4.41,12137300
HBANP,20090826,870,880,840,840,700
HBCP,20090826,12.44,12.5,12.32,12.5,5100
HBHC,20090826,38.64,40.11,38.64,39.47,136700
HBIO,20090826,3.5,3.57,3.42,3.49,263000
HBNC,20090826,4.7052,4.7407,4.7022,4.7407,1800
HCCI,20090826,12.03,12.24,12,12.16,7300
HCKT,20090826,2.64,2.65,2.52,2.65,102300
HCSG,20090826,12.04,12.1267,11.88,11.96,170000
HDNG,20090826,5.42,5.42,5.21,5.23,22700
HDSN,20090826,1.19,1.24,1.17,1.17,14400
HEES,20090826,10.31,10.51,10.03,10.4,156300
HELE,20090826,21.8,22.41,21.64,22.38,181000
HEOP,20090826,7,7,7,7,200
HFBC,20090826,10,10,10,10,200
HFWA,20090826,13.76,13.77,13.5,13.77,2900
HIBB,20090826,17.04,17.6,17,17.6,515900
HIFS,20090826,31.54,31.64,31.5,31.5,500
HIHO,20090826,1.38,1.39,1.32,1.39,18600
HIMX,20090826,3.15,3.21,3.09,3.2,868700
HLIT,20090826,6.68,6.79,6.62,6.77,577700
HMNF,20090826,3.9,3.9,3.9,3.9,100
HMSY,20090826,13.0467,13.1167,12.82,12.88,160700
HOFT,20090826,13.66,13.66,13.29,13.62,33000
HOLI,20090826,6.62,6.71,6.49,6.67,16600
HOLX,20090826,16.42,16.42,16.08,16.22,4723600
HOMB,20090826,5.3375,5.4725,5.2875,5.3575,29600
HOVNP,20090826,4.3,4.78,4.26,4.51,39900
HSIC,20090826,52.53,53.21,52.32,52.52,320000
HSII,20090826,21,21.26,20.95,21.17,142200
HSKA,20090826,0.41,0.43,0.4,0.43,8700
HSNI,20090826,11.42,11.73,11.35,11.44,110100
HSTM,20090826,3.84,4.45,3.8,4.24,193900
HTBK,20090826,4.93,5,4.87,4.97,20000
HTLD,20090826,14.66,14.74,14.49,14.54,420700
HTLF,20090826,16.43,16.56,15.92,16.19,16100
HUBG,20090826,22.99,23.1,22.45,22.58,337300
HURC,20090826,19.73,20.19,19.73,20.15,20700
HURN,20090826,19.35,19.35,18.84,19.01,1649000
HWAY,20090826,13.57,13.95,13.47,13.56,73900
HWBK,20090826,10,10,10,10,0
HWCC,20090826,11.66,11.98,11.36,11.59,143900
HWKN,20090826,21.83,21.98,21.47,21.85,53300
HYGS,20090826,0.51,0.54,0.5,0.5,323800
IART,20090826,35.25,35.41,34.74,34.84,133500
IBB,20090826,78.87,79.9,78.64,79.3,978300
IBCP,20090826,1.82,1.98,1.76,1.9,56100
IBKC,20090826,48.48,50,48.37,49.03,153200
IBKR,20090826,19.04,19.21,18.81,19.21,237000
IBOC,20090826,15.21,15.44,14.91,15.21,336500
ICAD,20090826,1.73,1.87,1.73,1.84,370200
ICCC,20090826,2.64,2.94,2.64,2.75,300
ICFI,20090826,27.69,27.99,27.21,27.47,83400
ICLN,20090826,21.66,21.75,21.3,21.44,17300
ICLR,20090826,22.92,22.99,22.72,22.85,81800
ICON,20090826,17.42,17.69,17.25,17.43,663600
ICUI,20090826,37.98,38.46,37.98,38.31,48600
IDCC,20090826,21.6,21.84,20.92,21.25,870600
IDRA,20090826,7.59,7.71,7.25,7.67,23900
IDSA,20090826,5.3,5.4933,5.3,5.4,18800
IDSY,20090826,3.42,3.42,3.31,3.32,4400
IDTI,20090826,6.6,6.86,6.57,6.81,2979700
IDXX,20090826,25.63,26,25.46,25.53,245800
IESC,20090826,9.22,9.22,8.66,9,15900
IFEU,20090826,28.8,28.83,28.64,28.83,1500
IFGL,20090826,28.8,28.87,28.68,28.77,20400
IFON,20090826,1.79,1.83,1.77,1.79,23000
IGLD,20090826,9.45,9.74,9.45,9.69,36900
IGOV,20090826,104,104,103.4,104,7200
III,20090826,3.99,4.07,3.83,4.01,41300
IIIN,20090826,11.65,11.89,11.47,11.81,108000
IIJI,20090826,5.75,6.25,5.75,6.25,133000
IIN,20090826,3.34,3.34,3.2,3.33,1000
IIVI,20090826,12.17,13.165,11.94,13.065,510400
IKNX,20090826,6.83,6.83,6.83,6.83,0
ILMN,20090826,35.02,35.67,34.99,35.24,862200
IMGN,20090826,7.55,7.62,7.4,7.47,196900
IMKTA,20090826,16.75,16.99,16.42,16.99,23700
IMMR,20090826,4.16,4.23,4.14,4.23,102300
IMMU,20090826,4.24,4.32,4.13,4.26,665900
IMMY,20090826,6.5,6.5,6.5,6.5,0
IMOS,20090826,0.75,0.77,0.7,0.74,102100
INAP,20090826,2.98,3.05,2.93,3,86800
INCY,20090826,6.2,6.44,6.14,6.35,3393400
INDB,20090826,24.38,24.41,23.82,24.01,74000
INFI,20090826,7.41,7.79,7.41,7.73,89300
INFN,20090826,7.03,7.2,6.9,7.01,643000
ININ,20090826,17.52,17.86,17.52,17.75,102700
INOD,20090826,5.39,5.48,5.32,5.47,91800
INSM,20090826,0.92,0.94,0.9,0.94,1635400
INTC,20090826,19.21,19.49,19.13,19.43,61587500
INTG,20090826,8.92,8.92,8.92,8.92,0
INTU,20090826,28.49,28.63,28.08,28.2,4497000
INTX,20090826,4.56,4.82,4.48,4.75,41400
INWK,20090826,5.9,5.9,5.56,5.72,115900
IOSP,20090826,14.12,14.22,13.55,13.95,109400
IPAR,20090826,9.75,9.83,9.68,9.79,35200
IPAS,20090826,1.66,1.8,1.66,1.79,1164700
IPCC,20090826,44.5,44.5,43.35,44.12,47200
IPGP,20090826,12.4,12.49,12.1,12.41,122400
IPHS,20090826,19.95,20.2,19.85,20.19,165900
IPXL,20090826,7.92,8.1,7.73,8,211400
IRBT,20090826,12.76,12.76,12.13,12.3,80600
IRIX,20090826,2.37,2.38,2.34,2.35,7800
ISBC,20090826,3.5255,3.5686,3.5137,3.5373,338900
ISCA,20090826,28.44,28.76,28.25,28.43,107500
ISHG,20090826,104.05,104.05,104.02,104.02,2000
ISIG,20090826,3.79,3.79,3.5,3.74,10900
ISIL,20090826,14.02,14.17,13.89,14.1,1861300
ISLE,20090826,10.88,11.08,9.95,10.16,2454300
ISNS,20090826,11.02,11.25,11.02,11.15,7800
ISRG,20090826,231.5,233.08,227.77,228.75,315500
ISRL,20090826,156,156,156,156,900
ISSC,20090826,3.9,3.97,3.85,3.9,31200
ITIC,20090826,32,32,32,32,1000
ITRI,20090826,53.74,54.08,53.15,53.7,301100
ITRN,20090826,9.59,9.77,9.5,9.66,15700
IVAC,20090826,11.41,11.69,11.22,11.46,48800
IXYS,20090826,7.2,7.54,7.16,7.5,136400
JACK,20090826,21.24,21.53,21.06,21.27,493500
JAKK,20090826,13.08,13.15,12.9,13.08,178800
JASO,20090826,18.95,19,17.35,17.65,12708400
JAZZ,20090826,7.15,7.44,7.01,7.14,1493400
JBHT,20090826,30.07,30.07,28.95,28.99,2268600
JBLU,20090826,5.71,5.94,5.64,5.74,9384800
JBSS,20090826,10.15,10.65,10.15,10.26,22100
JCOM,20090826,22.82,22.99,22.43,22.48,180300
JCS,20090826,12.4,12.4,11.93,12.34,17000
JCTCF,20090826,3.125,3.125,3.125,3.125,200
JJSF,20090826,43.83,44.52,43.83,44.16,46400
JKHY,20090826,23.49,23.54,23.11,23.23,545400
JMBA,20090826,5.45,5.65,5.3,5.45,305600
JOBS,20090826,6.67,6.87,6.59,6.775,21100
JOUT,20090826,7.98,8.3,7.73,8.29,15100
JRJC,20090826,10.1,10.1,9.93,9.98,100700
JXSB,20090826,10.49,10.49,10.49,10.49,100
KALU,20090826,33.57,34.12,33.16,33.41,124400
KCAP,20090826,5.02,5.02,4.89,4.95,66600
KELYA,20090826,12.32,12.5,12.02,12.35,76700
KEQU,20090826,12.5,13.16,12.16,13.1,52200
KERX,20090826,1.43,1.43,1.36,1.43,1242100
KFFB,20090826,13.04,13.81,13.04,13.81,3000
KFRC,20090826,12.32,12.39,11.91,12.16,164900
KINS,20090826,2.45,2.45,2.45,2.45,0
KIRK,20090826,14,14.3,13.21,13.54,1585200
KLAC,20090826,31.33,32.09,31.21,31.78,4377200
KLIC,20090826,5.38,5.55,5.26,5.38,508800
KNDI,20090826,1.45,1.48,1.4,1.48,3100
KONA,20090826,3.73,3.73,3.69,3.69,400
KOOL,20090826,13.4,13.6,13,13.4,223200
KOPN,20090826,3.67,3.75,3.57,3.73,140800
KOSS,20090826,6.725,6.725,6.725,6.725,0
KRNY,20090826,11.04,11.11,10.8,11.11,41900
KTCC,20090826,2.06,2.14,2,2.14,23200
KTEC,20090826,11.31,11.39,11.3,11.3,9900
KTOS,20090826,0.87,0.87,0.76,0.82,234300
KVHI,20090826,7.8,7.8,7.49,7.67,25700
KZ,20090826,12.22,12.5,12.2,12.35,106300
LABL,20090826,14.75,14.88,14.57,14.7,13000
LAKE,20090826,8.89,8.92,8.78,8.92,3800
LAMR,20090826,24.68,24.96,24.21,24.37,1058600
LANC,20090826,50.97,51.64,50.56,51.02,430400
LARK,20090826,16.11,16.11,15.49,15.49,1300
LAWS,20090826,19.24,19.93,18.65,19.3,38700
LAYN,20090826,26.04,27.1,25.86,26.97,175500
LBAI,20090826,9.95,10.08,9.72,10.05,51100
LBIX,20090826,0.35,0.38,0.34,0.38,64800
LBTYA,20090826,11.3337,11.395,11.1395,11.2826,1069600
LBTYB,20090826,22.41,22.41,22.41,22.41,0
LBTYK,20090826,22.11,22.17,21.67,21.92,235500
LCUT,20090826,5.75,5.95,5.72,5.84,25300
LECO,20090826,21.715,23.075,21.715,22.925,235400
LFUS,20090826,25.15,25.54,24.92,25.3,78200
LGCY,20090826,15.93,15.99,15.04,15.34,149600
LGND,20090826,15.42,16.5,15.24,15.9,746400
LHCG,20090826,24.94,25.14,24.56,25.01,152800
LIFE,20090826,45.7,46.3,45.36,45.47,1129800
LINC,20090826,22.22,22.82,22.15,22.64,125400
LION,20090826,3.35,3.5,3.05,3.15,16800
LIOX,20090826,3.03,3.04,2.82,3,313000
LIVE,20090826,0.5267,0.5333,0.4867,0.52,9300
LJPC,20090826,0.2,0.27,0.19,0.27,21283900
LKFN,20090826,13.6667,13.82,13.6667,13.82,11500
LLNW,20090826,3.83,3.88,3.77,3.8,216800
LLTC,20090826,26.82,27.02,26.38,26.77,2877800
LMAT,20090826,3.54,3.55,3.43,3.5,17400
LMCA,20090826,6.2933,6.3333,6.15,6.2967,472300
LMIA,20090826,9.07,9.09,8.85,9.02,48900
LMNX,20090826,15.52,15.8,15.35,15.66,204800
LNCE,20090826,24.63,25.02,24.26,24.39,100200
LNDC,20090826,6.29,6.4,6.08,6.4,115400
LOAN,20090826,0.9,0.9,0.9,0.9,1500
LOGI,20090826,17.97,18.28,17.94,18.27,916200
LOGM,20090826,16.15,16.75,16.1,16.43,93400
LOPE,20090826,18.56,18.56,18.06,18.32,239100
LORL,20090826,22.73,23.14,22.48,23.03,18100
LPNT,20090826,25.55,25.92,25.24,25.42,552400
LPSN,20090826,4.32,4.36,4.21,4.28,71300
LPTH,20090826,2.12,2.74,2.12,2.5,74100
LQDT,20090826,10.87,11.1,10.64,11.01,83900
LRCX,20090826,29.5,30.79,29.5,30.67,2288100
LSBK,20090826,7.88,7.88,7.88,7.88,0
LSCC,20090826,2.53,2.55,2.43,2.55,509200
LSTR,20090826,36.93,37.35,36.09,36.4,884800
LTRX,20090826,0.46,0.48,0.44,0.45,82200
LULU,20090826,10.005,10.475,9.755,10,671400
LUNA,20090826,0.71,0.8,0.71,0.75,73900
LWAY,20090826,13.77,13.95,13.65,13.86,17700
LXRX,20090826,10.78,10.99,10.01,10.78,146200
LYTS,20090826,8.13,8.2,7.93,8.06,50500
MAGS,20090826,4.4,4.51,4.24,4.32,1500
MANH,20090826,4.61,4.6725,4.5475,4.6175,58000
MANT,20090826,53.41,54.45,53.07,53.67,113400
MARPS,20090826,15.74,15.74,15.74,15.74,200
MASI,20090826,25,25.51,24.68,25.44,277700
MAT,20090826,18.43,18.56,18.14,18.28,1645500
MATW,20090826,36.02,36.37,35.61,35.89,69600
MAYS,20090826,13.55,13.55,13.5,13.5,300
MBFI,20090826,14.13,14.92,14,14.54,209700
MBLX,20090826,64.74,66.84,63.48,65.76,105300
MBRG,20090826,13,13.29,13,13.29,1300
MBRX,20090826,0.47,0.47,0.44,0.44,83200
MBTF,20090826,2.19,2.21,2.18,2.18,7400
MBVT,20090826,23.94,24.85,23.81,24.84,5800
MBWM,20090826,4.46,4.64,4.46,4.59,5600
MCBC,20090826,2.46,2.47,2.43,2.46,19400
MCHP,20090826,26.21,26.51,26.13,26.45,3230600
MCHX,20090826,4.76,4.77,4.57,4.66,72900
MCRI,20090826,10.2,10.6,9.93,10.3,133900
MDCA,20090826,6.11,6.25,6.1,6.1,35900
MDCO,20090826,7.74,7.85,7.69,7.81,148500
MDM,20090826,1.54,1.54,1.5,1.5,4000
MDRX,20090826,16.03,16.25,15.96,16.01,344200
MDSO,20090826,8.59,8.675,8.15,8.15,84300
MELI,20090826,32.62,32.75,31.36,31.44,447500
MENT,20090826,8.98,9,8.82,8.93,991000
MEOH,20090826,16.74,17.42,16.63,17.32,438500
MERC,20090826,2.96,3.2,2.66,3.01,973000
MFNC,20090826,4.7,4.7,4.7,4.7,0
MFRI,20090826,6.49,6.55,6.45,6.45,6100
MFSF,20090826,7.51,7.51,7.5,7.51,400
MGEE,20090826,24.44,24.5933,24.26,24.5333,37400
MGIC,20090826,1.74,1.79,1.74,1.74,11100
MGLN,20090826,32.91,33.5,32.77,32.93,213400
MGPI,20090826,4.33,4.33,3.92,4.02,39000
MGRC,20090826,20.92,21.1,20.4,20.9,85700
MGYR,20090826,4.03,4.03,4.03,4.03,100
MHGC,20090826,5.19,5.25,5.03,5.09,52100
MHLD,20090826,7.72,7.72,7.58,7.62,444900
MIDD,20090826,16.64,16.8,16.38,16.7467,131100
MIND,20090826,5.35,5.35,5.19,5.21,13400
MINI,20090826,17.82,18.11,17.79,18.02,102800
MKSI,20090826,18.63,18.9,18.56,18.62,119200
MKTX,20090826,11.16,11.51,10.83,11.41,77900
MLAB,20090826,22.82,22.82,22.82,22.82,0
MLHR,20090826,16,16.43,15.21,16.2,225600
MLNK,20090826,7.25,7.4,7.25,7.4,107700
MLNX,20090826,14.45,14.69,14.31,14.42,220800
MLVF,20090826,9.75,9.75,9.75,9.75,0
MMLP,20090826,24.4,24.4,22.67,23.93,108500
MMSI,20090826,14.56,14.832,14.504,14.808,138800
MNDO,20090826,1.02,1.02,1.02,1.02,200
MNKD,20090826,7.9,8.02,7.69,7.89,356300
MNOV,20090826,6.15,6.47,6.02,6.31,14900
MNRO,20090826,17.1867,18.1533,17.12,17.8067,281000
MNST,20090826,5.3883,5.4533,5.3517,5.3967,1090700
MNTA,20090826,9.86,10.09,9.75,10.08,129100
MNTX,20090826,2,2.06,1.91,1.95,98800
MOCO,20090826,8.55,8.55,8.11,8.53,7200
MOFG,20090826,9.01,9.4,9,9.2,2700
MORN,20090826,44.1,44.72,43.92,44.41,62200
MOSY,20090826,2.34,2.44,2.25,2.25,15100
MPAA,20090826,5.13,5.4,5.1,5.1,36700
MPB,20090826,15.56,15.75,15.56,15.56,400
MPEL,20090826,5.92,6.21,5.84,6.21,5096300
MPET,20090826,1.07,1.07,1.04,1.06,131300
MPWR,20090826,22.93,23.43,22.88,23.35,197900
MRCY,20090826,10.16,10.25,9.92,10.08,50500
MRLN,20090826,7.8,8.05,7.8,7.97,3700
MRTN,20090826,11.6,11.68,11.2133,11.34,277600
MRVL,20090826,14.13,14.44,14,14.4,11502600
MSBF,20090826,8.75,8.75,8.75,8.75,100
MSCC,20090826,13.95,14.41,13.95,14.37,832700
MSEX,20090826,15.18,15.38,15.15,15.36,19600
MSFG,20090826,6.7,6.86,6.7,6.8,34700
MSFT,20090826,24.59,24.75,24.42,24.55,41079000
MSON,20090826,2.19,2.48,2.12,2.27,17100
MSTR,20090826,61.93,62.98,61.93,62.97,47400
MTEX,20090826,38,38.7,36.5,38.1,87500
MTRX,20090826,11.27,11.6,11.03,11.41,192200
MTSC,20090826,26.83,27,26.65,26.94,54800
MTSI,20090826,5.7,5.71,5.65,5.65,44300
MTSL,20090826,0.7,0.7,0.7,0.7,0
MU,20090826,7.18,7.26,7.15,7.25,16188000
MVIS,20090826,28.08,28.48,27.52,27.84,347600
MXIM,20090826,18.45,18.71,18.31,18.45,2502700
MXWL,20090826,13.79,13.93,13.5,13.73,81800
MYGN,20090826,28.74,30.91,28.6,30.89,8840600
MYL,20090826,14.5,14.75,14.35,14.54,6522200
MYRG,20090826,20.99,21.22,20.53,20.69,88100
NAII,20090826,6.45,6.45,6.45,6.45,0
NANO,20090826,5.95,6.01,5.85,5.93,262400
NATH,20090826,13.47,13.48,12.9,13.17,92500
NATI,20090826,17.4267,17.54,17.2867,17.4067,97900
NAVG,20090826,51.28,52.5,51.17,52.26,44400
NAVI,20090826,1.88,1.93,1.85,1.92,135900
NBIX,20090826,3.14,3.18,3.05,3.09,102500
NBN,20090826,9,9,9,9,300
NBTB,20090826,23.17,23.51,23.11,23.31,86000
NCIT,20090826,30.32,30.77,30.32,30.5,35500
NCMI,20090826,15.6,15.74,14.96,15.32,188200
NCTY,20090826,8.57,8.69,8.51,8.55,83800
NDAQ,20090826,21.13,21.15,20.76,21.1,2147500
NDSN,20090826,27.265,27.71,26.965,27.63,239400
NEOG,20090826,13.0711,13.1555,12.8089,13.1111,23600
NEPT,20090826,2.11,2.11,2,2.01,2900
NEWS,20090826,2.45,2.52,2.41,2.52,76300
NEWT,20090826,2.4,2.55,2.35,2.55,49600
NFBK,20090826,12.48,12.65,12.48,12.63,29500
NFLX,20090826,6.3314,6.3943,6.2543,6.2814,811400
NICE,20090826,29.57,29.65,28.63,28.88,148200
NICK,20090826,7,7,6.4,6.63,800
NIHD,20090826,23.03,23.23,22.64,23.1,1655700
NILE,20090826,56.5,58.97,56.08,57.09,194200
NKSH,20090826,25.47,25.82,24.44,25.64,12000
NKTR,20090826,7.87,8.17,7.76,8.05,1395900
NLST,20090826,0.68,0.68,0.56,0.58,355000
NMRX,20090826,4.91,4.91,4.91,4.91,0
NNBR,20090826,3.51,3.51,3.25,3.4,64100
NOVN,20090826,16.47,16.5,16.47,16.47,592400
NRIM,20090826,14.91,15.32,14.9,15.32,9300
NSEC,20090826,8.5,8.5,8.5,8.5,100
NSIT,20090826,12.37,12.45,12.14,12.38,190000
NSSC,20090826,1.35,1.45,1.3,1.45,34600
NSYS,20090826,2.69,2.69,2.69,2.69,400
NTAP,20090826,22.15,22.35,21.82,22.24,5089400
NTCT,20090826,11.45,11.45,11.14,11.38,197500
NTES,20090826,42.47,42.98,42.25,42.82,1211400
NTGR,20090826,16.82,16.96,16.59,16.75,182800
NTIC,20090826,9.25,9.25,9.25,9.25,700
NTRI,20090826,14.49,14.69,14.35,14.43,259900
NTRS,20090826,59.71,60.03,58.81,59.86,2110900
NTWK,20090826,9.9,10.2,9.7,10.1,134600
NUAN,20090826,12.69,12.75,12.47,12.54,4294300
NURO,20090826,45.6,45.6,45.6,45.6,7600
NUTR,20090826,11.62,12.28,11.61,12.28,21100
NUVA,20090826,41.1,41.33,39.71,40.39,732800
NVAX,20090826,5.08,5.95,5.01,5.9,23237100
NVDA,20090826,13.63,13.85,13.58,13.82,10858000
NVEC,20090826,56.2,56.86,54.67,55.32,48300
NVGN,20090826,2.85,2.92,2.85,2.87,6900
NVLS,20090826,18.56,19.02,18.28,18.96,8202600
NVMI,20090826,1.42,1.55,1.4,1.46,132200
NWFL,20090826,32.5,33.24,32.47,33.15,6000
NWLI,20090826,177.7,177.7,172.38,174.38,1900
NWPX,20090826,36.17,36.48,34.12,35.21,92500
NWS,20090826,12.89,13.02,12.7,12.93,2247400
NWSA,20090826,10.99,11.16,10.84,11.07,13360000
NXST,20090826,2.67,2.99,2.5,2.69,446500
NXTM,20090826,6.39,6.88,6.25,6.79,85000
NYMT,20090826,5.98,6.18,5.98,6.18,12400
NYMX,20090826,4.11,7.07,4.08,5.18,2491600
NYNY,20090826,16.25,16.25,15,15.7,248000
OBAS,20090826,6.05,6.15,6,6.15,19900
OBCI,20090826,0.84,0.88,0.82,0.82,9800
OCFC,20090826,13.46,13.95,13.34,13.83,22600
OCLR,20090826,4.15,4.25,4,4.1,1224200
OCLS,20090826,76.3,79.1,75.25,76.3,149700
ODFL,20090826,16.9289,17.2222,16.64,16.7378,382800
OESX,20090826,3.14,3.15,3.11,3.15,45500
OFIX,20090826,27.97,28.14,27.63,28.14,65300
OFLX,20090826,17.81,18.25,17.22,18.25,6700
OGXI,20090826,32.22,33.15,31.62,33.08,110000
OIIM,20090826,4.96,5.23,4.9,5.14,340800
OKSB,20090826,13.53,13.54,12.91,13.41,34400
OLBK,20090826,6.22,6.3,6.18,6.2,5600
OMAB,20090826,11.98,11.98,11.8,11.86,5200
OMCL,20090826,11.65,11.8,11.51,11.68,84900
OMEX,20090826,25.2,25.68,24.12,24.84,220200
ONEQ,20090826,79.94,80.17,79.6,79.88,3100
ONVI,20090826,5.64,5.99,5.25,5.99,20700
OPHC,20090826,140,140,140,140,0
OPOF,20090826,17.4,18,17.4,17.67,2600
OPTT,20090826,45,45,43.5,43.5,68100
OPXA,20090826,5.8,6.32,5.4,5.88,420100
OPXAW,20090826,0.31,0.35,0.31,0.33,2600
ORBC,20090826,2.23,2.3,2.17,2.26,114100
ORBK,20090826,9.61,9.81,9.41,9.5,34400
OREX,20090826,83,83.9,80.3,81.6,499800
ORIT,20090826,14.03,14.25,13.56,14.24,17600
ORLY,20090826,38.53,39.05,38.21,38.6,1893800
ORRF,20090826,37.18,37.6,36.9,37.6,3200
OSBC,20090826,5.8,5.87,5.75,5.87,18200
OSBCP,20090826,6.25,6.35,6.25,6.25,1200
OSHC,20090826,7.55,7.55,7.55,7.55,0
OSIR,20090826,14.15,14.69,14.15,14.49,818700
OSIS,20090826,19.98,20.56,19.9,20.28,120300
OSTK,20090826,12.85,13.15,12.51,12.83,64300
OSUR,20090826,2.58,2.67,2.57,2.67,369200
OTEX,20090826,17.7,17.84,17.425,17.725,473400
OTIV,20090826,1.26,1.26,1.19,1.19,17800
OTTR,20090826,24.8,24.88,24.4,24.67,84400
OVBC,20090826,29.49,29.49,29,29.35,10900
OVLY,20090826,4.41,4.41,4.35,4.35,1100
OZRK,20090826,6.1375,6.3025,6.0825,6.17,49300
PAAS,20090826,19.51,19.54,18.95,19.14,715600
PACW,20090826,18,18.38,17.95,18.32,2259800
PAGG,20090826,23.66,23.66,23.25,23.49,3700
PANL,20090826,11.25,11.64,11.16,11.5,104500
PATK,20090826,1.5333,1.7267,1.5333,1.7267,19900
PAYX,20090826,28.3,28.41,28.06,28.28,3180600
PBCT,20090826,16.2,16.43,16.14,16.24,2622300
PBHC,20090826,6.45,6.45,6.45,6.45,0
PBIB,20090826,17.89,18,17.38,17.97,3300
PBIP,20090826,11.66,11.7,11.66,11.7,2100
PCAR,20090826,37.38,37.6,36.57,36.9,2290200
PCBK,20090826,10.77,10.85,10.46,10.73,10900
PCLN,20090826,152.09,153.96,149.6,151.11,630500
PCTI,20090826,6.02,6.19,5.85,5.92,59000
PCYO,20090826,2.97,3.3,2.92,3.3,29000
PDCO,20090826,27.62,27.8,27.29,27.42,840300
PDEX,20090826,0.5,0.5,0.5,0.5,0
PDFS,20090826,2.68,2.68,2.63,2.65,20300
PDLI,20090826,9.25,9.32,9.09,9.22,2961300
PEBK,20090826,6.5,6.5,6.4,6.4,900
PEBO,20090826,16.92,16.92,16.67,16.82,10300
PEGA,20090826,16.5,16.5,16.2,16.395,342000
PEIX,20090826,8.1,8.4,6.9,7.5,1040900
PENN,20090826,31.79,31.79,30.65,30.79,503300
PERF,20090826,2.23,2.23,2.23,2.23,0
PERY,20090826,12.6,13.17,12.52,12.99,174900
PESI,20090826,12.85,12.85,12.25,12.6,67300
PETS,20090826,18.04,18.39,18,18.33,315500
PFBC,20090826,3.18,3.35,3.18,3.3,14400
PFBI,20090826,7.16,7.16,7.16,7.16,100
PFBX,20090826,19.14,19.39,19.07,19.18,3100
PFIN,20090826,1.7,1.8,1.7,1.72,5700
PFSW,20090826,1.65,1.73,1.65,1.67,15100
PGC,20090826,17.6,18.16,17.43,17.8,14000
PGNX,20090826,5.42,5.55,5.31,5.51,51200
PGTI,20090826,2.89,2.89,2.8,2.82,18200
PHII,20090826,20.77,20.78,20.58,20.74,4200
PHIIK,20090826,19.99,20.61,19.8,20.6,26400
PHMD,20090826,4,4,3.9,3.9,43900
PICO,20090826,32.63,32.63,31.86,32.4,80300
PKBK,20090826,9.64,9.64,9.64,9.64,0
PKOH,20090826,8.76,8.92,8.51,8.76,51800
PLAB,20090826,4.73,4.84,4.7,4.76,270200
PLBC,20090826,3.99,3.99,3.8,3.8,600
PLCE,20090826,31,31.64,30.75,31.23,583600
PLPC,20090826,38.35,38.7,38.07,38.07,3800
PLUG,20090826,0.71,0.74,0.71,0.72,413600
PLUS,20090826,15.8,16.67,15.8,16.27,8300
PLXS,20090826,26.14,26.41,25.73,26.02,122500
PMBC,20090826,3.3,3.3,3.3,3.3,0
PMD,20090826,6.71,6.87,6.68,6.76,2300
PNBK,20090826,24.4,38.9,22.5,32.9,67900
PNFP,20090826,15.14,16.03,15.07,15.63,168200
PNNT,20090826,9,9.02,8.88,8.96,64800
PNQI,20090826,21.25,21.41,21.25,21.41,700
PNRA,20090826,53.52,54.06,53,53.75,552700
PNRG,20090826,27.91,28.29,27.2,27.76,1500
PNTR,20090826,4.1,4.1,4.1,4.1,0
PODD,20090826,9.47,9.51,9.34,9.5,212300
POOL,20090826,22.95,23.4,22.83,23.32,383100
POPE,20090826,23.45,23.76,23.25,23.36,1400
POWI,20090826,32.65,33.06,32.16,32.47,217500
POWL,20090826,37.94,38.41,37.74,38.37,48500
PPBI,20090826,4.63,4.63,4.63,4.63,500
PPHM,20090826,0.71,0.78,0.71,0.75,2122600
PRAA,20090826,15.25,15.3333,14.9167,15.3333,67600
PRAN,20090826,11.82,12,11.82,12,13400
PRCP,20090826,4.37,4.59,4.3,4.5,6100
PRFT,20090826,7.92,8,7.7,7.87,112500
PRFZ,20090826,46.52,46.88,46.3,46.73,15800
PRGS,20090826,15.2933,15.4467,15.2333,15.3133,83100
PRGX,20090826,5.31,5.36,5.19,5.26,23000
PRIM,20090826,7.12,7.24,7.05,7.09,54800
PRKR,20090826,31.1,32.5,30.6,32.5,39900
PROV,20090826,8.1,8.46,7.7,8.05,17400
PRSC,20090826,11.36,11.5,11.36,11.5,151800
PRTS,20090826,5.7,5.71,5.46,5.57,31300
PRXL,20090826,13.69,13.72,13.4,13.48,440600
PSAU,20090826,32.3,32.3,31.4,32.03,2700
PSDV,20090826,2.26,2.5,2.26,2.32,30300
PSEC,20090826,10.21,10.4,10.17,10.4,833300
PSMT,20090826,17.97,18.15,17.89,18.04,159200
PSTI,20090826,1.35,1.42,1.33,1.39,107000
PTEN,20090826,14.28,14.33,13.88,13.98,4865600
PTIE,20090826,5.26,5.46,5.21,5.34,126800
PTNR,20090826,18.45,18.53,18.32,18.42,71000
PTSI,20090826,7.63,7.63,7.39,7.62,4600
PVTB,20090826,25.66,26.18,25.23,25.28,228300
PVTBP,20090826,24.53,24.78,24.53,24.78,2400
PWOD,20090826,32.11,32.53,31.5,32.53,3800
PXLW,20090826,2.48,2.88,2.4,2.87,304500
PZZA,20090826,11.985,12.25,11.96,12.165,134900
QABA,20090826,22.28,22.28,21.88,21.88,1600
QBAK,20090826,12.72,13.02,12.36,12.84,8700
QCLN,20090826,14.41,14.48,14.31,14.44,18100
QCOM,20090826,46.99,47.78,46.76,47.53,14480300
QCRH,20090826,10.29,10.29,9.77,10.02,6800
QDEL,20090826,16.39,16.55,16.17,16.4,235700
QGEN,20090826,20.46,20.62,20.39,20.55,701300
QLTI,20090826,4.25,4.36,4.06,4.2,363200
QQEW,20090826,17.41,17.52,17.32,17.43,50200
QQQ,20090826,40.29,40.6,40.08,40.3,96407400
QQQX,20090826,14.24,14.5,13.9,13.99,120100
QQXT,20090826,16.17,16.18,16.03,16.07,4100
QSII,20090826,27.145,27.63,26.995,27.53,343800
QTEC,20090826,17.86,18.05,17.86,18.02,8800
QUIK,20090826,1.14,1.17,1.12,1.12,51400
RADA,20090826,5.94,6,5.7,5.98,21100
RAIL,20090826,20.19,20.19,19.53,20.02,103200
RAND,20090826,3.5,3.5,3.5,3.5,0
RAVN,20090826,15.335,15.675,14.79,15.175,54700
RBCAA,20090826,22.44,22.48,21.72,22.33,67000
RBCN,20090826,12.43,12.53,11.99,12.53,106100
RBPAA,20090826,1.5,1.67,1.5,1.6,4400
RCII,20090826,20.61,20.9,20.36,20.51,445000
RCKY,20090826,4.89,4.98,4.7,4.93,28100
RCMT,20090826,2.12,2.17,2.12,2.17,3900
RCON,20090826,6.52,6.7,6.52,6.6,26100
RDCM,20090826,0.67,0.72,0.67,0.72,300
RDI,20090826,4.02,4.22,3.88,4.22,20700
RDNT,20090826,2.24,2.55,2.24,2.43,123900
RDWR,20090826,5.105,5.375,5.1,5.315,85900
RECN,20090826,15.67,15.77,15.41,15.69,191200
REFR,20090826,3.51,3.52,3.47,3.48,10500
REGN,20090826,22.52,23.01,22.31,22.95,302100
REIS,20090826,4.96,5.5,4.95,5.49,3900
RELL,20090826,3.76,3.85,3.63,3.85,23300
RELV,20090826,24.36,26.88,23.45,26.67,53500
REXX,20090826,6.18,6.33,6,6.27,179400
RFIL,20090826,2.225,2.225,2.225,2.225,2100
RGCO,20090826,13.515,13.525,13.075,13.525,7200
RGEN,20090826,5.05,5.24,5.02,5.24,63200
RGLD,20090826,38.83,39.29,38.5,38.96,434600
RICK,20090826,8.02,8.12,7.92,7.99,48700
RIGL,20090826,7.93,8.17,7.83,7.95,368100
RLOG,20090826,2.9,2.9,2.9,2.9,0
RMBS,20090826,18.74,19.94,18.38,19.5,5408300
RMCF,20090826,7.96,8.25,7.85,7.9,14900
RMTI,20090826,8.4,8.42,8.2,8.27,28100
RNST,20090826,15.12,15.56,15.11,15.39,52600
RNWK,20090826,3.5,3.52,3.4,3.5,805100
ROCK,20090826,11.91,12.55,11.71,12.18,204400
ROIA,20090826,1.04,1.04,1.03,1.04,1000
ROIAK,20090826,0.77,0.77,0.73,0.73,177700
ROLL,20090826,22.29,22.61,22,22.57,69300
ROSG,20090826,49.5,49.5,45.3,45.6,7700
ROST,20090826,11.71,11.8225,11.55,11.5675,1611700
RPRX,20090826,0.99,1,0.92,0.94,591000
RRGB,20090826,20.52,20.92,20.04,20.4,355300
RSYS,20090826,7.54,7.83,7.48,7.75,61500
RTIX,20090826,4.89,4.98,4.77,4.89,244500
RUSHA,20090826,14.6,14.71,14.27,14.6,102200
RUSHB,20090826,12.29,12.45,12.29,12.45,500
RUTH,20090826,3.88,4.15,3.81,4.07,383300
RVSB,20090826,3.65,3.85,3.57,3.73,57100
RXII,20090826,29.7,31.4,29.1,30.4,48300
RYAAY,20090826,27.09,27.33,26.8,26.88,289600
SAAS,20090826,3.33,3.35,3.22,3.31,44600
SAFM,20090826,41.43,43.21,41.43,42.75,414500
SAFT,20090826,33.48,33.61,33.1,33.3,37700
SAIA,20090826,12.22,12.4933,11.9467,12.1533,99700
SALM,20090826,2.86,3.04,2.5,2.62,78500
SASR,20090826,17.06,17.32,16.64,17.08,32200
SATS,20090826,19.79,19.86,19.5,19.58,219600
SBAC,20090826,24.45,24.69,24.12,24.67,1203800
SBBX,20090826,4.46,4.75,4.46,4.75,1200
SBCF,20090826,13.9,14.75,13.75,14.1,263600
SBGI,20090826,3.11,3.11,2.93,3.08,579000
SBLK,20090826,255,256.5,249.75,255.75,330700
SBNY,20090826,29.8,30.76,29.42,30.27,237800
SBSA,20090826,0.29,0.39,0.29,0.39,658100
SBSI,20090826,21.8952,22.1619,21.7429,22.1619,30600
SBUX,20090826,9.725,9.84,9.605,9.675,8390800
SCHL,20090826,25.34,25.68,25.12,25.41,136100
SCHN,20090826,55.13,55.21,53.48,53.76,393000
SCKT,20090826,2.74,2.74,2.74,2.74,0
SCLN,20090826,4.37,4.77,4.33,4.7,2151900
SCMP,20090826,6.41,6.43,6.1,6.26,22200
SCON,20090826,552.6,552.6,514.8,523.8,66300
SCOR,20090826,14.5,14.7,14.18,14.65,83400
SCSC,20090826,30.05,30.05,29.47,29.52,244700
SCSS,20090826,2.56,2.83,2.55,2.77,484600
SCVL,20090826,8.5267,9.6333,8.5267,9.4733,50600
SEAC,20090826,9.16,9.27,9.08,9.23,94900
SEED,20090826,4.96,4.99,4.82,4.84,71900
SEIC,20090826,18.5,18.96,18.5,18.83,1066800
SENEA,20090826,27.09,27.09,26.51,26.92,32600
SENEB,20090826,26.5,26.5,26.5,26.5,0
SFLY,20090826,15.01,15.5,14.78,15.02,106200
SFNC,20090826,29.67,30.19,29.29,29.93,17600
SFST,20090826,7.59,8.1,7.59,8.1,2300
SGC,20090826,7.45,7.45,7.45,7.45,0
SGEN,20090826,12.11,12.5,12.1,12.19,656700
SGMA,20090826,3.55,3.55,3.55,3.55,1300
SGMO,20090826,7.25,7.39,7.02,7.16,488300
SGMS,20090826,15.75,15.85,15.37,15.72,759200
SGRP,20090826,0.7,0.7,0.6,0.6,7100
SHBI,20090826,18.78,18.88,18.46,18.88,7900
SHEN,20090826,8.95,9.16,8.855,9.025,48500
SHIP,20090826,23.9,23.95,22.9,23.75,900
SHIPW,20090826,0.25,0.25,0.15,0.23,32700
SHLD,20090826,64.91,65.89,64.52,65.27,1408800
SHLM,20090826,20.97,21.74,20.84,21.52,221800
SHLO,20090826,4.53,4.53,4.53,4.53,100
SHOO,20090826,9.6207,9.8074,9.4815,9.6948,213700
SHOR,20090826,6.77,6.88,6.53,6.87,55100
SIEB,20090826,2.25,2.25,2.24,2.24,1200
SIFI,20090826,4.87,4.87,4.2,4.2,600
SIFY,20090826,2.28,2.28,2.15,2.21,139900
SIGI,20090826,17.35,17.5,17.13,17.36,292000
SIGM,20090826,16.5,17.45,16.5,17.12,5042300
SILC,20090826,8.01,8.07,7.84,7.94,21400
SIMO,20090826,3.37,3.4,3.2,3.34,471100
SINA,20090826,31.44,31.76,31,31.62,785200
SINO,20090826,3.11,3.14,3.07,3.07,1300
SIRI,20090826,0.7,0.7,0.63,0.66,108380700
SIVB,20090826,39.63,40.91,39.15,40.22,396600
SIVBO,20090826,18.16,19.08,18.06,18.06,3100
SKYW,20090826,15.54,15.84,15.42,15.65,369200
SLAB,20090826,42.44,43.01,42.35,42.59,1088200
SLGN,20090826,25.3,25.47,24.99,25.335,236100
SLMAP,20090826,34.5,34.5,33.75,33.75,900
SLP,20090826,1.75,2,1.7,1.71,21200
SMBC,20090826,5.485,5.485,5.485,5.485,100
SMCI,20090826,7.85,7.99,7.84,7.99,71300
SMED,20090826,10,10.06,9.66,9.7,123700
SMIT,20090826,5.25,5.25,5.25,5.25,0
SMMF,20090826,5.5,5.65,5.5,5.65,1100
SMRT,20090826,12.22,12.5,12.22,12.38,364500
SMSI,20090826,46,48.32,45.16,48.16,523000
SMTC,20090826,18.3,18.37,18.06,18.14,420300
SMTX,20090826,0.85,0.85,0.85,0.85,300
SNAK,20090826,2.88,2.88,2.8,2.83,29500
SNBC,20090826,29.65,29.9,29.4,29.9,18400
SNCR,20090826,10.82,11.12,10.7,11,227400
SNFCA,20090826,2.91,2.92,2.91,2.92,900
SNHY,20090826,12.76,13.1,12.6667,13,89300
SNMX,20090826,3.84,3.87,3.77,3.83,30600
SNPS,20090826,21.48,21.56,21.35,21.49,1431400
SNSS,20090826,3.24,3.24,2.94,3,109700
SOFO,20090826,0.66,0.68,0.62,0.64,66100
SOHU,20090826,65.33,65.53,63,63.71,571700
SONA,20090826,7.94,7.94,7.94,7.94,100
SONC,20090826,11.48,11.75,11.45,11.64,533300
SONS,20090826,9.4,9.55,9.2,9.4,1029500
SORL,20090826,4.7,4.7,4.52,4.52,10700
SPAN,20090826,11.24,11.24,11.24,11.24,1400
SPAR,20090826,6.09,6.14,5.8,5.85,490800
SPEX,20090826,615.6,623.2,592.8,623.2,14500
SPIL,20090826,6.33,6.35,6.15,6.19,4212500
SPLS,20090826,21.74,22.11,21.49,21.97,13409500
SPNC,20090826,5.52,6.13,5.52,6,537600
SPNS,20090826,1,1.08,1,1.08,9300
SPPI,20090826,7.78,7.8,7.43,7.61,2544000
SPRT,20090826,2.29,2.34,2.2,2.31,144800
SPTN,20090826,13.65,13.89,13.52,13.64,213200
SRCE,20090826,16.72,17.07,16.53,16.87,19800
SRCL,20090826,50.58,50.72,49.65,49.97,749500
SRDX,20090826,22.26,22.54,22.14,22.5,99700
SSBI,20090826,6.88,7.25,6.87,6.9,2500
SSFN,20090826,9,9,9,9,300
SSRI,20090826,18.01,18.07,17.47,17.67,684700
SSYS,20090826,14.99,15.1,14.64,15.01,45400
STAA,20090826,3.18,3.18,3.02,3.15,103700
STBA,20090826,14.57,14.92,14.39,14.51,165300
STEM,20090826,19.56,21,19.56,20.4,3486100
STFC,20090826,17.68,17.93,17.41,17.73,26800
STKL,20090826,3.72,3.8,3.49,3.8,424000
STLD,20090826,16.51,16.76,16.04,16.23,7202500
STLY,20090826,13.12,13.48,12.9,13.2,32200
STMP,20090826,8.78,8.95,8.64,8.81,69400
STRA,20090826,213.91,218.29,209.42,216.66,118500
STRL,20090826,16.27,17,16.24,16.92,88100
STRM,20090826,2.83,2.88,2.73,2.79,19300
STRS,20090826,6.35,6.75,6.15,6.37,26000
STRT,20090826,14.95,14.95,14.5,14.7,12900
STX,20090826,12.37,12.37,11.95,12.13,9743800
SUMR,20090826,4.11,4.38,3.91,4.38,244500
SVBI,20090826,3.6,3.65,3.6,3.65,2300
SWHC,20090826,5.43,5.45,5.15,5.26,1490900
SWIR,20090826,8.28,8.49,8.2,8.48,107000
SWKS,20090826,12.19,12.36,11.81,11.95,6488000
SYBT,20090826,15.4867,16.0467,15.2867,15.8533,61700
SYKE,20090826,21.13,21.39,21.08,21.23,77000
SYMC,20090826,15.49,15.51,15.25,15.43,7825300
SYMX,20090826,1.16,1.18,1.1,1.16,179800
SYNA,20090826,25.25,25.8,24.9,25.13,1341900
SYNL,20090826,9.95,10.14,9.95,10.14,7800
SYNT,20090826,20.29,20.475,20.11,20.37,117000
SYPR,20090826,2.06,2.06,1.85,1.93,12200
SYUT,20090826,16.23,16.6,15.93,16.25,26900
TACT,20090826,5.21,5.31,5.21,5.3,9400
TAIT,20090826,0.87,0.89,0.86,0.89,6700
TASR,20090826,4.85,4.9,4.8,4.85,280900
TAST,20090826,7.95,8.07,7.87,8.02,108300
TAYD,20090826,3.28,3.54,3.27,3.37,2400
TBBK,20090826,6.44,6.46,6.31,6.42,36200
TBNK,20090826,15.99,16.02,15.9,15.99,33300
TCBI,20090826,16.69,16.99,16.61,16.85,126500
TCBK,20090826,17.35,17.47,16.93,17.27,19700
TCX,20090826,2.24,2.28,2.2,2.2,23300
TEAM,20090826,7.07,7.14,6.99,6.99,1500
TEAR,20090826,1.77,1.77,1.55,1.6,3400
TECD,20090826,38.28,39.04,38.18,38.77,1041000
TECH,20090826,62.37,62.98,62.09,62.53,63600
TESO,20090826,7.81,8.01,7.71,7.87,211400
TESS,20090826,10.7267,10.76,10.6867,10.6867,700
TFSL,20090826,11.33,11.53,11.21,11.4,349200
TGA,20090826,3.2,3.2,3.06,3.13,83300
TGEN,20090826,0.28,0.3,0.28,0.3,114400
THFF,20090826,31.79,32.18,31.56,31.77,20900
THLD,20090826,1.48,1.48,1.39,1.39,28000
TICC,20090826,5.23,5.23,4.9,5.18,183000
TINY,20090826,6.33,6.39,6.16,6.35,55700
TISA,20090826,0.81,0.82,0.75,0.75,6700
TITN,20090826,13.35,13.45,12.88,13.04,102700
TIVO,20090826,10.51,10.58,10.29,10.5,1928100
TLT,20090826,96.18,96.55,95.91,96.45,3225700
TNDM,20090826,25.89,26.08,25.6,26.06,282300
TOPS,20090826,118.3,122.5,113.4,113.4,89300
TORM,20090826,0.54,0.54,0.54,0.54,0
TOWN,20090826,13.08,13.31,12.91,13.15,50200
TREE,20090826,8.65,8.84,8.42,8.54,26100
TRIB,20090826,4.09,4.09,3.8,3.85,23900
TRMB,20090826,12.245,12.405,12.17,12.38,416000
TRMK,20090826,19.47,20.02,19.36,19.78,259700
TRNS,20090826,6.45,6.45,6.45,6.45,0
TROW,20090826,45.64,46.36,45.5,45.99,1493900
TRS,20090826,5.13,5.25,4.94,5.21,55500
TRST,20090826,6.45,6.45,6.24,6.37,314200
TRUE,20090826,4.45,4.45,4.45,4.45,0
TSBK,20090826,4.85,4.91,4.85,4.85,1400
TSCO,20090826,11.7975,12.035,11.7,11.8475,343300
TSEM,20090826,18.6,18.6,17.7,18,300100
TSRA,20090826,25.24,25.7,25.2,25.51,493900
TSRI,20090826,2.25,2.25,2.09,2.09,3400
TTEC,20090826,17.35,17.58,17.26,17.45,197700
TTEK,20090826,31.32,31.37,30.93,31,311700
TTGT,20090826,5.73,5.93,5.68,5.77,28500
TTMI,20090826,10.18,10.29,9.95,10.22,265900
TTWO,20090826,10.38,10.62,10.25,10.6,1262800
TUES,20090826,4.61,4.76,4.42,4.66,188500
TWER,20090826,30.8,31.4,30.4,31,36700
TWIN,20090826,12.63,12.63,12.4,12.54,51500
TWMC,20090826,1.08,1.09,1.01,1.08,8400
TXN,20090826,24.44,24.6,24.26,24.46,9871900
TXRH,20090826,10.51,10.6,10.29,10.3,610800
TYPE,20090826,7.76,8.34,7.74,8.24,112100
TZOO,20090826,13.07,13.5,12.29,12.93,27700
UBCP,20090826,7.91,8.2,7.91,8.2,1400
UBFO,20090826,5.2,5.46,5.08,5.38,23800
UBNK,20090826,12.31,12.47,12.21,12.29,58100
UBOH,20090826,10.5,11.25,10.5,11.25,1200
UBSH,20090826,16.59,16.75,15.97,16.75,24900
UBSI,20090826,20.2,20.88,20.17,20.5,132600
UCBA,20090826,6.75,6.79,6.75,6.79,500
UCBI,20090826,7,7.12,6.95,7.09,126300
UCFC,20090826,1.46,1.55,1.36,1.45,21000
UCTT,20090826,2.9,3.1,2.87,3.09,100100
UEIC,20090826,19.85,19.89,19.41,19.71,45700
UEPS,20090826,17.94,18.19,17.71,17.85,301100
UFCS,20090826,20.68,21.66,20.67,20.94,76300
UFPI,20090826,45.18,46.59,43.73,45.56,220200
UFPT,20090826,5,5.14,4.9,5.14,16600
UG,20090826,9.06,9.4,9.06,9.35,2300
UHAL,20090826,48.3,48.75,47.55,48.71,15100
ULBI,20090826,6.25,6.35,6.12,6.33,61200
ULTA,20090826,11.88,11.99,11.59,11.67,167100
ULTI,20090826,27.13,27.29,26.75,27.22,60700
UMBF,20090826,40.37,41.12,40,40.74,140100
UMPQ,20090826,10.14,10.48,10.01,10.17,522500
UNAM,20090826,9.25,9.25,9.25,9.25,0
UNB,20090826,16.75,16.75,16.63,16.63,300
UNFI,20090826,26.79,27.07,26.49,26.83,137900
UNTY,20090826,4.19,4.25,4.19,4.25,700
URBN,20090826,28.91,29.22,28.51,28.88,2650600
URRE,20090826,121.2,127.2,120,127.2,367600
USAK,20090826,14.56,14.56,14,14.41,17600
USAP,20090826,17.64,17.97,17.36,17.93,13100
USAT,20090826,1.55,1.69,1.55,1.65,29700
USATP,20090826,9,9,9,9,0
USEG,20090826,13.44,16.92,13.2,16.92,1031300
USLM,20090826,38.06,39,37.62,38.33,2100
UTEK,20090826,10.69,10.9,10.57,10.69,147500
UTHR,20090826,45.745,46.465,45.45,45.54,240800
UTMD,20090826,28.8,29.62,28.39,28.79,32500
UTSI,20090826,5.25,5.64,5.1,5.4,509000
UVSP,20090826,19.46,19.55,19,19.28,60800
VALU,20090826,28.94,29.27,28.64,29.27,1200
VASC,20090826,8.05,8.2,7.88,7.93,44000
VBFC,20090826,76,79.84,68,79.84,4000
VDSI,20090826,8.63,8.9,8.5,8.81,106900
VECO,20090826,22.24,22.65,21.75,22.05,488900
VIA,20090826,26.4,26.56,25.97,26.45,44700
VIAB,20090826,25.06,25.28,24.67,25.23,2431200
VICL,20090826,39.9,42.4,39.8,41.9,1469000
VICR,20090826,7.36,7.43,7.21,7.36,57900
VIRC,20090826,3.12,3.12,3.02,3.02,1700
VISN,20090826,112.6,114,112.6,113.8,105200
VIVO,20090826,24.77,25.24,23.89,24,483500
VLGEA,20090826,30,30.49,29.4,29.87,64200
VNDA,20090826,14.08,15.65,14.08,15.25,818300
VOD,20090826,21.63,21.82,21.55,21.79,3430400
VOXX,20090826,7.71,7.96,7.62,7.8,16800
VRSN,20090826,21,21.05,20.41,21,4673900
VRTB,20090826,11,11,10.08,10.08,23400
VRTS,20090826,16.1,16.35,16.1,16.33,11400
VRTU,20090826,10.12,10.26,10,10.24,48300
VRTX,20090826,36.32,37.05,36.32,36.76,1057300
VSAT,20090826,24.27,24.59,23.93,24.28,498300
VSEC,20090826,17.405,17.7,17.1,17.5,19600
VVUS,20090826,6.75,6.78,6.47,6.57,859800
WABC,20090826,52.14,53.16,51.83,52.88,255500
WAFD,20090826,14.89,15.19,14.86,15.05,508200
WASH,20090826,18.67,18.7,18.35,18.62,14400
WAYN,20090826,5.5,5.5,5.5,5.5,500
WBMD,20090826,33.4,33.5,32.82,32.89,15300
WDC,20090826,33.18,34.14,33,34.09,4326800
WDFC,20090826,28.91,29.19,28.49,28.54,61900
WERN,20090826,18.15,18.16,17.81,17.92,1525200
WEYS,20090826,23.33,23.33,22.72,23.04,4300
WFM,20090826,14.57,14.94,14.415,14.76,3212300
WILC,20090826,3.55,3.56,3.55,3.56,5300
WINA,20090826,20.79,21.11,20.45,20.46,8700
WIRE,20090826,22.77,23.01,22.55,22.84,52100
WLDN,20090826,3.96,3.96,3.26,3.5,277800
WLFC,20090826,11.76,12.34,11.76,12.17,36800
WMAR,20090826,8.7,8.84,8.49,8.6,99200
WMGI,20090826,16.3,16.52,15.99,16.11,278400
WOOD,20090826,34.76,35.05,34.65,34.71,2300
WOOF,20090826,25.11,25.2,24.83,25,321300
WPCS,20090826,526.68,535.92,509.74,529.76,11700
WPPGY,20090826,40.88,41.81,40.83,41.81,176100
WPRT,20090826,7.59,8.87,7.51,8.79,526700
WRLD,20090826,25.99,26.57,25.77,26.47,132800
WSBC,20090826,16.09,16.47,16.06,16.33,49800
WSBF,20090826,5.17,5.3,5.1,5.29,10200
WSCI,20090826,2.43,2.43,2.34,2.34,1000
WSFS,20090826,10.4733,10.7167,9.9467,10.1667,32800
WSTG,20090826,7.8,8,7.8,7.9,1100
WSTL,20090826,1.17,1.2,1.12,1.14,212000
WTBA,20090826,6.09,6.09,5.82,6.09,10900
WTFC,20090826,27.83,28.86,27.51,28.09,293100
WVFC,20090826,15.22,15.22,15.22,15.22,200
WVVI,20090826,3.95,4,3.91,4,600
WYNN,20090826,57.53,58.39,56.6,57.2,3465600
XLNX,20090826,22.22,22.41,22,22.17,5136300
XOMA,20090826,16.6,17.8,16.6,17.8,2119600
XRAY,20090826,34.66,35.08,34.25,34.46,846200
XXIA,20090826,6.25,6.28,6.16,6.28,53100
YHOO,20090826,15.09,15.14,14.86,14.93,15845200
YORW,20090826,17.11,17.74,16.89,17.08,33300
YRCW,20090826,2.09,2.09,1.96,2.01,2107000
ZBRA,20090826,25.23,25.34,25,25.25,79000
ZEUS,20090826,26.67,27.34,26.24,27.2,207500
ZION,20090826,17.66,17.94,17.12,17.42,4610700
ZIOP,20090826,1.53,1.63,1.53,1.54,31700
ZIXI,20090826,1.89,1.89,1.82,1.86,177700
ZUMZ,20090826,13.89,14,13.21,13.45,189200
